0.9793288, 0.8238893, 2.983058;1.032909, 0.6534181, 2.940022;0.972869, 0.2619037, 2.906079;0.9227316, 0.5122845, 3.087163;1.084239, 0.5104759, 2.813313;0.8282804, -0.04979259, 2.958755;1.033068, -0.01149607, 2.661978;0.960861, 0.1836008, 2.902879;0.9146362, 0.1195451, 2.950385;0.9873145, 0.1187312, 2.841151;0.9536204, -0.3622066, 3.017401;1.068447, -0.3252592, 2.720937;0.9434291, -0.7250385, 3.044519;1.103847, -0.6946215, 2.640004;0.9004669, -0.7886432, 3.034104;1.053087, -0.7695634, 2.587189;
0.9793801, 0.8234197, 2.984046;1.032835, 0.6532505, 2.940677;0.9729395, 0.2616402, 2.90629;0.9227184, 0.512437, 3.087462;1.084351, 0.510608, 2.813726;0.8252348, -0.07491046, 2.957247;1.031497, -0.01407913, 2.661643;0.9609845, 0.1832468, 2.90295;0.9147316, 0.1189511, 2.950482;0.9876136, 0.1178263, 2.840467;0.9530904, -0.3591494, 3.017104;1.068525, -0.3252971, 2.721289;0.9461694, -0.718771, 3.045707;1.104095, -0.6944277, 2.640724;0.8938528, -0.7857494, 3.035518;1.051591, -0.7719781, 2.585868;
0.9792775, 0.8223343, 2.983564;1.033468, 0.6531757, 2.941357;0.9731216, 0.2610703, 2.906242;0.9225783, 0.5124895, 3.087968;1.084431, 0.5108116, 2.813945;0.8313335, -0.04672736, 2.968095;1.031503, -0.01431714, 2.661715;0.9611118, 0.1824649, 2.902733;0.91476, 0.118242, 2.949844;0.9877099, 0.1175529, 2.840535;0.9529972, -0.3587201, 3.016965;1.068811, -0.3258474, 2.721473;0.9461233, -0.7170908, 3.046367;1.104163, -0.6944746, 2.640919;0.8978568, -0.7831242, 3.035161;1.051788, -0.7727258, 2.586673;
0.9796245, 0.8226961, 2.984725;1.033654, 0.653633, 2.942425;0.9733371, 0.2609144, 2.906245;0.9230688, 0.5129455, 3.087501;1.084878, 0.5112265, 2.814015;0.8266141, -0.08175375, 2.967135;1.031975, -0.01437448, 2.661997;0.9614292, 0.1821689, 2.902563;0.9151364, 0.1177469, 2.949708;0.9882166, 0.1169018, 2.839782;0.9529678, -0.3580606, 3.016926;1.06934, -0.3256336, 2.722038;0.9462308, -0.7168822, 3.046832;1.104001, -0.6942992, 2.64076;0.8995178, -0.7826767, 3.03594;1.051646, -0.7725766, 2.586681;
0.9798867, 0.8224852, 2.984642;1.033758, 0.6535979, 2.942619;0.9734202, 0.2608382, 2.906191;0.9233261, 0.5133297, 3.087567;1.084921, 0.5113687, 2.814156;0.8300516, -0.06856684, 2.972212;1.016892, -0.05911141, 2.651684;0.9615121, 0.1820873, 2.902472;0.9152652, 0.1177273, 2.949566;0.9882511, 0.1168658, 2.839726;0.9529673, -0.3570758, 3.016214;1.069614, -0.3252969, 2.722304;0.9469907, -0.7162589, 3.047513;1.104073, -0.6945335, 2.640716;0.9003546, -0.7820311, 3.036274;1.051656, -0.7729544, 2.58716;
0.9800401, 0.8219941, 2.984431;1.033929, 0.6527603, 2.943708;0.9739528, 0.2601099, 2.906;0.9234163, 0.5145252, 3.089243;1.084906, 0.5113853, 2.814163;0.8351673, -0.04043697, 2.973222;1.016676, -0.05988993, 2.65224;0.9621583, 0.1813101, 2.902027;0.9160933, 0.1173308, 2.948722;0.9888813, 0.1161756, 2.839396;0.9528636, -0.3567873, 3.015977;1.06983, -0.3257333, 2.722225;0.946976, -0.7161282, 3.047427;1.104063, -0.694515, 2.64072;0.9017699, -0.7819821, 3.036863;1.051903, -0.773439, 2.587806;
0.9804596, 0.8220372, 2.985091;1.034083, 0.6526263, 2.943937;0.9739839, 0.2600825, 2.905992;0.9237897, 0.5146812, 3.089494;1.085118, 0.5115585, 2.81425;0.8355381, -0.04116628, 2.973653;1.016758, -0.06021731, 2.652023;0.9621691, 0.1813023, 2.901992;0.9161009, 0.1173323, 2.948678;0.9888805, 0.1161783, 2.839363;0.9529097, -0.3563397, 3.015849;1.069826, -0.3257154, 2.72219;0.9470859, -0.7153891, 3.047629;1.104164, -0.6937966, 2.640885;0.9021841, -0.7814711, 3.037214;1.051883, -0.7733358, 2.587774;
0.9799358, 0.8190489, 2.979247;1.034684, 0.6525986, 2.944043;0.9740604, 0.2600383, 2.906021;0.9238647, 0.5144694, 3.08997;1.085118, 0.5115828, 2.81424;0.8269134, -0.08756779, 2.964923;1.016863, -0.06089638, 2.651841;0.962193, 0.1812749, 2.902006;0.91611, 0.1172905, 2.948708;0.9888732, 0.1161787, 2.839379;0.9530364, -0.3563316, 3.015842;1.069883, -0.3257748, 2.722087;0.947525, -0.7149977, 3.047768;1.103809, -0.6931687, 2.641355;0.9024545, -0.7810689, 3.037149;1.051843, -0.7728234, 2.58801;
0.9801071, 0.818981, 2.979247;1.034893, 0.6525717, 2.943869;0.9741762, 0.2599572, 2.905873;0.9234452, 0.515248, 3.089672;1.085472, 0.5119617, 2.814212;0.835578, -0.04000101, 2.972158;1.017769, -0.06362849, 2.654861;0.9622715, 0.1812051, 2.901873;0.9160793, 0.1172196, 2.948601;0.989047, 0.1159851, 2.839199;0.9528499, -0.355771, 3.01572;1.070005, -0.3247504, 2.722332;0.9478167, -0.7079905, 3.048867;1.104004, -0.6924244, 2.641622;0.9020889, -0.7803944, 3.03598;1.051855, -0.7724715, 2.5891;
0.980335, 0.8190396, 2.979345;1.034909, 0.6525577, 2.943781;0.9740297, 0.2599468, 2.906116;0.923663, 0.515426, 3.08986;1.086323, 0.5122941, 2.81427;0.8251079, -0.09570783, 2.96205;1.017429, -0.06443381, 2.654801;0.9620066, 0.1812213, 2.902312;0.9152706, 0.1159801, 2.949595;0.9886618, 0.1168654, 2.840073;0.953135, -0.3553765, 3.01583;1.070018, -0.3245943, 2.722342;0.9478136, -0.7084016, 3.048671;1.104161, -0.6923737, 2.641784;0.9036632, -0.7792844, 3.036325;1.051922, -0.7723377, 2.589188;
0.9805364, 0.8193771, 2.980122;1.035256, 0.6528109, 2.943735;0.9740539, 0.2599672, 2.906238;0.9236833, 0.5153556, 3.08978;1.08633, 0.5124082, 2.814464;0.8257905, -0.0971579, 2.965818;1.017943, -0.06401382, 2.654727;0.9619816, 0.1812275, 2.902486;0.9151304, 0.1151717, 2.950111;0.9885548, 0.1174085, 2.840368;0.9531159, -0.3554061, 3.015796;1.07003, -0.3246755, 2.722321;0.9478188, -0.7084033, 3.04864;1.104715, -0.6931136, 2.642837;0.9036646, -0.7792803, 3.036311;1.051993, -0.7723562, 2.589237;
0.9807049, 0.8192444, 2.979994;1.035281, 0.6527227, 2.943733;0.9740478, 0.259954, 2.906277;0.9237789, 0.5151669, 3.089855;1.086422, 0.5125345, 2.814332;0.8260726, -0.09706451, 2.96884;1.018126, -0.06355256, 2.654168;0.9619674, 0.1812236, 2.90253;0.9150642, 0.1144408, 2.950221;0.9884436, 0.117794, 2.840425;0.9530737, -0.3553068, 3.01588;1.069953, -0.3247111, 2.722378;0.9478626, -0.708456, 3.048561;1.105169, -0.6931876, 2.643256;0.8982776, -0.7815458, 3.033405;1.05229, -0.7726401, 2.589863;
0.9812143, 0.8196965, 2.981105;1.036166, 0.6532518, 2.944098;0.9741045, 0.2599725, 2.906378;0.9239779, 0.5152304, 3.089696;1.086687, 0.5126976, 2.814308;0.8280003, -0.09805861, 2.967808;1.017938, -0.06330698, 2.65376;0.9619735, 0.1812229, 2.902601;0.9150583, 0.1142417, 2.950211;0.9883958, 0.1182559, 2.840703;0.9531122, -0.3552495, 3.016048;1.069927, -0.3246961, 2.72245;0.9478801, -0.7084835, 3.048553;1.105128, -0.6933764, 2.643152;0.8988013, -0.7814287, 3.033663;1.052191, -0.7726469, 2.58989;
0.9814733, 0.8197641, 2.982087;1.036607, 0.6533442, 2.944286;0.973988, 0.2599125, 2.906854;0.923893, 0.5149382, 3.089373;1.086714, 0.5127544, 2.81432;0.827329, -0.09751865, 2.967865;1.01794, -0.06387394, 2.652871;0.9616711, 0.1811282, 2.903209;0.9143651, 0.1134131, 2.951173;0.9880499, 0.1185801, 2.841221;0.9529591, -0.3551427, 3.015864;1.069943, -0.3246842, 2.722447;0.9480032, -0.7084794, 3.048504;1.104929, -0.6925626, 2.64249;0.899662, -0.7806774, 3.033335;1.052086, -0.7725794, 2.589686;
0.9812682, 0.8195186, 2.981634;1.037182, 0.6538464, 2.944915;0.9742568, 0.260434, 2.907152;0.9239845, 0.5144834, 3.089053;1.086713, 0.5129414, 2.814378;0.8295848, -0.09481479, 2.972624;1.017976, -0.0634443, 2.652873;0.9618689, 0.1816636, 2.903429;0.9145278, 0.1131842, 2.951507;0.9881074, 0.119423, 2.84089;0.9531037, -0.3554067, 3.015985;1.070023, -0.3233994, 2.722542;0.9480366, -0.7084964, 3.048515;1.105128, -0.6920192, 2.642291;0.8996072, -0.7805916, 3.033942;1.052301, -0.7720913, 2.590123;
0.9814484, 0.8195013, 2.981211;1.037186, 0.6538603, 2.944889;0.9740344, 0.2604917, 2.907765;0.9241228, 0.515744, 3.089899;1.086679, 0.5129705, 2.814409;0.8359904, -0.06377903, 2.980744;1.017616, -0.06228871, 2.653841;0.9615172, 0.1817375, 2.904297;0.9140841, 0.1127205, 2.952805;0.9876538, 0.119749, 2.841682;0.9531721, -0.3553036, 3.016058;1.070005, -0.3222822, 2.722808;0.9494916, -0.7095597, 3.049309;1.104187, -0.6898474, 2.642369;0.8979583, -0.7811118, 3.03468;1.051908, -0.7717589, 2.59055;
0.9829376, 0.8191382, 2.983163;1.037805, 0.6540698, 2.945796;0.9741877, 0.2602815, 2.907992;0.9242654, 0.5155209, 3.089464;1.086629, 0.5129095, 2.814437;0.8285046, -0.09943892, 2.972537;1.017647, -0.06211606, 2.6529;0.9616219, 0.1814779, 2.90444;0.9143377, 0.1122696, 2.952688;0.9876702, 0.119747, 2.841807;0.9531586, -0.3552946, 3.016124;1.070065, -0.3223819, 2.722883;0.9496215, -0.7086306, 3.049518;1.104457, -0.6903375, 2.642827;0.899449, -0.7799284, 3.034631;1.051867, -0.7719703, 2.590681;
0.9833781, 0.8196297, 2.984504;1.037756, 0.6541573, 2.946329;0.974183, 0.2602604, 2.908044;0.9244142, 0.5156115, 3.089588;1.086683, 0.5130171, 2.814453;0.8280222, -0.1031662, 2.971432;1.017201, -0.06230813, 2.652987;0.9616125, 0.18144, 2.90446;0.9144087, 0.1121094, 2.952329;0.9876402, 0.1198643, 2.841877;0.9532944, -0.3549541, 3.016068;1.070235, -0.321826, 2.72278;0.9497218, -0.7084518, 3.049712;1.104605, -0.6895869, 2.642385;0.904667, -0.7763815, 3.03876;1.052177, -0.7713302, 2.59048;
0.9834077, 0.8191859, 2.984648;1.038214, 0.6533997, 2.945523;0.9741329, 0.2600729, 2.908124;0.9244449, 0.5154566, 3.089436;1.086797, 0.5128897, 2.814227;0.8284334, -0.1082751, 2.97073;1.016883, -0.06218132, 2.652474;0.9614918, 0.1812625, 2.90461;0.914072, 0.1115305, 2.952722;0.9875226, 0.1198212, 2.841989;0.9532948, -0.3548799, 3.01612;1.070127, -0.3216322, 2.722869;0.9496932, -0.7087973, 3.049425;1.104809, -0.6893609, 2.642874;0.9042972, -0.7763529, 3.037936;1.052232, -0.7711281, 2.590552;
0.9845002, 0.8210119, 2.986621;1.038295, 0.6533523, 2.945454;0.9740317, 0.2598597, 2.908452;0.9251276, 0.5171935, 3.090328;1.086667, 0.5127623, 2.81422;0.8438567, -0.03489811, 2.983376;1.015981, -0.06251219, 2.651823;0.9612928, 0.1809998, 2.905064;0.9140208, 0.1115248, 2.952863;0.9870918, 0.1199135, 2.843092;0.9532951, -0.3548847, 3.016117;1.070156, -0.3219195, 2.722748;0.9496383, -0.7088236, 3.049379;1.10429, -0.6911532, 2.641424;0.9046791, -0.77661, 3.03788;1.050065, -0.7729568, 2.591488;
0.9846083, 0.8208609, 2.98669;1.03828, 0.6533973, 2.945496;0.9739721, 0.2598615, 2.908636;0.9253492, 0.5165249, 3.090221;1.086823, 0.512646, 2.813779;0.8320418, -0.08897619, 2.969087;1.018324, -0.06303734, 2.651242;0.961219, 0.1809975, 2.905242;0.913943, 0.1114153, 2.953097;0.9870238, 0.1200045, 2.843196;0.953577, -0.3557948, 3.016411;1.070172, -0.3218771, 2.722762;0.9496659, -0.709287, 3.049429;1.104395, -0.6899322, 2.641686;0.90437, -0.7767485, 3.0376;1.05008, -0.772654, 2.591941;
0.9846866, 0.8216858, 2.990204;1.038345, 0.653319, 2.945396;0.9739377, 0.2601182, 2.908976;0.9255, 0.5158725, 3.090935;1.086838, 0.5126436, 2.813776;0.8315873, -0.0880232, 2.969867;1.018048, -0.06302909, 2.651874;0.9611249, 0.1814415, 2.905761;0.91378, 0.1114126, 2.954185;0.9868808, 0.1201881, 2.843306;0.9535112, -0.3555214, 3.01637;1.070131, -0.3218115, 2.722767;0.9494771, -0.7092746, 3.049458;1.104484, -0.6900257, 2.64181;0.9050046, -0.777228, 3.037761;1.050889, -0.7723995, 2.592663;
0.984991, 0.8205818, 2.98706;1.03836, 0.6531674, 2.945481;0.9740725, 0.2598461, 2.908932;0.925781, 0.5159138, 3.090445;1.086671, 0.5124609, 2.813964;0.8294061, -0.09379446, 2.969999;1.017428, -0.06308386, 2.651597;0.9612952, 0.1811263, 2.905635;0.914243, 0.1110052, 2.953747;0.9869294, 0.1201479, 2.843285;0.9535099, -0.3555373, 3.016388;1.070185, -0.3230567, 2.72271;0.9491186, -0.709967, 3.049347;1.104385, -0.6919111, 2.642247;0.9046056, -0.7777535, 3.037491;1.051426, -0.7730775, 2.593364;
0.9848096, 0.8202113, 2.985526;1.038353, 0.6531941, 2.94535;0.9741102, 0.2598552, 2.908914;0.9259118, 0.5156972, 3.090878;1.086811, 0.5125961, 2.813953;0.8311615, -0.0951179, 2.97314;1.035577, -0.01255837, 2.664176;0.9613436, 0.1811369, 2.905612;0.9143572, 0.1109256, 2.953642;0.9870042, 0.1202801, 2.843262;0.9534962, -0.355531, 3.016301;1.070103, -0.3227443, 2.722869;0.9491643, -0.7096832, 3.049252;1.104459, -0.691905, 2.642275;0.9053985, -0.7781524, 3.039605;1.051397, -0.7734653, 2.596063;
0.9848053, 0.8201918, 2.985484;1.03923, 0.6547655, 2.946425;0.9742107, 0.2599216, 2.909012;0.9268793, 0.5164946, 3.093927;1.086792, 0.5126399, 2.814109;0.8417778, -0.03450284, 2.983092;1.035207, -0.01252415, 2.664099;0.9613796, 0.1811371, 2.905644;0.9146349, 0.1110471, 2.953315;0.9870268, 0.1207654, 2.843611;0.9533733, -0.3552068, 3.016249;1.070017, -0.3225275, 2.722914;0.9523875, -0.7075419, 3.05099;1.104533, -0.6915761, 2.642899;0.9078045, -0.7753285, 3.041184;1.051578, -0.7733724, 2.596416;
0.9848256, 0.8197705, 2.984264;1.039444, 0.6544399, 2.946202;0.9742331, 0.2597864, 2.90916;0.9269093, 0.5163246, 3.093989;1.086808, 0.5125111, 2.814053;0.8397725, -0.04267433, 2.98238;1.018102, -0.06120361, 2.653411;0.9613662, 0.1809952, 2.905834;0.9145678, 0.1108366, 2.953674;0.9869791, 0.1206354, 2.843732;0.9534109, -0.3551207, 3.016019;1.070055, -0.3210952, 2.723296;0.9497648, -0.7096423, 3.049885;1.104824, -0.6888092, 2.642126;0.90607, -0.777894, 3.040261;1.051596, -0.772814, 2.596529;
0.9854505, 0.8199011, 2.982792;1.039449, 0.6544542, 2.946195;0.9742966, 0.2598457, 2.909155;0.9271567, 0.5160803, 3.093986;1.08727, 0.5125698, 2.814002;0.8382007, -0.04415086, 2.980102;1.017198, -0.06275866, 2.653316;0.9614394, 0.1810604, 2.905811;0.9146197, 0.1107979, 2.95368;0.9870679, 0.1207265, 2.843572;0.9532268, -0.3535793, 3.01472;1.070048, -0.3211139, 2.723324;0.9499511, -0.7096889, 3.049988;1.10497, -0.688625, 2.641956;0.9067363, -0.778105, 3.040486;1.051822, -0.7726288, 2.596492;
0.9854918, 0.820574, 2.9831;1.039583, 0.6545384, 2.946095;0.9741832, 0.2599452, 2.909491;0.9269155, 0.5159421, 3.092737;1.087163, 0.5125968, 2.81385;0.8299459, -0.1155271, 2.965459;1.016788, -0.06269901, 2.652674;0.9612109, 0.1811538, 2.906271;0.9142081, 0.1112116, 2.954283;0.9868006, 0.1210844, 2.844303;0.9531685, -0.3544629, 3.014912;1.070025, -0.3210851, 2.723239;0.9499874, -0.7098562, 3.050051;1.105018, -0.6886773, 2.64301;0.8863595, -0.7857235, 3.034474;1.05197, -0.772355, 2.596626;
0.985407, 0.8204936, 2.98308;1.039634, 0.6545298, 2.946066;0.9742466, 0.2599832, 2.909521;0.9265106, 0.5158374, 3.094083;1.086964, 0.5129381, 2.813846;0.8303653, -0.1137733, 2.965528;1.016438, -0.06296813, 2.652147;0.9612699, 0.1811953, 2.906295;0.9142711, 0.1111676, 2.954333;0.9868443, 0.1211351, 2.844267;0.9533171, -0.3548538, 3.015191;1.070028, -0.3211038, 2.723261;0.9499318, -0.7101477, 3.049854;1.105047, -0.6889563, 2.642239;0.8945022, -0.7831734, 3.034638;1.050304, -0.7731016, 2.595235;
0.9853737, 0.8202007, 2.983561;1.038933, 0.6532926, 2.945214;0.9742239, 0.2599594, 2.909565;0.926722, 0.5157213, 3.094297;1.08704, 0.5129021, 2.813821;0.8371549, -0.03984925, 2.978658;1.015296, -0.06468834, 2.651199;0.9612636, 0.1812115, 2.906383;0.9142876, 0.1110593, 2.954664;0.9868361, 0.121116, 2.844279;0.9533374, -0.3547688, 3.015185;1.069929, -0.3213289, 2.723069;0.9506893, -0.7093046, 3.050513;1.104417, -0.6892575, 2.640935;0.9036188, -0.7756267, 3.040608;1.049367, -0.7735144, 2.594493;
0.9847217, 0.8199016, 2.982829;1.038941, 0.65337, 2.945295;0.9743783, 0.2600187, 2.909564;0.926738, 0.5155901, 3.09461;1.08718, 0.5128661, 2.813846;0.8359915, -0.04105177, 2.979301;1.014926, -0.06521101, 2.650748;0.9614844, 0.1812796, 2.906333;0.9145249, 0.1109738, 2.954553;0.9871752, 0.1212462, 2.844122;0.9532734, -0.3547664, 3.015137;1.069922, -0.3213975, 2.723074;0.9494389, -0.7095289, 3.050654;1.104469, -0.6893786, 2.640962;0.9039336, -0.7768832, 3.040495;1.04989, -0.7734663, 2.5937;
0.9830233, 0.8205785, 2.984882;1.03889, 0.653334, 2.945218;0.9743831, 0.2599628, 2.909795;0.9260555, 0.514769, 3.09397;1.087235, 0.5128556, 2.813869;0.835707, -0.0417718, 2.978998;1.013167, -0.06566426, 2.649761;0.9615117, 0.1812228, 2.906665;0.9144136, 0.1108453, 2.95495;0.9873942, 0.1212654, 2.844568;0.9532225, -0.3550946, 3.015212;1.069579, -0.3212751, 2.722883;0.949569, -0.7116508, 3.050317;1.104483, -0.6891635, 2.640894;0.9036512, -0.7785935, 3.039525;1.050334, -0.7727812, 2.593459;
0.981084, 0.8204122, 2.985218;1.038196, 0.6530126, 2.945274;0.9743437, 0.2599785, 2.910028;0.9251737, 0.5138023, 3.094372;1.087187, 0.5127863, 2.813797;0.8362153, -0.05653533, 2.985002;1.029716, -0.01411548, 2.662009;0.9615507, 0.1812915, 2.906938;0.9143398, 0.1108514, 2.955475;0.9876008, 0.1212845, 2.844683;0.9532475, -0.3551469, 3.015063;1.069582, -0.3219895, 2.722624;0.9494914, -0.7113525, 3.04975;1.104703, -0.6906292, 2.64103;0.9037842, -0.778477, 3.039485;1.050597, -0.7729265, 2.593452;
0.9792853, 0.8204719, 2.982903;1.036336, 0.6530549, 2.943948;0.9744297, 0.2600001, 2.909981;0.9246226, 0.5135266, 3.094497;1.087209, 0.5129263, 2.813961;0.8413333, -0.02984386, 2.991784;1.010947, -0.06439415, 2.649939;0.961881, 0.1813416, 2.906902;0.9148486, 0.1107227, 2.955351;0.9884213, 0.1213648, 2.844769;0.9532359, -0.3549443, 3.015089;1.069629, -0.3222588, 2.722684;0.9491448, -0.7125179, 3.049515;1.10448, -0.6913201, 2.640731;0.9030032, -0.7792654, 3.039187;1.050707, -0.7729639, 2.593531;
0.9706957, 0.8184812, 2.97306;1.032738, 0.6518685, 2.944092;0.9744024, 0.2599383, 2.910098;0.9228092, 0.5155327, 3.099076;1.086087, 0.5123163, 2.813844;0.8316991, -0.1251703, 2.978503;1.027253, -0.0131666, 2.660316;0.9620265, 0.1813078, 2.907069;0.9152809, 0.1107638, 2.955483;0.9888168, 0.1212046, 2.845127;0.9532015, -0.3548711, 3.015023;1.069882, -0.3229614, 2.722619;0.9488453, -0.7125117, 3.049296;1.104256, -0.6914811, 2.640805;0.9034529, -0.7797, 3.038955;1.050563, -0.7736298, 2.593665;
0.9559951, 0.8162374, 2.962113;1.027793, 0.6501051, 2.943642;0.9743752, 0.2599558, 2.910472;0.9177884, 0.5149631, 3.102722;1.084329, 0.512688, 2.813834;0.8402747, -0.03046952, 2.994905;1.018823, -0.01433166, 2.659606;0.9624723, 0.1815139, 2.907762;0.9159912, 0.1108029, 2.956201;0.9900753, 0.1212595, 2.846267;0.9530067, -0.3546367, 3.014941;1.069929, -0.325372, 2.722647;0.9487416, -0.7125994, 3.049176;1.104735, -0.6958972, 2.64093;0.9035975, -0.7798751, 3.038915;1.051247, -0.7745157, 2.592113;
0.9497406, 0.8141908, 2.958763;1.019379, 0.6469746, 2.941682;0.9736052, 0.2599979, 2.912003;0.9147696, 0.5145515, 3.10226;1.081635, 0.5126613, 2.813047;0.8382205, -0.03316964, 2.996337;1.006078, -0.01592922, 2.658093;0.9625197, 0.1819811, 2.910041;0.9166092, 0.1108664, 2.960219;0.9908323, 0.1208865, 2.848243;0.9530731, -0.3545635, 3.01505;1.070002, -0.3252891, 2.722853;0.9488052, -0.7128946, 3.049335;1.104484, -0.6953217, 2.640251;0.90373, -0.780112, 3.038974;1.050919, -0.7745585, 2.591602;
0.9377904, 0.8109214, 2.957759;1.014266, 0.6447163, 2.940739;0.97255, 0.2603877, 2.914838;0.9087385, 0.5148385, 3.105487;1.078689, 0.5118079, 2.811971;0.8302962, -0.07511705, 2.987678;1.000113, -0.01731655, 2.657558;0.9624885, 0.1831041, 2.914099;0.916842, 0.111853, 2.965466;0.9920642, 0.1206861, 2.852665;0.9533856, -0.3528081, 3.015141;1.070261, -0.3248453, 2.7232;0.9492478, -0.7117999, 3.049251;1.103807, -0.6935679, 2.640437;0.9047604, -0.7793425, 3.039169;1.050407, -0.7734284, 2.590264;
0.9198095, 0.8065377, 2.947739;1.009082, 0.6428508, 2.940327;0.9723635, 0.2607443, 2.916831;0.9048902, 0.5157504, 3.106302;1.073441, 0.5113289, 2.810718;0.8301276, -0.07329006, 2.989789;0.9990451, -0.01752963, 2.657245;0.9634284, 0.1840163, 2.916904;0.919005, 0.1117789, 2.969677;0.9936255, 0.1208207, 2.855038;0.953425, -0.3528338, 3.015303;1.070442, -0.3246336, 2.723469;0.9484754, -0.7120112, 3.049032;1.103931, -0.6932229, 2.640893;0.904828, -0.7800575, 3.039314;1.050397, -0.7733999, 2.590221;
0.9034968, 0.7943208, 2.9412;1.000222, 0.6393985, 2.939153;0.9720142, 0.2607477, 2.919158;0.8969654, 0.5119939, 3.107492;1.069019, 0.508384, 2.808624;0.8325721, -0.03968643, 2.994783;0.9960765, -0.01747649, 2.656833;0.9644046, 0.184514, 2.920076;0.9210244, 0.1107223, 2.975009;0.9960961, 0.1199827, 2.85795;0.9535313, -0.3529588, 3.015661;1.070778, -0.3246483, 2.723707;0.948276, -0.7119015, 3.048913;1.103932, -0.6936393, 2.64095;0.9051151, -0.7800807, 3.038566;1.0507, -0.7736276, 2.590223;
0.8586889, 0.7705145, 2.923376;0.9633075, 0.6143818, 2.933118;0.9703675, 0.2600462, 2.925434;0.8783724, 0.5051501, 3.099299;1.057175, 0.5008663, 2.804496;0.8235142, -0.0805699, 2.990193;0.9902425, -0.02046945, 2.656236;0.9663121, 0.1860365, 2.929089;0.9258429, 0.1099054, 2.992206;1.003213, 0.1190412, 2.866362;0.9537565, -0.3527105, 3.0169;1.071916, -0.3300712, 2.724882;0.947507, -0.7117072, 3.04819;1.103669, -0.6940162, 2.640878;0.9059919, -0.7805724, 3.036296;1.050748, -0.7736278, 2.590067;
0.8435495, 0.7524963, 2.915165;0.9568304, 0.6056783, 2.930518;0.9716514, 0.2544405, 2.926129;0.8705158, 0.4994687, 3.095333;1.043505, 0.4911732, 2.804337;0.8194942, -0.08736501, 2.987854;0.9859732, -0.02237612, 2.656035;0.9709668, 0.181319, 2.929811;0.937208, 0.1003588, 2.990882;1.011104, 0.1143754, 2.867361;0.9540433, -0.3522843, 3.017905;1.072038, -0.3293709, 2.725893;0.9471195, -0.7120864, 3.048267;1.103588, -0.693448, 2.641014;0.905978, -0.7810047, 3.035863;1.050854, -0.7740322, 2.591652;
0.8175244, 0.7200681, 2.90186;0.9407442, 0.592989, 2.927442;0.9731264, 0.2467365, 2.928325;0.8463343, 0.4571245, 3.080398;1.038096, 0.4884681, 2.801664;0.8018064, -0.1352273, 2.969177;0.9620878, -0.06303306, 2.646147;0.9766355, 0.174339, 2.932652;0.9447151, 0.0914264, 2.993477;1.023059, 0.1080479, 2.87155;0.9536274, -0.3530507, 3.019329;1.072486, -0.3305354, 2.726168;0.9462601, -0.7137018, 3.047326;1.102954, -0.6932122, 2.640453;0.9061443, -0.7832022, 3.035232;1.050163, -0.7739345, 2.591619;
0.8078785, 0.7090968, 2.894814;0.9211762, 0.5716616, 2.917562;0.9755946, 0.2353315, 2.930035;0.8428694, 0.4549908, 3.077357;1.027705, 0.4760443, 2.795323;0.8084529, -0.08485433, 2.969971;0.9559501, -0.07280479, 2.646774;0.9836557, 0.1645845, 2.935743;0.9553339, 0.07924587, 3.000283;1.036471, 0.09759108, 2.874342;0.9525, -0.3543061, 3.02107;1.073824, -0.3358566, 2.727289;0.9457826, -0.7098272, 3.04727;1.102557, -0.6936703, 2.640373;0.9073237, -0.7801629, 3.034813;1.050182, -0.7739694, 2.59099;
0.7637039, 0.6670091, 2.877647;0.9068273, 0.5513269, 2.912648;0.9792149, 0.2163519, 2.931138;0.8213363, 0.4171645, 3.063566;1.013936, 0.4600163, 2.792739;0.8051531, -0.08649716, 2.970907;0.9434826, -0.08244845, 2.649915;0.9922263, 0.1476065, 2.938133;0.9650967, 0.06395271, 3.002385;1.048308, 0.08685648, 2.877833;0.9514174, -0.3546265, 3.023751;1.074266, -0.3359418, 2.727543;0.945275, -0.7112645, 3.047233;1.102003, -0.693663, 2.639902;0.9067707, -0.781502, 3.03465;1.050142, -0.7738665, 2.591121;
0.7430753, 0.622521, 2.860764;0.8849708, 0.5102268, 2.91891;0.9824669, 0.1897595, 2.937739;0.8151724, 0.4053874, 3.056687;1.003253, 0.4394837, 2.788126;0.7913619, -0.157064, 2.964174;0.9401932, -0.1092567, 2.646325;1.000297, 0.1240978, 2.945051;0.9745032, 0.04634139, 3.006562;1.062002, 0.06762685, 2.887505;0.9489082, -0.3581747, 3.028249;1.072508, -0.356532, 2.724015;0.9446666, -0.7113581, 3.047254;1.100763, -0.6979245, 2.639264;0.9066742, -0.7817582, 3.034526;1.050403, -0.7746226, 2.591177;
0.7350272, 0.6143936, 2.847769;0.8708542, 0.4916576, 2.901124;0.9875074, 0.1631417, 2.938226;0.7945371, 0.3673222, 3.049322;0.9922636, 0.4206866, 2.784356;0.7862688, -0.1551391, 2.962413;0.933104, -0.122129, 2.644258;1.011097, 0.094689, 2.949394;0.9891907, 0.02136951, 3.005862;1.075771, 0.04404446, 2.903665;0.9484717, -0.3708462, 3.037611;1.072567, -0.3567075, 2.724256;0.9429541, -0.7137914, 3.047794;1.100735, -0.6978564, 2.639549;0.9051341, -0.7837325, 3.032791;1.049452, -0.7746493, 2.591791;
0.7251784, 0.5779322, 2.82527;0.8593723, 0.4492109, 2.890667;0.9913928, 0.1541329, 2.935226;0.792193, 0.348051, 3.03062;0.9753431, 0.3891843, 2.77794;0.7850877, -0.1645712, 2.964464;0.9243665, -0.1516126, 2.642356;1.015671, 0.09020037, 2.947179;0.9988872, 0.01843389, 2.998429;1.077897, 0.04426533, 2.90431;0.9478873, -0.3709709, 3.038832;1.072894, -0.3607937, 2.724248;0.9416894, -0.7120901, 3.048688;1.098475, -0.6985332, 2.637707;0.900641, -0.7822218, 3.033703;1.049638, -0.7747517, 2.591391;
0.6955017, 0.5067855, 2.814771;0.8433545, 0.391546, 2.884949;1.004591, 0.09263056, 2.927753;0.7855158, 0.3162842, 3.007119;0.9640234, 0.3671404, 2.768596;0.7817098, -0.2186675, 2.953467;0.9109768, -0.2012683, 2.636435;1.036839, 0.03284747, 2.939852;1.024691, -0.0321609, 2.989825;1.10372, -0.003613767, 2.901316;0.9376229, -0.4110869, 3.048458;1.073513, -0.3627272, 2.723639;0.9417166, -0.7118061, 3.048638;1.098548, -0.6994683, 2.637378;0.9010574, -0.781142, 3.033106;1.049608, -0.774847, 2.590687;
0.6853611, 0.4575297, 2.797746;0.8403351, 0.3695378, 2.873344;1.007227, 0.09084512, 2.93157;0.7794462, 0.2683949, 2.990706;0.9622716, 0.3371589, 2.762886;0.7772982, -0.2516028, 2.950239;0.9090618, -0.2464069, 2.633007;1.041392, 0.03265112, 2.947398;1.029982, -0.03102016, 3.009024;1.115792, -0.004103293, 2.910727;0.9354293, -0.4109349, 3.047814;1.074096, -0.3678698, 2.723099;0.9409213, -0.7110049, 3.048238;1.098401, -0.6997373, 2.637316;0.9013346, -0.7809465, 3.032879;1.049461, -0.7749081, 2.59033;
0.6802335, 0.4328218, 2.784145;0.8292413, 0.3266023, 2.848252;1.016162, 0.05972283, 2.926266;0.7657387, 0.2263972, 2.989697;0.9581606, 0.3012675, 2.751315;0.7689006, -0.2836869, 2.957469;0.9089754, -0.2512337, 2.631762;1.052592, 0.005873412, 2.944717;1.042283, -0.06441595, 2.97228;1.120594, -0.01284127, 2.925037;0.9254085, -0.4273545, 3.058518;1.076857, -0.3762801, 2.721601;0.9438661, -0.7061325, 3.049435;1.098258, -0.6999447, 2.637241;0.9028147, -0.7799107, 3.033208;1.04844, -0.7757539, 2.590413;
0.6698277, 0.3803183, 2.758281;0.8287982, 0.2983736, 2.832413;1.026608, 0.05837287, 2.927854;0.7741638, 0.1781239, 2.9715;0.9503942, 0.2720337, 2.743685;0.7606027, -0.3135479, 2.955391;0.90672, -0.2856824, 2.636055;1.069464, 0.008268556, 2.950041;1.071491, -0.04954311, 2.996071;1.138992, -0.005559468, 2.932176;0.9295911, -0.4107589, 3.050216;1.079234, -0.3805653, 2.72164;0.9432111, -0.706791, 3.048687;1.098028, -0.7002019, 2.637469;0.9028669, -0.7799535, 3.033071;1.049031, -0.775896, 2.589029;
0.6650259, 0.3217719, 2.754279;0.8282056, 0.2601302, 2.818823;1.047199, 0.04446452, 2.929981;0.777661, 0.1499464, 2.952368;0.9501709, 0.2411442, 2.741426;0.7509874, -0.3918117, 2.950247;0.9115751, -0.3155961, 2.632962;1.091826, -0.0008872428, 2.954988;1.088581, -0.05524402, 2.994138;1.154451, -0.007741678, 2.942813;0.9296371, -0.4111037, 3.04792;1.08559, -0.3911448, 2.72139;0.9436959, -0.7179393, 3.049629;1.097639, -0.7004586, 2.637018;0.9012712, -0.7840484, 3.031251;1.049528, -0.7761216, 2.588516;
0.6479606, 0.2823886, 2.742815;0.8118702, 0.2232858, 2.803266;1.020409, -0.0008479543, 2.918115;0.7789605, 0.1221706, 2.936122;0.9426355, 0.2139722, 2.73541;0.7504382, -0.4149879, 2.954844;0.9051795, -0.3949206, 2.622503;1.062367, -0.04511136, 2.944814;1.065245, -0.1056686, 3.017235;1.140699, -0.07022757, 2.913825;0.9051382, -0.4614223, 3.052927;1.082901, -0.4108693, 2.711604;0.9290036, -0.7667333, 3.055918;1.096255, -0.7139181, 2.631277;0.8743491, -0.7948336, 3.003713;1.049799, -0.7757953, 2.588782;
0.646079, 0.2396877, 2.731584;0.8094061, 0.1881376, 2.794699;1.034113, -0.05204988, 2.924114;0.7777125, 0.07944158, 2.924009;0.9402788, 0.1804588, 2.739175;0.7485759, -0.4456338, 2.950453;0.8904889, -0.4293907, 2.619547;1.079141, -0.09885876, 2.95378;1.072367, -0.1570942, 2.989677;1.143601, -0.09894287, 2.947075;0.9190978, -0.4575645, 3.049693;1.086804, -0.4320915, 2.713431;0.9422445, -0.7076595, 3.048039;1.098832, -0.733749, 2.631038;0.9043209, -0.7796964, 3.032189;1.047884, -0.777391, 2.586366;
0.6409211, 0.1897823, 2.720736;0.799064, 0.1344347, 2.780423;1.017023, -0.07016392, 2.923604;0.7522084, 0.03603194, 2.927899;0.9333119, 0.1273747, 2.72946;0.7456973, -0.4722663, 2.947015;0.8851351, -0.4444938, 2.611532;1.060462, -0.1135441, 2.954945;1.050403, -0.1674319, 3.002306;1.131073, -0.1292747, 2.946766;0.9141791, -0.4976312, 3.05386;1.072924, -0.4847657, 2.690395;0.9409403, -0.7088842, 3.046839;1.105688, -0.7860708, 2.626215;0.9034649, -0.7795604, 3.031908;1.040082, -0.7739255, 2.581108;
0.6286933, 0.1572594, 2.709979;0.7918617, 0.117287, 2.774956;1.008755, -0.08345011, 2.922422;0.7252769, -0.02772047, 2.954935;0.9312248, 0.1235875, 2.731831;0.7393666, -0.5716248, 2.937341;0.8709003, -0.500589, 2.599321;1.052674, -0.1240133, 2.954933;1.037562, -0.2039443, 2.975594;1.128384, -0.1315912, 2.974794;0.9090992, -0.5015548, 3.053304;1.073352, -0.487854, 2.690067;0.9396045, -0.709885, 3.046665;1.104669, -0.7890738, 2.625726;0.9052233, -0.7813062, 3.032953;1.040086, -0.7732486, 2.580452;
0.6295246, 0.1139435, 2.70589;0.7819175, 0.06568464, 2.763163;1.000341, -0.118319, 2.916841;0.7347213, -0.03882209, 2.942294;0.9199098, 0.08746398, 2.72452;0.7390956, -0.5805973, 2.926328;0.8681009, -0.515057, 2.598378;1.044336, -0.1547734, 2.950878;1.036611, -0.211349, 2.976071;1.120409, -0.1497279, 2.969635;0.9002007, -0.5112168, 3.052419;1.072687, -0.4932257, 2.688532;0.9363656, -0.7103321, 3.045481;1.094765, -0.7047375, 2.635535;0.9008777, -0.7811732, 3.03211;1.049534, -0.7756478, 2.58701;
0.6268044, 0.06400508, 2.692666;0.7874149, 0.01113934, 2.752885;0.987134, -0.202207, 2.877095;0.7448221, -0.06678455, 2.913284;0.8872145, 0.04224684, 2.703408;0.7365562, -0.5879053, 2.925149;0.8621883, -0.5576694, 2.592606;1.027078, -0.2448763, 2.905402;1.019255, -0.2963842, 2.931734;1.08823, -0.250337, 2.909854;0.8980778, -0.5101256, 3.050003;1.068495, -0.5030575, 2.686512;0.9332281, -0.7135006, 3.043778;1.093572, -0.7080843, 2.63481;0.8970642, -0.7840623, 3.031411;1.049579, -0.775685, 2.58698;
0.6185782, 0.05043939, 2.685249;0.7820758, -0.002025262, 2.7493;0.9724777, -0.1976539, 2.866895;0.7323159, -0.1165748, 2.920684;0.9121314, 0.102811, 2.748;0.7290268, -0.6208504, 2.922409;0.871889, -0.5452408, 2.590695;1.007776, -0.2349684, 2.891948;1.008382, -0.3056297, 2.925418;1.087558, -0.2439074, 2.906619;0.9078084, -0.6243024, 3.062728;1.063969, -0.5117877, 2.68443;0.9309512, -0.7202183, 3.041312;1.093092, -0.7080005, 2.634917;0.8912621, -0.788484, 3.027745;1.04779, -0.7754132, 2.585818;
0.6148424, 0.01320832, 2.674636;0.7699668, -0.03677611, 2.737791;0.9749087, -0.2090413, 2.866659;0.7431524, -0.1469389, 2.934624;0.8820607, -0.005913522, 2.693396;0.7255617, -0.619759, 2.922709;0.8650389, -0.5785721, 2.588381;1.013664, -0.2462544, 2.893974;1.015233, -0.3147544, 2.910346;1.086225, -0.2468812, 2.917336;0.909416, -0.6251777, 3.062041;1.058774, -0.5845038, 2.67961;0.9315175, -0.7370439, 3.040136;1.09228, -0.7148061, 2.633659;0.8818849, -0.7977326, 3.024646;1.046483, -0.7765669, 2.584008;
0.6103311, 0.009663276, 2.672436;0.7647996, -0.04043358, 2.73548;0.9571987, -0.2629347, 2.833359;0.7291861, -0.1684622, 2.945952;0.883211, -0.007225511, 2.694127;0.7227761, -0.6387131, 2.925469;0.8616884, -0.5982748, 2.587847;0.9974666, -0.3061693, 2.857152;0.9896183, -0.3717619, 2.878423;1.073177, -0.3134388, 2.86717;0.8982201, -0.6416626, 3.047874;1.079319, -0.711037, 2.664808;0.9311852, -0.7352448, 3.039973;1.091942, -0.7148497, 2.633576;0.8809507, -0.794895, 3.023057;1.046, -0.7766779, 2.583545;
0.623435, -0.02895899, 2.677569;0.7773042, -0.07843304, 2.740634;0.9574549, -0.2741541, 2.840473;0.7469269, -0.2105584, 2.959025;0.8752171, -0.05368167, 2.691001;0.7152747, -0.7337523, 2.914198;0.8534696, -0.6102376, 2.586675;0.9955282, -0.3153492, 2.864258;0.9876429, -0.3811284, 2.876838;1.063886, -0.3208602, 2.8922;0.8517504, -0.7061205, 3.037339;1.06075, -0.5999721, 2.67317;0.9294585, -0.7377297, 3.038925;1.091415, -0.7166725, 2.634269;0.878984, -0.7970665, 3.022228;1.045826, -0.7776884, 2.581934;
0.6235076, -0.04220453, 2.677847;0.777415, -0.09203233, 2.741005;0.954976, -0.2786176, 2.841897;0.7465831, -0.2209992, 2.959217;0.8730814, -0.05774388, 2.690126;0.7186193, -0.673864, 2.91841;0.8619727, -0.620352, 2.584483;0.9920975, -0.3181492, 2.865697;0.9851623, -0.3926186, 2.866207;1.059779, -0.3221871, 2.907843;0.8510586, -0.7090148, 3.037445;1.06681, -0.6564666, 2.670891;1.124717, -0.7658823, 3.121155;1.090826, -0.7177628, 2.634957;1.025054, -0.7760463, 3.081537;1.04596, -0.7785528, 2.582028;
0.6210005, -0.05191238, 2.674097;0.7749262, -0.1017231, 2.737346;0.9526701, -0.2833787, 2.842131;0.743849, -0.2306936, 2.955505;0.8740486, -0.07233225, 2.687844;0.718974, -0.7469528, 2.901093;0.8491274, -0.6792871, 2.582875;0.9894652, -0.3213925, 2.866343;0.9820646, -0.3964877, 2.865539;1.059506, -0.3220845, 2.907861;0.8435398, -0.7132322, 3.033581;1.037276, -0.5864396, 2.67719;1.119279, -0.7390044, 3.122497;1.089252, -0.7182295, 2.63453;1.021426, -0.7605383, 3.083046;1.040652, -0.781186, 2.580593;
0.6206846, -0.06229402, 2.672395;0.7746172, -0.1121075, 2.735721;0.9494624, -0.2859576, 2.84208;0.74342, -0.241016, 2.953869;0.8745754, -0.0763005, 2.686965;0.7133927, -0.7556042, 2.899338;0.8531503, -0.6810952, 2.583633;0.9850275, -0.3227885, 2.866561;0.9794766, -0.4026896, 2.85936;1.056641, -0.3214871, 2.918905;0.8408585, -0.720149, 3.032718;1.060507, -0.652806, 2.664729;0.9124675, -0.794466, 3.030954;1.088094, -0.7194314, 2.633738;0.8342091, -0.7865244, 3.020384;1.042283, -0.7814513, 2.580175;
0.6163877, -0.06506056, 2.668527;0.770325, -0.1148733, 2.73192;0.9498204, -0.2861921, 2.841849;0.7390507, -0.2437934, 2.950039;0.8756406, -0.08240466, 2.688068;0.7091398, -0.7584349, 2.905116;0.8546286, -0.6841035, 2.582893;0.985857, -0.3227074, 2.866548;0.9883277, -0.402649, 2.855393;1.062613, -0.3206213, 2.924803;0.8783692, -0.7226658, 3.035337;1.087365, -0.7133517, 2.668516;1.110345, -0.5918792, 3.145662;1.087672, -0.7210137, 2.633373;1.034172, -0.6560813, 3.105501;1.042655, -0.7814447, 2.579986;
0.6113564, -0.06857238, 2.662795;0.7652955, -0.1183855, 2.726252;0.9464297, -0.27712, 2.836989;0.7339877, -0.2472997, 2.944367;0.8913252, -0.04842959, 2.701473;0.7079005, -0.7603273, 2.906474;0.859158, -0.668923, 2.582451;0.9820636, -0.3065245, 2.861221;0.9903002, -0.3962526, 2.84976;1.06899, -0.2938561, 2.93082;0.8756104, -0.7123771, 3.033293;1.086288, -0.7030443, 2.670259;1.112368, -0.6884257, 3.188041;1.086785, -0.7222768, 2.633333;1.028959, -0.7226164, 3.129556;1.042657, -0.7815641, 2.578895;
0.6079519, -0.06973342, 2.659085;0.7618918, -0.1195469, 2.722593;0.9441947, -0.2866486, 2.838176;0.730571, -0.2484557, 2.94071;0.8666622, -0.1214077, 2.678343;0.7065294, -0.7594719, 2.907138;0.8579155, -0.6917416, 2.582141;0.980184, -0.3220751, 2.865121;0.9883363, -0.4019283, 2.850241;1.057571, -0.3267849, 2.935345;0.8559683, -0.7397071, 3.031139;1.086971, -0.70478, 2.669652;1.068676, -0.5456333, 3.085458;1.086017, -0.7228965, 2.633494;1.000907, -0.6258368, 3.062138;1.044248, -0.7814139, 2.579151;
0.6092746, -0.07328769, 2.660695;0.7632149, -0.1231017, 2.724268;0.941995, -0.289744, 2.83872;0.7318867, -0.2520031, 2.942386;0.8664214, -0.1216816, 2.67795;0.7066277, -0.763047, 2.906726;0.8421276, -0.7104056, 2.585181;0.9775147, -0.3244671, 2.865321;0.9840273, -0.4056988, 2.84877;1.05516, -0.3273333, 2.935394;0.8441108, -0.7367911, 3.030005;1.087001, -0.7052844, 2.669013;1.077717, -0.5669048, 3.080167;1.085837, -0.7247831, 2.632651;1.00526, -0.6438094, 3.059885;1.041908, -0.7847148, 2.58226;
0.6099383, -0.07481398, 2.660344;0.7638787, -0.1246282, 2.723989;0.9482497, -0.2830865, 2.840688;0.7325472, -0.2535264, 2.942109;0.8661289, -0.1217216, 2.677475;0.7072895, -0.7645428, 2.909855;0.8385566, -0.7151053, 2.583795;0.9869187, -0.3124561, 2.868358;1.006269, -0.3868487, 2.850462;1.065206, -0.3039505, 2.942777;0.8847444, -0.6999381, 3.034622;1.088608, -0.6987432, 2.671306;1.112186, -0.6271167, 3.186946;1.085808, -0.7243779, 2.633505;1.034272, -0.6773934, 3.132235;1.041331, -0.7834879, 2.580931;
0.610836, -0.07671271, 2.659966;0.7647766, -0.126527, 2.723681;0.9481837, -0.2777887, 2.837039;0.7334423, -0.2554231, 2.941802;0.9257815, -0.04425385, 2.700533;0.7084566, -0.7664065, 2.910218;0.8818125, -0.628912, 2.574956;0.985668, -0.3049502, 2.862776;1.004807, -0.3877196, 2.84729;1.07528, -0.295522, 2.939733;0.8835223, -0.69954, 3.033532;1.108629, -0.7014714, 2.675163;1.115794, -0.6440141, 3.185765;1.085248, -0.7242286, 2.633519;1.035206, -0.6904951, 3.131425;1.074161, -0.7990925, 2.578296;
0.6120523, -0.07736728, 2.659859;0.7659929, -0.1271816, 2.723646;0.941734, -0.2701449, 2.830897;0.7014145, -0.2809203, 2.964434;0.9033952, -0.04385658, 2.700305;0.7042938, -0.7933096, 2.914701;0.8788725, -0.6273754, 2.578283;0.9751378, -0.2953428, 2.854169;0.9938715, -0.3879702, 2.840366;1.072601, -0.2906412, 2.93514;0.8826385, -0.6995749, 3.032646;1.100903, -0.7026806, 2.671606;1.120004, -0.6696176, 3.184209;1.080955, -0.7228769, 2.631035;1.036675, -0.7092122, 3.128461;1.070033, -0.7975205, 2.575404;
0.612115, -0.07745215, 2.65973;0.7660557, -0.1272665, 2.723582;0.9336652, -0.2762865, 2.831128;0.7007115, -0.2808413, 2.964475;0.942035, -0.1110907, 2.664906;0.6948782, -0.7856292, 2.917683;0.8697602, -0.6755376, 2.579691;0.9639435, -0.3061945, 2.855339;0.9543684, -0.4114276, 2.844154;1.066493, -0.3106708, 2.934891;0.852589, -0.7429222, 3.027133;1.097425, -0.7049246, 2.67027;1.078069, -0.5687164, 3.08915;1.082451, -0.7250203, 2.632118;1.006995, -0.6464685, 3.06616;1.061445, -0.8022714, 2.583317;
0.6121187, -0.07746516, 2.659518;0.7660594, -0.1272795, 2.723443;0.9323236, -0.2777297, 2.831433;0.6999092, -0.280629, 2.964277;0.8804743, -0.09185329, 2.67872;0.6956407, -0.7850052, 2.908288;0.868189, -0.6757855, 2.580438;0.9629565, -0.3079182, 2.855908;0.9555848, -0.4106268, 2.844783;1.060895, -0.3112634, 2.93244;0.8458171, -0.7391082, 3.027066;1.096822, -0.7050905, 2.669801;1.087019, -0.5863664, 3.087068;1.08257, -0.7251917, 2.632065;1.011528, -0.6601498, 3.064983;1.06213, -0.8020597, 2.582386;
0.6085421, -0.07542203, 2.657777;0.7624828, -0.1252365, 2.721776;0.9318683, -0.2729377, 2.832211;0.6927165, -0.2769883, 2.962146;0.9438214, -0.1303128, 2.664866;0.694581, -0.775281, 2.910276;0.8654842, -0.6723763, 2.57732;0.9641477, -0.3017242, 2.857593;0.9640426, -0.3860628, 2.852031;1.06788, -0.3026879, 2.933074;0.8793115, -0.7111725, 3.035721;1.092013, -0.6988528, 2.670087;1.094394, -0.7404899, 3.213407;1.082468, -0.7256523, 2.632033;1.014866, -0.7573846, 3.142534;1.060972, -0.8040915, 2.585327;
0.6073471, -0.07371804, 2.656593;0.7612879, -0.1235325, 2.720659;0.9327372, -0.2702507, 2.830559;0.6909207, -0.2749916, 2.961097;0.8880073, -0.04354229, 2.688508;0.6990628, -0.7789525, 2.913745;0.87055, -0.6297922, 2.574658;0.9660444, -0.2988374, 2.855731;0.9692629, -0.3849935, 2.850512;1.068039, -0.2944013, 2.923733;0.8794992, -0.7086091, 3.034327;1.091702, -0.701026, 2.669285;1.09458, -0.738636, 3.211786;1.082624, -0.7247014, 2.632503;1.015366, -0.7556836, 3.1406;1.069749, -0.7998684, 2.57791;
0.6070993, -0.07158372, 2.656361;0.7610401, -0.1213982, 2.720509;0.9297222, -0.2729897, 2.831768;0.6903678, -0.2727395, 2.961092;0.8904629, -0.09800948, 2.677711;0.6995199, -0.7753335, 2.912401;0.8701364, -0.6290553, 2.574689;0.9618604, -0.3041152, 2.857735;0.9595486, -0.3938505, 2.851866;1.055828, -0.3048079, 2.925048;0.8316871, -0.7305274, 3.026443;1.055481, -0.6418665, 2.67079;1.098396, -0.6365609, 3.09377;1.083238, -0.7256902, 2.633294;1.012443, -0.6957124, 3.066517;1.03803, -0.7788627, 2.57583;
0.6071701, -0.06043531, 2.658525;0.7611108, -0.1102497, 2.72275;0.9362029, -0.2681266, 2.83417;0.689927, -0.2614959, 2.963605;0.8896818, -0.09580702, 2.678218;0.6948488, -0.7622797, 2.913576;0.8814003, -0.6139736, 2.564982;0.9715377, -0.2992398, 2.860451;0.9740492, -0.3805594, 2.857589;1.061413, -0.2989818, 2.920745;0.8847299, -0.6763875, 3.023254;1.055541, -0.6419798, 2.670861;0.9217613, -0.7139313, 3.029541;1.083067, -0.7257897, 2.633068;0.8850023, -0.7844856, 3.026171;1.038958, -0.7793741, 2.575817;
0.6114699, -0.05668333, 2.660884;0.768176, -0.1081369, 2.727122;0.9414995, -0.267702, 2.836262;0.7059276, -0.2114081, 2.928567;0.8872106, -0.09269769, 2.677293;0.7124958, -0.6722553, 2.921922;0.8804208, -0.6134934, 2.565185;0.9762923, -0.2992328, 2.861913;0.9790752, -0.3768441, 2.856828;1.0617, -0.2993083, 2.920574;0.8854024, -0.6758425, 3.024118;1.056192, -0.6477052, 2.670529;0.9209077, -0.7168912, 3.029578;1.083076, -0.725655, 2.632979;0.8836333, -0.7870833, 3.026417;1.03839, -0.7803985, 2.574917;
0.6063465, -0.02738199, 2.659876;0.7650335, -0.08468404, 2.727428;0.9403312, -0.2671283, 2.836329;0.7136196, -0.2011716, 2.925393;0.8771842, -0.02286779, 2.684519;0.7131543, -0.6562285, 2.923484;0.8802614, -0.6129653, 2.565156;0.9749672, -0.2997328, 2.861922;0.9705015, -0.3771223, 2.861308;1.051101, -0.3001681, 2.907091;0.8404421, -0.7165194, 3.02872;1.040733, -0.5880213, 2.671528;1.121605, -0.7288113, 3.098071;1.085157, -0.7259663, 2.634301;1.021028, -0.7511755, 3.067484;1.040745, -0.7812374, 2.575696;
0.6059014, -0.01421932, 2.658715;0.7537, -0.04778079, 2.717806;0.9535217, -0.2445761, 2.847442;0.7277317, -0.1733488, 2.912882;0.8786665, -0.02593914, 2.684263;0.7135141, -0.6639594, 2.923123;0.8724005, -0.5794573, 2.5629;0.9936324, -0.2812462, 2.877016;0.9920056, -0.3420354, 2.888402;1.062837, -0.277329, 2.910493;0.8658055, -0.6669863, 3.031392;1.040135, -0.5862745, 2.672016;0.9279951, -0.7236651, 3.034713;1.085235, -0.7253549, 2.634272;0.8833775, -0.7888315, 3.027246;1.044321, -0.7823058, 2.577476;
0.6099339, 0.02431803, 2.666416;0.7610306, -0.03947208, 2.723196;0.9639506, -0.232221, 2.856917;0.7826602, -0.1247194, 2.826685;0.8777078, -0.01567443, 2.687236;0.7099023, -0.60692, 2.920905;0.8723179, -0.5963607, 2.57237;1.003983, -0.2703975, 2.886605;1.00351, -0.3287278, 2.887749;1.062732, -0.2650174, 2.922754;0.8931834, -0.6481143, 3.036415;1.04019, -0.5862166, 2.671962;0.9298041, -0.7256068, 3.035744;1.08655, -0.7249138, 2.634647;0.8829854, -0.7888939, 3.026937;1.044502, -0.7822599, 2.577694;
0.6097995, 0.05046676, 2.665991;0.7725773, 0.007381774, 2.727263;0.9599788, -0.2157058, 2.857485;0.7304633, -0.1187936, 2.920416;0.9113408, -0.004675139, 2.688607;0.708332, -0.613817, 2.919227;0.8708774, -0.589659, 2.578637;0.998781, -0.2578244, 2.886976;0.9900347, -0.3175739, 2.895116;1.06396, -0.2604512, 2.920097;0.893051, -0.6462692, 3.038366;1.041834, -0.585739, 2.671985;0.9298208, -0.7257908, 3.035723;1.087139, -0.7252054, 2.635019;0.8830936, -0.7889856, 3.026883;1.044404, -0.7824325, 2.578874;
0.612814, 0.08888441, 2.67688;0.7725258, 0.02710934, 2.737384;0.9641064, -0.2066659, 2.861407;0.7562959, -0.07413709, 2.868285;0.9141098, 0.01039647, 2.691075;0.7110234, -0.5660994, 2.927809;0.8598709, -0.5398491, 2.585701;1.002373, -0.2520831, 2.889641;0.992536, -0.3094292, 2.897362;1.066251, -0.2570309, 2.919362;0.8916383, -0.6455742, 3.042858;1.007501, -0.5027925, 2.669159;0.929826, -0.7258987, 3.035676;1.087941, -0.7173753, 2.63713;0.8858842, -0.7908943, 3.026495;1.044208, -0.7821613, 2.578672;
0.6164577, 0.1220912, 2.67947;0.7774062, 0.05901203, 2.744923;0.9702839, -0.1513229, 2.881577;0.7387902, -0.04841539, 2.898585;0.9168749, 0.05726254, 2.711109;0.7153352, -0.5608925, 2.933018;0.8605287, -0.5204015, 2.580029;1.008637, -0.1948436, 2.911875;0.9963705, -0.2569492, 2.923959;1.077669, -0.1971518, 2.937199;0.8661239, -0.5122414, 3.025635;1.01122, -0.5053908, 2.669142;0.9269319, -0.7232372, 3.035102;1.112473, -0.7827681, 2.63431;0.8894761, -0.7922599, 3.02766;1.044139, -0.7819956, 2.578795;
0.6241365, 0.1467508, 2.686158;0.7829197, 0.0878986, 2.750588;0.9663006, -0.1516307, 2.873373;0.7320579, -0.03508054, 2.92539;0.919454, 0.06655291, 2.714817;0.7174938, -0.4980883, 2.927908;0.862245, -0.5139174, 2.581396;1.001691, -0.1986851, 2.89836;0.9859571, -0.2667801, 2.887278;1.072611, -0.2097799, 2.932071;0.8710139, -0.5121593, 3.026398;1.045153, -0.5053859, 2.673064;0.9272229, -0.7216119, 3.035297;1.087855, -0.7132157, 2.635624;0.8904594, -0.7908986, 3.027963;1.044356, -0.7800619, 2.579776;
0.63649, 0.2057416, 2.696801;0.7920116, 0.1203858, 2.762132;0.9657683, -0.1499563, 2.871672;0.7331704, 0.006246761, 2.91089;0.9240611, 0.08898075, 2.716963;0.7175665, -0.4911413, 2.930655;0.8653759, -0.5030015, 2.583376;1.000966, -0.1985609, 2.896598;0.985122, -0.2649029, 2.886147;1.070399, -0.2124707, 2.929898;0.8771933, -0.5090427, 3.030181;1.042121, -0.5057263, 2.673644;0.92834, -0.7207864, 3.036447;1.088233, -0.7130662, 2.63539;0.8913711, -0.789681, 3.02765;1.044335, -0.7798814, 2.579725;
0.6426842, 0.2204396, 2.705827;0.7975714, 0.143894, 2.768566;0.9623886, -0.1339694, 2.87023;0.7379646, 0.01567943, 2.92055;0.9243449, 0.09809622, 2.716478;0.7211396, -0.4353357, 2.934103;0.8645584, -0.4930089, 2.589041;0.9966596, -0.1884395, 2.894431;0.9794378, -0.2374209, 2.897166;1.058012, -0.20567, 2.916737;0.8831252, -0.4780148, 3.023245;1.025737, -0.5024234, 2.659402;0.9285325, -0.7161747, 3.038001;1.100414, -0.7856781, 2.616349;0.8935267, -0.7858368, 3.027991;1.034065, -0.7791151, 2.574719;
0.6438907, 0.2467549, 2.701202;0.804087, 0.1723871, 2.774404;0.967237, -0.1128726, 2.870743;0.7381374, 0.07571603, 2.917884;0.931523, 0.1405773, 2.727123;0.7167509, -0.4388454, 2.935656;0.8831849, -0.4522947, 2.593038;1.000234, -0.170106, 2.893729;0.9829719, -0.2231383, 2.89428;1.060816, -0.1950535, 2.917472;0.8940085, -0.4462309, 3.019721;1.041485, -0.4869455, 2.654662;0.9311824, -0.7076887, 3.041415;1.089786, -0.7742727, 2.599654;0.9006293, -0.7790241, 3.029243;1.017758, -0.7826858, 2.56946;
0.6446464, 0.2696173, 2.712016;0.8103618, 0.2017675, 2.780114;0.9720926, -0.09252004, 2.872925;0.7401243, 0.09461557, 2.922747;0.9304954, 0.162247, 2.726857;0.7248199, -0.384694, 2.935527;0.8904986, -0.3758716, 2.602884;1.004608, -0.1511905, 2.895074;0.9874567, -0.2033599, 2.894639;1.064819, -0.1752271, 2.918399;0.8954288, -0.4447939, 3.019536;1.040867, -0.4682935, 2.659085;0.9324406, -0.7113486, 3.041201;1.087728, -0.7550842, 2.602262;0.9003582, -0.7814871, 3.026624;1.024014, -0.7894514, 2.571921;
0.6505377, 0.3353, 2.721657;0.8055067, 0.2347866, 2.78729;0.9627932, -0.06273395, 2.869198;0.737503, 0.127804, 2.937358;0.9275458, 0.1962246, 2.730645;0.7281415, -0.3485116, 2.937675;0.8923606, -0.3497902, 2.614639;0.9941794, -0.121743, 2.888958;0.9816223, -0.1779957, 2.896029;1.050764, -0.1496536, 2.901903;0.8791256, -0.5028505, 3.055374;1.045743, -0.4614214, 2.667751;0.9170878, -0.7875255, 3.079496;1.089047, -0.7478939, 2.608059;0.8965602, -0.7725122, 3.005269;1.030689, -0.7876836, 2.57389;
0.6673554, 0.3947332, 2.741457;0.8132046, 0.2909121, 2.806548;0.9686151, -0.007344984, 2.882368;0.7515571, 0.1900494, 2.952197;0.9367681, 0.2481904, 2.739402;0.7367812, -0.2927306, 2.933615;0.8995025, -0.3114703, 2.624285;0.9996972, -0.0669964, 2.900833;0.9918572, -0.1185392, 2.932891;1.055882, -0.1168297, 2.892134;0.9024158, -0.4666146, 3.044763;1.05784, -0.4418653, 2.680583;0.9336054, -0.7099496, 3.040029;1.090013, -0.7087985, 2.633681;0.9024935, -0.7807875, 3.027289;1.044415, -0.7788236, 2.581839;
0.6738275, 0.4265735, 2.753758;0.8155518, 0.316479, 2.810457;0.970814, 0.05328886, 2.896717;0.7527997, 0.2136799, 2.952354;0.9349685, 0.2647818, 2.738431;0.7385167, -0.2719072, 2.933513;0.9070687, -0.2750191, 2.63551;1.001685, -0.001330204, 2.916963;0.9968773, -0.05747842, 2.958969;1.060019, -0.03988744, 2.901396;0.9158316, -0.4190852, 3.028219;1.060061, -0.4035753, 2.703995;0.9387586, -0.7055146, 3.04205;1.090889, -0.7080264, 2.633812;0.9043997, -0.7777693, 3.027383;1.044577, -0.7787408, 2.58204;
0.6781784, 0.4982276, 2.77825;0.8239844, 0.3866509, 2.832917;0.961636, 0.07678305, 2.903781;0.759939, 0.2843838, 2.972838;0.9559121, 0.3288962, 2.747734;0.7476564, -0.2169785, 2.934216;0.9109588, -0.2160751, 2.648129;0.9907978, 0.01618377, 2.921865;0.9767416, -0.03598784, 2.962044;1.053184, -0.03195964, 2.904693;0.9280875, -0.4032584, 3.027797;1.064735, -0.3935753, 2.706158;0.9388057, -0.7053902, 3.042207;1.092294, -0.7074606, 2.634204;0.9041058, -0.7775142, 3.027395;1.045354, -0.7781625, 2.582085;
0.6984305, 0.5252652, 2.787225;0.8350347, 0.4098037, 2.836801;0.9623851, 0.0934739, 2.905731;0.7605893, 0.3150469, 2.977771;0.9539176, 0.3432366, 2.747924;0.7508073, -0.2056826, 2.930682;0.9243971, -0.164749, 2.653272;0.989096, 0.03062773, 2.923136;0.9758931, -0.02761436, 2.961599;1.047441, -0.01730093, 2.906653;0.9334001, -0.394849, 3.02667;1.070474, -0.3872653, 2.70866;0.9391195, -0.7070469, 3.041724;1.092735, -0.706175, 2.634477;0.9040772, -0.7775184, 3.027442;1.046024, -0.7777752, 2.582385;
0.7064114, 0.5658751, 2.794465;0.843569, 0.435, 2.84738;0.9602433, 0.1102685, 2.905804;0.7693445, 0.3270403, 2.975716;0.9604524, 0.3589588, 2.752875;0.7669454, -0.1739526, 2.933718;0.9258038, -0.1589649, 2.655856;0.9845325, 0.04651501, 2.921428;0.9718437, -0.01626351, 2.960746;1.04115, -0.005860209, 2.901775;0.9400048, -0.3864328, 3.025407;1.07758, -0.374675, 2.713505;0.9385633, -0.708773, 3.041615;1.094413, -0.70194, 2.635516;0.9052804, -0.7789448, 3.027496;1.046844, -0.7764592, 2.583537;
0.7165446, 0.5915896, 2.804861;0.8540681, 0.4791492, 2.861431;0.9576075, 0.1340135, 2.910059;0.7844708, 0.352202, 2.978096;0.96381, 0.3801369, 2.754557;0.7703924, -0.1622008, 2.932715;0.9239386, -0.1595002, 2.658094;0.9796647, 0.06602236, 2.92386;0.9643892, 0.005378127, 2.966698;1.033531, 0.01057286, 2.898074;0.941202, -0.3829063, 3.025172;1.077973, -0.3747568, 2.713555;0.9382762, -0.7085396, 3.041856;1.094536, -0.7020288, 2.63559;0.9063152, -0.7786894, 3.028051;1.047088, -0.7763122, 2.583621;
0.7283994, 0.6132246, 2.81983;0.8596393, 0.48907, 2.865144;0.9556984, 0.1542602, 2.907596;0.7919736, 0.3642201, 2.989988;0.968542, 0.3926317, 2.755499;0.7757825, -0.1472489, 2.931511;0.9413424, -0.1096312, 2.663946;0.9747115, 0.0885997, 2.919119;0.9617956, 0.01573531, 2.964887;1.024984, 0.03008998, 2.887275;0.9455479, -0.3830895, 3.026148;1.078283, -0.3744719, 2.713511;0.9380885, -0.7105299, 3.042062;1.095312, -0.7026432, 2.636322;0.9058307, -0.7804137, 3.027789;1.04846, -0.7761675, 2.583671;
0.7547479, 0.6410686, 2.824638;0.8696834, 0.5130874, 2.871401;0.9755378, 0.1931901, 2.894467;0.7994486, 0.3810174, 2.999814;0.9740183, 0.4147553, 2.754291;0.771897, -0.1553187, 2.933604;0.9434453, -0.1037364, 2.668553;0.9970865, 0.129636, 2.901196;0.9813449, 0.04788566, 2.955388;1.05172, 0.07537117, 2.852974;0.948145, -0.3821572, 3.026206;1.079892, -0.3722184, 2.713675;0.9376919, -0.7109416, 3.043255;1.095566, -0.7023243, 2.635996;0.9071604, -0.7816037, 3.029202;1.048488, -0.7760745, 2.583548;
0.7635225, 0.6712328, 2.827624;0.8870952, 0.5395658, 2.865911;0.9705536, 0.2062937, 2.890113;0.8064705, 0.4215604, 3.01484;0.9827338, 0.4356149, 2.752542;0.7760308, -0.1417994, 2.930753;0.9451674, -0.1035264, 2.671076;0.988273, 0.1419379, 2.897239;0.9679729, 0.06271984, 2.953822;1.041838, 0.08542164, 2.846268;0.9534683, -0.3771828, 3.024917;1.080375, -0.3693399, 2.714577;0.9382972, -0.7088719, 3.044737;1.095791, -0.7021593, 2.63606;0.8750826, -0.7589416, 3.000475;1.048852, -0.7758422, 2.583461;
0.7758424, 0.6901235, 2.832455;0.8957809, 0.5518404, 2.872055;0.9684373, 0.2165106, 2.889991;0.8100375, 0.4326051, 3.022071;0.9903257, 0.447281, 2.75154;0.7923384, -0.08721691, 2.934723;0.9474456, -0.1010729, 2.672192;0.9839467, 0.1510243, 2.896587;0.9618785, 0.07118879, 2.953058;1.036474, 0.09291066, 2.844145;0.9563441, -0.3753388, 3.023596;1.082294, -0.3703384, 2.715252;0.9384466, -0.7086708, 3.044762;1.096464, -0.7016687, 2.63682;0.9093056, -0.7800583, 3.032053;1.048994, -0.7757168, 2.58345;
0.790264, 0.7081264, 2.83477;0.9023681, 0.5616372, 2.874728;0.9685394, 0.2234354, 2.89008;0.8139023, 0.437971, 3.021499;0.9923127, 0.4540418, 2.752513;0.7933124, -0.08538453, 2.934306;0.9505534, -0.09691569, 2.670255;0.9828094, 0.1567571, 2.896415;0.9601728, 0.0772793, 2.952688;1.033612, 0.09879763, 2.843328;0.9580688, -0.3737994, 3.02389;1.08496, -0.3605615, 2.717277;0.9384483, -0.7086788, 3.044763;1.096972, -0.7004234, 2.637784;0.9087222, -0.7797631, 3.03196;1.050003, -0.7751454, 2.584941;
0.7971953, 0.7187909, 2.843326;0.9059425, 0.5677423, 2.876639;0.9658017, 0.2337657, 2.888902;0.8314666, 0.483106, 3.035351;0.9988354, 0.4635594, 2.754967;0.7944035, -0.08433662, 2.933033;0.953368, -0.08407277, 2.670665;0.9778143, 0.1680546, 2.894413;0.9542013, 0.08760966, 2.952276;1.026666, 0.1077629, 2.837997;0.959596, -0.3684756, 3.022907;1.085651, -0.3621633, 2.71702;0.9389751, -0.7094459, 3.044479;1.097223, -0.700351, 2.637534;0.9080175, -0.7800129, 3.031948;1.049474, -0.7753305, 2.584889;
0.8139352, 0.7405298, 2.852627;0.9139127, 0.5807363, 2.878247;0.9659943, 0.2375716, 2.887657;0.8333287, 0.4742756, 3.032798;1.002769, 0.4731976, 2.75762;0.8064161, -0.05997067, 2.938092;0.9562727, -0.06844292, 2.66871;0.9773125, 0.1705286, 2.893071;0.9529096, 0.09012947, 2.950482;1.025097, 0.1108362, 2.835971;0.9611191, -0.3646135, 3.021997;1.086173, -0.3596604, 2.717048;0.940488, -0.7055878, 3.044314;1.09794, -0.6994317, 2.637541;0.8730834, -0.7513613, 3.00197;1.049825, -0.7749618, 2.584802;
0.8227262, 0.7492281, 2.859386;0.9237117, 0.5937619, 2.884712;0.9645224, 0.2470421, 2.888196;0.8347435, 0.474997, 3.033668;1.007203, 0.4770398, 2.759253;0.8081865, -0.05696047, 2.937953;0.9587205, -0.06720334, 2.668674;0.9737515, 0.1791471, 2.892668;0.947165, 0.09910761, 2.948317;1.018507, 0.1193231, 2.835427;0.9614241, -0.3661508, 3.022475;1.086751, -0.3608712, 2.715943;0.939209, -0.7131251, 3.042576;1.098352, -0.699186, 2.637262;0.9061673, -0.782697, 3.03011;1.049832, -0.7750615, 2.58478;
0.8323132, 0.7538401, 2.861236;0.9294753, 0.5983858, 2.887206;0.9648067, 0.2493797, 2.888354;0.8390096, 0.4802932, 3.038888;1.008752, 0.4796135, 2.760122;0.8091096, -0.05508694, 2.936342;0.9605373, -0.06651466, 2.668957;