0.9587638, 0.8692313, 2.994521;1.030736, 0.6539714, 2.957354;0.9732248, 0.2754965, 2.924834;0.923346, 0.5142078, 3.098755;1.08947, 0.5133679, 2.826655;0.8368632, -0.05622134, 2.997305;1.003981, -0.04455224, 2.657708;0.9617225, 0.1998015, 2.921842;0.9138835, 0.1311466, 2.973517;0.9886391, 0.1307686, 2.855044;0.9464461, -0.3601703, 3.019274;1.067907, -0.3351806, 2.723389;0.9453387, -0.7178525, 3.04533;1.102721, -0.7060549, 2.64118;0.8830503, -0.7939085, 3.034324;1.054049, -0.7767965, 2.589741;
0.9601055, 0.8674684, 2.996041;1.03135, 0.6537097, 2.958123;0.9736654, 0.2725039, 2.924949;0.9261303, 0.516308, 3.106816;1.089514, 0.5133939, 2.827411;0.8335693, -0.05377718, 2.97986;1.009227, -0.03987014, 2.66981;0.9620262, 0.1957859, 2.92173;0.9144533, 0.1284749, 2.97317;0.9885589, 0.1273865, 2.855413;0.9469614, -0.360396, 3.020595;1.067622, -0.3320808, 2.725155;0.9453933, -0.7180912, 3.045881;1.102737, -0.7001286, 2.641249;0.8822565, -0.7949354, 3.034179;1.052789, -0.7762858, 2.590238;
0.9729081, 0.8300769, 2.998502;1.03247, 0.6537784, 2.956964;0.9738645, 0.2708157, 2.924321;0.9256957, 0.5155156, 3.106994;1.089511, 0.5133891, 2.827585;0.8333177, -0.05359836, 2.98022;1.008251, -0.04082869, 2.6692;0.9620549, 0.1936638, 2.921191;0.9143921, 0.1265253, 2.971971;0.9886309, 0.1265338, 2.855765;0.9470907, -0.3605216, 3.020798;1.067851, -0.3326982, 2.725147;0.9451373, -0.7189312, 3.046107;1.102139, -0.701785, 2.639747;0.8817592, -0.7958621, 3.034256;1.051712, -0.7765367, 2.590052;
0.971316, 0.8369339, 2.999745;1.033024, 0.6530689, 2.957203;0.973756, 0.2699708, 2.92451;0.925662, 0.5158273, 3.107175;1.089515, 0.513242, 2.827394;0.8314864, -0.05292102, 2.98251;1.008598, -0.03769446, 2.671618;0.9618331, 0.1928748, 2.921391;0.9142775, 0.1263745, 2.9719;0.9883067, 0.1256202, 2.856479;0.947037, -0.3586102, 3.020386;1.067862, -0.3327282, 2.725162;0.9452742, -0.7181672, 3.046149;1.102419, -0.7030871, 2.639743;0.8850277, -0.7937372, 3.035549;1.052063, -0.7765551, 2.589899;
0.9700943, 0.8415521, 3.000698;1.033337, 0.6528779, 2.957631;0.9738317, 0.2697924, 2.924488;0.9260186, 0.5153397, 3.110632;1.090044, 0.5141077, 2.827688;0.8285053, -0.07274458, 2.973119;1.009488, -0.03808564, 2.670804;0.9618883, 0.1927223, 2.921326;0.9143173, 0.1258745, 2.97171;0.9883724, 0.1255182, 2.856351;0.9474609, -0.3586289, 3.020568;1.067952, -0.3328148, 2.725292;0.9449919, -0.7196078, 3.045922;1.102409, -0.7035422, 2.639605;0.8845233, -0.7945825, 3.035319;1.052319, -0.7762858, 2.589931;
0.9744006, 0.8290324, 3.00092;1.034233, 0.6525451, 2.958113;0.97429, 0.2686636, 2.924244;0.925914, 0.514977, 3.109683;1.090391, 0.5142328, 2.827713;0.8264895, -0.08417708, 2.971363;1.006758, -0.04392156, 2.671946;0.9622712, 0.1914327, 2.920918;0.9145322, 0.1244472, 2.970755;0.9887941, 0.124681, 2.856179;0.9478365, -0.3588331, 3.020905;1.068005, -0.3327921, 2.725329;0.9447755, -0.7197549, 3.046031;1.102214, -0.7034311, 2.639569;0.8847828, -0.7948359, 3.035164;1.052109, -0.7763851, 2.589863;
0.9731131, 0.8328205, 3.000936;1.035081, 0.652366, 2.957577;0.9746224, 0.2695775, 2.924204;0.9259892, 0.5150311, 3.109237;1.090399, 0.5142039, 2.827468;0.8320662, -0.06827084, 2.979161;1.00742, -0.04475986, 2.670629;0.9625605, 0.1929543, 2.92107;0.9147213, 0.1259626, 2.971199;0.9888549, 0.1256717, 2.856138;0.948549, -0.3600215, 3.021742;1.068159, -0.3328442, 2.725231;0.9448298, -0.7202935, 3.045775;1.102178, -0.7039703, 2.639392;0.8842155, -0.7952485, 3.034853;1.052241, -0.7761046, 2.589059;
0.9763592, 0.8253781, 3.002254;1.036778, 0.6523522, 2.957253;0.9752438, 0.2683139, 2.923561;0.9260553, 0.5149426, 3.109283;1.090488, 0.5142165, 2.827482;0.8243021, -0.08355811, 2.968364;1.008104, -0.04647026, 2.670593;0.9630207, 0.1912961, 2.920284;0.9151248, 0.1246046, 2.96992;0.989139, 0.1248767, 2.855951;0.9495133, -0.3608012, 3.022291;1.068233, -0.3328564, 2.725342;0.9449889, -0.7207753, 3.046135;1.10212, -0.7042001, 2.639129;0.8834952, -0.7957214, 3.034307;1.051308, -0.7764682, 2.588621;
0.9802032, 0.8216007, 3.007135;1.03785, 0.6526749, 2.957754;0.9755265, 0.2678628, 2.923785;0.9261371, 0.5145722, 3.108792;1.090854, 0.514411, 2.827495;0.8241338, -0.090336, 2.967589;1.004705, -0.04743391, 2.668485;0.963223, 0.1906794, 2.920509;0.9152132, 0.1238522, 2.970048;0.9893654, 0.1244314, 2.856214;0.9500157, -0.3622215, 3.022822;1.068354, -0.3330031, 2.725435;0.9443815, -0.7251614, 3.047005;1.102116, -0.7053224, 2.639169;0.8838497, -0.7959403, 3.033895;1.051813, -0.7764984, 2.588322;
0.9803194, 0.8213609, 3.007202;1.03859, 0.6521975, 2.957892;0.9756218, 0.2675698, 2.924084;0.9261422, 0.5144173, 3.108413;1.090977, 0.5142255, 2.82724;0.8237482, -0.09347149, 2.966125;1.004699, -0.04887082, 2.668086;0.9632235, 0.1904118, 2.920853;0.9151068, 0.1226686, 2.970457;0.989309, 0.1246089, 2.856774;0.950214, -0.3621627, 3.022865;1.068451, -0.3327894, 2.725729;0.9447028, -0.7245007, 3.046973;1.102195, -0.7053363, 2.639975;0.8837894, -0.7959707, 3.03379;1.052557, -0.7765475, 2.588306;
0.9802068, 0.8220375, 3.005655;1.038988, 0.6518222, 2.957893;0.9759334, 0.2677647, 2.924137;0.926454, 0.5144997, 3.108156;1.091219, 0.5139768, 2.826909;0.8314341, -0.04964167, 2.977818;1.007978, -0.05036362, 2.668798;0.9635591, 0.1907819, 2.920947;0.9154451, 0.1221177, 2.970886;0.9897301, 0.1256265, 2.856503;0.950471, -0.3622274, 3.02274;1.068418, -0.3325417, 2.72598;0.9441239, -0.724431, 3.046147;1.101977, -0.706067, 2.639395;0.8813403, -0.7965944, 3.031536;1.052235, -0.7769571, 2.588388;
0.9806755, 0.8223946, 3.005662;1.039557, 0.6520164, 2.958295;0.9760253, 0.2679171, 2.924881;0.9265389, 0.5146163, 3.108193;1.091235, 0.5139759, 2.826925;0.8344548, -0.05100417, 2.986979;1.007756, -0.047258, 2.669305;0.9635214, 0.1909598, 2.921825;0.9152794, 0.12135, 2.972452;0.9895226, 0.1258619, 2.857038;0.9509168, -0.3605019, 3.021611;1.068554, -0.3320718, 2.726286;0.9506742, -0.710915, 3.050744;1.102236, -0.7031975, 2.640157;0.9021044, -0.7782179, 3.038542;1.051509, -0.776687, 2.588267;
0.9825804, 0.8221425, 3.005881;1.039594, 0.6523093, 2.958528;0.9761015, 0.2677531, 2.924916;0.9278411, 0.5144731, 3.109874;1.091261, 0.5140206, 2.826817;0.8379951, -0.03535018, 2.989601;1.008506, -0.04506397, 2.669365;0.963605, 0.1906939, 2.921849;0.915427, 0.1211913, 2.972265;0.989702, 0.1261964, 2.857414;0.9514669, -0.3590946, 3.021408;1.06876, -0.3319609, 2.726303;0.9497024, -0.7112381, 3.05007;1.102477, -0.7035575, 2.640482;0.9026543, -0.7789378, 3.037892;1.051369, -0.7769979, 2.58897;
0.9831438, 0.8216698, 3.005851;1.040232, 0.6526222, 2.958112;0.9764457, 0.2679974, 2.925003;0.9277294, 0.5138969, 3.108985;1.09166, 0.5142553, 2.826807;0.837148, -0.03478758, 2.989246;1.010269, -0.04346535, 2.670466;0.9639038, 0.1909522, 2.922002;0.915687, 0.1206294, 2.972794;0.9899359, 0.12643, 2.85732;0.9520279, -0.357416, 3.021179;1.069125, -0.3310465, 2.726769;0.9489821, -0.711072, 3.049838;1.102629, -0.7006391, 2.641262;0.9049826, -0.7808841, 3.042729;1.051038, -0.7766962, 2.588827;
0.9838881, 0.8212889, 3.004959;1.041189, 0.6529406, 2.958118;0.976642, 0.2679617, 2.925524;0.9280906, 0.5147868, 3.110052;1.091614, 0.5142756, 2.826811;0.8393594, -0.03310931, 2.991312;1.010324, -0.04168891, 2.670872;0.9639843, 0.1908655, 2.922694;0.9158084, 0.1204535, 2.973292;0.9897498, 0.1268897, 2.858688;0.9524352, -0.3563716, 3.020807;1.06906, -0.3306023, 2.726845;0.9488524, -0.7109407, 3.049535;1.103402, -0.6963493, 2.642119;0.905641, -0.7807159, 3.040975;1.050589, -0.7763687, 2.589092;
0.9844345, 0.8200245, 3.003122;1.042206, 0.6535674, 2.958266;0.9769547, 0.267652, 2.925603;0.9286616, 0.5144539, 3.109293;1.09166, 0.5143925, 2.826804;0.8394228, -0.03284059, 2.991325;1.010707, -0.04075758, 2.671238;0.9642402, 0.1903744, 2.922758;0.9162235, 0.1200829, 2.972952;0.9898554, 0.1268644, 2.858964;0.9533396, -0.3550402, 3.020781;1.069106, -0.3303529, 2.727022;0.9488676, -0.710955, 3.049489;1.103711, -0.696106, 2.642124;0.9053316, -0.7800502, 3.039403;1.05038, -0.7763676, 2.589751;
0.9849436, 0.818697, 3.002684;1.042667, 0.6536036, 2.95809;0.9772091, 0.2674181, 2.925596;0.9288934, 0.5139729, 3.109429;1.091634, 0.5144651, 2.826805;0.8416143, -0.03338384, 2.995855;1.022092, -0.009556739, 2.678428;0.9644392, 0.190098, 2.922769;0.9165297, 0.1198515, 2.972782;0.989944, 0.1268716, 2.859092;0.9535052, -0.3548848, 3.020458;1.069916, -0.328412, 2.727837;0.9477838, -0.7125501, 3.048935;1.103897, -0.6962671, 2.642068;0.9044033, -0.7815092, 3.039245;1.049969, -0.7762509, 2.589801;
0.9857521, 0.8188422, 3.003988;1.04346, 0.6535357, 2.958038;0.9774014, 0.2671668, 2.925885;0.92946, 0.5161999, 3.110829;1.091551, 0.5145344, 2.826854;0.8342437, -0.06604194, 2.988673;1.012208, -0.03851445, 2.672374;0.9645326, 0.1897982, 2.923129;0.9166452, 0.1196774, 2.972931;0.9898849, 0.1269147, 2.859885;0.9536456, -0.3566459, 3.020666;1.069976, -0.3278967, 2.728105;0.947154, -0.71693, 3.048062;1.103975, -0.6961152, 2.642063;0.9024383, -0.784733, 3.0382;1.05009, -0.7760687, 2.589793;
0.9867147, 0.8174868, 3.003185;1.044859, 0.653183, 2.95758;0.9780831, 0.266724, 2.925919;0.9294057, 0.5155549, 3.109768;1.091767, 0.5146068, 2.826671;0.8453764, -0.02896053, 2.998016;1.010388, -0.03739268, 2.674012;0.9650517, 0.1893719, 2.923216;0.9169676, 0.1194315, 2.972876;0.9904408, 0.1267083, 2.860191;0.9542802, -0.3562225, 3.020582;1.070106, -0.3277777, 2.728201;0.9471984, -0.7169036, 3.048048;1.104244, -0.6959705, 2.642447;0.9025971, -0.7845253, 3.038215;1.050762, -0.7752484, 2.58989;
0.9873613, 0.817598, 3.00461;1.045571, 0.6533865, 2.956988;0.9781716, 0.2667291, 2.925877;0.9296975, 0.515541, 3.109313;1.091937, 0.5146253, 2.826687;0.846273, -0.0289512, 2.998758;1.010632, -0.03753135, 2.673579;0.9650937, 0.1893678, 2.923202;0.9169708, 0.1194068, 2.97287;0.9905658, 0.1270464, 2.860377;0.9544366, -0.3556182, 3.02052;1.069606, -0.325802, 2.728383;0.9477763, -0.7152781, 3.047783;1.10414, -0.6923056, 2.642761;0.904094, -0.7833228, 3.03827;1.051405, -0.7736236, 2.590417;
0.9878339, 0.8173831, 3.006043;1.045754, 0.6532671, 2.956994;0.9783556, 0.2666674, 2.926121;0.9304178, 0.5180137, 3.112595;1.09194, 0.5146566, 2.826726;0.8478317, -0.02883848, 2.999788;1.010275, -0.03734723, 2.675855;0.9652495, 0.1893213, 2.92351;0.9171681, 0.1193998, 2.973011;0.9906745, 0.1272811, 2.861156;0.9545767, -0.3566419, 3.020896;1.069633, -0.3255524, 2.728682;0.9474134, -0.7159326, 3.047313;1.104082, -0.6922978, 2.642759;0.9041234, -0.7840382, 3.03761;1.051483, -0.7735136, 2.590506;
0.9881583, 0.8178548, 3.004366;1.04604, 0.653231, 2.956983;0.978928, 0.2664827, 2.926134;0.9307864, 0.5168408, 3.1116;1.093817, 0.5146689, 2.826492;0.8461934, -0.0342565, 2.999103;1.010549, -0.03726599, 2.677205;0.9658128, 0.1891132, 2.923534;0.9176674, 0.1190475, 2.972849;0.9914193, 0.1271308, 2.861293;0.9547461, -0.3563809, 3.020948;1.069629, -0.3253419, 2.72885;0.9473152, -0.7155469, 3.047456;1.104052, -0.6922912, 2.642706;0.9043085, -0.7836534, 3.037438;1.051214, -0.7732998, 2.590691;
0.9877505, 0.8194209, 3.00452;1.046581, 0.6536488, 2.957167;0.9791712, 0.266241, 2.926057;0.9307659, 0.5168026, 3.11162;1.093967, 0.5148594, 2.826334;0.8464947, -0.03241651, 3.001353;1.013857, -0.03567681, 2.676224;0.9660351, 0.1887023, 2.923387;0.9179409, 0.1187043, 2.972161;0.9915749, 0.1271003, 2.861391;0.9548562, -0.3563237, 3.021065;1.069618, -0.3253649, 2.72883;0.9470185, -0.7155536, 3.047526;1.104194, -0.692463, 2.642774;0.9043443, -0.7837381, 3.037474;1.051217, -0.7732033, 2.590786;
0.9875669, 0.8207912, 3.006109;1.046801, 0.6539172, 2.957407;0.9793893, 0.2660055, 2.926168;0.9309928, 0.5169505, 3.112327;1.093976, 0.5149322, 2.826393;0.8468668, -0.03335068, 3.003177;1.027976, -0.01040555, 2.671203;0.9662609, 0.1883222, 2.923487;0.9183076, 0.1184586, 2.971931;0.9917616, 0.1270702, 2.861754;0.9548073, -0.3562309, 3.020981;1.069715, -0.3254289, 2.729105;0.9471355, -0.7155208, 3.047788;1.104129, -0.6924464, 2.642747;0.9045337, -0.7836094, 3.037576;1.051317, -0.7730851, 2.590714;
0.987061, 0.8218005, 3.007474;1.046907, 0.6538556, 2.957304;0.9796208, 0.265846, 2.926191;0.9309988, 0.5168307, 3.112294;1.093987, 0.5149117, 2.826385;0.848556, -0.03266245, 3.004261;1.01621, -0.03480574, 2.673462;0.966486, 0.1881534, 2.923543;0.9186543, 0.1182046, 2.971848;0.9919808, 0.1271062, 2.861973;0.9548353, -0.3573566, 3.021752;1.069758, -0.32539, 2.729158;0.9470068, -0.7160418, 3.047749;1.104147, -0.6924571, 2.642771;0.9038745, -0.783201, 3.034487;1.051485, -0.7729645, 2.590535;
0.9865296, 0.8225481, 3.00675;1.046745, 0.6534448, 2.957413;0.9795695, 0.2653438, 2.92638;0.9311928, 0.5176532, 3.112088;1.093779, 0.5149235, 2.826098;0.848394, -0.03279331, 3.0046;1.016329, -0.03302287, 2.673596;0.9664254, 0.187643, 2.923749;0.91868, 0.1181843, 2.97181;0.991914, 0.1269257, 2.862685;0.9551446, -0.3565877, 3.02183;1.069773, -0.3254326, 2.729117;0.947242, -0.7155473, 3.047787;1.104225, -0.6928997, 2.642725;0.8968601, -0.7831537, 3.033839;1.051699, -0.7736651, 2.590467;
0.9864701, 0.824039, 3.006195;1.046659, 0.6537155, 2.957257;0.9796242, 0.2654328, 2.926385;0.9308264, 0.5180684, 3.11204;1.093773, 0.514915, 2.826066;0.8454021, -0.0344517, 3.00185;1.034468, 0.002939372, 2.680628;0.9664917, 0.1877257, 2.92378;0.9186919, 0.1182517, 2.97184;0.992175, 0.1271431, 2.862795;0.9549695, -0.3547447, 3.020656;1.069751, -0.3252353, 2.729199;0.9468537, -0.7153655, 3.047445;1.104317, -0.6928131, 2.642575;0.8994995, -0.7824436, 3.033819;1.051687, -0.7735385, 2.590206;
0.9855, 0.8248282, 3.00522;1.046606, 0.6537139, 2.95729;0.9796563, 0.2654052, 2.926415;0.930802, 0.517814, 3.110962;1.093934, 0.5149733, 2.825996;0.8440247, -0.03766977, 3.002321;1.029165, 0.0004193265, 2.677956;0.9665364, 0.1876903, 2.923813;0.9187162, 0.1182272, 2.971846;0.9922868, 0.1271206, 2.862854;0.9549218, -0.3545845, 3.020581;1.069735, -0.3251978, 2.729212;0.9468896, -0.7153002, 3.047466;1.104382, -0.6927435, 2.642626;0.9020389, -0.7815483, 3.034332;1.051773, -0.7734658, 2.590208;
0.9849775, 0.8256034, 3.005049;1.046565, 0.6536438, 2.957296;0.9795612, 0.2652395, 2.9265;0.9301229, 0.5173008, 3.108727;1.093556, 0.5148706, 2.82583;0.8476291, -0.03235364, 3.001771;1.02651, -0.004359533, 2.677367;0.9664044, 0.1874972, 2.923925;0.9186674, 0.118207, 2.971862;0.9921138, 0.1269827, 2.863114;0.9549101, -0.3542434, 3.020608;1.069756, -0.3252587, 2.729235;0.946614, -0.7149357, 3.047372;1.104765, -0.6926405, 2.642999;0.9022277, -0.7815412, 3.034423;1.05209, -0.7732204, 2.590407;
0.984727, 0.8268868, 3.005266;1.045955, 0.653793, 2.956991;0.9795079, 0.2652029, 2.926586;0.9302989, 0.5178771, 3.109117;1.093405, 0.5148133, 2.825702;0.8446135, -0.03766766, 2.997164;1.026939, -0.004456444, 2.677142;0.9663669, 0.1874297, 2.924082;0.9187147, 0.1181409, 2.97203;0.9920484, 0.12696, 2.863384;0.9558405, -0.3589258, 3.022545;1.069825, -0.3253821, 2.729257;0.9463212, -0.7164016, 3.047859;1.104822, -0.6929231, 2.643003;0.9017683, -0.782636, 3.033628;1.052013, -0.7734104, 2.590397;
0.9843395, 0.8276733, 3.005329;1.045959, 0.6537597, 2.956973;0.9794909, 0.2650496, 2.926579;0.9293596, 0.5173828, 3.106383;1.093385, 0.5148358, 2.825682;0.8436772, -0.03924039, 2.997633;1.027033, -0.005115493, 2.676993;0.9663339, 0.1872432, 2.924082;0.9186335, 0.1180033, 2.971969;0.9920611, 0.126837, 2.863437;0.9559233, -0.3573797, 3.022099;1.069857, -0.3255438, 2.729245;0.9462905, -0.7160912, 3.047693;1.104448, -0.6929601, 2.642802;0.9015935, -0.7823707, 3.034138;1.052059, -0.7733752, 2.589669;
0.9839622, 0.8284683, 3.005227;1.045912, 0.6537493, 2.957006;0.9794393, 0.2650708, 2.926605;0.9290627, 0.5175785, 3.106447;1.093008, 0.5148212, 2.825432;0.8409894, -0.06264863, 2.994998;1.026184, -0.006195799, 2.676701;0.9662721, 0.1872753, 2.924107;0.9184403, 0.1180156, 2.97214;0.9920484, 0.1268745, 2.863385;0.9555757, -0.3585685, 3.022078;1.069799, -0.3254421, 2.729171;0.9464878, -0.7168032, 3.047425;1.104526, -0.6955254, 2.643024;0.9019219, -0.7832569, 3.034398;1.051963, -0.7742937, 2.589787;
0.9831424, 0.8296096, 3.004091;1.044765, 0.6538854, 2.957907;0.9793927, 0.2651614, 2.926684;0.92826, 0.516315, 3.103308;1.092976, 0.5148541, 2.825384;0.8423746, -0.0543958, 2.997459;1.026083, -0.006350855, 2.676697;0.9662756, 0.1873673, 2.924145;0.918452, 0.117959, 2.972224;0.9921005, 0.1268997, 2.863212;0.9554497, -0.3576002, 3.021614;1.069906, -0.3248679, 2.729097;0.9469726, -0.7161755, 3.047712;1.104589, -0.6940957, 2.642459;0.9013413, -0.7821448, 3.036292;1.051361, -0.7739653, 2.590672;
0.9829029, 0.8307009, 3.003087;1.04474, 0.6541986, 2.958228;0.9792889, 0.2656783, 2.92694;0.9279431, 0.5161656, 3.10299;1.09296, 0.5148733, 2.825368;0.842221, -0.04641332, 2.999572;1.025612, -0.006643515, 2.676392;0.9661577, 0.1879394, 2.92437;0.918107, 0.1182358, 2.972731;0.9920959, 0.1271648, 2.863065;0.9553294, -0.3568383, 3.021331;1.069881, -0.3250217, 2.728949;0.9471705, -0.7153069, 3.047625;1.103726, -0.693827, 2.642286;0.9025272, -0.7820096, 3.03685;1.051229, -0.773878, 2.590278;
0.9826109, 0.8316969, 3.003003;1.04358, 0.6540889, 2.959025;0.9790062, 0.2659507, 2.926998;0.9275447, 0.5171254, 3.104157;1.092774, 0.5148928, 2.82544;0.8374299, -0.06428252, 2.99006;1.023412, -0.005777222, 2.676588;0.9659456, 0.1882807, 2.924345;0.9179648, 0.1183511, 2.972689;0.9919524, 0.1276779, 2.862831;0.9556187, -0.3580439, 3.02178;1.069859, -0.3238484, 2.729089;0.9466053, -0.7168897, 3.047519;1.103701, -0.6908804, 2.642544;0.9021568, -0.7836811, 3.036729;1.051835, -0.7725188, 2.59116;
0.9828508, 0.830138, 3.00255;1.04258, 0.6539807, 2.96002;0.9789411, 0.2658864, 2.926974;0.9270909, 0.5165104, 3.103334;1.092745, 0.5149938, 2.82532;0.8423072, -0.04280193, 2.994369;1.014925, -0.03305254, 2.671664;0.9659225, 0.1881874, 2.924209;0.9179745, 0.1181155, 2.972182;0.992021, 0.1275972, 2.862615;0.955667, -0.3583796, 3.022035;1.070036, -0.3239552, 2.729175;0.9466516, -0.7172678, 3.047502;1.102859, -0.6908596, 2.64176;0.9012536, -0.7828826, 3.032849;1.051578, -0.7729788, 2.590541;
0.9830275, 0.8283733, 3.001553;1.042511, 0.6536871, 2.959771;0.9789726, 0.2656961, 2.926862;0.9270576, 0.5165225, 3.10352;1.09249, 0.5149773, 2.825277;0.8387218, -0.06248835, 2.99006;1.013821, -0.03315398, 2.671123;0.965991, 0.1880084, 2.924094;0.9181813, 0.1178619, 2.971889;0.9920481, 0.1275686, 2.862614;0.9555885, -0.3585545, 3.021988;1.069686, -0.3241606, 2.728946;0.946649, -0.7175009, 3.047666;1.102585, -0.6904671, 2.641619;0.9019728, -0.7834676, 3.033293;1.051346, -0.7721729, 2.589699;
0.98432, 0.8273636, 2.999015;1.041981, 0.6535676, 2.959048;0.9788536, 0.26568, 2.926676;0.9268761, 0.5167934, 3.103822;1.092063, 0.5148831, 2.82531;0.8429666, -0.03671504, 2.994572;1.013313, -0.0333328, 2.671309;0.965932, 0.1880076, 2.923955;0.9181932, 0.1178905, 2.971657;0.9920108, 0.1275786, 2.862578;0.955499, -0.357916, 3.021677;1.069652, -0.3242567, 2.728934;0.9465612, -0.7170349, 3.047824;1.102628, -0.6904745, 2.641709;0.9008259, -0.7837338, 3.034073;1.051383, -0.7721599, 2.589702;
0.9846014, 0.8261022, 2.999369;1.041361, 0.6533135, 2.958382;0.9787709, 0.2658131, 2.926128;0.9267555, 0.516643, 3.103744;1.091906, 0.5147128, 2.824701;0.839223, -0.0463358, 2.992493;1.01028, -0.03198744, 2.671072;0.9659637, 0.1882324, 2.923339;0.9182487, 0.1177629, 2.971346;0.9921169, 0.1276754, 2.861282;0.9557467, -0.3577206, 3.021694;1.069823, -0.3244429, 2.729007;0.9477428, -0.7157105, 3.049121;1.102422, -0.6907079, 2.641699;0.9012773, -0.7831596, 3.035318;1.051244, -0.7723032, 2.589403;
0.9846487, 0.8250773, 2.999236;1.041552, 0.6535102, 2.957522;0.978568, 0.2660175, 2.92599;0.9269217, 0.5181823, 3.1065;1.091472, 0.5144885, 2.8243;0.8390194, -0.04631251, 2.988667;1.02169, 0.01781215, 2.67753;0.9656955, 0.1884838, 2.923265;0.9178715, 0.1180498, 2.971474;0.9917781, 0.1280125, 2.861174;0.9555826, -0.3582428, 3.021629;1.069717, -0.3250451, 2.728853;0.9469637, -0.7162604, 3.048267;1.102995, -0.6914142, 2.641969;0.9008697, -0.7836066, 3.034424;1.051239, -0.7723362, 2.589135;
0.9845638, 0.8238229, 2.99904;1.04094, 0.6532085, 2.957189;0.9783149, 0.2660087, 2.925997;0.926724, 0.5184327, 3.107021;1.091386, 0.5144887, 2.824372;0.8399279, -0.04218207, 2.989442;1.010989, -0.03429917, 2.679047;0.9655123, 0.1885067, 2.923306;0.9177361, 0.1180177, 2.971536;0.9915894, 0.127976, 2.861236;0.9557828, -0.3592377, 3.022337;1.069692, -0.3251804, 2.72876;0.9460286, -0.7185539, 3.047573;1.10301, -0.6914535, 2.641781;0.9007911, -0.7844565, 3.034316;1.051253, -0.7724773, 2.589113;
0.9829313, 0.821954, 2.99793;1.041059, 0.6530293, 2.956912;0.9782977, 0.2660303, 2.925988;0.9264651, 0.5178043, 3.105701;1.091544, 0.5144311, 2.824382;0.8418205, -0.03740871, 2.992342;1.008793, -0.03297345, 2.671966;0.9654848, 0.1885576, 2.923311;0.9175965, 0.1179385, 2.971668;0.9915596, 0.1279277, 2.861167;0.9551456, -0.3562549, 3.021485;1.069665, -0.3251944, 2.728762;0.9475359, -0.7164899, 3.048094;1.102938, -0.6914475, 2.641715;0.9018206, -0.7824252, 3.037098;1.051481, -0.7723895, 2.588869;
0.9831589, 0.8209761, 2.997574;1.040903, 0.6528874, 2.95684;0.977813, 0.2664995, 2.926206;0.9264899, 0.5188252, 3.107157;1.091337, 0.5145078, 2.824088;0.8434169, -0.03068161, 2.997353;1.009264, -0.03339227, 2.671415;0.9648927, 0.1893017, 2.923663;0.91707, 0.1185482, 2.972197;0.990855, 0.1283017, 2.8614;0.9550055, -0.355546, 3.021317;1.069676, -0.3259426, 2.728224;0.948227, -0.7114536, 3.049779;1.103043, -0.6912688, 2.64204;0.9046018, -0.7789618, 3.037628;1.051641, -0.7722872, 2.589225;
0.9829957, 0.8219545, 2.997926;1.040171, 0.6533032, 2.957026;0.977432, 0.2666907, 2.926315;0.9264058, 0.518934, 3.106988;1.09132, 0.5149358, 2.824336;0.8397841, -0.04403801, 2.999694;1.009747, -0.03611869, 2.672711;0.964615, 0.189441, 2.923751;0.9168422, 0.1186432, 2.972256;0.9906517, 0.1283923, 2.861497;0.9547844, -0.3540834, 3.020456;1.069598, -0.3258773, 2.728283;0.9479793, -0.7112777, 3.049021;1.103184, -0.691258, 2.642111;0.9037364, -0.7789891, 3.0367;1.051257, -0.7722169, 2.589591;
0.9826059, 0.8220441, 2.997778;1.040019, 0.6534206, 2.956798;0.9773476, 0.2666773, 2.926259;0.9261118, 0.5189294, 3.107658;1.0912, 0.5149936, 2.824349;0.8401889, -0.04504645, 2.998149;1.009487, -0.03755419, 2.673764;0.9645509, 0.1894122, 2.923712;0.9167475, 0.1186765, 2.972195;0.9906403, 0.1284044, 2.861503;0.9547393, -0.3540654, 3.020449;1.069572, -0.3255519, 2.72834;0.9484403, -0.7114745, 3.049043;1.103002, -0.690002, 2.641976;0.903299, -0.7786835, 3.03674;1.05158, -0.7715312, 2.589808;
0.982394, 0.820761, 2.995358;1.039318, 0.6536266, 2.956364;0.977163, 0.2668506, 2.926272;0.9260199, 0.5180462, 3.107698;1.090951, 0.5148035, 2.824304;0.8410163, -0.04040828, 2.998092;1.011989, -0.03774814, 2.67294;0.9644386, 0.1895717, 2.92377;0.9167106, 0.1186256, 2.97243;0.9904928, 0.1284259, 2.861456;0.9546872, -0.3530191, 3.020022;1.069376, -0.3258129, 2.728108;0.9481602, -0.7116165, 3.048861;1.103205, -0.690423, 2.642215;0.9042692, -0.778559, 3.036407;1.051672, -0.7717431, 2.589829;
0.9809576, 0.8213564, 2.993354;1.039035, 0.6537784, 2.956477;0.9771327, 0.2668152, 2.926205;0.9247013, 0.5166593, 3.103132;1.091164, 0.5153147, 2.824384;0.8419998, -0.0427094, 2.999429;1.01016, -0.03725054, 2.67175;0.9644465, 0.1894906, 2.923646;0.9166932, 0.1184977, 2.971987;0.9905933, 0.1283885, 2.861431;0.9545215, -0.3528406, 3.019925;1.069318, -0.3258871, 2.728079;0.9481208, -0.711596, 3.048818;1.103396, -0.6903805, 2.642079;0.904537, -0.778792, 3.036546;1.051811, -0.7716876, 2.589716;
0.9799007, 0.8206601, 2.990828;1.038917, 0.6537657, 2.956477;0.9770769, 0.2667985, 2.926201;0.9246177, 0.5166114, 3.102786;1.09078, 0.5151766, 2.823988;0.8387654, -0.05078167, 2.997352;1.011225, -0.007804446, 2.669842;0.9644156, 0.1894744, 2.923648;0.9166844, 0.1183788, 2.972004;0.9905276, 0.1283578, 2.861405;0.9540606, -0.3544059, 3.020212;1.069079, -0.3267631, 2.727759;0.9485421, -0.7167011, 3.048895;1.102791, -0.6901609, 2.641877;0.9027122, -0.7820442, 3.035142;1.051802, -0.7718013, 2.589518;
0.9758257, 0.8170154, 2.985648;1.03822, 0.6531314, 2.955709;0.9769914, 0.2667053, 2.926252;0.9239579, 0.5160335, 3.102138;1.089678, 0.5144855, 2.823537;0.8352751, -0.05496173, 2.988547;1.021462, -0.006369384, 2.67342;0.964373, 0.1893975, 2.92377;0.9166759, 0.1181825, 2.972385;0.9905089, 0.1282384, 2.861574;0.9539617, -0.3539094, 3.020217;1.069099, -0.3278638, 2.727508;0.9486992, -0.7158253, 3.048398;1.102754, -0.6916125, 2.642267;0.9029989, -0.7812849, 3.034904;1.051796, -0.772293, 2.589561;
0.9746996, 0.8171303, 2.985811;1.036065, 0.6531031, 2.955586;0.9765718, 0.2665949, 2.926537;0.9212148, 0.5166363, 3.106695;1.088458, 0.5143836, 2.823255;0.8314524, -0.0711826, 2.984581;1.009431, -0.03777424, 2.666641;0.9641435, 0.1892801, 2.92411;0.9164169, 0.1181544, 2.972879;0.9905707, 0.128199, 2.861995;0.953739, -0.3539309, 3.020197;1.068907, -0.3275757, 2.727665;0.9482585, -0.7157828, 3.048046;1.102702, -0.6916974, 2.642125;0.9022729, -0.781193, 3.035364;1.052091, -0.7725645, 2.589956;
0.9708421, 0.8170139, 2.984296;1.033855, 0.6519011, 2.955922;0.9761619, 0.2664574, 2.927271;0.9201865, 0.5174798, 3.108784;1.087448, 0.514191, 2.82305;0.8308153, -0.07102007, 2.982969;1.013447, -0.02596814, 2.669731;0.9639714, 0.1892556, 2.925007;0.9164537, 0.118204, 2.973922;0.9905868, 0.1279428, 2.863154;0.9531982, -0.3532948, 3.019771;1.068393, -0.3277581, 2.727561;0.9472965, -0.7142352, 3.047606;1.102365, -0.6916732, 2.6423;0.9019307, -0.7802969, 3.036407;1.052063, -0.7724671, 2.589686;
0.9649372, 0.817503, 2.981083;1.031725, 0.6510748, 2.955755;0.9754658, 0.2660607, 2.928704;0.9188536, 0.5174159, 3.108358;1.08531, 0.5119504, 2.821676;0.8283345, -0.07066596, 2.979174;1.014989, -0.008461516, 2.67252;0.963575, 0.1889042, 2.926974;0.916243, 0.1180172, 2.976469;0.9905565, 0.1268689, 2.865767;0.952302, -0.3531988, 3.019519;1.067923, -0.3276142, 2.727556;0.9470779, -0.7140673, 3.04742;1.102412, -0.6917151, 2.642531;0.902527, -0.7805862, 3.035949;1.052066, -0.772425, 2.589669;
0.9563788, 0.8157775, 2.976715;1.026576, 0.6491666, 2.952731;0.9749353, 0.2656384, 2.929291;0.9122893, 0.5122853, 3.112381;1.083854, 0.5112989, 2.821459;0.8295106, -0.06603784, 2.977932;1.010419, -0.01241913, 2.672259;0.9634024, 0.1885238, 2.928016;0.9158658, 0.1175066, 2.978575;0.9912894, 0.1259847, 2.867197;0.9517342, -0.3532, 3.01953;1.067243, -0.3275535, 2.727705;0.9469473, -0.7141098, 3.047281;1.102199, -0.6919613, 2.642241;0.9027551, -0.7808459, 3.035982;1.052165, -0.772387, 2.58936;
0.9342645, 0.8073214, 2.961277;1.020231, 0.64591, 2.952473;0.9739463, 0.26528, 2.930687;0.9102574, 0.5147729, 3.113575;1.080749, 0.5101967, 2.821105;0.8278956, -0.05837141, 2.983523;1.008076, -0.01017869, 2.673005;0.9630682, 0.1884933, 2.929762;0.9161002, 0.1174282, 2.980897;0.9913709, 0.1252385, 2.868999;0.9509529, -0.3556768, 3.021191;1.066758, -0.3279082, 2.727514;0.946673, -0.7144911, 3.047032;1.102382, -0.6926568, 2.642346;0.9031747, -0.781565, 3.035279;1.052189, -0.7724062, 2.589356;
0.9269737, 0.8038709, 2.957732;1.013976, 0.6423085, 2.95323;0.9733648, 0.2648245, 2.932623;0.9053401, 0.5147026, 3.11615;1.077634, 0.508654, 2.820499;0.8223929, -0.07208902, 2.982117;1.004225, -0.00912872, 2.671898;0.9634058, 0.188466, 2.932273;0.917175, 0.1164586, 2.984934;0.9926806, 0.1241077, 2.871175;0.9504581, -0.3555877, 3.021231;1.065287, -0.3301348, 2.727654;0.946304, -0.7142602, 3.047056;1.102219, -0.6930705, 2.642146;0.903477, -0.7817638, 3.035524;1.051857, -0.7723978, 2.588696;
0.9177944, 0.7982407, 2.956339;1.00922, 0.6387717, 2.952346;0.9724798, 0.2636208, 2.934807;0.8992397, 0.5121157, 3.116853;1.074537, 0.5067778, 2.820054;0.8224395, -0.07633453, 2.986445;1.00079, -0.01096159, 2.671678;0.9634014, 0.1876462, 2.935123;0.9174535, 0.1153894, 2.988273;0.9939706, 0.121856, 2.874982;0.9498399, -0.3554846, 3.021189;1.064118, -0.3309316, 2.727861;0.9460518, -0.7138449, 3.047004;1.101099, -0.6930932, 2.641427;0.9042013, -0.7819055, 3.035542;1.051941, -0.7724191, 2.588462;
0.8892349, 0.7818192, 2.943206;0.9999835, 0.633168, 2.950429;0.971621, 0.2615544, 2.937197;0.8951187, 0.50835, 3.115991;1.06756, 0.5031328, 2.819589;0.8216144, -0.0790362, 2.984229;0.9920441, -0.01479392, 2.672587;0.9638504, 0.185935, 2.938299;0.9197398, 0.1120479, 2.993418;0.9952816, 0.1197966, 2.878181;0.9483724, -0.3593158, 3.022558;1.063752, -0.3316534, 2.727863;0.945676, -0.7146967, 3.047028;1.101082, -0.6931048, 2.641405;0.9041287, -0.7827421, 3.03475;1.051946, -0.7723716, 2.588417;
0.8812671, 0.77399, 2.941514;0.9823887, 0.6182575, 2.950973;0.9721879, 0.2584139, 2.937773;0.884874, 0.5021207, 3.109279;1.062101, 0.4993197, 2.81806;0.8204758, -0.07656994, 2.986735;0.9837906, -0.01560681, 2.671362;0.9665802, 0.1834412, 2.938957;0.9248487, 0.1087434, 2.993123;1.002241, 0.116943, 2.879273;0.9471205, -0.3584185, 3.022474;1.063329, -0.3366421, 2.727075;0.9450715, -0.7146989, 3.047062;1.100974, -0.6933813, 2.641127;0.9039417, -0.7827762, 3.033876;1.051774, -0.7724437, 2.58803;
0.8531689, 0.7537196, 2.925693;0.970651, 0.6103146, 2.948258;0.9721172, 0.2555314, 2.938821;0.8794246, 0.4993593, 3.103163;1.055436, 0.4962528, 2.816479;0.8187146, -0.08073393, 2.98689;0.9715502, -0.0287122, 2.668034;0.9684949, 0.1814414, 2.940423;0.9293805, 0.1052874, 2.995982;1.006173, 0.1152254, 2.880545;0.945608, -0.3577113, 3.022369;1.063292, -0.3396763, 2.726529;0.9440221, -0.7136873, 3.047338;1.09994, -0.6946632, 2.639717;0.9046897, -0.7826947, 3.03382;1.051836, -0.7726917, 2.587932;
0.8308022, 0.72655, 2.919322;0.952185, 0.5897708, 2.943073;0.9737279, 0.2493035, 2.939215;0.8632737, 0.4634947, 3.09221;1.046523, 0.4903342, 2.812765;0.8209344, -0.05119468, 2.991433;0.9629375, -0.03324802, 2.665094;0.9738951, 0.1768134, 2.941483;0.9410636, 0.09487329, 3.000155;1.0172, 0.1101874, 2.879712;0.9437078, -0.3590921, 3.022938;1.064436, -0.345298, 2.725442;0.9431401, -0.7152628, 3.047074;1.099798, -0.6950344, 2.639769;0.904414, -0.7844586, 3.033124;1.051835, -0.7727166, 2.587776;
0.7905113, 0.6819029, 2.901842;0.9139174, 0.5579149, 2.927212;0.9790958, 0.2257104, 2.943623;0.8300285, 0.4357331, 3.074087;1.01518, 0.4628786, 2.802298;0.8034028, -0.109285, 2.970306;0.9448874, -0.06670854, 2.658281;0.9898422, 0.1543227, 2.950024;0.9628738, 0.07113855, 3.013287;1.046306, 0.08894002, 2.891656;0.9392935, -0.3608813, 3.024189;1.064438, -0.3452904, 2.725313;0.9429598, -0.7158794, 3.046791;1.098595, -0.6949123, 2.638983;0.9052687, -0.7855137, 3.032524;1.051552, -0.77271, 2.587569;
0.7604719, 0.6495064, 2.896835;0.9002549, 0.5370284, 2.925285;0.9828451, 0.2099694, 2.943664;0.8223495, 0.4169394, 3.069242;1.008519, 0.4548326, 2.80102;0.8035599, -0.1133932, 2.97286;0.9239401, -0.1046065, 2.656706;0.9972765, 0.1425043, 2.950572;0.9722431, 0.0611408, 3.013115;1.054536, 0.08302302, 2.892395;0.9383686, -0.3609412, 3.024646;1.065616, -0.3537118, 2.723127;0.942847, -0.7158517, 3.04676;1.09816, -0.6967996, 2.637286;0.9052077, -0.785439, 3.032454;1.050315, -0.773625, 2.585779;
0.7435676, 0.6263879, 2.879555;0.8778096, 0.5032516, 2.920041;0.9891062, 0.182824, 2.941534;0.8099431, 0.3922139, 3.064138;0.9963729, 0.4270408, 2.79963;0.7893761, -0.1696319, 2.964838;0.9222962, -0.1148103, 2.657833;1.010328, 0.1165139, 2.949081;0.9889516, 0.03834447, 3.010214;1.073129, 0.0642218, 2.892694;0.9349843, -0.3631568, 3.026458;1.066972, -0.3641867, 2.719021;0.9418975, -0.7157899, 3.046852;1.097229, -0.7008858, 2.634791;0.9052619, -0.7858366, 3.032665;1.050001, -0.774071, 2.585288;
0.6962653, 0.4859095, 2.833731;0.8446103, 0.373727, 2.896038;0.9982371, 0.0939213, 2.935859;0.7786391, 0.284411, 3.017292;0.9583486, 0.3451829, 2.773362;0.7793995, -0.2228273, 2.949339;0.9079928, -0.2090351, 2.641168;1.028962, 0.03796016, 2.947348;1.016189, -0.02834163, 2.994817;1.096185, 0.005092684, 2.910775;0.9144984, -0.4162876, 3.034831;1.064523, -0.3671296, 2.71685;0.9416519, -0.7158206, 3.046677;1.096158, -0.7016726, 2.634145;0.9051737, -0.7858051, 3.032276;1.048668, -0.7748386, 2.583787;
0.6953868, 0.4652305, 2.822783;0.8403521, 0.3500278, 2.884383;1.003231, 0.0895083, 2.936918;0.7765279, 0.2627014, 3.005976;0.9607215, 0.3163255, 2.765466;0.7747591, -0.2397267, 2.941316;0.906759, -0.2271412, 2.643201;1.036094, 0.03473189, 2.950093;1.024831, -0.03140907, 2.99847;1.106364, 0.005286994, 2.916451;0.9057369, -0.4146535, 3.03301;1.060342, -0.373591, 2.713349;0.9413341, -0.715792, 3.046325;1.095564, -0.7027729, 2.633353;0.9051264, -0.7859325, 3.032496;1.047815, -0.7752151, 2.582975;
0.6841687, 0.4126204, 2.799579;0.8264968, 0.3078518, 2.857682;1.014722, 0.07408594, 2.939164;0.7595594, 0.2115335, 2.993027;0.9489897, 0.2975171, 2.754831;0.7706173, -0.3097011, 2.943858;0.9024091, -0.2880372, 2.642651;1.052208, 0.0225528, 2.956988;1.040056, -0.04007975, 3.000136;1.124178, 0.004005287, 2.935458;0.8944613, -0.4144001, 3.029297;1.05425, -0.3771076, 2.71207;0.941372, -0.71587, 3.046415;1.09507, -0.7028774, 2.632718;0.9047966, -0.7857414, 3.032735;1.048029, -0.7753051, 2.583735;
0.6773789, 0.3801904, 2.78384;0.820363, 0.2790924, 2.846764;1.007571, 0.01610781, 2.927869;0.7560796, 0.1734083, 2.98678;0.938012, 0.2473397, 2.744847;0.7626431, -0.3191971, 2.945008;0.8867449, -0.314826, 2.648963;1.045336, -0.03497424, 2.948163;1.038638, -0.09670031, 2.990027;1.11295, -0.05564439, 2.930469;0.8659551, -0.4560554, 3.035767;1.046223, -0.3942855, 2.705204;0.9400648, -0.7135785, 3.046224;1.093545, -0.704021, 2.631513;0.9053148, -0.784306, 3.03275;1.047915, -0.7752882, 2.583701;
0.6598489, 0.3233237, 2.763509;0.8147563, 0.2478504, 2.824178;1.013924, -4.38774E-05, 2.926383;0.7571826, 0.155311, 2.970928;0.9385443, 0.2301287, 2.739013;0.757586, -0.3436851, 2.942844;0.8911979, -0.3568745, 2.650557;1.053838, -0.05169647, 2.94911;1.04515, -0.1071109, 2.987334;1.118322, -0.0670785, 2.935992;0.8605546, -0.4597172, 3.033468;1.039028, -0.4064303, 2.702052;0.9382435, -0.7081637, 3.047059;1.094204, -0.7087572, 2.631161;0.9061124, -0.7796441, 3.031768;1.048288, -0.7748856, 2.584327;
0.6414827, 0.2704188, 2.752369;0.8038858, 0.2096106, 2.804403;1.024698, -0.01888994, 2.92262;0.767375, 0.09052529, 2.956542;0.9408692, 0.1769235, 2.735802;0.7442203, -0.4308274, 2.934226;0.9027517, -0.4000532, 2.632833;1.067871, -0.06713597, 2.948206;1.065528, -0.1258752, 2.978787;1.128226, -0.07374002, 2.941784;0.8500444, -0.459479, 3.028039;1.033427, -0.4365896, 2.692425;0.9159046, -0.7565122, 3.057339;1.099168, -0.7369257, 2.627908;0.8922576, -0.8025203, 2.996629;1.046552, -0.7763121, 2.582721;
0.6427007, 0.2621239, 2.74772;0.8018994, 0.1817231, 2.799509;1.030503, -0.07276349, 2.915583;0.7593637, 0.06680126, 2.951185;0.939377, 0.1474283, 2.732054;0.7346943, -0.4446514, 2.937746;0.8789027, -0.4224253, 2.628818;1.076354, -0.1218326, 2.942595;1.067306, -0.1856725, 2.962642;1.143879, -0.1205749, 2.950264;0.8915215, -0.4922857, 3.045033;1.036896, -0.4505253, 2.690648;0.9343708, -0.7051278, 3.047398;1.100192, -0.750302, 2.625824;0.9048169, -0.7774374, 3.031733;1.042057, -0.7781871, 2.579023;
0.6384776, 0.2058165, 2.734044;0.7940524, 0.1385105, 2.778491;1.029531, -0.07396503, 2.915371;0.7465, 0.01852699, 2.945008;0.931478, 0.1149972, 2.72722;0.7319322, -0.5080689, 2.931818;0.8769338, -0.4629943, 2.622542;1.075702, -0.1219918, 2.942881;1.06722, -0.1856662, 2.981687;1.14339, -0.1215138, 2.94562;0.891283, -0.4950493, 3.044251;1.031108, -0.479166, 2.684037;0.9326352, -0.7100683, 3.044286;1.108364, -0.775176, 2.624507;0.9022543, -0.7824357, 3.031259;1.042469, -0.7755595, 2.579925;
0.6311949, 0.1876152, 2.729181;0.7841861, 0.1218537, 2.774993;1.018671, -0.08544473, 2.914494;0.7497401, -0.0121782, 2.944004;0.9318546, 0.104302, 2.729265;0.7268611, -0.5407615, 2.930543;0.8701248, -0.4873465, 2.614857;1.06667, -0.1284448, 2.944076;1.057368, -0.200658, 2.992545;1.141159, -0.1237014, 2.942419;0.8914169, -0.5176073, 3.042353;1.037107, -0.497952, 2.681637;0.9316982, -0.7107692, 3.043961;1.090307, -0.708927, 2.631188;0.9015512, -0.7831525, 3.031101;1.045046, -0.7770329, 2.583129;
0.6290978, 0.1508857, 2.724836;0.7800187, 0.07789619, 2.770964;1.01818, -0.08861943, 2.914847;0.7502291, -0.03804318, 2.936083;0.9306749, 0.07294604, 2.72559;0.7283831, -0.5623105, 2.924403;0.8595335, -0.5208343, 2.605224;1.066326, -0.1289999, 2.944611;1.05951, -0.2011601, 2.996812;1.141563, -0.1234159, 2.941685;0.8836117, -0.5107008, 3.035166;1.039414, -0.4994279, 2.680995;0.927195, -0.7249272, 3.040745;1.090019, -0.7093755, 2.631253;0.8928664, -0.7952242, 3.027829;1.046001, -0.7762675, 2.58438;
0.6103342, 0.1060586, 2.707962;0.7669225, 0.05222137, 2.76294;1.004738, -0.09481087, 2.905897;0.7428622, -0.1175312, 2.956318;0.9178575, 0.05865951, 2.721604;0.7174897, -0.6171004, 2.918154;0.8635651, -0.5229601, 2.602469;1.052505, -0.1284002, 2.936888;1.057606, -0.2046409, 3.001315;1.138743, -0.1157903, 2.922943;0.9066921, -0.6338606, 3.059438;1.043564, -0.5051011, 2.679621;0.9279032, -0.7249346, 3.041249;1.089876, -0.712095, 2.631967;0.8904712, -0.7935385, 3.028871;1.045691, -0.7765743, 2.584118;
0.6135105, 0.09204942, 2.708242;0.7716599, 0.02247766, 2.756158;0.974247, -0.1941995, 2.90563;0.7422466, -0.1175413, 2.953651;0.9113008, 0.01216874, 2.709038;0.7165828, -0.6168596, 2.917073;0.8667169, -0.5327671, 2.597078;1.014506, -0.2359109, 2.939349;1.001821, -0.2975972, 2.968159;1.088979, -0.2382434, 2.954247;0.9053934, -0.6360337, 3.061895;1.042474, -0.5100008, 2.677161;0.9278795, -0.7271823, 3.041302;1.090182, -0.7138878, 2.632962;0.8880445, -0.7940242, 3.027867;1.045526, -0.776603, 2.58438;
0.6057974, 0.05361553, 2.689503;0.7621691, 0.00378982, 2.743947;0.9611099, -0.2480806, 2.844471;0.743607, -0.1195077, 2.931483;0.9021187, 0.002957229, 2.703179;0.7169207, -0.6125324, 2.924153;0.8630326, -0.5459157, 2.596351;1.001727, -0.2968222, 2.869092;0.9936755, -0.3415596, 2.880561;1.062295, -0.3151051, 2.882687;0.905296, -0.635031, 3.061776;1.079716, -0.6967942, 2.666002;0.9284126, -0.7287014, 3.041556;1.089792, -0.7131778, 2.633164;0.8872359, -0.7944299, 3.027575;1.04442, -0.7769444, 2.583191;
0.6051537, 0.0480589, 2.687589;0.7613653, -0.007609772, 2.741874;0.9609513, -0.2492247, 2.84477;0.7448757, -0.1266595, 2.923805;0.8909858, -0.003022295, 2.700882;0.7172926, -0.5937341, 2.919467;0.8532538, -0.5812565, 2.593211;1.001503, -0.297568, 2.869357;0.993908, -0.3438968, 2.878986;1.06166, -0.3159486, 2.886419;0.9018949, -0.6370052, 3.06316;1.077939, -0.6972754, 2.664226;0.9283844, -0.7295989, 3.041281;1.089144, -0.7150356, 2.632917;0.8866623, -0.7948315, 3.027406;1.044874, -0.7770472, 2.584015;
0.6056671, 0.03200375, 2.686278;0.762128, -0.02551203, 2.741322;0.9586584, -0.2512633, 2.843824;0.7468691, -0.1409525, 2.919551;0.8903751, -0.004991513, 2.699651;0.7222701, -0.6101685, 2.922918;0.8558379, -0.5868025, 2.591962;0.9984055, -0.2985384, 2.868088;0.9904009, -0.3509238, 2.869818;1.05993, -0.3164386, 2.890284;0.8786967, -0.5626277, 3.048878;1.076871, -0.7009366, 2.660934;0.9285145, -0.7297174, 3.04104;1.088871, -0.7191982, 2.630626;0.8866563, -0.7949598, 3.02837;1.045146, -0.7774168, 2.583555;
0.6036416, 0.02908186, 2.684022;0.7591633, -0.03191486, 2.738631;0.9503958, -0.2574801, 2.836401;0.7378377, -0.1571119, 2.932184;0.8889647, -0.006263194, 2.699062;0.7234858, -0.6159663, 2.923679;0.8574097, -0.5907502, 2.590891;0.9885277, -0.3035237, 2.85926;0.9824885, -0.3582444, 2.86006;1.055653, -0.3204961, 2.886711;0.8844457, -0.5656092, 3.048152;1.078101, -0.7046577, 2.659994;0.9286766, -0.7301602, 3.040941;1.088621, -0.720023, 2.631464;0.8857484, -0.7944357, 3.027722;1.044915, -0.7776657, 2.5831;
0.6035755, 0.02561422, 2.682363;0.7590086, -0.03496078, 2.737796;0.9483016, -0.2481315, 2.840561;0.7366185, -0.1606934, 2.936873;0.8887227, -0.007518787, 2.69814;0.7239873, -0.6188252, 2.923478;0.865438, -0.5569103, 2.590752;0.9852998, -0.2863933, 2.86647;0.9839256, -0.3550523, 2.859702;1.059515, -0.2884785, 2.926771;0.885007, -0.5661947, 3.047629;1.101389, -0.6458226, 2.697153;0.9293077, -0.7308272, 3.03991;1.089936, -0.7210776, 2.633255;0.8789275, -0.7887768, 3.024374;1.045074, -0.777957, 2.582887;
0.6017537, 0.02348841, 2.679973;0.7572357, -0.03693749, 2.73604;0.9438377, -0.2505449, 2.833168;0.7348028, -0.1658835, 2.936552;0.8835202, -0.009561206, 2.695693;0.7282486, -0.6248494, 2.924593;0.8655089, -0.5570601, 2.59081;0.9799507, -0.2913518, 2.855414;0.9821093, -0.360514, 2.839803;1.050195, -0.3161661, 2.900658;0.892494, -0.5630007, 3.04542;1.051219, -0.5810208, 2.669872;0.9326437, -0.7355139, 3.040864;1.089614, -0.7216395, 2.632592;0.8788313, -0.7898414, 3.024201;1.044585, -0.7786841, 2.582347;
0.6014975, 0.01963398, 2.679027;0.756886, -0.0408106, 2.735469;0.9494051, -0.2510513, 2.83275;0.7300122, -0.1745444, 2.94144;0.8829657, -0.009707804, 2.695184;0.7298912, -0.6284866, 2.923797;0.8665333, -0.5514265, 2.590465;0.9891363, -0.2917652, 2.855227;0.9990136, -0.3538026, 2.87397;1.071201, -0.3030731, 2.865458;0.8957132, -0.500987, 3.038327;1.064293, -0.4558168, 2.672797;0.9330332, -0.7370546, 3.039714;1.089843, -0.722283, 2.63339;0.8793361, -0.7915078, 3.023522;1.045238, -0.7791492, 2.582295;
0.6023199, 0.01875839, 2.679313;0.7560764, -0.04254535, 2.735121;0.9513999, -0.2561018, 2.829628;0.727718, -0.176838, 2.942822;0.8812634, -0.009868478, 2.69465;0.7307092, -0.6293726, 2.924691;0.8536634, -0.6083105, 2.594496;0.9917338, -0.2985833, 2.851212;0.9960976, -0.3592334, 2.867733;1.069625, -0.3117219, 2.862792;0.896361, -0.5014506, 3.038235;0.868958, -0.5104036, 2.567201;0.9339496, -0.7381141, 3.039847;1.088955, -0.7219731, 2.633112;0.8794066, -0.7914554, 3.023216;1.045435, -0.7795842, 2.582193;
0.6049411, 0.01619903, 2.68056;0.7571253, -0.04897259, 2.737089;0.9535913, -0.2534484, 2.827162;0.7276518, -0.1834047, 2.946959;0.8697101, -0.01546029, 2.690068;0.7309647, -0.6298289, 2.924532;0.8727612, -0.6062002, 2.590808;0.9944893, -0.2931691, 2.847235;1.015347, -0.3577118, 2.901514;1.071282, -0.296368, 2.808584;0.8966266, -0.5014419, 3.037938;0.849036, -0.5372212, 2.567986;0.9351876, -0.7373956, 3.040492;1.088852, -0.7219811, 2.633262;0.8780771, -0.7878447, 3.024071;1.045419, -0.779691, 2.58216;
0.6032997, 0.01698357, 2.678587;0.7535539, -0.04924851, 2.734607;0.9524531, -0.2570312, 2.821454;0.7234411, -0.1834125, 2.945316;0.8702699, -0.02789971, 2.687787;0.7323492, -0.633222, 2.92417;0.8915372, -0.5526013, 2.582995;0.9933281, -0.2982668, 2.840975;1.006945, -0.3637796, 2.894018;1.067345, -0.3133938, 2.806879;0.8968229, -0.5018586, 3.036854;0.8401595, -0.5395513, 2.557059;0.9354731, -0.7380713, 3.040508;1.089342, -0.7228202, 2.633645;0.8795445, -0.789068, 3.022224;1.045488, -0.7800733, 2.581839;
0.6046957, 0.01621781, 2.678886;0.7525451, -0.04980887, 2.733101;0.9539114, -0.2559556, 2.822197;0.7223046, -0.18381, 2.94431;0.8729362, -0.03167184, 2.686555;0.7315567, -0.6345174, 2.923626;0.8590103, -0.5925241, 2.58821;0.9956773, -0.2964546, 2.842968;1.007324, -0.3605549, 2.894932;1.071296, -0.3091935, 2.821371;0.8971313, -0.5021188, 3.036184;0.8551855, -0.5382582, 2.564954;0.9352173, -0.7355197, 3.040018;1.088583, -0.7217388, 2.633802;0.8814759, -0.7892919, 3.023648;1.044874, -0.7803777, 2.581731;
0.6048002, 0.01597162, 2.678841;0.7503986, -0.0503308, 2.731384;0.9450908, -0.2799025, 2.824443;0.7231432, -0.18464, 2.942967;0.8760767, -0.03861137, 2.685466;0.7320302, -0.6355963, 2.922735;0.8465422, -0.6168204, 2.589095;0.9831595, -0.3314764, 2.847879;0.9700944, -0.3892456, 2.864562;1.049834, -0.3533507, 2.858998;0.8531353, -0.5496264, 3.031507;0.8592929, -0.5180357, 2.538322;0.9358609, -0.7372687, 3.040147;1.088568, -0.7216834, 2.633766;0.8797581, -0.7884227, 3.023826;1.044843, -0.7804767, 2.581692;
0.6207157, 0.004315812, 2.682768;0.7584116, -0.05844852, 2.731395;0.9558893, -0.2708818, 2.827997;0.7235899, -0.1852123, 2.941764;0.8812163, -0.03888838, 2.684534;0.7320138, -0.6362249, 2.92183;0.8466194, -0.6190876, 2.589266;0.9990374, -0.3100068, 2.852695;0.9959173, -0.3636332, 2.869822;1.077046, -0.3124339, 2.869326;0.8985199, -0.5057486, 3.029154;0.8632285, -0.4918787, 2.573967;0.9269998, -0.7040054, 3.036008;1.088556, -0.7217153, 2.633672;0.8916142, -0.7776375, 3.027492;1.045131, -0.7806263, 2.58119;
0.6205577, 0.005096225, 2.682007;0.7619966, -0.05998712, 2.731539;0.9560086, -0.270641, 2.826686;0.7255037, -0.1862157, 2.942181;0.8826014, -0.03576719, 2.682897;0.7319894, -0.6366799, 2.920922;0.8454634, -0.6177164, 2.588761;0.9977062, -0.3101133, 2.849738;0.9928942, -0.3659548, 2.85982;1.072052, -0.3174834, 2.866606;0.8982332, -0.5058345, 3.029015;0.8686203, -0.5126439, 2.57487;0.9269681, -0.7039567, 3.035755;1.08865, -0.7218419, 2.633659;0.8896098, -0.7779344, 3.02685;1.045227, -0.7811567, 2.58086;
0.6098298, 0.013424, 2.675247;0.7594376, -0.05821307, 2.729337;0.9438596, -0.2816609, 2.824099;0.7221596, -0.1842582, 2.940212;0.8875819, -0.04654463, 2.678989;0.7323004, -0.6372216, 2.921007;0.8558286, -0.6018221, 2.586535;0.9777432, -0.3305048, 2.846401;0.9616803, -0.3859884, 2.860424;1.043133, -0.3587862, 2.858299;0.8501378, -0.5545842, 3.02948;0.8554747, -0.5364908, 2.545412;0.923804, -0.7308123, 3.034843;1.033726, -0.7771475, 2.544131;0.880242, -0.7939842, 3.024028;0.9982466, -0.8464549, 2.496702;
0.6096352, 0.0133654, 2.674801;0.7592257, -0.05679722, 2.728764;0.9422731, -0.2494443, 2.822986;0.7223198, -0.1831031, 2.941218;0.8904519, -0.02676987, 2.680691;0.7327889, -0.6369296, 2.920984;0.8610737, -0.5462543, 2.584962;0.978618, -0.279857, 2.845395;0.983099, -0.3492328, 2.834051;1.058647, -0.2985884, 2.897027;0.8945838, -0.5042695, 3.028794;0.8894192, -0.502818, 2.590712;0.9285325, -0.7339897, 3.035298;1.087596, -0.7213872, 2.632952;0.8793365, -0.7926665, 3.02399;1.044392, -0.7815461, 2.578063;
0.610108, 0.01360206, 2.674378;0.7609669, -0.05401429, 2.728473;0.9426406, -0.2496186, 2.822374;0.7234048, -0.1814671, 2.943455;0.8842204, -0.01846184, 2.679509;0.7342333, -0.6332545, 2.918627;0.8508859, -0.6112844, 2.585982;0.9793645, -0.2831382, 2.843828;0.9829146, -0.3498115, 2.83408;1.055758, -0.3045902, 2.887388;0.8946757, -0.5036793, 3.028723;0.8861583, -0.514013, 2.585645;0.9331042, -0.737595, 3.037539;1.08823, -0.7220368, 2.633154;0.8777478, -0.7899374, 3.024485;1.044507, -0.7816303, 2.578004;
0.6095709, 0.01718325, 2.671696;0.7612674, -0.04848831, 2.725699;0.9424018, -0.2497113, 2.821429;0.7231818, -0.1782456, 2.943381;0.884458, -0.01736823, 2.678692;0.7374597, -0.6291713, 2.917186;0.8761914, -0.5390272, 2.575303;0.9787521, -0.285313, 2.842501;0.9813912, -0.3506556, 2.833917;1.053718, -0.3078532, 2.884076;0.8950054, -0.5034715, 3.029056;0.8971226, -0.5433608, 2.596091;0.9340228, -0.7387285, 3.03831;1.080867, -0.7784486, 2.59396;0.8810439, -0.7932175, 3.024882;1.010276, -0.784668, 2.563392;
0.6083829, 0.02547806, 2.671167;0.7607917, -0.0387704, 2.725644;0.9565049, -0.2232338, 2.839629;0.7250875, -0.161902, 2.93474;0.8833473, -0.01483408, 2.680212;0.7366548, -0.6050861, 2.920278;0.8660022, -0.5890729, 2.581508;0.9969265, -0.2594556, 2.86717;0.9996986, -0.3167062, 2.870614;1.067971, -0.2632279, 2.907504;0.8863041, -0.5008904, 3.022215;0.9197698, -0.5172305, 2.632218;0.9331383, -0.7330966, 3.038513;1.101611, -0.7534342, 2.627505;0.884091, -0.7911536, 3.025729;1.045247, -0.7815588, 2.578688;
0.6065321, 0.0401794, 2.669304;0.7622289, -0.01783572, 2.725901;0.949379, -0.2384993, 2.825039;0.7381991, -0.1318826, 2.924032;0.8830469, -0.006325918, 2.680958;0.7368873, -0.5996079, 2.919846;0.8710282, -0.5520213, 2.587361;0.9833777, -0.2916879, 2.841402;0.9780107, -0.3420307, 2.838706;1.043261, -0.3179371, 2.866891;0.8822888, -0.5052631, 3.024805;0.8783771, -0.5378813, 2.57235;0.9325826, -0.7298647, 3.038182;1.048234, -0.7827731, 2.561048;0.8852813, -0.7892185, 3.025373;1.035318, -0.7776402, 2.636752;
0.6071069, 0.04420112, 2.668825;0.7634363, -0.0141427, 2.725924;0.9618083, -0.2205545, 2.841624;0.7372, -0.1267891, 2.922355;0.886524, -0.005833236, 2.679153;0.7362503, -0.5937669, 2.919622;0.871637, -0.5448163, 2.587427;1.006071, -0.2562217, 2.875084;0.9989025, -0.3040676, 2.893541;1.06976, -0.2677573, 2.888513;0.8750528, -0.5035154, 3.02288;0.9045868, -0.5116928, 2.615455;0.9324734, -0.7298746, 3.038215;1.071682, -0.7580736, 2.601552;0.8853436, -0.7892132, 3.025349;1.022155, -0.8008625, 2.561254;
0.6091613, 0.06976908, 2.671946;0.7690085, -6.408757E-05, 2.726105;0.9589481, -0.2321349, 2.835208;0.7692557, -0.0293601, 2.839505;0.8853872, 0.001667743, 2.678118;0.7395712, -0.5717841, 2.923243;0.8777138, -0.5631528, 2.584759;0.9941092, -0.2901329, 2.855396;0.990297, -0.3095462, 2.879998;1.03271, -0.3171566, 2.852434;0.8743031, -0.5043045, 3.023793;1.019564, -0.5140859, 2.661845;0.932145, -0.7251749, 3.038298;1.088665, -0.7214676, 2.633236;0.8878938, -0.7866769, 3.025968;1.046304, -0.7794883, 2.5822;
0.6138772, 0.08847617, 2.676841;0.7732296, 0.03229422, 2.732767;0.9631002, -0.1996676, 2.844446;0.7428311, -0.06680701, 2.897233;0.9002033, 0.04813775, 2.690615;0.7410022, -0.5564141, 2.918564;0.8806151, -0.5071725, 2.581511;1.001941, -0.2392502, 2.872221;0.9918009, -0.2979066, 2.885798;1.063196, -0.2559999, 2.881692;0.8648871, -0.5054466, 3.021992;1.044971, -0.4488018, 2.665646;0.9319255, -0.7226748, 3.037915;1.087301, -0.7115229, 2.633443;0.8893111, -0.7853746, 3.026332;1.045647, -0.7780219, 2.582779;
0.6110736, 0.1392352, 2.68297;0.7617023, 0.09278162, 2.736956;0.96288, -0.1893816, 2.847077;0.740763, -0.05892858, 2.896687;0.8987429, 0.0565955, 2.694786;0.7425272, -0.5559067, 2.917186;0.8746017, -0.5178059, 2.58816;1.002095, -0.2378528, 2.872893;0.9922778, -0.2889492, 2.893474;1.063329, -0.2556467, 2.881223;0.865037, -0.5060787, 3.022009;1.044942, -0.4486136, 2.665717;0.9314159, -0.7217174, 3.037493;1.087394, -0.7105592, 2.633518;0.8896697, -0.7849997, 3.026403;1.046266, -0.7773886, 2.583461;
0.6133488, 0.1425826, 2.683621;0.7680873, 0.08871754, 2.741124;0.9628304, -0.1779486, 2.849738;0.7415617, -0.04836281, 2.908692;0.9059542, 0.07039374, 2.697535;0.7508112, -0.5061271, 2.926342;0.880558, -0.5172963, 2.589648;1.001106, -0.2276881, 2.874784;0.9912062, -0.2834632, 2.891352;1.063874, -0.2406024, 2.889082;0.8691832, -0.5070866, 3.02743;1.020695, -0.4999206, 2.661805;0.9316738, -0.7200293, 3.038072;1.087403, -0.7100038, 2.633255;0.8908616, -0.7839237, 3.027483;1.045222, -0.7776515, 2.585126;
0.6189158, 0.161392, 2.68391;0.7732859, 0.1013639, 2.741662;0.9642845, -0.1560779, 2.849794;0.7434924, -0.04230583, 2.921376;0.915188, 0.09385651, 2.70763;0.7554634, -0.5294797, 2.911394;0.8861157, -0.504338, 2.592459;1.001931, -0.2081892, 2.87474;0.9917499, -0.2696514, 2.887572;1.066697, -0.2244305, 2.892406;0.868737, -0.5065517, 3.027044;1.021677, -0.4923527, 2.663426;0.931186, -0.7160861, 3.043932;1.087389, -0.7094956, 2.632889;0.894007, -0.7810553, 3.028159;1.04549, -0.7771383, 2.585035;
0.6312939, 0.1992451, 2.689554;0.7837774, 0.1340237, 2.744442;0.9621, -0.1388558, 2.851259;0.7351928, 0.03035928, 2.894738;0.9264469, 0.1428374, 2.707622;0.7498846, -0.4614852, 2.918971;0.8931099, -0.485105, 2.605987;0.9982619, -0.1923156, 2.876085;0.9850078, -0.2474171, 2.891293;1.06491, -0.2166777, 2.891909;0.8880553, -0.5033838, 3.030456;1.026918, -0.4890245, 2.665967;0.9306869, -0.7180897, 3.042247;1.087181, -0.7110263, 2.632087;0.8977255, -0.7850603, 3.025825;1.045578, -0.7772984, 2.584817;
0.6373531, 0.2043407, 2.692746;0.7915824, 0.1374028, 2.747958;0.9620465, -0.1388313, 2.852238;0.7388421, 0.03355293, 2.899721;0.9258789, 0.1341559, 2.705808;0.7495993, -0.4637733, 2.917062;0.8884298, -0.4545772, 2.608381;0.9974757, -0.1927419, 2.877209;0.983251, -0.2478434, 2.89532;1.062633, -0.2183408, 2.891289;0.892332, -0.5016299, 3.032511;1.027543, -0.4826894, 2.669094;0.9337983, -0.7156758, 3.042831;1.087292, -0.7116896, 2.631751;0.9004647, -0.7828659, 3.028557;1.045481, -0.7778888, 2.58545;
0.6456301, 0.2426371, 2.703251;0.8052307, 0.184147, 2.762585;0.9616165, -0.1199849, 2.861172;0.7354978, 0.09846474, 2.867735;0.9262478, 0.1422095, 2.709332;0.7596182, -0.4191127, 2.919486;0.8961157, -0.4362385, 2.613878;0.9947532, -0.1791328, 2.884433;0.9767451, -0.2276784, 2.898169;1.057474, -0.2069631, 2.89905;0.9084151, -0.4727829, 3.028981;1.04781, -0.4989392, 2.630529;0.9342785, -0.7148538, 3.042214;1.086987, -0.7872274, 2.573129;0.9007527, -0.7819248, 3.028212;1.015743, -0.7701897, 2.594402;
0.6474541, 0.2566445, 2.704869;0.8052881, 0.1880395, 2.761823;0.965205, -0.1092519, 2.864685;0.7461495, 0.08554407, 2.916119;0.9268348, 0.1519837, 2.711779;0.7582232, -0.4136729, 2.915611;0.8950245, -0.42403, 2.616329;0.9981948, -0.1682245, 2.888897;0.9801979, -0.219106, 2.89715;1.059013, -0.1909533, 2.909769;0.9128248, -0.4481964, 3.025336;1.049685, -0.4843414, 2.644199;0.9354028, -0.7145049, 3.042033;1.088162, -0.772192, 2.586327;0.9009697, -0.7811517, 3.028569;1.012563, -0.7814276, 2.583457;
0.6523563, 0.2710171, 2.706906;0.8136074, 0.2086792, 2.762718;0.9903028, -0.05909816, 2.889346;0.744818, 0.1119222, 2.918339;0.9326564, 0.1755429, 2.713585;0.7570558, -0.3589833, 2.911119;0.8998407, -0.3883542, 2.624426;1.024813, -0.1147105, 2.917934;1.002237, -0.1701091, 2.942653;1.093153, -0.1330595, 2.924379;0.9147609, -0.4379927, 3.023624;1.058293, -0.4434705, 2.683442;0.9363083, -0.7109544, 3.042569;1.087943, -0.7314141, 2.621164;0.9026412, -0.77794, 3.029113;1.043818, -0.7801043, 2.582643;
0.6531078, 0.3224089, 2.699084;0.8155856, 0.230988, 2.767645;0.9899516, -0.04251467, 2.887305;0.7462556, 0.1255853, 2.918324;0.9340122, 0.1966338, 2.717643;0.7590718, -0.3575116, 2.910824;0.9118221, -0.3562214, 2.634369;1.024518, -0.09653085, 2.914533;1.007302, -0.1418309, 2.938882;1.090949, -0.1240421, 2.921081;0.8928203, -0.4892921, 3.047237;1.059402, -0.4376044, 2.68505;0.9167571, -0.7761465, 3.064477;1.087984, -0.7252442, 2.622674;0.8890767, -0.7791329, 2.99362;1.046198, -0.7774478, 2.584718;
0.6687416, 0.3379196, 2.713293;0.8187894, 0.2468581, 2.771156;0.9863006, -0.04012965, 2.882997;0.7494515, 0.1466029, 2.929081;0.9351169, 0.2102257, 2.718953;0.7639214, -0.3474797, 2.910732;0.9154796, -0.3023579, 2.640846;1.018964, -0.09570284, 2.907897;1.002476, -0.1424963, 2.926407;1.078276, -0.1251504, 2.913843;0.8974324, -0.4859255, 3.050774;1.065368, -0.4406871, 2.68032;0.9376157, -0.7107808, 3.041688;1.089618, -0.7085074, 2.63201;0.8934221, -0.7816265, 3.02823;1.046402, -0.7774373, 2.584767;
0.6681177, 0.3582982, 2.719948;0.818601, 0.2689892, 2.776343;1.006292, 0.01235561, 2.894791;0.7544096, 0.1547544, 2.935833;0.9352079, 0.2276204, 2.7196;0.7709242, -0.3245066, 2.90291;0.9153867, -0.300786, 2.641262;1.043848, -0.04110732, 2.921324;1.030097, -0.08918866, 2.957158;1.110265, -0.06799817, 2.915581;0.9039544, -0.4420286, 3.028892;1.071622, -0.4055728, 2.701524;0.9401438, -0.7034281, 3.045009;1.089581, -0.7083123, 2.632213;0.9029109, -0.7736634, 3.028533;1.046648, -0.777424, 2.584753;
0.6736541, 0.3745785, 2.724936;0.8178023, 0.2865001, 2.784129;1.00481, 0.01126492, 2.893722;0.7614317, 0.1642029, 2.94556;0.9351584, 0.2454914, 2.721687;0.7776565, -0.2924446, 2.907373;0.9147822, -0.2960567, 2.644034;1.041277, -0.04412808, 2.918828;1.02683, -0.0947515, 2.95;1.105676, -0.0715258, 2.91375;0.9066344, -0.4454427, 3.03531;1.075421, -0.3989677, 2.702318;0.9398504, -0.7035981, 3.044705;1.091842, -0.7076056, 2.63389;0.9035102, -0.7740575, 3.028698;1.04697, -0.7771288, 2.584675;
0.6837207, 0.4033209, 2.730602;0.8243809, 0.3135066, 2.790134;0.9994298, 0.01863407, 2.889457;0.7641392, 0.1718755, 2.95193;0.9381949, 0.2574891, 2.722268;0.779983, -0.2857039, 2.905314;0.9133423, -0.300183, 2.648061;1.034077, -0.03801942, 2.912749;1.022563, -0.09046046, 2.943386;1.094449, -0.06756414, 2.907681;0.9147566, -0.4412696, 3.03928;1.076977, -0.3985768, 2.702095;0.9388343, -0.7047524, 3.043978;1.092831, -0.7062103, 2.634096;0.9040588, -0.7745771, 3.029392;1.046849, -0.7769945, 2.583785;
0.6900266, 0.4262989, 2.738256;0.8267732, 0.3254354, 2.793215;0.9880559, 0.04587138, 2.886846;0.7667547, 0.2382003, 2.952214;0.9384502, 0.2731928, 2.725149;0.7934734, -0.2653427, 2.905729;0.9174247, -0.2504974, 2.650971;1.019347, -0.009578577, 2.908422;1.0131, -0.06496124, 2.943686;1.075562, -0.0443942, 2.898757;0.9344162, -0.4234977, 3.036589;1.079589, -0.3827587, 2.707322;0.9388036, -0.7048976, 3.044009;1.093857, -0.7044882, 2.6342;0.9047414, -0.775043, 3.029512;1.046773, -0.7764183, 2.583784;
0.6934649, 0.4370447, 2.747493;0.8304667, 0.339407, 2.801554;0.9890501, 0.05772904, 2.883169;0.7675843, 0.2539205, 2.953805;0.9410079, 0.3046456, 2.726346;0.8086337, -0.237293, 2.906919;0.917917, -0.241196, 2.652095;1.020422, 0.002429436, 2.902611;1.014748, -0.0542771, 2.938272;1.076668, -0.03064691, 2.889221;0.9395594, -0.4120235, 3.034034;1.080644, -0.3791191, 2.709095;0.9388174, -0.7050884, 3.043611;1.094221, -0.7044064, 2.634503;0.9060664, -0.773294, 3.027836;1.048099, -0.7761904, 2.58499;
0.7024326, 0.4584074, 2.761154;0.8367224, 0.3553657, 2.803709;0.9862454, 0.07891764, 2.878758;0.7686021, 0.2705968, 2.959491;0.9533858, 0.3093741, 2.732819;0.8129483, -0.2282383, 2.901894;0.9193888, -0.2350607, 2.651514;1.015768, 0.02410183, 2.896843;1.00715, -0.04012302, 2.940552;1.078019, -0.01250087, 2.875591;0.9515797, -0.4021831, 3.032244;1.081527, -0.3761651, 2.710279;0.9391599, -0.7056418, 3.043196;1.094713, -0.7008337, 2.635617;0.9062279, -0.7730132, 3.027887;1.048844, -0.7749051, 2.585085;
0.7029961, 0.4695046, 2.765667;0.8380568, 0.3732856, 2.808623;0.9869697, 0.08816302, 2.879693;0.7734572, 0.2843621, 2.958178;0.9509444, 0.3331499, 2.732485;0.8123465, -0.2254734, 2.901558;0.9197587, -0.2191875, 2.650983;1.016531, 0.03164418, 2.89733;1.008955, -0.0286998, 2.941431;1.077394, -0.006539223, 2.875323;0.9541382, -0.3924323, 3.030588;1.082558, -0.3746955, 2.711081;0.9390942, -0.7059003, 3.043179;1.094784, -0.6987706, 2.636431;0.9070426, -0.7732919, 3.02841;1.049295, -0.7739154, 2.585454;
0.7107939, 0.4841519, 2.77312;0.8448124, 0.3868338, 2.81259;0.9884433, 0.0912024, 2.880929;0.7829895, 0.2979392, 2.952101;0.9644512, 0.343931, 2.740306;0.81586, -0.2211399, 2.902127;0.9290847, -0.210847, 2.656273;1.017427, 0.03332482, 2.898144;1.008273, -0.02639983, 2.941313;1.078399, -0.004627295, 2.876628;0.9559954, -0.3920386, 3.030999;1.085714, -0.3733439, 2.712331;0.9354661, -0.7166497, 3.041156;1.095658, -0.6972461, 2.637414;0.9031289, -0.7838799, 3.026469;1.050077, -0.77321, 2.586487;
0.7139711, 0.4900483, 2.774929;0.8486772, 0.3963264, 2.816113;0.9915211, 0.106324, 2.881357;0.7860679, 0.3112146, 2.955852;0.9681565, 0.3449504, 2.740614;0.8173385, -0.2174456, 2.898875;0.9335815, -0.2009075, 2.658598;1.020052, 0.048492, 2.897698;1.008521, -0.01351755, 2.94302;1.082073, 0.009528281, 2.872197;0.9578888, -0.3907468, 3.030773;1.090066, -0.3734893, 2.713696;0.9364006, -0.7167383, 3.041653;1.097567, -0.6978292, 2.638636;0.9037237, -0.78377, 3.026976;1.050618, -0.7730219, 2.586527;
0.7152009, 0.5000962, 2.779289;0.852118, 0.4039632, 2.817617;0.9915276, 0.11016, 2.880547;0.7888103, 0.3148239, 2.956171;0.9705619, 0.3557761, 2.741638;0.8200964, -0.2139484, 2.90104;0.936995, -0.1978553, 2.65916;1.019626, 0.05183968, 2.896589;1.007085, -0.01061497, 2.942704;1.081718, 0.01318355, 2.869339;0.9606655, -0.3869666, 3.030823;1.093821, -0.3738822, 2.715252;0.9406704, -0.70382, 3.043703;1.098208, -0.6989614, 2.639809;0.9108841, -0.7721261, 3.028921;1.050712, -0.7729625, 2.586589;
0.716826, 0.5028833, 2.78178;0.854019, 0.407046, 2.820993;0.9921311, 0.1120759, 2.881377;0.790759, 0.3196213, 2.959114;0.972907, 0.3577843, 2.743059;0.8233091, -0.21508, 2.893784;0.938337, -0.1958396, 2.660263;1.020003, 0.05342586, 2.897043;1.006808, -0.009111896, 2.94332;1.082289, 0.01449937, 2.869209;0.9614379, -0.3801376, 3.027935;1.100285, -0.3612511, 2.72024;0.9422889, -0.7054822, 3.043416;1.099209, -0.6995099, 2.639473;0.9100013, -0.7726297, 3.02873;1.050231, -0.7730566, 2.587051;
0.7220854, 0.5123671, 2.785889;0.8573056, 0.4127006, 2.824811;0.9922987, 0.1190539, 2.885316;0.792374, 0.3214565, 2.962168;0.9757282, 0.360975, 2.745409;0.8271606, -0.2097591, 2.898654;0.9437206, -0.1920834, 2.659526;1.019424, 0.06054285, 2.900903;1.004168, -0.001934688, 2.94987;1.082509, 0.01973788, 2.870773;0.9618106, -0.3797058, 3.027971;1.100408, -0.3595472, 2.720629;0.9437031, -0.7023227, 3.043405;1.099812, -0.6945356, 2.639984;0.8946363, -0.7596509, 2.995593;1.051611, -0.7696703, 2.58914;
0.7251358, 0.5142235, 2.787682;0.8592885, 0.4157803, 2.825718;0.9930109, 0.1215247, 2.886733;0.7965221, 0.3199846, 2.961474;0.9784715, 0.3646207, 2.745733;0.8284863, -0.2002114, 2.903186;0.946495, -0.1917906, 2.660702;1.019882, 0.06283827, 2.902355;1.00367, -0.0005862928, 2.95173;1.083799, 0.02297069, 2.87196;0.963111, -0.376526, 3.027921;1.100547, -0.3594531, 2.720574;0.9457768, -0.7051874, 3.044114;1.100516, -0.6939623, 2.64017;0.9131576, -0.7729101, 3.033428;1.052363, -0.7688843, 2.588987;
0.7264029, 0.5151559, 2.788405;0.8623378, 0.4183888, 2.827251;0.9943839, 0.1231772, 2.886779;0.7986428, 0.3226941, 2.964353;0.9836246, 0.3686458, 2.746729;0.830827, -0.2006519, 2.902898;0.9465098, -0.1899312, 2.660355;1.02098, 0.06429492, 2.902184;1.004322, 0.0002689273, 2.951296;1.084912, 0.02443496, 2.871765;0.9676862, -0.3789186, 3.028865;1.101353, -0.3602378, 2.720959;0.9466614, -0.707696, 3.045192;1.102107, -0.69456, 2.640443;0.9100415, -0.7731825, 3.033568;1.052869, -0.7686561, 2.58909;
0.7273323, 0.5176614, 2.79002;0.8664656, 0.4237216, 2.829508;0.9947827, 0.1239894, 2.887498;0.8003779, 0.3242798, 2.964242;0.9852892, 0.3694984, 2.747096;0.8331401, -0.1813868, 2.91081;0.9555453, -0.1627961, 2.661726;1.021064, 0.06467722, 2.902656;1.004033, 0.0007758579, 2.951678;1.084903, 0.02442415, 2.872089;0.9686678, -0.3780346, 3.029422;1.101477, -0.3594482, 2.720958;0.9484508, -0.7118876, 3.045481;1.103065, -0.6938978, 2.641582;0.9084045, -0.7753267, 3.033756;1.053586, -0.7677063, 2.590026;
0.7296153, 0.5185637, 2.792172;0.8677528, 0.4254037, 2.832029;0.9945331, 0.1259869, 2.889012;0.8024297, 0.3256111, 2.964543;0.9894393, 0.3729287, 2.748576;0.834304, -0.181685, 2.910493;0.9536776, -0.1731862, 2.661683;1.020416, 0.0665859, 2.903941;1.003346, 0.00152775, 2.952547;1.084417, 0.02541061, 2.87297;0.9700329, -0.3781204, 3.030443;1.102435, -0.357361, 2.722239;0.9500983, -0.7112436, 3.04588;1.103657, -0.69366, 2.641993;0.9084937, -0.7735675, 3.033542;1.054173, -0.7672312, 2.590075;
0.7364876, 0.5288904, 2.79069;0.8682939, 0.4260035, 2.832027;0.9955869, 0.1305575, 2.889652;0.8044903, 0.3328136, 2.967402;0.9888518, 0.3757878, 2.748722;0.837786, -0.1921712, 2.90629;0.9546353, -0.1837367, 2.660795;1.021333, 0.07208588, 2.904691;1.004238, 0.005863896, 2.954289;1.085054, 0.03290459, 2.872802;0.974052, -0.3773012, 3.031522;1.103698, -0.3555034, 2.722341;0.950473, -0.7124519, 3.045899;1.104665, -0.6931187, 2.642303;0.9075711, -0.7737092, 3.032603;1.054806, -0.7664242, 2.590325;
0.7401104, 0.5367569, 2.790831;0.8700434, 0.4274811, 2.832033;0.9951282, 0.1310427, 2.888979;0.8063079, 0.3342692, 2.970015;0.9909122, 0.3790467, 2.750721;0.8375717, -0.1768273, 2.904781;0.954063, -0.1852085, 2.659685;1.020297, 0.0724854, 2.903639;1.002535, 0.006181001, 2.953254;1.083583, 0.03217515, 2.871059;0.979584, -0.376675, 3.032249;1.10481, -0.3533175, 2.72367;0.9545305, -0.7054395, 3.048429;1.106622, -0.6890414, 2.643797;0.9102613, -0.7696494, 3.033463;1.057174, -0.7629852, 2.592195;
0.7470025, 0.5382488, 2.793336;0.8700328, 0.4272687, 2.832753;0.9951348, 0.131149, 2.888903;0.808027, 0.3351979, 2.973743;0.9935398, 0.379779, 2.751506;0.8384334, -0.174848, 2.906084;0.9550536, -0.1855376, 2.659783;1.020299, 0.07261174, 2.903494;1.002285, 0.006262821, 2.953465;1.084421, 0.03205907, 2.869847;0.9836151, -0.3784937, 3.033744;1.114968, -0.3269191, 2.731029;0.9545699, -0.7044916, 3.049791;1.107135, -0.6880146, 2.64382;0.9101028, -0.7695186, 3.033412;1.057594, -0.7623867, 2.592781;
0.7492944, 0.5400914, 2.794147;0.8706526, 0.4268062, 2.837516;0.9952642, 0.1321316, 2.890033;0.8092284, 0.3368821, 2.976872;0.9968541, 0.381429, 2.754051;0.8386609, -0.1735611, 2.905292;0.950845, -0.1837413, 2.662274;1.020354, 0.07362649, 2.90423;1.002023, 0.007267748, 2.954842;1.084823, 0.03218564, 2.869893;0.987437, -0.3802129, 3.0349;1.115592, -0.3389736, 2.728689;0.9542426, -0.7057424, 3.049361;1.10701, -0.6879706, 2.642571;0.9096452, -0.7693193, 3.032754;1.056802, -0.7629585, 2.592972;
0.7523401, 0.5409443, 2.795058;0.8732123, 0.428114, 2.839632;0.9967119, 0.1327829, 2.890545;0.8098858, 0.33761, 2.977077;0.9975329, 0.3814227, 2.7543;0.8367097, -0.1717456, 2.901778;0.9514713, -0.184476, 2.662846;1.02155, 0.07408835, 2.904447;1.00297, 0.007585681, 2.955085;1.086116, 0.03229841, 2.869774;0.9892007, -0.3807129, 3.035384;1.115923, -0.3392825, 2.728684;0.9543443, -0.7048829, 3.049417;1.107486, -0.6887569, 2.642693;0.9137872, -0.7673889, 3.033727;1.056842, -0.7632776, 2.592744;
0.7528161, 0.5413831, 2.795549;0.8735369, 0.4287122, 2.841831;0.9971074, 0.1342587, 2.891031;0.8099238, 0.3391898, 2.979002;0.9985082, 0.382063, 2.754832;0.8355054, -0.1712042, 2.900659;0.9516658, -0.1843964, 2.663811;1.021956, 0.07573481, 2.904595;1.003214, 0.008439089, 2.955526;1.087131, 0.0331961, 2.869142;0.9906237, -0.380706, 3.035455;1.116659, -0.3397981, 2.72858;0.9539967, -0.706546, 3.049588;1.107517, -0.6888077, 2.642381;0.9125103, -0.7682828, 3.033159;1.05691, -0.7633936, 2.592412;
0.7530901, 0.5423865, 2.79684;0.8734359, 0.4296349, 2.843313;0.9972252, 0.1350574, 2.890337;0.8104428, 0.3404377, 2.979722;0.9957565, 0.3855731, 2.755335;0.8349669, -0.170727, 2.901062;0.9556231, -0.160166, 2.664784;1.022131, 0.07671288, 2.903197;1.003382, 0.008796947, 2.955;1.087532, 0.03524301, 2.864037;0.9930507, -0.380935, 3.035863;1.118093, -0.3487744, 2.728174;0.9553272, -0.7031919, 3.05001;1.107617, -0.6887065, 2.641943;0.9139069, -0.7664058, 3.033474;1.056523, -0.7636674, 2.592927;
0.7535323, 0.5432834, 2.797417;0.8745509, 0.4313657, 2.847399;0.9971244, 0.1352322, 2.889953;0.8105735, 0.3404006, 2.981621;0.9971644, 0.3856329, 2.755818;0.8336582, -0.1711736, 2.900369;0.950793, -0.1741631, 2.665461;1.021782, 0.07681882, 2.902001;1.002473, 0.008076468, 2.952589;1.087287, 0.03505222, 2.86236;0.9950678, -0.381581, 3.036738;1.118748, -0.3521954, 2.727753;0.9537318, -0.7041012, 3.048911;1.107757, -0.6889019, 2.641872;0.913452, -0.766898, 3.03315;1.05678, -0.7636314, 2.592278;
0.7534145, 0.5448688, 2.799708;0.8753064, 0.4328486, 2.847579;0.9973332, 0.1357044, 2.888982;0.8110492, 0.3412356, 2.981644;0.9951063, 0.388745, 2.756053;0.8328267, -0.1709748, 2.900252;0.9490632, -0.1653731, 2.665302;1.021907, 0.07706158, 2.900611;1.002937, 0.008536594, 2.950342;1.086781, 0.03530874, 2.861146;0.9960824, -0.3828087, 3.037582;1.11776, -0.3540716, 2.726634;0.952845, -0.7062693, 3.048116;1.108372, -0.6892738, 2.642401;0.9123551, -0.7690811, 3.03282;1.056438, -0.7635353, 2.593015;
0.7535225, 0.5501263, 2.805049;0.8761885, 0.4347438, 2.846683;0.9973215, 0.1366667, 2.889975;0.811299, 0.3417025, 2.981762;1.000451, 0.3883485, 2.758265;0.8273281, -0.1658624, 2.899814;0.945551, -0.1564435, 2.665506;1.021707, 0.07785895, 2.902074;1.002596, 0.008718459, 2.951458;1.086565, 0.03608931, 2.865742;0.9961278, -0.3836353, 3.038012;1.117069, -0.348837, 2.7279;0.9522164, -0.7090932, 3.048072;1.108424, -0.6892555, 2.642361;0.9107787, -0.7713093, 3.032773;1.056926, -0.7635899, 2.592569;
0.7535908, 0.5503049, 2.805095;0.8766898, 0.438737, 2.845957;0.9967753, 0.1392519, 2.888646;0.8111466, 0.3438023, 2.983328;0.9999435, 0.3897887, 2.758338;0.8248488, -0.1653086, 2.900101;0.9371799, -0.1773942, 2.664303;1.020971, 0.07996546, 2.900646;1.002104, 0.009574088, 2.950501;1.085333, 0.03862196, 2.863747;0.9951851, -0.3843595, 3.0375;1.118489, -0.350885, 2.727491;0.9519082, -0.7101246, 3.047834;1.108532, -0.6901569, 2.64221;0.9109248, -0.7727551, 3.032904;1.056738, -0.76385, 2.59172;
0.7579913, 0.5554785, 2.805962;0.8759519, 0.4394577, 2.848005;0.9956061, 0.1406615, 2.891397;0.8109865, 0.3447477, 2.98529;0.9981209, 0.3908812, 2.757815;0.8181225, -0.1630006, 2.903257;0.9360273, -0.1773605, 2.665662;1.019688, 0.08133858, 2.903432;1.001531, 0.01091997, 2.952626;1.083002, 0.0396742, 2.867573;0.994947, -0.3842997, 3.037292;1.119615, -0.3503291, 2.727308;0.9503199, -0.7083092, 3.048589;1.108461, -0.6901231, 2.641963;0.9114418, -0.7721145, 3.032899;1.056712, -0.7636696, 2.591146;
0.7593533, 0.5609829, 2.805203;0.8757582, 0.4396023, 2.849141;0.9952881, 0.1408038, 2.892434;0.8142227, 0.3373458, 2.983354;0.9962981, 0.3923791, 2.756698;0.8171855, -0.1630031, 2.903137;0.9365376, -0.16199, 2.66712;1.019325, 0.0814148, 2.904433;1.001443, 0.01094872, 2.953657;1.082357, 0.03951838, 2.868548;0.9945035, -0.3847126, 3.037142;1.119504, -0.3499262, 2.727419;0.9493899, -0.7096607, 3.048794;1.108275, -0.6898345, 2.641731;0.9106683, -0.7734672, 3.032638;1.056755, -0.7635882, 2.590931;
0.7606204, 0.5635923, 2.805861;0.8752144, 0.4401283, 2.849774;0.9935473, 0.1460448, 2.892421;0.8142238, 0.3395841, 2.98363;0.9917586, 0.3971138, 2.758646;0.8117768, -0.1628588, 2.897939;0.9324864, -0.1711262, 2.667338;1.017209, 0.08808258, 2.904052;1.000568, 0.01498583, 2.9562;1.080365, 0.0463194, 2.864022;0.9945841, -0.3846089, 3.037153;1.119561, -0.3496973, 2.727581;0.9531127, -0.7025115, 3.049799;1.108242, -0.691291, 2.641664;0.9134437, -0.7686927, 3.033729;1.056301, -0.764378, 2.590218;
0.7624094, 0.5719026, 2.803503;0.8740489, 0.4415239, 2.850975;0.9936208, 0.1469098, 2.892996;0.8139427, 0.3409167, 2.984646;0.9891909, 0.3979164, 2.759186;0.8059231, -0.1590507, 2.897417;0.9290544, -0.1575744, 2.667145;1.017438, 0.08873495, 2.904545;1.001254, 0.01594482, 2.957973;1.080586, 0.04704132, 2.863966;0.9946038, -0.3845552, 3.03701;1.119594, -0.349931, 2.727563;0.9517945, -0.705618, 3.049012;1.108043, -0.6914358, 2.641484;0.913233, -0.7697858, 3.033593;1.055697, -0.7649067, 2.590929;
0.7617645, 0.5719088, 2.803474;0.8731479, 0.4422428, 2.852004;0.9921857, 0.1492957, 2.892408;0.8126461, 0.3436663, 2.986351;0.985603, 0.3970839, 2.759758;0.8044785, -0.1572158