0.9348068, 0.8760594, 2.973377;1.013876, 0.6670204, 2.961757;0.9541991, 0.2716032, 2.90995;0.89224, 0.5294302, 3.100959;1.065489, 0.5268284, 2.822408;0.8065266, -0.004890349, 2.920428;0.9537132, -0.004383795, 2.695015;0.9422637, 0.1925197, 2.903215;0.8938357, 0.1305094, 2.944341;0.9717976, 0.1293386, 2.842728;0.9477873, -0.3625314, 2.993923;1.060914, -0.3450912, 2.750315;0.9540708, -0.7229202, 3.012143;1.0864, -0.6942927, 2.671458;0.8957186, -0.7897099, 2.985609;1.049712, -0.7796416, 2.606552;
0.9346247, 0.8765476, 2.973465;1.013826, 0.6668835, 2.961548;0.9541161, 0.2718474, 2.909932;0.8909266, 0.5261787, 3.100632;1.065865, 0.5268497, 2.822606;0.8072681, -0.006562907, 2.919237;0.9538113, -0.003567733, 2.695507;0.9421518, 0.1929555, 2.903299;0.8934807, 0.1304587, 2.944517;0.971842, 0.1298996, 2.842738;0.9476464, -0.3622434, 2.993666;1.061026, -0.345139, 2.750185;0.9541939, -0.7227461, 3.011992;1.086416, -0.6933287, 2.67084;0.8931693, -0.7916256, 2.985893;1.049717, -0.77964, 2.606455;
0.9346551, 0.8765908, 2.974049;1.013922, 0.6667506, 2.961318;0.9541192, 0.2718259, 2.909932;0.8905213, 0.5248473, 3.100257;1.066291, 0.5267148, 2.822688;0.8064319, -0.00867084, 2.918745;0.9549303, -0.002414681, 2.696368;0.9421484, 0.1929405, 2.903322;0.8933151, 0.1302722, 2.944365;0.9719006, 0.129959, 2.842819;0.9478456, -0.3628381, 2.993826;1.060972, -0.3451701, 2.750129;0.9542913, -0.7226327, 3.012039;1.086019, -0.6919193, 2.670896;0.8960286, -0.7923059, 2.98724;1.049714, -0.7794991, 2.606467;
0.9348586, 0.8767068, 2.974283;1.013665, 0.6666279, 2.961119;0.9541204, 0.271869, 2.909777;0.8899587, 0.5228165, 3.098184;1.066525, 0.526889, 2.822647;0.8061651, -0.009123858, 2.918655;0.9548191, -0.00394357, 2.6981;0.9421902, 0.1930094, 2.903145;0.8932723, 0.1300201, 2.944125;0.9721471, 0.1302621, 2.842491;0.9479046, -0.363337, 2.994073;1.061041, -0.3452612, 2.749989;0.9564462, -0.7228742, 3.011893;1.085559, -0.6905237, 2.670597;0.8930036, -0.7932087, 2.989179;1.049505, -0.7791487, 2.606226;
0.9349308, 0.876269, 2.974432;1.013866, 0.6665701, 2.96092;0.9541407, 0.2719619, 2.909791;0.8891264, 0.5204244, 3.095413;1.06662, 0.5268959, 2.822766;0.8063906, -0.01197821, 2.916443;0.958343, -0.007411532, 2.70176;0.9421922, 0.193155, 2.903198;0.8930775, 0.1297877, 2.944413;0.9721845, 0.1304549, 2.842452;0.9480595, -0.36344, 2.994189;1.06127, -0.3454826, 2.749635;0.9563881, -0.7227909, 3.011642;1.085742, -0.6903099, 2.669603;0.8932125, -0.7930301, 2.989019;1.049486, -0.7791758, 2.606068;
0.9351702, 0.8762932, 2.975389;1.013918, 0.6664862, 2.960903;0.9541619, 0.2719389, 2.909728;0.8895802, 0.5223362, 3.096699;1.066381, 0.5267825, 2.823224;0.8056892, -0.0149467, 2.914942;0.9546229, -0.009686649, 2.700546;0.9422111, 0.1931348, 2.903128;0.8932656, 0.1301377, 2.94399;0.9722382, 0.130555, 2.842709;0.9480522, -0.3634339, 2.99415;1.061294, -0.3453513, 2.749575;0.9564722, -0.7220542, 3.011908;1.085836, -0.69003, 2.669495;0.9007323, -0.7927036, 2.990145;1.049462, -0.7791402, 2.606015;
0.9352401, 0.876185, 2.975388;1.013695, 0.6663967, 2.960638;0.9541059, 0.2721509, 2.909669;0.8894329, 0.5212014, 3.096572;1.066241, 0.5267012, 2.823235;0.8062474, -0.01407795, 2.915068;0.954749, -0.009402499, 2.70043;0.9421739, 0.1934503, 2.903103;0.8932369, 0.1301422, 2.944078;0.9721819, 0.1309716, 2.842512;0.9479463, -0.3635513, 2.993941;1.061426, -0.3451099, 2.749563;0.9574692, -0.7215696, 3.012369;1.085865, -0.6899915, 2.669483;0.9005638, -0.7927488, 2.990082;1.049395, -0.7789562, 2.605809;
0.9353178, 0.8758977, 2.975363;1.013625, 0.666171, 2.960408;0.9541188, 0.2722211, 2.909622;0.8899917, 0.5218059, 3.09633;1.066355, 0.5267807, 2.823645;0.8061376, -0.01440809, 2.914864;0.955281, -0.008072309, 2.700345;0.942203, 0.1935761, 2.903059;0.8932675, 0.1301164, 2.944247;0.9721609, 0.1309225, 2.842021;0.9479129, -0.3635518, 2.993899;1.061422, -0.3449548, 2.749474;0.9628439, -0.7272856, 3.012655;1.085918, -0.690255, 2.66953;0.9013435, -0.7925187, 2.990329;1.049533, -0.779166, 2.606287;
0.9356809, 0.8753636, 2.9757;1.013485, 0.6653098, 2.959635;0.9541156, 0.2722126, 2.909631;0.8907694, 0.5234368, 3.098124;1.066387, 0.5267213, 2.823633;0.8064006, -0.01121251, 2.916512;0.955835, -0.007788561, 2.701016;0.9422027, 0.1935797, 2.903084;0.8932541, 0.1300052, 2.944675;0.9720768, 0.130558, 2.841751;0.9480008, -0.3635153, 2.993922;1.061749, -0.344959, 2.750224;0.9613962, -0.727003, 3.011461;1.085915, -0.6902652, 2.669541;0.9006563, -0.7924461, 2.989951;1.049533, -0.7791663, 2.606299;
0.9354885, 0.8750021, 2.975616;1.013879, 0.665195, 2.959298;0.9540198, 0.2722729, 2.90969;0.8908069, 0.5238026, 3.097941;1.067324, 0.5274677, 2.824139;0.8047794, -0.01365146, 2.914871;0.9560375, -0.007699594, 2.701483;0.9419551, 0.1937162, 2.90329;0.8924122, 0.1291268, 2.945113;0.9715829, 0.1318462, 2.842525;0.9479454, -0.3636819, 2.993928;1.061354, -0.3458894, 2.753444;0.9605115, -0.7245198, 3.011064;1.086012, -0.690154, 2.669403;0.8995743, -0.791928, 2.988875;1.04958, -0.7791634, 2.606271;
0.9355307, 0.874944, 2.975659;1.013809, 0.6650949, 2.95923;0.9540053, 0.2721772, 2.909635;0.8902333, 0.5228458, 3.097875;1.067302, 0.5274041, 2.824111;0.8035832, -0.01839704, 2.912569;0.9554908, -0.008396521, 2.703144;0.9419544, 0.1936189, 2.903242;0.8923924, 0.1279703, 2.944564;0.9717208, 0.1323342, 2.842702;0.9489527, -0.3649518, 2.995259;1.06131, -0.3455751, 2.753144;0.9607241, -0.7240207, 3.011039;1.085999, -0.6901869, 2.669358;0.8983884, -0.7932262, 2.989684;1.049581, -0.7791615, 2.606262;
0.9359717, 0.8754268, 2.976188;1.013424, 0.6651744, 2.959143;0.9537818, 0.2726646, 2.909555;0.8899951, 0.5223717, 3.098033;1.067262, 0.5274626, 2.823891;0.8034977, -0.01796216, 2.912359;0.9426737, -0.001473837, 2.692996;0.9417692, 0.1942362, 2.90317;0.8922274, 0.1275943, 2.944733;0.9714444, 0.1339278, 2.841975;0.9489256, -0.3649388, 2.995188;1.061969, -0.3451343, 2.752618;0.9606183, -0.7238837, 3.010909;1.085848, -0.689808, 2.669121;0.8993989, -0.7932992, 2.990613;1.05003, -0.779306, 2.606651;
0.9351795, 0.8750145, 2.975463;1.013566, 0.66515, 2.958855;0.9537407, 0.2724023, 2.909596;0.8898961, 0.5223009, 3.098144;1.067247, 0.5274609, 2.823928;0.8037012, -0.01732798, 2.912412;0.9493831, -0.007327221, 2.699119;0.9416855, 0.1938458, 2.903289;0.8921282, 0.1267065, 2.944559;0.9713776, 0.1340812, 2.84268;0.9488717, -0.3650485, 2.995473;1.061662, -0.3450615, 2.75438;0.9570045, -0.7256086, 3.010103;1.085766, -0.6897342, 2.669136;0.9017861, -0.7934208, 2.992906;1.050206, -0.7794578, 2.607152;
0.9353011, 0.8750958, 2.975681;1.013525, 0.6651405, 2.958815;0.9535544, 0.2724881, 2.909634;0.8898975, 0.522319, 3.097463;1.067027, 0.5274196, 2.82396;0.8039806, -0.01752814, 2.91339;0.9502996, -0.008843854, 2.700182;0.9414563, 0.1939679, 2.903363;0.8918883, 0.1263635, 2.944784;0.9708462, 0.1347257, 2.842736;0.9488648, -0.3650397, 2.995447;1.061622, -0.3451459, 2.754251;0.9585261, -0.7237486, 3.01066;1.08585, -0.6895899, 2.66903;0.9009647, -0.7933203, 2.991942;1.050201, -0.779454, 2.607147;
0.9352963, 0.8752613, 2.975645;1.013456, 0.665327, 2.959017;0.9535095, 0.2725799, 2.909694;0.8897994, 0.5220001, 3.097;1.066646, 0.5273047, 2.823782;0.8042548, -0.01689023, 2.913721;0.9512336, -0.002220854, 2.70354;0.9414207, 0.1940444, 2.903406;0.8918965, 0.1262014, 2.944904;0.9707452, 0.1350513, 2.842714;0.9488159, -0.3648072, 2.995302;1.061596, -0.344793, 2.753879;0.9584525, -0.7230127, 3.010357;1.086049, -0.6892671, 2.668878;0.9007224, -0.7930733, 2.991757;1.050056, -0.7790749, 2.606611;
0.9350765, 0.8754482, 2.975405;1.013858, 0.6658007, 2.959514;0.9534351, 0.2725048, 2.90969;0.8894226, 0.5215552, 3.096898;1.066677, 0.5275115, 2.823878;0.8025009, -0.01658717, 2.912817;0.9506616, -0.005661964, 2.702481;0.9412329, 0.193838, 2.903341;0.8914251, 0.1257463, 2.944405;0.9706833, 0.1351261, 2.842815;0.9486926, -0.3650135, 2.995301;1.061145, -0.3447722, 2.752998;0.9577839, -0.723366, 3.010326;1.086076, -0.6895044, 2.669011;0.9013687, -0.794654, 2.992299;1.049825, -0.7788132, 2.605949;
0.935129, 0.8754864, 2.975565;1.01374, 0.6656958, 2.959336;0.9531637, 0.2723354, 2.909644;0.8890464, 0.5210255, 3.096316;1.066178, 0.5272219, 2.824105;0.8028606, -0.01666244, 2.913042;0.9507431, -0.005539745, 2.702305;0.9409302, 0.1936509, 2.903327;0.8910512, 0.1252902, 2.944496;0.9704276, 0.1350513, 2.842798;0.9486479, -0.3651254, 2.99524;1.060998, -0.3448189, 2.752631;0.9581124, -0.723545, 3.010348;1.086057, -0.6894822, 2.669326;0.8992311, -0.7953789, 2.991599;1.049734, -0.7786819, 2.605893;
0.9347361, 0.8754485, 2.974074;1.01301, 0.6656876, 2.958605;0.9526567, 0.273432, 2.909693;0.8884397, 0.5206229, 3.096235;1.066183, 0.5272661, 2.823866;0.8028858, -0.01648155, 2.91311;0.9502838, -0.005000316, 2.703773;0.940429, 0.1951887, 2.903585;0.8904711, 0.1256925, 2.945328;0.9701904, 0.135795, 2.842508;0.9486475, -0.365132, 2.995177;1.061006, -0.3448403, 2.752471;0.9582098, -0.7233325, 3.010361;1.085862, -0.6887932, 2.669098;0.8980585, -0.7959551, 2.991533;1.049523, -0.7784484, 2.60564;
0.935235, 0.8752319, 2.974325;1.011081, 0.664452, 2.956712;0.9521807, 0.2738943, 2.909634;0.888242, 0.5206708, 3.096357;1.066112, 0.5267741, 2.823225;0.8031988, -0.01603766, 2.913798;0.9495072, -0.005120061, 2.703792;0.9400076, 0.1959257, 2.903704;0.8900681, 0.1258819, 2.945885;0.9699288, 0.1361082, 2.842371;0.9478409, -0.3647058, 2.994827;1.06059, -0.3441855, 2.753603;0.957998, -0.7226955, 3.010531;1.085754, -0.6889589, 2.668882;0.8977156, -0.7958161, 2.991978;1.049507, -0.7783622, 2.605548;
0.9348913, 0.8750199, 2.973762;1.011117, 0.6645148, 2.956873;0.9517584, 0.272955, 2.909586;0.8881876, 0.5227132, 3.095775;1.065306, 0.5258864, 2.822472;0.8028281, -0.01612451, 2.913802;0.9502139, -0.00522463, 2.703819;0.939433, 0.1944771, 2.903563;0.8897865, 0.1254189, 2.945102;0.9695348, 0.1359087, 2.843103;0.947697, -0.3644977, 2.994232;1.060538, -0.3446705, 2.752976;0.958724, -0.7234401, 3.010071;1.085888, -0.6890277, 2.66887;0.8964705, -0.7957775, 2.991522;1.049507, -0.7783602, 2.605547;
0.9349721, 0.8750321, 2.973749;1.010921, 0.6644855, 2.956785;0.951569, 0.2729766, 2.90946;0.8880175, 0.5222813, 3.095648;1.065193, 0.5259658, 2.822495;0.8031504, -0.01552682, 2.913887;0.9502767, -0.004574649, 2.703107;0.9392945, 0.1945146, 2.903452;0.8896589, 0.1253713, 2.945048;0.9693716, 0.1360094, 2.842917;0.9476702, -0.3644617, 2.994152;1.060604, -0.3452745, 2.753085;0.9570847, -0.7244588, 3.009094;1.085633, -0.6887916, 2.669035;0.8961312, -0.7957653, 2.991529;1.049542, -0.7782572, 2.605435;
0.9349912, 0.8757623, 2.973147;1.009544, 0.6648921, 2.957242;0.9508304, 0.273255, 2.909554;0.8876047, 0.5222227, 3.095932;1.064918, 0.5261593, 2.822547;0.8032231, -0.02025923, 2.915539;0.9513095, -0.0068461, 2.700892;0.9387321, 0.1947759, 2.903511;0.889327, 0.1254194, 2.945004;0.9686661, 0.1366102, 2.843126;0.947649, -0.3644519, 2.994154;1.060513, -0.3454306, 2.753113;0.9569881, -0.7241998, 3.009007;1.085644, -0.6894024, 2.66916;0.8962705, -0.7961042, 2.991267;1.049575, -0.7782798, 2.605434;
0.9345933, 0.8754175, 2.971924;1.008974, 0.6647053, 2.957355;0.9504055, 0.2738923, 2.909782;0.8875385, 0.5244151, 3.095356;1.064581, 0.526432, 2.82243;0.8025317, -0.01894759, 2.91524;0.9441984, -0.00587561, 2.704485;0.9383439, 0.1957365, 2.903818;0.8891153, 0.1258583, 2.945492;0.9682215, 0.137316, 2.843086;0.9468176, -0.3640593, 2.993709;1.060641, -0.3456712, 2.752343;0.9567445, -0.7246623, 3.008033;1.085628, -0.6893241, 2.669255;0.8937303, -0.7954208, 2.991133;1.049471, -0.7782515, 2.605442;
0.9339613, 0.8755683, 2.971427;1.008703, 0.66497, 2.957133;0.9501001, 0.2741323, 2.909673;0.8875592, 0.5244672, 3.095431;1.064191, 0.5267909, 2.822472;0.8026673, -0.01814689, 2.915701;0.9458645, -0.006817766, 2.702788;0.938078, 0.1959584, 2.903739;0.8889636, 0.126001, 2.945492;0.9678041, 0.1376472, 2.842972;0.9465944, -0.3638315, 2.993466;1.0605, -0.3460293, 2.753236;0.9570031, -0.7246732, 3.007365;1.085767, -0.6894644, 2.670084;0.8977148, -0.7944484, 2.991985;1.049551, -0.7785656, 2.605782;
0.933891, 0.8759386, 2.971315;1.007759, 0.6650454, 2.956867;0.949559, 0.2749459, 2.909539;0.8864257, 0.523675, 3.094611;1.06349, 0.5269844, 2.822392;0.8027477, -0.01815143, 2.915128;0.9476497, -0.008737966, 2.700737;0.9376312, 0.1969873, 2.903633;0.8886374, 0.1261778, 2.945832;0.9673539, 0.1382445, 2.842155;0.9464359, -0.364313, 2.993513;1.059922, -0.3451629, 2.75314;0.9573203, -0.7239047, 3.008283;1.086017, -0.6888128, 2.670251;0.8975641, -0.7940705, 2.991646;1.049694, -0.7783703, 2.606045;
0.9337556, 0.8760256, 2.971108;1.007634, 0.6652067, 2.957152;0.9493896, 0.2749414, 2.909629;0.8853546, 0.5236945, 3.096216;1.063484, 0.5269775, 2.822358;0.8025514, -0.01618816, 2.914759;0.9456334, -0.009554088, 2.700529;0.9374629, 0.1969539, 2.903701;0.888352, 0.1262308, 2.945593;0.9671165, 0.1382234, 2.842493;0.946063, -0.3639088, 2.993409;1.059712, -0.3453709, 2.752704;0.9547527, -0.7242541, 3.008041;1.085997, -0.6886371, 2.670261;0.8963703, -0.794684, 2.991017;1.04967, -0.7783633, 2.606102;
0.9335702, 0.8762546, 2.970751;1.007195, 0.6653791, 2.956909;0.9489093, 0.2751588, 2.90958;0.8852456, 0.5240935, 3.095462;1.062625, 0.5271238, 2.822467;0.8017342, -0.01997352, 2.912951;0.9430823, -0.0103099, 2.7007;0.9370202, 0.1971654, 2.903696;0.8880429, 0.1263742, 2.945742;0.9664726, 0.1383914, 2.842383;0.9460484, -0.3639341, 2.993398;1.059758, -0.3466759, 2.751627;0.9548624, -0.7236863, 3.008572;1.085763, -0.6890386, 2.670366;0.8961201, -0.7944567, 2.990737;1.049627, -0.7784491, 2.606183;
0.9334228, 0.8762658, 2.970314;1.006562, 0.6652355, 2.956281;0.9486142, 0.2749471, 2.909307;0.8852468, 0.5263854, 3.095651;1.062011, 0.5269044, 2.821986;0.8018413, -0.01748714, 2.913429;0.9430517, -0.01109339, 2.700228;0.9367995, 0.1969484, 2.90348;0.8879036, 0.1265227, 2.945316;0.9663649, 0.1383585, 2.842453;0.9460223, -0.3638386, 2.993385;1.059625, -0.3462389, 2.751542;0.9550114, -0.723686, 3.008695;1.085765, -0.689043, 2.670355;0.8958429, -0.79386, 2.990173;1.049624, -0.7784693, 2.606199;
0.9332551, 0.8763942, 2.970248;1.006396, 0.665344, 2.95586;0.9480349, 0.2754437, 2.909092;0.8846639, 0.5257016, 3.095324;1.061826, 0.5271482, 2.821854;0.8008002, -0.02203126, 2.913491;0.9491056, -0.009010881, 2.697962;0.9361303, 0.1975497, 2.903327;0.8871086, 0.1267225, 2.945476;0.9656311, 0.1388924, 2.842083;0.9459304, -0.3637539, 2.993362;1.059384, -0.3461478, 2.751347;0.9543085, -0.7238611, 3.008849;1.086437, -0.6872559, 2.670508;0.9009463, -0.791451, 2.986591;1.049623, -0.7783217, 2.60621;
0.9327646, 0.8767809, 2.969499;1.004972, 0.6655017, 2.955539;0.9474873, 0.275847, 2.908963;0.8846256, 0.5272682, 3.096494;1.061378, 0.527126, 2.821555;0.801097, -0.0230124, 2.912596;0.946303, -0.01335591, 2.698534;0.9357312, 0.1979653, 2.903228;0.8868937, 0.1269742, 2.945521;0.9652476, 0.1391442, 2.841872;0.9458545, -0.3639919, 2.993402;1.05914, -0.3461727, 2.751166;0.9550578, -0.7238928, 3.008888;1.086521, -0.6866834, 2.670879;0.9004699, -0.7916651, 2.986521;1.049615, -0.7782917, 2.606208;
0.9318604, 0.8769727, 2.97105;1.004613, 0.6657299, 2.955755;0.947201, 0.2762333, 2.908967;0.8847218, 0.5295643, 3.098991;1.060319, 0.5272044, 2.821716;0.8005241, -0.02444399, 2.912799;0.9458287, -0.00493858, 2.698974;0.9354845, 0.1983793, 2.903193;0.8868244, 0.1272083, 2.945601;0.9647979, 0.1394599, 2.84159;0.9457098, -0.3640066, 2.993437;1.059381, -0.3451061, 2.751119;0.9554713, -0.7236515, 3.009046;1.086843, -0.6881354, 2.67034;0.9001481, -0.7915071, 2.987588;1.0496, -0.7782097, 2.60623;
0.9308213, 0.8769155, 2.970102;1.004009, 0.6659409, 2.95546;0.9468132, 0.2764951, 2.908669;0.8843431, 0.5297918, 3.098991;1.059932, 0.5272703, 2.821528;0.7966216, -0.01838378, 2.912858;0.944987, -0.00616394, 2.699443;0.9351685, 0.198637, 2.902906;0.8865829, 0.1273683, 2.945345;0.9644952, 0.1397728, 2.841333;0.9455877, -0.3639545, 2.993234;1.059175, -0.3454305, 2.751246;0.9623935, -0.730714, 3.012688;1.08585, -0.690443, 2.670049;0.8970003, -0.7939149, 2.98841;1.049537, -0.778236, 2.606008;
0.9303716, 0.8769283, 2.969523;1.003551, 0.6659875, 2.955145;0.9464852, 0.2758009, 2.908085;0.8834651, 0.5280007, 3.100099;1.058602, 0.5274395, 2.821623;0.7964247, -0.0204627, 2.910385;0.9426521, -0.005710535, 2.699297;0.9348953, 0.197688, 2.902218;0.8864928, 0.1266854, 2.944532;0.9644112, 0.1395838, 2.841161;0.944804, -0.3638281, 2.992506;1.058945, -0.3456055, 2.751038;0.9616404, -0.7299055, 3.011839;1.085654, -0.6900005, 2.670264;0.8963432, -0.7935801, 2.989092;1.049428, -0.7777972, 2.605546;
0.9278529, 0.8761296, 2.967677;1.003318, 0.6662542, 2.955082;0.946095, 0.2765065, 2.908097;0.8833658, 0.5296895, 3.101172;1.058284, 0.5275385, 2.821543;0.79557, -0.02105433, 2.909404;0.9453891, -0.002724111, 2.691643;0.9344925, 0.1985196, 2.902263;0.8862007, 0.1271204, 2.94482;0.9638997, 0.1401069, 2.84087;0.944541, -0.3639004, 2.992349;1.057947, -0.3432373, 2.751046;0.9609134, -0.7297177, 3.011759;1.085656, -0.6900777, 2.669454;0.8971576, -0.7924082, 2.988824;1.049461, -0.778205, 2.605836;
0.9276605, 0.876332, 2.967282;1.003111, 0.6665306, 2.955078;0.9458438, 0.2761963, 2.907834;0.8824644, 0.5304094, 3.098992;1.05795, 0.5275314, 2.821711;0.7954241, -0.02132501, 2.909412;0.9449834, 0.001151308, 2.701023;0.9342033, 0.1979904, 2.901884;0.8858513, 0.1270471, 2.943988;0.9638284, 0.1399711, 2.840884;0.9445342, -0.3639019, 2.992337;1.057772, -0.3435074, 2.750883;0.9601893, -0.7282094, 3.011075;1.085435, -0.6901758, 2.66939;0.9142709, -0.7965724, 2.978062;1.0496, -0.7783651, 2.606121;
0.9275039, 0.8766783, 2.967727;1.002302, 0.6665422, 2.954638;0.9454478, 0.2759207, 2.907705;0.8823754, 0.5308881, 3.09844;1.057375, 0.5274118, 2.821354;0.794772, -0.01999947, 2.906414;0.9407359, -0.005987458, 2.700609;0.9338856, 0.1976905, 2.90181;0.88571, 0.1269004, 2.943878;0.9635394, 0.1398968, 2.841004;0.9444296, -0.3638702, 2.992267;1.057473, -0.3433809, 2.750227;0.9602103, -0.7276911, 3.010773;1.085226, -0.689742, 2.669217;0.9131997, -0.7955297, 2.978515;1.049584, -0.7782523, 2.606112;
0.9263598, 0.8771368, 2.969062;1.00133, 0.6669272, 2.954695;0.9450408, 0.2755051, 2.907519;0.8816736, 0.5310295, 3.096473;1.056082, 0.5275668, 2.821612;0.7940954, -0.02010313, 2.906503;0.9415346, -0.007632479, 2.699846;0.9335369, 0.1970927, 2.901569;0.885576, 0.1267417, 2.943515;0.9633375, 0.1396499, 2.841054;0.9442393, -0.3639689, 2.992186;1.057661, -0.3433689, 2.750015;0.9578416, -0.7280177, 3.010955;1.085315, -0.6897981, 2.668829;0.9055855, -0.7944738, 2.984666;1.049548, -0.7784215, 2.606171;
0.9250166, 0.8766768, 2.969589;1.000894, 0.6667681, 2.954892;0.9446329, 0.27489, 2.907341;0.8796381, 0.5271569, 3.094146;1.055586, 0.5275105, 2.821369;0.7938292, -0.02091133, 2.906497;0.9405066, -0.009836689, 2.700289;0.9331635, 0.1963665, 2.901308;0.8851877, 0.12617, 2.94292;0.9631554, 0.1393258, 2.841065;0.944164, -0.3638061, 2.992127;1.05772, -0.3432567, 2.750145;0.9578543, -0.7276006, 3.010668;1.085365, -0.6892745, 2.668924;0.9052856, -0.7942174, 2.985689;1.049589, -0.7782423, 2.606251;
0.9247218, 0.8768711, 2.969407;1.000281, 0.6668266, 2.954517;0.9445621, 0.2750082, 2.90711;0.8785231, 0.5256166, 3.093846;1.055079, 0.5275639, 2.821552;0.7941977, -0.02097251, 2.906552;0.9397874, -0.01029881, 2.699889;0.9331695, 0.1965099, 2.90109;0.8851823, 0.1260923, 2.942881;0.9632283, 0.1394091, 2.840408;0.9440145, -0.36379, 2.992164;1.057498, -0.3429851, 2.749658;0.9579961, -0.7271275, 3.010781;1.085578, -0.6884291, 2.6693;0.9031858, -0.7924643, 2.987143;1.049579, -0.7782042, 2.606246;
0.924625, 0.8770216, 2.969527;0.9994444, 0.6666548, 2.954046;0.9444023, 0.2747696, 2.906799;0.8780881, 0.5264549, 3.093105;1.054255, 0.5274, 2.821472;0.7937911, -0.02168218, 2.90747;0.9394012, -0.01113193, 2.697635;0.9331154, 0.1962761, 2.900814;0.8852037, 0.1259081, 2.942526;0.9632233, 0.139291, 2.840307;0.9439928, -0.3639637, 2.992289;1.057378, -0.3429848, 2.749412;0.9610437, -0.7296352, 3.010754;1.085783, -0.6890481, 2.669438;0.9006104, -0.7925178, 2.987655;1.049581, -0.778217, 2.606257;
0.9245347, 0.8772224, 2.969818;0.9975982, 0.6660777, 2.952612;0.9440367, 0.2746121, 2.906323;0.8772127, 0.5274972, 3.091875;1.052848, 0.5278615, 2.821827;0.7937454, -0.02195316, 2.906958;0.9386206, -0.01270468, 2.69569;0.9329451, 0.1961856, 2.900497;0.8851103, 0.125883, 2.942348;0.9631472, 0.1391573, 2.840028;0.9435416, -0.3637429, 2.992313;1.05703, -0.3427829, 2.749884;0.9592708, -0.7280214, 3.010318;1.086033, -0.6900628, 2.669123;0.9005371, -0.792563, 2.987571;1.049573, -0.7782973, 2.606362;
0.9241398, 0.8775449, 2.970418;0.9954147, 0.6656641, 2.951585;0.9439937, 0.2747246, 2.906181;0.876606, 0.5279161, 3.091768;1.052137, 0.5282076, 2.821891;0.7945735, -0.02078101, 2.904205;0.9377114, -0.01210621, 2.693701;0.9330486, 0.1963801, 2.900377;0.8852443, 0.1259108, 2.942343;0.9634045, 0.139283, 2.839799;0.9419867, -0.3628534, 2.991838;1.055899, -0.3406402, 2.748656;0.9587992, -0.7273966, 3.009571;1.085861, -0.6899652, 2.669225;0.8998816, -0.7930105, 2.985975;1.049598, -0.7782323, 2.606283;
0.9228667, 0.8740259, 2.97164;0.9901192, 0.66439, 2.949066;0.9437554, 0.2745596, 2.906073;0.8743389, 0.5281603, 3.090265;1.051666, 0.528581, 2.821661;0.7947295, -0.02082756, 2.904728;0.9377572, -0.01199006, 2.694179;0.9330502, 0.1963237, 2.900371;0.885263, 0.1258631, 2.942336;0.9638609, 0.13903, 2.840122;0.9411811, -0.3624083, 2.991867;1.055796, -0.3411018, 2.747927;0.95578, -0.726378, 3.008403;1.085872, -0.6899762, 2.669224;0.9000396, -0.7940474, 2.9899;1.049401, -0.7781841, 2.605973;
0.9173721, 0.8678368, 2.96764;0.9877449, 0.662789, 2.946901;0.9435504, 0.2743802, 2.906041;0.8731151, 0.5287449, 3.090611;1.049575, 0.5287316, 2.820208;0.7932336, -0.01978765, 2.904196;0.9373592, -0.0123776, 2.698139;0.9330432, 0.1962428, 2.900465;0.8853401, 0.125874, 2.94237;0.9641927, 0.1391654, 2.841197;0.9398318, -0.3621866, 2.991905;1.054434, -0.3402326, 2.74609;0.9557662, -0.7264509, 3.008205;1.08573, -0.6900021, 2.669518;0.9001471, -0.794713, 2.992399;1.049556, -0.7783878, 2.606273;
0.9156094, 0.8670141, 2.966509;0.9816096, 0.6629735, 2.941355;0.9433734, 0.2748187, 2.905971;0.8664926, 0.5238147, 3.090877;1.048574, 0.5289878, 2.819264;0.7931455, -0.01896488, 2.904418;0.9371898, -0.01345081, 2.703047;0.9333997, 0.197063, 2.900897;0.8859775, 0.1254694, 2.944389;0.9653162, 0.1394629, 2.841282;0.9386921, -0.3618662, 2.992536;1.052566, -0.3360674, 2.742306;0.9552427, -0.7263288, 3.007991;1.085505, -0.6896998, 2.668304;0.9007622, -0.7937315, 2.991617;1.049427, -0.7778603, 2.605664;
0.9084712, 0.8602373, 2.960932;0.97793, 0.6607364, 2.940156;0.943473, 0.2746378, 2.906379;0.86129, 0.5213197, 3.090293;1.043962, 0.5256582, 2.813967;0.7943267, -0.01856361, 2.904317;0.9350745, -0.02312128, 2.706179;0.9345834, 0.1969553, 2.902398;0.8882022, 0.1236546, 2.948203;0.9683697, 0.1385847, 2.842941;0.9355235, -0.3619986, 2.993865;1.050849, -0.3357204, 2.737209;0.955106, -0.7262766, 3.008053;1.08502, -0.6888264, 2.667602;0.9001688, -0.7934296, 2.992477;1.049252, -0.7777339, 2.605143;
0.8988046, 0.8566616, 2.949024;0.9675399, 0.6577483, 2.936321;0.9434518, 0.2740864, 2.906553;0.8551021, 0.5170572, 3.087949;1.039075, 0.5230733, 2.81145;0.7930329, -0.02868414, 2.900856;0.9350473, -0.02252097, 2.706467;0.935665, 0.1961778, 2.903196;0.8905521, 0.1220334, 2.94967;0.9713783, 0.1369293, 2.844397;0.9287184, -0.3603096, 2.995549;1.048306, -0.3340312, 2.731816;0.9539467, -0.7253464, 3.005563;1.084378, -0.6884564, 2.666882;0.8937107, -0.7952303, 2.99019;1.04924, -0.7777265, 2.605079;
0.8944323, 0.8507466, 2.947793;0.9635936, 0.654655, 2.935551;0.9440109, 0.2703669, 2.907893;0.8512592, 0.5157288, 3.085546;1.035755, 0.5207846, 2.808823;0.7942261, -0.0323746, 2.899994;0.9343784, -0.02243767, 2.70611;0.9382566, 0.1919852, 2.90558;0.8936054, 0.1183149, 2.951268;0.9760913, 0.1330703, 2.848656;0.9211255, -0.3577968, 2.998155;1.046334, -0.3334709, 2.724018;0.9546909, -0.7262883, 3.005771;1.081637, -0.6887237, 2.660099;0.8940321, -0.7954979, 2.990416;1.049083, -0.7778097, 2.604905;
0.8862607, 0.8420846, 2.943613;0.9537058, 0.6476195, 2.930595;0.9443567, 0.2690921, 2.908757;0.8442806, 0.5118269, 3.079925;1.034042, 0.518242, 2.805741;0.7946879, -0.03489502, 2.900767;0.9313893, -0.02189528, 2.704104;0.9402493, 0.1909323, 2.907626;0.8969324, 0.1153459, 2.955831;0.9810024, 0.1306837, 2.851064;0.9102213, -0.3560094, 3.001645;1.04513, -0.3314043, 2.718159;0.9502088, -0.7232985, 3.008032;1.080852, -0.6894994, 2.658368;0.897642, -0.7947715, 2.991968;1.048849, -0.7781284, 2.604534;
0.8786146, 0.8321233, 2.941912;0.9451762, 0.6391587, 2.926494;0.9441872, 0.2647725, 2.910388;0.8371369, 0.5025724, 3.074624;1.026364, 0.5086906, 2.801844;0.7887809, -0.04535413, 2.893928;0.9286955, -0.02212097, 2.707954;0.9417361, 0.1875762, 2.910149;0.8995801, 0.1109731, 2.959913;0.9835587, 0.1266533, 2.853562;0.8967631, -0.3514897, 3.00703;1.043939, -0.3250358, 2.707054;0.9485765, -0.7232615, 3.007833;1.080504, -0.6894454, 2.657063;0.90122, -0.7959225, 2.993335;1.048785, -0.7781045, 2.604346;
0.8650579, 0.8185114, 2.935237;0.9348472, 0.6286621, 2.920011;0.9434885, 0.2528757, 2.913409;0.8304048, 0.4914314, 3.071805;1.013149, 0.4905524, 2.795947;0.7915003, -0.05298203, 2.896911;0.9167278, -0.02584442, 2.705354;0.9438676, 0.1760472, 2.915322;0.9040827, 0.1005379, 2.966346;0.9865471, 0.1142523, 2.859909;0.8899609, -0.3537223, 3.010595;1.042995, -0.3237829, 2.699534;0.9468184, -0.7232598, 3.007385;1.080256, -0.6894538, 2.656599;0.8947229, -0.798093, 2.992498;1.048829, -0.7780625, 2.60427;
0.8538927, 0.7936186, 2.925783;0.9171622, 0.6033128, 2.912689;0.9412383, 0.242925, 2.915693;0.8232836, 0.4814457, 3.069296;1.007305, 0.4784025, 2.792001;0.7867471, -0.07192169, 2.89318;0.9221621, -0.05102822, 2.716261;0.9438226, 0.1688589, 2.918574;0.9061754, 0.09210227, 2.971363;0.9874453, 0.1059389, 2.863765;0.8797332, -0.3569212, 3.017043;1.042814, -0.3165736, 2.693547;0.9433359, -0.7245213, 3.008765;1.079523, -0.6897203, 2.654026;0.8946639, -0.7978511, 2.992766;1.048687, -0.7780546, 2.603806;
0.8424543, 0.7748024, 2.927443;0.9104296, 0.5864085, 2.905698;0.9380506, 0.2260559, 2.9193;0.8142172, 0.4646899, 3.061934;0.9993675, 0.464029, 2.78968;0.7916334, -0.1090891, 2.868427;0.9308889, -0.05060793, 2.717168;0.9426246, 0.1533422, 2.924866;0.9060671, 0.07781026, 2.980839;0.9882288, 0.08967429, 2.87079;0.8707939, -0.3605221, 3.023793;1.042648, -0.3099229, 2.686791;0.9413837, -0.7233616, 3.009215;1.077506, -0.6925151, 2.647634;0.8963338, -0.7984303, 2.992414;1.048689, -0.778134, 2.603637;
0.8242116, 0.7509696, 2.910381;0.9013129, 0.5698111, 2.902596;0.9383622, 0.2058401, 2.922546;0.7998023, 0.4321289, 3.05317;0.9893781, 0.4406866, 2.78426;0.7892742, -0.1430427, 2.859027;0.8771724, -0.09847285, 2.767433;0.9455971, 0.1321816, 2.930058;0.9093846, 0.05798604, 2.98798;0.9952069, 0.07039979, 2.87612;0.8658811, -0.3600306, 3.027139;1.044139, -0.3099996, 2.682509;0.9406579, -0.7230424, 3.009982;1.077065, -0.6924232, 2.645513;0.8951626, -0.7986925, 2.99189;1.048233, -0.7778316, 2.602262;
0.8163353, 0.7232128, 2.904918;0.8900645, 0.540993, 2.892493;0.935954, 0.1867858, 2.92411;0.7872385, 0.4075556, 3.046477;0.9812281, 0.4224919, 2.783388;0.790833, -0.1235175, 2.869776;0.9130124, -0.1109008, 2.694887;0.944603, 0.1152186, 2.93334;0.9074689, 0.04398488, 2.992247;0.9977268, 0.05310968, 2.881485;0.8560279, -0.3653385, 3.034772;1.046475, -0.3144307, 2.677134;0.9389764, -0.7266698, 3.010901;1.076358, -0.693024, 2.640515;0.8926961, -0.7992253, 2.991857;1.046859, -0.7782969, 2.599919;
0.8091217, 0.7095332, 2.904361;0.8804179, 0.5267993, 2.887239;0.9323595, 0.1650629, 2.925082;0.7791032, 0.3751439, 3.028177;0.972082, 0.397939, 2.779433;0.7840446, -0.1630775, 2.885653;0.904575, -0.1508293, 2.701316;0.9427277, 0.0921187, 2.936193;0.9054007, 0.01929455, 2.997739;0.9988415, 0.03432298, 2.884784;0.8458846, -0.3878306, 3.042897;1.048267, -0.3225391, 2.662652;0.9350907, -0.725519, 3.01194;1.075845, -0.6946816, 2.638453;0.8915004, -0.7982537, 2.991364;1.046828, -0.7786059, 2.599932;
0.7852618, 0.6585594, 2.891261;0.8657727, 0.481557, 2.877859;0.9364589, 0.1393456, 2.922418;0.76801, 0.3478126, 3.021387;0.9680758, 0.3782487, 2.776875;0.7892797, -0.2073095, 2.87579;0.9033134, -0.1849329, 2.680911;0.9494633, 0.06951632, 2.934473;0.913892, -0.008964379, 2.995971;1.010179, 0.01451443, 2.884838;0.8318927, -0.4096686, 3.052345;1.048875, -0.3351214, 2.642604;0.9304181, -0.7283473, 3.010973;1.076399, -0.6955948, 2.637379;0.8883907, -0.8010048, 2.987778;1.046732, -0.778817, 2.599588;
0.7779749, 0.6388384, 2.885913;0.8618376, 0.4649228, 2.87445;0.9489269, 0.1125348, 2.913574;0.7617275, 0.3104374, 3.016361;0.9570149, 0.3498347, 2.774218;0.7575141, -0.2161282, 2.858031;0.9050486, -0.2170783, 2.682147;0.9674938, 0.04107324, 2.92446;0.9356858, -0.02917997, 2.982916;1.029863, -0.01237279, 2.877414;0.8213682, -0.4170261, 3.058797;1.049072, -0.3533068, 2.628224;0.9280016, -0.7274442, 3.009954;1.075202, -0.6967415, 2.634286;0.8852483, -0.799987, 2.988492;1.046652, -0.7790663, 2.599533;
0.7707517, 0.5984019, 2.876275;0.8529729, 0.421529, 2.873359;0.9537107, 0.08207779, 2.914203;0.7574648, 0.2695972, 2.999029;0.9493783, 0.3112971, 2.766324;0.753363, -0.2402841, 2.850347;0.8976192, -0.2378681, 2.678194;0.9734883, 0.01399792, 2.925703;0.9441552, -0.05407526, 2.979856;1.035443, -0.03283891, 2.881948;0.8043521, -0.4313718, 3.060756;1.048361, -0.3610411, 2.616215;0.9275446, -0.7271254, 3.010216;1.07491, -0.6971096, 2.632746;0.8857914, -0.7992925, 2.986395;1.046565, -0.7793816, 2.599591;
0.7542343, 0.5590502, 2.859902;0.8437433, 0.3947194, 2.868002;0.9242402, 0.04712705, 2.915729;0.7524401, 0.2537448, 2.995532;0.9429008, 0.2870806, 2.761973;0.7531578, -0.2704791, 2.848296;0.8896591, -0.2797661, 2.675827;0.9393188, -0.02259586, 2.929233;0.9016874, -0.08372343, 2.984974;1.004921, -0.07755425, 2.887237;0.793111, -0.4694029, 3.07019;1.046294, -0.3788435, 2.593508;0.9250869, -0.7268541, 3.01307;1.073211, -0.6971731, 2.629569;0.8855484, -0.7998502, 2.988629;1.046342, -0.7793587, 2.59927;
0.7448537, 0.5230039, 2.851817;0.8296438, 0.3522372, 2.868297;0.9537631, -1.633167E-05, 2.922904;0.7420301, 0.2193258, 2.985605;0.935669, 0.2553266, 2.756809;0.7338594, -0.2936137, 2.870908;0.8845931, -0.3039621, 2.672709;0.9787474, -0.06998365, 2.937358;0.9591319, -0.1403024, 2.985386;1.038732, -0.1127174, 2.904028;0.7671607, -0.4893691, 3.074853;1.044183, -0.3865182, 2.582149;0.9185002, -0.7223256, 3.015588;1.072294, -0.6958128, 2.626659;0.8850332, -0.7979933, 2.988731;1.046192, -0.7793897, 2.599235;
0.7404488, 0.5092214, 2.849568;0.8255295, 0.3311125, 2.852273;0.9426546, -0.0290517, 2.91685;0.7386857, 0.2004144, 2.980727;0.9318049, 0.2301186, 2.753966;0.7690585, -0.3341509, 2.894561;0.8725004, -0.3546073, 2.671078;0.9655271, -0.1022221, 2.933378;0.945859, -0.1678257, 2.983494;1.0217, -0.1549773, 2.901533;0.7375615, -0.5060829, 3.072424;1.045719, -0.401186, 2.559494;0.9223379, -0.7303646, 3.017659;1.071667, -0.6957793, 2.625539;0.8868074, -0.8034489, 2.988928;1.046127, -0.7794194, 2.598951;
0.7282459, 0.4601704, 2.837932;0.8205038, 0.2818574, 2.842747;0.9394143, -0.05660181, 2.913303;0.7305484, 0.1376776, 2.977898;0.9306433, 0.1887693, 2.747749;0.7711548, -0.4341939, 2.886497;0.8739934, -0.3707663, 2.667705;0.9630771, -0.1245699, 2.930777;0.9405541, -0.1980499, 2.981465;1.02292, -0.1683788, 2.899821;0.720029, -0.5255437, 3.074776;1.040982, -0.4105456, 2.555919;0.9212375, -0.731019, 3.019305;1.070226, -0.6967553, 2.624166;0.8866209, -0.8032224, 2.987996;1.045438, -0.7793814, 2.598035;
0.7242035, 0.4414973, 2.833771;0.816666, 0.2661913, 2.835788;0.914325, -0.07472376, 2.896085;0.727542, 0.11943, 2.967995;0.9270909, 0.1656771, 2.744938;0.7486566, -0.4187181, 2.88641;0.8701347, -0.402047, 2.672753;0.9317544, -0.143053, 2.91069;0.8939157, -0.2087746, 2.963857;0.9978501, -0.1949827, 2.873247;0.7147807, -0.5475165, 3.090076;1.049985, -0.4267388, 2.526857;0.9180325, -0.7292266, 3.02055;1.068737, -0.6986356, 2.62291;0.886274, -0.8015656, 2.987209;1.045141, -0.7796917, 2.597984;
0.7117857, 0.3977593, 2.820567;0.8069814, 0.2242978, 2.823219;0.934718, -0.1107493, 2.907219;0.7261172, 0.09195628, 2.963521;0.917392, 0.12931, 2.738275;0.7690614, -0.4373988, 2.879162;0.8632926, -0.4523544, 2.677945;0.9623278, -0.1807341, 2.928759;0.9413978, -0.2474144, 2.982322;1.021876, -0.2179569, 2.896921;0.6867421, -0.5456016, 3.077144;1.042839, -0.415164, 2.527005;0.9166525, -0.7291341, 3.020019;1.067899, -0.6996206, 2.622663;0.8855155, -0.8013253, 2.986327;1.04458, -0.7794734, 2.597281;
0.7102179, 0.3795829, 2.81911;0.8057463, 0.2092464, 2.819679;0.9292926, -0.1206567, 2.907848;0.7247263, 0.07128353, 2.9579;0.9144947, 0.107193, 2.733448;0.7655848, -0.456879, 2.877589;0.8625872, -0.4607026, 2.673625;0.9553939, -0.1882581, 2.929498;0.9329029, -0.2540587, 2.984025;1.015419, -0.2292753, 2.899386;0.6811882, -0.5540193, 3.076385;1.035224, -0.4017311, 2.518087;0.9131553, -0.7270187, 3.021557;1.064771, -0.7060341, 2.621196;0.8978428, -0.8008071, 2.981735;1.043149, -0.7842596, 2.595153;
0.7048481, 0.3375823, 2.806869;0.8031119, 0.1695639, 2.812952;0.9214121, -0.1604203, 2.904565;0.720463, 0.03782125, 2.953259;0.9141022, 0.08158363, 2.728877;0.7800117, -0.505232, 2.854996;0.8621519, -0.4988354, 2.668869;0.9454458, -0.2256599, 2.926528;0.9203712, -0.2887686, 2.981779;1.008892, -0.2710398, 2.898047;0.7542771, -0.473125, 3.036916;1.036903, -0.4184961, 2.507813;0.9128809, -0.7270019, 3.021291;1.062499, -0.7113228, 2.618812;0.8900114, -0.7984496, 2.981471;1.04172, -0.7895955, 2.593219;
0.7044406, 0.3283249, 2.803469;0.8003349, 0.1500997, 2.810386;0.926586, -0.1636606, 2.906274;0.7190472, 0.02462018, 2.948856;0.9139712, 0.06640401, 2.727998;0.7059557, -0.4995998, 3.05714;0.8613342, -0.5095898, 2.664782;0.9525747, -0.2278365, 2.929112;0.9319634, -0.2936406, 2.987359;1.019369, -0.2703597, 2.90135;0.6537027, -0.5701545, 3.067996;1.034318, -0.4183289, 2.511742;0.9123929, -0.7316993, 3.018488;1.06058, -0.7123243, 2.619351;0.8805447, -0.8011631, 2.982055;1.042369, -0.7906678, 2.592939;
0.6998565, 0.295123, 2.793355;0.7961541, 0.1135801, 2.805821;0.9278736, -0.1952298, 2.905697;0.7126732, 0.005378805, 2.947661;0.9113666, 0.0430944, 2.724264;0.7048532, -0.5111566, 3.063442;0.8583317, -0.5593064, 2.659007;0.9542207, -0.2563736, 2.929138;0.9322, -0.3168767, 2.987134;1.02209, -0.3022895, 2.902392;0.6362259, -0.5696824, 3.075013;1.033533, -0.4160342, 2.502163;0.9128729, -0.7327442, 3.018098;1.057657, -0.7155293, 2.61866;0.8800765, -0.8017602, 2.982293;1.042785, -0.7941439, 2.59184;
0.6956078, 0.2668085, 2.787884;0.7951354, 0.09949996, 2.80128;0.9298738, -0.2065064, 2.904305;0.7135644, -0.04748511, 2.942117;0.9111855, 0.01200514, 2.721881;0.7472056, -0.5685369, 2.920593;0.8582361, -0.5593503, 2.658933;0.9568285, -0.2678469, 2.928279;0.9352504, -0.3314772, 2.987091;1.025166, -0.31113, 2.901834;0.5990274, -0.5023118, 3.110201;1.024752, -0.4223876, 2.501816;0.9170774, -0.7369842, 3.01486;1.056437, -0.7150128, 2.618307;0.8684953, -0.8008586, 2.989492;1.043332, -0.7940387, 2.592484;
0.694268, 0.2426119, 2.783942;0.7941797, 0.07170663, 2.79808;0.9299113, -0.2221717, 2.904525;0.7115148, -0.05818489, 2.941493;0.9099054, -0.01086578, 2.717095;0.73696, -0.5760225, 2.960406;0.857837, -0.5623374, 2.657095;0.9569999, -0.2814079, 2.929033;0.9340271, -0.3466201, 2.99053;1.027395, -0.3226805, 2.901623;0.732856, -0.5046924, 3.058426;1.024089, -0.4213775, 2.499258;0.9165397, -0.7395382, 3.012544;1.054915, -0.7166137, 2.617479;0.8670632, -0.8029494, 2.988407;1.043064, -0.7962518, 2.593629;
0.6916286, 0.2225078, 2.783979;0.7915586, 0.05301971, 2.796204;0.9262516, -0.2359592, 2.898894;0.7097578, -0.08647822, 2.943051;0.9073907, -0.02703197, 2.715398;0.7324594, -0.5788549, 2.970572;0.8618206, -0.5729148, 2.655516;0.953228, -0.2939539, 2.922945;0.9279243, -0.3596029, 2.987629;1.027188, -0.3370253, 2.891164;0.5966173, -0.5561417, 3.078601;1.022709, -0.4233412, 2.487012;0.9098755, -0.7404184, 3.012241;1.054624, -0.7170333, 2.616921;0.8608617, -0.8073721, 3.000546;1.046106, -0.7978402, 2.596437;
0.6885866, 0.2052668, 2.780003;0.7910634, 0.03884834, 2.79266;0.9483443, -0.248499, 2.904838;0.7098382, -0.09504692, 2.938291;0.9065131, -0.04299043, 2.715643;0.7258114, -0.5923203, 2.987043;0.8573047, -0.5934999, 2.652726;0.9837812, -0.3067072, 2.932209;0.9703304, -0.3746604, 2.998448;1.056852, -0.337819, 2.903042;0.6214348, -0.5339553, 3.092345;1.003478, -0.4251577, 2.503665;0.8095318, -0.769576, 3.052032;1.05457, -0.7201064, 2.617446;0.871042, -0.7961883, 3.001936;1.04472, -0.800745, 2.597405;
0.6879905, 0.1876993, 2.775842;0.7905069, 0.01456497, 2.790264;0.9496846, -0.2731915, 2.903992;0.710305, -0.09725862, 2.933628;0.9037877, -0.06306542, 2.71323;0.6933651, -0.5898519, 3.013403;0.8595768, -0.6074378, 2.652287;0.9827213, -0.3304835, 2.930674;0.9670754, -0.3915156, 2.992392;1.051904, -0.3575094, 2.90376;0.6169091, -0.5362787, 3.098655;1.003289, -0.423292, 2.500437;0.893701, -0.7934917, 2.999042;1.05441, -0.7207829, 2.616935;0.8106289, -0.7981416, 3.007818;1.048918, -0.8033704, 2.604738;
0.6876876, 0.1770832, 2.772599;0.7891792, 0.003782997, 2.7888;0.9482202, -0.2839626, 2.904088;0.7105468, -0.1006281, 2.9304;0.9030846, -0.07846114, 2.711259;0.6889039, -0.591432, 3.015876;0.8620432, -0.6281206, 2.649495;0.9806269, -0.3416018, 2.930868;0.9635069, -0.4008405, 2.991573;1.048802, -0.3710192, 2.904208;0.6117651, -0.5364182, 3.101229;1.001987, -0.4235849, 2.499516;0.8877232, -0.7917451, 2.998127;1.053258, -0.7236109, 2.614563;0.8084194, -0.8157829, 3.009508;1.049114, -0.8064996, 2.604137;
0.6890297, 0.1459121, 2.76112;0.7895877, -0.02913343, 2.786058;0.9337538, -0.302404, 2.905384;0.7104559, -0.1115418, 2.922792;0.9022119, -0.1046891, 2.706725;0.6880832, -0.6033853, 3.026643;0.8644407, -0.6525921, 2.63996;0.9620961, -0.3587579, 2.93279;0.9319179, -0.4187422, 3.000578;1.033425, -0.3926108, 2.902756;0.5576868, -0.5009829, 3.086897;0.9925101, -0.428421, 2.496236;0.8876787, -0.7538231, 3.015592;1.043206, -0.7318984, 2.602644;0.8450487, -0.8008505, 2.961173;1.045152, -0.8151503, 2.595181;
0.6888166, 0.1410977, 2.761588;0.789467, -0.03541982, 2.784969;0.9367386, -0.3044822, 2.903333;0.7079403, -0.1910834, 2.938797;0.9029626, -0.1176483, 2.702763;0.6035737, -0.5809637, 3.137868;0.8681718, -0.6843922, 2.64275;0.9661343, -0.3598369, 2.930311;0.94664, -0.4277278, 2.999481;1.042646, -0.3928345, 2.898307;0.5887083, -0.562076, 3.08567;0.9952721, -0.4411142, 2.494762;0.7798557, -0.7941092, 3.038403;1.047454, -0.7433046, 2.601449;0.8461032, -0.7793097, 2.973125;1.049547, -0.826817, 2.599216;
0.6888764, 0.1366778, 2.761096;0.7886591, -0.04211334, 2.785122;0.9271613, -0.321209, 2.899816;0.7079378, -0.1909913, 2.938486;0.9024177, -0.1207508, 2.701853;0.6039579, -0.5811841, 3.137422;0.8688153, -0.6873637, 2.64141;0.9543588, -0.3775609, 2.925881;0.9220005, -0.4512419, 2.993559;1.033862, -0.406639, 2.894507;0.5458418, -0.5332175, 3.065733;0.989728, -0.43909, 2.489717;0.8647081, -0.7612619, 2.998172;1.041791, -0.7430366, 2.596802;0.8170106, -0.8130748, 2.953209;0.9947639, -0.8121501, 2.545087;
0.6886739, 0.1243373, 2.75806;0.7891361, -0.04642048, 2.785049;0.9268667, -0.3213556, 2.899982;0.7082819, -0.1908847, 2.937975;0.9025688, -0.1233785, 2.701399;0.6304099, -0.5807304, 3.105907;0.8676318, -0.694147, 2.641402;0.9539519, -0.3773561, 2.926232;0.9219773, -0.4490431, 2.997077;1.033649, -0.4070882, 2.894576;0.5461476, -0.5324022, 3.066161;0.9917384, -0.4379992, 2.490155;0.8647839, -0.7610695, 2.998136;1.043998, -0.7418104, 2.600784;0.8173645, -0.812482, 2.952459;1.048219, -0.8249834, 2.594253;
0.6896981, 0.1212268, 2.756989;0.7897934, -0.04962609, 2.785457;0.9262465, -0.3191822, 2.901469;0.7083012, -0.1908922, 2.937776;0.9037367, -0.1258978, 2.700998;0.6223021, -0.5691632, 3.101605;0.8912575, -0.6692871, 2.622601;0.9528743, -0.3724499, 2.92882;0.9220352, -0.4390925, 3.004123;1.033607, -0.4055722, 2.896037;0.5446341, -0.4879673, 3.088561;0.9928587, -0.4375613, 2.492385;0.8658932, -0.7607216, 2.997237;1.044783, -0.7413962, 2.60073;0.8276367, -0.8005323, 2.934606;1.048249, -0.8240153, 2.58919;
0.6929108, 0.1238297, 2.758667;0.7899567, -0.04983309, 2.785118;0.9274992, -0.3181179, 2.900671;0.7083214, -0.190157, 2.936997;0.9037807, -0.1260994, 2.70021;0.5540634, -0.5101665, 3.134902;0.8854462, -0.6696278, 2.625947;0.9547703, -0.370912, 2.927655;0.9266715, -0.4376495, 3.00232;1.035242, -0.4043948, 2.89498;0.5528212, -0.5167032, 3.077308;0.9928812, -0.4375883, 2.492391;0.8663325, -0.7615047, 2.997255;1.045029, -0.7412602, 2.600794;0.8233539, -0.8067901, 2.941883;1.045598, -0.8241655, 2.591285;
0.6934327, 0.1250047, 2.758785;0.7901875, -0.049559, 2.785278;0.9451923, -0.3122669, 2.898273;0.7087784, -0.1898616, 2.936518;0.9037727, -0.1261004, 2.699898;0.5525104, -0.5016327, 3.13542;0.8864994, -0.6645722, 2.62324;0.9797268, -0.3636383, 2.923522;0.9759371, -0.4311228, 2.989913;1.054222, -0.3942807, 2.892787;0.69981, -0.5412591, 3.055874;0.99196, -0.4382966, 2.494752;0.8661356, -0.7609186, 2.997097;1.046348, -0.7407895, 2.601322;0.8231211, -0.8069867, 2.94245;1.042788, -0.822736, 2.586129;
0.6934177, 0.127623, 2.76072;0.7904942, -0.04842231, 2.785046;0.9423805, -0.3141974, 2.895899;0.7094005, -0.1890519, 2.935755;0.9038842, -0.1247178, 2.699931;0.5548879, -0.5079231, 3.135074;0.8698341, -0.6741892, 2.629246;0.9731413, -0.3681386, 2.919825;0.9513915, -0.4427114, 2.983586;1.047486, -0.3989836, 2.889197;0.702674, -0.5387276, 3.05443;0.9923027, -0.4423257, 2.490883;0.8713574, -0.7599151, 3.004126;1.046061, -0.7447507, 2.598741;0.8267227, -0.8066105, 2.951416;1.034923, -0.8233902, 2.573387;
0.6930928, 0.1300286, 2.76227;0.7911146, -0.04527231, 2.786731;0.9387712, -0.3140084, 2.896597;0.7102245, -0.1873775, 2.934805;0.9038095, -0.1225197, 2.700762;0.5437581, -0.5223348, 3.081965;0.8885668, -0.6511188, 2.628591;0.9673762, -0.368379, 2.921065;0.9433392, -0.4413493, 2.987206;1.042467, -0.4002879, 2.890155;0.5850698, -0.5540897, 3.078337;0.9929598, -0.4433982, 2.491858;0.8745613, -0.7582833, 3.005932;1.046253, -0.7456537, 2.601372;0.8337683, -0.8062789, 2.951389;1.039749, -0.8235365, 2.572484;
0.694056, 0.1370831, 2.764127;0.7924379, -0.04058327, 2.786679;0.9397062, -0.3101029, 2.894959;0.7100492, -0.1829998, 2.93568;0.9043192, -0.1194849, 2.700443;0.5970022, -0.5320694, 3.069305;0.8876657, -0.6514229, 2.629002;0.9685598, -0.3642534, 2.919314;0.9471114, -0.4355291, 2.984799;1.043291, -0.3963602, 2.889053;0.5947896, -0.5601762, 3.079645;0.9924334, -0.442827, 2.492153;0.778161, -0.7969819, 3.035518;1.045864, -0.7446951, 2.601243;0.8622607, -0.7958882, 2.991586;1.039159, -0.8234403, 2.574969;
0.6948336, 0.1383347, 2.764939;0.793015, -0.03904312, 2.787055;0.9390113, -0.3097898, 2.894325;0.71029, -0.1782651, 2.936376;0.9056669, -0.116397, 2.700625;0.5983872, -0.5316156, 3.069598;0.89237, -0.6520394, 2.618496;0.9676093, -0.3640413, 2.918517;0.9461549, -0.4353853, 2.98398;1.042318, -0.3963329, 2.888338;0.5959491, -0.5612621, 3.081317;0.9932111, -0.4386498, 2.49159;0.779125, -0.7978312, 3.036276;1.046244, -0.741187, 2.599207;0.8619655, -0.7972069, 2.995356;1.039332, -0.8218595, 2.579874;
0.6958508, 0.1392155, 2.76563;0.7942849, -0.03651884, 2.787997;0.9399962, -0.3063622, 2.895078;0.7106718, -0.1770999, 2.937331;0.9060322, -0.1153227, 2.700828;0.5749603, -0.4974152, 3.072753;0.8929797, -0.6518415, 2.617367;0.9687312, -0.3602655, 2.919431;0.9481896, -0.4315668, 2.985442;1.043457, -0.3922732, 2.889565;0.5991652, -0.5611594, 3.079701;0.9944532, -0.4375428, 2.493901;0.7818302, -0.7976105, 3.032257;1.047073, -0.7400966, 2.598256;0.8618267, -0.7984372, 2.998151;1.040185, -0.8204567, 2.577818;
0.697367, 0.1420923, 2.770437;0.7947165, -0.03499676, 2.788139;0.9407445, -0.3046956, 2.895065;0.711524, -0.1759262, 2.936689;0.9077382, -0.112481, 2.70184;0.5604529, -0.4814113, 3.072766;0.8935019, -0.6515424, 2.616688;0.9696436, -0.3585495, 2.919466;0.9498341, -0.4301448, 2.985822;1.04443, -0.3906665, 2.889703;0.6058664, -0.5675766, 3.083914;0.9939942, -0.4370078, 2.49513;0.7823903, -0.8081311, 3.034385;1.046772, -0.7394499, 2.599347;0.8616707, -0.7983102, 3.000169;1.039821, -0.8204151, 2.581634;
0.6994171, 0.1414104, 2.77276;0.7952183, -0.03428995, 2.788534;0.9408331, -0.304518, 2.895214;0.711695, -0.174556, 2.936877;0.9078016, -0.1124807, 2.701756;0.5554028, -0.4661319, 3.062658;0.8956026, -0.6515301, 2.615493;0.9697153, -0.3584286, 2.919626;0.950116, -0.4299413, 2.987072;1.04457, -0.3908454, 2.889662;0.7095509, -0.5273072, 3.051639;0.9945361, -0.4406217, 2.496281;0.875279, -0.7558733, 3.001781;1.047289, -0.7426618, 2.600531;0.849748, -0.8338047, 2.988114;1.038567, -0.8231701, 2.581708;
0.7004521, 0.1414124, 2.773313;0.7955087, -0.03407236, 2.789127;0.9430856, -0.3046713, 2.895274;0.7122169, -0.1752528, 2.938762;0.9082803, -0.1124253, 2.70227;0.5570858, -0.4684961, 3.066188;0.8950048, -0.6516413, 2.614614;0.9728477, -0.3587665, 2.919544;0.9550865, -0.4310461, 2.986645;1.048044, -0.3908244, 2.889433;0.6121764, -0.571058, 3.079492;0.9925568, -0.4392952, 2.497414;0.7930498, -0.8076692, 3.029627;1.04611, -0.741325, 2.602788;0.8654101, -0.7867187, 2.979161;1.038507, -0.8210192, 2.580458;
0.7013012, 0.1415019, 2.774105;0.7961769, -0.03426192, 2.789245;0.9435896, -0.3047951, 2.894637;0.712637, -0.1745433, 2.93884;0.9095169, -0.1125352, 2.702667;0.5583873, -0.4709506, 3.067077;0.8910346, -0.6519374, 2.612581;0.9733159, -0.3588871, 2.918753;0.9555237, -0.4311921, 2.985902;1.048613, -0.3911589, 2.888277;0.6120895, -0.5691578, 3.077077;0.9930512, -0.4400162, 2.497093;0.7956119, -0.8033172, 3.026479;1.046567, -0.7420436, 2.602093;0.8647699, -0.7870863, 2.979756;1.037403, -0.8221751, 2.582148;
0.7034795, 0.1408834, 2.775627;0.797165, -0.03439882, 2.789905;0.9436871, -0.3050713, 2.894021;0.7132452, -0.1739408, 2.93915;0.90975, -0.112906, 2.702956;0.5758809, -0.4966299, 3.07016;0.890985, -0.6517614, 2.612763;0.9732652, -0.3592909, 2.91778;0.9553775, -0.4314282, 2.984544;1.048083, -0.3919314, 2.886711;0.6126392, -0.5666319, 3.078758;0.9928203, -0.4399737, 2.496188;0.7890911, -0.8058317, 3.027944;1.046442, -0.7419733, 2.60212;0.8651024, -0.7917172, 2.990713;1.037317, -0.8227277, 2.585012;
0.7058094, 0.1413849, 2.77693;0.7975465, -0.03451132, 2.790913;0.9450325, -0.3028592, 2.89504;0.7135725, -0.1734402, 2.939859;0.909984, -0.1131101, 2.703044;0.5870453, -0.5068542, 3.072055;0.8899664, -0.6526968, 2.611803;0.9749153, -0.3561689, 2.918944;0.9576045, -0.4274215, 2.98657;1.050178, -0.3884332, 2.887665;0.6076252, -0.5495568, 3.070214;0.9935399, -0.4394853, 2.498461;0.792497, -0.7821399, 3.020687;1.046823, -0.7415833, 2.600959;0.8686005, -0.80198, 2.994126;1.035956, -0.8222564, 2.584692;
0.7060934, 0.1418965, 2.77717;0.7982124, -0.03288154, 2.791261;0.9501426, -0.2987502, 2.896855;0.7153091, -0.1745446, 2.941722;0.9112977, -0.1123879, 2.704242;0.5547614, -0.4659055, 3.070457;0.8901511, -0.6507264, 2.61228;0.9811447, -0.3516412, 2.921252;0.9664551, -0.4236019, 2.989767;1.056882, -0.3828872, 2.890614;0.6255227, -0.5626303, 3.080156;0.9954379, -0.4410872, 2.50388;0.8069874, -0.7965115, 3.021835;1.048109, -0.7434843, 2.599252;0.866775, -0.7852746, 2.965385;1.03594, -0.8237087, 2.581834;
0.7077707, 0.1452411, 2.779957;0.8010099, -0.02697938, 2.793808;0.9499795, -0.2986831, 2.896816;0.7158628, -0.1731555, 2.942507;0.9117414, -0.1110491, 2.705164;0.5570682, -0.464663, 3.066656;0.8874433, -0.652253, 2.615289;0.9805526, -0.3518835, 2.921149;0.9642705, -0.4242602, 2.98881;1.055416, -0.383568, 2.890629;0.6240237, -0.5631336, 3.079037;0.9976875, -0.4385058, 2.503565;0.8065349, -0.7966514, 3.027009;1.050283, -0.7409503, 2.600685;0.8684906, -0.7906001, 2.972167;1.034369, -0.8202329, 2.582144;
0.7105541, 0.1642472, 2.78648;0.8030778, -0.01514998, 2.794916;0.9384398, -0.3028018, 2.889811;0.7153536, -0.1679378, 2.945021;0.9132614, -0.101805, 2.708781;0.6016337, -0.5578169, 3.082193;0.8811429, -0.6377924, 2.636585;0.9607455, -0.3627928, 2.909248;0.925949, -0.4380184, 2.959653;1.029334, -0.3992066, 2.879813;0.6031128, -0.5646722, 3.104044;1.000085, -0.434166, 2.487904;0.7786989, -0.8034186, 3.05471;1.051142, -0.7371174, 2.600521;0.8515236, -0.8006157, 2.996125;1.039814, -0.8188822, 2.592422;
0.7112315, 0.1728275, 2.78753;0.8031316, -0.0003614784, 2.795375;0.9357694, -0.2977218, 2.891563;0.7163655, -0.1358319, 2.945717;0.9144701, -0.08659114, 2.711254;0.6422518, -0.5650979, 3.060727;0.8796903, -0.6201556, 2.632441;0.9591562, -0.3576214, 2.912354;0.9287832, -0.4257335, 2.966883;1.027287, -0.3921432, 2.886041;0.6046226, -0.5615432, 3.098663;1.003253, -0.4363533, 2.495508;0.7815306, -0.7992907, 3.052386;1.050899, -0.7339706, 2.60293;0.8576443, -0.8056612, 3.00274;1.038143, -0.8149343, 2.590367;
0.7160848, 0.2088004, 2.794342;0.8048345, 0.02421415, 2.796254;0.9278488, -0.2738651, 2.89087;0.720363, -0.109256, 2.941779;0.9148598, -0.06715499, 2.713299;0.6475972, -0.5583982, 3.05906;0.8790773, -0.6139958, 2.63341;0.9515325, -0.3336472, 2.91259;0.9274638, -0.4008876, 2.974436;1.0217, -0.3821411, 2.88355;0.6037487, -0.5508721, 3.090257;1.0096, -0.4356543, 2.494497;0.8939247, -0.7451543, 3.005533;1.052071, -0.7295544, 2.607502;0.8508184, -0.8157412, 3.002926;1.037839, -0.8092735, 2.590479;
0.7166524, 0.216304, 2.795387;0.8071965, 0.04343809, 2.797056;0.9257243, -0.2530358, 2.890501;0.722852, -0.09438895, 2.943438;0.9194417, -0.04418591, 2.716151;0.7120902, -0.5367956, 3.035232;0.87434, -0.6011446, 2.640365;0.9490507, -0.3122275, 2.912305;0.9254072, -0.3809868, 2.975135;1.017561, -0.3568652, 2.881873;0.7538248, -0.5101247, 3.032758;1.014519, -0.4289435, 2.496701;0.8968253, -0.7452421, 3.005888;1.05273, -0.7266864, 2.609842;0.8513988, -0.8141069, 3.002421;1.03888, -0.8061574, 2.592221;
0.7208624, 0.2432215, 2.801014;0.8087722, 0.06716999, 2.802485;0.9262049, -0.2366624, 2.896423;0.722959, -0.07208931, 2.949189;0.9181063, -0.02236223, 2.718111;0.7656527, -0.5945918, 2.908216;0.8668439, -0.5791979, 2.645405;0.9495665, -0.2971922, 2.918384;0.9265441, -0.3633808, 2.980175;1.016731, -0.3429829, 2.889156;0.7537546, -0.5078769, 3.034044;1.022486, -0.419667, 2.505832;0.9018558, -0.6913316, 3.030761;1.053944, -0.7227879, 2.612145;0.8792751, -0.792144, 2.988271;1.039471, -0.8004238, 2.588055;
0.7222844, 0.2700193, 2.804581;0.8141805, 0.09477802, 2.802551;0.927358, -0.2110856, 2.899903;0.7234668, -0.04283543, 2.950613;0.9275968, 0.01321188, 2.716558;0.7616924, -0.5506167, 2.925071;0.8733383, -0.5562162, 2.650942;0.9499991, -0.2722031, 2.922597;0.9249967, -0.3382961, 2.983403;1.01791, -0.3232176, 2.894992;0.749359, -0.4970956, 3.031192;1.023531, -0.4169795, 2.516521;0.9055485, -0.7205696, 3.02114;1.053725, -0.7205403, 2.612014;0.8803167, -0.7929305, 2.985551;1.040546, -0.7985758, 2.588871;
0.728405, 0.3068706, 2.807504;0.8155607, 0.1222496, 2.803142;0.9313669, -0.1843686, 2.903254;0.7300082, -0.001380429, 2.955008;0.9267366, 0.03101398, 2.718112;0.7538327, -0.5366011, 2.926668;0.8718071, -0.5327898, 2.655733;0.954532, -0.2456441, 2.926557;0.9325345, -0.3117953, 2.990792;1.02107, -0.2971164, 2.897464;0.6576883, -0.5598106, 3.043579;1.024081, -0.4134064, 2.526321;0.9092729, -0.7281817, 3.013995;1.054258, -0.7196119, 2.613178;0.8756802, -0.7973266, 2.984622;1.04119, -0.7973716, 2.589622;
0.7312055, 0.316672, 2.809353;0.8190916, 0.1523846, 2.812874;0.9293534, -0.1731638, 2.904892;0.7314349, 0.01403459, 2.954274;0.9259549, 0.04461762, 2.719057;0.7612407, -0.4917974, 2.907975;0.8768066, -0.5129492, 2.657575;0.9520024, -0.2369212, 2.92727;0.9291112, -0.3016531, 2.989166;1.015617, -0.2858673, 2.898061;0.7550693, -0.4747128, 3.028388;1.024685, -0.4117877, 2.531101;0.9080845, -0.7263604, 3.014689;1.054871, -0.7195292, 2.613745;0.8768155, -0.7960618, 2.984551;1.040668, -0.7964516, 2.588735;
0.7390502, 0.3590566, 2.819029;0.8235085, 0.1756623, 2.813479;0.9265121, -0.1467285, 2.909877;0.7350207, 0.04553925, 2.956126;0.9305373, 0.08037642, 2.725353;0.7501647, -0.4552141, 2.951745;0.8749462, -0.468154, 2.657678;0.9472656, -0.2114657, 2.932561;0.9220878, -0.2763187, 2.991383;1.008691, -0.25872, 2.905778;0.6828656, -0.5533237, 3.057805;1.02987, -0.3999303, 2.545948;0.9100258, -0.7282068, 3.015047;1.05505, -0.7191284, 2.614064;0.8807256, -0.7970662, 2.981682;1.040412, -0.7954841, 2.588202;
0.7439858, 0.3765107, 2.821633;0.8277899, 0.2014556, 2.819975;0.9433472, -0.1083046, 2.909534;0.7398009, 0.05896446, 2.95806;0.9312936, 0.09939106, 2.727038;0.7091368, -0.4641523, 3.060831;0.877789, -0.4556171, 2.663083;0.9672996, -0.1693706, 2.930311;0.9468836, -0.233018, 2.988155;1.029795, -0.2157566, 2.900381;0.7131983, -0.515678, 3.048195;1.029636, -0.3975814, 2.55138;0.9103293, -0.7282315, 3.014873;1.056371, -0.718663, 2.614981;0.88098, -0.7969213, 2.981673;1.040235, -0.7944046, 2.588813;
0.7529657, 0.4059412, 2.825781;0.8335128, 0.2328443, 2.827146;0.9422381, -0.09896459, 2.912108;0.7462994, 0.09030972, 2.967605;0.9384098, 0.1302732, 2.732252;0.7121884, -0.4640712, 3.060529;0.8840908, -0.4194851, 2.666881;0.9653572, -0.163204, 2.932393;0.9446619, -0.2292778, 2.989093;1.026754, -0.2096803, 2.90334;0.7204449, -0.516216, 3.058535;1.030873, -0.3963396, 2.557322;0.9109885, -0.7278309, 3.015357;1.05837, -0.714145, 2.614884;0.8816653, -0.796324, 2.982151;1.040657, -0.7898746, 2.590285;
0.7568134, 0.4377514, 2.830778;0.841977, 0.2662717, 2.834058;0.9537278, -0.04797476, 2.906843;0.7497216, 0.1346723, 2.969729;0.9399589, 0.1517755, 2.736899;0.776661, -0.428747, 2.87367;0.8882346, -0.3887117, 2.661529;0.9757524, -0.11211, 2.924428;0.9620631, -0.1708641, 2.974273;1.029057, -0.1784719, 2.898754;0.760241, -0.4719383, 3.048774;1.033662, -0.3938048, 2.565328;0.913607, -0.7287588, 3.015003;1.06093, -0.7102571, 2.61526;0.8911443, -0.7990519, 2.980649;1.041358, -0.7872813, 2.591401;
0.7694249, 0.4670094, 2.841338;0.8472508, 0.289942, 2.835943;0.9542793, -0.04276278, 2.907429;0.7521035, 0.1509563, 2.974692;0.9415181, 0.189911, 2.737394;0.775081, -0.3930533, 2.906706;0.9051792, -0.3367256, 2.675973;0.9759892, -0.1082829, 2.924958;0.9630926, -0.1664533, 2.972821;1.026974, -0.1676506, 2.901797;0.7827779, -0.4755719, 3.062678;1.036138, -0.3921691, 2.570016;0.9141352, -0.7292958, 3.015172;1.062872, -0.7086054, 2.617203;0.8916127, -0.7994276, 2.980912;1.041555, -0.7856898, 2.592239;
0.7735157, 0.491663, 2.844938;0.8540422, 0.3305261, 2.835502;0.9618962, -0.003680794, 2.911263;0.7601799, 0.1937469, 2.981171;0.9463942, 0.2073347, 2.739758;0.7781886, -0.3647083, 2.899669;0.9035692, -0.3270956, 2.665823;0.9833319, -0.07124054, 2.929587;0.9676657, -0.129093, 2.979225;1.036783, -0.1251639, 2.903456;0.8025386, -0.4498643, 3.056588;1.03687, -0.3916358, 2.577383;0.9152031, -0.7292991, 3.014483;1.063882, -0.706912, 2.617762;0.8961864, -0.8005441, 2.980783;1.042125, -0.7847664, 2.592786;
0.7774069, 0.5195087, 2.853731;0.8575677, 0.3583601, 2.84267;0.9633476, 0.01494571, 2.911831;0.7634438, 0.204757, 2.98577;0.9469007, 0.2355818, 2.744693;0.7797083, -0.3302621, 2.903082;0.9069158, -0.3115249, 2.66438;0.9845678, -0.05324057, 2.929199;0.9696947, -0.1135674, 2.979757;1.036621, -0.1126008, 2.900843;0.812097, -0.4382865, 3.05467;1.03629, -0.3886101, 2.583305;0.917852, -0.7288665, 3.014558;1.066669, -0.7032203, 2.620085;0.8978735, -0.8003496, 2.982279;1.042258, -0.7840877, 2.592583;
0.8138739, 0.6032, 2.880376;0.8772309, 0.4216399, 2.860079;0.9604912, 0.07256766, 2.920581;0.7865527, 0.27636, 2.994606;0.9654197, 0.2993153, 2.752617;0.7797635, -0.2659499, 2.891763;0.9244519, -0.243135, 2.670388;0.9771432, 0.002753217, 2.93598;0.9584644, -0.05739162, 2.984416;1.024664, -0.05802238, 2.905559;0.8275008, -0.4195515, 3.048535;1.036683, -0.3713692, 2.604907;0.9223188, -0.7250748, 3.013146;1.07029, -0.7023277, 2.625625;0.8938044, -0.795158, 2.98468;1.042462, -0.7836625, 2.592885;
0.8154587, 0.611761, 2.876384;0.8913625, 0.4043365, 2.864341;0.9621119, 0.0753791, 2.921246;0.787401, 0.286591, 3.001281;0.968685, 0.31479, 2.754755;0.7676401, -0.2377935, 2.873997;0.9132355, -0.2425216, 2.670083;0.9783979, 0.009551885, 2.936663;0.9588386, -0.05141096, 2.984278;1.02598, -0.04959997, 2.907472;0.8422041, -0.4019345, 3.045748;1.038116, -0.3627084, 2.616977;0.9232006, -0.725246, 3.012105;1.07267, -0.6993287, 2.630208;0.8915539, -0.794648, 2.985538;1.04265, -0.7827901, 2.593065;
0.821794, 0.6361701, 2.877392;0.8993241, 0.4077222, 2.867608;0.9708811, 0.1009714, 2.916946;0.7996954, 0.3381422, 3.009571;0.9719642, 0.3413816, 2.759248;0.7747484, -0.2379677, 2.882486;0.9126681, -0.2179031, 2.670109;0.9854116, 0.04299391, 2.928939;0.9672665, -0.02518425, 2.975356;1.029411, -0.0141175, 2.898224;0.8547706, -0.3838149, 3.042363;1.042248, -0.3577185, 2.626825;0.9261086, -0.7237752, 3.011059;1.07552, -0.6976674, 2.635621;0.9111643, -0.7990426, 2.98078;1.043448, -0.7814077, 2.594702;
0.8371642, 0.6748942, 2.891444;0.8987298, 0.4975034, 2.864288;0.9688576, 0.1540548, 2.90272;0.8050848, 0.3459945, 3.012728;0.9765298, 0.3600545, 2.760613;0.7767542, -0.2092115, 2.90041;0.9179802, -0.1901964, 2.670258;0.9831316, 0.08120202, 2.915199;0.9610154, 0.00273235, 2.974014;1.032922, 0.03089774, 2.864986;0.8617201, -0.376645, 3.03985;1.045005, -0.344205, 2.636382;0.9290594, -0.7241454, 3.010623;1.076537, -0.695537, 2.637457;0.9051914, -0.7976438, 2.983822;1.043729, -0.7809812, 2.594301;
0.8414614, 0.6912555, 2.887466;0.9036353, 0.5075961, 2.867415;0.9708947, 0.1611105, 2.90611;0.815374, 0.3676394, 3.019479;0.9807266, 0.379098, 2.765726;0.7905948, -0.1771579, 2.898575;0.9093326, -0.1781987, 2.670815;0.9848466, 0.09070389, 2.918509;0.9631481, 0.01865302, 2.977753;1.033061, 0.03605226, 2.869133;0.8681753, -0.3728359, 3.03803;1.048581, -0.3391611, 2.641949;0.9322506, -0.7225291, 3.008685;1.076742, -0.6949284, 2.6388;0.902081, -0.7980366, 2.983751;1.04442, -0.7801276, 2.595169;
0.8478763, 0.7025306, 2.890539;0.9158021, 0.535651, 2.874484;0.9688768, 0.1824126, 2.908322;0.8202564, 0.3825006, 3.019975;0.9882487, 0.4018255, 2.769755;0.7977565, -0.1557657, 2.898639;0.9259696, -0.1140052, 2.673111;0.9799373, 0.1130098, 2.919117;0.9532107, 0.0392464, 2.981139;1.028523, 0.05275697, 2.867015;0.8747258, -0.3689019, 3.035527;1.049761, -0.3372104, 2.646179;0.9354461, -0.723681, 3.006631;1.077537, -0.6938163, 2.640113;0.9004549, -0.7974908, 2.984161;1.044405, -0.7797408, 2.594807;
0.8582537, 0.7283483, 2.89106;0.9173692, 0.543831, 2.876423;0.9679012, 0.1977184, 2.908667;0.8280841, 0.4188477, 3.030377;0.9905463, 0.4183968, 2.7703;0.7998596, -0.1438449, 2.900841;0.9254352, -0.1066231, 2.677792;0.9780688, 0.1287605, 2.918594;0.9505702, 0.05898908, 2.978522;1.024448, 0.07128814, 2.867196;0.8777251, -0.3677222, 3.03354;1.054405, -0.3251358, 2.657187;0.9382533, -0.7233959, 3.006306;1.078178, -0.6925985, 2.641376;0.9009452, -0.7976136, 2.984218;1.044785, -0.7793751, 2.595328;
0.8667759, 0.7444921, 2.897014;0.9310975, 0.572578, 2.880941;0.9707711, 0.2101769, 2.909038;0.8324628, 0.4282729, 3.031201;0.993095, 0.427645, 2.771298;0.805414, -0.1314863, 2.906178;0.9259775, -0.1028177, 2.681935;0.9795572, 0.1386645, 2.9184;0.9521958, 0.06946665, 2.97631;1.02357, 0.08172897, 2.868124;0.8845867, -0.3642346, 3.028597;1.054666, -0.3259901, 2.660564;0.9430082, -0.7226731, 3.003643;1.079001, -0.6919932, 2.644408;0.8984159, -0.7966828, 2.984768;1.045277, -0.7790117, 2.596692;
0.8757444, 0.7654282, 2.908476;0.933737, 0.584427, 2.883206;0.9721439, 0.2236584, 2.907976;0.8368772, 0.4404125, 3.033864;1.00271, 0.4469185, 2.770407;0.8144906, -0.08955157, 2.9092;0.9251254, -0.09430787, 2.683166;0.9801952, 0.1516171, 2.916452;0.9522186, 0.0789641, 2.973623;1.023288, 0.09233041, 2.866076;0.8977804, -0.361133, 3.020381;1.054969, -0.3278733, 2.664367;0.9430141, -0.7226186, 3.003589;1.079273, -0.6906043, 2.646497;0.896073, -0.7970166, 2.985029;1.045913, -0.7784883, 2.597616;
0.883643, 0.774721, 2.908773;0.9393589, 0.5959511, 2.887496;0.9735295, 0.2326349, 2.907904;0.8414835, 0.4624965, 3.042879;1.005107, 0.4568154, 2.773401;0.8057083, -0.07870144, 2.908757;0.934648, -0.04657324, 2.680559;0.9807667, 0.1602727, 2.915582;0.9525094, 0.08801259, 2.97149;1.022557, 0.1006161, 2.864787;0.9018503, -0.3602787, 3.018157;1.054413, -0.3329736, 2.672272;0.9430864, -0.7215879, 3.003853;1.079423, -0.6896667, 2.64715;0.8966079, -0.7958063, 2.985532;1.046046, -0.7782186, 2.597631;
0.8911128, 0.7835924, 2.909701;0.9448357, 0.6078821, 2.890175;0.9720796, 0.248227, 2.908053;0.8442556, 0.478244, 3.053783;1.011772, 0.4710504, 2.775533;0.8131365, -0.04904141, 2.918822;0.9312097, -0.04244881, 2.680169;0.9774925, 0.1768668, 2.91499;0.9469131, 0.1025009, 2.97112;1.01871, 0.1160185, 2.862618;0.9104789, -0.3614075, 3.016157;1.056145, -0.3318639, 2.681771;0.9434334, -0.7205639, 3.002951;1.079945, -0.6905323, 2.64851;0.8967375, -0.7960461, 2.98554;1.046999, -0.778662, 2.599003;
0.8971267, 0.7945316, 2.915257;0.9518236, 0.6183899, 2.893492;0.9734684, 0.2586612, 2.907132;0.8474035, 0.4872445, 3.05913;1.016845, 0.4798268, 2.777305;0.8135355, -0.04842265, 2.918576;0.933146, -0.03814277, 2.682057;0.9779158, 0.1871892, 2.913265;0.9469322, 0.1117324, 2.96793;1.017635, 0.1255317, 2.860972;0.9155769, -0.358931, 3.01316;1.061932, -0.3295313, 2.690048;0.9448053, -0.719334, 3.002665;1.080794, -0.6900522, 2.649233;0.8972892, -0.7961953, 2.985308;1.047146, -0.7785353, 2.598966;
0.9064979, 0.8090231, 2.928192;0.9610468, 0.629678, 2.895977;0.9739866, 0.2633711, 2.906109;0.8519689, 0.4965048, 3.06302;1.020505, 0.4886339, 2.779788;0.8145581, -0.04839347, 2.917831;0.9360554, -0.03355455, 2.684232;0.9774767, 0.19111, 2.911824;0.9449878, 0.1184851, 2.964251;1.015987, 0.1315073, 2.859524;0.9227785, -0.3599463, 3.01063;1.063758, -0.3289306, 2.697016;0.9458088, -0.7188646, 3.002805;1.081474, -0.6895255, 2.650514;0.8991483, -0.7954249, 2.985772;1.04751, -0.7784274, 2.599407;
0.9138396, 0.8206463, 2.93031;0.9684463, 0.6457745, 2.906;0.9733884, 0.2732238, 2.906374;0.8554523, 0.504558, 3.067638;1.02589, 0.4996874, 2.782474;0.8153266, -0.04554513, 2.917661;0.9369802, -0.02956209, 2.685054;0.9754142, 0.1998753, 2.910623;0.9417738, 0.1262002, 2.961667;1.012467, 0.1402454, 2.857538;0.9266576, -0.3622751, 3.00861;1.067314, -0.3258939, 2.705054;0.951816, -0.725437, 3.003205;1.082376, -0.6896995, 2.652103;0.8973106, -0.7968336, 2.988446;1.048373, -0.7785883, 2.600901;
0.9202506, 0.8301718, 2.940012;0.9713829, 0.6508715, 2.910532;0.9721571, 0.2804948, 2.906925;0.8633679, 0.5177346, 3.067925;1.033861, 0.5123277, 2.789092;0.8175384, -0.03189094, 2.919036;0.9361609, -0.02650429, 2.685025;0.9728517, 0.2074285, 2.910017;0.9374917, 0.13645, 2.958277;1.008363, 0.1487718, 2.857308;0.9339143, -0.3614775, 3.006358;1.070436, -0.3265315, 2.714259;0.9505031, -0.7259989, 3.003148;1.08366, -0.68883, 2.65359;0.8934135, -0.7982689, 2.988679;1.049014, -0.7786047, 2.601878;
0.9234164, 0.8336579, 2.943218;0.9767619, 0.6566342, 2.916283;0.971304, 0.2847351, 2.907543;0.8681506, 0.5249127, 3.070242;1.035612, 0.5163056, 2.791861;0.8189832, -0.02181787, 2.9205;0.9393638, -0.02495573, 2.68779;0.97091, 0.2115281, 2.909831;0.9354181, 0.1394265, 2.95792;1.004864, 0.1528257, 2.85604;0.936546, -0.3608077, 3.004807;1.07098, -0.3261285, 2.718793;0.9503279, -0.7255812, 3.003119;1.085908, -0.6865255, 2.657621;0.8941354, -0.7972196, 2.987255;1.050237, -0.7749912, 2.60366;
0.9276451, 0.8344787, 2.944619;0.9839612, 0.6618034, 2.922405;0.9710607, 0.2866142, 2.907829;0.8720897, 0.5285589, 3.073202;1.038637, 0.5193475, 2.794111;0.818684, -0.01899138, 2.92158;0.9395465, -0.02181196, 2.687147;0.9698644, 0.2131337, 2.909509;0.9330633, 0.1418766, 2.956894;1.003029, 0.1544377, 2.855128;0.9384701, -0.3602143, 3.003444;1.073046, -0.3249261, 2.724828;0.9515266, -0.725425, 3.00358;1.086968, -0.6866182, 2.660249;0.8940941, -0.7972037, 2.987351;1.05072, -0.7738271, 2.604456;
0.9402006, 0.8398668, 2.95212;0.9885911, 0.6647735, 2.925677;0.9711843, 0.28903, 2.906974;0.8741687, 0.5294021, 3.073703;1.044014, 0.5232803, 2.796875;0.818476, -0.01744104, 2.921359;0.9397534, -0.02074257, 2.683441;0.9690138, 0.2155752, 2.907545;0.931155, 0.1436608, 2.95387;1.00137, 0.1575981, 2.851812;0.9416922, -0.3589371, 3.000058;1.074798, -0.3246042, 2.72968;0.9517756, -0.725198, 3.003462;1.086913, -0.6869676, 2.66186;0.896947, -0.795577, 2.987424;1.050837, -0.7735693, 2.604863;
0.9424661, 0.8394978, 2.953823;0.9899415, 0.6661972, 2.926968;0.9703573, 0.290466, 2.906806;0.8789725, 0.5309441, 3.076101;1.048615, 0.5266784, 2.800229;0.8170933, -0.01656009, 2.920544;0.941478, -0.01792196, 2.683217;0.9672801, 0.2169666, 2.90682;0.9284751, 0.1449573, 2.95285;0.9989593, 0.1587823, 2.850488;0.9442355, -0.3581371, 2.998297;1.075135, -0.3243816, 2.733306;0.9526226, -0.72437, 3.003878;1.087528, -0.687147, 2.66363;0.8958631, -0.7951744, 2.98781;1.051063, -0.7734767, 2.606293;
0.9466015, 0.8390109, 2.958487;0.9966009, 0.6679463, 2.930142;0.9702925, 0.2905377, 2.906762;0.8834755, 0.533175, 3.078053;1.050201, 0.5267106, 2.801103;0.8155934, -0.01547766, 2.920157;0.9429382, -0.01560219, 2.683393;0.966429, 0.2168335, 2.9062;0.9265057, 0.1456019, 2.950856;0.9973031, 0.1587531, 2.849954;0.9492168, -0.357511, 2.998245;1.076048, -0.3251131, 2.736476;0.9538419, -0.7230973, 3.0023;1.087714, -0.6866314, 2.664048;0.8963789, -0.7951412, 2.987759;1.051259, -0.7730432, 2.606643;
0.9496927, 0.8404364, 2.95997;1.000541, 0.6694742, 2.932333;0.9697427, 0.2905791, 2.906178;0.8855009, 0.5331109, 3.078608;1.051799, 0.5281523, 2.802743;0.8146752, -0.01521809, 2.919357;0.9426731, -0.01549779, 2.682798;0.964193, 0.2162441, 2.904261;0.9225941, 0.1464862, 2.946635;0.9943573, 0.1588497, 2.848465;0.9519517, -0.3563467, 2.997937;1.07592, -0.324596, 2.742609;0.9539329, -0.7229515, 3.002457;1.087512, -0.6862572, 2.664293;0.8959977, -0.7944373, 2.987774;1.051308, -0.7728506, 2.606808;
0.9554131, 0.8346761, 2.965101;1.008163, 0.6198502, 2.936025;0.9684548, 0.2868364, 2.904745;0.8888724, 0.5336844, 3.079198;1.052972, 0.5276535, 2.803811;0.8139424, -0.0147186, 2.919332;0.9426219, -0.01536308, 2.682819;0.962372, 0.2145353, 2.902632;0.9205077, 0.1447176, 2.944717;0.9911045, 0.1573855, 2.846022;0.9541652, -0.3581456, 2.997632;1.07608, -0.3246212, 2.744699;0.95406, -0.7234255, 3.001763;1.087494, -0.6862919, 2.664464;0.8965619, -0.7945313, 2.988332;1.051322, -0.7730525, 2.607037;
0.9589406, 0.8337534, 2.967681;1.008343, 0.6202075, 2.935953;0.9677387, 0.2858866, 2.904337;0.8912209, 0.5339819, 3.080591;1.053616, 0.5273488, 2.804342;0.8130692, -0.01475741, 2.919215;0.946459, -0.005389221, 2.683535;0.9610144, 0.2141302, 2.901966;0.9188726, 0.1444902, 2.944111;0.9886615, 0.156926, 2.844854;0.9560495, -0.3586263, 2.997479;1.076233, -0.3255317, 2.745763;0.9543468, -0.7239627, 3.000859;1.087419, -0.6861826, 2.664933;0.8966699, -0.7954805, 2.981939;1.051389, -0.7729329, 2.607197;
0.9610384, 0.8346851, 2.970412;1.0084, 0.620202, 2.936475;0.9673386, 0.2838915, 2.903599;0.8933783, 0.5298727, 3.082527;1.055048, 0.5278948, 2.805235;0.812888, -0.01477402, 2.919049;0.9463704, -0.005722351, 2.68317;0.9602786, 0.2128557, 2.900823;0.9178347, 0.1438007, 2.941747;0.9882494, 0.1566138, 2.844441;0.9565088, -0.3594454, 2.997132;1.076331, -0.3268002, 2.745719;0.9568434, -0.7236259, 3.002275;1.088069, -0.6865537, 2.665689;0.9065748, -0.795857, 2.981803;1.051538, -0.7740242, 2.609219;
0.9633651, 0.8344923, 2.972728;1.008791, 0.6205156, 2.937093;0.9666759, 0.2822174, 2.903329;0.8955398, 0.5277499, 3.082878;1.056502, 0.5273035, 2.806452;0.8127332, -0.01441131, 2.919701;0.9486468, 0.0009467751, 2.683662;0.9591052, 0.2114223, 2.900197;0.9165869, 0.1432381, 2.940766;0.9870842, 0.1558055, 2.844132;0.9574835, -0.3602253, 2.99696;1.075645, -0.3277292, 2.746809;0.9569663, -0.7234263, 3.001905;1.087903, -0.6871396, 2.665997;0.9062819, -0.7958034, 2.982422;1.051419, -0.7743955, 2.60902;
0.965504, 0.8366513, 2.973731;1.009423, 0.619805, 2.938077;0.9670624, 0.2813311, 2.903188;0.8966832, 0.5265201, 3.08451;1.058714, 0.5283672, 2.80925;0.8145887, -0.01325457, 2.921854;0.9478676, 0.00107336, 2.68275;0.9592693, 0.2110735, 2.899935;0.9167399, 0.1427065, 2.940258;0.9871776, 0.1556087, 2.843817;0.9571192, -0.3612899, 2.996255;1.076615, -0.3310375, 2.746585;0.9569337, -0.7234071, 3.00171;1.088012, -0.6884456, 2.666428;0.9029531, -0.7953554, 2.98409;1.051152, -0.7750268, 2.60852;
0.9655008, 0.8390734, 2.97482;1.020401, 0.6690396, 2.950328;0.9674903, 0.2832238, 2.903728;0.8975287, 0.5255914, 3.085392;1.06074, 0.5289053, 2.810658;0.815565, -0.01263475, 2.923331;0.9491413, 0.00573042, 2.682775;0.9592442, 0.2114062, 2.899998;0.9165557, 0.1426689, 2.940533;0.9870262, 0.1557484, 2.843257;0.9571339, -0.3618687, 2.996175;1.075931, -0.3327996, 2.747199;0.955676, -0.7222998, 3.002275;1.087834, -0.6888206, 2.666952;0.9070233, -0.7948833, 2.983915;1.051082, -0.7751593, 2.608494;
0.9672301, 0.8362457, 2.979061;1.014992, 0.6199984, 2.94606;0.9676163, 0.282962, 2.903883;0.8989974, 0.5255539, 3.086401;1.06141, 0.5287657, 2.811296;0.816448, -0.01435182, 2.923581;0.9527298, 0.01439733, 2.683853;0.9592597, 0.2114227, 2.900018;0.91657, 0.142645, 2.940571;0.9869722, 0.1557726, 2.843198;0.9571753, -0.362394, 2.996088;1.075975, -0.3329887, 2.747247;0.9589164, -0.7240052, 3.002944;1.087596, -0.6883354, 2.666979;0.9033122, -0.796286, 2.977911;1.050999, -0.7748447, 2.608494;
0.9675505, 0.8358495, 2.979275;1.015067, 0.6201372, 2.946014;0.9679154, 0.2833321, 2.904296;0.9000365, 0.5254593, 3.087503;1.062178, 0.5287957, 2.81201;0.8179511, -0.01352832, 2.924233;0.9540333, 0.01633088, 2.684215;0.9595665, 0.2127117, 2.900581;0.9167146, 0.1426384, 2.941888;0.9868762, 0.1562629, 2.842757;0.9573002, -0.363056, 2.996129;1.076143, -0.3333688, 2.747296;0.9590843, -0.7240756, 3.00287;1.087605, -0.6883008, 2.66751;0.9078891, -0.796119, 2.975748;1.051104, -0.7746928, 2.608637;
0.9682216, 0.8357474, 2.98005