0.9270409, 0.888317, 2.982268;1.000273, 0.6770152, 2.951516;0.9442498, 0.2803559, 2.900474;0.8893671, 0.5428272, 3.100502;1.04247, 0.5317773, 2.817355;0.7931232, -0.01348235, 2.918196;0.9290773, 0.02311669, 2.672941;0.9330451, 0.201024, 2.893919;0.8892834, 0.1375687, 2.941689;0.9581798, 0.1325962, 2.826049;0.9419186, -0.3603261, 2.990908;1.048825, -0.3425108, 2.750164;0.9644206, -0.7220007, 3.011337;1.08285, -0.6905195, 2.672503;0.8936977, -0.7868194, 2.983132;1.058648, -0.7802337, 2.620133;
0.9269809, 0.8880743, 2.982429;0.999998, 0.6767631, 2.95185;0.9441041, 0.2796353, 2.900776;0.8892103, 0.5425185, 3.100646;1.042385, 0.531725, 2.817555;0.7927704, -0.0132465, 2.919571;0.9284673, 0.02271596, 2.672818;0.9329374, 0.2001584, 2.89422;0.8892776, 0.1371135, 2.941682;0.9581738, 0.1322663, 2.826712;0.9420052, -0.360647, 2.99122;1.049649, -0.3430611, 2.749238;0.9591101, -0.7211292, 3.005609;1.082703, -0.6901109, 2.672699;0.8935137, -0.7867496, 2.983174;1.052025, -0.778029, 2.611507;
0.9265082, 0.8872589, 2.981609;0.9999949, 0.6762263, 2.952104;0.9440848, 0.2792937, 2.900642;0.8891553, 0.542217, 3.100829;1.042512, 0.531541, 2.817476;0.7929428, -0.0145203, 2.918647;0.9280019, 0.02262553, 2.672971;0.9329134, 0.1998308, 2.89402;0.8892193, 0.1369995, 2.940903;0.9582092, 0.1322332, 2.826781;0.9416392, -0.3611856, 2.991129;1.050097, -0.3436475, 2.747938;0.9599156, -0.7234633, 3.00389;1.082325, -0.6901296, 2.672285;0.8941761, -0.7869892, 2.982963;1.05047, -0.7773655, 2.6095;
0.92575, 0.8868697, 2.981464;0.9998769, 0.6760315, 2.952202;0.9440188, 0.2791375, 2.900724;0.8890392, 0.5416377, 3.100919;1.042808, 0.5313475, 2.817269;0.7924626, -0.01390071, 2.920299;0.924876, 0.0147701, 2.674542;0.9328571, 0.1996891, 2.894099;0.8890803, 0.1367597, 2.940958;0.9582137, 0.1321414, 2.826896;0.9414752, -0.3611742, 2.991118;1.049957, -0.3434631, 2.747807;0.9567404, -0.7235298, 3.00145;1.081277, -0.6897286, 2.670617;0.8941743, -0.7869266, 2.98299;1.049444, -0.7772678, 2.607405;
0.9246125, 0.8861344, 2.980437;0.9997435, 0.675702, 2.95264;0.943778, 0.2753206, 2.900584;0.8889771, 0.541117, 3.10182;1.042697, 0.5311356, 2.817468;0.7918578, -0.01415111, 2.920649;0.9242131, 0.01500585, 2.674512;0.9326246, 0.1947375, 2.89374;0.8889498, 0.1307651, 2.94098;0.957968, 0.1264587, 2.825864;0.9414274, -0.3614244, 2.991419;1.049982, -0.3430074, 2.747945;0.9547092, -0.7253309, 2.998751;1.081086, -0.6886729, 2.670876;0.8902071, -0.7898059, 2.987534;1.049329, -0.7770637, 2.607571;
0.9240881, 0.8864029, 2.979593;0.9993102, 0.6755856, 2.952219;0.9436656, 0.2753603, 2.900421;0.8888722, 0.5412341, 3.101807;1.042715, 0.531106, 2.817455;0.791566, -0.01417556, 2.920826;0.9234842, 0.01377072, 2.681805;0.9325351, 0.194821, 2.893598;0.8887341, 0.1313403, 2.940497;0.9579194, 0.1267344, 2.825996;0.9413631, -0.3613802, 2.991333;1.049067, -0.3406322, 2.749172;0.9547387, -0.7252615, 2.998765;1.080821, -0.688552, 2.670706;0.8979033, -0.7887382, 2.981199;1.049033, -0.7767769, 2.60674;
0.9239601, 0.886184, 2.980327;0.9990498, 0.6753291, 2.952275;0.9436445, 0.2753308, 2.900398;0.888554, 0.5409974, 3.10165;1.042676, 0.5311292, 2.817565;0.7914187, -0.01409096, 2.920687;0.9233345, 0.01249095, 2.680266;0.9325309, 0.1948185, 2.893581;0.8887201, 0.1313446, 2.940428;0.9579527, 0.1267945, 2.826021;0.9411437, -0.3613418, 2.991343;1.048897, -0.3405145, 2.747492;0.9547288, -0.7246596, 2.998534;1.080642, -0.6880403, 2.67038;0.9026002, -0.7904279, 2.977149;1.048787, -0.776958, 2.606714;
0.9246724, 0.8851245, 2.978792;0.9979588, 0.6742207, 2.952239;0.9432475, 0.2746277, 2.900056;0.8885515, 0.5409678, 3.101615;1.04271, 0.5311576, 2.817393;0.7908444, -0.01571983, 2.919748;0.9265091, 0.01017249, 2.678722;0.9322547, 0.1942729, 2.893231;0.8885046, 0.1313633, 2.939038;0.9578812, 0.1268728, 2.826333;0.9410573, -0.3618497, 2.991596;1.048869, -0.3401349, 2.746911;0.9540475, -0.7240101, 2.997543;1.080773, -0.6879135, 2.670001;0.9024822, -0.790439, 2.978191;1.048795, -0.7769083, 2.606558;
0.9243222, 0.885128, 2.97574;0.9978651, 0.6741338, 2.952157;0.9431185, 0.2748501, 2.900001;0.88837, 0.5410932, 3.102166;1.042675, 0.5309171, 2.816949;0.7902312, -0.01618754, 2.919118;0.9237539, 0.01134459, 2.680105;0.9320873, 0.1947076, 2.8932;0.8882736, 0.132091, 2.939028;0.9577519, 0.1272893, 2.826406;0.9410384, -0.3617236, 2.991405;1.048442, -0.3392586, 2.74666;0.9541887, -0.7232858, 2.997087;1.080403, -0.6879317, 2.669179;0.8988371, -0.7881376, 2.979009;1.049692, -0.7769923, 2.607364;
0.9238816, 0.8848605, 2.975773;0.9978084, 0.674084, 2.952281;0.9425153, 0.2743908, 2.900567;0.8880537, 0.5406033, 3.102341;1.042671, 0.5309142, 2.817001;0.7904806, -0.0157761, 2.919435;0.9235671, 0.01115129, 2.680544;0.9313151, 0.1941573, 2.893955;0.8868095, 0.1283169, 2.939781;0.9563726, 0.1288265, 2.828481;0.9410261, -0.3618658, 2.991759;1.049373, -0.3404589, 2.746621;0.9548975, -0.7228783, 2.998535;1.08024, -0.6878501, 2.668944;0.8980083, -0.7868441, 2.979595;1.048954, -0.7765971, 2.606503;
0.9242013, 0.8849221, 2.974058;0.9977055, 0.6741357, 2.952517;0.9421844, 0.2740469, 2.900738;0.886396, 0.5369061, 3.101266;1.042651, 0.5308408, 2.817008;0.7910979, -0.01585572, 2.919063;0.9177443, -0.001120903, 2.679393;0.9309319, 0.1937281, 2.894101;0.8858349, 0.1260898, 2.939845;0.9562303, 0.1292469, 2.82868;0.9408491, -0.3618877, 2.991576;1.048633, -0.3394229, 2.749189;0.9505618, -0.7228548, 2.996402;1.080205, -0.6878399, 2.668944;0.897027, -0.7878029, 2.979419;1.048885, -0.7765858, 2.606454;
0.9232988, 0.884335, 2.973506;0.9978014, 0.6739491, 2.952735;0.9421204, 0.2744127, 2.900986;0.8865227, 0.5372341, 3.101109;1.0428, 0.530804, 2.816951;0.7910255, -0.01507144, 2.91884;0.9183363, 0.0003409386, 2.679524;0.9308248, 0.1943718, 2.894413;0.8857356, 0.1259771, 2.940168;0.9561501, 0.1310288, 2.828718;0.9407731, -0.3617371, 2.991332;1.048548, -0.3396485, 2.748952;0.9507908, -0.7226964, 2.996291;1.080239, -0.6877214, 2.668896;0.8964146, -0.7869637, 2.979531;1.050679, -0.7769771, 2.609011;
0.9225655, 0.8840774, 2.973282;0.9978016, 0.6739462, 2.952712;0.9417942, 0.2741461, 2.901035;0.8861373, 0.5368145, 3.10027;1.042843, 0.5307744, 2.816862;0.7907565, -0.01530902, 2.918597;0.9186537, 0.005351618, 2.674565;0.9303937, 0.1940282, 2.894474;0.885107, 0.1252712, 2.939848;0.9558009, 0.1317447, 2.829395;0.9404769, -0.361494, 2.991226;1.04967, -0.3418748, 2.74871;0.9545679, -0.7253313, 2.996157;1.080197, -0.6875102, 2.669271;0.8962874, -0.78689, 2.979753;1.050385, -0.7766363, 2.608418;
0.9248942, 0.8850011, 2.975296;0.9973352, 0.67363, 2.95215;0.9414181, 0.2738694, 2.90103;0.886152, 0.5368299, 3.099425;1.042848, 0.5307242, 2.816857;0.7904685, -0.01434539, 2.918745;0.9179047, 0.009534366, 2.672304;0.9300405, 0.1937652, 2.894545;0.8847344, 0.124627, 2.939922;0.9555719, 0.1319895, 2.829623;0.9401866, -0.3617334, 2.990972;1.04951, -0.3416949, 2.749173;0.9547567, -0.7244855, 2.996889;1.080127, -0.6874548, 2.669386;0.9009847, -0.7881117, 2.977797;1.050366, -0.7767227, 2.6084;
0.9236014, 0.8844185, 2.975603;0.9974332, 0.6734778, 2.951752;0.9411457, 0.2744468, 2.901119;0.8859004, 0.5369835, 3.099001;1.043157, 0.5306928, 2.816627;0.7904742, -0.01397629, 2.919158;0.9189107, 0.01088257, 2.67301;0.929607, 0.1947499, 2.894827;0.8841241, 0.1247269, 2.940464;0.9552724, 0.1333885, 2.82965;0.940002, -0.3614689, 2.990705;1.049095, -0.3398663, 2.747341;0.9549012, -0.7233337, 2.997367;1.08021, -0.6877072, 2.669345;0.9023663, -0.7878537, 2.977999;1.050318, -0.7767423, 2.608382;
0.9231176, 0.8847014, 2.975699;0.9972796, 0.6737362, 2.951626;0.9408505, 0.2743232, 2.901083;0.8837416, 0.5344086, 3.100641;1.043152, 0.5306775, 2.816574;0.7900797, -0.01337567, 2.918042;0.9197965, 0.01198406, 2.673429;0.9292628, 0.1945109, 2.894794;0.8835254, 0.1242693, 2.940124;0.9551567, 0.133663, 2.829936;0.9399165, -0.3615825, 2.990662;1.048404, -0.3383488, 2.746435;0.9541095, -0.7213418, 2.997763;1.080297, -0.6876307, 2.669558;0.9039366, -0.7876266, 2.976955;1.049781, -0.7764683, 2.607643;
0.9231021, 0.8845057, 2.975124;0.9974685, 0.6736995, 2.952353;0.9407805, 0.274452, 2.901201;0.8843861, 0.5355178, 3.099331;1.04297, 0.530742, 2.816626;0.7893162, -0.01413264, 2.916338;0.9181236, 0.009695292, 2.672695;0.9291837, 0.1946557, 2.894847;0.8835244, 0.1242551, 2.940152;0.9549038, 0.1343201, 2.829863;0.9398834, -0.3615613, 2.990598;1.048987, -0.3392034, 2.74609;0.9541375, -0.7232374, 2.996916;1.080371, -0.6875555, 2.669745;0.9021801, -0.7881997, 2.977943;1.049147, -0.7765131, 2.607097;
0.9260553, 0.8767469, 2.976335;0.9972589, 0.6737287, 2.952239;0.9404942, 0.2743737, 2.901231;0.8845013, 0.5356024, 3.09955;1.042977, 0.5309187, 2.816655;0.7922697, -0.002654634, 2.919483;0.9198713, 0.01396404, 2.673799;0.9289064, 0.1945506, 2.894891;0.8833919, 0.1242214, 2.940067;0.9545739, 0.1347428, 2.830355;0.9398292, -0.3616304, 2.990552;1.04872, -0.3393584, 2.74586;0.954551, -0.7230743, 2.997239;1.079959, -0.6874363, 2.669822;0.9038126, -0.7883581, 2.97717;1.04848, -0.776495, 2.606794;
0.9285306, 0.8702377, 2.97698;0.997201, 0.6738041, 2.952319;0.940171, 0.2746819, 2.901348;0.8846547, 0.5363302, 3.100152;1.042954, 0.5309473, 2.816744;0.7926079, -0.003511459, 2.917499;0.9419482, 0.05380769, 2.68285;0.9285431, 0.1949073, 2.894986;0.8831578, 0.1244227, 2.94004;0.9540815, 0.1356892, 2.83064;0.9397507, -0.3616963, 2.990519;1.048222, -0.3383141, 2.744736;0.9543079, -0.7226067, 2.997072;1.080083, -0.6877482, 2.669677;0.9015228, -0.7863336, 2.977798;1.048407, -0.7766029, 2.60708;
0.9300379, 0.8646415, 2.977363;0.9971381, 0.6735075, 2.952174;0.9401056, 0.2747039, 2.901331;0.884815, 0.5364522, 3.100075;1.042778, 0.5308547, 2.816653;0.7925615, -0.009332649, 2.915571;0.9254894, 0.02266031, 2.675216;0.9284654, 0.1949695, 2.894977;0.8831221, 0.1244088, 2.940102;0.9539542, 0.1357846, 2.830517;0.9397374, -0.3616968, 2.990508;1.048482, -0.338492, 2.744689;0.9543563, -0.7219025, 2.996297;1.080168, -0.6877704, 2.670074;0.9019088, -0.7860835, 2.978032;1.048159, -0.7765794, 2.607243;
0.9315699, 0.8602422, 2.978077;0.9971042, 0.6735898, 2.952218;0.9400753, 0.2746893, 2.901321;0.8850571, 0.5367729, 3.100095;1.043024, 0.5310917, 2.816685;0.7922391, -0.01163671, 2.914967;0.9256939, 0.02254672, 2.67521;0.9284334, 0.1949358, 2.894952;0.8830966, 0.1243033, 2.939957;0.9539584, 0.1359073, 2.830561;0.9396235, -0.3615301, 2.990404;1.048527, -0.3384771, 2.744516;0.9543486, -0.7218652, 2.996321;1.080171, -0.687713, 2.670091;0.9021128, -0.7861856, 2.978259;1.047796, -0.7765145, 2.607285;
0.9330417, 0.8566089, 2.979529;0.9972436, 0.6736735, 2.952066;0.9400568, 0.2746479, 2.901303;0.8851581, 0.5369125, 3.100058;1.043062, 0.5311452, 2.816791;0.7919798, -0.01365805, 2.91332;0.9262345, 0.0227204, 2.675506;0.9283945, 0.1948549, 2.894939;0.8830717, 0.1241579, 2.939864;0.953935, 0.1360466, 2.830696;0.9393614, -0.3616183, 2.990439;1.048518, -0.3385183, 2.744469;0.9571795, -0.7245704, 2.996087;1.080085, -0.6877341, 2.670085;0.8986541, -0.7859745, 2.979175;1.047665, -0.7764786, 2.60725;
0.932647, 0.8576365, 2.979416;0.9971621, 0.6737247, 2.952049;0.9399035, 0.2749358, 2.901359;0.8852244, 0.5370032, 3.100159;1.043077, 0.531107, 2.816782;0.7926179, -0.01381981, 2.913686;0.9261848, 0.0229196, 2.675681;0.9282481, 0.1952069, 2.895007;0.8829982, 0.1242336, 2.939974;0.953826, 0.1363615, 2.830621;0.9393553, -0.3615928, 2.990443;1.048497, -0.3388015, 2.744186;0.9569454, -0.7244736, 2.996164;1.080572, -0.6878093, 2.670732;0.9016429, -0.7882402, 2.976831;1.047687, -0.7764056, 2.60718;
0.931966, 0.8583862, 2.979344;0.9971836, 0.6737109, 2.952068;0.939885, 0.2749637, 2.90136;0.8843185, 0.5345081, 3.099501;1.043017, 0.5309378, 2.816778;0.792193, -0.01335556, 2.91422;0.9271038, 0.02437481, 2.675579;0.9282259, 0.1952452, 2.895002;0.882849, 0.1239637, 2.940167;0.9538418, 0.1364763, 2.830462;0.9392976, -0.3616292, 2.990441;1.048351, -0.3388532, 2.74409;0.9574862, -0.7248045, 2.996271;1.080563, -0.6880636, 2.670374;0.8975167, -0.7873621, 2.977637;1.049479, -0.777042, 2.608568;
0.9319877, 0.8595022, 2.979531;0.9971346, 0.6739134, 2.952444;0.9397667, 0.2750008, 2.901409;0.8859397, 0.5372638, 3.0961;1.043211, 0.5308406, 2.81719;0.7927281, -0.01313933, 2.913489;0.9267694, 0.02392726, 2.676816;0.9281076, 0.1952641, 2.895012;0.8827631, 0.1239566, 2.940179;0.9537323, 0.1365255, 2.83041;0.9392364, -0.3617079, 2.990327;1.04832, -0.3394265, 2.744747;0.9566921, -0.7241814, 2.995841;1.080609, -0.6880783, 2.670296;0.8955008, -0.7876595, 2.978332;1.047876, -0.7765028, 2.606863;
0.9316733, 0.860069, 2.979564;0.9971695, 0.6738025, 2.952722;0.9391136, 0.2714129, 2.901404;0.886082, 0.5373098, 3.09653;1.043263, 0.5306565, 2.817426;0.7922382, -0.01369777, 2.914141;0.9263214, 0.0240426, 2.6756;0.9272082, 0.1902702, 2.894742;0.8824996, 0.1209292, 2.938303;0.9531621, 0.1343504, 2.831864;0.9391644, -0.3617065, 2.990324;1.048165, -0.3380313, 2.744684;0.9565936, -0.7249866, 2.995795;1.080472, -0.6883277, 2.670476;0.8953732, -0.7883341, 2.979079;1.047857, -0.776475, 2.606813;
0.9312378, 0.8609313, 2.979198;0.9969501, 0.6740129, 2.953138;0.9389187, 0.2720489, 2.901637;0.8858898, 0.5373715, 3.096344;1.043855, 0.530593, 2.817648;0.7917055, -0.01355505, 2.914495;0.9260424, 0.02425859, 2.67598;0.9270346, 0.1912015, 2.894968;0.8821834, 0.1213182, 2.938443;0.9532362, 0.1349235, 2.831939;0.9390934, -0.3617331, 2.990328;1.047972, -0.3381035, 2.744648;0.9554724, -0.7246231, 2.99512;1.079518, -0.6887107, 2.669374;0.8962536, -0.7882472, 2.978462;1.047518, -0.7763257, 2.605712;
0.9316362, 0.8616266, 2.979302;0.9969988, 0.6738451, 2.953516;0.9388059, 0.2723871, 2.901844;0.8859607, 0.5377749, 3.098339;1.04378, 0.530497, 2.817809;0.7933699, -0.01351692, 2.912951;0.925929, 0.02426057, 2.675795;0.9268824, 0.1918122, 2.895194;0.8819979, 0.1215798, 2.938828;0.9530942, 0.1351464, 2.831852;0.9389114, -0.361881, 2.990122;1.047933, -0.3381067, 2.744398;0.9551852, -0.7245597, 2.995071;1.080402, -0.6894196, 2.670558;0.8965942, -0.7885581, 2.979219;1.047273, -0.7762107, 2.605486;
0.9317566, 0.862451, 2.980708;0.9970598, 0.673755, 2.953489;0.9389209, 0.2725655, 2.901824;0.8842482, 0.5318758, 3.10008;1.044114, 0.5300735, 2.817683;0.7935879, -0.0136499, 2.913167;0.9271244, 0.02095279, 2.679179;0.9270749, 0.1921668, 2.895171;0.8819765, 0.1214431, 2.939071;0.9535121, 0.1352376, 2.831268;0.9389153, -0.361848, 2.990079;1.047936, -0.3381242, 2.7444;0.954442, -0.7244986, 2.995104;1.080323, -0.6890736, 2.670453;0.8993295, -0.7883319, 2.982439;1.047276, -0.7761683, 2.605567;
0.9318717, 0.8631945, 2.981034;0.9971344, 0.6737924, 2.954453;0.9390022, 0.2724937, 2.902034;0.8848866, 0.5335536, 3.100083;1.04444, 0.5300797, 2.817898;0.792897, -0.01593017, 2.912115;0.9255289, 0.0193271, 2.682711;0.9271657, 0.192099, 2.895303;0.8820404, 0.1214886, 2.939018;0.9538693, 0.1354651, 2.83206;0.9389173, -0.3618471, 2.990069;1.047831, -0.3379055, 2.74428;0.9540864, -0.7241095, 2.995021;1.080404, -0.6889806, 2.670417;0.8986039, -0.7883716, 2.982245;1.047272, -0.7761366, 2.605561;
0.9316419, 0.8637054, 2.980846;0.9971342, 0.6737163, 2.954563;0.9389746, 0.2726328, 2.902061;0.8850156, 0.5343086, 3.099571;1.044628, 0.5301657, 2.818165;0.7938709, -0.01746371, 2.91339;0.9425642, 0.05489699, 2.683798;0.9271379, 0.1923448, 2.895315;0.8819709, 0.121618, 2.939005;0.9538696, 0.135738, 2.832029;0.9385685, -0.3614657, 2.989632;1.047783, -0.3378455, 2.744201;0.9543274, -0.723378, 2.995383;1.080973, -0.6894052, 2.670969;0.8973218, -0.7872665, 2.98066;1.047373, -0.776224, 2.605677;
0.9313393, 0.8641607, 2.980767;0.9970297, 0.673799, 2.955764;0.9389976, 0.2727255, 2.902367;0.8850427, 0.5344151, 3.099694;1.044677, 0.5300939, 2.818203;0.7939417, -0.01699578, 2.913473;0.929935, 0.02361279, 2.679731;0.927184, 0.1924353, 2.895508;0.8819796, 0.1216963, 2.939154;0.9539406, 0.1357808, 2.832115;0.9385679, -0.361495, 2.98964;1.047649, -0.3380055, 2.743833;0.9543257, -0.72338, 2.995419;1.081187, -0.689334, 2.671191;0.8980209, -0.787411, 2.980934;1.047511, -0.7760334, 2.605565;
0.9310905, 0.8650116, 2.980736;0.9970855, 0.6741346, 2.955855;0.9389756, 0.2727141, 2.902395;0.885047, 0.5344132, 3.100065;1.044546, 0.5302632, 2.818659;0.7941613, -0.01737234, 2.913416;0.9242079, 0.01089528, 2.682196;0.927155, 0.1923926, 2.895537;0.8819382, 0.1216673, 2.939185;0.9539257, 0.1357691, 2.83214;0.9385998, -0.361503, 2.989644;1.047617, -0.3377808, 2.743892;0.9531868, -0.7226577, 2.994298;1.08124, -0.6891472, 2.67116;0.8969015, -0.7879493, 2.98028;1.047372, -0.7760327, 2.605346;
0.9314328, 0.8659781, 2.980882;0.9971342, 0.6744001, 2.956109;0.9389456, 0.2734146, 2.902632;0.8854986, 0.5353577, 3.101335;1.044524, 0.5302595, 2.818777;0.7934551, -0.01809591, 2.913661;0.9249338, 0.01342291, 2.682472;0.9271275, 0.1932189, 2.895745;0.8819573, 0.1222201, 2.939404;0.9537837, 0.1363323, 2.832154;0.9384174, -0.3615415, 2.989338;1.047519, -0.3371868, 2.743686;0.9532505, -0.7225457, 2.994399;1.081007, -0.6893444, 2.671284;0.8997984, -0.7886294, 2.977779;1.047786, -0.7765874, 2.605918;
0.9305711, 0.8663319, 2.980445;0.9970734, 0.6745006, 2.956129;0.9389505, 0.2734279, 2.902635;0.8851714, 0.5353185, 3.101169;1.044622, 0.5302585, 2.818888;0.7943802, -0.01004396, 2.914812;0.9244676, 0.01298648, 2.682003;0.9271444, 0.1932297, 2.89574;0.881947, 0.1222382, 2.939367;0.9538878, 0.1363265, 2.832156;0.9381732, -0.3609127, 2.989091;1.047818, -0.3389225, 2.743306;0.9536003, -0.7220636, 2.994193;1.080876, -0.6881747, 2.67062;0.8996665, -0.7883455, 2.977228;1.047759, -0.7766288, 2.606493;
0.9307783, 0.8662842, 2.980775;0.9967163, 0.6736624, 2.955943;0.9388196, 0.2732591, 2.902738;0.8854853, 0.5353241, 3.10233;1.044631, 0.5301695, 2.818904;0.7931373, -0.01802903, 2.911944;0.9239154, 0.01107166, 2.680919;0.9270483, 0.1931246, 2.895858;0.8818404, 0.1220874, 2.939547;0.9537983, 0.1362835, 2.832272;0.938002, -0.3613451, 2.989192;1.047596, -0.3385876, 2.743234;0.9535031, -0.7222779, 2.994436;1.080883, -0.6882209, 2.670526;0.8996619, -0.7885093, 2.977483;1.047744, -0.7765755, 2.606351;
0.9322731, 0.8642948, 2.983185;0.9966449, 0.6736495, 2.955761;0.9386413, 0.2737418, 2.90299;0.8855253, 0.5357779, 3.104197;1.044624, 0.5301734, 2.818974;0.7906377, -0.01826432, 2.913429;0.9235704, 0.01089577, 2.680547;0.9268361, 0.1938529, 2.896286;0.8817415, 0.1224659, 2.940044;0.953437, 0.1365712, 2.832559;0.9379833, -0.3612904, 2.989204;1.047522, -0.337816, 2.74315;0.953446, -0.722407, 2.99441;1.080935, -0.6876811, 2.670662;0.8999168, -0.788583, 2.976694;1.047701, -0.7765273, 2.606363;
0.9318469, 0.864521, 2.983693;0.9965416, 0.6733415, 2.955341;0.9386396, 0.2735136, 2.902817;0.8850085, 0.5355719, 3.103695;1.044941, 0.5298296, 2.818769;0.7911944, -0.01486669, 2.914048;0.9233928, 0.01227406, 2.680156;0.9268647, 0.1936176, 2.896127;0.8816195, 0.1222594, 2.939741;0.9536044, 0.1364386, 2.832563;0.937957, -0.361354, 2.98919;1.047498, -0.3378215, 2.743131;0.9527063, -0.7231978, 2.994491;1.080895, -0.6879382, 2.670677;0.9000769, -0.7902928, 2.980059;1.047691, -0.7766374, 2.606707;
0.9320539, 0.8652063, 2.984838;0.9965248, 0.6733317, 2.955343;0.938634, 0.2735137, 2.902802;0.8853164, 0.5363374, 3.103358;1.044796, 0.5297932, 2.818916;0.7890811, -0.01360278, 2.912547;0.9216759, 0.00841362, 2.679246;0.9268636, 0.1936183, 2.896101;0.881643, 0.1222718, 2.939701;0.953584, 0.1364696, 2.832529;0.937887, -0.3615764, 2.989057;1.047702, -0.3380155, 2.743035;0.9526998, -0.7238039, 2.993993;1.081592, -0.6878003, 2.672014;0.9022573, -0.7908105, 2.978326;1.047795, -0.7764997, 2.606864;
0.9316922, 0.8655651, 2.985001;0.9965121, 0.6732041, 2.955171;0.9385877, 0.2736228, 2.902726;0.8853316, 0.5363647, 3.103327;1.044847, 0.5298712, 2.818961;0.7884861, -0.01481832, 2.912236;0.9232609, 0.01273859, 2.678838;0.9268098, 0.1938003, 2.896019;0.8815674, 0.1223857, 2.939648;0.9535219, 0.1367757, 2.832423;0.9378806, -0.3615856, 2.989029;1.047234, -0.3376719, 2.742569;0.9525928, -0.7237495, 2.993953;1.081407, -0.6876041, 2.672464;0.9013811, -0.7910945, 2.9783;1.04776, -0.7760662, 2.606876;
0.9312222, 0.8659154, 2.98559;0.9964945, 0.6731859, 2.955177;0.9386016, 0.2736045, 2.902718;0.8848519, 0.5362248, 3.102769;1.04487, 0.5298593, 2.818959;0.7882427, -0.01486497, 2.912418;0.9231833, 0.0127096, 2.679185;0.9268442, 0.1937713, 2.896001;0.8815685, 0.1222921, 2.939629;0.9536527, 0.1367303, 2.832369;0.9378207, -0.3618686, 2.988911;1.047356, -0.3371595, 2.742491;0.9581844, -0.7296418, 2.997125;1.080982, -0.6872487, 2.671499;0.8973741, -0.7896789, 2.978761;1.047348, -0.7757483, 2.605887;
0.9310666, 0.8667474, 2.985021;0.9963186, 0.6735892, 2.955186;0.9386091, 0.2737803, 2.902671;0.8851339, 0.5363385, 3.102363;1.044754, 0.5299504, 2.818967;0.7879516, -0.01562605, 2.912072;0.9239083, 0.01522019, 2.679696;0.9268837, 0.193916, 2.89594;0.8816599, 0.1223956, 2.939627;0.953666, 0.1369372, 2.832211;0.9381016, -0.3616599, 2.989108;1.047463, -0.3369468, 2.742279;0.9588476, -0.7297671, 2.996631;1.080972, -0.6871833, 2.671425;0.8976234, -0.789145, 2.978719;1.047366, -0.7757704, 2.60586;
0.9304039, 0.8668426, 2.984792;0.9961346, 0.6734109, 2.955309;0.9386281, 0.2739835, 2.902682;0.8832693, 0.5328004, 3.101575;1.044678, 0.530067, 2.818985;0.7880477, -0.0156358, 2.912272;0.921389, 0.01833669, 2.672182;0.9269726, 0.1942783, 2.895921;0.8816515, 0.1223198, 2.939808;0.9538506, 0.1371229, 2.831604;0.9381018, -0.3616663, 2.989111;1.047473, -0.3369617, 2.742284;0.9589904, -0.7298841, 2.996467;1.080447, -0.687462, 2.670665;0.8963142, -0.7888672, 2.978868;1.047175, -0.7760496, 2.605475;
0.9309391, 0.867556, 2.985347;0.9960017, 0.6734267, 2.955359;0.9385443, 0.2738443, 2.902586;0.8828678, 0.5331768, 3.10003;1.044671, 0.5300717, 2.818997;0.7900232, -0.01518094, 2.911607;0.923732, 0.01371762, 2.681282;0.9268983, 0.1940541, 2.895757;0.8815197, 0.1222373, 2.939302;0.9538574, 0.1371073, 2.83163;0.9380275, -0.361671, 2.989138;1.047531, -0.3368543, 2.742244;0.9567474, -0.7263443, 2.994297;1.080403, -0.6871496, 2.670497;0.8962798, -0.7886844, 2.978517;1.046636, -0.7757379, 2.604886;
0.9301994, 0.8675943, 2.983861;0.9957844, 0.6733392, 2.955109;0.9385074, 0.2738044, 2.902542;0.8827236, 0.534303, 3.098379;1.044447, 0.5301731, 2.818883;0.7903051, -0.01278838, 2.912848;0.91764, 0.01884604, 2.670951;0.9268821, 0.1940168, 2.895728;0.8815145, 0.1222496, 2.939268;0.9538556, 0.1370974, 2.831654;0.938083, -0.3613649, 2.989109;1.04719, -0.3364756, 2.741966;0.9555948, -0.7245094, 2.994752;1.081222, -0.6874822, 2.671391;0.8967993, -0.7889665, 2.978528;1.046917, -0.7755027, 2.60521;
0.9300709, 0.8650608, 2.983337;0.9954854, 0.6731888, 2.953654;0.9385102, 0.2739982, 2.902274;0.8800476, 0.5315211, 3.098355;1.044333, 0.5307017, 2.818345;0.791544, -0.009374443, 2.915901;0.9241459, 0.02460326, 2.679012;0.9269238, 0.1942366, 2.895554;0.8814584, 0.1222573, 2.939245;0.9540631, 0.1372411, 2.831445;0.9379243, -0.3612268, 2.989169;1.046954, -0.3365627, 2.741876;0.9579779, -0.7273916, 2.995277;1.081104, -0.6874038, 2.671248;0.8953847, -0.7887586, 2.979896;1.046114, -0.774927, 2.604676;
0.9294624, 0.8632806, 2.984234;0.9930512, 0.6728472, 2.952354;0.9383606, 0.2738904, 2.902054;0.8764328, 0.5281513, 3.09603;1.044195, 0.5308465, 2.818264;0.7924369, -0.01088817, 2.914355;0.92501, 0.02880473, 2.679159;0.9269162, 0.1941562, 2.895429;0.8812872, 0.1219142, 2.939143;0.9544461, 0.1370297, 2.831225;0.9377965, -0.361143, 2.989192;1.046872, -0.3367035, 2.741742;0.9583653, -0.7278003, 2.995558;1.081434, -0.6877536, 2.67152;0.8960745, -0.7885271, 2.980221;1.046146, -0.7750825, 2.604783;
0.9283161, 0.860967, 2.983611;0.9914447, 0.6724421, 2.9521;0.9382146, 0.2736607, 2.901831;0.8731787, 0.5255537, 3.095381;1.04338, 0.5307854, 2.816926;0.7915177, -0.01145763, 2.914376;0.9268162, 0.02141563, 2.682717;0.9269288, 0.1939274, 2.895217;0.8811542, 0.1215932, 2.938736;0.9548737, 0.1367968, 2.831166;0.9372978, -0.3608024, 2.98952;1.046872, -0.3368285, 2.741296;0.9573448, -0.7269421, 2.995562;1.081458, -0.6874269, 2.671449;0.9000566, -0.7887061, 2.976494;1.04629, -0.7749581, 2.604885;
0.9245293, 0.8600123, 2.980256;0.9879868, 0.6712337, 2.950765;0.9381289, 0.2736202, 2.901809;0.8696433, 0.524925, 3.097755;1.041978, 0.5306142, 2.81602;0.7914389, -0.01124558, 2.912123;0.9296435, 0.02807173, 2.683271;0.9269508, 0.1939195, 2.895227;0.881149, 0.121544, 2.938778;0.9555362, 0.1367456, 2.831531;0.9371176, -0.3608519, 2.989454;1.046831, -0.3368075, 2.74112;0.9558421, -0.7258214, 2.995878;1.080362, -0.6872004, 2.670034;0.8998546, -0.7886544, 2.976867;1.046228, -0.7753197, 2.60463;
0.9223912, 0.858182, 2.977252;0.9854378, 0.6711913, 2.949022;0.9380354, 0.2737888, 2.901821;0.8679641, 0.5245682, 3.098065;1.039948, 0.5307656, 2.814869;0.7923843, -0.009350445, 2.912304;0.9279178, 0.02427083, 2.682875;0.9270864, 0.1942342, 2.895438;0.8813651, 0.1212253, 2.939823;0.9559918, 0.1369445, 2.831576;0.9357272, -0.3610595, 2.989429;1.045369, -0.3355068, 2.739591;0.957129, -0.7274541, 2.995509;1.080156, -0.6868175, 2.669772;0.8979984, -0.7885866, 2.977854;1.04575, -0.7750521, 2.603823;
0.9187433, 0.854655, 2.975978;0.9824099, 0.6693047, 2.944535;0.9379833, 0.2738546, 2.901735;0.8628834, 0.5229787, 3.09731;1.03846, 0.5308943, 2.813261;0.7923867, -0.009880431, 2.912088;0.926234, 0.02196667, 2.68352;0.9272298, 0.1944303, 2.895519;0.881538, 0.120768, 2.940334;0.9565447, 0.1368805, 2.831691;0.9338517, -0.361254, 2.99018;1.043071, -0.3329228, 2.736661;0.9582739, -0.7292076, 2.995993;1.079935, -0.6876166, 2.66889;0.8977677, -0.7888273, 2.9781;1.045825, -0.7751019, 2.603922;
0.9108124, 0.8532931, 2.969604;0.9781538, 0.6692628, 2.943932;0.9377064, 0.2740562, 2.90206;0.8595744, 0.5221155, 3.095548;1.036409, 0.531214, 2.811775;0.7932748, -0.005795196, 2.913363;0.924918, 0.01949345, 2.684714;0.9274269, 0.1948105, 2.896307;0.8817512, 0.1206545, 2.942024;0.9577239, 0.1369234, 2.832633;0.9291116, -0.3584733, 2.99069;1.040338, -0.3313091, 2.733103;0.9583342, -0.7295166, 2.995661;1.079903, -0.6876717, 2.668844;0.9012109, -0.7911537, 2.975219;1.045989, -0.7750846, 2.604007;
0.887165, 0.8417093, 2.958934;0.9607762, 0.6603372, 2.939378;0.9364504, 0.2734276, 2.903584;0.8491118, 0.5170605, 3.090479;1.026965, 0.5261176, 2.805764;0.7925249, -0.00586347, 2.912845;0.9106489, -0.005753845, 2.684985;0.9275103, 0.19466, 2.898987;0.8825917, 0.1183353, 2.948693;0.9595066, 0.1357647, 2.835215;0.9120021, -0.3540981, 2.993283;1.035932, -0.3307994, 2.724408;0.9517971, -0.7225811, 2.9951;1.078615, -0.6877617, 2.668283;0.8981481, -0.7899641, 2.974127;1.046001, -0.775243, 2.604204;
0.884413, 0.8395418, 2.958388;0.9486784, 0.655794, 2.9362;0.934273, 0.2713267, 2.906595;0.8436615, 0.5153797, 3.089386;1.020772, 0.523028, 2.804062;0.78965, -0.01494557, 2.912196;0.9102556, 0.00176841, 2.688289;0.9274743, 0.1929384, 2.903638;0.8836321, 0.1153455, 2.956658;0.9621497, 0.1322484, 2.840307;0.8981584, -0.3541789, 2.998341;1.032634, -0.3305757, 2.715449;0.9456336, -0.72097, 2.99453;1.076874, -0.6866742, 2.664318;0.900934, -0.7911825, 2.975805;1.045681, -0.7752165, 2.602996;
0.8732911, 0.8292366, 2.952747;0.9398167, 0.6475852, 2.930191;0.9333755, 0.2675915, 2.907578;0.8359128, 0.5063977, 3.085464;1.010498, 0.5144626, 2.802125;0.7827694, -0.03248834, 2.897647;0.9064241, -0.002006762, 2.693703;0.9284561, 0.18981, 2.905645;0.8860452, 0.1118852, 2.959264;0.9649113, 0.128457, 2.842912;0.8880639, -0.3551836, 3.00328;1.029412, -0.3331407, 2.699691;0.9440941, -0.7205693, 2.996254;1.077437, -0.6884396, 2.663445;0.8970205, -0.7889803, 2.97688;1.045642, -0.7752171, 2.602772;
0.8346628, 0.7864457, 2.93295;0.912127, 0.611576, 2.918205;0.9324824, 0.2380888, 2.915668;0.8103322, 0.4660521, 3.064236;0.982679, 0.4707623, 2.79544;0.7749672, -0.07072697, 2.870063;0.901216, -0.00819584, 2.693512;0.9348775, 0.1608208, 2.918479;0.8980176, 0.08312576, 2.975703;0.977834, 0.09849723, 2.858312;0.8592654, -0.357132, 3.017042;1.025649, -0.3237821, 2.682692;0.940774, -0.7187862, 2.997578;1.075203, -0.6878846, 2.654896;0.8998099, -0.7901728, 2.97561;1.045755, -0.7752832, 2.602698;
0.8331706, 0.7724329, 2.928201;0.9016557, 0.5930812, 2.917516;0.9295895, 0.2249835, 2.920881;0.804636, 0.4556401, 3.06222;0.9812081, 0.463172, 2.792511;0.7717965, -0.07584576, 2.874437;0.8837879, -0.05002015, 2.701846;0.9341083, 0.1505375, 2.924426;0.8979434, 0.07067313, 2.984705;0.9793407, 0.08667406, 2.863782;0.8541796, -0.3575824, 3.020968;1.026763, -0.316667, 2.676862;0.9370149, -0.7199612, 2.998338;1.0729, -0.6893951, 2.649125;0.8974205, -0.7916349, 2.975268;1.045887, -0.7755902, 2.603042;
0.8085493, 0.733941, 2.912656;0.8842891, 0.5606049, 2.900351;0.9264327, 0.2018319, 2.923874;0.7907861, 0.4201868, 3.057838;0.9701501, 0.4287773, 2.787743;0.7734259, -0.09745356, 2.865573;0.8788942, -0.08704568, 2.691448;0.933706, 0.128523, 2.931088;0.89856, 0.05191127, 2.993953;0.9827268, 0.06554249, 2.872163;0.841575, -0.3647271, 3.032413;1.029052, -0.3168623, 2.664208;0.9344066, -0.7200319, 2.999743;1.06966, -0.6906688, 2.641148;0.8959105, -0.7917107, 2.975401;1.045244, -0.7761443, 2.602382;
0.8038405, 0.7158669, 2.911157;0.8770163, 0.5413876, 2.893354;0.9252849, 0.1759039, 2.923142;0.7787212, 0.388012, 3.046582;0.9672897, 0.4178136, 2.787285;0.7657969, -0.161357, 2.848759;0.8811395, -0.09274188, 2.690334;0.9347495, 0.1028372, 2.932537;0.8981678, 0.02384976, 2.99768;0.9886265, 0.04451597, 2.874851;0.8311489, -0.3817955, 3.040124;1.027607, -0.317275, 2.655338;0.9308729, -0.7184206, 3.002214;1.068834, -0.6915032, 2.637446;0.8992735, -0.7926201, 2.976088;1.044326, -0.7765051, 2.601453;
0.7874282, 0.6793613, 2.901745;0.8653488, 0.5038122, 2.885082;0.925424, 0.1434896, 2.923559;0.7699652, 0.3529338, 3.031174;0.9595414, 0.3839467, 2.779902;0.7652991, -0.1745111, 2.847511;0.8717173, -0.1424698, 2.688313;0.9371593, 0.07074194, 2.934669;0.9009223, -0.004047764, 2.997537;0.9941828, 0.01625644, 2.881727;0.8199863, -0.4052566, 3.047825;1.029049, -0.3282763, 2.63923;0.9293059, -0.718203, 3.002002;1.068172, -0.6930507, 2.634827;0.8843814, -0.7963079, 2.982339;1.044268, -0.7767965, 2.601475;
0.776316, 0.6403496, 2.892841;0.8597956, 0.4731142, 2.882997;0.9261421, 0.1194652, 2.922169;0.7667737, 0.3433628, 3.028062;0.9496298, 0.354932, 2.776177;0.7596471, -0.2022592, 2.852267;0.8674287, -0.2134781, 2.689188;0.9391063, 0.04871651, 2.933546;0.9053598, -0.02129076, 2.994902;0.9956112, -0.008917988, 2.882964;0.8074331, -0.4156294, 3.057786;1.030879, -0.3421473, 2.625613;0.926505, -0.7171841, 3.004311;1.06741, -0.694353, 2.630455;0.8845771, -0.7964271, 2.983246;1.043572, -0.7775438, 2.600225;
0.7671003, 0.6150666, 2.889484;0.8439088, 0.4333057, 2.87542;0.9233865, 0.07984435, 2.919624;0.7545147, 0.2747629, 3.01939;0.9433713, 0.3316369, 2.772745;0.7539634, -0.2187925, 2.858472;0.8679413, -0.2247655, 2.687483;0.9391106, 0.008652469, 2.931993;0.9060875, -0.06300978, 2.988308;0.9986097, -0.0380631, 2.88675;0.7918072, -0.4493193, 3.064248;1.034912, -0.355335, 2.610195;0.9206553, -0.7208575, 3.004967;1.0667, -0.6943388, 2.627094;0.8851478, -0.7958772, 2.982258;1.042962, -0.7778646, 2.598709;
0.7567999, 0.5704932, 2.875195;0.8412599, 0.3995635, 2.874577;0.9222155, 0.05716463, 2.915567;0.7504891, 0.2581874, 3.010878;0.9362681, 0.2832596, 2.768067;0.7486737, -0.2869659, 2.873724;0.8766503, -0.2422537, 2.678616;0.9383048, -0.01150464, 2.927555;0.9039014, -0.07871666, 2.984418;1.000563, -0.06421955, 2.881073;0.7816026, -0.4588647, 3.073;1.038487, -0.3711088, 2.593376;0.9215667, -0.7281365, 3.005424;1.065354, -0.695814, 2.623959;0.8832119, -0.7993898, 2.981647;1.041389, -0.7787693, 2.596474;
0.7422153, 0.5297158, 2.856475;0.8322371, 0.3740585, 2.87143;0.9442344, 0.03122277, 2.898071;0.7381839, 0.2244991, 2.998179;0.9301307, 0.2641328, 2.764708;0.74199, -0.3542432, 2.873017;0.8790899, -0.2516099, 2.678634;0.9705939, -0.03959502, 2.904551;0.9460756, -0.1092715, 2.956724;1.035121, -0.08500452, 2.857993;0.7799762, -0.4627483, 3.073068;1.03757, -0.3933696, 2.570171;0.9198864, -0.7318939, 3.007438;1.064934, -0.6978865, 2.621431;0.8968096, -0.8101408, 2.986813;1.04066, -0.7793445, 2.59496;
0.738001, 0.499542, 2.855848;0.8267779, 0.3329016, 2.859899;0.8674543, 0.001557194, 2.911803;0.7377822, 0.2055607, 2.990544;0.9276842, 0.2357094, 2.757696;0.7420847, -0.359898, 2.868254;0.8593441, -0.3349838, 2.671776;0.8756748, -0.06406922, 2.925936;0.8221933, -0.1310456, 2.989196;0.9439945, -0.1155494, 2.878406;0.7849292, -0.5262488, 3.084258;1.044239, -0.3867751, 2.570531;0.9413854, -0.7838737, 3.009394;1.064547, -0.699191, 2.619919;0.8673701, -0.792223, 2.970573;1.04056, -0.779533, 2.594901;
0.7287037, 0.4725476, 2.84403;0.8221489, 0.2939816, 2.85192;0.8379886, -0.05232301, 2.950055;0.7310542, 0.1563353, 2.975829;0.9241132, 0.2057751, 2.753464;0.7392101, -0.3995385, 2.850476;0.853487, -0.3570192, 2.673406;0.8412661, -0.1206622, 2.973437;0.7933396, -0.1767565, 3.02838;0.8946865, -0.1791223, 2.948623;0.7419997, -0.5833297, 3.045635;1.038546, -0.3679462, 2.584719;0.9099172, -0.7096869, 3.015326;1.064151, -0.6989202, 2.619438;0.8990667, -0.7879246, 2.987205;1.040721, -0.7795133, 2.595073;
0.7245296, 0.4429173, 2.84035;0.8175673, 0.2731352, 2.844831;0.8396398, -0.06066265, 2.948447;0.7281727, 0.1217528, 2.9679;0.9197754, 0.1766171, 2.749712;0.7419517, -0.3914712, 2.857692;0.8376183, -0.3982016, 2.671955;0.8436623, -0.1281321, 2.972354;0.7952422, -0.1816414, 3.02892;0.8999172, -0.1917907, 2.946486;0.7388404, -0.5864755, 3.049337;1.038177, -0.3704328, 2.580012;0.9069054, -0.7179559, 3.012085;1.063356, -0.6984581, 2.618281;0.900084, -0.7966783, 2.984618;1.04072, -0.7794654, 2.594953;
0.7144986, 0.3983603, 2.825742;0.812245, 0.2371679, 2.832474;0.85996, -0.1158702, 2.964756;0.7269784, 0.1001604, 2.962737;0.9146783, 0.1441413, 2.745912;0.7019386, -0.483217, 3.072988;0.8387208, -0.4196001, 2.672592;0.8696534, -0.1854615, 2.995121;0.8326662, -0.248565, 3.04751;0.9218922, -0.2318524, 2.98202;0.6840741, -0.6294787, 3.04901;1.036465, -0.3727999, 2.570011;0.9067336, -0.7179461, 3.011924;1.062011, -0.6985508, 2.618197;0.8961299, -0.7954335, 2.982779;1.040701, -0.7794849, 2.594928;
0.7117178, 0.385121, 2.824794;0.8078737, 0.2138054, 2.830478;0.8576891, -0.1247751, 2.965651;0.7218881, 0.08179303, 2.96067;0.9091998, 0.1178772, 2.741033;0.7050472, -0.5279891, 3.067961;0.8373302, -0.4571826, 2.676802;0.8675621, -0.1931117, 2.996211;0.8310433, -0.2552145, 3.049804;0.9193074, -0.2432765, 2.983214;0.7359936, -0.4937368, 3.068388;1.033569, -0.378162, 2.558074;0.9091482, -0.7224358, 3.01254;1.062639, -0.7106054, 2.623367;0.8962263, -0.8004033, 2.986525;1.03933, -0.7844898, 2.593027;
0.7108902, 0.3536694, 2.822191;0.8036107, 0.178823, 2.822215;0.8681588, -0.1602541, 2.968424;0.7215765, 0.0357199, 2.955692;0.9057714, 0.08678439, 2.736582;0.7492208, -0.4676472, 2.862057;0.8409905, -0.4461981, 2.682681;0.8813279, -0.2287443, 3.001337;0.8452177, -0.2838171, 3.055691;0.9362453, -0.2770839, 2.98929;0.6389481, -0.6318997, 3.086106;1.025762, -0.3887008, 2.544867;0.910195, -0.7245145, 3.014059;1.062655, -0.7133804, 2.623267;0.8952992, -0.80098, 2.985615;1.039083, -0.7863982, 2.591793;
0.7061956, 0.3305771, 2.817142;0.799837, 0.1594448, 2.817887;0.8706793, -0.1665201, 2.970556;0.7179493, 0.02483247, 2.95501;0.9090383, 0.0691947, 2.734886;0.6797873, -0.5136101, 3.07811;0.8359849, -0.5158647, 2.65787;0.8845348, -0.2334677, 3.004214;0.8492484, -0.2894595, 3.061573;0.9443525, -0.2867924, 2.994552;0.6271946, -0.6283233, 3.076863;1.024893, -0.3908384, 2.541279;0.9123996, -0.7322091, 3.010177;1.060012, -0.7145337, 2.621391;0.8858223, -0.8060689, 2.984292;1.039033, -0.7881297, 2.590163;
0.701877, 0.2909822, 2.807099;0.7952955, 0.1094378, 2.812768;0.8472867, -0.2126189, 2.968954;0.7126306, 0.003551543, 2.956836;0.9077513, 0.04721907, 2.728536;0.7249955, -0.5404153, 2.87391;0.8365339, -0.5136497, 2.65781;0.857685, -0.2770302, 3.003744;0.8187038, -0.3301506, 3.060184;0.9139986, -0.3312758, 2.996323;0.5972633, -0.6690961, 3.059592;1.024037, -0.3931627, 2.539058;0.9126123, -0.735942, 3.009717;1.060006, -0.7143197, 2.621461;0.8899094, -0.805652, 2.972113;1.039397, -0.7875475, 2.589808;
0.6991644, 0.2775566, 2.802744;0.7926623, 0.1001585, 2.810976;0.8497477, -0.2205088, 2.968701;0.7110213, -0.04726754, 2.948883;0.9015349, 0.01719768, 2.726437;0.7292129, -0.5933774, 2.850069;0.8363791, -0.5377333, 2.659412;0.8612148, -0.2850037, 3.00377;0.8227437, -0.3376305, 3.060762;0.9186286, -0.3390691, 2.996019;0.5851216, -0.6642766, 3.052487;1.023099, -0.3967229, 2.536648;0.9161445, -0.7454112, 3.009433;1.05286, -0.705543, 2.613123;0.8812262, -0.8147016, 2.982435;1.040182, -0.7837487, 2.591388;
0.6987069, 0.2433947, 2.798786;0.7921152, 0.07544242, 2.807326;0.8503001, -0.2385358, 2.968592;0.7109934, -0.05423379, 2.948375;0.9030702, -0.00904296, 2.719311;0.6864901, -0.5480419, 3.073923;0.8408796, -0.5517713, 2.649407;0.8619086, -0.3014598, 3.004248;0.8234221, -0.3535092, 3.063051;0.9199793, -0.3570151, 2.996371;0.5892566, -0.678616, 3.006923;1.015712, -0.4062658, 2.5258;0.9170842, -0.7280782, 3.010253;1.05046, -0.7107574, 2.612933;0.8785921, -0.7974861, 2.989549;1.038376, -0.7874639, 2.586516;
0.6946103, 0.231996, 2.795321;0.7905114, 0.06120386, 2.806092;0.8589715, -0.2513261, 2.967791;0.7111304, -0.07756762, 2.943235;0.8996117, -0.02752735, 2.718599;0.6924714, -0.5568467, 3.070839;0.84227, -0.573589, 2.641625;0.8732851, -0.3144958, 3.003587;0.8386114, -0.3682104, 3.065455;0.9339913, -0.3705441, 2.993934;0.6794337, -0.7131503, 2.920353;1.011286, -0.4128605, 2.518662;0.9029167, -0.7703739, 3.000087;1.049777, -0.7149857, 2.610781;0.8423396, -0.8229579, 2.983035;1.035658, -0.7913269, 2.58436;
0.6906728, 0.204914, 2.790164;0.789029, 0.03411125, 2.800135;0.8593631, -0.2766921, 2.961299;0.7115074, -0.09895751, 2.940712;0.9013183, -0.04335371, 2.7184;0.6575208, -0.5718457, 3.098593;0.8430144, -0.5821564, 2.643317;0.8735858, -0.3386016, 2.99717;0.8389044, -0.4004168, 3.062523;0.9345148, -0.3943521, 2.986448;0.7673752, -0.5529979, 3.016821;1.009411, -0.4200131, 2.518419;0.9048657, -0.7760279, 2.996679;1.048747, -0.715045, 2.609759;0.8345543, -0.8171747, 2.987384;1.035629, -0.791981, 2.584621;
0.6886063, 0.1912083, 2.788671;0.7878628, 0.02456214, 2.799536;0.8595142, -0.2917405, 2.963741;0.7117349, -0.1193173, 2.935183;0.8979474, -0.06094682, 2.713355;0.6274412, -0.5568025, 3.098572;0.8401067, -0.6008361, 2.637229;0.873996, -0.3552666, 3.000363;0.8392084, -0.4113137, 3.064638;0.9345543, -0.4092374, 2.990254;0.7674416, -0.5541402, 3.015692;1.004364, -0.4202877, 2.510333;0.8973596, -0.7831334, 2.992836;1.049147, -0.7153874, 2.609331;0.8233437, -0.8182319, 2.989656;1.03536, -0.7926003, 2.585489;
0.6854867, 0.1756541, 2.783578;0.7862155, 0.0003616088, 2.796053;0.8607745, -0.3339289, 2.968791;0.7101282, -0.1575008, 2.936787;0.8962063, -0.07903861, 2.710148;0.6238402, -0.5605228, 3.100207;0.8410864, -0.6060309, 2.630284;0.8758896, -0.4013961, 3.007444;0.8430453, -0.4545775, 3.06124;0.932336, -0.4451151, 3.003934;0.7599218, -0.6150056, 3.021789;1.005298, -0.4319408, 2.510275;0.8690685, -0.796273, 3.006368;1.048349, -0.7152554, 2.608729;0.9008859, -0.7985424, 2.930862;1.038506, -0.7946418, 2.590852;
0.6841856, 0.159715, 2.779335;0.7842068, -0.01407103, 2.79526;0.8586918, -0.3357909, 2.96866;0.7093417, -0.1593288, 2.936368;0.8963357, -0.09073412, 2.710854;0.5750265, -0.5450189, 3.118891;0.8442344, -0.6216716, 2.627507;0.8737532, -0.402141, 3.007242;0.8387395, -0.4576849, 3.063177;0.930735, -0.4469399, 3.003527;0.7595133, -0.6156185, 3.021953;1.003585, -0.4352168, 2.512224;0.8657092, -0.7655825, 3.005222;1.048632, -0.7159017, 2.608484;0.8416937, -0.8096098, 2.940414;1.042271, -0.7970289, 2.598834;
0.6817369, 0.1505589, 2.780284;0.7835975, -0.0181272, 2.795076;0.8596284, -0.3378958, 2.962569;0.7090143, -0.1678099, 2.934523;0.8940642, -0.0993344, 2.710418;0.5746714, -0.5526533, 3.119232;0.8434703, -0.6344784, 2.631164;0.8751637, -0.403055, 2.998683;0.8398262, -0.4599263, 3.060937;0.9371452, -0.4536577, 2.983077;0.7652711, -0.6058737, 3.007283;0.995164, -0.433847, 2.510129;0.8590935, -0.7883054, 3.004695;1.048627, -0.7160388, 2.607352;0.8382541, -0.7640677, 2.929253;1.041648, -0.7973478, 2.600045;
0.6808146, 0.1463194, 2.778032;0.7829015, -0.02468454, 2.794238;0.8600949, -0.3391709, 2.962547;0.7078503, -0.1707634, 2.934397;0.8941383, -0.1047499, 2.710511;0.6008836, -0.5684468, 3.124164;0.8408355, -0.6716304, 2.61903;0.8755719, -0.4035849, 2.998806;0.8398839, -0.4601321, 3.060921;0.9386804, -0.4541642, 2.985308;0.7726932, -0.578749, 2.997298;0.9955093, -0.4364512, 2.512138;0.8662357, -0.7608165, 3.002079;1.047729, -0.7159467, 2.605642;0.8284337, -0.793376, 2.937111;1.041187, -0.7974687, 2.601021;
0.6794755, 0.14248, 2.776361;0.7816565, -0.02859545, 2.79344;0.8642063, -0.3432709, 2.957112;0.7072443, -0.176469, 2.934286;0.8928632, -0.1065628, 2.708882;0.6202136, -0.5816216, 3.11833;0.8408516, -0.6712706, 2.61879;0.8812413, -0.4070763, 2.992411;0.8472148, -0.4664307, 3.053534;0.9449257, -0.4551842, 2.980107;0.7795126, -0.5851038, 2.995664;0.9953476, -0.4362837, 2.512206;0.8527747, -0.7819843, 2.996531;1.047715, -0.7163546, 2.605229;0.8367445, -0.7624161, 2.91864;1.04133, -0.7979652, 2.602809;
0.6795617, 0.1418664, 2.775734;0.7811605, -0.02994107, 2.793371;0.8631133, -0.3435995, 2.957575;0.7071675, -0.176606, 2.934064;0.8927367, -0.107711, 2.708541;0.587352, -0.555938, 3.115891;0.840717, -0.6727057, 2.61774;0.879666, -0.4070824, 2.993293;0.8453749, -0.4665157, 3.055545;0.9421397, -0.4560791, 2.982539;0.7765763, -0.6011965, 3.002053;0.9934125, -0.4348221, 2.510537;0.8635931, -0.763703, 3.001034;1.047725, -0.7165142, 2.605027;0.826372, -0.7929223, 2.934217;1.040511, -0.7979662, 2.60087;
0.6796326, 0.1421101, 2.775305;0.7811533, -0.02995514, 2.793219;0.8627813, -0.3440099, 2.957348;0.7066981, -0.1745811, 2.93358;0.8923545, -0.1074715, 2.70805;0.5828193, -0.5643501, 3.113234;0.8542108, -0.6409688, 2.620913;0.8792276, -0.4075154, 2.993136;0.8443583, -0.4667907, 3.054348;0.9414802, -0.4558542, 2.982821;0.7732934, -0.6002079, 3.000315;0.9933444, -0.4365687, 2.51098;0.8569812, -0.7814301, 2.991658;1.047762, -0.7165208, 2.604673;0.8198603, -0.76592, 2.920372;1.039346, -0.7977789, 2.59952;
0.6797458, 0.1423845, 2.774909;0.7811397, -0.02995489, 2.793106;0.8594731, -0.3392724, 2.95575;0.7065994, -0.1728003, 2.932465;0.8924845, -0.1070758, 2.707782;0.5738332, -0.5528403, 3.11372;0.8510166, -0.6431567, 2.618007;0.8743849, -0.4002739, 2.991125;0.838286, -0.4585853, 3.05522;0.9382289, -0.4518811, 2.980813;0.7474416, -0.5761802, 3.001973;0.9925629, -0.4392457, 2.511399;0.8570349, -0.7825342, 2.991074;1.048109, -0.7169403, 2.604817;0.8313607, -0.7651162, 2.915351;1.039773, -0.7980992, 2.598469;
0.6807078, 0.1446598, 2.77318;0.7813056, -0.0284811, 2.792198;0.8644279, -0.335151, 2.947845;0.7064716, -0.1708027, 2.931988;0.8921729, -0.1053575, 2.707011;0.5863276, -0.5541604, 3.104285;0.8510583, -0.6352992, 2.617237;0.8813289, -0.3959795, 2.981319;0.8464903, -0.457306, 3.04597;0.9476106, -0.4427956, 2.96577;0.783433, -0.5869684, 2.983847;0.9924239, -0.4401379, 2.510646;0.8601323, -0.7566329, 2.990643;1.048219, -0.7170213, 2.603536;0.8356948, -0.8244525, 2.951964;1.039691, -0.7982179, 2.598324;
0.6821291, 0.1493752, 2.772774;0.7813617, -0.02607254, 2.79137;0.8652737, -0.332716, 2.947778;0.7064166, -0.1686592, 2.931707;0.8917614, -0.101685, 2.705745;0.5968356, -0.5628345, 3.106483;0.8510565, -0.6335028, 2.621855;0.8822579, -0.3936888, 2.981661;0.8475259, -0.4539234, 3.045601;0.9482818, -0.4397048, 2.967577;0.7821671, -0.5730317, 2.988086;0.9919406, -0.4407697, 2.510348;0.8566301, -0.7285424, 2.997915;1.049115, -0.7171187, 2.603789;0.8510835, -0.8063939, 2.973895;1.044404, -0.7978093, 2.592152;
0.6829438, 0.1514481, 2.772805;0.7817346, -0.02519793, 2.790969;0.8648746, -0.3326352, 2.947531;0.7054328, -0.1670427, 2.932123;0.892138, -0.09860802, 2.704334;0.5974492, -0.5637446, 3.108107;0.8490688, -0.6330989, 2.621949;0.8815635, -0.3937541, 2.981488;0.8456914, -0.4543179, 3.044022;0.9464827, -0.4393736, 2.968659;0.773242, -0.5796194, 2.986552;0.9933927, -0.4407739, 2.51039;0.8697709, -0.7907838, 2.992926;1.049388, -0.7171247, 2.60362;0.7897121, -0.7992058, 2.979338;1.044253, -0.7985618, 2.601051;
0.684199, 0.1536162, 2.772788;0.7819761, -0.01683911, 2.790539;0.8645052, -0.3322996, 2.947388;0.7047234, -0.1658134, 2.93289;0.8919343, -0.09692596, 2.704123;0.5983616, -0.5653847, 3.107804;0.8471571, -0.6336143, 2.622977;0.8811368, -0.3937946, 2.981428;0.8448449, -0.4544305, 3.042955;0.9451396, -0.4391928, 2.969443;0.7717912, -0.5809934, 2.986407;0.9934285, -0.4407738, 2.510349;0.8658634, -0.7712342, 2.99182;1.050069, -0.7170612, 2.603658;0.8465459, -0.8505353, 2.99077;1.043854, -0.7984076, 2.601002;
0.6852096, 0.1553485, 2.773097;0.7822923, -0.01666087, 2.790834;0.8639784, -0.3318427, 2.947508;0.7045928, -0.165417, 2.933025;0.8922102, -0.09473246, 2.703566;0.580411, -0.5446519, 3.11282;0.8476624, -0.6278626, 2.624951;0.8803141, -0.3934375, 2.981634;0.8432754, -0.4537316, 3.042418;0.9440178, -0.4387226, 2.970442;0.7673942, -0.5757244, 2.986291;0.9929173, -0.4416885, 2.510216;0.8541406, -0.7787951, 2.986676;1.050155, -0.7171553, 2.603525;0.8050659, -0.8428726, 2.934642;1.044068, -0.7985164, 2.601061;
0.686491, 0.1553686, 2.774509;0.7827253, -0.01587309, 2.791257;0.8642009, -0.3320726, 2.947292;0.7043621, -0.16505, 2.933144;0.8922238, -0.09473558, 2.703494;0.5849144, -0.5518461, 3.111132;0.8473564, -0.6275559, 2.624865;0.8806602, -0.3942197, 2.981283;0.8440166, -0.4552603, 3.040896;0.9441401, -0.4390661, 2.970323;0.7796301, -0.5845543, 2.983711;0.9926444, -0.4417762, 2.51123;0.85594, -0.7832729, 2.98561;1.050168, -0.7171958, 2.603516;0.8066947, -0.8471971, 2.933551;1.044126, -0.7985584, 2.601019;
0.6883623, 0.1559481, 2.775731;0.7831593, -0.01526142, 2.791328;0.8657335, -0.3323607, 2.945821;0.7043256, -0.1647945, 2.933236;0.8928972, -0.09499729, 2.703898;0.5865578, -0.558858, 3.111082;0.8468107, -0.6271889, 2.625399;0.8825791, -0.3951111, 2.979383;0.8462647, -0.456627, 3.038323;0.9466293, -0.4399962, 2.967936;0.7844224, -0.5824909, 2.975358;0.9914067, -0.4422784, 2.511312;0.8573241, -0.7895617, 2.990511;1.049875, -0.7173867, 2.60322;0.9264798, -0.8262911, 2.967469;1.04387, -0.7987466, 2.600578;
0.6889313, 0.1561917, 2.776746;0.7833489, -0.01457539, 2.791534;0.863548, -0.3338993, 2.947215;0.7038617, -0.1639026, 2.933225;0.8931783, -0.09507614, 2.704213;0.5929704, -0.5629055, 3.112271;0.8466404, -0.6271313, 2.626115;0.87888, -0.3981538, 2.981772;0.8423988, -0.4595245, 3.040243;0.9404342, -0.4447953, 2.972288;0.7598345, -0.6117169, 3.011522;0.9911706, -0.4423986, 2.511296;0.8561752, -0.7908283, 2.99173;1.049557, -0.7173967, 2.60264;0.9296517, -0.8248829, 2.98154;1.043784, -0.7987846, 2.600395;
0.6921512, 0.1525495, 2.778109;0.7849404, -0.01693073, 2.792626;0.8285416, -0.331614, 2.951486;0.7037813, -0.1638688, 2.93317;0.8933262, -0.09567246, 2.704031;0.5956478, -0.5672512, 3.11026;0.8466729, -0.6302854, 2.625633;0.8283509, -0.3926069, 2.987009;0.7810296, -0.4427396, 3.051548;0.887428, -0.4547275, 2.97623;0.4750116, -0.655715, 2.937211;0.9911439, -0.4427458, 2.511215;0.8609711, -0.795745, 3.001756;1.049079, -0.7167739, 2.601846;0.8953329, -0.7934539, 2.927768;1.04411, -0.7982218, 2.60051;
0.6932151, 0.1525513, 2.77931;0.7856491, -0.01774402, 2.792903;0.8271339, -0.3307849, 2.951832;0.7037733, -0.1638716, 2.93309;0.893155, -0.09870703, 2.704309;0.5811208, -0.5559098, 3.106324;0.8463588, -0.6377648, 2.629419;0.8282287, -0.3921339, 2.987102;0.7798313, -0.4402505, 3.052496;0.8875456, -0.4546057, 2.976077;0.4416219, -0.5743177, 2.911675;0.9921103, -0.4427995, 2.51477;0.8556661, -0.7527315, 2.990806;1.048957, -0.7168922, 2.601661;0.8673195, -0.8308881, 2.970467;1.044004, -0.7983358, 2.601064;
0.6935397, 0.1518489, 2.779904;0.7849569, -0.0196097, 2.794838;0.8253117, -0.332383, 2.951817;0.703721, -0.1637318, 2.933087;0.8936977, -0.1008979, 2.705204;0.5705287, -0.5475175, 3.107556;0.8485959, -0.6349471, 2.631148;0.8278533, -0.3936043, 2.986776;0.779766, -0.4421703, 3.051904;0.887181, -0.4561559, 2.975289;0.4789106, -0.6524003, 2.923419;0.9908175, -0.4438897, 2.513539;0.8522377, -0.7852935, 2.991198;1.048729, -0.7172605, 2.601402;0.8595586, -0.7871397, 2.909955;1.043839, -0.798707, 2.60155;
0.6940706, 0.1496616, 2.780613;0.7851257, -0.02111341, 2.795574;0.8251831, -0.3334122, 2.951613;0.7037019, -0.1636991, 2.933077;0.8936749, -0.1026103, 2.706354;0.5751691, -0.5520645, 3.107622;0.848981, -0.6355271, 2.63175;0.8286645, -0.3951729, 2.986322;0.7813867, -0.4446642, 3.051569;0.8881552, -0.4578777, 2.97423;0.4848323, -0.6595088, 2.923146;0.9882609, -0.4401399, 2.513375;0.8524349, -0.7860922, 2.991919;1.048413, -0.7168521, 2.601028;0.8381038, -0.7911633, 2.911759;0.995647, -0.7768193, 2.547801;
0.6945909, 0.1525977, 2.781567;0.785147, -0.02052129, 2.79581;0.8246707, -0.3329908, 2.950307;0.7039945, -0.1641869, 2.934159;0.8941318, -0.1038126, 2.70759;0.5817385, -0.5583252, 3.111206;0.8399346, -0.6618702, 2.631227;0.8288128, -0.3949215, 2.984455;0.7821233, -0.4452621, 3.050852;0.8877187, -0.4585032, 2.969495;0.4895941, -0.6669679, 2.927923;0.9862711, -0.4423215, 2.51373;0.8590183, -0.7561073, 2.997832;1.048448, -0.7169949, 2.600854;0.8241994, -0.8294166, 3.004696;0.9956116, -0.776677, 2.547675;
0.6946322, 0.1521256, 2.78194;0.785342, -0.02066406, 2.796446;0.8281976, -0.3302631, 2.952119;0.7039261, -0.16403, 2.93444;0.8940275, -0.1053916, 2.708646;0.5812026, -0.558448, 3.110155;0.8400117, -0.6627832, 2.630474;0.8359146, -0.3906822, 2.987021;0.7909044, -0.4399628, 3.055819;0.8985578, -0.4539628, 2.972197;0.4941541, -0.6382322, 2.905329;0.9877626, -0.44504, 2.506226;0.8550501, -0.7894902, 3.005139;1.048158, -0.7167715, 2.600144;0.8297966, -0.7729903, 2.929489;0.9960645, -0.7773947, 2.547309;
0.6963565, 0.1520002, 2.784669;0.7858214, -0.02059924, 2.797398;0.8281681, -0.3323785, 2.954165;0.7041106, -0.1641701, 2.935317;0.8939458, -0.105256, 2.708837;0.5930535, -0.5639129, 3.109289;0.8482564, -0.6446054, 2.638067;0.8359364, -0.39422, 2.989525;0.7910199, -0.4430322, 3.055679;0.8970844, -0.4560235, 2.976549;0.5104326, -0.6823453, 2.944718;0.9877551, -0.4451682, 2.508195;0.8541179, -0.792698, 3.002934;1.047188, -0.7163066, 2.599588;0.8293931, -0.7708458, 2.928491;0.9949136, -0.7768107, 2.546824;
0.6969838, 0.1537986, 2.787846;0.7871017, -0.01748542, 2.79891;0.827929, -0.3324189, 2.954225;0.7044852, -0.1635536, 2.937054;0.893796, -0.1040248, 2.710167;0.5908135, -0.5633829, 3.109012;0.8493086, -0.6365301, 2.636534;0.8355085, -0.3945863, 2.989502;0.7903677, -0.4439868, 3.054608;0.8954558, -0.4560445, 2.976922;0.5091726, -0.6821616, 2.945506;0.9880837, -0.4452522, 2.508914;0.8645033, -0.7961757, 3.008352;1.04705, -0.7162992, 2.599267;0.8320785, -0.7804565, 2.935335;0.9943364, -0.7763501, 2.546431;
0.6984937, 0.1574977, 2.79129;0.7877898, -0.01565618, 2.799514;0.8279094, -0.33245, 2.954804;0.704746, -0.1621865, 2.939887;0.8945271, -0.1022588, 2.712307;0.5927331, -0.5680732, 3.107093;0.8483971, -0.6341104, 2.635531;0.8354719, -0.3949531, 2.990091;0.7903032, -0.4442979, 3.054495;0.8950843, -0.4559027, 2.978251;0.6670023, -0.5473017, 3.000275;0.9884222, -0.4446339, 2.509479;0.8689594, -0.7440007, 3.005841;1.045666, -0.7166715, 2.598783;0.8645262, -0.8162631, 2.968907;0.9929169, -0.7764469, 2.54599;
0.7018888, 0.1632634, 2.795908;0.7887862, -0.01042185, 2.800961;0.8270251, -0.3305396, 2.956208;0.7088724, -0.146046, 2.944016;0.8950068, -0.1004014, 2.714029;0.5820961, -0.5654541, 3.102794;0.8498901, -0.6319415, 2.637897;0.8345177, -0.3937446, 2.991223;0.7897165, -0.4427269, 3.055209;0.8925359, -0.4542891, 2.979459;0.5071539, -0.6783367, 2.949436;0.9883556, -0.4444565, 2.509839;0.8745061, -0.786802, 2.995234;1.04548, -0.7168538, 2.59855;0.8222355, -0.8189439, 2.94195;1.043979, -0.7981083, 2.598482;
0.7023784, 0.1700066, 2.801353;0.7895404, -0.004514732, 2.802563;0.8252851, -0.3184809, 2.955168;0.7134423, -0.1122229, 2.943553;0.8960419, -0.0935071, 2.716242;0.5712902, -0.534707, 3.092601;0.8514629, -0.6189023, 2.637422;0.8321996, -0.3808104, 2.989175;0.7904105, -0.4321515, 3.056121;0.8869694, -0.4449553, 2.974786;0.5206772, -0.6830174, 2.955002;0.9882582, -0.4421119, 2.511868;0.8747278, -0.7866832, 2.995279;1.045619, -0.716718, 2.598445;0.8149173, -0.8308586, 2.962518;1.041968, -0.7978508, 2.595956;
0.7027005, 0.1723318, 2.80162;0.7916809, 0.002889006, 2.80464;0.8246651, -0.3101393, 2.953459;0.7137316, -0.1101145, 2.943874;0.8990072, -0.08564024, 2.718891;0.668174, -0.5874095, 2.990661;0.8518331, -0.6183801, 2.64053;0.8310872, -0.3723423, 2.986618;0.7897786, -0.4251518, 3.054847;0.8846867, -0.4377202, 2.970715;0.5275581, -0.6845735, 2.95884;0.9881166, -0.4412896, 2.512028;0.8858971, -0.7861452, 2.988993;1.045537, -0.7168082, 2.598645;0.8116654, -0.818625, 2.98313;1.042246, -0.7979472, 2.596346;
0.7068563, 0.1906206, 2.806665;0.7925844, 0.01605348, 2.805892;0.8291001, -0.2984975, 2.950263;0.7125266, -0.1105067, 2.946733;0.8989793, -0.07658765, 2.720903;0.6141813, -0.5635816, 3.082564;0.8530098, -0.613416, 2.642767;0.8363703, -0.361059, 2.982513;0.7938402, -0.4133643, 3.051264;0.8935601, -0.4252745, 2.963542;0.4984988, -0.6027784, 2.899081;0.988758, -0.4406621, 2.512191;0.8812574, -0.703065, 3.023943;1.045357, -0.7167568, 2.598787;0.85909, -0.798687, 2.98767;1.042535, -0.7978776, 2.596698;
0.7082872, 0.1962625, 2.806593;0.7964994, 0.02698719, 2.811096;0.8347547, -0.291717, 2.955909;0.7127636, -0.1068915, 2.950596;0.9000313, -0.06160653, 2.722801;0.6992146, -0.5637314, 2.97179;0.8530568, -0.6018186, 2.643609;0.8423896, -0.3551369, 2.988298;0.8010902, -0.4095847, 3.054209;0.8986496, -0.4155763, 2.973495;0.7173685, -0.5447197, 3.010986;0.9898062, -0.4393889, 2.51113;0.9063942, -0.7487814, 3.006302;1.045303, -0.7174124, 2.599267;0.8537126, -0.8065569, 2.984924;1.040429, -0.797708, 2.589304;
0.7139639, 0.2227399, 2.812811;0.7994667, 0.04884157, 2.81195;0.8392161, -0.2805349, 2.954677;0.7125459, -0.09699892, 2.95441;0.9011029, -0.04953705, 2.724606;0.602711, -0.5180886, 3.063354;0.85061, -0.5893018, 2.647193;0.8469774, -0.3457931, 2.986797;0.8057721, -0.4029165, 3.052002;0.9030204, -0.4046584, 2.970953;0.718837, -0.5366596, 3.006393;0.9917907, -0.4374968, 2.508488;0.8895029, -0.699949, 3.024906;1.045377, -0.7171944, 2.600007;0.8598318, -0.7988035, 2.98866;0.9897972, -0.7746448, 2.548014;
0.7184615, 0.2398953, 2.814462;0.8011837, 0.06804885, 2.811802;0.8419921, -0.2588514, 2.949407;0.7145959, -0.07531241, 2.957768;0.9043181, -0.03309364, 2.726067;0.6155465, -0.5212669, 3.071999;0.8470296, -0.5578229, 2.650786;0.8500799, -0.3242248, 2.980367;0.8083262, -0.3795832, 3.045596;0.9065747, -0.3857259, 2.961818;0.5683611, -0.6260967, 2.882643;0.9968209, -0.4238591, 2.507758;0.8960811, -0.7010028, 3.02811;1.045322, -0.7169889, 2.599946;0.8668859, -0.794502, 2.990016;1.041291, -0.7978445, 2.596565;
0.7190081, 0.2667443, 2.815896;0.8039868, 0.09199425, 2.812438;0.8457305, -0.2475234, 2.950346;0.7154542, -0.05311583, 2.960773;0.9064075, -0.009241008, 2.72559;0.7493038, -0.5890104, 2.93451;0.8484136, -0.5478019, 2.652046;0.8538973, -0.314775, 2.981315;0.8132434, -0.371963, 3.044682;0.909585, -0.3731046, 2.963997;0.6073963, -0.6693943, 2.935097;1.000351, -0.4204729, 2.507799;0.9181951, -0.7413356, 3.003683;1.045543, -0.716039, 2.600334;0.8640809, -0.7995909, 2.988805;1.041456, -0.7965761, 2.593976;
0.721608, 0.2902187, 2.819856;0.8065671, 0.1145435, 2.817108;0.8515258, -0.2159164, 2.944616;0.7191317, -0.02523886, 2.961316;0.9083773, 0.03098688, 2.72499;0.6582803, -0.5169051, 3.044651;0.8474121, -0.5437044, 2.658759;0.8605876, -0.2817296, 2.973105;0.8195243, -0.3449644, 3.035558;0.9174424, -0.333994, 2.951645;0.6199723, -0.6469959, 2.930149;1.005535, -0.407842, 2.51768;0.9181303, -0.7418059, 3.003255;1.045532, -0.7158533, 2.600282;0.8641141, -0.800032, 2.98872;1.041304, -0.7959145, 2.590709;
0.7246875, 0.318596, 2.820637;0.8073382, 0.1373866, 2.817791;0.8610274, -0.1938469, 2.95103;0.7248173, 0.003631815, 2.961513;0.9102502, 0.0449416, 2.727105;0.6572981, -0.480045, 3.046789;0.8519871, -0.5157208, 2.662336;0.8720626, -0.2596628, 2.981159;0.8387867, -0.3168569, 3.048287;0.9257543, -0.3213577, 2.959041;0.6617252, -0.6369879, 2.962965;1.006778, -0.4057763, 2.517906;0.9148645, -0.7374322, 3.005551;1.046476, -0.7149801, 2.601021;0.8694395, -0.8018253, 2.988864;1.038729, -0.7939997, 2.587447;
0.7288545, 0.333528, 2.82346;0.8099566, 0.1620531, 2.823399;0.8561061, -0.1811651, 2.957644;0.7266439, 0.02843963, 2.965588;0.9076147, 0.06796291, 2.727139;0.6579149, -0.4824763, 3.047168;0.8523475, -0.5000748, 2.666974;0.8657688, -0.2487956, 2.987999;0.8320686, -0.3052857, 3.05006;0.9133101, -0.3041982, 2.973027;0.611912, -0.6047817, 3.052982;1.010898, -0.4006935, 2.520956;0.9145712, -0.7371837, 3.004773;1.047824, -0.7151874, 2.602117;0.8715107, -0.8019093, 2.984488;1.038787, -0.7935174, 2.586695;
0.732221, 0.38056, 2.82943;0.8149241, 0.19835, 2.831087;0.8539119, -0.142013, 2.954345;0.7301959, 0.05790312, 2.971094;0.9088215, 0.09456152, 2.73294;0.6732643, -0.4779956, 3.036354;0.8545541, -0.4425383, 2.673092;0.8617434, -0.2102509, 2.982396;0.826602, -0.2719474, 3.042656;0.9102641, -0.2663238, 2.962038;0.6723371, -0.6096409, 3.041882;1.012514, -0.3956093, 2.522829;0.9143746, -0.7360002, 3.00386;1.048635, -0.7152652, 2.602803;0.8756379, -0.8026665, 2.982059;1.038907, -0.7930769, 2.586344;
0.733519, 0.3915822, 2.835225;0.8189565, 0.2212352, 2.832287;0.8651222, -0.1191752, 2.948161;0.7327106, 0.09272349, 2.96919;0.910997, 0.1276714, 2.732902;0.7576935, -0.460222, 2.889864;0.8538837, -0.432452, 2.671355;0.8747241, -0.186844, 2.97448;0.839545, -0.2526904, 3.03263;0.92775, -0.2314103, 2.951124;0.6799148, -0.5860977, 3.050512;1.012634, -0.3951526, 2.522378;0.9141937, -0.7311999, 3.005855;1.049167, -0.7072974, 2.602305;0.8805225, -0.7993855, 2.981194;1.039271, -0.785102, 2.586823;
0.742327, 0.4429794, 2.834169;0.8215313, 0.2586663, 2.836299;0.872803, -0.1016486, 2.948483;0.7338817, 0.1080321, 2.974506;0.9151231, 0.1454846, 2.734491;0.7012923, -0.4629512, 3.023706;0.8543109, -0.3898931, 2.662;0.8826928, -0.1725696, 2.974462;0.8491454, -0.2371818, 3.031251;0.9331636, -0.2237231, 2.951708;0.6909547, -0.5717723, 3.034536;1.018367, -0.3855625, 2.529505;0.9141889, -0.731079, 3.0046;1.050494, -0.7028635, 2.602564;0.8787004, -0.7984198, 2.980726;1.038629, -0.7809736, 2.587813;
0.7447782, 0.4543335, 2.842877;0.8234622, 0.2815681, 2.843954;0.8757873, -0.07504094, 2.947947;0.737493, 0.1329704, 2.985332;0.9214897, 0.1913583, 2.741904;0.720576, -0.4086065, 2.999027;0.8611521, -0.36161, 2.663362;0.8861124, -0.1464628, 2.972128;0.8528662, -0.2135549, 3.025607;0.936439, -0.1957106, 2.949868;0.7095802, -0.5539994, 3.032771;1.02109, -0.3786554, 2.541206;0.9142478, -0.7307957, 3.004614;1.051625, -0.702569, 2.603268;0.881879, -0.7987757, 2.978773;1.038691, -0.7807871, 2.587834;
0.7557333, 0.5065422, 2.868139;0.833244, 0.3336431, 2.851466;0.8855556, -0.03361055, 2.946271;0.7465122, 0.1881016, 2.997347;0.9213823, 0.2110844, 2.742001;0.7600259, -0.3625844, 2.881377;0.8613262, -0.3428485, 2.664289;0.8959147, -0.1072397, 2.968838;0.8642199, -0.1684343, 3.024937;0.9447516, -0.1648565, 2.941897;0.7296085, -0.5119931, 3.031258;1.021338, -0.3761395, 2.550759;0.9132086, -0.7264273, 3.004665;1.052949, -0.7018992, 2.604674;0.8837794, -0.7950522, 2.977547;1.038569, -0.7803419, 2.587434;
0.7578253, 0.5087379, 2.866487;0.834116, 0.3455637, 2.854721;0.888912, -0.01574627, 2.950285;0.7498156, 0.2106033, 3.002072;0.9262137, 0.2495541, 2.746305;0.7603135, -0.3255146, 2.86216;0.8657245, -0.3063979, 2.666576;0.899959, -0.08781222, 2.972907;0.8692926, -0.1492833, 3.027397;0.9485892, -0.1429363, 2.94702;0.7465521, -0.4962706, 3.042177;1.021677, -0.3778252, 2.554903;0.9136834, -0.7253277, 3.003287;1.053657, -0.701743, 2.604875;0.8846671, -0.7938529, 2.975899;1.038483, -0.78027, 2.587547;
0.7721848, 0.5594068, 2.872984;0.8483608, 0.3396411, 2.867886;0.8941764, 0.007775893, 2.956765;0.7532371, 0.2299552, 3.005094;0.9300159, 0.2693789, 2.75012;0.7557372, -0.2853929, 2.87995;0.8653445, -0.286431, 2.66626;0.9036722, -0.05253165, 2.97865;0.8733608, -0.1185268, 3.033925;0.9495679, -0.1163773, 2.951633;0.7754298, -0.4733579, 3.041624;1.022428, -0.3770847, 2.559173;0.9148335, -0.7245266, 3.003831;1.059056, -0.6962475, 2.613553;0.8859665, -0.7927949, 2.976008;1.038734, -0.7790309, 2.589353;
0.7896146, 0.5792734, 2.878267;0.8595424, 0.3508773, 2.879647;0.9027303, 0.05027888, 2.981181;0.7603903, 0.2689006, 3.00599;0.9336833, 0.3011649, 2.752282;0.7611933, -0.2851706, 2.872308;0.8665641, -0.2437035, 2.675518;0.9099193, -0.01202442, 3.002991;0.8830339, -0.06230519, 3.066417;0.9510275, -0.08270522, 2.971254;0.7918022, -0.4188809, 3.036374;1.025541, -0.3599198, 2.58033;0.9146558, -0.7238077, 3.002688;1.059511, -0.6959544, 2.615108;0.8873272, -0.7930848, 2.976161;1.038842, -0.7790009, 2.589686;
0.7952257, 0.6358811, 2.897501;0.864143, 0.4556018, 2.869377;0.9340757, 0.09912418, 2.915338;0.7630666, 0.2850847, 3.00716;0.9411691, 0.3321692, 2.757645;0.7598454, -0.2312684, 2.872064;0.8535076, -0.2219543, 2.664439;0.9480622, 0.02782865, 2.927942;0.9249207, -0.0401664, 2.980493;0.996452, -0.03287761, 2.888812;0.7998921, -0.4083712, 3.034786;1.029062, -0.3459874, 2.591116;0.916796, -0.7221909, 3.001917;1.062024, -0.6935184, 2.620141;0.8883963, -0.7915025, 2.976928;1.039053, -0.7781771, 2.589432;
0.8009587, 0.6517488, 2.893173;0.8662505, 0.4732828, 2.869653;0.9334307, 0.109583, 2.913979;0.7744688, 0.3427787, 3.013993;0.9498593, 0.3588239, 2.759643;0.7630579, -0.2125076, 2.87108;0.8552468, -0.2144724, 2.667509;0.9470192, 0.03715532, 2.926356;0.9241745, -0.03166086, 2.978961;0.9945838, -0.02518748, 2.886893;0.8107448, -0.3976889, 3.029707;1.031601, -0.3321648, 2.607026;0.9213055, -0.7201402, 3.000857;1.062695, -0.6919608, 2.622956;0.9029507, -0.7944621, 2.981811;1.039375, -0.7776393, 2.589735;
0.8090691, 0.6795187, 2.889367;0.8746786, 0.5060095, 2.872749;0.9261304, 0.1531014, 2.898094;0.7789315, 0.3549522, 3.013947;0.9543238, 0.3711221, 2.761343;0.7668732, -0.2122115, 2.858197;0.8537929, -0.1909444, 2.671953;0.9357732, 0.08283404, 2.905816;0.9054072, 0.001077598, 2.970076;0.987178, 0.0260107, 2.848502;0.8223049, -0.3798106, 3.023172;1.032393, -0.320761, 2.618033;0.9243405, -0.7176498, 3.001446;1.064669, -0.6896452, 2.625122;0.9010527, -0.7885062, 2.975902;1.039726, -0.7769771, 2.590433;
0.824088, 0.7097543, 2.90514;0.8786762, 0.5246444, 2.875812;0.9274936, 0.161007, 2.896669;0.7936041, 0.3937844, 3.018874;0.9597359, 0.4025879, 2.765306;0.7642875, -0.1819683, 2.851547;0.859861, -0.1361533, 2.67874;0.9370071, 0.08904818, 2.904196;0.9067035, 0.01363656, 2.965194;0.9873396, 0.03459083, 2.847022;0.8278782, -0.3742537, 3.019434;1.033958, -0.3121128, 2.625652;0.9285454, -0.7157624, 3.001497;1.066487, -0.6886277, 2.632197;0.9037217, -0.786456, 2.977072;1.041091, -0.7763045, 2.592884;
0.8285517, 0.7300336, 2.911963;0.8890908, 0.5553651, 2.889354;0.9288062, 0.1908581, 2.89912;0.7984697, 0.4070624, 3.021868;0.9628414, 0.416072, 2.769248;0.7658156, -0.147881, 2.851361;0.8624392, -0.1172376, 2.677802;0.9368546, 0.1181807, 2.904666;0.9063733, 0.04118369, 2.964414;0.9831907, 0.05933939, 2.845691;0.8391817, -0.3642142, 3.009533;1.035161, -0.312504, 2.629748;0.9300163, -0.7153277, 3.000347;1.067215, -0.6881624, 2.633265;0.9074238, -0.787313, 2.975868;1.041717, -0.7759342, 2.59357;
0.8408949, 0.7526164, 2.920026;0.899933, 0.5768421, 2.887806;0.9297673, 0.2031209, 2.897248;0.8023733, 0.4256135, 3.031379;0.9682695, 0.4428436, 2.770877;0.7670594, -0.1246361, 2.858334;0.8688946, -0.09384902, 2.68568;0.9364244, 0.1290295, 2.90267;0.9047147, 0.05261859, 2.96115;0.9807488, 0.07156014, 2.844296;0.8462121, -0.3642097, 3.006258;1.034621, -0.3144186, 2.638853;0.9311857, -0.7152146, 2.999482;1.070238, -0.6877866, 2.638178;0.9082063, -0.7872038, 2.975415;1.042086, -0.7755634, 2.59397;
0.8505132, 0.7686026, 2.924618;0.9061109, 0.5912613, 2.88785;0.9311244, 0.2200373, 2.895152;0.8152844, 0.4615425, 3.042689;0.9720177, 0.4522622, 2.770916;0.7742571, -0.07967227, 2.871068;0.874222, -0.03562403, 2.671165;0.9363594, 0.1459426, 2.900068;0.905021, 0.07032969, 2.957168;0.9775133, 0.0873804, 2.842312;0.8610133, -0.3644516, 3.000126;1.035682, -0.3164494, 2.645252;0.9336095, -0.7172205, 2.997041;1.071257, -0.6870404, 2.639511;0.9078325, -0.788259, 2.974909;1.042288, -0.7752946, 2.594151;
0.8599213, 0.7850477, 2.925203;0.9170476, 0.6117644, 2.890254;0.9353188, 0.2329661, 2.891972;0.817682, 0.4680438, 3.043442;0.9778697, 0.472811, 2.773169;0.7782587, -0.05375625, 2.874283;0.8768699, -0.02668189, 2.674216;0.9394418, 0.1576839, 2.896031;0.9074569, 0.07928315, 2.953482;0.9791226, 0.09948893, 2.836564;0.8711653, -0.3604009, 2.997121;1.037254, -0.3189743, 2.653567;0.9340513, -0.7182167, 2.995543;1.073104, -0.6850907, 2.643804;0.8954455, -0.7899331, 2.979253;1.042776, -0.7748058, 2.594948;
0.8640778, 0.7911341, 2.925801;0.9237643, 0.621223, 2.890995;0.9369808, 0.2402874, 2.889997;0.8222743, 0.4786283, 3.045403;0.9817334, 0.4828444, 2.774585;0.7788843, -0.05070746, 2.872913;0.8796233, -0.02104623, 2.679986;0.9401349, 0.1645446, 2.893487;0.9069868, 0.08733779, 2.950204;0.979148, 0.1077377, 2.833113;0.8780003, -0.3598388, 2.994946;1.040382, -0.3189538, 2.666284;0.9415251, -0.7229365, 2.993732;1.074779, -0.6845101, 2.646586;0.89498, -0.7897022, 2.979434;1.044033, -0.7733903, 2.596413;
0.872646, 0.8016113, 2.929088;0.9302909, 0.6338789, 2.893505;0.9388716, 0.2512215, 2.888;0.8292934, 0.4943381, 3.049831;0.9906123, 0.4967052, 2.775308;0.7793567, -0.05856884, 2.869298;0.8984411, 0.01724762, 2.683569;0.9409964, 0.1750694, 2.890552;0.9070217, 0.09795715, 2.945276;0.9789318, 0.1180437, 2.830687;0.8901783, -0.3581234, 2.991756;1.042229, -0.3162662, 2.677273;0.9414229, -0.7229029, 2.993645;1.075781, -0.6840634, 2.648327;0.8945651, -0.7895545, 2.978998;1.04469, -0.7724433, 2.597406;
0.8870879, 0.8203561, 2.931904;0.9358021, 0.6410292, 2.895878;0.9381186, 0.260793, 2.888223;0.8333067, 0.5017048, 3.054503;0.9998453, 0.5080052, 2.772605;0.787636, -0.02469702, 2.877551;0.902666, 0.02310321, 2.686266;0.9386784, 0.1854651, 2.89021;0.9018381, 0.1083424, 2.94581;0.9768978, 0.1245063, 2.828963;0.8955524, -0.3556527, 2.988613;1.043423, -0.3159393, 2.684479;0.9433787, -0.7212232, 2.991621;1.076933, -0.683617, 2.649506;0.8937137, -0.7894814, 2.979053;1.045075, -0.771458, 2.598001;
0.8875779, 0.8204566, 2.931493;0.9402786, 0.6484419, 2.898448;0.9401941, 0.2690541, 2.886414;0.8361251, 0.5063522, 3.058904;1.003871, 0.5163864, 2.775761;0.7883371, -0.0226161, 2.877655;0.9036959, 0.01747961, 2.690079;0.9402559, 0.1936555, 2.887474;0.9034156, 0.1163734, 2.94095;0.9774807, 0.133433, 2.826344;0.9038101, -0.3547433, 2.987452;1.045967, -0.3152903, 2.694055;0.9478416, -0.7236396, 2.991372;1.078724, -0.6845339, 2.652018;0.8934658, -0.7897789, 2.978846;1.0458, -0.771181, 2.599039;
0.9049938, 0.8450848, 2.938596;0.9488013, 0.6605304, 2.909142;0.9415337, 0.2739593, 2.885809;0.8470885, 0.5231934, 3.060484;1.008425, 0.5237907, 2.777459;0.7914653, -0.01355402, 2.87474;0.9073799, 0.01861805, 2.689269;0.9409037, 0.1979026, 2.88568;0.9045278, 0.1241547, 2.934684;0.9767313, 0.140247, 2.824918;0.9102565, -0.3546056, 2.986949;1.049002, -0.3166984, 2.701911;0.9474024, -0.7232925, 2.990727;1.079247, -0.6842213, 2.653312;0.8932954, -0.7906642, 2.978775;1.046172, -0.7707205, 2.600033;
0.9065347, 0.8453112, 2.938772;0.953318, 0.6654936, 2.908063;0.9426504, 0.2789081, 2.884256;0.8500822, 0.5277644, 3.062425;1.01104, 0.5257926, 2.777385;0.7945604, -0.01051559, 2.876546;0.9132288, 0.01749156, 2.688163;0.9411657, 0.202366, 2.88372;0.9045022, 0.1279058, 2.932393;0.9757783, 0.1440476, 2.823509;0.916537, -0.3545203, 2.985667;1.051716, -0.3145766, 2.709211;0.9480365, -0.7230443, 2.990398;1.081209, -0.6835071, 2.655677;0.8964001, -0.789804, 2.977528;1.04701, -0.7691231, 2.601536;
0.9099015, 0.8461401, 2.942217;0.9584153, 0.668543, 2.909045;0.9430687, 0.280637, 2.884227;0.8516577, 0.5292588, 3.064448;1.015812, 0.5288287, 2.778481;0.7939655, -0.009500864, 2.87535;0.9151207, 0.009943321, 2.687485;0.9410047, 0.2038357, 2.883448;0.9035774, 0.1292452, 2.932;0.9752967, 0.1453772, 2.823189;0.9202608, -0.3551917, 2.984237;1.053707, -0.3144896, 2.713109;0.9494456, -0.7230906, 2.9917;1.081816, -0.682912, 2.657055;0.8972396, -0.7896894, 2.977415;1.047518, -0.7683974, 2.602611;
0.9132744, 0.8487532, 2.946332;0.9611294, 0.6703719, 2.909644;0.9432952, 0.2834193, 2.884157;0.8582105, 0.5346903, 3.068459;1.018748, 0.5305581, 2.780073;0.7954171, -0.007352151, 2.877986;0.9289578, 0.03257773, 2.685414;0.9405261, 0.2067475, 2.883057;0.9026476, 0.1318374, 2.932015;0.9739844, 0.1473807, 2.822159;0.9234519, -0.3557146, 2.983863;1.05457, -0.3166559, 2.716009;0.9526548, -0.7251933, 2.991169;1.082254, -0.6828137, 2.657682;0.8984286, -0.7898201, 2.977336;1.047868, -0.7681305, 2.602872;
0.9196796, 0.848828, 2.949492;0.9665883, 0.6729046, 2.91422;0.9440786, 0.2854329, 2.884567;0.8619368, 0.535629, 3.067559;1.023056, 0.5316029, 2.781521;0.7982403, -0.007269633, 2.883105;0.9473107, 0.05975115, 2.677845;0.9406946, 0.2085696, 2.882944;0.9024676, 0.1329347, 2.931903;0.9734524, 0.1490151, 2.821318;0.9256752, -0.3559482, 2.983727;1.056117, -0.3172596, 2.719814;0.9526682, -0.7251628, 2.991184;1.082614, -0.684414, 2.658452;0.9045011, -0.7895836, 2.974247;1.048014, -0.7693843, 2.60313;
0.9207952, 0.8487918, 2.949713;0.9736812, 0.6752217, 2.918475;0.9448615, 0.286559, 2.884835;0.8656111, 0.5364355, 3.067101;1.026342, 0.5331023, 2.784163;0.7983799, -0.0061603, 2.882484;0.9496214, 0.06075546, 2.677696;0.9408373, 0.2094027, 2.882815;0.9023353, 0.1335514, 2.931609;0.9728349, 0.1502936, 2.820714;0.9300882, -0.3558795, 2.982454;1.057811, -0.3200375, 2.723243;0.9530864, -0.7251121, 2.991234;1.082771, -0.6843343, 2.659734;0.9037327, -0.7902463, 2.974033;1.048419, -0.7691004, 2.603822;
0.9224095, 0.8488718, 2.950509;0.976401, 0.6765937, 2.919861;0.9451805, 0.2869632, 2.884943;0.8671145, 0.5362625, 3.066951;1.02878, 0.5350096, 2.787033;0.7989522, -0.005469148, 2.882416;0.9522313, 0.06175309, 2.677229;0.9408308, 0.209617, 2.882748;0.901987, 0.1340941, 2.931107;0.972428, 0.1509532, 2.82058;0.9331625, -0.3557828, 2.982218;1.058316, -0.3213364, 2.725245;0.9530596, -0.7249007, 2.991969;1.084646, -0.6807181, 2.662316;0.9036338, -0.7896041, 2.974262;1.049183, -0.7646097, 2.605627;
0.9263202, 0.8507862, 2.952903;0.979365, 0.6777621, 2.923048;0.9460977, 0.2885289, 2.886084;0.8693906, 0.5367519, 3.067706;1.031279, 0.5364061, 2.788678;0.8014995, -0.004554491, 2.884242;0.9558129, 0.06214214, 2.677719;0.9410775, 0.210923, 2.883281;0.9017813, 0.1352052, 2.931527;0.9722599, 0.1515305, 2.820599;0.934189, -0.3556692, 2.981664;1.059753, -0.3229922, 2.728101;0.9526449, -0.7242679, 2.992326;1.08415, -0.6817827, 2.66376;0.9056717, -0.7893522, 2.973142;1.049225, -0.7650644, 2.605708;
0.9281334, 0.8455312, 2.953173;0.9831235, 0.6791226, 2.927332;0.9476643, 0.2901809, 2.887544;0.8714992, 0.5376758, 3.068762;1.035702, 0.537639, 2.792306;0.8034415, -0.005023815, 2.887401;0.9579695, 0.06064527, 2.677723;0.9418824, 0.2123375, 2.884017;0.9019044, 0.1358152, 2.931922;0.9725201, 0.1522436, 2.820649;0.9361604, -0.3558188, 2.981766;1.060421, -0.3252386, 2.730764;0.9532275, -0.7233469, 2.993277;1.084493, -0.6815503, 2.664811;0.9079275, -0.7892412, 2.971673;1.049391, -0.7647041, 2.60654;
0.9299557, 0.8434234, 2.954286;0.9869373, 0.6775372, 2.928916;0.9483697, 0.2902365, 2.888463;0.8735444, 0.5385178, 3.069391;1.038924, 0.5365724, 2.792692;0.8045333, -0.005315065, 2.889265;0.9448061, 0.0162023, 2.682925;0.942075, 0.2125101, 2.884603;0.9016558, 0.1361775, 2.932312;0.9725029, 0.1524182, 2.821264;0.9396878, -0.3571168, 2.982845;1.060582, -0.3264106, 2.731782;0.9529824, -0.7226645, 2.993905;1.084509, -0.681786, 2.665357;0.9083321, -0.7878175, 2.975551;1.049467, -0.765048, 2.60708;
0.9332031, 0.8421001, 2.956396;0.9896921, 0.6759456, 2.931938;0.94987, 0.2893638, 2.889595;0.8767864, 0.5403086, 3.072806;1.042763, 0.5354437, 2.793905;0.8040947, -0.007079989, 2.888647;0.9455299, 0.01589339, 2.682289;0.942938, 0.2119208, 2.885204;0.9017598, 0.1361695, 2.932307;0.9733435, 0.1521517, 2.822188;0.9431101, -0.3576304, 2.98418;1.060818, -0.3278175, 2.733084;0.9534398, -0.7221665, 2.994105;1.084574, -0.6814703, 2.666034;0.8979625, -0.7894397, 2.977769;1.049704, -0.7647094, 2.607422;
0.9353549, 0.8427137, 2.959254;0.9903679, 0.6757175, 2.933143;0.9504274, 0.289241, 2.890498;0.8772403, 0.5393082, 3.072919;1.045073, 0.535504, 2.795742;0.8039533, -0.005270392, 2.890904;0.9490736, 0.0213739, 2.681882;0.9432669, 0.2118477, 2.885846;0.9016954, 0.1362615, 2.932538;0.9737726, 0.1519872, 2.822875;0.9435474, -0.3578914, 2.984412;1.062188, -0.330218, 2.735448;0.9557157, -0.7225717, 2.996904;1.084652, -0.6818179, 2.666751;0.8973386, -0.7889364, 2.978129;1.049558, -0.7646625, 2.607508;
0.9394324, 0.8431835, 2.961215;0.992259, 0.6752535, 2.934628;0.9519477, 0.2883939, 2.892275;0.8796138, 0.5388058, 3.07529;1.046996, 0.5348246, 2.79715;0.8038927, -0.005211249, 2.89111;0.9509072, 0.02116444, 2.675222;0.9444418, 0.2110071, 2.887464;0.9021165, 0.1361052, 2.933488;0.9748678, 0.1510365, 2.82459;0.9443582, -0.3589361, 2.984771;1.062407, -0.3306731, 2.736246;0.9554462, -0.7224442, 2.996635;1.08464, -0.6818171, 2.667217;0.8976225, -0.7889481, 2.977942;1.049518, -0.7646809, 2.607822;
0.9421523, 0.8450344, 2.963054;0.9943273, 0.6766479, 2.935685;0.9527211, 0.2889493, 2.893356;0.8819696, 0.538425, 3.077696;1.050091, 0.5352578, 2.801528;0.8043514, -0.004464123, 2.893323;0.9501458, 0.01954827, 2.682706;0.9449262, 0.2114299, 2.888467;0.9022578, 0.1366722, 2.934377;0.9751455, 0.151375, 2.825588;0.9447582, -0.3591481, 2.985147;1.062325, -0.3320577, 2.737131;0.955599, -0.7225744, 2.99643;1.084655, -0.6829059, 2.668465;0.8980674, -0.7888755, 2.977608;1.050084, -0