0.9231276, 0.8811318, 2.961946;1.011892, 0.674452, 2.938943;0.9557103, 0.2824112, 2.898703;0.899433, 0.5261081, 3.108809;1.053572, 0.5240715, 2.807719;0.7974744, -0.004615534, 2.912506;0.9278654, -0.007839791, 2.682386;0.944474, 0.204003, 2.89428;0.8998856, 0.1353282, 2.946783;0.9692484, 0.1344117, 2.824292;0.9429861, -0.3638356, 2.988414;1.051276, -0.3443127, 2.74507;0.9560426, -0.7214943, 2.994335;1.077857, -0.6883631, 2.671183;0.9120816, -0.7947016, 2.976358;1.049671, -0.7763531, 2.61026;
0.9241117, 0.8794572, 2.963005;1.010798, 0.672046, 2.939296;0.9553928, 0.2809047, 2.898691;0.8991834, 0.5260138, 3.108321;1.053457, 0.5240766, 2.807952;0.8138655, -0.0009729125, 2.913785;0.9313447, -0.005483738, 2.682241;0.9442706, 0.2026321, 2.894224;0.8998511, 0.1346607, 2.946109;0.9692265, 0.1339649, 2.824814;0.9432511, -0.364475, 2.988823;1.051075, -0.3442825, 2.746783;0.9597689, -0.7249861, 2.995369;1.078409, -0.6901773, 2.671513;0.9100908, -0.7935451, 2.977076;1.049275, -0.7764084, 2.610006;
0.9244869, 0.8788856, 2.96335;1.010304, 0.6715145, 2.93991;0.9552496, 0.2800692, 2.898556;0.8991626, 0.5262654, 3.106947;1.053364, 0.5241296, 2.807966;0.8061967, -0.0005433969, 2.908899;0.9348946, 0.001566626, 2.68291;0.9441899, 0.2016519, 2.89392;0.8999954, 0.1342864, 2.944956;0.9692401, 0.1337361, 2.825025;0.9435955, -0.3650483, 2.988813;1.05115, -0.3443436, 2.746143;0.9595438, -0.7242896, 2.995812;1.078566, -0.6903818, 2.671775;0.9099168, -0.7927459, 2.977707;1.049473, -0.776938, 2.611093;
0.9247026, 0.8784059, 2.962276;1.010018, 0.6711966, 2.940123;0.9552232, 0.2800258, 2.898432;0.8988096, 0.5257331, 3.10638;1.053245, 0.5241854, 2.80785;0.8116631, -0.002903145, 2.911875;0.9384632, 0.004009791, 2.685107;0.944179, 0.2016235, 2.893752;0.8999909, 0.1341776, 2.944657;0.969252, 0.1337504, 2.824862;0.9437959, -0.3652586, 2.988652;1.051553, -0.3452247, 2.74683;0.9596621, -0.72434, 2.995935;1.07789, -0.6882321, 2.670447;0.9095837, -0.7917789, 2.978179;1.047318, -0.7755535, 2.607921;
0.9246583, 0.8795476, 2.962693;1.009432, 0.6708396, 2.940315;0.9550914, 0.2797859, 2.898267;0.8986281, 0.5256991, 3.106194;1.052849, 0.5247082, 2.80781;0.8072315, -0.009917308, 2.904458;0.9124518, -0.02614947, 2.676515;0.9441023, 0.2013972, 2.893531;0.8999906, 0.1340241, 2.943964;0.9692489, 0.1337719, 2.824837;0.9438367, -0.3656143, 2.988409;1.05178, -0.3462545, 2.745787;0.9602882, -0.725445, 2.996073;1.078156, -0.6885235, 2.670479;0.903496, -0.7890555, 2.978626;1.047987, -0.7762731, 2.609188;
0.9271731, 0.8807279, 2.960837;1.008975, 0.6708036, 2.940209;0.9548778, 0.2796451, 2.897907;0.897487, 0.524892, 3.101791;1.052674, 0.5247256, 2.80785;0.8047966, -0.01067386, 2.903746;0.9135404, -0.02774028, 2.67495;0.9439345, 0.2012429, 2.893091;0.8998283, 0.1338815, 2.943225;0.9692039, 0.1337696, 2.824649;0.9438596, -0.3656227, 2.988366;1.051562, -0.3462304, 2.745385;0.9593375, -0.7253914, 2.995433;1.078395, -0.6908081, 2.671205;0.9033231, -0.7888983, 2.978317;1.047967, -0.7762706, 2.609154;
0.9276167, 0.8813696, 2.964474;1.008962, 0.6707942, 2.940225;0.9546962, 0.2790977, 2.897553;0.897316, 0.524504, 3.10051;1.052394, 0.5248383, 2.807913;0.8037294, -0.01276516, 2.902808;0.9131567, -0.0322306, 2.676124;0.9437202, 0.2005218, 2.892591;0.8997091, 0.1333812, 2.942182;0.9691416, 0.133705, 2.824652;0.9439942, -0.3656069, 2.988348;1.051629, -0.345973, 2.745329;0.9592668, -0.7253763, 2.995464;1.078454, -0.6912208, 2.671002;0.9032132, -0.7886599, 2.97841;1.047945, -0.7763633, 2.608977;
0.9282049, 0.8809618, 2.965276;1.006903, 0.669497, 2.93972;0.9543015, 0.2784286, 2.897196;0.8980341, 0.525292, 3.094485;1.051493, 0.5250519, 2.808195;0.8029662, -0.01294627, 2.902746;0.921514, -0.02745377, 2.682882;0.9435303, 0.1999789, 2.892272;0.8998528, 0.1331899, 2.941734;0.9690132, 0.1335509, 2.824641;0.9439988, -0.3658549, 2.988331;1.05171, -0.3465655, 2.744966;0.9575627, -0.7245478, 2.99411;1.078514, -0.6918129, 2.671328;0.9035537, -0.7886758, 2.977647;1.047806, -0.7764442, 2.608857;
0.9296008, 0.8813563, 2.966004;1.006896, 0.6695278, 2.939694;0.9541636, 0.2783498, 2.896994;0.8984041, 0.5309452, 3.090138;1.051055, 0.5251286, 2.807457;0.8053638, -0.01474798, 2.904873;0.9227956, -0.03150579, 2.68427;0.9433624, 0.1998696, 2.892001;0.8997365, 0.1335876, 2.941212;0.9687119, 0.1332219, 2.824451;0.9440014, -0.3658218, 2.988254;1.051744, -0.3464025, 2.744898;0.9567127, -0.7245741, 2.99393;1.078357, -0.6919365, 2.671245;0.9036219, -0.7888227, 2.977564;1.047803, -0.7764957, 2.608877;
0.9295902, 0.8816675, 2.966606;1.005569, 0.6695135, 2.940462;0.9530807, 0.2778123, 2.897218;0.8976789, 0.5299469, 3.091016;1.050276, 0.525274, 2.807789;0.8059695, -0.01330198, 2.906308;0.9279823, -0.01862911, 2.6844;0.9423692, 0.1992827, 2.892138;0.8982344, 0.1303252, 2.940984;0.967471, 0.134504, 2.825015;0.9439293, -0.3658261, 2.988199;1.05139, -0.3476699, 2.74599;0.956185, -0.7248282, 2.993531;1.078605, -0.6914659, 2.671366;0.9033757, -0.7885666, 2.977712;1.047746, -0.7764338, 2.609077;
0.928284, 0.8822252, 2.968285;1.005718, 0.6703609, 2.94017;0.9525072, 0.278788, 2.897236;0.8966764, 0.5284989, 3.092972;1.049463, 0.5254067, 2.807286;0.804167, -0.01329362, 2.905744;0.9440588, 0.01470004, 2.690755;0.9416217, 0.2003771, 2.892241;0.897909, 0.1302601, 2.94107;0.9657497, 0.1381182, 2.825311;0.9443429, -0.3657424, 2.988809;1.051361, -0.3470938, 2.745493;0.9560889, -0.7244365, 2.99371;1.078758, -0.6914262, 2.671187;0.9042495, -0.7889829, 2.977413;1.048242, -0.7770519, 2.609376;
0.9292535, 0.8838885, 2.976625;1.005638, 0.6708985, 2.940251;0.952125, 0.2786736, 2.897187;0.8937429, 0.5283439, 3.098366;1.04881, 0.5259737, 2.807552;0.8039292, -0.0123175, 2.906061;0.9433591, 0.01530712, 2.690098;0.9411138, 0.2001129, 2.892159;0.8970252, 0.1294737, 2.940269;0.9653488, 0.1388722, 2.825949;0.9442108, -0.3656707, 2.98862;1.050655, -0.3467543, 2.745315;0.9560064, -0.7245, 2.993673;1.078632, -0.6914922, 2.671128;0.9042994, -0.7890021, 2.977703;1.048219, -0.7770549, 2.60937;
0.9283236, 0.8832654, 2.97496;1.005, 0.6707234, 2.940791;0.9514633, 0.2783674, 2.897488;0.8933229, 0.5280697, 3.098484;1.047013, 0.5251132, 2.806911;0.8047354, -0.01134749, 2.906655;0.9302293, -0.01206539, 2.684586;0.9405081, 0.1998072, 2.892411;0.8963203, 0.1279435, 2.9407;0.9648523, 0.1390655, 2.826121;0.9440914, -0.3658393, 2.988513;1.049899, -0.3453552, 2.74734;0.956627, -0.7253221, 2.993266;1.078574, -0.6908027, 2.670365;0.9006322, -0.7886938, 2.977959;1.048082, -0.7770126, 2.609207;
0.9322065, 0.8854396, 2.987581;1.004784, 0.6710749, 2.940926;0.9507917, 0.2769322, 2.896752;0.891322, 0.5256746, 3.095947;1.046091, 0.525334, 2.806749;0.8038872, -0.01099648, 2.906945;0.9398442, 0.01281764, 2.688565;0.9396726, 0.19751, 2.891253;0.8956187, 0.1256436, 2.937818;0.9648008, 0.1390285, 2.826182;0.9442584, -0.3661969, 2.988666;1.049682, -0.3451702, 2.746359;0.956594, -0.724997, 2.993229;1.078582, -0.690715, 2.670389;0.9008081, -0.7884786, 2.977774;1.048037, -0.777034, 2.609233;
0.9313053, 0.8857265, 2.976353;1.004198, 0.6715199, 2.940495;0.9497788, 0.2776035, 2.896923;0.891162, 0.525666, 3.095988;1.045854, 0.5254483, 2.807177;0.79634, -0.02552147, 2.892187;0.9375616, 0.007381499, 2.686162;0.9385521, 0.1983759, 2.891638;0.8946205, 0.1263904, 2.938124;0.9635046, 0.1403038, 2.827181;0.9437103, -0.3661176, 2.988329;1.049598, -0.3450809, 2.746682;0.9563183, -0.724594, 2.993315;1.078845, -0.690437, 2.670763;0.9007329, -0.7891832, 2.978117;1.047833, -0.7770039, 2.609104;
0.9281207, 0.8846038, 2.973361;1.004213, 0.6717202, 2.940609;0.9493208, 0.2771071, 2.89688;0.8906947, 0.5252377, 3.093797;1.045835, 0.5253292, 2.807137;0.8052613, -0.01085659, 2.900935;0.9167617, -0.03052377, 2.685252;0.9379408, 0.1976485, 2.891558;0.8939203, 0.1258498, 2.937632;0.9632243, 0.1402308, 2.827479;0.9437736, -0.366089, 2.988305;1.048872, -0.3414235, 2.745411;0.9523348, -0.7254114, 2.99118;1.078533, -0.6897657, 2.671073;0.8936955, -0.7891386, 2.98074;1.047383, -0.7764188, 2.6096;
0.9276567, 0.8856133, 2.972957;1.003322, 0.6724967, 2.940426;0.9485786, 0.2776543, 2.897156;0.8904366, 0.5253642, 3.093781;1.044829, 0.52481, 2.806531;0.8039113, -0.01254695, 2.904693;0.9335401, 0.001013249, 2.684003;0.9372547, 0.1982496, 2.891954;0.8933953, 0.1260187, 2.938364;0.9625247, 0.1405831, 2.827649;0.943841, -0.3661163, 2.988297;1.04952, -0.346159, 2.743169;0.9533064, -0.7262927, 2.992214;1.078403, -0.6898108, 2.67045;0.8978031, -0.7897068, 2.979691;1.047411, -0.7765176, 2.60936;
0.9297366, 0.8769932, 2.972875;1.003283, 0.6729766, 2.940526;0.9481516, 0.2766653, 2.896867;0.8897561, 0.5251412, 3.093008;1.044051, 0.5250255, 2.806366;0.8039184, -0.01217312, 2.905766;0.9257517, -0.01379464, 2.68157;0.9367028, 0.1966757, 2.891514;0.8929998, 0.1249426, 2.937388;0.9623313, 0.1403242, 2.827846;0.943744, -0.3661996, 2.988228;1.049653, -0.3464251, 2.743906;0.9523257, -0.7230486, 2.992581;1.078371, -0.6899714, 2.670369;0.8978879, -0.7892714, 2.977822;1.047558, -0.7769663, 2.60911;
0.9292679, 0.8769361, 2.972486;1.002562, 0.6725824, 2.940283;0.9476383, 0.2754523, 2.896392;0.8889651, 0.5241525, 3.091085;1.043302, 0.525251, 2.806322;0.8037654, -0.01157175, 2.906573;0.9254656, -0.01405791, 2.681547;0.9363506, 0.1954725, 2.891063;0.892839, 0.124133, 2.936843;0.962168, 0.1397304, 2.827791;0.9436595, -0.366139, 2.988226;1.049905, -0.3465806, 2.743491;0.9530161, -0.7218079, 2.993461;1.077972, -0.6902122, 2.670134;0.8998527, -0.7884972, 2.977717;1.047484, -0.7769727, 2.60902;
0.9311145, 0.8703466, 2.970747;1.001857, 0.6727427, 2.940668;0.9471848, 0.2764424, 2.896553;0.8881705, 0.5234802, 3.090816;1.04293, 0.5250513, 2.805722;0.8025956, -0.01153585, 2.906898;0.9247963, -0.01265986, 2.682307;0.9359592, 0.1969125, 2.891211;0.8925949, 0.1244483, 2.937205;0.9618365, 0.140241, 2.827378;0.9434111, -0.3659579, 2.988168;1.049718, -0.3461441, 2.743175;0.9532793, -0.7215266, 2.993761;1.077371, -0.6891169, 2.66983;0.9005171, -0.7882393, 2.978264;1.045949, -0.775216, 2.605868;
0.9319162, 0.864521, 2.970154;1.001497, 0.6727765, 2.940722;0.9463254, 0.2751632, 2.896436;0.888361, 0.5233132, 3.090106;1.042414, 0.5252395, 2.805734;0.8022499, -0.009672429, 2.902553;0.9255036, -0.009108707, 2.680768;0.9350337, 0.1952406, 2.891063;0.8921793, 0.1238224, 2.936754;0.9610201, 0.1396183, 2.827908;0.943143, -0.3657613, 2.987837;1.049443, -0.3456014, 2.74421;0.9515684, -0.7215008, 2.992331;1.077431, -0.6891918, 2.669921;0.9000293, -0.788182, 2.978447;1.046321, -0.7754903, 2.60611;
0.9335037, 0.8600779, 2.970588;1.001259, 0.6728169, 2.940739;0.9460213, 0.2750172, 2.896377;0.8879865, 0.5231485, 3.090044;1.042275, 0.5252858, 2.805788;0.8005212, -0.008269731, 2.900521;0.9273396, -0.00620079, 2.680471;0.9347568, 0.1950941, 2.891001;0.8917226, 0.1236992, 2.93653;0.9608383, 0.139593, 2.827974;0.9430927, -0.3655593, 2.9879;1.049496, -0.3455843, 2.744436;0.9547006, -0.7220169, 2.994542;1.077991, -0.6892834, 2.670267;0.9009154, -0.7886161, 2.978307;1.046301, -0.7755443, 2.605999;
0.9332612, 0.8610646, 2.9704;1.000868, 0.6729208, 2.940249;0.9456108, 0.2759179, 2.896448;0.8878611, 0.5230429, 3.088948;1.042104, 0.5252504, 2.805599;0.7995516, -0.007763837, 2.902103;0.9270408, -0.007697165, 2.680934;0.934321, 0.1964157, 2.89127;0.8912816, 0.1243989, 2.937355;0.9603794, 0.1399951, 2.827812;0.9430623, -0.365597, 2.987958;1.049441, -0.3458704, 2.745156;0.9545957, -0.7219995, 2.994678;1.079764, -0.691532, 2.671547;0.9007158, -0.788777, 2.979135;1.04625, -0.775402, 2.60575;
0.9315845, 0.8611152, 2.969048;1.000783, 0.6730345, 2.940876;0.9454452, 0.2758282, 2.896646;0.8877324, 0.5229563, 3.088763;1.041643, 0.5257436, 2.805598;0.7973213, -0.007154897, 2.902619;0.9266962, -0.00724528, 2.680105;0.9341574, 0.1963055, 2.891425;0.8910978, 0.1241672, 2.937502;0.9600779, 0.1399902, 2.827967;0.9429953, -0.3654343, 2.987904;1.049308, -0.3466428, 2.74645;0.9559695, -0.7249817, 2.995235;1.079635, -0.6917558, 2.671408;0.9010819, -0.78879, 2.98;1.04694, -0.7763408, 2.607511;
0.929984, 0.8611521, 2.968821;1.000114, 0.6724267, 2.940555;0.9453591, 0.2757364, 2.896654;0.8879514, 0.5244859, 3.088348;1.041087, 0.5257495, 2.805063;0.7979988, -0.01288476, 2.897403;0.926526, -0.007152066, 2.680454;0.9341305, 0.1962674, 2.891451;0.891113, 0.1240989, 2.937581;0.9599645, 0.1398951, 2.827968;0.9426227, -0.3652406, 2.987753;1.049262, -0.3463666, 2.746546;0.9559678, -0.7248901, 2.995324;1.078963, -0.6919343, 2.670486;0.8988982, -0.7883886, 2.980113;1.046798, -0.7763047, 2.607435;
0.9294555, 0.8618565, 2.968395;0.9996676, 0.6722378, 2.940207;0.9447296, 0.2752707, 2.896598;0.8878838, 0.5246332, 3.088037;1.039927, 0.5253395, 2.804053;0.7975249, -0.009467937, 2.90228;0.9252695, -0.0105293, 2.682173;0.9335047, 0.1957624, 2.89147;0.8907574, 0.1238778, 2.937592;0.9590799, 0.1395476, 2.8282;0.9422656, -0.3650572, 2.987665;1.049088, -0.3454996, 2.748088;0.9554195, -0.7249634, 2.994763;1.078971, -0.6916021, 2.670473;0.8985758, -0.7883312, 2.980173;1.046891, -0.7765341, 2.607581;
0.9275535, 0.8618649, 2.966921;0.9994826, 0.672373, 2.939974;0.944658, 0.2753035, 2.896573;0.8877366, 0.524427, 3.087874;1.039933, 0.5252984, 2.803432;0.7977265, -0.008796725, 2.902296;0.9245397, -0.01188711, 2.6821;0.93346, 0.195786, 2.891468;0.8906168, 0.1237719, 2.937712;0.9590033, 0.1395123, 2.828101;0.9421692, -0.3649488, 2.987545;1.049052, -0.3449973, 2.745971;0.9509303, -0.7235299, 2.992806;1.078839, -0.6917171, 2.670583;0.9000279, -0.7886191, 2.980654;1.046921, -0.7765872, 2.607675;
0.9271687, 0.8622938, 2.966156;0.9993035, 0.6722724, 2.939736;0.9445663, 0.2759345, 2.896616;0.88761, 0.5243318, 3.08767;1.0399, 0.5253498, 2.803417;0.7987998, -0.008339762, 2.903747;0.9253422, -0.01119816, 2.682055;0.933419, 0.1967953, 2.891627;0.89055, 0.1241514, 2.938164;0.9589, 0.1399469, 2.827923;0.9418489, -0.3646537, 2.987309;1.048, -0.34349, 2.746282;0.9583676, -0.7271338, 2.996623;1.078267, -0.6924834, 2.669232;0.9010612, -0.7877594, 2.980545;1.046965, -0.7767907, 2.608089;
0.9275513, 0.8631761, 2.966127;0.9985639, 0.6720744, 2.939019;0.9441152, 0.2748276, 2.896076;0.8875542, 0.5241563, 3.086725;1.039567, 0.525259, 2.80326;0.7990829, -0.007880837, 2.904342;0.9256898, -0.009596035, 2.68141;0.9330431, 0.1953675, 2.891093;0.890387, 0.123596, 2.937605;0.9587281, 0.1393961, 2.82792;0.9418068, -0.3648491, 2.987262;1.047913, -0.3432604, 2.746566;0.9572989, -0.7270798, 2.995414;1.078836, -0.6928319, 2.670132;0.8951912, -0.7900001, 2.981204;1.04677, -0.776647, 2.60768;
0.9255446, 0.8626999, 2.964674;0.9974609, 0.6715034, 2.938161;0.9436093, 0.2743039, 2.895906;0.8882772, 0.5269244, 3.08631;1.039269, 0.5251471, 2.803066;0.7985277, -0.002947062, 2.908643;0.9264961, -0.009807259, 2.68262;0.9326414, 0.1948563, 2.891018;0.890274, 0.1235368, 2.93744;0.9582212, 0.1391013, 2.828264;0.9418095, -0.3648536, 2.987258;1.048409, -0.3442098, 2.744933;0.9569888, -0.7266549, 2.995098;1.078652, -0.6928117, 2.670225;0.8953207, -0.7900049, 2.981129;1.046822, -0.7766487, 2.60774;
0.9241432, 0.8631716, 2.962927;0.9964679, 0.6716504, 2.938022;0.9431778, 0.2755286, 2.895907;0.888676, 0.5286329, 3.08568;1.039004, 0.5254533, 2.803065;0.7979721, -0.003591606, 2.906167;0.930332, 0.0003075078, 2.683341;0.9323475, 0.1964748, 2.891068;0.8902727, 0.1244479, 2.937717;0.9577504, 0.1400255, 2.82793;0.9414179, -0.364514, 2.98697;1.04866, -0.342555, 2.744632;0.9563909, -0.7261228, 2.994994;1.07829, -0.6926999, 2.669698;0.8966237, -0.7892864, 2.980226;1.046661, -0.7765874, 2.607616;
0.9244452, 0.864082, 2.963588;0.9963343, 0.6717493, 2.937952;0.9427122, 0.2766771, 2.896079;0.8892416, 0.530691, 3.085581;1.038873, 0.5254993, 2.802922;0.8035266, -0.02583559, 2.909299;0.9298736, -0.0006350055, 2.683125;0.9318326, 0.1979276, 2.891345;0.8898778, 0.1257708, 2.938241;0.9569772, 0.1409404, 2.827929;0.9413302, -0.3644171, 2.986912;1.048521, -0.3406756, 2.743333;0.9544545, -0.7260501, 2.994089;1.07799, -0.6932549, 2.669086;0.897435, -0.7915159, 2.982807;1.046939, -0.7772583, 2.608016;
0.9231303, 0.8640978, 2.962204;0.9958267, 0.6716584, 2.937739;0.9425383, 0.2770917, 2.896179;0.8894742, 0.5317481, 3.084626;1.038954, 0.5254533, 2.802634;0.7978961, -0.01338623, 2.913741;0.9301795, 0.001550928, 2.682848;0.9317175, 0.198483, 2.891524;0.8897715, 0.1260815, 2.938659;0.956882, 0.141057, 2.827881;0.9410295, -0.3643126, 2.986704;1.048426, -0.3414785, 2.742645;0.9544377, -0.7259017, 2.994246;1.077602, -0.6928518, 2.669308;0.8961718, -0.7909992, 2.982383;1.047113, -0.7771752, 2.608686;
0.9227627, 0.8644989, 2.962478;0.9955199, 0.6714723, 2.937231;0.9424992, 0.2771474, 2.896138;0.887019, 0.5273566, 3.08249;1.038607, 0.5253397, 2.802344;0.7979785, -0.01192271, 2.911016;0.9294601, 0.001474574, 2.682638;0.9317005, 0.1985449, 2.891511;0.8896977, 0.1260113, 2.938765;0.956861, 0.1410831, 2.827769;0.9409425, -0.3641305, 2.986724;1.048143, -0.3410371, 2.742197;0.9572754, -0.7279977, 2.994315;1.077462, -0.692304, 2.668624;0.8927842, -0.7910839, 2.982296;1.047083, -0.7771743, 2.608317;
0.9228718, 0.8648567, 2.960936;0.9952767, 0.6714995, 2.937974;0.9423962, 0.2769878, 2.896131;0.887682, 0.5293311, 3.082511;1.037911, 0.5258573, 2.802181;0.7997396, -0.01098532, 2.907934;0.9224765, -0.01393284, 2.679951;0.9315901, 0.1982801, 2.891414;0.8896829, 0.1259056, 2.938642;0.9566634, 0.1409324, 2.827624;0.9408773, -0.3640543, 2.986626;1.047977, -0.3408861, 2.743355;0.9577017, -0.7289939, 2.994435;1.077681, -0.692641, 2.668316;0.8908498, -0.7910925, 2.982455;1.047003, -0.7773964, 2.60832;
0.9225257, 0.8651038, 2.960808;0.9952723, 0.6715133, 2.938051;0.9422506, 0.2767392, 2.896131;0.8898391, 0.533962, 3.080515;1.03755, 0.5260053, 2.801918;0.7997094, -0.01089497, 2.907726;0.9223554, -0.01366035, 2.679653;0.931397, 0.1978773, 2.891366;0.8898005, 0.1257666, 2.938248;0.9559928, 0.1407154, 2.82797;0.9405766, -0.363605, 2.986385;1.047843, -0.3409965, 2.743128;0.957193, -0.7275459, 2.994499;1.078146, -0.6928564, 2.668872;0.9010661, -0.7907524, 2.977302;1.047149, -0.7774166, 2.60828;
0.922, 0.8654029, 2.961119;0.9946955, 0.6713744, 2.937945;0.9417633, 0.2756747, 2.895866;0.8898259, 0.5339623, 3.08051;1.037352, 0.5260034, 2.801896;0.798327, -0.009554294, 2.905535;0.934804, 0.0152197, 2.68389;0.9309689, 0.1964781, 2.891047;0.889607, 0.1252167, 2.937589;0.9558142, 0.1403529, 2.828166;0.9403066, -0.363373, 2.986211;1.047716, -0.340513, 2.743879;0.9558799, -0.7263517, 2.994563;1.078074, -0.6927879, 2.668666;0.9010103, -0.7905608, 2.977582;1.049747, -0.7788037, 2.611742;
0.9213214, 0.8655044, 2.960409;0.9946918, 0.6714246, 2.937912;0.9417368, 0.2762816, 2.895683;0.8874063, 0.5304147, 3.078964;1.036982, 0.5259504, 2.801817;0.7987031, -0.0098188, 2.905366;0.9292168, 0.00105992, 2.680104;0.930962, 0.1972834, 2.890821;0.889523, 0.1252932, 2.937661;0.9557598, 0.1407359, 2.827209;0.9402493, -0.3633528, 2.986195;1.047645, -0.3403164, 2.743468;0.9542814, -0.7268009, 2.994324;1.078291, -0.6927242, 2.6692;0.9015728, -0.7911245, 2.983855;1.048969, -0.7782925, 2.61065;
0.9216977, 0.8657241, 2.957688;0.9944206, 0.6712216, 2.936932;0.9416345, 0.2764279, 2.895498;0.8870172, 0.5274889, 3.078769;1.036808, 0.5259208, 2.801838;0.7978968, -0.01201622, 2.904272;0.9281319, -0.0002691671, 2.67934;0.9308852, 0.197465, 2.890708;0.8894714, 0.1252867, 2.937714;0.9555492, 0.1407104, 2.826808;0.940134, -0.3634425, 2.986093;1.047712, -0.3408113, 2.743033;0.9547509, -0.7258664, 2.994813;1.078183, -0.6927357, 2.668769;0.9016294, -0.7905539, 2.983017;1.047835, -0.7775869, 2.60878;
0.921306, 0.8660984, 2.957395;0.9942911, 0.6712541, 2.936775;0.9415141, 0.2768057, 2.895647;0.8883817, 0.5332415, 3.083622;1.036572, 0.5259279, 2.801945;0.7969282, -0.01191194, 2.906176;0.9277722, -0.0005839244, 2.679137;0.9307775, 0.1980013, 2.890995;0.8894402, 0.1256421, 2.938314;0.9553459, 0.1409181, 2.826893;0.9401577, -0.3634918, 2.986198;1.04778, -0.3412479, 2.742435;0.9541947, -0.7239863, 2.993935;1.078283, -0.6925733, 2.668786;0.8979003, -0.7879765, 2.980268;1.0477, -0.7775885, 2.608347;
0.9201075, 0.8659549, 2.956284;0.9938424, 0.6712107, 2.937546;0.9413877, 0.2771602, 2.895753;0.8885898, 0.5334842, 3.083667;1.036308, 0.5258741, 2.801564;0.7969557, -0.009900682, 2.907052;0.9273928, -0.0008811355, 2.678904;0.9306934, 0.1984678, 2.891028;0.8894507, 0.1259857, 2.938384;0.9551551, 0.1411584, 2.826727;0.9401566, -0.3634963, 2.986195;1.047766, -0.3416573, 2.741745;0.9541167, -0.7239388, 2.994013;1.078042, -0.6928659, 2.668056;0.8980522, -0.7881431, 2.980438;1.047524, -0.7775339, 2.60825;
0.919996, 0.8665593, 2.956625;0.9932644, 0.6711685, 2.937099;0.9411973, 0.2774341, 2.89575;0.8886505, 0.5336195, 3.083563;1.03603, 0.5255919, 2.801394;0.7956626, -0.008477304, 2.903142;0.926838, -0.001852915, 2.678687;0.9305503, 0.1988161, 2.89109;0.8893689, 0.126355, 2.938568;0.9549831, 0.1413462, 2.826756;0.9396384, -0.3633029, 2.986074;1.047487, -0.3417674, 2.741462;0.9544067, -0.7236112, 2.994287;1.078146, -0.6929599, 2.668123;0.9012882, -0.7867026, 2.97738;1.047278, -0.7772889, 2.608048;
0.9200354, 0.8665227, 2.954693;0.9928563, 0.670921, 2.93707;0.9411882, 0.2774353, 2.895686;0.8888038, 0.533901, 3.083184;1.035949, 0.5255123, 2.800966;0.7956686, -0.008952204, 2.902259;0.9251331, 0.007953353, 2.668619;0.9305823, 0.1988339, 2.891;0.8894075, 0.1263761, 2.938526;0.9550535, 0.1412237, 2.826466;0.9392236, -0.3628114, 2.985953;1.047001, -0.3410901, 2.740569;0.954407, -0.7235849, 2.994417;1.078687, -0.6922171, 2.668383;0.897859, -0.7875043, 2.979086;1.046282, -0.7766367, 2.606334;
0.9197847, 0.8667022, 2.954349;0.9921226, 0.6705734, 2.93628;0.9411461, 0.277683, 2.895561;0.888449, 0.5337805, 3.083102;1.035731, 0.5257091, 2.801118;0.7948653, -0.008205961, 2.902005;0.9248185, -0.005419672, 2.679796;0.9306333, 0.1992226, 2.890918;0.8894509, 0.1265461, 2.938532;0.9551161, 0.1414422, 2.826391;0.9385945, -0.3623115, 2.985641;1.046085, -0.3400158, 2.738527;0.9565684, -0.7236158, 2.995821;1.077996, -0.6917729, 2.668125;0.8982122, -0.7874964, 2.979149;1.046287, -0.7766433, 2.606335;
0.9182153, 0.8667698, 2.955174;0.9908748, 0.6701236, 2.934896;0.9411107, 0.2777418, 2.895525;0.8878077, 0.5343773, 3.084;1.035511, 0.5258785, 2.800957;0.79352, -0.007623732, 2.901157;0.9283453, 0.005033493, 2.680888;0.9306562, 0.199325, 2.890942;0.8895066, 0.1266511, 2.938571;0.9552188, 0.1416289, 2.826593;0.9372535, -0.3616483, 2.985059;1.044499, -0.3394029, 2.736554;0.9595178, -0.7283537, 2.996701;1.077847, -0.6914108, 2.667727;0.8968858, -0.787007, 2.980439;1.045913, -0.7766519, 2.605953;
0.9173838, 0.8667968, 2.95639;0.9887863, 0.6690821, 2.933414;0.9410062, 0.2778001, 2.895541;0.8857262, 0.5336704, 3.083103;1.034944, 0.525961, 2.800309;0.7919399, -0.01138156, 2.899008;0.9329534, 0.01415408, 2.681778;0.9306409, 0.1994716, 2.891081;0.8894534, 0.1267865, 2.938927;0.9553586, 0.1416562, 2.826787;0.9354717, -0.3615767, 2.985017;1.041948, -0.3345277, 2.732965;0.9594958, -0.7289359, 2.996309;1.0778, -0.6913371, 2.66789;0.8961924, -0.7872613, 2.980721;1.046003, -0.7767313, 2.605899;
0.9048705, 0.8625027, 2.947223;0.980149, 0.6667235, 2.930578;0.9406635, 0.2781076, 2.896149;0.8749908, 0.5282369, 3.08558;1.033344, 0.5256339, 2.798865;0.7906747, -0.01444975, 2.896782;0.9326464, 0.01592468, 2.681141;0.9309219, 0.2002152, 2.892492;0.8896374, 0.126626, 2.941861;0.957019, 0.1417853, 2.828321;0.9259159, -0.3606787, 2.985017;1.038535, -0.3390365, 2.723908;0.9571664, -0.7280548, 2.99545;1.077227, -0.6913176, 2.666734;0.8987032, -0.7874759, 2.980875;1.046187, -0.7766934, 2.605896;
0.9017318, 0.8627663, 2.947358;0.9770288, 0.6661473, 2.926525;0.9406711, 0.2782316, 2.896608;0.8700238, 0.5276625, 3.090071;1.031906, 0.5254306, 2.797464;0.7869545, -0.01299264, 2.896613;0.928165, 0.01905793, 2.673715;0.9316868, 0.200608, 2.894184;0.8903531, 0.1268792, 2.944003;0.9600092, 0.1419273, 2.832498;0.9169307, -0.3588837, 2.985834;1.033994, -0.3328597, 2.7162;0.9560151, -0.7301486, 2.994532;1.077178, -0.6911652, 2.666664;0.8967432, -0.7887802, 2.980786;1.046147, -0.7766316, 2.605714;
0.8935609, 0.8549191, 2.944647;0.9688958, 0.6577407, 2.921661;0.9404429, 0.2767458, 2.897939;0.861817, 0.5228587, 3.088468;1.025498, 0.521129, 2.792268;0.7869196, -0.01378195, 2.897412;0.924889, 0.01310541, 2.674251;0.9325612, 0.1992931, 2.896605;0.8915588, 0.1226956, 2.95079;0.9627259, 0.1393017, 2.834444;0.9051003, -0.3554145, 2.987833;1.031742, -0.3311135, 2.705982;0.9552279, -0.729839, 2.99402;1.077139, -0.6910794, 2.666563;0.8977545, -0.7887704, 2.980376;1.046253, -0.7766367, 2.605637;
0.8857024, 0.847979, 2.940062;0.9605505, 0.6531119, 2.918386;0.9401269, 0.2736546, 2.899939;0.855041, 0.5153205, 3.085113;1.02181, 0.5161161, 2.788872;0.7834672, -0.02055793, 2.899083;0.9172607, 0.00423827, 2.688533;0.9339668, 0.196109, 2.899865;0.8932222, 0.1186085, 2.955913;0.9671989, 0.1339041, 2.837781;0.8963304, -0.3555547, 2.993055;1.02934, -0.3308309, 2.693777;0.9431065, -0.7226086, 2.996896;1.077098, -0.6906528, 2.665975;0.8994597, -0.7914106, 2.979596;1.046167, -0.7761334, 2.604775;
0.8748406, 0.8366072, 2.940355;0.9455976, 0.6419659, 2.915005;0.9399317, 0.2700113, 2.902367;0.8512896, 0.5121133, 3.084571;1.012516, 0.5054776, 2.788524;0.7409758, -0.01987412, 2.914298;0.9114463, 0.006652206, 2.676507;0.9359173, 0.1931211, 2.90333;0.8978732, 0.1147225, 2.961253;0.970608, 0.1296818, 2.841158;0.8786634, -0.3558078, 2.997897;1.02809, -0.3269212, 2.677533;0.9424946, -0.7225932, 2.997;1.076103, -0.6879286, 2.661863;0.9007163, -0.7926153, 2.98031;1.046114, -0.775919, 2.60363;
0.8662168, 0.8227203, 2.941649;0.9369369, 0.6297016, 2.91122;0.9389445, 0.2575697, 2.907595;0.8370342, 0.4927076, 3.077723;1.001059, 0.4922656, 2.788406;0.7867488, -0.05360003, 2.881821;0.9051746, -0.01617722, 2.695607;0.9378515, 0.181819, 2.910357;0.9012759, 0.1036317, 2.970245;0.9746968, 0.1175271, 2.8481;0.8703431, -0.3567852, 3.00347;1.027988, -0.3238202, 2.673533;0.9431443, -0.7280919, 2.995983;1.074385, -0.6899064, 2.655556;0.8939992, -0.7927492, 2.978243;1.046225, -0.7759194, 2.603264;
0.842627, 0.7975308, 2.932533;0.9228435, 0.6104186, 2.905834;0.9381484, 0.2403903, 2.913413;0.8261155, 0.4700935, 3.072866;0.9893081, 0.4675805, 2.784175;0.7927541, -0.05951197, 2.882586;0.8925616, -0.04091952, 2.701297;0.940271, 0.1650253, 2.918487;0.905643, 0.09017356, 2.977852;0.9796389, 0.1003988, 2.859186;0.8603896, -0.3566096, 3.009015;1.027032, -0.3217772, 2.665176;0.9359952, -0.7234162, 2.996094;1.072564, -0.6905443, 2.649346;0.8924351, -0.7910801, 2.975646;1.045545, -0.7757627, 2.602284;
0.8374506, 0.7694963, 2.930342;0.9146149, 0.582392, 2.90046;0.9398168, 0.2222761, 2.917248;0.8173281, 0.4393197, 3.060834;0.984371, 0.4565627, 2.782125;0.7849291, -0.0943118, 2.867079;0.8840792, -0.07489191, 2.719033;0.9439841, 0.1492571, 2.923729;0.9115725, 0.07060759, 2.987124;0.985581, 0.08545595, 2.864167;0.8523321, -0.357272, 3.017015;1.027992, -0.3175332, 2.659044;0.9342817, -0.7222936, 2.995241;1.071621, -0.6918901, 2.645959;0.8914638, -0.7901664, 2.974345;1.046066, -0.7764314, 2.602962;
0.8160485, 0.7395394, 2.910881;0.9048139, 0.5613279, 2.897178;0.9383224, 0.2040926, 2.917617;0.8071843, 0.4148522, 3.051895;0.9754457, 0.4247314, 2.779411;0.7863058, -0.1350676, 2.843303;0.8861243, -0.09170698, 2.684335;0.9444303, 0.1324115, 2.924982;0.9121989, 0.05714048, 2.987995;0.9886688, 0.0695112, 2.866318;0.8462691, -0.3587963, 3.021973;1.03213, -0.3156546, 2.641083;0.9315546, -0.7243792, 2.99499;1.071189, -0.6941209, 2.640019;0.8889202, -0.7917498, 2.97269;1.045678, -0.7766311, 2.602283;
0.8161044, 0.7060824, 2.908486;0.8889326, 0.5204961, 2.885242;0.9331411, 0.1559994, 2.919558;0.7937556, 0.3657222, 3.036057;0.9692564, 0.404183, 2.777796;0.7814934, -0.1765991, 2.839887;0.8875285, -0.09941645, 2.683356;0.94204, 0.08257003, 2.930167;0.9086151, 0.005755452, 2.995294;0.9919654, 0.02711931, 2.87403;0.8309948, -0.4009186, 3.035757;1.033426, -0.3238591, 2.627803;0.9277137, -0.721475, 3.000244;1.069731, -0.6945986, 2.635565;0.8835267, -0.7935911, 2.97492;1.045992, -0.7773634, 2.602949;
0.7974717, 0.6766851, 2.903901;0.8778579, 0.4959576, 2.884089;0.9305012, 0.1415075, 2.920298;0.7896124, 0.3506256, 3.030353;0.963496, 0.3742478, 2.773654;0.7803035, -0.2174247, 2.849139;0.8610381, -0.1996359, 2.693957;0.9406019, 0.07014942, 2.931051;0.9073813, -0.003440136, 2.995807;0.992385, 0.01103831, 2.876154;0.8196559, -0.405999, 3.045068;1.034838, -0.326014, 2.619788;0.9263103, -0.7209448, 3.000266;1.069144, -0.6928037, 2.630087;0.8836859, -0.7936761, 2.97478;1.045392, -0.7774864, 2.602167;
0.7948799, 0.6368035, 2.901431;0.8693923, 0.4544506, 2.880322;0.9451331, 0.1071118, 2.907021;0.7744496, 0.2887932, 3.023002;0.9559801, 0.3434279, 2.763144;0.7762183, -0.2189345, 2.833612;0.8713334, -0.2366049, 2.682552;0.9608922, 0.03610054, 2.915354;0.9346367, -0.04764553, 2.970708;1.013486, -0.008659926, 2.866122;0.8042213, -0.4303059, 3.054275;1.036859, -0.3399438, 2.600943;0.9171249, -0.70882, 3.007648;1.068519, -0.693171, 2.625587;0.8855883, -0.7939515, 2.975937;1.043586, -0.7787852, 2.598882;
0.7756789, 0.598519, 2.883178;0.8671274, 0.4276191, 2.87599;0.947548, 0.07391328, 2.90609;0.7721299, 0.2685686, 3.015506;0.949316, 0.312487, 2.759262;0.7715199, -0.2499109, 2.85056;0.8711622, -0.2596992, 2.681968;0.9637473, 0.003959699, 2.915651;0.9359397, -0.07259242, 2.969308;1.018723, -0.0363581, 2.869267;0.7922793, -0.4474624, 3.060228;1.040242, -0.3509649, 2.584756;0.9144186, -0.7058033, 3.008275;1.066713, -0.6960061, 2.620236;0.8872356, -0.7904232, 2.976107;1.043191, -0.7792264, 2.598366;
0.7717077, 0.5649915, 2.883216;0.8595995, 0.3913341, 2.864706;0.9443395, 0.04706449, 2.900444;0.766708, 0.2327674, 3.001819;0.9461262, 0.270331, 2.753445;0.7724814, -0.2868491, 2.867893;0.8707433, -0.2676603, 2.68279;0.9611192, -0.02235266, 2.910861;0.9324402, -0.09616083, 2.964999;1.018331, -0.06819391, 2.865083;0.7807496, -0.4611192, 3.074705;1.042226, -0.3642436, 2.561683;0.9111819, -0.7044708, 3.010375;1.065995, -0.6956716, 2.614511;0.8876159, -0.7898689, 2.976245;1.042248, -0.7792495, 2.596663;
0.7517463, 0.5198457, 2.874676;0.846094, 0.351331, 2.859611;0.9363477, 0.02166472, 2.896401;0.7616986, 0.2061862, 2.995159;0.939849, 0.2478311, 2.749518;0.8208613, -0.2936104, 2.772832;0.8630554, -0.2894734, 2.698161;0.9543005, -0.04443735, 2.907276;0.9247088, -0.1189336, 2.964161;1.014399, -0.08774818, 2.859788;0.7575516, -0.4773734, 3.0708;1.042484, -0.3725041, 2.546563;0.9108394, -0.7101035, 3.010414;1.06587, -0.6958727, 2.611306;0.8876646, -0.7896674, 2.976247;1.039712, -0.7797627, 2.593236;
0.7541252, 0.4813317, 2.859063;0.8485113, 0.3152716, 2.851336;0.9357233, -0.006464439, 2.891879;0.7550814, 0.1616239, 2.984696;0.9390576, 0.2143985, 2.741724;0.8173063, -0.3204023, 2.776397;0.8652173, -0.3501057, 2.6717;0.9532354, -0.07089464, 2.903437;0.922407, -0.1485283, 2.962048;1.015691, -0.1153028, 2.855682;0.7307413, -0.4877012, 3.084526;1.042514, -0.3845555, 2.529246;0.9102689, -0.7112716, 3.010908;1.065698, -0.6956019, 2.608968;0.8857821, -0.7870336, 2.977531;1.039109, -0.7791039, 2.591928;
0.7447838, 0.4438682, 2.847858;0.834105, 0.271098, 2.847554;0.909162, -0.07057673, 2.880284;0.7494349, 0.1329534, 2.976653;0.9325132, 0.177219, 2.741227;0.8565137, -0.3832334, 2.670347;0.8669511, -0.35648, 2.670886;0.9242765, -0.1385956, 2.890388;0.8917999, -0.2122788, 2.939686;0.9824052, -0.1803532, 2.849156;0.6997049, -0.5195909, 3.121059;1.048025, -0.398118, 2.491249;0.9112149, -0.7159246, 3.011591;1.065236, -0.6980559, 2.605401;0.8861135, -0.7867193, 2.978413;1.038449, -0.7786934, 2.591185;
0.7450492, 0.4238267, 2.842505;0.8353551, 0.2569284, 2.840807;0.9106112, -0.07900842, 2.88045;0.7488819, 0.1066841, 2.971789;0.9279569, 0.1423188, 2.73595;0.8559719, -0.4006982, 2.675988;0.8449878, -0.4189261, 2.694465;0.9257604, -0.146601, 2.891549;0.8934581, -0.2216603, 2.944245;0.9842393, -0.1886256, 2.849299;0.69096, -0.5222428, 3.12344;1.043775, -0.3986572, 2.48676;0.9108726, -0.718019, 3.011072;1.063503, -0.7042663, 2.604887;0.8864255, -0.7890867, 2.978481;1.037688, -0.7807105, 2.590732;
0.73807, 0.3756866, 2.830022;0.8351992, 0.2140842, 2.839624;0.9022087, -0.1264129, 2.880963;0.7470987, 0.07291308, 2.96887;0.9265699, 0.1173313, 2.731909;0.862393, -0.4215233, 2.664088;0.8593529, -0.4464057, 2.682627;0.9155405, -0.1943512, 2.892766;0.8837151, -0.2734498, 2.947998;0.9711689, -0.2378946, 2.849205;0.6617432, -0.5471969, 3.142607;1.040332, -0.4036385, 2.466519;0.9086017, -0.7148644, 3.014009;1.061485, -0.7086809, 2.604561;0.8845591, -0.7873798, 2.985092;1.036431, -0.7850206, 2.589822;
0.7366986, 0.3512984, 2.824174;0.8310885, 0.1867985, 2.830178;0.9068168, -0.1355557, 2.880777;0.7421138, 0.0413572, 2.961863;0.9252228, 0.07809585, 2.726559;0.8661336, -0.4541495, 2.683301;0.8512623, -0.4804091, 2.690521;0.9214127, -0.2019307, 2.89363;0.8889426, -0.2792508, 2.951773;0.9827602, -0.2478789, 2.849065;0.6616412, -0.5535308, 3.137536;1.034456, -0.407572, 2.462186;0.9116897, -0.7187334, 3.013389;1.060191, -0.7109858, 2.60397;0.8828405, -0.7893484, 2.984865;1.036131, -0.7873467, 2.589053;
0.7346098, 0.3152558, 2.824044;0.829204, 0.1508263, 2.821917;0.9472624, -0.174078, 2.890588;0.7432409, 0.0151526, 2.9566;0.9275532, 0.06666796, 2.724767;0.7739785, -0.5243186, 2.841961;0.8582952, -0.5254948, 2.668585;0.9709357, -0.2378823, 2.908094;0.9509937, -0.3204075, 2.96372;1.033869, -0.2712283, 2.874615;0.6436509, -0.5224415, 3.124764;1.021069, -0.4039474, 2.475234;0.9126829, -0.7265953, 3.011679;1.05897, -0.7129711, 2.60427;0.8799285, -0.7947752, 2.982241;1.035707, -0.7890054, 2.587974;
0.7340703, 0.3083393, 2.823271;0.8244826, 0.1297527, 2.818087;0.8929327, -0.2069444, 2.871927;0.7413754, 0.0009811381, 2.954315;0.924686, 0.03251603, 2.722621;0.7799173, -0.5089361, 2.848169;0.8581311, -0.5285702, 2.668185;0.9071049, -0.2721314, 2.886569;0.8777429, -0.3487404, 2.938211;0.961803, -0.3120589, 2.851631;0.6347271, -0.5621975, 3.169832;1.028244, -0.4133288, 2.449465;0.9128125, -0.7334124, 3.009778;1.058464, -0.7134639, 2.603864;0.8770831, -0.7996923, 2.98015;1.035581, -0.7893145, 2.587418;
0.7288811, 0.2654815, 2.816394;0.8243315, 0.1067041, 2.815914;0.8845555, -0.2220086, 2.954869;0.7392985, -0.03193706, 2.952888;0.9241312, 0.007708709, 2.720114;0.7157019, -0.5410454, 3.069766;0.8567761, -0.5411171, 2.675044;0.8966144, -0.2855858, 2.986355;0.8539899, -0.353303, 3.043801;0.9602711, -0.3287533, 2.974586;0.8382854, -0.5609663, 3.134211;1.016712, -0.4048421, 2.497664;0.9117645, -0.7361698, 3.009925;1.058271, -0.7160692, 2.60369;0.8756538, -0.8010427, 2.978406;1.035122, -0.7914575, 2.586758;
0.7302313, 0.241138, 2.811282;0.8222621, 0.07341471, 2.811476;0.8760033, -0.2307533, 2.948876;0.7408338, -0.0540762, 2.952541;0.9226084, -0.01745557, 2.715429;0.7010655, -0.5513616, 3.060027;0.8588418, -0.5674481, 2.665357;0.8862268, -0.29326, 2.979375;0.8448925, -0.3620706, 3.041917;0.9435151, -0.3408372, 2.960301;0.7906325, -0.5553548, 3.111495;1.01259, -0.4200784, 2.4893;0.9137789, -0.7467735, 3.000492;1.057346, -0.716315, 2.603334;0.8660221, -0.8083989, 2.979821;1.035189, -0.7920659, 2.586703;
0.7291136, 0.2251156, 2.807047;0.8201991, 0.0567072, 2.80824;0.8686857, -0.245474, 2.943471;0.7381886, -0.07933315, 2.947835;0.9217514, -0.03643422, 2.715168;0.7153136, -0.5716287, 3.070361;0.8621486, -0.5749551, 2.660476;0.8785293, -0.3059894, 2.974052;0.8358854, -0.3763834, 3.039102;0.938131, -0.35178, 2.955656;0.7879527, -0.5581664, 3.108714;1.01197, -0.4244536, 2.486657;0.9031336, -0.7514564, 2.986207;1.056733, -0.7161833, 2.603127;0.8564799, -0.8171523, 2.989751;1.034621, -0.79185, 2.586077;
0.7297881, 0.2124242, 2.804898;0.8191899, 0.0426789, 2.804043;0.8665553, -0.2556804, 2.938176;0.7379014, -0.0936459, 2.944816;0.919304, -0.0515698, 2.712133;0.7148908, -0.5659598, 3.069508;0.8668183, -0.5873712, 2.657238;0.8761276, -0.3155189, 2.968518;0.833568, -0.384695, 3.037167;0.9363071, -0.3649427, 2.946485;0.786083, -0.5584501, 3.101548;1.01092, -0.4281865, 2.483928;0.9029681, -0.7702205, 2.986713;1.056823, -0.7180825, 2.607843;0.8406486, -0.8203035, 2.997299;1.035198, -0.7934776, 2.589081;
0.7304346, 0.1919264, 2.801606;0.8184981, 0.01994522, 2.801121;0.8664536, -0.2857503, 2.948064;0.7364687, -0.121192, 2.9458;0.917343, -0.0725705, 2.706042;0.7119139, -0.5734593, 3.051128;0.8648018, -0.5977471, 2.654421;0.8760875, -0.3474963, 2.981598;0.8360688, -0.4201701, 3.047737;0.9345959, -0.3950324, 2.970672;0.7888812, -0.6377385, 3.139768;1.010276, -0.4304584, 2.482068;0.9020102, -0.7722262, 2.984617;1.056901, -0.7182323, 2.608252;0.8400221, -0.8222514, 2.997158;1.035185, -0.7933625, 2.5886;
0.7293189, 0.1737853, 2.797534;0.8186229, 0.0115301, 2.798532;0.862359, -0.2893004, 2.944703;0.7361068, -0.1263791, 2.945227;0.9183136, -0.08511063, 2.703003;0.6408747, -0.5073434, 3.069752;0.8676661, -0.6254596, 2.652903;0.8708245, -0.3502808, 2.977531;0.8294467, -0.4200811, 3.045401;0.9273001, -0.399702, 2.961637;0.7548627, -0.5710865, 3.098819;1.009918, -0.4339829, 2.481133;0.8868005, -0.7589779, 2.986079;1.056999, -0.7183407, 2.607858;0.8414341, -0.8238088, 3.000575;1.035465, -0.793467, 2.588789;
0.7295873, 0.1724884, 2.795792;0.818259, 0.004870394, 2.797062;0.8487129, -0.3095594, 2.950198;0.7342907, -0.144287, 2.941962;0.9182652, -0.09444936, 2.700444;0.6414413, -0.5081146, 3.061734;0.8686994, -0.6263418, 2.651447;0.8532195, -0.3735311, 2.985275;0.8119674, -0.4355984, 3.043324;0.905829, -0.4183417, 2.978869;0.7276663, -0.612856, 3.128175;1.00938, -0.4365836, 2.48762;0.8645963, -0.731258, 2.955441;1.057402, -0.7185247, 2.608125;0.8585273, -0.8065102, 2.982794;1.038936, -0.7949774, 2.591939;
0.7341709, 0.1529899, 2.786053;0.8205892, -0.01760763, 2.794088;0.8347801, -0.3296427, 2.948071;0.7331674, -0.1534715, 2.941319;0.9191306, -0.10215, 2.698837;0.6332102, -0.5164279, 3.077616;0.8688328, -0.6272532, 2.64979;0.8369587, -0.3924004, 2.982616;0.7947319, -0.4608235, 3.040259;0.8768019, -0.4451353, 2.978207;0.7000318, -0.6826286, 3.138257;1.006925, -0.4403179, 2.488039;0.8632041, -0.7335309, 2.955302;1.057616, -0.7192934, 2.607289;0.85842, -0.8084469, 2.983433;1.038688, -0.7953117, 2.590273;
0.7356906, 0.150697, 2.784569;0.8208771, -0.02237131, 2.7939;0.8479387, -0.3235448, 2.943856;0.7327945, -0.1573357, 2.940205;0.9197301, -0.1050859, 2.697963;0.6114575, -0.5395064, 3.100762;0.8691285, -0.6273632, 2.647932;0.8573884, -0.3806872, 2.976069;0.8100749, -0.4473876, 3.0404;0.9281604, -0.4226384, 2.959725;0.7527415, -0.5766004, 3.095396;1.007399, -0.4476134, 2.484804;0.8711888, -0.7446471, 2.969249;1.058587, -0.7198893, 2.607288;0.8542388, -0.8214198, 2.983966;1.039642, -0.7958258, 2.590775;
0.7363402, 0.1473807, 2.782967;0.8209991, -0.02421147, 2.793774;0.8478503, -0.3234487, 2.943699;0.7323678, -0.1585432, 2.939389;0.9198322, -0.1073992, 2.696948;0.6091591, -0.5551277, 3.103257;0.862758, -0.6533425, 2.631414;0.8565907, -0.3805494, 2.976035;0.8096427, -0.4471998, 3.040811;0.9171603, -0.426612, 2.962655;0.7281879, -0.6135678, 3.12069;1.007687, -0.448281, 2.488744;0.8712325, -0.7445006, 2.969606;1.05894, -0.7202671, 2.606954;0.8535585, -0.8214394, 2.981268;1.040357, -0.7957861, 2.589079;
0.7374605, 0.1439017, 2.781186;0.8219179, -0.0246367, 2.792876;0.847982, -0.3234477, 2.943789;0.7321479, -0.1591842, 2.938372;0.9200367, -0.1081785, 2.695785;0.6567053, -0.6254559, 3.134511;0.8651155, -0.6522822, 2.628606;0.8562804, -0.3808415, 2.976662;0.8095918, -0.4472366, 3.040859;0.9143041, -0.4273892, 2.966733;0.7290183, -0.6149554, 3.120925;1.00736, -0.4487699, 2.490685;0.8716291, -0.7448815, 2.969869;1.059088, -0.7189611, 2.604534;0.8549948, -0.8227519, 2.975017;1.040585, -0.794497, 2.586675;
0.7386661, 0.1463767, 2.780853;0.8225281, -0.02406533, 2.791839;0.8590532, -0.3213726, 2.942769;0.7316139, -0.1590075, 2.937741;0.9208092, -0.107802, 2.694782;0.6009899, -0.5410715, 3.078813;0.8670461, -0.6419026, 2.626847;0.8679318, -0.3798039, 2.976363;0.8219507, -0.4482152, 3.038451;0.9321563, -0.4227285, 2.969181;0.7836803, -0.6368201, 3.118442;1.009743, -0.4485373, 2.489022;0.8732026, -0.7456744, 2.973001;1.058424, -0.7197264, 2.603273;0.8536593, -0.823029, 2.97377;1.041451, -0.7968627, 2.591952;
0.7391346, 0.1472913, 2.779387;0.8221198, -0.02221025, 2.791903;0.8605957, -0.3189699, 2.943167;0.7309098, -0.154779, 2.937719;0.9208055, -0.1075312, 2.694594;0.6146499, -0.5062038, 3.063332;0.8672687, -0.6388726, 2.629365;0.8694216, -0.3777413, 2.976791;0.8256065, -0.4461452, 3.040267;0.9322197, -0.4221853, 2.969086;0.7802184, -0.6372972, 3.121514;1.011567, -0.4482501, 2.488389;0.87469, -0.7490271, 2.97465;1.058727, -0.7207317, 2.602008;0.8548647, -0.8256502, 2.98463;1.041052, -0.7978657, 2.591924;
0.7395774, 0.1487127, 2.779296;0.8230724, -0.01845109, 2.792685;0.8611813, -0.3150206, 2.944103;0.7304033, -0.1503258, 2.937054;0.9207609, -0.1059488, 2.693393;0.6183785, -0.5029054, 3.063067;0.8654509, -0.6192411, 2.621248;0.8695981, -0.3740852, 2.977721;0.8264211, -0.442792, 3.040036;0.9298893, -0.4171782, 2.971142;0.7755754, -0.6374911, 3.125743;1.012159, -0.4478263, 2.489774;0.8767577, -0.7530537, 2.980456;1.058594, -0.7178038, 2.592054;0.8585298, -0.8301538, 2.987834;1.041398, -0.7954818, 2.593294;
0.7407452, 0.1544667, 2.777037;0.8242042, -0.0109979, 2.792611;0.8804489, -0.3045115, 2.944594;0.7306137, -0.1413439, 2.935099;0.9210234, -0.1024949, 2.69271;0.6026438, -0.510241, 3.072387;0.8584922, -0.6398622, 2.623529;0.8942057, -0.3631135, 2.978459;0.8524628, -0.4329428, 3.042115;0.9633045, -0.4066603, 2.970284;0.8382459, -0.6487424, 3.136404;1.012406, -0.4458408, 2.493004;0.8776917, -0.7509387, 2.980941;1.058644, -0.7183338, 2.591299;0.8583424, -0.8278974, 2.986751;1.041031, -0.7959002, 2.593309;
0.7406864, 0.1583315, 2.776248;0.8244854, -0.006862462, 2.792416;0.8738756, -0.3003671, 2.943951;0.7309968, -0.1383393, 2.934578;0.9225738, -0.09652804, 2.692326;0.6515631, -0.5782867, 3.077266;0.8601413, -0.6358056, 2.622226;0.8829984, -0.3583577, 2.977548;0.8410032, -0.4287852, 3.041068;0.939272, -0.4018395, 2.969665;0.7743958, -0.6327678, 3.130265;1.015413, -0.4458622, 2.489661;0.8799113, -0.7477921, 2.979909;1.058667, -0.71858, 2.59148;0.857529, -0.8237875, 2.987273;1.040845, -0.7961091, 2.592944;
0.7420434, 0.1630804, 2.777427;0.8262635, -0.00175439, 2.79218;0.8723839, -0.2996418, 2.944054;0.7311926, -0.1367339, 2.934155;0.9241952, -0.09423053, 2.692603;0.6532767, -0.5587498, 3.071871;0.8573239, -0.6361415, 2.622332;0.8809188, -0.3581633, 2.977757;0.8378421, -0.4283783, 3.039719;0.9372883, -0.401549, 2.970761;0.7744182, -0.6329519, 3.130277;1.018458, -0.445194, 2.489777;0.8800648, -0.7465909, 2.978722;1.058742, -0.718247, 2.592233;0.8722936, -0.8257064, 2.982078;1.04001, -0.7955753, 2.592839;
0.7434467, 0.169408, 2.780561;0.8265442, -0.0007850533, 2.791843;0.8705564, -0.2990532, 2.94375;0.730746, -0.1342004, 2.933968;0.9245173, -0.09188455, 2.692104;0.6453979, -0.5952154, 3.078721;0.8547559, -0.6291493, 2.619203;0.8785402, -0.3579016, 2.977471;0.8350791, -0.4279851, 3.038573;0.9350082, -0.4013125, 2.971011;0.7740968, -0.6330794, 3.130123;1.018124, -0.4416203, 2.491998;0.8772615, -0.7478716, 2.978629;1.058566, -0.7184074, 2.591174;0.867052, -0.8267535, 2.98076;1.037169, -0.7950447, 2.591184;
0.7435492, 0.1704968, 2.78196;0.8269742, -0.0006679703, 2.791965;0.8766847, -0.3001527, 2.942678;0.7306578, -0.134066, 2.933949;0.9252209, -0.09166928, 2.692201;0.6341861, -0.5480636, 3.085754;0.853983, -0.6395813, 2.619225;0.8874242, -0.3599489, 2.975806;0.8423214, -0.4307353, 3.037325;0.9562308, -0.4055094, 2.967351;0.8338689, -0.6517865, 3.127427;1.017804, -0.441969, 2.496253;0.8763616, -0.750136, 2.980273;1.05858, -0.7183956, 2.59115;0.8656823, -0.8289069, 2.983805;1.03592, -0.7946646, 2.592104;
0.744643, 0.1697758, 2.783599;0.8274189, -0.0004482112, 2.792467;0.8705029, -0.2995935, 2.942829;0.7308131, -0.1337752, 2.933848;0.9252449, -0.09163848, 2.692129;0.6348256, -0.5531113, 3.085958;0.8527449, -0.6384135, 2.619222;0.8772345, -0.3592919, 2.975844;0.8307505, -0.4269661, 3.037094;0.932092, -0.4050958, 2.966501;0.7530525, -0.5870655, 3.109246;1.017477, -0.4418638, 2.496174;0.8713915, -0.7469283, 2.978638;1.058271, -0.7184199, 2.591123;0.8672704, -0.8260054, 2.986444;1.034856, -0.7944651, 2.591218;
0.7452377, 0.1688687, 2.783716;0.8275216, -0.0008432476, 2.792752;0.8617016, -0.300015, 2.941786;0.7308108, -0.1336572, 2.934269;0.9251928, -0.0918639, 2.692299;0.6133774, -0.5386034, 3.087247;0.8521433, -0.637412, 2.619318;0.8661958, -0.3595657, 2.974348;0.8221301, -0.4271051, 3.037003;0.9181687, -0.4074203, 2.964142;0.7429224, -0.6008347, 3.114805;1.01613, -0.4385347, 2.497004;0.8711479, -0.7471218, 2.979329;1.058757, -0.7186311, 2.59068;0.8670697, -0.8262518, 2.986561;1.034549, -0.7944232, 2.590637;
0.7450399, 0.1678624, 2.78377;0.8275642, -0.0009471033, 2.792742;0.8612106, -0.2994473, 2.941137;0.730687, -0.1339854, 2.934038;0.9252965, -0.09314929, 2.692647;0.6346857, -0.549732, 3.08701;0.8518473, -0.6421129, 2.617811;0.8658891, -0.3588383, 2.973596;0.8215247, -0.4262556, 3.036824;0.9188467, -0.4068351, 2.962696;0.7487662, -0.5949578, 3.112415;1.017121, -0.4402832, 2.495394;0.8721957, -0.7482926, 2.980295;1.058712, -0.7185585, 2.590558;0.8661401, -0.8274436, 2.9857;1.036627, -0.7949582, 2.59303;
0.7452693, 0.1657304, 2.784558;0.8276504, -0.001700268, 2.793329;0.8594542, -0.3007553, 2.940295;0.7288047, -0.1423932, 2.936334;0.9249844, -0.09366769, 2.69295;0.6509644, -0.5554575, 3.079239;0.8593539, -0.6349363, 2.614489;0.8641291, -0.3603033, 2.972488;0.8185305, -0.4287112, 3.034806;0.9181477, -0.407487, 2.961937;0.7468378, -0.5964511, 3.11128;1.016872, -0.4419089, 2.494952;0.8732647, -0.7493339, 2.982384;1.058068, -0.7190613, 2.590377;0.8611283, -0.8279197, 2.979363;1.036936, -0.7957283, 2.593161;
0.7450535, 0.1621752, 2.785607;0.8267828, -0.005626164, 2.794605;0.8577559, -0.3017154, 2.941956;0.7280431, -0.1468808, 2.936789;0.9248265, -0.09545474, 2.693693;0.6290633, -0.5794976, 3.101038;0.8493168, -0.6629497, 2.61422;0.8626285, -0.3608922, 2.974394;0.8160728, -0.4289088, 3.038549;0.9175486, -0.4090356, 2.964411;0.7431833, -0.5930609, 3.118407;1.015243, -0.4394649, 2.4956;0.8735177, -0.7487041, 2.983584;1.056674, -0.7210543, 2.593903;0.8598061, -0.8267984, 2.977046;1.036472, -0.7979881, 2.592301;
0.7441756, 0.1621034, 2.786977;0.8265894, -0.005712178, 2.79461;0.8536839, -0.3042865, 2.941166;0.727645, -0.1488201, 2.937132;0.9240648, -0.09696771, 2.694678;0.6505423, -0.5688748, 3.080604;0.8471383, -0.6310241, 2.615033;0.85794, -0.364187, 2.973431;0.8117843, -0.4322233, 3.03634;0.9121315, -0.4117603, 2.963578;0.733856, -0.6025788, 3.116447;1.014641, -0.4410288, 2.496561;0.8740066, -0.749296, 2.984592;1.056644, -0.7210146, 2.593918;0.8594786, -0.8270588, 2.976207;1.036628, -0.7979819, 2.591964;
0.7438644, 0.1591525, 2.787441;0.8254474, -0.008288729, 2.794767;0.8560714, -0.3047701, 2.940206;0.7273624, -0.1504465, 2.937278;0.9240406, -0.09844156, 2.695625;0.6504437, -0.5688303, 3.077808;0.8584032, -0.6503812, 2.616275;0.8624641, -0.36425, 2.972001;0.8157087, -0.4321843, 3.035735;0.9243478, -0.4108484, 2.959466;0.7611485, -0.5774038, 3.096115;1.01425, -0.4418869, 2.497244;0.8739476, -0.7501718, 2.984345;1.056366, -0.7216414, 2.59368;0.8615645, -0.8278046, 2.972119;1.036633, -0.7986845, 2.591524;
0.7432719, 0.1581744, 2.789381;0.8254428, -0.009223836, 2.795537;0.8583074, -0.3040057, 2.938944;0.7271013, -0.1514603, 2.937537;0.9238573, -0.09885639, 2.696142;0.6283458, -0.5906443, 3.09809;0.8592522, -0.645258, 2.615819;0.8657101, -0.3627316, 2.970054;0.8190336, -0.4312492, 3.035059;0.9281431, -0.4094629, 2.955991;0.7615475, -0.5772101, 3.095785;1.014869, -0.4435518, 2.493198;0.8741959, -0.7500621, 2.98508;1.055806, -0.7199091, 2.592237;0.8621767, -0.8276553, 2.97222;1.036878, -0.796991, 2.5867;
0.7429934, 0.1603353, 2.791754;0.8253353, -0.009103405, 2.795729;0.8555446, -0.3053825, 2.939781;0.7272084, -0.1518626, 2.937908;0.9239309, -0.09982529, 2.698375;0.6220742, -0.5737196, 3.076532;0.8576291, -0.6553671, 2.617084;0.8613485, -0.3649857, 2.971441;0.8155212, -0.4331757, 3.034893;0.9175007, -0.4122466, 2.960495;0.7293929, -0.6104829, 3.117958;1.013523, -0.4430566, 2.494625;0.873001, -0.7498438, 2.982131;1.055753, -0.7198702, 2.592228;0.8590692, -0.8270465, 2.968761;1.041447, -0.7981527, 2.591679;
0.7437379, 0.1646282, 2.79482;0.8243747, -0.007584042, 2.798387;0.8540056, -0.3059744, 2.940731;0.7273984, -0.1524215, 2.93933;0.9232927, -0.09880055, 2.700085;0.6045575, -0.573406, 3.085056;0.8522794, -0.6335355, 2.627632;0.8595802, -0.3659236, 2.972335;0.8144721, -0.4344229, 3.034719;0.9145138, -0.4126567, 2.962045;0.7303762, -0.6143892, 3.119486;1.013019, -0.4432338, 2.494675;0.8730723, -0.7497393, 2.982802;1.057554, -0.7195892, 2.595119;0.8596826, -0.827452, 2.972039;1.041284, -0.7973701, 2.590665;
0.742764, 0.1713166, 2.800073;0.8239641, -0.004959063, 2.799497;0.8548431, -0.3057016, 2.941731;0.7284412, -0.1410483, 2.941961;0.922798, -0.09562302, 2.702085;0.6101093, -0.5549653, 3.080559;0.856141, -0.6278445, 2.626932;0.8608834, -0.3659117, 2.973608;0.8167669, -0.4350587, 3.035138;0.9162352, -0.4117954, 2.964514;0.7675157, -0.6494428, 3.135669;1.011844, -0.4437325, 2.494653;0.8730232, -0.7498927, 2.982638;1.057054, -0.7197579, 2.595587;0.8592506, -0.8275841, 2.972349;1.040893, -0.7975162, 2.590688;
0.7409565, 0.1765943, 2.801806;0.8243087, 0.006068867, 2.804845;0.8530573, -0.29922, 2.942711;0.7292343, -0.1319898, 2.947121;0.9202985, -0.08605726, 2.706419;0.6578711, -0.5481086, 3.042241;0.8549255, -0.6320646, 2.628536;0.8588243, -0.3599969, 2.973941;0.8150602, -0.4287534, 3.034324;0.9125452, -0.403939, 2.963622;0.7431027, -0.5967579, 3.115919;1.010333, -0.4424254, 2.494726;0.8749784, -0.7484372, 2.982207;1.057196, -0.7198124, 2.596982;0.8560805, -0.8254512, 2.975732;1.040045, -0.797228, 2.590432;
0.7403543, 0.2180002, 2.811991;0.8247043, 0.04545684, 2.811974;0.8786931, -0.2559074, 2.93775;0.7321569, -0.09194128, 2.952707;0.9197367, -0.03913733, 2.720469;0.6679589, -0.5404561, 3.035656;0.8644769, -0.5825307, 2.6378;0.8894815, -0.3171054, 2.96608;0.8464017, -0.3878151, 3.024895;0.9522974, -0.3583492, 2.949822;0.8214144, -0.5635861, 3.102037;1.011211, -0.4390919, 2.489883;0.8862998, -0.7516865, 2.985508;1.057148, -0.7192482, 2.599239;0.8765262, -0.8302933, 2.97804;1.040444, -0.7964858, 2.589982;
0.7408599, 0.2302527, 2.815007;0.8253751, 0.06615145, 2.813795;0.8706683, -0.2472116, 2.941268;0.7353176, -0.07090613, 2.954682;0.9204277, -0.03164439, 2.720871;0.7403592, -0.5664726, 2.970236;0.8620658, -0.5695215, 2.64004;0.8791993, -0.3089635, 2.970337;0.837991, -0.3813321, 3.028358;0.9346044, -0.3503795, 2.957066;0.7825896, -0.5847349, 3.127123;1.013083, -0.4276433, 2.492795;0.8981602, -0.7465087, 2.997318;1.056654, -0.7187951, 2.600232;0.8710952, -0.8178647, 2.974806;1.041168, -0.7961588, 2.589936;
0.7431233, 0.2853757, 2.825866;0.8251912, 0.09881216, 2.818485;0.8799746, -0.2188058, 2.945553;0.7354342, -0.05545091, 2.955988;0.9232027, 0.01179142, 2.719511;0.7679608, -0.5630494, 2.87639;0.8603442, -0.5506349, 2.645401;0.8906527, -0.2822134, 2.974343;0.8495026, -0.356774, 3.03231;0.9516358, -0.323761, 2.960374;0.8304043, -0.5532656, 3.127918;1.013125, -0.4202955, 2.49416;0.9032983, -0.7474556, 2.999042;1.057034, -0.7179118, 2.601466;0.8709776, -0.8163747, 2.975828;1.041683, -0.795042, 2.589273;
0.7446668, 0.3016351, 2.831138;0.824787, 0.1229597, 2.824028;0.8814237, -0.2045013, 2.947235;0.7389696, -0.01665798, 2.961724;0.9230297, 0.0232422, 2.720923;0.6682824, -0.5055535, 3.043954;0.861472, -0.5359703, 2.651199;0.8924854, -0.2696124, 2.975422;0.8511788, -0.3424411, 3.03144;0.9540296, -0.3127081, 2.961561;0.6015757, -0.6269363, 3.032855;1.010659, -0.420307, 2.490445;0.9119419, -0.7480305, 3.002659;1.059275, -0.7177147, 2.60519;0.8707156, -0.8108886, 2.976501;1.041675, -0.7937172, 2.589416;
0.7425662, 0.3182426, 2.832898;0.8262843, 0.1614912, 2.83269;0.8826468, -0.1733966, 2.95166;0.7391446, 0.03311854, 2.967111;0.921627, 0.06308131, 2.725896;0.7385365, -0.4509209, 2.939284;0.8582078, -0.500428, 2.657658;0.8938498, -0.2404646, 2.978901;0.8527628, -0.3114322, 3.032502;0.9548123, -0.2855359, 2.964649;0.6084397, -0.5883391, 3.100314;1.014114, -0.4074788, 2.499666;0.9123008, -0.7467476, 3.003077;1.061186, -0.7186733, 2.610091;0.8669339, -0.8095427, 2.984722;1.041904, -0.7930007, 2.589068;
0.7490532, 0.3705369, 2.836767;0.8301041, 0.1897288, 2.84016;0.8836988, -0.1481647, 2.95042;0.7405707, 0.03812626, 2.969482;0.9185543, 0.09345981, 2.731194;0.6858769, -0.4733194, 3.048228;0.8675631, -0.4485013, 2.65573;0.8944541, -0.2153487, 2.97595;0.8534502, -0.2915305, 3.029636;0.9540768, -0.2548116, 2.957639;0.6271241, -0.5840147, 3.091986;1.01111, -0.4015168, 2.503473;0.9114667, -0.744158, 3.003524;1.060498, -0.7182051, 2.610376;0.8782879, -0.8130366, 2.981279;1.040771, -0.7916548, 2.586799;
0.7758966, 0.4265072, 2.872117;0.8462157, 0.1976064, 2.873585;0.8816197, -0.08373681, 2.944872;0.7577568, 0.1451292, 2.99587;0.9229455, 0.1930657, 2.743452;0.7534978, -0.4915784, 3.025726;0.8752819, -0.3170776, 2.660568;0.8882234, -0.1402387, 2.961476;0.8559387, -0.218782, 3.011606;0.935042, -0.1860504, 2.936764;0.7086709, -0.5621741, 3.053831;1.009359, -0.3905939, 2.523565;0.9124563, -0.7427157, 3.002768;1.059768, -0.7135669, 2.60878;0.8802469, -0.8123209, 2.981135;1.040253, -0.7874357, 2.586134;
0.7531528, 0.4985188, 2.868421;0.8445058, 0.347185, 2.861231;0.8899097, -0.008589074, 2.942578;0.7570361, 0.1553389, 3.000234;0.9225787, 0.216776, 2.747636;0.7731841, -0.3346947, 2.861356;0.8724949, -0.3191272, 2.663873;0.8989905, -0.07974389, 2.962183;0.858407, -0.1617192, 3.019929;0.9561549, -0.1276943, 2.931007;0.7400677, -0.5182126, 3.04178;1.00895, -0.3849635, 2.534168;0.9124787, -0.7402747, 3.002458;1.059063, -0.7082295, 2.606874;0.8841705, -0.8116935, 2.98118;1.041023, -0.783258, 2.586874;
0.7733884, 0.5330305, 2.891201;0.8503017, 0.3649178, 2.862329;0.9325838, 0.01505442, 2.895878;0.7650532, 0.2125786, 3.006916;0.9229758, 0.2575651, 2.75388;0.7771044, -0.3217987, 2.864654;0.8674988, -0.3032101, 2.673075;0.9483033, -0.0571727, 2.905783;0.9304963, -0.1421542, 2.953102;0.9929104, -0.09533027, 2.866735;0.7554351, -0.4578413, 3.047491;1.008355, -0.3833498, 2.540818;0.9139001, -0.7263962, 3.008847;1.059775, -0.7059829, 2.607168;0.8875955, -0.7959599, 2.980586;1.041344, -0.7816474, 2.587281;
0.7745314, 0.5534375, 2.893138;0.8553476, 0.3941347, 2.867857;0.9130469, 0.06364222, 2.904806;0.7690446, 0.23906, 3.015472;0.9280608, 0.2759867, 2.754884;0.7791433, -0.3112401, 2.86612;0.8682353, -0.274346, 2.671587;0.9242968, -0.00413537, 2.915209;0.9012495, -0.0927251, 2.9711;0.9696435, -0.04989393, 2.869926;0.7714105, -0.4366942, 3.038654;1.012558, -0.3656085, 2.556655;0.9143436, -0.726243, 3.008024;1.059889, -0.7056517, 2.60773;0.8838603, -0.7953269, 2.983422;1.041275, -0.781563, 2.587242;
0.7910779, 0.603389, 2.892727;0.8604731, 0.413031, 2.866547;0.9349298, 0.08466801, 2.886772;0.777814, 0.2648171, 3.01318;0.9344348, 0.3061822, 2.75888;0.7775879, -0.3015686, 2.864144;0.8668, -0.241049, 2.676087;0.9522233, 0.01984096, 2.891848;0.9308558, -0.05818027, 2.95125;1.006003, -0.02556889, 2.83258;0.786503, -0.4123643, 3.032347;1.012975, -0.3522641, 2.569077;0.913608, -0.724089, 3.006615;1.062513, -0.7053329, 2.611444;0.8850656, -0.7938756, 2.982052;1.041531, -0.7816384, 2.587659;
0.7937716, 0.6163951, 2.895801;0.8682981, 0.4529672, 2.876399;0.9350787, 0.1014115, 2.888984;0.7819122, 0.2858567, 3.015215;0.9384272, 0.3362973, 2.760008;0.7685904, -0.2288824, 2.855508;0.8581856, -0.2209266, 2.679213;0.9502658, 0.03270038, 2.89427;0.9290813, -0.04528119, 2.952821;1.001899, -0.02022904, 2.835677;0.7905773, -0.4072089, 3.03031;1.015661, -0.3293681, 2.591404;0.9163375, -0.7230697, 3.005241;1.061613, -0.7033155, 2.612132;0.8943292, -0.7945063, 2.979184;1.041415, -0.7809561, 2.589086;
0.8051484, 0.6501935, 2.902639;0.872574, 0.4827428, 2.877177;0.9377652, 0.1436881, 2.885529;0.7868201, 0.3383449, 3.031853;0.9415263, 0.3585609, 2.766469;0.7711908, -0.2259045, 2.855501;0.8648638, -0.2054548, 2.681256;0.9507834, 0.07473343, 2.890464;0.9290733, -0.01380065, 2.951891;0.9987326, 0.01986776, 2.829014;0.8015043, -0.4015577, 3.028789;1.015434, -0.3299067, 2.59154;0.9182881, -0.7192031, 3.003425;1.062744, -0.6995568, 2.618422;0.8951727, -0.7908302, 2.979249;1.042082, -0.7802683, 2.590872;
0.8099682, 0.6663353, 2.900552;0.8802165, 0.5022253, 2.880717;0.9336832, 0.1502383, 2.889531;0.7926204, 0.3496097, 3.032375;0.9428447, 0.3687862, 2.767046;0.7706676, -0.1982345, 2.865161;0.8642693, -0.1744337, 2.685122;0.9444603, 0.08102527, 2.895184;0.9165133, 0.001670334, 2.961143;0.9896692, 0.02605814, 2.833207;0.8169237, -0.3787965, 3.01766;1.016793, -0.3255249, 2.599434;0.9208989, -0.7180634, 3.003024;1.063006, -0.7002139, 2.621221;0.8979809, -0.7900165, 2.97999;1.042045, -0.7800554, 2.590916;
0.8181644, 0.6882717, 2.8999;0.8842012, 0.5242819, 2.881221;0.9271857, 0.1747887, 2.895065;0.8021311, 0.3790565, 3.030742;0.9523321, 0.3971012, 2.768864;0.7763416, -0.1618299, 2.87286;0.8647158, -0.1424175, 2.690052;0.9356993, 0.1050054, 2.901337;0.9086221, 0.02438881, 2.966323;0.9798423, 0.04480328, 2.838808;0.8232365, -0.3742726, 3.016166;1.015761, -0.3217782, 2.605214;0.9240191, -0.7180065, 3.000395;1.064914, -0.6939299, 2.626185;0.8958844, -0.7886769, 2.979452;1.04209, -0.778381, 2.59087;
0.8253505, 0.7087075, 2.908925;0.8931521, 0.545602, 2.888814;0.9278812, 0.1895345, 2.897566;0.8082975, 0.3922752, 3.035258;0.9549683, 0.4071677, 2.769002;0.7833576, -0.1378734, 2.8733;0.8696938, -0.1179504, 2.695143;0.9351956, 0.1187441, 2.902981;0.9081029, 0.04083877, 2.967478;0.9770492, 0.0568907, 2.839499;0.8306479, -0.3691877, 3.012166;1.016631, -0.31995, 2.612242;0.9255891, -0.7181622, 2.999409;1.064466, -0.6929534, 2.627227;0.8993642, -0.789359, 2.977979;1.042142, -0.778106, 2.591192;
0.8403075, 0.7570081, 2.933173;0.8982677, 0.5616944, 2.88993;0.9277564, 0.2053372, 2.89746;0.8118639, 0.4197963, 3.043721;0.957657, 0.4187323, 2.770475;0.782631, -0.133201, 2.866852;0.8706732, -0.1114747, 2.701587;0.9338603, 0.134239, 2.902447;0.9066899, 0.05366254, 2.966523;0.9735483, 0.07144433, 2.8385;0.8380437, -0.3655089, 3.008534;1.018854, -0.3197058, 2.62218;0.9284844, -0.7174509, 2.999236;1.064634, -0.6909212, 2.629884;0.9100121, -0.7887255, 2.971125;1.042269, -0.7779041, 2.591764;
0.8406593, 0.7568858, 2.932249;0.9057678, 0.5778128, 2.886866;0.9301262, 0.2179793, 2.89623;0.8173378, 0.4376361, 3.048308;0.9659629, 0.4454796, 2.773441;0.7926711, -0.1047955, 2.864954;0.8724765, -0.1002212, 2.711894;0.9352801, 0.1461761, 2.901441;0.9074365, 0.06609733, 2.965132;0.9737404, 0.08356328, 2.838115;0.8433161, -0.3630564, 3.004951;1.018906, -0.3194642, 2.627978;0.9286131, -0.7174832, 2.997801;1.065679, -0.689845, 2.633295;0.9100728, -0.788747, 2.969841;1.042684, -0.7777185, 2.592621;
0.8457608, 0.7640027, 2.927365;0.9137415, 0.6003489, 2.892081;0.929674, 0.2290532, 2.897;0.8238157, 0.4585297, 3.052738;0.968981, 0.4537975, 2.772938;0.778626, -0.07612723, 2.886554;0.8733693, -0.06308945, 2.702851;0.9336532, 0.1556333, 2.901639;0.9048513, 0.07962317, 2.962513;0.9698242, 0.09298417, 2.839739;0.8518407, -0.3606394, 3.001766;1.02023, -0.3185356, 2.635505;0.9296935, -0.7182292, 2.997466;1.067178, -0.6890184, 2.638964;0.909816, -0.7891655, 2.969659;1.042806, -0.777499, 2.593153;
0.8541509, 0.7770652, 2.930572;0.9206753, 0.6102637, 2.892184;0.9304627, 0.2371493, 2.895396;0.8265193, 0.4658621, 3.056138;0.9731606, 0.4693798, 2.7751;0.7786142, -0.06954628, 2.887372;0.8712339, -0.05368945, 2.691207;0.9331458, 0.1631162, 2.899627;0.9030319, 0.08791912, 2.958913;0.9678784, 0.1027471, 2.838104;0.8618554, -0.3606739, 2.999357;1.022725, -0.3223672, 2.644747;0.9351728, -0.7165606, 2.998999;1.068411, -0.6883556, 2.642223;0.9097321, -0.7878258, 2.970807;1.043293, -0.7772134, 2.593729;
0.8646728, 0.793093, 2.930114;0.9252062, 0.6225606, 2.895692;0.9320924, 0.2498426, 2.893181;0.8353763, 0.4915135, 3.058925;0.9806822, 0.4849257, 2.775538;0.7877051, -0.04223242, 2.899238;0.8736533, -0.0475501, 2.693702;0.9338467, 0.1756709, 2.896137;0.9025704, 0.09932612, 2.954509;0.9682135, 0.1159156, 2.833588;0.8723471, -0.360776, 2.998939;1.024838, -0.3230236, 2.653471;0.9359334, -0.71618, 2.996517;1.069403, -0.686175, 2.645315;0.9067842, -0.7880528, 2.971265;1.043959, -0.7764931, 2.594829;
0.8696281, 0.8016185, 2.931599;0.9296951, 0.6305945, 2.897981;0.9336822, 0.2561341, 2.892083;0.8364887, 0.4960752, 3.061592;0.9841315, 0.4944693, 2.775815;0.7913323, -0.03876455, 2.898835;0.8773738, -0.03168242, 2.687829;0.9348423, 0.181585, 2.894434;0.9030035, 0.1056517, 2.951346;0.9688411, 0.1221818, 2.832123;0.879454, -0.3601687, 2.996316;1.02707, -0.3193119, 2.664947;0.9369713, -0.7189935, 2.994195;1.069979, -0.6864548, 2.646576;0.8961698, -0.7883984, 2.972732;1.043938, -0.7761492, 2.595225;
0.8763165, 0.8072225, 2.926683;0.9374291, 0.6418213, 2.901698;0.935558, 0.2683268, 2.890189;0.8386354, 0.5013549, 3.065147;0.9892951, 0.5048417, 2.776925;0.7937756, -0.02192531, 2.902685;0.8766741, -0.03041816, 2.689;0.9354709, 0.194194, 2.891291;0.9025398, 0.1164187, 2.946526;0.9682076, 0.1337641, 2.828958;0.8900545, -0.3603225, 2.993754;1.031621, -0.3220322, 2.679098;0.9382986, -0.718677, 2.993487;1.071216, -0.6853963, 2.648398;0.894567, -0.7880293, 2.972848;1.044572, -0.7745581, 2.59633;
0.8786664, 0.8139288, 2.924778;0.9413475, 0.6500905, 2.90407;0.9354985, 0.277819, 2.889571;0.8398755, 0.5047171, 3.06547;0.9988478, 0.5186204, 2.776154;0.7940153, -0.01828649, 2.902353;0.8835795, -0.01453897