0.986784, 0.8091837, 2.978805;1.046186, 0.6472598, 2.935992;0.9899942, 0.2473067, 2.894851;0.9555953, 0.5189584, 3.093277;1.087382, 0.5122001, 2.802958;0.8365469, -0.09922601, 2.979466;0.9827402, -0.0122702, 2.637261;0.9787558, 0.1673161, 2.890237;0.9409273, 0.1106397, 2.934141;1.000231, 0.1075985, 2.83165;0.9792818, -0.3737171, 3.009336;1.078429, -0.3388349, 2.712329;0.9834223, -0.7401059, 3.014529;1.106788, -0.7086154, 2.623972;0.9238563, -0.8042322, 3.005029;1.021762, -0.7480744, 2.584376;
0.987442, 0.8101693, 2.977052;1.045909, 0.6486214, 2.93587;0.990079, 0.2472845, 2.894751;0.955266, 0.520505, 3.094161;1.087576, 0.5122956, 2.803077;0.8526689, -0.0211522, 3.007712;0.9830748, -0.0120797, 2.637278;0.9789141, 0.1671234, 2.890038;0.9410692, 0.1106691, 2.933667;1.000571, 0.1073028, 2.831583;0.9784561, -0.374563, 3.009048;1.079727, -0.3448364, 2.711023;0.9851271, -0.7407182, 3.016093;1.108611, -0.7167534, 2.623528;0.9157929, -0.8105865, 3.006406;1.011446, -0.7618983, 2.57813;
0.9828173, 0.822297, 2.977137;1.0461, 0.649457, 2.935841;0.9902419, 0.2471613, 2.894719;0.9548659, 0.5207889, 3.093639;1.088861, 0.5134458, 2.803403;0.8532202, -0.0215138, 3.007522;0.9833629, -0.01234583, 2.637038;0.9791453, 0.1667948, 2.889948;0.941139, 0.1103475, 2.933184;1.001124, 0.1071676, 2.831828;0.978134, -0.3758211, 3.009665;1.079632, -0.3453964, 2.710933;0.9851242, -0.7415876, 3.017471;1.109012, -0.7193619, 2.622871;0.8830428, -0.789134, 2.969109;1.00693, -0.7669083, 2.574509;
0.988361, 0.8124195, 2.973571;1.046347, 0.650353, 2.935828;0.9903181, 0.247212, 2.894619;0.9550714, 0.5208952, 3.093926;1.089023, 0.5135124, 2.803302;0.8536874, -0.02198092, 3.008154;0.9834722, -0.01175805, 2.634448;0.9792118, 0.1667796, 2.889839;0.9412314, 0.110415, 2.932944;1.001187, 0.1071945, 2.831804;0.9787172, -0.3760519, 3.009636;1.079764, -0.3460464, 2.710683;0.9856744, -0.7410082, 3.018135;1.109201, -0.7198021, 2.62307;0.9277021, -0.8147293, 3.00895;1.016833, -0.7628114, 2.579378;
0.9883195, 0.8183758, 2.967169;1.046569, 0.6515421, 2.936458;0.9903569, 0.2476297, 2.894691;0.9543811, 0.5231388, 3.093645;1.089893, 0.514276, 2.803018;0.854467, -0.0221972, 3.009396;0.9836618, -0.01247473, 2.635309;0.9792221, 0.167068, 2.889861;0.9410078, 0.1108733, 2.932906;1.001315, 0.1073187, 2.831834;0.9779481, -0.3772431, 3.009599;1.079824, -0.346069, 2.710553;0.9843999, -0.7345178, 3.020283;1.108862, -0.7203114, 2.622925;0.9350329, -0.809694, 2.992011;1.016674, -0.7633197, 2.578729;
0.9872792, 0.8249377, 2.965512;1.046945, 0.6521524, 2.935942;0.9904428, 0.2477681, 2.894637;0.9544291, 0.5234807, 3.093413;1.090075, 0.5141454, 2.802708;0.8546744, -0.02226966, 3.009392;0.983628, -0.01249345, 2.635117;0.9792661, 0.1671368, 2.889852;0.941038, 0.1112007, 2.932827;1.001415, 0.1073874, 2.831947;0.9774299, -0.3772133, 3.009409;1.080173, -0.3466671, 2.710445;0.9847878, -0.7355075, 3.020792;1.123909, -0.7318803, 2.636718;0.9335366, -0.8088071, 2.995207;1.032965, -0.7743188, 2.593059;
0.989322, 0.8176814, 2.96691;1.047105, 0.6520501, 2.935622;0.9905264, 0.2477963, 2.894481;0.9541106, 0.52316, 3.093396;1.090091, 0.5139847, 2.802462;0.854687, -0.02238525, 3.009422;0.9840674, -0.01257862, 2.635525;0.9793264, 0.1671654, 2.889745;0.9410184, 0.1111698, 2.932804;1.001552, 0.1073542, 2.83177;0.9772354, -0.3780582, 3.009886;1.080188, -0.3545652, 2.708917;0.9824647, -0.7425246, 3.019485;1.121578, -0.7433002, 2.625624;0.8933783, -0.7841046, 2.976658;1.032492, -0.7848802, 2.582797;
0.9874831, 0.823036, 2.967845;1.046626, 0.6533864, 2.93616;0.9907078, 0.2487517, 2.894482;0.954418, 0.5231332, 3.092989;1.090226, 0.5142418, 2.802555;0.8554917, -0.02234902, 3.010335;0.9832297, -0.01367683, 2.633852;0.9795955, 0.168041, 2.889679;0.9413546, 0.1119659, 2.932685;1.001943, 0.1084803, 2.831721;0.9772702, -0.3784071, 3.00974;1.080227, -0.3542073, 2.708861;0.9826591, -0.7430007, 3.019497;1.11583, -0.7371284, 2.621655;0.893686, -0.7845492, 2.976726;1.062538, -0.792522, 2.572871;
0.9856273, 0.8258922, 2.968143;1.046973, 0.6536261, 2.935557;0.9912433, 0.248369, 2.893873;0.9547883, 0.5233591, 3.092791;1.090187, 0.5142559, 2.802564;0.8557103, -0.02248093, 3.010374;0.9840302, -0.01302511, 2.633484;0.9801937, 0.1674592, 2.88905;0.9422637, 0.1117898, 2.931653;1.002304, 0.1082501, 2.831621;0.9768789, -0.3799538, 3.009824;1.080195, -0.3546817, 2.708902;0.9831318, -0.7431023, 3.019457;1.112206, -0.7322664, 2.621661;0.9283921, -0.8149602, 3.009995;1.152116, -0.7829518, 2.517074;
0.9849128, 0.8284583, 2.967463;1.046932, 0.6537114, 2.935678;0.9911131, 0.2485239, 2.894321;0.9553761, 0.5224347, 3.090091;1.0901, 0.514229, 2.802556;0.855886, -0.02282352, 3.010644;0.9839049, -0.01284809, 2.633693;0.9800252, 0.1676167, 2.889621;0.941793, 0.1086881, 2.934083;1.001909, 0.1093312, 2.83191;0.9768729, -0.3799624, 3.009901;1.08037, -0.3545185, 2.708978;0.9838475, -0.7433472, 3.02081;1.11065, -0.7306373, 2.621266;0.9286436, -0.8134884, 3.009401;1.178302, -0.8033552, 2.555901;
0.9848228, 0.8319318, 2.964174;1.047066, 0.6548727, 2.935861;0.9910601, 0.2486011, 2.894548;0.9554588, 0.5226182, 3.09042;1.090672, 0.5153341, 2.803645;0.856872, -0.02245512, 3.011884;0.9837748, -0.01280785, 2.63367;0.9799319, 0.1675754, 2.889922;0.9415721, 0.1083669, 2.93419;1.002085, 0.1106748, 2.833087;0.9775919, -0.3809675, 3.010275;1.07983, -0.3520126, 2.709113;0.9849534, -0.74212, 3.021708;1.110826, -0.727754, 2.62322;0.9292114, -0.8108672, 3.007962;1.178761, -0.8029552, 2.556781;
0.9844279, 0.8338647, 2.964116;1.046709, 0.6547314, 2.935323;0.9909163, 0.24868, 2.894755;0.9549214, 0.5230257, 3.089989;1.090488, 0.515706, 2.803259;0.8570808, -0.0224947, 3.011976;0.9840137, -0.01236931, 2.63366;0.9797497, 0.1677038, 2.890327;0.9412875, 0.1079947, 2.934552;1.00194, 0.1115489, 2.833879;0.978252, -0.3788094, 3.009793;1.077417, -0.343751, 2.710734;0.984521, -0.7400141, 3.021901;1.116771, -0.7136778, 2.627638;0.9585305, -0.807472, 2.969203;1.072568, -0.7779497, 2.587061;
0.9836014, 0.8350143, 2.959477;1.046589, 0.654619, 2.933842;0.9909052, 0.2486684, 2.894823;0.9549437, 0.5230265, 3.090032;1.090724, 0.5155319, 2.802949;0.8570312, -0.02316994, 3.012309;0.9838623, -0.01232431, 2.633618;0.9797229, 0.1676621, 2.890515;0.9412251, 0.1076607, 2.934667;1.001975, 0.111999, 2.834558;0.978078, -0.3769058, 3.009496;1.076812, -0.3424067, 2.71069;0.9848267, -0.7404681, 3.021987;1.116347, -0.7120575, 2.627267;0.9244121, -0.7989032, 3.001566;1.077199, -0.7787211, 2.588473;
0.983385, 0.8369468, 2.959715;1.046642, 0.6550004, 2.933533;0.990878, 0.248823, 2.89492;0.9556055, 0.5242275, 3.090175;1.090846, 0.5154549, 2.802908;0.8575144, -0.02255331, 3.012307;0.9841594, -0.01179531, 2.632568;0.9796838, 0.1678042, 2.890685;0.9412233, 0.1076565, 2.934689;1.001866, 0.1132521, 2.835395;0.9777406, -0.3757077, 3.008935;1.076185, -0.3412393, 2.711;0.9858696, -0.7397717, 3.02196;1.116916, -0.7075147, 2.629034;0.9248624, -0.7984124, 3.001768;1.077766, -0.7766983, 2.58801;
0.9859615, 0.8391348, 2.956053;1.046893, 0.6553569, 2.933583;0.9908734, 0.2487685, 2.895103;0.9555718, 0.5242836, 3.090318;1.090765, 0.5151804, 2.802625;0.8575483, -0.02258804, 3.012298;0.9841732, -0.01173543, 2.632636;0.9796361, 0.1676345, 2.890983;0.9411618, 0.1074709, 2.934783;1.001864, 0.1133011, 2.835827;0.9776328, -0.3756974, 3.008876;1.075947, -0.3405468, 2.711255;0.9813422, -0.7392452, 3.020472;1.117149, -0.7071763, 2.629823;0.9269712, -0.8015759, 3.002765;1.078477, -0.7764879, 2.588521;
0.9856297, 0.8415934, 2.956467;1.046646, 0.6562113, 2.934138;0.9907843, 0.2487725, 2.895186;0.9550087, 0.5248443, 3.090322;1.09068, 0.5151719, 2.8026;0.8574424, -0.02297084, 3.012067;0.9864758, -0.009992059, 2.635697;0.9795368, 0.1675727, 2.89105;0.9409188, 0.1071808, 2.934454;1.001809, 0.1135244, 2.836037;0.9770663, -0.374131, 3.007491;1.075796, -0.3401145, 2.711404;0.9831369, -0.7394639, 3.02117;1.117203, -0.7064908, 2.629989;0.9269542, -0.8005478, 3.003258;1.080677, -0.7762639, 2.590136;
0.9864986, 0.8435527, 2.958099;1.046448, 0.6563647, 2.934185;0.9906665, 0.2488974, 2.895215;0.9548094, 0.5268762, 3.089164;1.090732, 0.515187, 2.802592;0.8579214, -0.02195094, 3.012314;0.9869596, -0.009362497, 2.635132;0.9794459, 0.1676666, 2.891072;0.9407314, 0.1073265, 2.934157;1.001806, 0.114177, 2.836371;0.9774193, -0.3737715, 3.007632;1.075796, -0.3401108, 2.711393;0.9847217, -0.7393054, 3.022634;1.118413, -0.7065877, 2.630579;0.9324097, -0.8018689, 3.006924;1.080842, -0.7763163, 2.590194;
0.9878469, 0.8450124, 2.956694;1.046613, 0.6563466, 2.933785;0.9906821, 0.2489057, 2.89523;0.9548044, 0.5268679, 3.0892;1.090739, 0.5151244, 2.802586;0.8579129, -0.02225143, 3.012202;0.9873253, -0.009551852, 2.635423;0.979453, 0.1676695, 2.891105;0.9407611, 0.1072481, 2.934091;1.001876, 0.1143413, 2.836474;0.9774582, -0.3735052, 3.007277;1.075666, -0.3392177, 2.711646;0.9848119, -0.7395475, 3.022661;1.117312, -0.7056283, 2.630364;0.9328395, -0.8019044, 3.00772;1.084315, -0.7774607, 2.592385;
0.9901226, 0.8406343, 2.956075;1.046765, 0.6564502, 2.93368;0.9906725, 0.2489867, 2.895269;0.9549926, 0.5269327, 3.089202;1.090696, 0.5151919, 2.802613;0.8577709, -0.0224411, 3.01203;0.9874602, -0.009476801, 2.635308;0.9794254, 0.1677438, 2.891165;0.9407648, 0.1071712, 2.934145;1.001727, 0.1146216, 2.836446;0.9774505, -0.3732278, 3.007343;1.075787, -0.3390611, 2.711738;0.9846256, -0.7353303, 3.022304;1.117497, -0.7048784, 2.630454;0.9308938, -0.802926, 3.008675;1.08768, -0.7782234, 2.594003;
0.9895317, 0.8422596, 2.962307;1.046496, 0.6562676, 2.933369;0.990701, 0.2489639, 2.895256;0.9542448, 0.5248568, 3.087392;1.090603, 0.5152648, 2.802553;0.8576467, -0.02424828, 3.0119;0.9876477, -0.009235579, 2.635336;0.9794858, 0.1677182, 2.891167;0.940981, 0.106643, 2.934022;1.001901, 0.1147249, 2.836378;0.9775732, -0.3731961, 3.00731;1.075189, -0.3382047, 2.711887;0.9864619, -0.7350515, 3.022657;1.117501, -0.7042198, 2.630428;0.9195863, -0.8003006, 3.010902;1.082689, -0.7777787, 2.588429;
0.9889586, 0.8432782, 2.962277;1.046395, 0.6563456, 2.933364;0.9906892, 0.2489323, 2.895272;0.9531218, 0.5220991, 3.085911;1.090605, 0.5153286, 2.802553;0.8578166, -0.0243626, 3.012233;0.9873739, -0.00929781, 2.635288;0.9794833, 0.1676441, 2.891183;0.9408986, 0.1063082, 2.933959;1.001985, 0.1146456, 2.836342;0.9777346, -0.370832, 3.007294;1.075176, -0.3382699, 2.711834;0.9866474, -0.7346967, 3.022793;1.116687, -0.7046412, 2.629424;0.9209789, -0.7988927, 3.011107;1.082333, -0.7784948, 2.587176;
0.9897046, 0.8395573, 2.961858;1.046327, 0.6565446, 2.933466;0.9905912, 0.2488199, 2.895397;0.953315, 0.5226021, 3.085981;1.090488, 0.5154672, 2.802542;0.8578978, -0.0247429, 3.01297;0.9864565, -0.009161648, 2.634282;0.9793482, 0.1674027, 2.891358;0.9408442, 0.1061716, 2.933978;1.001873, 0.114604, 2.836612;0.977881, -0.3708955, 3.007339;1.075338, -0.338436, 2.71183;0.986998, -0.7355296, 3.022737;1.11649, -0.7064831, 2.628417;0.9207098, -0.7997285, 3.010845;1.083752, -0.7791733, 2.587524;
0.9890465, 0.8406513, 2.961948;1.046165, 0.6566145, 2.933302;0.9905944, 0.2487909, 2.895368;0.9531998, 0.5225579, 3.085851;1.090414, 0.5158247, 2.801889;0.8579044, -0.02488243, 3.013036;0.9870609, -0.008739421, 2.63389;0.9793734, 0.1673501, 2.891333;0.940887, 0.1060969, 2.933746;1.001993, 0.1146602, 2.836675;0.9776504, -0.3699212, 3.006168;1.075609, -0.3381346, 2.711787;0.987331, -0.7360079, 3.023047;1.115911, -0.7059892, 2.628061;0.9209896, -0.7997627, 3.010641;1.077079, -0.7781832, 2.583436;
0.9882905, 0.8417197, 2.962491;1.046619, 0.6569605, 2.933664;0.9906194, 0.2487512, 2.895514;0.9525082, 0.5226699, 3.08497;1.090395, 0.515894, 2.801858;0.8577477, -0.02508079, 3.0128;0.987411, -0.009175726, 2.634325;0.9793679, 0.1672543, 2.891496;0.9408363, 0.1060721, 2.933749;1.002112, 0.1146948, 2.837157;0.9778237, -0.3700012, 3.005961;1.076065, -0.3412478, 2.711174;0.9861844, -0.7362025, 3.023388;1.116021, -0.7062998, 2.627914;0.921427, -0.8007369, 3.011754;1.077596, -0.777871, 2.583598;
0.988934, 0.8391491, 2.962685;1.04645, 0.6573637, 2.933754;0.9906107, 0.248695, 2.895521;0.9524603, 0.5223434, 3.08437;1.090367, 0.5159789, 2.801882;0.8572832, -0.02523402, 3.011666;0.9858294, -0.00971711, 2.633652;0.9793749, 0.1670749, 2.891473;0.9408579, 0.1056784, 2.933532;1.002136, 0.1146867, 2.837181;0.9785689, -0.3705366, 3.006247;1.076068, -0.3411839, 2.711221;0.9866644, -0.7370892, 3.023389;1.115738, -0.7051697, 2.628168;0.9285556, -0.7996258, 3.009763;1.077483, -0.7776759, 2.58338;
0.9895773, 0.836523, 2.962852;1.046168, 0.6572909, 2.93351;0.9905529, 0.248791, 2.895782;0.9543865, 0.5252934, 3.087338;1.090305, 0.5162357, 2.801912;0.8575355, -0.02565585, 3.01203;0.9864861, -0.009004883, 2.633316;0.979356, 0.1672335, 2.891956;0.940983, 0.1058674, 2.934023;1.002075, 0.1151529, 2.837949;0.9787037, -0.3705287, 3.006264;1.075887, -0.34022, 2.71152;0.9867108, -0.7371742, 3.023358;1.115496, -0.7048779, 2.627696;0.9285082, -0.7995979, 3.009339;1.07859, -0.77784, 2.584166;
0.9891268, 0.8374207, 2.962891;1.045456, 0.6572353, 2.934205;0.9904806, 0.2487503, 2.895879;0.9552144, 0.5253057, 3.09093;1.090219, 0.5163349, 2.801893;0.8574824, -0.02583439, 3.011801;0.9865624, -0.008337767, 2.632824;0.9793333, 0.1671982, 2.892002;0.9410111, 0.1057141, 2.934114;1.002053, 0.1151398, 2.83792;0.9792095, -0.3708542, 3.00627;1.076137, -0.33868, 2.711599;0.9868078, -0.7371594, 3.023362;1.115126, -0.7048165, 2.627339;0.9276023, -0.7995384, 3.009557;1.085126, -0.779156, 2.588569;
0.9884759, 0.8382885, 2.962564;1.04573, 0.6574214, 2.934347;0.9906704, 0.2489349, 2.89629;0.9550543, 0.5254606, 3.091036;1.090281, 0.5164963, 2.802008;0.8573447, -0.02556718, 3.011727;0.9870848, -0.008362578, 2.632883;0.9795192, 0.1673682, 2.892466;0.941102, 0.1055051, 2.93478;1.002249, 0.115311, 2.838121;0.9790569, -0.370729, 3.006267;1.076042, -0.3388699, 2.711455;0.986856, -0.7370837, 3.023338;1.117396, -0.7056065, 2.627924;0.9276568, -0.8000597, 3.010486;1.084627, -0.7788403, 2.587999;
0.9881301, 0.8391832, 2.963125;1.045455, 0.6573167, 2.934178;0.9905828, 0.2488977, 2.896342;0.9550211, 0.5256371, 3.090975;1.090227, 0.5164939, 2.801908;0.8572226, -0.0254439, 3.011132;0.9873041, -0.008044733, 2.632682;0.9794528, 0.1673304, 2.892538;0.9410858, 0.1055019, 2.934781;1.002165, 0.1154117, 2.838371;0.9795735, -0.3705963, 3.006373;1.075901, -0.3386121, 2.711487;0.986812, -0.7370238, 3.023039;1.117452, -0.7050358, 2.628464;0.9365351, -0.8083686, 2.975558;1.084363, -0.7784774, 2.58744;
0.9878052, 0.8397639, 2.96302;1.045509, 0.6572559, 2.934301;0.9906386, 0.2488907, 2.896373;0.9547819, 0.5253679, 3.091083;1.090214, 0.5165656, 2.801688;0.8572833, -0.02536492, 3.011215;0.9864836, -0.008499949, 2.631737;0.9795285, 0.1673255, 2.892553;0.9411904, 0.1054057, 2.934721;1.002303, 0.1154619, 2.838348;0.9796261, -0.3706267, 3.006414;1.075711, -0.3378363, 2.711422;0.9869148, -0.7371439, 3.023023;1.117021, -0.7041885, 2.628251;0.9257267, -0.8031774, 2.997829;1.084476, -0.7784705, 2.587527;
0.9875215, 0.8406274, 2.963231;1.045529, 0.6573366, 2.934256;0.9906445, 0.2488888, 2.896384;0.9545819, 0.5250509, 3.091121;1.089937, 0.5167156, 2.801446;0.8571204, -0.0248882, 3.011494;0.986184, -0.00863049, 2.630389;0.9795418, 0.1673118, 2.89257;0.941221, 0.105417, 2.934705;1.002333, 0.1154818, 2.8384;0.9796268, -0.3706319, 3.006419;1.075695, -0.336552, 2.711548;0.9868864, -0.7372866, 3.022993;1.116363, -0.7033536, 2.628301;0.928328, -0.8011478, 3.000865;1.085144, -0.7783822, 2.587799;
0.9868913, 0.8412995, 2.963727;1.045684, 0.6574275, 2.934338;0.9906518, 0.2489262, 2.896448;0.9546328, 0.5254342, 3.090198;1.089872, 0.5167944, 2.801518;0.8574681, -0.02496656, 3.012378;0.9872392, -0.007937403, 2.630568;0.9795378, 0.1673395, 2.89263;0.9412243, 0.1054074, 2.934757;1.002306, 0.1155223, 2.838425;0.9796253, -0.3705619, 3.00643;1.075742, -0.3375352, 2.711412;0.9869773, -0.7381438, 3.022676;1.118072, -0.7079674, 2.628596;0.9276237, -0.800688, 3.000767;1.081719, -0.7807945, 2.583339;
0.9828554, 0.8413506, 2.970501;1.045514, 0.6575397, 2.934237;0.9906926, 0.2489401, 2.896551;0.9545077, 0.5250186, 3.089613;1.089764, 0.5169409, 2.80161;0.857453, -0.02497547, 3.012331;0.9872441, -0.007916747, 2.63059;0.979645, 0.1673338, 2.892812;0.9414746, 0.1050652, 2.935288;1.002395, 0.1155279, 2.838457;0.9796569, -0.3706982, 3.00642;1.075784, -0.338009, 2.711211;0.9874536, -0.738482, 3.023279;1.119214, -0.7087151, 2.629221;0.9274279, -0.8009335, 3.001465;1.082404, -0.7804582, 2.585254;
0.9833925, 0.8423567, 2.977514;1.045672, 0.6574937, 2.933621;0.990963, 0.2484742, 2.896515;0.9545537, 0.5218949, 3.085875;1.089722, 0.5169988, 2.801543;0.8576485, -0.0242386, 3.011998;0.9874209, -0.007868272, 2.630572;0.9800058, 0.1666662, 2.892875;0.9418505, 0.1047736, 2.935066;1.002806, 0.1153584, 2.838925;0.9795715, -0.370541, 3.00627;1.07572, -0.337964, 2.711163;0.9874308, -0.7386528, 3.023239;1.118872, -0.7084972, 2.629285;0.9291086, -0.8003066, 3.003587;1.081401, -0.7802446, 2.585035;
0.9814591, 0.8424629, 2.976136;1.045992, 0.6576783, 2.933967;0.9909406, 0.2485026, 2.896559;0.9547577, 0.5226979, 3.087343;1.089564, 0.5168188, 2.801476;0.8577489, -0.0243661, 3.01211;0.9877506, -0.007784273, 2.630843;0.9799551, 0.1666909, 2.892903;0.9418129, 0.1047879, 2.935078;1.00267, 0.1153943, 2.838894;0.9795944, -0.3705143, 3.006251;1.075788, -0.3381241, 2.711213;0.9874673, -0.7386348, 3.023263;1.117523, -0.7070921, 2.629246;0.9291206, -0.8002993, 3.003596;1.088565, -0.7809499, 2.587539;
0.9785286, 0.8427668, 2.971041;1.046433, 0.6587298, 2.933832;0.9909825, 0.2487866, 2.896603;0.954625, 0.5227044, 3.087379;1.089564, 0.51684, 2.801475;0.8580118, -0.02408489, 3.012238;0.9879217, -0.007444993, 2.630777;0.9799584, 0.1668826, 2.892948;0.9417742, 0.1047675, 2.935169;1.002674, 0.115522, 2.838793;0.9801348, -0.3704681, 3.00661;1.075705, -0.3384073, 2.711161;0.9876989, -0.7386572, 3.023366;1.118065, -0.7072776, 2.629505;0.9287082, -0.8001164, 3.003703;1.08835, -0.7808477, 2.587522;
0.9778181, 0.8426034, 2.973118;1.04632, 0.6581663, 2.932925;0.9909643, 0.2485748, 2.896478;0.9546763, 0.5207315, 3.082683;1.089524, 0.5166566, 2.801407;0.8580441, -0.02490175, 3.012015;0.9879222, -0.007580259, 2.63082;0.9799446, 0.1667006, 2.892885;0.9417619, 0.1045465, 2.935141;1.002674, 0.1153853, 2.838716;0.980566, -0.3703934, 3.006619;1.07581, -0.3389759, 2.711081;0.9876909, -0.7385857, 3.023335;1.117998, -0.7072805, 2.629559;0.9305509, -0.8006024, 3.003691;1.088002, -0.7808298, 2.587629;
0.9767881, 0.8430257, 2.972676;1.046133, 0.6583065, 2.932276;0.9909329, 0.2487853, 2.896398;0.9538062, 0.5222482, 3.084176;1.089436, 0.5167531, 2.801507;0.8581729, -0.02423239, 3.013498;0.9879009, -0.007596558, 2.630848;0.9799244, 0.1669413, 2.892859;0.9417333, 0.1046303, 2.935124;1.002696, 0.1156778, 2.838708;0.9805291, -0.3700199, 3.006619;1.075842, -0.3388492, 2.711197;0.987712, -0.7385995, 3.023344;1.118451, -0.7030842, 2.6304;0.9286141, -0.8006362, 3.003049;1.0808, -0.7773784, 2.583243;
0.9788185, 0.8454907, 2.970037;1.046074, 0.6595093, 2.93128;0.9909475, 0.249038, 2.896178;0.9547464, 0.5243263, 3.08882;1.089556, 0.5170334, 2.801096;0.858586, -0.02444467, 3.01481;0.9879173, -0.007453565, 2.630658;0.9799399, 0.1670827, 2.892733;0.9418381, 0.1048722, 2.934758;1.002709, 0.1161058, 2.838724;0.9806485, -0.3704262, 3.006746;1.075806, -0.3388415, 2.71113;0.9878711, -0.7385668, 3.023147;1.118345, -0.7023534, 2.630058;0.9280176, -0.8009892, 3.003042;1.078311, -0.7765093, 2.582525;
0.9793183, 0.8457654, 2.966954;1.046054, 0.6591746, 2.931448;0.9909315, 0.2487605, 2.896285;0.954657, 0.5231489, 3.08917;1.089567, 0.5169778, 2.801188;0.8583681, -0.02402546, 3.014371;0.9876578, -0.007843011, 2.630315;0.9799226, 0.1667935, 2.89284;0.94181, 0.1046756, 2.934795;1.002733, 0.1159545, 2.838845;0.9806199, -0.3703847, 3.006699;1.075714, -0.3386432, 2.711221;0.9879435, -0.7382771, 3.022746;1.118141, -0.7014416, 2.629331;0.9285995, -0.800529, 3.003775;1.07631, -0.7764842, 2.581718;
0.9774873, 0.845912, 2.966729;1.045645, 0.659357, 2.9318;0.9908366, 0.2489803, 2.896417;0.9536474, 0.5244583, 3.091896;1.089423, 0.5170553, 2.801209;0.8584854, -0.02331718, 3.015415;0.9876755, -0.007721249, 2.630349;0.979866, 0.1670154, 2.892951;0.9417675, 0.1048947, 2.934823;1.00272, 0.1161604, 2.838986;0.9803804, -0.3700401, 3.006763;1.075817, -0.3376435, 2.711411;0.9873267, -0.7343467, 3.022662;1.11903, -0.7009598, 2.629879;0.9305117, -0.79952, 3.004472;1.076381, -0.7761607, 2.582258;
0.9785975, 0.8467253, 2.965401;1.045617, 0.6593443, 2.931714;0.9911183, 0.2490371, 2.896339;0.9528893, 0.5238848, 3.091663;1.089762, 0.5170172, 2.800836;0.8585761, -0.02312163, 3.015559;0.9877225, -0.007569756, 2.630077;0.9802806, 0.1670913, 2.892877;0.9421408, 0.1050482, 2.934452;1.003669, 0.1162807, 2.839246;0.9801215, -0.3693491, 3.006426;1.075581, -0.3371171, 2.711567;0.9873413, -0.732823, 3.022537;1.11925, -0.7010902, 2.630302;0.9331484, -0.8026208, 2.991677;1.076024, -0.7759563, 2.58199;
0.9779457, 0.8454112, 2.958568;1.045713, 0.6582954, 2.931493;0.9911521, 0.2489666, 2.896388;0.9523472, 0.5232411, 3.091121;1.08987, 0.5167932, 2.800756;0.8581564, -0.0235373, 3.014263;0.9876807, -0.007619013, 2.62941;0.9803089, 0.1670656, 2.892941;0.9420491, 0.1048105, 2.934718;1.003775, 0.1161159, 2.839243;0.9804838, -0.3700443, 3.006088;1.075537, -0.3376056, 2.711734;0.9879117, -0.7345118, 3.022937;1.119127, -0.7008604, 2.630241;0.9329758, -0.8049887, 3.001441;1.075195, -0.77589, 2.581912;
0.9756331, 0.8457047, 2.959068;1.045193, 0.658654, 2.930478;0.9911664, 0.2490248, 2.896427;0.9519945, 0.5234191, 3.091837;1.089597, 0.5168421, 2.800677;0.8582553, -0.02285343, 3.015229;0.9876509, -0.007718638, 2.629397;0.9803742, 0.1671551, 2.8931;0.9421701, 0.1049732, 2.935019;1.003866, 0.1161199, 2.839457;0.9805013, -0.3700477, 3.006197;1.075479, -0.3375299, 2.711741;0.9879878, -0.7345161, 3.022936;1.119162, -0.6983775, 2.629974;0.9350027, -0.8037943, 2.990796;1.073913, -0.7748516, 2.580713;
0.9737749, 0.8454162, 2.957124;1.044886, 0.6585895, 2.929948;0.9911712, 0.2491569, 2.89655;0.9512351, 0.5233058, 3.092316;1.089502, 0.5168578, 2.800519;0.8582522, -0.02228532, 3.015309;0.9874532, -0.008516621, 2.628825;0.9804319, 0.1673996, 2.893426;0.9420879, 0.1049713, 2.935834;1.003952, 0.1161175, 2.839551;0.9801783, -0.3700181, 3.006114;1.075366, -0.3377136, 2.711762;0.9877791, -0.7343682, 3.022867;1.119073, -0.698293, 2.629981;0.9339439, -0.8030441, 2.995851;1.073899, -0.7748507, 2.580917;
0.9718783, 0.8453207, 2.960328;1.044714, 0.6584627, 2.930141;0.9913805, 0.2494316, 2.897372;0.9507811, 0.5224308, 3.091725;1.087386, 0.5152712, 2.800271;0.8571295, -0.02348033, 3.015502;0.9872304, -0.009199647, 2.628039;0.980798, 0.1678196, 2.894521;0.9429985, 0.1039497, 2.939672;1.004007, 0.1159232, 2.839548;0.9801928, -0.3705295, 3.00627;1.074737, -0.3385857, 2.711666;0.9877768, -0.7343848, 3.022889;1.119979, -0.6991976, 2.630415;0.9327104, -0.8027067, 2.998859;1.073649, -0.7747487, 2.58074;
0.970744, 0.8458227, 2.960483;1.042463, 0.6579447, 2.928257;0.9917301, 0.2517045, 2.898626;0.9494448, 0.5221651, 3.094588;1.086265, 0.5152236, 2.7998;0.8561517, -0.02360553, 3.015919;0.9866638, -0.00895595, 2.62775;0.9818781, 0.1714687, 2.896949;0.9444239, 0.1053753, 2.944449;1.004399, 0.1164732, 2.839732;0.9801176, -0.3705687, 3.006312;1.074481, -0.3387345, 2.711627;0.9887536, -0.7330357, 3.022505;1.119674, -0.6981874, 2.629802;0.932108, -0.8021995, 2.999029;1.073197, -0.7740871, 2.579786;
0.9684084, 0.8443916, 2.963051;1.038905, 0.6553203, 2.9246;0.9922009, 0.2518721, 2.898637;0.9484384, 0.5220872, 3.095014;1.085765, 0.5152045, 2.799752;0.8517004, -0.02641465, 3.018824;0.9797128, -0.01201554, 2.615567;0.9830827, 0.1718804, 2.897229;0.9459379, 0.1053464, 2.945225;1.006505, 0.1161944, 2.839723;0.9781786, -0.368744, 3.004755;1.073897, -0.3454835, 2.711023;0.9899164, -0.7313265, 3.022875;1.123029, -0.7022917, 2.635575;0.9313709, -0.7996334, 2.999819;1.073122, -0.7741164, 2.579859;
0.9661158, 0.8391113, 2.962369;1.031542, 0.6501869, 2.921007;0.9929599, 0.251371, 2.89889;0.9472806, 0.5209565, 3.095064;1.083635, 0.5143021, 2.799151;0.849918, -0.0259301, 3.01943;0.9762963, -0.01125587, 2.610878;0.985191, 0.17129, 2.898046;0.9498236, 0.1042168, 2.946681;1.00983, 0.1151194, 2.840854;0.9778563, -0.363368, 3.004043;1.073676, -0.3426199, 2.711264;0.9925129, -0.7154963, 3.027194;1.120083, -0.6999501, 2.632677;0.9324653, -0.7910396, 3.004382;1.072695, -0.7739783, 2.579776;
0.9601024, 0.835593, 2.960819;1.02724, 0.6489846, 2.918486;0.9938616, 0.2517464, 2.899281;0.9425257, 0.5214564, 3.099988;1.079541, 0.5138803, 2.7979;0.841306, -0.02252872, 3.019944;0.9731941, -0.007637158, 2.607853;0.9876508, 0.1722968, 2.899243;0.9536029, 0.1053963, 2.948152;1.013262, 0.1159743, 2.842791;0.9741436, -0.3564242, 3.0015;1.073393, -0.3413919, 2.711196;0.9929628, -0.7101428, 3.027085;1.119081, -0.6979996, 2.632463;0.9326518, -0.7892784, 3.005108;1.072677, -0.7734692, 2.579901;
0.9376996, 0.8240432, 2.940031;1.020458, 0.6465961, 2.915961;0.9966357, 0.2501939, 2.899922;0.9359411, 0.517883, 3.100839;1.069929, 0.5097994, 2.795513;0.838035, -0.02332304, 3.021808;0.9685248, -0.005999506, 2.603995;0.9933439, 0.1701425, 2.900735;0.9616474, 0.1041236, 2.949118;1.021387, 0.1141902, 2.846087;0.9729928, -0.3552734, 3.001597;1.072894, -0.3407941, 2.71053;0.9928866, -0.7085339, 3.027225;1.117674, -0.6969475, 2.631128;0.9321541, -0.7861536, 3.004362;1.07243, -0.7730612, 2.57974;
0.9303483, 0.8190396, 2.935042;1.010466, 0.6417825, 2.909139;1.000422, 0.2473884, 2.899718;0.9235511, 0.5053415, 3.089489;1.064843, 0.5064086, 2.794432;0.8349298, -0.02479342, 3.020951;0.9627619, -0.00401178, 2.598628;0.9999665, 0.1669525, 2.901327;0.9702187, 0.1001062, 2.950022;1.030719, 0.1112444, 2.847611;0.9717181, -0.3547476, 3.000991;1.072586, -0.3406461, 2.710001;0.9905071, -0.7069397, 3.025389;1.117649, -0.6969804, 2.631165;0.9314314, -0.7838421, 3.003728;1.072066, -0.7725548, 2.579006;
0.9200985, 0.8147838, 2.939052;1.004007, 0.6401734, 2.906512;1.003881, 0.251608, 2.900625;0.9174244, 0.5012763, 3.082887;1.063245, 0.5050592, 2.793632;0.8178312, -0.04197419, 3.017031;0.9583808, -0.002189629, 2.595365;1.006634, 0.1751478, 2.903586;0.9788151, 0.09978809, 2.960361;1.038364, 0.1138194, 2.843883;0.9700471, -0.3532527, 2.999454;1.072672, -0.3410703, 2.709221;0.99124, -0.7061878, 3.025808;1.117633, -0.6969525, 2.631099;0.9314684, -0.7835402, 3.003699;1.0716, -0.7722442, 2.578571;
0.9103157, 0.80638, 2.931933;0.9860049, 0.6297355, 2.904412;1.007396, 0.2488964, 2.902854;0.9135857, 0.4982363, 3.081897;1.056347, 0.501116, 2.790801;0.8079214, -0.04686339, 3.016459;0.950129, -0.0005745217, 2.591001;1.013148, 0.1717915, 2.907102;0.9893068, 0.09397539, 2.969038;1.050197, 0.1090507, 2.84528;0.967904, -0.3527394, 2.999049;1.072939, -0.3410613, 2.707772;0.9914547, -0.7042422, 3.02627;1.117684, -0.6971241, 2.630706;0.9315078, -0.7831575, 3.00439;1.071066, -0.7717711, 2.578053;
0.9036862, 0.7972232, 2.928988;0.9765036, 0.620757, 2.904167;1.011329, 0.2447413, 2.905681;0.9049255, 0.4889998, 3.076991;1.051154, 0.4975298, 2.788632;0.8047749, -0.03873362, 3.01576;0.9434027, -0.004130997, 2.586721;1.019363, 0.1679757, 2.910603;0.9964188, 0.08957622, 2.973887;1.059582, 0.1051863, 2.84774;0.9653547, -0.3524814, 2.999584;1.073433, -0.3483441, 2.703766;0.9912552, -0.703291, 3.026327;1.116084, -0.6981856, 2.628875;0.9322881, -0.7820665, 3.00497;1.07089, -0.7721242, 2.577003;
0.881644, 0.7790731, 2.91911;0.9615085, 0.6080993, 2.904318;1.014554, 0.2322617, 2.911489;0.8908008, 0.47183, 3.072299;1.039457, 0.4871554, 2.784778;0.7945504, -0.0540022, 3.010126;0.9355178, -0.01592214, 2.581932;1.025491, 0.1554132, 2.917334;1.001659, 0.08220445, 2.977585;1.068066, 0.09553729, 2.856911;0.9626075, -0.355509, 3.000472;1.072885, -0.3515254, 2.702053;0.9891264, -0.7077266, 3.024798;1.116817, -0.700485, 2.629355;0.9316695, -0.7832432, 3.004986;1.070857, -0.7720247, 2.576989;
0.8636095, 0.7647901, 2.916486;0.9506596, 0.5979849, 2.899625;1.016639, 0.2276304, 2.913483;0.8763345, 0.4544101, 3.061208;1.030582, 0.4779478, 2.780466;0.7776038, -0.07124895, 2.991074;0.9281984, -0.0208398, 2.578795;1.029504, 0.1512743, 2.92028;1.010184, 0.07342386, 2.984914;1.075585, 0.09019253, 2.860251;0.9616642, -0.356069, 3.000676;1.073287, -0.3538733, 2.700685;0.9903708, -0.7059993, 3.026138;1.113099, -0.6966151, 2.627015;0.9317234, -0.7828816, 3.005116;1.070806, -0.7713823, 2.576556;
0.8428308, 0.7466512, 2.902969;0.9256852, 0.5739838, 2.889091;1.020638, 0.2058288, 2.914327;0.8674728, 0.4379673, 3.057078;1.016637, 0.4613787, 2.773885;0.770818, -0.08304341, 2.985656;0.9215451, -0.03601654, 2.574675;1.038701, 0.1297702, 2.922755;1.020832, 0.05506772, 2.985156;1.085736, 0.07804927, 2.865026;0.9603074, -0.3582079, 3.001472;1.073759, -0.3673993, 2.696259;0.9889951, -0.7067395, 3.02592;1.112238, -0.697539, 2.626458;0.9254187, -0.7820157, 3.004118;1.070558, -0.7715253, 2.576159;
0.8187397, 0.716907, 2.894965;0.9140085, 0.5556053, 2.883211;1.021252, 0.1913881, 2.914873;0.8549418, 0.4050372, 3.051609;1.005602, 0.444201, 2.769032;0.7655371, -0.08871628, 2.984813;0.9163672, -0.05117565, 2.571888;1.041615, 0.1175082, 2.924372;1.025365, 0.0431399, 2.98679;1.09152, 0.06710138, 2.868643;0.959676, -0.3616978, 3.004534;1.07303, -0.3717406, 2.695283;0.9895055, -0.7056124, 3.026721;1.111786, -0.6976994, 2.625684;0.9265714, -0.7818102, 3.004658;1.07024, -0.7717143, 2.575417;
0.8069201, 0.7014067, 2.886325;0.8998008, 0.5360266, 2.878109;1.022276, 0.1760497, 2.919371;0.8455021, 0.3905118, 3.04319;0.9898238, 0.4163953, 2.765325;0.7468364, -0.1258567, 2.987713;0.8887037, -0.1206828, 2.558479;1.045887, 0.1023429, 2.931073;1.032917, 0.02946079, 2.994479;1.09946, 0.04917241, 2.879264;0.9575397, -0.3679648, 3.008847;1.071341, -0.376525, 2.694708;0.9894536, -0.7052706, 3.027281;1.110092, -0.698877, 2.623768;0.9272519, -0.7806933, 3.00372;1.070157, -0.7721155, 2.575064;
0.7799162, 0.6511071, 2.877655;0.8807188, 0.4949716, 2.87202;1.02344, 0.1464573, 2.923369;0.83311, 0.3657428, 3.034422;0.9821377, 0.3885056, 2.762312;0.7402381, -0.155599, 2.978643;0.8910353, -0.1265133, 2.55255;1.050842, 0.07593514, 2.936742;1.038785, 0.010537, 2.999375;1.106809, 0.02722724, 2.886367;0.9541866, -0.3843415, 3.014758;1.069918, -0.3785943, 2.694764;0.9886875, -0.7034149, 3.027104;1.10741, -0.6996787, 2.622194;0.9260269, -0.779799, 3.004832;1.067909, -0.7721002, 2.573888;
0.7629303, 0.6202152, 2.863447;0.8697482, 0.4589671, 2.864855;1.022639, 0.1307119, 2.924511;0.8222716, 0.318224, 3.019592;0.9731448, 0.3675148, 2.758445;0.7279823, -0.1820222, 2.974856;0.8912108, -0.1401372, 2.550688;1.051815, 0.06361931, 2.939036;1.043846, -0.004852733, 3.00557;1.110665, 0.009884125, 2.889462;0.949236, -0.3970364, 3.016257;1.064048, -0.3874331, 2.692971;0.9876534, -0.7029964, 3.027291;1.107032, -0.700534, 2.621541;0.92553, -0.7800059, 3.005211;1.067552, -0.7723503, 2.573909;
0.7484932, 0.5922999, 2.857484;0.8634012, 0.4324938, 2.860032;1.027363, 0.1051325, 2.922265;0.8144104, 0.2684699, 3.01283;0.960354, 0.3299505, 2.748194;0.7239824, -0.2124783, 2.980865;0.8778628, -0.1930683, 2.53766;1.05963, 0.03942098, 2.938023;1.053762, -0.02481497, 3.004999;1.119902, -0.009015426, 2.889208;0.9403022, -0.4109502, 3.019964;1.060516, -0.3916024, 2.692527;0.9855938, -0.7041235, 3.029789;1.104518, -0.7007589, 2.619308;0.9222301, -0.7783552, 3.004675;1.066126, -0.7725955, 2.572846;
0.7354383, 0.5622842, 2.841763;0.8500648, 0.3968811, 2.854876;1.028578, 0.09283641, 2.918205;0.8101636, 0.2627322, 3.009118;0.958092, 0.3096846, 2.744671;0.7208395, -0.2377148, 2.980294;0.8856992, -0.1991695, 2.536497;1.062585, 0.02996098, 2.9343;1.059008, -0.03695513, 2.999586;1.124311, -0.014181, 2.886714;0.9295299, -0.4168212, 3.021495;1.057186, -0.3955724, 2.691591;0.9834082, -0.7027957, 3.033454;1.10338, -0.7014555, 2.618995;0.9254584, -0.7781079, 3.007676;1.063837, -0.7735856, 2.57349;
0.7179292, 0.5011572, 2.83414;0.8390211, 0.3646961, 2.845264;1.00242, 0.03285974, 2.916309;0.8009089, 0.2146627, 2.994416;0.9487334, 0.2718589, 2.740259;0.7258689, -0.2800034, 2.995856;0.8740579, -0.2740513, 2.534801;1.035518, -0.03228933, 2.934486;1.03521, -0.087729, 2.979196;1.08589, -0.07539524, 2.90901;0.9065611, -0.4631734, 3.027836;1.055341, -0.4171877, 2.685047;0.9824501, -0.7024401, 3.032445;1.105241, -0.7198339, 2.615512;0.9210434, -0.779004, 3.004496;1.063088, -0.7744933, 2.572767;
0.711043, 0.480003, 2.828739;0.8283344, 0.3251814, 2.832826;1.009212, 0.02670404, 2.911612;0.7967794, 0.189638, 2.990168;0.9457158, 0.2419855, 2.737004;0.70952, -0.3138931, 2.980629;0.8751824, -0.3160007, 2.534971;1.045047, -0.03659067, 2.929647;1.049297, -0.09625006, 2.980577;1.106822, -0.08010337, 2.894759;0.90047, -0.4636115, 3.026346;1.053617, -0.4246952, 2.682059;0.9822657, -0.7027913, 3.032369;1.105083, -0.7266018, 2.614077;0.9210054, -0.7794833, 3.004006;1.060098, -0.7775342, 2.569604;
0.687351, 0.4285485, 2.818725;0.8263118, 0.292681, 2.831484;1.01927, -0.02421211, 2.913713;0.7889743, 0.1387214, 2.987765;0.9440138, 0.2034619, 2.730827;0.7109058, -0.3367683, 2.987694;0.8753248, -0.3458754, 2.537278;1.057959, -0.0860393, 2.933816;1.054844, -0.1434217, 2.99197;1.122519, -0.1261635, 2.898845;0.8766919, -0.4990648, 3.022116;1.048172, -0.4843858, 2.664073;0.9523107, -0.792848, 3.044302;1.121397, -0.7823679, 2.613273;0.9077954, -0.7753538, 2.97864;1.055153, -0.7717229, 2.567475;
0.6844751, 0.3856029, 2.809838;0.8174539, 0.2405986, 2.827631;1.020706, -0.04535355, 2.907868;0.7886706, 0.1130459, 2.981308;0.9443856, 0.1845389, 2.729631;0.7128442, -0.3940542, 2.999861;0.8920309, -0.3156219, 2.542326;1.060632, -0.1044416, 2.927636;1.05914, -0.1646503, 2.982153;1.125398, -0.1389865, 2.895115;0.9094815, -0.4366173, 3.010707;1.048188, -0.4851152, 2.663785;0.9815164, -0.7023761, 3.031622;1.120344, -0.7822511, 2.613927;0.9229077, -0.7817345, 3.001742;1.054906, -0.772063, 2.566844;
0.6790768, 0.3549606, 2.793443;0.8169819, 0.2199019, 2.820753;0.9984402, -0.08492175, 2.891491;0.7815486, 0.09722162, 2.978427;0.9429591, 0.1445419, 2.728222;0.7112992, -0.4126176, 2.99423;0.8760077, -0.390838, 2.538205;1.034294, -0.1446184, 2.909571;1.034538, -0.2089153, 2.966603;1.100648, -0.1886445, 2.876303;0.9047732, -0.4567459, 3.01348;1.040105, -0.4881763, 2.659422;0.9816031, -0.7055572, 3.029129;1.100147, -0.7046139, 2.619;0.9167429, -0.7819054, 3.000065;1.062364, -0.7732054, 2.571571;
0.6740047, 0.310037, 2.787071;0.8164529, 0.1841576, 2.814087;1.00029, -0.1037618, 2.884401;0.7919322, 0.02622686, 2.972212;0.9407142, 0.114062, 2.722856;0.7052569, -0.4652407, 2.989764;0.8666296, -0.434935, 2.532024;1.036823, -0.1623626, 2.901983;1.043229, -0.2365074, 2.954857;1.100342, -0.2000974, 2.870443;0.90186, -0.4638305, 3.012649;1.02888, -0.498029, 2.652251;0.9812022, -0.7079954, 3.028912;1.099097, -0.7061543, 2.618874;0.9155511, -0.7825986, 2.999896;1.062322, -0.773031, 2.571711;
0.6729476, 0.2809536, 2.784017;0.8132972, 0.1482875, 2.81373;0.9986116, -0.120863, 2.880322;0.784394, 0.009797488, 2.967939;0.9349427, 0.09113422, 2.721262;0.7084522, -0.4823028, 2.99996;0.8807935, -0.4485587, 2.536172;1.035548, -0.1756092, 2.897696;1.042603, -0.2477276, 2.952271;1.099934, -0.2115502, 2.865069;0.8973632, -0.4695674, 3.011429;1.023008, -0.5047384, 2.649517;0.9803769, -0.7105967, 3.026918;1.098591, -0.707284, 2.618197;0.9167323, -0.7815102, 2.999242;1.062213, -0.7729357, 2.571699;
0.670598, 0.2471745, 2.781797;0.8118811, 0.1208087, 2.807021;1.012266, -0.1469013, 2.880284;0.7955226, -0.02793322, 2.950941;0.9376001, 0.05422699, 2.721527;0.7080916, -0.5160846, 3.009039;0.872759, -0.5022008, 2.534136;1.052703, -0.2011219, 2.898672;1.064907, -0.2722483, 2.957124;1.115415, -0.2306184, 2.864715;0.9008383, -0.540183, 3.021282;1.016922, -0.5096578, 2.64652;0.974521, -0.7145387, 3.023403;1.098094, -0.7130555, 2.618928;0.9174792, -0.7818103, 2.999773;1.062258, -0.7742714, 2.575047;
0.6685377, 0.225669, 2.779097;0.8075476, 0.09171253, 2.805294;1.004086, -0.1951128, 2.884197;0.79162, -0.06438439, 2.958406;0.937385, 0.03634608, 2.720334;0.70461, -0.5729295, 3.020209;0.8773566, -0.5304898, 2.525788;1.043563, -0.2512645, 2.90369;1.049165, -0.3251184, 2.961675;1.111609, -0.281111, 2.871863;0.9227619, -0.627602, 3.029612;0.9920653, -0.5023516, 2.642036;0.9704958, -0.7174683, 3.019572;1.097905, -0.7131275, 2.619251;0.9137648, -0.7822441, 2.997838;1.058553, -0.7766956, 2.571782;
0.6669912, 0.1930205, 2.776731;0.8089429, 0.06370182, 2.806258;0.993296, -0.2209061, 2.879491;0.7879599, -0.08629707, 2.959599;0.9363405, 0.01659152, 2.716509;0.7109175, -0.5796291, 3.016243;0.8940785, -0.53197, 2.529617;1.029416, -0.2790556, 2.89739;1.037367, -0.3597963, 2.952628;1.089263, -0.3155958, 2.865469;0.9228405, -0.6264358, 3.030784;0.9866444, -0.4982716, 2.644016;0.9639481, -0.7203739, 3.015548;1.097277, -0.7129014, 2.619171;0.9105605, -0.7833546, 2.997445;1.059423, -0.775808, 2.573397;
0.6671224, 0.1742621, 2.771547;0.8082069, 0.04047716, 2.808743;0.9918881, -0.2298951, 2.878119;0.7878806, -0.1141898, 2.964362;0.9367975, -0.0043898, 2.714607;0.7110024, -0.5803543, 3.014311;0.9019762, -0.5277942, 2.526948;1.028354, -0.285176, 2.895851;1.038877, -0.3700286, 2.955898;1.090822, -0.3220046, 2.859948;0.9456671, -0.6255238, 3.032922;0.9859664, -0.4986714, 2.644316;0.9590656, -0.7149538, 3.015973;1.096876, -0.7143421, 2.619238;0.9118969, -0.7842693, 2.997741;1.042427, -0.7808063, 2.551005;
0.6625926, 0.1517131, 2.768419;0.805505, 0.02483112, 2.807082;1.000871, -0.2261944, 2.877881;0.7836603, -0.1120479, 2.962415;0.9366096, -0.0306583, 2.720449;0.708679, -0.6101263, 3.016009;0.9059521, -0.5294608, 2.525128;1.044122, -0.2748474, 2.895708;1.076331, -0.3516004, 2.970437;1.122301, -0.2960979, 2.849814;0.8559003, -0.4998214, 3.00824;0.9845413, -0.4987151, 2.645417;0.9482234, -0.6925631, 3.011726;1.097046, -0.7162592, 2.619399;0.9041098, -0.7877933, 2.99858;1.068774, -0.7744588, 2.570588;
0.6642478, 0.1425377, 2.765761;0.8059418, 0.01266868, 2.805969;1.000857, -0.2268605, 2.87767;0.780766, -0.1128683, 2.961226;0.9358926, -0.03957222, 2.721011;0.7086729, -0.6299151, 3.02082;0.9122547, -0.527457, 2.524641;1.043607, -0.2752546, 2.895511;1.072403, -0.3550042, 2.972506;1.118277, -0.3016376, 2.848216;0.8783508, -0.5541, 3.019132;0.8755258, -0.4772445, 2.580212;0.9464134, -0.689321, 3.009737;1.096678, -0.7191217, 2.619978;0.9001822, -0.7881595, 2.99921;1.068161, -0.7756122, 2.569375;
0.662803, 0.1275173, 2.761545;0.8043629, -0.00545177, 2.805912;0.9966447, -0.2486813, 2.874848;0.7656477, -0.1706716, 2.992221;0.9315944, -0.05388136, 2.721518;0.7107162, -0.6344374, 3.023603;0.892851, -0.5915266, 2.511859;1.036111, -0.2979114, 2.892035;1.056514, -0.3979799, 2.965103;1.108037, -0.3274666, 2.846013;0.8700714, -0.6208992, 3.010748;0.8641065, -0.480282, 2.565826;0.9442294, -0.6859887, 3.009669;1.097532, -0.7204816, 2.619847;0.8963187, -0.7797909, 2.996774;1.067486, -0.7758543, 2.568968;
0.6616096, 0.1075851, 2.764058;0.8063366, -0.02598258, 2.808754;1.006866, -0.2882684, 2.882051;0.7916325, -0.1843737, 2.964727;0.930095, -0.06416584, 2.719254;0.7141944, -0.651292, 3.022198;0.8966223, -0.6325998, 2.504989;1.047364, -0.3408581, 2.90033;1.058348, -0.4091999, 2.961656;1.110095, -0.3535027, 2.862526;0.8644347, -0.6372314, 3.019788;0.8455241, -0.4419854, 2.574274;0.9464772, -0.6873304, 3.009215;1.098203, -0.7208986, 2.620456;0.895996, -0.7800365, 2.996649;1.067585, -0.775457, 2.569114;
0.6633717, 0.1024494, 2.763969;0.8058889, -0.03247309, 2.807946;1.007036, -0.2883976, 2.881667;0.7906739, -0.1839056, 2.963211;0.9288192, -0.07390518, 2.719261;0.7103723, -0.6779947, 3.023776;0.8977249, -0.6320894, 2.503273;1.047575, -0.3407129, 2.89989;1.059984, -0.4110678, 2.961252;1.110696, -0.3540828, 2.861845;0.864886, -0.6363797, 3.018853;0.8450692, -0.4397944, 2.574936;0.9451789, -0.6884546, 3.008733;1.102755, -0.7206538, 2.622444;0.8913752, -0.7827071, 2.994331;1.068322, -0.7731931, 2.571434;
0.66425, 0.09530976, 2.765999;0.8047264, -0.04177646, 2.806799;1.010164, -0.2928216, 2.878767;0.7898631, -0.1859362, 2.960215;0.9272875, -0.08802098, 2.717333;0.707593, -0.6800535, 3.015454;0.899307, -0.6533962, 2.499496;1.051366, -0.3440984, 2.896641;1.067335, -0.4192449, 2.954704;1.112979, -0.356409, 2.859646;0.8672773, -0.6307386, 3.011559;0.8418163, -0.4461359, 2.580709;0.9464432, -0.6898026, 3.009032;1.10188, -0.7214038, 2.62121;0.8915511, -0.7831597, 2.993062;1.067697, -0.7743611, 2.570476;
0.6645854, 0.09377638, 2.765691;0.8046405, -0.0443406, 2.806339;1.011921, -0.2958307, 2.877673;0.7893089, -0.1858284, 2.959755;0.9295651, -0.09227352, 2.718536;0.709034, -0.6827299, 3.015112;0.8989412, -0.6547533, 2.496999;1.053451, -0.3468013, 2.895438;1.068099, -0.4216237, 2.951649;1.114517, -0.3583767, 2.859958;0.8676034, -0.6284196, 3.00897;0.8414856, -0.448267, 2.584206;0.9458252, -0.690311, 3.008568;1.008891, -0.6953638, 2.551423;0.888851, -0.7822486, 2.99067;0.9647425, -0.7670913, 2.506768;
0.6654826, 0.09060481, 2.765865;0.8050886, -0.04685553, 2.806212;1.011595, -0.2958122, 2.876782;0.7882398, -0.1915678, 2.961691;0.9299252, -0.09482189, 2.717064;0.7072507, -0.6749024, 3.017344;0.8974712, -0.6555176, 2.496394;1.052853, -0.3462892, 2.894106;1.06805, -0.4219338, 2.951226;1.114224, -0.3583177, 2.858015;0.8680813, -0.6276222, 3.007555;0.8375497, -0.4496966, 2.587856;0.9445137, -0.6900884, 3.008245;1.013487, -0.690529, 2.554626;0.8890315, -0.7832165, 2.991136;0.9694886, -0.7623516, 2.509765;
0.6651271, 0.09013252, 2.765481;0.8046263, -0.04773884, 2.80581;1.008633, -0.2971905, 2.876581;0.7878328, -0.1907859, 2.960084;0.9296438, -0.09622805, 2.716509;0.7102277, -0.6900339, 3.013618;0.897492, -0.6392688, 2.49613;1.049155, -0.3475626, 2.894062;1.064211, -0.4231172, 2.952001;1.109137, -0.3629107, 2.858143;0.8636221, -0.6364962, 3.007885;0.8355771, -0.4496083, 2.584452;0.9441885, -0.6899143, 3.007809;1.100769, -0.7257848, 2.61796;0.8898807, -0.7838123, 2.991249;1.06516, -0.7786787, 2.56784;
0.6653433, 0.09014096, 2.765272;0.8045638, -0.04785314, 2.8057;1.00647, -0.2940854, 2.875106;0.7877222, -0.190725, 2.959815;0.9295724, -0.09651694, 2.716384;0.711545, -0.6746249, 3.010345;0.8963494, -0.643591, 2.494709;1.046139, -0.3426503, 2.891955;1.063556, -0.4210142, 2.952436;1.108063, -0.360933, 2.85472;0.8665867, -0.6329694, 3.007276;0.8346207, -0.4514532, 2.583336;0.9441428, -0.6899345, 3.007717;1.080852, -0.6690046, 2.613636;0.8895763, -0.783845, 2.991337;1.071468, -0.7696181, 2.57646;
0.6654127, 0.09081684, 2.764997;0.8045787, -0.04771976, 2.805517;1.002857, -0.289701, 2.873323;0.787316, -0.1908584, 2.960141;0.9292493, -0.09610783, 2.715801;0.7090784, -0.6794981, 3.019272;0.8903972, -0.6391792, 2.494116;1.041554, -0.3372381, 2.889858;1.06238, -0.4196873, 2.954403;1.10595, -0.3590508, 2.849305;0.8689958, -0.6318172, 3.008814;0.8322626, -0.4533176, 2.580695;0.9460062, -0.6913899, 3.007937;1.106398, -0.7179756, 2.621016;0.8897648, -0.7843239, 2.991457;1.067709, -0.7737566, 2.576447;
0.6653917, 0.09225581, 2.765456;0.8043882, -0.04757094, 2.8054;1.002843, -0.2896692, 2.873055;0.7861569, -0.1906984, 2.960515;0.9282534, -0.09521474, 2.715975;0.7169332, -0.6530467, 3.017618;0.8882108, -0.6351807, 2.491739;1.041612, -0.3372615, 2.889567;1.062049, -0.4195185, 2.953583;1.105999, -0.3587373, 2.849085;0.8690997, -0.6303752, 3.007959;0.8315637, -0.453405, 2.582572;0.9447232, -0.6909959, 3.006943;1.106068, -0.718377, 2.621233;0.8896685, -0.7849294, 2.992039;1.067927, -0.7738826, 2.575824;
0.665585, 0.09454467, 2.764764;0.8040475, -0.04682533, 2.805348;1.00127, -0.2925317, 2.872568;0.7847487, -0.1885273, 2.960662;0.9283885, -0.09559021, 2.716238;0.7170224, -0.6537486, 3.01763;0.8865509, -0.6333011, 2.491887;1.039657, -0.3423525, 2.889005;1.056499, -0.4232535, 2.950918;1.103169, -0.3640928, 2.849681;0.8668048, -0.6329545, 3.007829;0.8308679, -0.4582084, 2.58188;0.9490743, -0.6948686, 3.009386;1.105947, -0.7180088, 2.62116;0.8901879, -0.7861915, 2.992818;1.069364, -0.7741774, 2.575254;
0.6681131, 0.09933633, 2.765994;0.8045446, -0.04468499, 2.805447;1.002053, -0.2896435, 2.871102;0.7824677, -0.1846076, 2.96271;0.9276149, -0.09445696, 2.715843;0.7125782, -0.6544466, 3.01443;0.8828562, -0.6305741, 2.491209;1.040867, -0.3388793, 2.887158;1.057241, -0.4187865, 2.947793;1.103868, -0.3558653, 2.847274;0.8626041, -0.5816442, 3.000083;0.8326045, -0.4652164, 2.585921;0.9488231, -0.6939197, 3.009004;1.10367, -0.7173803, 2.621598;0.8907311, -0.7858258, 2.992744;1.070529, -0.7751781, 2.575083;
0.6740037, 0.114819, 2.772945;0.806519, -0.03611609, 2.804408;1.002495, -0.2853259, 2.868677;0.7804646, -0.1821403, 2.964318;0.9271802, -0.09257919, 2.715807;0.706789, -0.6459953, 3.013623;0.8798272, -0.6287567, 2.491919;1.0413, -0.3350713, 2.884672;1.057086, -0.4166226, 2.945944;1.104131, -0.3513208, 2.844261;0.6940804, -0.5209894, 2.98863;0.8334402, -0.4667876, 2.586701;0.8531953, -0.7576988, 3.037127;1.1033, -0.7171745, 2.622176;0.891178, -0.8042246, 2.982377;1.069605, -0.7763655, 2.577838;
0.6746659, 0.1196703, 2.77465;0.8064691, -0.02673058, 2.806015;1.006032, -0.2736522, 2.869373;0.780405, -0.1809716, 2.966258;0.9293756, -0.08968788, 2.717869;0.7079225, -0.6425646, 3.01441;0.8696376, -0.6178016, 2.497972;1.045908, -0.3228074, 2.885308;1.059839, -0.4059963, 2.945168;1.110493, -0.3322077, 2.846375;0.7019519, -0.5239581, 2.987788;0.8430661, -0.4658423, 2.596042;0.8602645, -0.7604012, 3.037959;1.102059, -0.7163009, 2.622781;0.8909466, -0.806986, 2.978835;1.070035, -0.7760049, 2.577869;
0.6795249, 0.1312075, 2.779699;0.8082876, -0.009799195, 2.805379;1.000745, -0.250788, 2.868891;0.7807986, -0.1791113, 2.96813;0.9280083, -0.08090084, 2.71947;0.6911591, -0.6334075, 3.02532;0.8745644, -0.5789061, 2.499303;1.038934, -0.2987141, 2.884976;1.055845, -0.3883986, 2.95308;1.107189, -0.3205012, 2.841384;0.7005303, -0.5163094, 2.982503;0.8428854, -0.4685783, 2.597787;0.8460644, -0.760782, 3.032062;1.0996, -0.7145004, 2.621828;0.8928483, -0.8053244, 2.982713;1.06952, -0.7751399, 2.576815;
0.6849373, 0.1457002, 2.786088;0.8108495, 0.005783382, 2.804481;0.9987164, -0.2419614, 2.869242;0.7627702, -0.127357, 2.980146;0.925919, -0.06695557, 2.722668;0.6846378, -0.6229193, 3.016294;0.8709266, -0.5769628, 2.49693;1.036385, -0.2910345, 2.885508;1.052344, -0.3767469, 2.956868;1.105216, -0.3168183, 2.840468;0.7014235, -0.5171323, 2.982419;0.837653, -0.4670096, 2.602293;0.8459696, -0.7625966, 3.029946;1.09988, -0.7144639, 2.62152;0.8949887, -0.806101, 2.981848;1.069904, -0.7750244, 2.576324;
0.6870658, 0.1613748, 2.794472;0.8110111, 0.01785776, 2.804392;0.9999312, -0.2307948, 2.870348;0.7624218, -0.1224459, 2.981017;0.9261621, -0.05683672, 2.722892;0.6786207, -0.6050886, 3.012393;0.8707013, -0.5650753, 2.498465;1.037733, -0.2804544, 2.886858;1.053373, -0.3644457, 2.958747;1.106563, -0.3065186, 2.841207;0.7073169, -0.5145708, 2.984301;0.842317, -0.4656496, 2.606575;0.8517592, -0.7614384, 3.026517;1.090892, -0.7121342, 2.620671;0.8965997, -0.8099555, 2.979137;1.067943, -0.7748802, 2.574349;
0.6924107, 0.177122, 2.803183;0.8145745, 0.03988176, 2.804894;1.00145, -0.218015, 2.871746;0.7667626, -0.101171, 2.976834;0.9254267, -0.04161264, 2.722468;0.6711121, -0.5834413, 3.004165;0.8666815, -0.5542896, 2.496903;1.038923, -0.2692643, 2.888389;1.054221, -0.3513414, 2.960699;1.106387, -0.2979715, 2.84204;0.7149749, -0.515234, 2.983174;0.8439434, -0.4630069, 2.610964;0.8475161, -0.7697982, 3.020364;1.091214, -0.7125887, 2.620548;0.9032308, -0.8104849, 2.977401;1.065125, -0.77437, 2.572581;
0.7090632, 0.2244281, 2.810677;0.8182955, 0.05037349, 2.807648;0.9983318, -0.2171366, 2.872675;0.7664285, -0.08518731, 2.977002;0.9294908, -0.02509345, 2.724958;0.6606563, -0.5812025, 3.006105;0.8621997, -0.5452212, 2.497438;1.03367, -0.2694852, 2.889504;1.043655, -0.3522559, 2.958535;1.09516, -0.299519, 2.846527;0.7069637, -0.5191953, 2.988937;0.8415323, -0.4656085, 2.606192;0.9356179, -0.7354446, 3.00927;1.090832, -0.7117845, 2.620227;0.8863797, -0.7990957, 2.992435;1.06158, -0.7780376, 2.571428;
0.7155743, 0.2303692, 2.813473;0.8238153, 0.07502718, 2.809289;0.9873315, -0.2111505, 2.876246;0.7675302, -0.06533726, 2.982783;0.936322, -0.009793567, 2.725233;0.6611297, -0.5553965, 3.003196;0.8546751, -0.5345488, 2.497737;1.018469, -0.2660848, 2.893784;0.9999981, -0.3451925, 2.968031;1.089398, -0.3005877, 2.848014;0.6799282, -0.5432006, 2.993213;0.8387388, -0.4663638, 2.604224;0.9553488, -0.7497214, 3.00768;1.09047, -0.7122477, 2.620548;0.8913573, -0.8028893, 2.997113;1.060143, -0.7800064, 2.573797;
0.73305, 0.2725519, 2.828387;0.8283768, 0.09109832, 2.809628;0.985356, -0.2034592, 2.876794;0.76993, -0.05460714, 2.982311;0.9356312, 0.00770632, 2.727988;0.6580437, -0.535394, 3.000052;0.8387704, -0.5165225, 2.493938;1.016516, -0.2610756, 2.894019;1.004225, -0.3363784, 2.965942;1.085609, -0.2989477, 2.848444;0.8055127, -0.4969102, 2.98442;0.8395896, -0.4673837, 2.60168;0.9536391, -0.7451852, 3.007364;1.086098, -0.7156606, 2.617618;0.8939796, -0.7992363, 2.998259;1.05962, -0.780713, 2.574543;
0.7379941, 0.2776511, 2.828384;0.8317963, 0.1038053, 2.813174;0.9816486, -0.1957504, 2.878699;0.7715758, -0.0432895, 2.983608;0.9387759, 0.01525568, 2.728522;0.6515883, -0.5202812, 2.995098;0.8301009, -0.5051336, 2.491207;1.011811, -0.2546706, 2.8955;1.002427, -0.3311405, 2.965913;1.079556, -0.2968065, 2.849941;0.8068775, -0.4991293, 2.98386;0.8415389, -0.4556162, 2.588596;0.9530636, -0.7435037, 3.007892;1.08488, -0.716374, 2.616459;0.8957386, -0.7995305, 2.997024;1.059586, -0.7809244, 2.574785;
0.7730988, 0.3142075, 2.840788;0.8510751, 0.1479646, 2.817752;0.9809004, -0.1808305, 2.879539;0.7886258, 0.008761819, 2.983025;0.945107, 0.04054194, 2.731661;0.640984, -0.5068188, 2.991765;0.8453805, -0.4562632, 2.504182;1.009109, -0.2439819, 2.895769;0.9981951, -0.3124356, 2.964279;1.073369, -0.2904848, 2.849572;0.8380092, -0.5485737, 2.993452;0.8204581, -0.4397656, 2.598436;0.9451814, -0.7273661, 3.007256;1.085654, -0.7203501, 2.615219;0.8985738, -0.7968206, 2.997735;1.058294, -0.7835982, 2.573082;
0.7748461, 0.3186588, 2.843389;0.8531111, 0.1568192, 2.823264;0.9790694, -0.1714439, 2.883056;0.7889235, 0.009303552, 2.983447;0.9466347, 0.04939102, 2.735522;0.6406288, -0.4928024, 2.994279;0.8422858, -0.4414137, 2.503993;1.005725, -0.2361513, 2.898496;0.9943498, -0.3057029, 2.965232;1.066936, -0.2842902, 2.852241;0.8378758, -0.548528, 2.993088;0.9471185, -0.5608308, 2.612065;0.9449436, -0.7299038, 3.005981;1.12492, -0.7924728, 2.612055;0.8981564, -0.7983124, 2.99704;1.055526, -0.777364, 2.57385;
0.7843559, 0.3378294, 2.850754;0.8615734, 0.1767257, 2.836352;0.9764347, -0.1613469, 2.883706;0.7940349, 0.01831689, 2.987778;0.9526657, 0.06373002, 2.741167;0.6355243, -0.48491, 2.9982;0.8282355, -0.4411721, 2.501808;1.000832, -0.2270763, 2.89755;0.9883543, -0.2981061, 2.962452;1.058831, -0.2772402, 2.849621;0.8128933, -0.4981427, 2.974751;0.9475217, -0.5582815, 2.612152;0.9468091, -0.7372344, 3.004179;1.122014, -0.7918382, 2.60994;0.8976096, -0.8003171, 2.995384;1.052533, -0.7756771, 2.572678;
0.7923717, 0.3472456, 2.860537;0.8669152, 0.1842542, 2.838807;0.9719682, -0.1496499, 2.883992;0.7978615, 0.02550434, 2.989797;0.9539742, 0.07062826, 2.742443;0.6314468, -0.4664082, 2.989836;0.8215332, -0.4348727, 2.502208;0.9929547, -0.2147991, 2.896772;0.9784469, -0.2853324, 2.960627;1.04736, -0.2683651, 2.847623;0.811505, -0.4968355, 2.974146;0.9474933, -0.5538787, 2.61193;0.9473628, -0.7421494, 3.001525;1.116516, -0.7910306, 2.605889;0.9057671, -0.8096578, 2.989052;1.046432, -0.7733859, 2.57096;
0.8002235, 0.3624359, 2.871323;0.8806927, 0.2024679, 2.846959;0.9719279, -0.1444439, 2.885009;0.7995091, 0.03052666, 2.992232;0.9572488, 0.08241862, 2.745345;0.6351242, -0.3930955, 2.982729;0.8227091, -0.4215754, 2.505432;0.9918927, -0.2115972, 2.89703;0.9753028, -0.2806228, 2.958066;1.044485, -0.2641735, 2.849134;0.715521, -0.5483844, 2.973851;0.9475402, -0.5468624, 2.610103;0.9455582, -0.7396172, 3.001715;1.111636, -0.7867355, 2.605433;0.902873, -0.8069422, 2.994385;1.041813, -0.7719451, 2.569176;
0.8289496, 0.3919862, 2.88315;0.8865926, 0.2145438, 2.850084;0.9711742, -0.140632, 2.884422;0.8057781, 0.04543295, 2.995817;0.9594167, 0.09675595, 2.751455;0.6341916, -0.3954582, 2.979254;0.8220218, -0.4019094, 2.505455;0.9900511, -0.2091658, 2.895813;0.9724851, -0.2768606, 2.951748;1.038141, -0.2608297, 2.84938;0.7309932, -0.5586771, 2.977998;0.9476466, -0.5441563, 2.610059;0.9438531, -0.7403619, 3.00122;1.111844, -0.7832068, 2.606632;0.9061107, -0.8103693, 2.994143;1.04185, -0.772526, 2.569721;
0.8332067, 0.3997159, 2.886116;0.8994836, 0.2338155, 2.859186;0.9723383, -0.1306851, 2.885746;0.8160066, 0.0663306, 3.001292;0.9594018, 0.1057176, 2.754173;0.6327838, -0.3903525, 2.977347;0.8466899, -0.3453184, 2.515645;0.9891113, -0.2021928, 2.89573;0.9706883, -0.2667141, 2.949845;1.034252, -0.2532555, 2.849097;0.7415889, -0.5574729, 2.977439;0.9464927, -0.5372407, 2.610869;0.9439422, -0.7402707, 3.001201;1.107983, -0.7775813, 2.606262;0.894252, -0.8039527, 2.996938;1.038502, -0.7745428, 2.56739;
0.8445553, 0.4095544, 2.892401;0.9043217, 0.2412647, 2.860829;0.9710333, -0.1249432, 2.885533;0.8190004, 0.07328334, 3.004071;0.9624199, 0.1172107, 2.758862;0.6286666, -0.3776597, 2.972306;0.8493834, -0.3273382, 2.523584;0.9858772, -0.1967642, 2.894719;0.967777, -0.2624086, 2.94713;1.0271, -0.2482749, 2.848784;0.7454874, -0.5568464, 2.977607;0.9330967, -0.5262074, 2.607038;0.9398282, -0.7368538, 2.999869;1.097368, -0.7638587, 2.604352;0.8965879, -0.8036847, 2.997153;1.033285, -0.7840748, 2.561862;
0.8637946, 0.4276492, 2.90058;0.9088554, 0.2532978, 2.864278;0.9705486, -0.1089176, 2.895267;0.8238331, 0.08098371, 3.008126;0.9707596, 0.1354876, 2.764163;0.6292679, -0.3712144, 2.968354;0.8325425, -0.3254129, 2.515246;0.9832926, -0.1812227, 2.905064;0.9613044, -0.2445027, 2.962753;1.025732, -0.2394312, 2.85512;0.7543185, -0.5513097, 2.972178;0.9291463, -0.5140495, 2.61166;0.8981907, -0.7954934, 3.00386;1.093813, -0.7508598, 2.608608;0.928661, -0.8510568, 2.956087;1.041649, -0.7902675, 2.56362;
0.8658352, 0.4372435, 2.901945;0.9208327, 0.2679433, 2.868733;0.9718539, -0.1026189, 2.895487;0.8290079, 0.09020163, 3.012533;0.9712909, 0.1413474, 2.763001;0.630967, -0.3559861, 2.965661;0.8310749, -0.330222, 2.523309;0.9833311, -0.1759476, 2.904759;0.9608459, -0.2416331, 2.962583;1.024715, -0.232834, 2.853793;0.7542349, -0.5479323, 2.970398;0.9234864, -0.5070716, 2.613073;0.897999, -0.7913846, 3.003071;1.088351, -0.7433542, 2.608136;0.8293267, -0.8381381, 2.960868;1.045911, -0.7941337, 2.56462;
0.899778, 0.4704511, 2.925688;0.9296066, 0.2832316, 2.869253;0.9785212, -0.087883, 2.893584;0.8404252, 0.1224955, 3.018515;0.9752332, 0.1494419, 2.761623;0.6330149, -0.336674, 2.964943;0.8292247, -0.3256631, 2.523607;0.9886789, -0.1622654, 2.902167;0.9636329, -0.2291952, 2.960262;1.031715, -0.2114961, 2.848778;0.7607559, -0.5373831, 2.969007;0.9211329, -0.4923878, 2.621701;0.9034916, -0.780771, 3.002384;1.086533, -0.7266214, 2.615684;0.9288734, -0.8525133, 2.981021;1.056181, -0.7864676, 2.573914;
0.8994493, 0.4649748, 2.922186;0.9356209, 0.2913558, 2.870906;0.9812403, -0.08282217, 2.893178;0.8425746, 0.123405, 3.017549;0.984535, 0.1631807, 2.76452;0.6339378, -0.3207269, 2.958356;0.8336573, -0.2767711, 2.509184;0.9907957, -0.1576141, 2.901351;0.9645391, -0.2241609, 2.958885;1.033471, -0.2075687, 2.848137;0.7632678, -0.5328651, 2.967914;0.9201578, -0.4890427, 2.624036;0.9047843, -0.7763487, 3.001862;1.086478, -0.7266203, 2.615587;0.9163344, -0.8524971, 2.984768;1.056152, -0.7863109, 2.573855;
0.8996769, 0.4732414, 2.922825;0.9447544, 0.3020504, 2.873294;0.9860598, -0.07379584, 2.891175;0.8461726, 0.1256622, 3.018315;0.9875369, 0.1701222, 2.763525;0.6328544, -0.3098646, 2.963755;0.8269076, -0.2834204, 2.50596;0.9947649, -0.1487561, 2.898414;0.9670237, -0.2192329, 2.957692;1.036397, -0.200758, 2.842925;0.7652057, -0.5270671, 2.965967;0.9172461, -0.4851089, 2.626915;0.9071894, -0.7695882, 3.000854;1.086266, -0.7264964, 2.615581;0.9124085, -0.8476497, 2.992051;1.056198, -0.7861666, 2.573943;
0.9156399, 0.4896804, 2.933528;0.9526786, 0.3176524, 2.874916;0.9903705, -0.06807549, 2.888817;0.851261, 0.1329196, 3.02199;0.989606, 0.1775987, 2.765232;0.6366921, -0.296893, 2.962316;0.823764, -0.2806907, 2.503531;0.99841, -0.1443958, 2.895503;0.972218, -0.2127733, 2.951094;1.039032, -0.1943657, 2.840799;0.7700417, -0.5194661, 2.964538;0.9156878, -0.4798261, 2.629675;0.911668, -0.761707, 2.999707;1.086206, -0.7264262, 2.615768;0.8808672, -0.8322422, 2.983885;1.056111, -0.7859048, 2.574165;
0.916053, 0.4975936, 2.932664;0.961231, 0.327696, 2.876398;0.9923652, -0.05762778, 2.886755;0.85641, 0.1379031, 3.02472;0.9931632, 0.1877286, 2.764463;0.6407402, -0.2813833, 2.960212;0.8227057, -0.2726286, 2.502172;0.9990227, -0.1341086, 2.892517;0.9713757, -0.2043918, 2.947927;1.038037, -0.1817792, 2.837247;0.7738833, -0.5136013, 2.962527;0.9157488, -0.4770098, 2.631663;0.9336967, -0.7273237, 2.995509;1.086779, -0.7267099, 2.615935;0.8928742, -0.7993057, 2.996537;1.055894, -0.7856007, 2.574332;
0.9258843, 0.5110863, 2.934566;0.9687917, 0.3407775, 2.881323;0.9904464, -0.04677913, 2.888001;0.86166, 0.1586508, 3.031762;1.000139, 0.2063387, 2.768723;0.6431158, -0.2519334, 2.958022;0.8221146, -0.2598332, 2.502149;0.9952096, -0.1234245, 2.893035;0.9631267, -0.1913784, 2.95006;1.034548, -0.1737981, 2.835927;0.7770905, -0.5077014, 2.959703;0.9160473, -0.472417, 2.634016;0.9404728, -0.7341858, 2.997432;1.086955, -0.7266186, 2.615705;0.8984802, -0.8002101, 2.995057;1.055622, -0.7852373, 2.574349;
0.9407751, 0.5231764, 2.957666;0.9743329, 0.3535249, 2.885374;0.9923347, -0.03837551, 2.891856;0.8724496, 0.1797425, 3.031229;1.007536, 0.2151414, 2.766419;0.636641, -0.2533515, 2.95675;0.835906, -0.2317498, 2.506532;0.9962921, -0.1164267, 2.896528;0.9647085, -0.1845699, 2.952749;1.034186, -0.1687289, 2.839668;0.7788129, -0.5009379, 2.956514;0.9165825, -0.4715832, 2.634422;0.9397552, -0.7338949, 2.996467;1.086465, -0.726395, 2.614948;0.8993534, -0.8007374, 2.994993;1.055564, -0.7856203, 2.574452;
0.9444368, 0.5318538, 2.943876;0.9778035, 0.3602245, 2.888361;0.9957609, -0.0262086, 2.896877;0.8796688, 0.1972169, 3.039827;1.013896, 0.2340667, 2.767037;0.6475616, -0.228418, 2.958078;0.8351325, -0.2253186, 2.50391;0.9994212, -0.1033027, 2.901943;0.969119, -0.1730151, 2.959168;1.035148, -0.1602025, 2.84338;0.7846833, -0.4902304, 2.954282;0.9174618, -0.4704816, 2.634222;0.9397668, -0.7351133, 2.99507;1.0865, -0.7263896, 2.614879;0.9016283, -0.8030757, 2.996849;1.055615, -0.7856151, 2.574692;
0.9576362, 0.5490888, 2.948699;0.9918503, 0.3773714, 2.894402;0.9951855, -0.005556223, 2.895774;0.8862539, 0.2094718, 3.038508;1.023676, 0.2511709, 2.767009;0.6478734, -0.2202486, 2.956276;0.8365993, -0.2148835, 2.503042;0.9958363, -0.08073537, 2.899329;0.9627717, -0.1536121, 2.959468;1.03008, -0.137944, 2.836091;0.7904216, -0.4774412, 2.951913;0.9179876, -0.4685854, 2.633567;0.9395593, -0.7349153, 2.994856;1.086047, -0.7256141, 2.61418;0.9015061, -0.8027425, 2.996644;1.055819, -0.7856112, 2.574958;
1.013446, 0.592489, 2.948637;1.007321, 0.4075464, 2.901403;1.007179, 0.01223828, 2.877849;0.8983941, 0.231092, 3.027663;1.029672, 0.264664, 2.767986;0.6510165, -0.1926404, 2.952595;0.8622646, -0.1655586, 2.514941;1.008118, -0.06501325, 2.875332;0.9728059, -0.1403176, 2.93395;1.047391, -0.1036409, 2.79924;0.798913, -0.4621219, 2.950823;0.9186538, -0.4679936, 2.633163;0.9401867, -0.7329356, 2.994995;1.085714, -0.7234921, 2.613281;0.9034197, -0.8013173, 2.995039;1.056505, -0.784933, 2.575868;
1.016984, 0.595121, 2.946911;1.009079, 0.4187592, 2.900209;1.006627, 0.02939471, 2.876425;0.9052545, 0.2424032, 3.02164;1.034519, 0.2797745, 2.770205;0.6569924, -0.1752805, 2.961438;0.8631257, -0.1600361, 2.514909;1.00649, -0.04858756, 2.874602;0.9716895, -0.1270418, 2.935326;1.044038, -0.09768578, 2.799817;0.8004155, -0.4592703, 2.949597;0.9186627, -0.4668802, 2.633527;0.9407921, -0.7315918, 2.99515;1.08559, -0.7228549, 2.613135;0.9030408, -0.7994567, 2.995603;1.057058, -0.7847582, 2.576272;
1.02191, 0.6136253, 2.945773;1.021136, 0.4383008, 2.902053;1.007443, 0.03582804, 2.87731;0.9234546, 0.2946599, 3.015304;1.040059, 0.2932139, 2.771672;0.6651564, -0.1572039, 2.95751;0.8675381, -0.1384171, 2.516442;1.006106, -0.04357146, 2.875493;0.9709115, -0.1135393, 2.934896;1.040175, -0.09053345, 2.804623;0.8020952, -0.4573076, 2.949131;0.9188585, -0.4631792, 2.633379;0.9562598, -0.7491105, 3.00144;1.084935, -0.7203354, 2.613555;0.9071561, -0.8083388, 2.993624;1.058264, -0.7830116, 2.57694;
1.028968, 0.6280259, 2.946961;1.028989, 0.4524946, 2.908041;1.007653, 0.04081111, 2.875715;0.9247018, 0.2961941, 3.010252;1.049346, 0.3115623, 2.775604;0.6736695, -0.1427322, 2.959831;0.8654428, -0.1309046, 2.514755;1.005112, -0.03977896, 2.873155;0.9674658, -0.09948006, 2.921526;1.037596, -0.08341816, 2.806749;0.8026404, -0.4547496, 2.948778;0.9208509, -0.4606108, 2.633558;0.9563442, -0.7485968, 3.001243;1.085054, -0.7203532, 2.613559;0.9069927, -0.8074667, 2.993939;1.058255, -0.7826413, 2.576727;
1.036031, 0.6402701, 2.947825;1.037723, 0.464581, 2.908092;1.006532, 0.05417309, 2.875168;0.9276066, 0.2993153, 3.005256;1.056808, 0.3251933, 2.777887;0.6718466, -0.1259386, 2.963675;0.8730943, -0.1054306, 2.518656;1.001207, -0.02691465, 2.872194;0.9641175, -0.0908768, 2.919075;1.030233, -0.06933755, 2.811783;0.8058649, -0.4504381, 2.94872;0.9230769, -0.4550985, 2.633847;0.9527381, -0.7452621, 2.999235;1.085569, -0.720698, 2.613696;0.9103137, -0.8095216, 3.000075;1.058394, -0.7827684, 2.577109;
1.03937, 0.6536258, 2.947127;1.04691, 0.478044, 2.912474;1.007402, 0.06235053, 2.875448;0.933857, 0.3096374, 3.004112;1.060529, 0.3335824, 2.778977;0.6770199, -0.1140047, 2.959289;0.8895876, -0.07386822, 2.526237;1.000646, -0.01999155, 2.871841;0.9635643, -0.07500038, 2.912194;1.028042, -0.05729408, 2.818271;0.8074757, -0.4450375, 2.948785;0.9258977, -0.4467104, 2.633851;0.9534766, -0.7444924, 2.998797;1.085614, -0.7207092, 2.61372;0.91028, -0.8080459, 2.997664;1.058503, -0.7827413, 2.577343;
1.05317, 0.6690812, 2.948725;1.061945, 0.4935014, 2.916732;1.012958, 0.07545142, 2.871039;0.9434246, 0.3252292, 3.009597;1.067309, 0.3459964, 2.780438;0.6828472, -0.1021158, 2.957834;0.884129, -0.07438308, 2.522566;1.004148, -0.007480565, 2.865712;0.9660639, -0.06304752, 2.904834;1.031642, -0.04366839, 2.813265;0.8108829, -0.4431071, 2.949921;0.9275509, -0.4423937, 2.633045;0.9510722, -0.7413765, 2.998209;1.085977, -0.7214598, 2.61372;0.9037611, -0.8051375, 2.998868;1.059199, -0.7839435, 2.57813;
1.065827, 0.6826705, 2.955249;1.073572, 0.5067166, 2.918657;1.017664, 0.09732948, 2.871584;0.9459863, 0.3346397, 3.016325;1.077535, 0.3613513, 2.779687;0.698496, -0.0545439, 2.957259;0.8821281, -0.06663052, 2.520554;1.00658, 0.01592513, 2.865615;0.9659134, -0.04100214, 2.90383;1.033668, -0.02529561, 2.813941;0.8188429, -0.4335339, 2.950808;0.9311609, -0.4349031, 2.632562;0.9510211, -0.7375723, 2.998216;1.086351, -0.7212577, 2.613123;0.9033185, -0.8050196, 2.999941;1.059289, -0.7835903, 2.57774;
1.072252, 0.6962563, 2.954187;1.082305, 0.5202927, 2.919605;1.017645, 0.09884721, 2.870568;0.9508456, 0.3438564, 3.013549;1.081831, 0.3709956, 2.781601;0.6947271, -0.05434481, 2.953598;0.877018, -0.05996166, 2.512358;1.006008, 0.01666979, 2.864429;0.9643228, -0.03746697, 2.900365;1.033153, -0.02316907, 2.813506;0.8201622, -0.4322882, 2.950385;0.9363649, -0.4282721, 2.633215;0.9560824, -0.7386901, 3.000336;1.087114, -0.7213691, 2.61155;0.9022712, -0.8048675, 2.999751;1.058827, -0.7838414, 2.577614;
1.095216, 0.7020887, 2.953151;1.085305, 0.5263787, 2.918545;1.019628, 0.1192489, 2.865493;0.9561122, 0.3489726, 2.997486;1.089431, 0.3818642, 2.781741;0.6822971, -0.05723494, 2.946803;0.8945346, -0.02834194, 2.519043;1.006509, 0.03832705, 2.858305;0.9636533, -0.02275585, 2.899583;1.032501, -0.008141896, 2.802307;0.821497, -0.4295927, 2.950146;0.9402245, -0.4229417, 2.634382;0.9521726, -0.7290909, 3.001072;1.087919, -0.722208, 2.610064;0.9002083, -0.803751, 2.999683;1.058765, -0.7848334, 2.577328;
1.098297, 0.7179016, 2.957579;1.097994, 0.5416481, 2.917234;1.021364, 0.1267543, 2.865286;0.9859811, 0.390186, 2.958055;1.091829, 0.3908908, 2.784191;0.6942412, -0.04015501, 2.943677;0.8936202, -0.02568593, 2.51775;1.006957, 0.04453616, 2.8582;0.9664431, -0.01204829, 2.900615;1.029843, 0.0006303117, 2.801184;0.8236043, -0.427516, 2.949726;0.9440202, -0.4171216, 2.63555;0.9571908, -0.7321782, 3.002284;1.088367, -0.7222338, 2.610227;0.9009352, -0.8033987, 2.999372;1.059029, -0.7848342, 2.577778;
1.099517, 0.7235538, 2.957475;1.104398, 0.5472507, 2.920201;1.022606, 0.1331494, 2.864442;0.9860702, 0.392159, 2.957715;1.102068, 0.4024506, 2.782015;0.6928105, -0.03371548, 2.955258;0.8952462, -0.01659401, 2.517087;1.00702, 0.0510252, 2.856683;0.9661999, -0.002436565, 2.896332;1.029027, 0.008138094, 2.800911;0.8271428, -0.4266367, 2.949995;0.9473769, -0.4131358, 2.636804;0.950799, -0.7196825, 3.001995;1.088547, -0.7212654, 2.610009;0.9081186, -0.7984327, 3.000906;1.059664, -0.7841899, 2.577945;
1.110607, 0.7355515, 2.95217;1.115995, 0.5595502, 2.92489;1.026015, 0.1433016, 2.860451;0.9868447, 0.3941113, 2.958485;1.120664, 0.4208286, 2.7795;0.6977679, -0.02459412, 2.954581;0.8942232, -0.0123603, 2.5162;1.008876, 0.06093476, 2.851085;0.9661566, 0.007849168, 2.887256;1.031361, 0.01892884, 2.796761;0.8350819, -0.419757, 2.949644;0.9527028, -0.4075444, 2.638618;0.9553471, -0.7198959, 3.004771;1.093615, -0.7239215, 2.613049;0.9103376, -0.7975159, 3.00054;1.060658, -0.7838865, 2.579444;
1.121206, 0.7461976, 2.956952;1.119722, 0.5698339, 2.928164;1.027905, 0.1529967, 2.85925;1.017506, 0.4244969, 2.916061;1.124333, 0.4272073, 2.78097;0.7235819, 0.002750598, 2.959835;0.8974543, -0.001691557, 2.516299;1.010028, 0.06996118, 2.849023;0.971201, 0.02335664, 2.881626;1.030137, 0.02993551, 2.797165;0.8376983, -0.4179911, 2.949534;0.9579884, -0.4015245, 2.641496;0.9662484, -0.7310789, 3.00889;1.093966, -0.7238278, 2.612787;0.9069098, -0.798506, 3.000035;1.060956, -0.7839258, 2.579636;
1.128232, 0.7345126, 2.957442;1.115589, 0.5450162, 2.918718;1.02794, 0.1549418, 2.857629;1.017671, 0.4254067, 2.916397;1.127624, 0.4319434, 2.78143;0.7254412, 0.006832499, 2.963045;0.9010565, 0.006146751, 2.520328;1.010325, 0.07599268, 2.846761;0.9721367, 0.02964985, 2.878225;1.029518, 0.03677207, 2.796887;0.8465918, -0.4139493, 2.949703;0.9641384, -0.3990999, 2.643063;0.9674789, -0.7315652, 3.009;1.094486, -0.7236841, 2.61273;0.9084079, -0.798034, 2.999105;1.06098, -0.7834126, 2.579554;
1.145092, 0.7677367, 2.966929;1.131993, 0.5914646, 2.922941;1.030127, 0.1641959, 2.856237;1.024374, 0.4381222, 2.919042;1.129315, 0.4385455, 2.782036;0.7333131, 0.01750978, 2.958612;0.9002821, 0.009961408, 2.522774;1.011287, 0.08186526, 2.845848;0.9743547, 0.03609564, 2.877547;1.028937, 0.04272413, 2.796618;0.8506036, -0.4118839, 2.949914;0.971208, -0.3994376, 2.645679;0.9702587, -0.7313989, 3.009775;1.09557, -0.7230931, 2.613133;0.9099644, -0.7979796, 3.001667;1.061535, -0.7816982, 2.578637;
1.146942, 0.7638063, 2.971045;1.130508, 0.5648432, 2.920439;1.030441, 0.1688954, 2.857189;1.029115, 0.4688505, 2.945415;1.131859, 0.4442331, 2.782634;0.7417081, 0.03158144, 2.95744;0.9113526, 0.02599713, 2.527803;1.011328, 0.09207425, 2.848016;0.9739057, 0.04597571, 2.880446;1.027863, 0.05131383, 2.79856;0.8588198, -0.4056591, 2.950836;0.9751893, -0.3981048, 2.647513;0.9716764, -0.7311158, 3.009993;1.096119, -0.7212242, 2.612564;0.910475, -0.7980321, 3.002241;1.061714, -0.7814586, 2.578507;
1.148528, 0.7671058, 2.970298;1.129721, 0.5623504, 2.919821;1.030291, 0.1708336, 2.856789;1.027821, 0.4687368, 2.946076;1.134372, 0.4575568, 2.786984;0.7456667, 0.03682409, 2.95958;0.9178074, 0.03395717, 2.532069;1.011064, 0.0947498, 2.847545;0.9736671, 0.05299666, 2.876777;1.027779, 0.05778251, 2.80155;0.870541, -0.3999661, 2.951773;0.9872444, -0.3890461, 2.651559;0.9735549, -0.7328148, 3.010707;1.097515, -0.720215, 2.612959;0.9142382, -0.7974683, 3.00104;1.063069, -0.7815385, 2.579672;
1.154317, 0.7818935, 2.97569;1.129579, 0.5622465, 2.919413;1.031635, 0.1798119, 2.855354;1.027934, 0.4693419, 2.945834;1.139747, 0.4679154, 2.788117;0.7472838, 0.04248625, 2.96148;0.9224374, 0.03825489, 2.538218;1.012669, 0.1056604, 2.846056;0.9741766, 0.05773802, 2.876929;1.028855, 0.06565319, 2.798522;0.8789876, -0.3953751, 2.953534;0.9927329, -0.3836635, 2.653183;0.9742842, -0.7307449, 3.010594;1.098393, -0.7183199, 2.613147;0.9139652, -0.7972261, 3.001018;1.063475, -0.7813268, 2.579427;
1.153625, 0.7863833, 2.972646;1.129597, 0.562421, 2.919355;1.032322, 0.1862066, 2.855162;1.028345, 0.4709175, 2.945592;1.143613, 0.4748099, 2.788065;0.7448227, 0.04347645, 2.96779;0.9277194, 0.04191545, 2.543034;1.013269, 0.1125233, 2.845833;0.9740983, 0.06240866, 2.877885;1.029173, 0.07058986, 2.796482;0.8891586, -0.3885926, 2.954311;0.9978534, -0.3803644, 2.655369;0.9776146, -0.725394, 3.012207;1.099154, -0.7165167, 2.61339;0.9170395, -0.7905747, 3.000014;1.063955, -0.7812867, 2.57906;
1.154553, 0.7895436, 2.973006;1.129552, 0.5623533, 2.919092;1.030333, 0.1929825, 2.856113;1.028407, 0.476399, 2.950035;1.145639, 0.4801706, 2.788602;0.7470881, 0.04305624, 2.976934;0.9351044, 0.04858144, 2.547059;1.010427, 0.1211969, 2.847374;0.9703559, 0.07189131, 2.880144;1.025812, 0.07716139, 2.797202;0.9030596, -0.3873004, 2.960118;1.006845, -0.369623, 2.660307;0.9797935, -0.7252862, 3.01485;1.099155, -0.7125175, 2.613835;0.9172368, -0.789636, 2.999512;1.064054, -0.7808952, 2.57854;
1.149433, 0.7975695, 2.970725;1.12877, 0.5635055, 2.918225;1.030452, 0.1974422, 2.854586;1.027804, 0.4778233, 2.949155;1.148058, 0.4873156, 2.788958;0.7486071, 0.04320889, 2.97567