1.081718, 0.8739426, 2.939225;1.145529, 0.6586706, 2.895695;1.075041, 0.2569242, 2.861243;1.053909, 0.5191693, 3.055921;1.178532, 0.5139806, 2.763865;0.9562671, -0.04976451, 3.014793;1.115197, -0.009117573, 2.600363;1.060943, 0.1765749, 2.858008;1.022317, 0.1174088, 2.906265;1.078397, 0.1150738, 2.796575;1.063861, -0.3672176, 2.978283;1.147867, -0.3331106, 2.672644;1.064412, -0.7211494, 2.992015;1.183179, -0.7067685, 2.596699;1.001716, -0.7932126, 2.987467;1.130699, -0.7825136, 2.547095;
1.082035, 0.8733854, 2.934437;1.14589, 0.6582515, 2.895449;1.075042, 0.2569473, 2.861221;1.054526, 0.5205883, 3.056947;1.178541, 0.5139757, 2.764051;0.9560838, -0.04963683, 3.014526;1.113443, -0.01121252, 2.600387;1.060919, 0.1766494, 2.857984;1.022273, 0.1174913, 2.90636;1.078203, 0.1149225, 2.796291;1.063833, -0.3671649, 2.978182;1.148169, -0.3334091, 2.672663;1.064417, -0.7211996, 2.992049;1.183394, -0.7075723, 2.597053;1.028047, -0.7888693, 2.943777;1.130802, -0.7823908, 2.547058;
1.079378, 0.8712797, 2.929961;1.14635, 0.6580119, 2.895808;1.075096, 0.2570815, 2.861131;1.054892, 0.5212452, 3.057673;1.178238, 0.5141183, 2.764736;0.9561037, -0.04841074, 3.013743;1.112542, -0.01341443, 2.599412;1.060943, 0.1768745, 2.857857;1.022334, 0.1177679, 2.906312;1.078123, 0.1150145, 2.796046;1.063736, -0.3670561, 2.977938;1.148471, -0.3345878, 2.672423;1.06475, -0.7212227, 2.991397;1.183372, -0.707312, 2.5971;1.017087, -0.789315, 2.95826;1.137096, -0.7796863, 2.554411;
1.080056, 0.8709399, 2.93017;1.14657, 0.6579308, 2.895817;1.075138, 0.257091, 2.861187;1.05501, 0.5212379, 3.057617;1.178164, 0.5141563, 2.764882;0.9569682, -0.04338733, 3.012602;1.112529, -0.01278915, 2.599739;1.060966, 0.1768897, 2.857919;1.022414, 0.1176813, 2.906552;1.078081, 0.1149278, 2.795931;1.063322, -0.3670661, 2.977914;1.147887, -0.3321179, 2.672992;1.064609, -0.7216139, 2.991458;1.183273, -0.7073908, 2.597101;1.014347, -0.7891477, 2.964213;1.135618, -0.780378, 2.552984;
1.080345, 0.8706763, 2.929893;1.146777, 0.6579806, 2.895721;1.075229, 0.2574283, 2.861184;1.057001, 0.5242758, 3.060417;1.178423, 0.5145953, 2.764973;0.9579858, -0.04207288, 3.011912;1.112516, -0.01267269, 2.599733;1.061017, 0.17734, 2.857947;1.022535, 0.118374, 2.906776;1.07802, 0.1150677, 2.795837;1.063167, -0.367437, 2.977614;1.148151, -0.3330152, 2.673046;1.064475, -0.7218952, 2.991162;1.183122, -0.7072352, 2.597024;1.013505, -0.7891893, 2.965098;1.134238, -0.7804051, 2.550795;
1.080409, 0.8699458, 2.927222;1.146942, 0.6580364, 2.895214;1.075752, 0.261755, 2.86115;1.057105, 0.5215946, 3.051293;1.178411, 0.5148717, 2.764703;0.9586813, -0.04167149, 3.011244;1.11202, -0.01331963, 2.599294;1.061548, 0.1834252, 2.858174;1.023028, 0.1236178, 2.906968;1.078212, 0.1227157, 2.796367;1.062807, -0.3675865, 2.977271;1.14823, -0.3333325, 2.672672;1.06441, -0.7218817, 2.990853;1.183374, -0.7082121, 2.597284;1.013863, -0.7918347, 2.952401;1.134149, -0.7803686, 2.550089;
1.082096, 0.8695825, 2.925765;1.147049, 0.6579303, 2.895146;1.075752, 0.2616739, 2.861192;1.057338, 0.521278, 3.048201;1.17855, 0.5151413, 2.76502;0.9602567, -0.04071414, 3.012283;1.112096, -0.01342149, 2.599215;1.061525, 0.1832463, 2.858243;1.022978, 0.1232911, 2.907152;1.078136, 0.1223811, 2.796382;1.062832, -0.3676675, 2.977435;1.148284, -0.3329778, 2.67299;1.064281, -0.7218004, 2.99064;1.183445, -0.7081495, 2.597308;1.00957, -0.7953618, 2.962556;1.134988, -0.780157, 2.551827;
1.081996, 0.8686643, 2.92558;1.147812, 0.6577412, 2.895028;1.075828, 0.2616628, 2.86123;1.057915, 0.52185, 3.050378;1.178587, 0.5154576, 2.765078;0.9633331, -0.03975243, 3.014199;1.111088, -0.01849913, 2.597797;1.061557, 0.183217, 2.858279;1.023046, 0.123096, 2.907478;1.078071, 0.1221112, 2.796263;1.062449, -0.3675895, 2.977346;1.148147, -0.3326181, 2.673265;1.064232, -0.7229532, 2.990593;1.183306, -0.7083012, 2.597059;1.010538, -0.794462, 2.965122;1.132555, -0.7802684, 2.548136;
1.08247, 0.8679208, 2.92533;1.148195, 0.6573739, 2.894921;1.075836, 0.2616311, 2.861284;1.057919, 0.5218696, 3.050467;1.178785, 0.5159476, 2.765036;0.963926, -0.03858078, 3.014564;1.112269, -0.01389671, 2.598833;1.06153, 0.183166, 2.858362;1.022873, 0.1227727, 2.907893;1.077966, 0.1219038, 2.79624;1.0624, -0.3684408, 2.97758;1.148158, -0.3326061, 2.673223;1.064821, -0.7226714, 2.991052;1.183356, -0.7087891, 2.597249;1.004909, -0.7979003, 2.970613;1.131932, -0.780908, 2.546298;
1.083926, 0.8684483, 2.926005;1.148939, 0.6574885, 2.895023;1.075962, 0.2615306, 2.86198;1.059196, 0.5249944, 3.055805;1.178696, 0.5163133, 2.765333;0.9645616, -0.03731213, 3.014973;1.112192, -0.01420887, 2.598606;1.061518, 0.1829072, 2.859281;1.022942, 0.1207625, 2.909468;1.077606, 0.1226468, 2.797492;1.062405, -0.3685781, 2.977644;1.147993, -0.3321952, 2.673547;1.064419, -0.7227716, 2.990238;1.183324, -0.7087935, 2.597201;1.003982, -0.7976945, 2.972562;1.128067, -0.7817222, 2.542464;
1.085015, 0.8687729, 2.926268;1.149417, 0.657569, 2.895015;1.076713, 0.2641844, 2.863857;1.05921, 0.5249502, 3.05563;1.178929, 0.5166621, 2.765292;0.9653978, -0.03340138, 3.015374;1.112246, -0.01413939, 2.598198;1.0622, 0.1862456, 2.861674;1.0231, 0.1214383, 2.912785;1.077901, 0.1255398, 2.798282;1.062367, -0.3680991, 2.97724;1.148132, -0.3331888, 2.673326;1.065421, -0.721488, 2.991145;1.183254, -0.7090102, 2.597105;1.006996, -0.7924405, 2.968968;1.128333, -0.7816293, 2.542337;
1.087219, 0.8694853, 2.927371;1.150232, 0.6576067, 2.895788;1.07687, 0.2639412, 2.864708;1.059563, 0.5247754, 3.056071;1.178931, 0.5166591, 2.765287;0.9662441, -0.03522809, 3.0148;1.111742, -0.01460848, 2.597916;1.06224, 0.1858395, 2.862515;1.023191, 0.1200524, 2.91424;1.077788, 0.125517, 2.798743;1.062381, -0.368002, 2.977223;1.148106, -0.3333048, 2.67326;1.065321, -0.7214069, 2.990958;1.183184, -0.7087025, 2.5971;1.010402, -0.790386, 2.968511;1.128467, -0.7814291, 2.542048;
1.087289, 0.8693712, 2.927436;1.150402, 0.657701, 2.895595;1.077036, 0.2639145, 2.865072;1.060687, 0.5263409, 3.058264;1.178995, 0.5168085, 2.765229;0.9663734, -0.03539142, 3.014711;1.111493, -0.01492795, 2.597711;1.062428, 0.1857052, 2.863057;1.023623, 0.1193842, 2.914975;1.077867, 0.1258612, 2.799605;1.06234, -0.3680052, 2.977207;1.148214, -0.3333463, 2.673186;1.065311, -0.7214475, 2.990454;1.183082, -0.7089607, 2.597141;1.010409, -0.790375, 2.968389;1.128291, -0.7817798, 2.541683;
1.087536, 0.8692552, 2.927519;1.15039, 0.6576688, 2.895534;1.077161, 0.2646933, 2.865684;1.060606, 0.5263681, 3.058275;1.178976, 0.5169025, 2.765248;0.967397, -0.03721452, 3.013437;1.109981, -0.01672976, 2.596361;1.0626, 0.1867156, 2.863875;1.023774, 0.1196112, 2.915767;1.077886, 0.1269502, 2.800265;1.062317, -0.367615, 2.977187;1.148289, -0.3327888, 2.673296;1.065311, -0.7214479, 2.990451;1.18349, -0.7082175, 2.597573;1.012991, -0.7906712, 2.968917;1.131068, -0.7802283, 2.546321;
1.087726, 0.8688751, 2.927708;1.15072, 0.6573731, 2.894896;1.077328, 0.2646688, 2.865825;1.06066, 0.5266854, 3.061159;1.178998, 0.516948, 2.765254;0.9671079, -0.03797789, 3.013068;1.109703, -0.01749286, 2.596226;1.062789, 0.1866696, 2.864116;1.024066, 0.1190288, 2.916457;1.077998, 0.12697, 2.8004;1.062183, -0.3674139, 2.976924;1.148533, -0.332948, 2.673031;1.066254, -0.7216937, 2.990353;1.183474, -0.7082841, 2.597601;1.010393, -0.7902945, 2.96987;1.130136, -0.7807724, 2.544927;
1.087766, 0.8691175, 2.926642;1.150721, 0.6577106, 2.894933;1.077867, 0.2663112, 2.867064;1.060574, 0.5269567, 3.062108;1.179159, 0.517023, 2.765248;0.9671686, -0.03773678, 3.012794;1.110001, -0.01751421, 2.595994;1.063446, 0.1884681, 2.865576;1.024561, 0.1196695, 2.918178;1.078381, 0.1278845, 2.801106;1.061935, -0.3665197, 2.97661;1.148986, -0.3347187, 2.672224;1.066126, -0.721665, 2.990333;1.183359, -0.708599, 2.597439;1.011696, -0.7905483, 2.970299;1.13028, -0.7807985, 2.544624;
1.087179, 0.8691893, 2.92627;1.150791, 0.6576961, 2.894875;1.077986, 0.2656792, 2.867441;1.059933, 0.5260105, 3.061003;1.179153, 0.5172947, 2.76549;0.9679, -0.03580468, 3.011502;1.1103, -0.01800367, 2.595996;1.06355, 0.1874823, 2.866102;1.024621, 0.1187433, 2.918572;1.078598, 0.1275454, 2.801859;1.061951, -0.3665866, 2.976607;1.149428, -0.334024, 2.67295;1.066277, -0.7222584, 2.990853;1.183308, -0.7082748, 2.597605;1.011423, -0.7904492, 2.970265;1.130462, -0.7807609, 2.544979;
1.086802, 0.8690761, 2.9261;1.150908, 0.6577886, 2.894649;1.078307, 0.265874, 2.867672;1.060323, 0.5261422, 3.061394;1.179584, 0.5176244, 2.765201;0.968098, -0.03374936, 3.010998;1.111356, -0.0183546, 2.596571;1.06393, 0.1876936, 2.866415;1.025131, 0.1186728, 2.919156;1.078905, 0.1277229, 2.802101;1.06245, -0.3666173, 2.976961;1.149344, -0.3337659, 2.672912;1.066205, -0.722174, 2.989784;1.183324, -0.7083319, 2.597801;1.012296, -0.7899046, 2.970071;1.129985, -0.7810661, 2.544545;
1.084816, 0.8679583, 2.921435;1.151008, 0.6577052, 2.89453;1.078693, 0.265007, 2.867976;1.060428, 0.5238804, 3.059034;1.17959, 0.5177587, 2.76528;0.9680597, -0.03379148, 3.010982;1.111864, -0.01863668, 2.596602;1.06439, 0.1864984, 2.86682;1.025731, 0.1170546, 2.919909;1.079338, 0.1269794, 2.802403;1.062476, -0.3666148, 2.977;1.149661, -0.3339974, 2.673099;1.066084, -0.7223018, 2.989451;1.18288, -0.7077273, 2.597356;1.01748, -0.7932749, 2.952501;1.129996, -0.780802, 2.54419;
1.084827, 0.8681589, 2.923852;1.151042, 0.6577758, 2.894268;1.079122, 0.2646971, 2.868284;1.060588, 0.5237702, 3.059328;1.179902, 0.5180448, 2.765369;0.9676976, -0.03367411, 3.01195;1.112292, -0.01961767, 2.596094;1.064977, 0.1860202, 2.867288;1.026424, 0.116497, 2.92049;1.080188, 0.1266185, 2.803144;1.0626, -0.3665986, 2.977146;1.150205, -0.3354385, 2.672961;1.066134, -0.7222771, 2.989433;1.182839, -0.70762, 2.597368;1.015344, -0.7902566, 2.958079;1.130142, -0.7807893, 2.544107;
1.083467, 0.8677226, 2.926028;1.15115, 0.6576818, 2.893771;1.079907, 0.2655473, 2.868988;1.060567, 0.523294, 3.059849;1.179892, 0.5179955, 2.765327;0.9680349, -0.03288665, 3.012411;1.113026, -0.02056402, 2.595877;1.066031, 0.1873084, 2.868392;1.027645, 0.1169, 2.922622;1.080746, 0.1270622, 2.803557;1.062822, -0.3667455, 2.977203;1.150944, -0.3345853, 2.673027;1.066209, -0.7223869, 2.99157;1.183361, -0.7075936, 2.597642;1.014102, -0.7901424, 2.963231;1.130191, -0.7806736, 2.544427;
1.083855, 0.8683331, 2.926754;1.151152, 0.6581424, 2.893372;1.080241, 0.2657509, 2.869274;1.06048, 0.5235034, 3.060005;1.180147, 0.5185452, 2.765613;0.9690933, -0.03223594, 3.013002;1.113247, -0.02080071, 2.595826;1.066422, 0.1874631, 2.868758;1.028014, 0.1169734, 2.923036;1.081425, 0.1272704, 2.804159;1.062752, -0.3672697, 2.977556;1.151294, -0.3347443, 2.673353;1.068758, -0.7271571, 2.996568;1.183439, -0.7080192, 2.597747;1.010189, -0.7925102, 2.964683;1.129796, -0.780969, 2.543892;
1.083241, 0.8689411, 2.9274;1.151324, 0.6590035, 2.89377;1.081017, 0.2658784, 2.870225;1.060389, 0.5230939, 3.059489;1.180414, 0.5187439, 2.765861;0.9689153, -0.03949078, 3.010942;1.113678, -0.0212239, 2.595731;1.067276, 0.1873899, 2.869725;1.028813, 0.1169504, 2.923793;1.082798, 0.1274015, 2.805655;1.063226, -0.3678113, 2.977772;1.151356, -0.3346175, 2.673436;1.067257, -0.7268995, 2.994539;1.183548, -0.7081406, 2.598172;1.002645, -0.7972987, 2.971297;1.129789, -0.7811465, 2.543736;
1.083163, 0.8689271, 2.927797;1.151217, 0.6590266, 2.893649;1.081303, 0.2658544, 2.870586;1.059268, 0.5195386, 3.050752;1.180453, 0.5194443, 2.766395;0.9689738, -0.03932953, 3.010909;1.114576, -0.02129785, 2.596142;1.067689, 0.1873312, 2.87022;1.029472, 0.1163169, 2.924984;1.083211, 0.1273143, 2.80592;1.063531, -0.3678587, 2.978036;1.151762, -0.3345964, 2.673753;1.067443, -0.7251574, 2.994272;1.183632, -0.7080841, 2.598189;1.004158, -0.7960681, 2.971462;1.132277, -0.7803044, 2.546222;
1.080874, 0.8683428, 2.926009;1.151296, 0.6592581, 2.893683;1.081828, 0.2663828, 2.871519;1.05971, 0.520066, 3.051604;1.18091, 0.5194264, 2.766505;0.9691288, -0.03985979, 3.009329;1.115074, -0.02156073, 2.596558;1.068254, 0.187872, 2.871279;1.029971, 0.1166744, 2.926232;1.083757, 0.1276253, 2.806801;1.063527, -0.3675974, 2.978134;1.153859, -0.3366708, 2.673804;1.066963, -0.7237729, 2.993089;1.183706, -0.7079751, 2.598223;1.005678, -0.7934041, 2.968632;1.133105, -0.7794313, 2.546859;
1.079891, 0.8683391, 2.92576;1.151132, 0.6593372, 2.893376;1.082384, 0.2670551, 2.872149;1.060839, 0.5230355, 3.060435;1.180831, 0.5194474, 2.766469;0.9694473, -0.03969339, 3.009268;1.115153, -0.02154623, 2.596604;1.069067, 0.1887821, 2.872214;1.031084, 0.1173525, 2.928516;1.084489, 0.1282289, 2.807083;1.063519, -0.36768, 2.978121;1.154046, -0.3363627, 2.674133;1.066131, -0.7230043, 2.990707;1.183972, -0.7078902, 2.598372;1.005896, -0.7931423, 2.967759;1.133166, -0.7794312, 2.546845;
1.077971, 0.86782, 2.924407;1.151064, 0.6594437, 2.893234;1.082861, 0.2670891, 2.872992;1.061428, 0.5244578, 3.063725;1.180856, 0.5194509, 2.766479;0.9700935, -0.03784408, 3.009336;1.115481, -0.02154527, 2.59677;1.069695, 0.188746, 2.873349;1.031823, 0.1174848, 2.929348;1.085391, 0.1282761, 2.809264;1.063627, -0.367716, 2.978234;1.15428, -0.3363974, 2.674048;1.066116, -0.7229866, 2.990685;1.18377, -0.7062254, 2.598207;1.005908, -0.7923394, 2.970381;1.133315, -0.7791265, 2.546939;
1.077981, 0.8676326, 2.924695;1.150812, 0.6589542, 2.891702;1.083121, 0.2671365, 2.873038;1.06135, 0.5245091, 3.063583;1.181019, 0.5194376, 2.766483;0.9701408, -0.03786156, 3.00935;1.116002, -0.02210991, 2.596828;1.070065, 0.1888547, 2.873502;1.032127, 0.1175139, 2.929567;1.085937, 0.1282831, 2.809471;1.063985, -0.3678844, 2.978238;1.15476, -0.3359995, 2.674309;1.066357, -0.724551, 2.989478;1.183702, -0.7062749, 2.598173;1.007817, -0.7909174, 2.970357;1.133098, -0.7792928, 2.546642;
1.077623, 0.8672169, 2.923706;1.150273, 0.6584322, 2.890879;1.083597, 0.266745, 2.873337;1.061093, 0.5238631, 3.064412;1.18097, 0.5194863, 2.766648;0.970705, -0.03626618, 3.010051;1.116314, -0.02233578, 2.596713;1.070794, 0.1883715, 2.874015;1.033063, 0.1170579, 2.930009;1.086993, 0.1280021, 2.810431;1.064337, -0.3680593, 2.978192;1.156749, -0.3373115, 2.674247;1.066754, -0.7240924, 2.989124;1.183391, -0.7060089, 2.59813;1.008732, -0.7918429, 2.955744;1.132607, -0.7790435, 2.545185;
1.076759, 0.8668129, 2.922958;1.150075, 0.6581874, 2.890803;1.084023, 0.2663736, 2.873609;1.060858, 0.5230376, 3.064755;1.181058, 0.519596, 2.766725;0.9713607, -0.03824752, 3.009427;1.116596, -0.02232204, 2.596868;1.071352, 0.1879616, 2.874327;1.033594, 0.1167394, 2.930218;1.087816, 0.1276668, 2.810854;1.064363, -0.3680517, 2.978174;1.157799, -0.3370972, 2.67446;1.066857, -0.7252256, 2.988825;1.183467, -0.7061296, 2.598111;1.008167, -0.7941886, 2.960915;1.131204, -0.7793514, 2.542069;
1.077175, 0.8665606, 2.922951;1.149086, 0.6572887, 2.890571;1.0842, 0.2661183, 2.873867;1.060732, 0.5229763, 3.064413;1.181038, 0.5193834, 2.766799;0.9723532, -0.04184246, 3.011071;1.116973, -0.02264693, 2.596855;1.071652, 0.1877378, 2.874642;1.033966, 0.1166395, 2.930394;1.088317, 0.1274881, 2.811439;1.064657, -0.3676067, 2.97809;1.158718, -0.3376682, 2.67461;1.066538, -0.7270305, 2.98911;1.183856, -0.7074709, 2.598299;1.008761, -0.7917712, 2.963407;1.131909, -0.7790802, 2.543114;
1.076344, 0.8662897, 2.922434;1.148863, 0.6570854, 2.890402;1.084812, 0.2660999, 2.87439;1.060808, 0.5233604, 3.065186;1.181581, 0.5193197, 2.766755;0.9734852, -0.03699914, 3.013294;1.117919, -0.02212601, 2.597426;1.072552, 0.1878093, 2.875386;1.034887, 0.1166328, 2.931096;1.089673, 0.1275737, 2.812525;1.064891, -0.3674091, 2.978103;1.159604, -0.3375097, 2.674341;1.066614, -0.7263408, 2.988093;1.183495, -0.7089623, 2.597793;1.008759, -0.7915416, 2.963926;1.131904, -0.7790994, 2.543117;
1.073946, 0.8655052, 2.921015;1.148428, 0.656979, 2.890426;1.085387, 0.2658841, 2.875097;1.061589, 0.5250295, 3.068332;1.181582, 0.5193436, 2.76682;0.9739263, -0.03589687, 3.014722;1.118075, -0.02202064, 2.597564;1.073408, 0.1875603, 2.876267;1.036296, 0.1163984, 2.931967;1.090591, 0.1275328, 2.813684;1.065285, -0.3669624, 2.978106;1.160214, -0.3363862, 2.674301;1.066643, -0.7263667, 2.98788;1.183142, -0.7088102, 2.597509;1.009218, -0.7929125, 2.967117;1.131312, -0.77951, 2.542484;
1.072725, 0.8651544, 2.921119;1.148209, 0.6568993, 2.890478;1.085854, 0.2656143, 2.875577;1.061745, 0.5252435, 3.06969;1.181497, 0.5191997, 2.766932;0.9745963, -0.03518228, 3.015012;1.118202, -0.02198886, 2.59761;1.074025, 0.187249, 2.876798;1.037181, 0.1163598, 2.932231;1.091279, 0.1273927, 2.814599;1.06553, -0.36724, 2.978128;1.161081, -0.3370838, 2.674187;1.066744, -0.726542, 2.987689;1.182892, -0.7089139, 2.597183;1.007256, -0.793273, 2.971424;1.13146, -0.7796909, 2.542557;
1.071798, 0.8651341, 2.921936;1.147949, 0.6569809, 2.890809;1.08631, 0.2653276, 2.876475;1.061802, 0.5257146, 3.070004;1.181319, 0.5192364, 2.767142;0.9746099, -0.03524461, 3.015062;1.118935, -0.02138809, 2.598547;1.074584, 0.186879, 2.877728;1.037958, 0.1162536, 2.933068;1.0918, 0.1270557, 2.815584;1.065635, -0.3672629, 2.978079;1.161714, -0.3373757, 2.674087;1.066563, -0.7258652, 2.987271;1.182851, -0.7089621, 2.597171;1.008, -0.7930655, 2.971426;1.13125, -0.7797909, 2.542437;
1.071751, 0.8647712, 2.921884;1.147524, 0.656497, 2.891646;1.086716, 0.2650871, 2.876841;1.06175, 0.5256134, 3.070052;1.181328, 0.5191042, 2.76725;0.9746007, -0.03486728, 3.015253;1.119164, -0.02138817, 2.598689;1.075062, 0.1866794, 2.877983;1.038607, 0.1157819, 2.933361;1.092292, 0.1267945, 2.815631;1.06581, -0.3671323, 2.978115;1.161999, -0.3372945, 2.674104;1.066091, -0.7260446, 2.98725;1.182889, -0.7090371, 2.597382;1.008609, -0.791942, 2.970469;1.130937, -0.7800773, 2.542149;
1.071029, 0.8651482, 2.922159;1.147189, 0.6569077, 2.891976;1.08704, 0.2649292, 2.877338;1.061576, 0.5248515, 3.070219;1.180995, 0.5192475, 2.767943;0.9746685, -0.0344049, 3.01538;1.119417, -0.02165269, 2.598886;1.075497, 0.1863984, 2.878505;1.039297, 0.1152198, 2.934276;1.092675, 0.1265329, 2.815865;1.066525, -0.3676716, 2.978011;1.16244, -0.3377673, 2.674021;1.065887, -0.7257547, 2.987105;1.182886, -0.7090405, 2.597392;1.00051, -0.7963678, 2.980638;1.130944, -0.7799538, 2.541936;
1.070475, 0.8649122, 2.923096;1.147076, 0.6567786, 2.892317;1.087274, 0.2648425, 2.877538;1.061792, 0.5244884, 3.07157;1.180975, 0.5192226, 2.768028;0.9745443, -0.03398071, 3.015263;1.119384, -0.02164656, 2.598964;1.075749, 0.1863316, 2.878639;1.039744, 0.1147913, 2.93454;1.092831, 0.1264598, 2.81583;1.066596, -0.3676718, 2.978016;1.162492, -0.3374099, 2.674088;1.065476, -0.7256827, 2.986491;1.182816, -0.7089942, 2.597419;1.002408, -0.7967011, 2.975925;1.130583, -0.7801491, 2.541625;
1.069384, 0.8643154, 2.922752;1.146845, 0.6565366, 2.892313;1.087668, 0.2647012, 2.87788;1.061749, 0.524503, 3.071519;1.181005, 0.5191273, 2.768164;0.9742492, -0.03374523, 3.014739;1.119401, -0.02178909, 2.598999;1.076301, 0.1862241, 2.879054;1.040306, 0.1146173, 2.935026;1.09357, 0.1262954, 2.816214;1.066776, -0.367761, 2.97804;1.162629, -0.337135, 2.674403;1.064963, -0.7254552, 2.986198;1.183142, -0.7096649, 2.597962;1.006785, -0.7912236, 2.970352;1.130116, -0.7804013, 2.541451;
1.067741, 0.8640368, 2.926381;1.146499, 0.6566278, 2.893262;1.088058, 0.2646273, 2.878326;1.062885, 0.5236138, 3.069412;1.180817, 0.51909, 2.768327;0.9740137, -0.03316053, 3.014707;1.118862, -0.02157454, 2.599327;1.076764, 0.1861349, 2.87939;1.041382, 0.1140836, 2.93578;1.093751, 0.1261629, 2.816186;1.066796, -0.3677751, 2.978018;1.162927, -0.3366562, 2.674883;1.064894, -0.7253942, 2.986417;1.183077, -0.7097613, 2.598009;1.004564, -0.79213, 2.975019;1.129975, -0.7807019, 2.540952;
1.067653, 0.8637135, 2.925869;1.146351, 0.6563632, 2.893573;1.088612, 0.2642435, 2.878953;1.062692, 0.5234113, 3.069735;1.181246, 0.5189315, 2.768869;0.9743459, -0.03240947, 3.015851;1.118665, -0.02119942, 2.599221;1.077449, 0.1857464, 2.880022;1.041839, 0.113701, 2.936224;1.094814, 0.1257295, 2.816894;1.066898, -0.3680499, 2.978074;1.16298, -0.3366547, 2.674895;1.064764, -0.7254245, 2.986869;1.182688, -0.7089018, 2.597886;1.008065, -0.791683, 2.974055;1.130397, -0.7806136, 2.541037;
1.067276, 0.8635327, 2.926026;1.146126, 0.6562797, 2.893699;1.088776, 0.2635395, 2.879094;1.062067, 0.522457, 3.068273;1.181232, 0.5188988, 2.768846;0.9711666, -0.04819616, 3.01546;1.118559, -0.02083619, 2.599638;1.077705, 0.1848218, 2.880115;1.042019, 0.1128183, 2.936201;1.095178, 0.1251249, 2.816939;1.066895, -0.368082, 2.978061;1.162985, -0.3366365, 2.674881;1.070242, -0.7246727, 2.994657;1.182637, -0.7089689, 2.598123;1.006135, -0.7939129, 2.978358;1.130278, -0.7806642, 2.541013;
1.067191, 0.8633677, 2.926291;1.146107, 0.6561618, 2.893695;1.088953, 0.2635761, 2.879323;1.062078, 0.5224288, 3.068295;1.180902, 0.5182437, 2.76892;0.9709166, -0.04951356, 3.015986;1.118276, -0.0201533, 2.599958;1.077917, 0.1849269, 2.880397;1.042386, 0.1126346, 2.936974;1.095222, 0.1250735, 2.816957;1.067455, -0.3681364, 2.978166;1.162977, -0.3365918, 2.674814;1.06923, -0.7240529, 2.992809;1.182689, -0.7089844, 2.598149;1.003737, -0.7940865, 2.97895;1.130561, -0.7805259, 2.541115;
1.066795, 0.8630194, 2.926038;1.146164, 0.6560758, 2.894424;1.089133, 0.2635219, 2.879692;1.062181, 0.5221334, 3.068153;1.180789, 0.5179906, 2.768874;0.9708687, -0.05075565, 3.016559;1.116952, -0.02093891, 2.600314;1.078062, 0.184893, 2.880652;1.042567, 0.112474, 2.937461;1.095276, 0.1249518, 2.816952;1.067736, -0.3683726, 2.978565;1.162962, -0.3366566, 2.674749;1.068972, -0.7240369, 2.992256;1.182963, -0.7093198, 2.598413;1.002408, -0.7950557, 2.981412;1.130254, -0.7807426, 2.541052;
1.067198, 0.8593079, 2.926879;1.145976, 0.6559745, 2.894099;1.089142, 0.2635123, 2.879686;1.061959, 0.5213228, 3.06441;1.180757, 0.5179611, 2.768863;0.9751084, -0.03232087, 3.017871;1.116637, -0.02050762, 2.600574;1.078077, 0.184886, 2.880654;1.042586, 0.1124275, 2.937517;1.095303, 0.1248964, 2.81692;1.067861, -0.3683549, 2.978496;1.162864, -0.3365129, 2.674706;1.06859, -0.7252629, 2.992224;1.182921, -0.7092573, 2.598255;1.003239, -0.7939985, 2.979028;1.136738, -0.7785597, 2.551525;
1.067665, 0.8558281, 2.926215;1.145545, 0.6557498, 2.894375;1.089208, 0.2649395, 2.880494;1.062398, 0.52127, 3.065114;1.18079, 0.5179403, 2.768818;0.9751253, -0.03190955, 3.018232;1.116343, -0.02026301, 2.600478;1.078285, 0.1870949, 2.881669;1.04275, 0.1135549, 2.939434;1.095283, 0.1252311, 2.816808;1.067887, -0.3686142, 2.978412;1.162238, -0.3345484, 2.674599;1.06773, -0.724848, 2.991107;1.182963, -0.7092385, 2.598239;1.001872, -0.7940448, 2.980049;1.135813, -0.7787291, 2.550925;
1.066695, 0.855655, 2.925603;1.145478, 0.6558377, 2.894269;1.089272, 0.2644006, 2.880489;1.062077, 0.5208617, 3.067772;1.180696, 0.5179224, 2.768906;0.9754959, -0.03170878, 3.018879;1.116298, -0.01995604, 2.600695;1.078376, 0.186147, 2.881674;1.042735, 0.1130696, 2.939392;1.095458, 0.1250099, 2.816819;1.067903, -0.3686153, 2.978374;1.162084, -0.3348657, 2.674288;1.066902, -0.7237583, 2.989912;1.1828, -0.7092645, 2.597779;1.018408, -0.7900397, 2.941223;1.134013, -0.7788351, 2.547346;
1.067145, 0.8558241, 2.925631;1.145271, 0.655671, 2.894946;1.08931, 0.2643796, 2.88054;1.062323, 0.5208825, 3.068524;1.18055, 0.5178744, 2.768826;0.9757207, -0.03151271, 3.019172;1.11634, -0.01952769, 2.600701;1.07841, 0.1861344, 2.881682;1.042899, 0.1130494, 2.939267;1.095461, 0.1250153, 2.816824;1.0679, -0.3686509, 2.978403;1.162061, -0.3347951, 2.674186;1.06884, -0.7242091, 2.991677;1.182773, -0.709316, 2.597755;0.9951324, -0.8012012, 2.990927;1.131524, -0.7802365, 2.54482;
1.066831, 0.8558367, 2.925237;1.145058, 0.6556278, 2.89502;1.089223, 0.2643709, 2.880677;1.063067, 0.5219533, 3.071273;1.180542, 0.5178601, 2.768836;0.9762924, -0.03135604, 3.019924;1.116284, -0.01910456, 2.600317;1.07833, 0.1861307, 2.881804;1.042886, 0.1132019, 2.939194;1.095163, 0.1252862, 2.817546;1.067918, -0.368636, 2.978399;1.160522, -0.3319795, 2.674132;1.068667, -0.7243419, 2.991524;1.182768, -0.7087146, 2.597212;0.9955223, -0.8006166, 2.990057;1.132059, -0.779892, 2.547583;
1.065476, 0.8557087, 2.926075;1.144934, 0.6557059, 2.895328;1.089169, 0.2641651, 2.881039;1.063444, 0.5277396, 3.091419;1.180053, 0.5174907, 2.768659;0.9761693, -0.03223424, 3.020471;1.114754, -0.01899281, 2.599969;1.078266, 0.1858602, 2.882142;1.042895, 0.1131822, 2.939231;1.095044, 0.125157, 2.818081;1.06792, -0.3686293, 2.978403;1.160439, -0.3323486, 2.674173;1.068834, -0.724404, 2.991593;1.182825, -0.7093315, 2.59742;1.002512, -0.7960543, 2.985092;1.131134, -0.7809163, 2.546798;
1.065675, 0.8557356, 2.942749;1.143581, 0.6572639, 2.897038;1.088649, 0.2648023, 2.881741;1.062485, 0.5271212, 3.091735;1.179661, 0.517814, 2.768838;0.9758412, -0.03195349, 3.020305;1.114661, -0.01894444, 2.599946;1.077839, 0.1863541, 2.882643;1.042542, 0.1136606, 2.939389;1.094651, 0.1257523, 2.818709;1.06792, -0.3686447, 2.978378;1.16023, -0.33233, 2.674199;1.068591, -0.7241818, 2.991511;1.182711, -0.7093822, 2.597418;1.003575, -0.7941651, 2.981663;1.130416, -0.7811955, 2.545038;
1.065684, 0.8537431, 2.942272;1.142736, 0.6574905, 2.897279;1.088333, 0.2644256, 2.88184;1.061418, 0.525844, 3.09096;1.179098, 0.517946, 2.76912;0.9756086, -0.03166325, 3.020865;1.114445, -0.01844839, 2.599937;1.077534, 0.1858031, 2.882694;1.042328, 0.1131885, 2.939171;1.094524, 0.1256029, 2.818837;1.067904, -0.3686729, 2.978404;1.159726, -0.3329576, 2.674087;1.067783, -0.7246645, 2.991323;1.18268, -0.7093608, 2.597411;1.002412, -0.7941086, 2.980802;1.129944, -0.7814924, 2.543657;
1.053769, 0.8496071, 2.931754;1.13975, 0.6569926, 2.896976;1.087716, 0.2642183, 2.882093;1.060432, 0.5253229, 3.091453;1.178757, 0.5178038, 2.768892;0.9753733, -0.0310654, 3.02163;1.113592, -0.0183496, 2.60016;1.077147, 0.1856363, 2.882942;1.042052, 0.1130204, 2.939285;1.094298, 0.1254561, 2.819194;1.067785, -0.368915, 2.978648;1.158388, -0.3318492, 2.675059;1.067526, -0.7247467, 2.990754;1.182694, -0.7094076, 2.597418;1.002032, -0.7946478, 2.980461;1.129684, -0.7816173, 2.543401;
1.047722, 0.8467352, 2.928633;1.135196, 0.6545513, 2.895052;1.086959, 0.2641135, 2.881865;1.057215, 0.5246779, 3.086823;1.17814, 0.5175095, 2.768394;0.974644, -0.03001685, 3.022876;1.111701, -0.01895398, 2.600005;1.076762, 0.1856814, 2.882834;1.041699, 0.1130457, 2.939057;1.09421, 0.1254642, 2.819217;1.067768, -0.3687745, 2.978673;1.15704, -0.3314111, 2.674898;1.066666, -0.7237489, 2.98966;1.182702, -0.7094327, 2.597393;1.002233, -0.7943158, 2.980309;1.130651, -0.7803624, 2.544597;
1.045351, 0.8436621, 2.927996;1.132531, 0.6534447, 2.895001;1.086258, 0.2641417, 2.88195;1.053559, 0.5272144, 3.085484;1.175956, 0.5165063, 2.76793;0.9734498, -0.02938572, 3.025693;1.108769, -0.01978632, 2.598666;1.076359, 0.1858265, 2.882917;1.041241, 0.1133808, 2.939075;1.094134, 0.1254341, 2.819288;1.067277, -0.3688227, 2.978793;1.156091, -0.3316652, 2.674778;1.066759, -0.7239195, 2.989048;1.182646, -0.7094277, 2.59737;1.001982, -0.7940504, 2.979014;1.130917, -0.780288, 2.544463;
1.03885, 0.8394985, 2.922346;1.127209, 0.6524808, 2.895726;1.084953, 0.2637626, 2.882169;1.051423, 0.5263593, 3.084104;1.171522, 0.5169461, 2.768839;0.9700787, -0.03116681, 3.026694;1.105782, -0.02033768, 2.598315;1.075696, 0.1856239, 2.883056;1.041084, 0.1133795, 2.939037;1.093769, 0.1253191, 2.819539;1.066435, -0.3694225, 2.978967;1.155036, -0.3336274, 2.675082;1.066447, -0.7240468, 2.988624;1.183183, -0.7095959, 2.597858;1.000278, -0.7968736, 2.982707;1.13148, -0.7804189, 2.545385;
1.02958, 0.8347563, 2.918455;1.121343, 0.6518828, 2.895952;1.083605, 0.2632883, 2.882114;1.045401, 0.5233955, 3.083821;1.169713, 0.5165466, 2.769146;0.9664938, -0.03269431, 3.024955;1.104071, -0.02058262, 2.59817;1.075058, 0.1853106, 2.882996;1.040597, 0.1131981, 2.938714;1.0937, 0.1251021, 2.819635;1.066094, -0.3691977, 2.979106;1.153827, -0.3338805, 2.675086;1.066498, -0.7237296, 2.988312;1.183294, -0.710031, 2.5979;1.000472, -0.7958586, 2.981193;1.130345, -0.7807219, 2.543965;
1.022803, 0.8279792, 2.91648;1.11663, 0.6480089, 2.893922;1.082333, 0.2619907, 2.88183;1.039494, 0.5196505, 3.080427;1.167437, 0.5156506, 2.767639;0.9610009, -0.03304459, 3.027297;1.098273, -0.02071523, 2.598888;1.074435, 0.1844904, 2.882894;1.040055, 0.1126413, 2.938569;1.093803, 0.124081, 2.819757;1.065038, -0.3685443, 2.979042;1.149011, -0.3366967, 2.673455;1.065771, -0.7232238, 2.987855;1.183112, -0.7087959, 2.597762;1.001784, -0.7955284, 2.980998;1.130696, -0.7801956, 2.543024;
1.009445, 0.8226932, 2.911956;1.107931, 0.6472062, 2.892544;1.080758, 0.2612827, 2.882477;1.034402, 0.5191864, 3.080144;1.161591, 0.5163036, 2.76891;0.9561109, -0.0365552, 3.027946;1.09146, -0.02233398, 2.597353;1.073716, 0.1839129, 2.883637;1.039713, 0.1118877, 2.939533;1.093843, 0.1231619, 2.820734;1.062863, -0.3678138, 2.97912;1.145957, -0.3387747, 2.671954;1.065651, -0.723274, 2.987894;1.183147, -0.7088837, 2.59786;1.001237, -0.7943453, 2.978804;1.130682, -0.7802023, 2.542985;
0.9916917, 0.8122185, 2.910751;1.102076, 0.6455455, 2.891079;1.079234, 0.2592436, 2.88265;1.027741, 0.5157104, 3.075607;1.154334, 0.514026, 2.770409;0.9487072, -0.03786733, 3.026098;1.086337, -0.02083903, 2.597085;1.073052, 0.1818817, 2.884094;1.039688, 0.1105021, 2.939888;1.094221, 0.1214046, 2.821623;1.059033, -0.3667909, 2.978755;1.140254, -0.3393865, 2.668908;1.065158, -0.7233472, 2.988123;1.182966, -0.7089439, 2.597962;1.001676, -0.7941924, 2.978335;1.129328, -0.7808464, 2.541841;
0.9774051, 0.8027515, 2.906386;1.089843, 0.6406524, 2.896414;1.078154, 0.2591489, 2.884473;1.018483, 0.5103502, 3.070987;1.147929, 0.5121808, 2.770626;0.9446527, -0.0393882, 3.024925;1.07675, -0.02410253, 2.593631;1.073043, 0.1821407, 2.885775;1.040995, 0.1081093, 2.944935;1.095173, 0.1209527, 2.822028;1.051695, -0.3645738, 2.978868;1.125891, -0.3518765, 2.66059;1.064627, -0.7231306, 2.98816;1.181735, -0.7117183, 2.597776;1.002343, -0.7932132, 2.977764;1.129268, -0.7809696, 2.54255;
0.9532246, 0.7839885, 2.905044;1.080135, 0.6348287, 2.896974;1.077597, 0.2585948, 2.885893;1.011702, 0.5034739, 3.074374;1.142735, 0.508149, 2.768446;0.9383726, -0.05186936, 3.026098;1.07243, -0.02270883, 2.592056;1.073671, 0.1820436, 2.887562;1.043882, 0.1047881, 2.950704;1.09815, 0.1189195, 2.822556;1.045851, -0.3641492, 2.979387;1.121756, -0.351749, 2.658934;1.065002, -0.7248038, 2.988978;1.18112, -0.7126552, 2.597888;1.002457, -0.7931998, 2.977656;1.128996, -0.7810802, 2.542345;
0.944684, 0.7693348, 2.896154;1.068216, 0.6209623, 2.896579;1.076786, 0.253334, 2.888855;1.005668, 0.4994421, 3.068187;1.134296, 0.4992754, 2.764031;0.9247582, -0.07057099, 3.020471;1.067422, -0.0206725, 2.590039;1.075181, 0.1780304, 2.890865;1.048222, 0.09646231, 2.958132;1.103502, 0.1100928, 2.823553;1.035609, -0.3617198, 2.979258;1.114645, -0.3566786, 2.653633;1.063839, -0.7258499, 2.987751;1.177949, -0.7122888, 2.596753;1.001872, -0.794459, 2.980754;1.128627, -0.7815187, 2.542898;
0.9317271, 0.7551299, 2.893135;1.056845, 0.6095977, 2.89485;1.076063, 0.2422788, 2.892009;0.994368, 0.4811396, 3.062259;1.126453, 0.4926116, 2.760393;0.9185261, -0.07363768, 3.019734;1.056863, -0.0186601, 2.588067;1.077842, 0.1674847, 2.894987;1.052001, 0.08889807, 2.961156;1.109136, 0.09965162, 2.82709;1.026151, -0.3613376, 2.979013;1.10911, -0.3552008, 2.651521;1.062574, -0.7257189, 2.988112;1.175709, -0.7149427, 2.595596;1.006992, -0.7933042, 2.980517;1.12781, -0.7820685, 2.542564;
0.9135231, 0.7302433, 2.883384;1.04384, 0.5917879, 2.888643;1.07526, 0.2321678, 2.894252;0.9859407, 0.4696231, 3.057064;1.117019, 0.4829555, 2.754932;0.9120904, -0.07990712, 3.021247;1.040159, -0.05701336, 2.58107;1.079502, 0.1587369, 2.898393;1.055178, 0.08186477, 2.965067;1.113403, 0.0901408, 2.831232;1.021629, -0.3629721, 2.979514;1.103591, -0.3538466, 2.648622;1.06246, -0.7256784, 2.988227;1.174643, -0.7141998, 2.595037;1.004441, -0.7933536, 2.98109;1.132725, -0.7807511, 2.555248;
0.895821, 0.7077023, 2.878785;1.032094, 0.5759752, 2.883306;1.078652, 0.2155864, 2.893273;0.9699286, 0.4346017, 3.056141;1.107278, 0.4706086, 2.748327;0.8909928, -0.09706491, 3.016724;1.035465, -0.05661406, 2.579906;1.087255, 0.1418324, 2.898538;1.065952, 0.06606162, 2.964538;1.124893, 0.07721791, 2.83298;1.014863, -0.3646865, 2.979451;1.097818, -0.3672192, 2.641443;1.06042, -0.7271863, 2.987463;1.173696, -0.7165867, 2.593985;1.006028, -0.7945882, 2.98015;1.130637, -0.7818412, 2.550655;
0.8750687, 0.6740612, 2.858377;1.017866, 0.5487695, 2.875174;1.078995, 0.2008565, 2.893746;0.9618111, 0.4187251, 3.049945;1.0944, 0.4490453, 2.743864;0.8662521, -0.1207155, 3.01254;1.034659, -0.04789888, 2.578927;1.089758, 0.1298909, 2.900224;1.070261, 0.05461581, 2.968163;1.130446, 0.0650759, 2.834976;1.002976, -0.3673575, 2.978521;1.096056, -0.3686519, 2.640445;1.06019, -0.7272563, 2.987176;1.172881, -0.7174241, 2.593363;1.00797, -0.7933927, 2.976557;1.128983, -0.7822288, 2.549549;
0.8561022, 0.6511468, 2.857125;0.9990534, 0.5230374, 2.876169;1.083166, 0.1707171, 2.893957;0.9502443, 0.393782, 3.045839;1.083059, 0.4174055, 2.738713;0.8588527, -0.1480849, 3.010519;1.020009, -0.06888238, 2.571662;1.099968, 0.09863701, 2.900957;1.087875, 0.02384649, 2.967147;1.145181, 0.03433252, 2.837916;0.9986767, -0.3726601, 2.978791;1.093464, -0.367164, 2.63885;1.059333, -0.7293893, 2.98667;1.172671, -0.7174595, 2.593201;1.013186, -0.7985616, 2.987627;1.127626, -0.7824442, 2.546673;
0.839083, 0.6204719, 2.84423;0.977156, 0.4888416, 2.868297;1.086437, 0.1621678, 2.891763;0.9381603, 0.3678447, 3.034845;1.071249, 0.4038722, 2.740351;0.8564075, -0.1505702, 3.010258;1.003397, -0.1016258, 2.568016;1.105662, 0.09267752, 2.899235;1.096815, 0.01754999, 2.967478;1.154647, 0.03119035, 2.834539;0.9921436, -0.3748643, 2.978102;1.08959, -0.3673681, 2.635855;1.058133, -0.7299988, 2.98537;1.172823, -0.7193296, 2.593642;1.010175, -0.7973311, 2.97788;1.126608, -0.7830389, 2.546559;
0.8185768, 0.5777704, 2.830137;0.9668193, 0.4555596, 2.86834;1.089192, 0.1454869, 2.892611;0.9239917, 0.3455459, 3.030924;1.063427, 0.3712186, 2.735496;0.8213051, -0.1884671, 2.988757;0.9674066, -0.2320519, 2.542035;1.111035, 0.0815888, 2.900477;1.104315, 0.005757354, 2.971861;1.165524, 0.0217445, 2.834525;0.9838486, -0.3819366, 2.979567;1.084934, -0.370005, 2.632703;1.058766, -0.731061, 2.985541;1.166836, -0.7193536, 2.590675;1.010663, -0.7980412, 2.977736;1.125895, -0.7832086, 2.545347;
0.8067216, 0.5420282, 2.821654;0.9490684, 0.4189796, 2.860097;1.092277, 0.1212069, 2.891076;0.9132651, 0.2916993, 3.0204;1.053525, 0.351663, 2.730911;0.8174829, -0.1954688, 2.992058;0.9444474, -0.2285967, 2.535777;1.11903, 0.0601479, 2.900296;1.115858, -0.01641605, 2.975729;1.178004, 0.007681947, 2.83312;0.9752593, -0.3970316, 2.981295;1.077514, -0.3757167, 2.627811;1.060091, -0.733347, 2.985901;1.166841, -0.7205435, 2.589901;0.9994054, -0.8021422, 2.992487;1.121805, -0.7838902, 2.540988;
0.7855682, 0.4867964, 2.813243;0.9397965, 0.3705025, 2.840684;1.0947, 0.08183609, 2.876765;0.9064647, 0.2718887, 3.012385;1.048866, 0.3061425, 2.719524;0.793727, -0.232834, 2.983759;0.9313523, -0.2644163, 2.531727;1.125031, 0.02510262, 2.887854;1.126308, -0.05163762, 2.959487;1.187676, -0.021188, 2.826858;0.9618402, -0.4201519, 2.98501;1.074683, -0.3820425, 2.6242;1.05942, -0.733237, 2.987432;1.166919, -0.7243024, 2.587861;1.006744, -0.7986772, 2.981955;1.121376, -0.7849532, 2.541943;
0.7798202, 0.4633293, 2.800886;0.9299746, 0.34224, 2.837795;1.095288, 0.08192389, 2.877625;0.8871421, 0.2184158, 2.999056;1.043722, 0.2835857, 2.715958;0.7904243, -0.2444691, 2.984411;0.9193897, -0.2925467, 2.529034;1.127103, 0.02698125, 2.889949;1.134349, -0.04887491, 2.974393;1.199783, -0.01862151, 2.826498;0.9603841, -0.4141271, 2.983459;1.066147, -0.3946421, 2.620562;1.059022, -0.7330353, 2.987378;1.166927, -0.7242963, 2.58775;1.004799, -0.7983344, 2.981602;1.126161, -0.7866044, 2.552325;
0.7611845, 0.4174306, 2.778577;0.9137509, 0.2986752, 2.832751;1.096382, 0.07695054, 2.880558;0.8817033, 0.1912708, 2.9882;1.033809, 0.2588634, 2.713463;0.7767207, -0.2990689, 2.966123;0.9217262, -0.2950272, 2.530096;1.129609, 0.02538237, 2.893037;1.139919, -0.05019778, 2.981244;1.206791, -0.01971095, 2.829162;0.9578695, -0.4116381, 2.982907;1.065112, -0.4041043, 2.620257;1.058963, -0.7327527, 2.987256;1.16689, -0.7242832, 2.587645;1.007668, -0.7965933, 2.979048;1.121661, -0.784247, 2.54339;
0.7538202, 0.3645464, 2.765255;0.912981, 0.2602513, 2.821579;1.103653, -0.007999767, 2.876;0.8794174, 0.1543741, 2.972154;1.018608, 0.2247771, 2.70622;0.7663848, -0.3290546, 2.961179;0.9019149, -0.3650879, 2.519725;1.141806, -0.06074164, 2.890682;1.148266, -0.1283992, 2.964504;1.214371, -0.1023295, 2.836172;0.9308262, -0.4674035, 2.98574;1.064512, -0.4207911, 2.620684;1.057353, -0.7333229, 2.986442;1.166347, -0.7236965, 2.587293;1.007076, -0.7978492, 2.978794;1.121349, -0.7842526, 2.543525;
0.7475631, 0.3276883, 2.758468;0.9065747, 0.2343967, 2.810829;1.107985, -0.01697371, 2.87445;0.8647462, 0.1268667, 2.961265;1.013784, 0.1914023, 2.700884;0.7528222, -0.3765656, 2.961443;0.897568, -0.3871885, 2.512517;1.147763, -0.06886484, 2.889982;1.153329, -0.1339005, 2.952096;1.215861, -0.1010407, 2.843379;0.9326289, -0.4684651, 2.987947;1.08385, -0.4790499, 2.622782;1.057113, -0.7337634, 2.987274;1.182938, -0.7733114, 2.585771;1.00617, -0.7976901, 2.979178;1.116042, -0.7853, 2.539827;
0.7364386, 0.2926635, 2.742247;0.8952408, 0.1966577, 2.796538;1.107903, -0.02835845, 2.875961;0.8562523, 0.08675952, 2.947678;1.013935, 0.158314, 2.697923;0.7392994, -0.417628, 2.953109;0.902188, -0.3978748, 2.510921;1.148898, -0.07647943, 2.893079;1.151812, -0.144627, 2.971742;1.228467, -0.112586, 2.843852;0.9276536, -0.4789268, 2.987168;1.081115, -0.480823, 2.619753;1.056625, -0.7338209, 2.987481;1.183748, -0.7732567, 2.586504;1.007481, -0.7988048, 2.979162;1.115614, -0.7857108, 2.542802;
0.7360387, 0.2634586, 2.731077;0.8907732, 0.1677436, 2.780822;1.09849, -0.07902785, 2.859482;0.8633982, 0.03895138, 2.938474;1.010774, 0.1198958, 2.689426;0.7360981, -0.4323587, 2.952457;0.8959804, -0.4261958, 2.506486;1.140238, -0.1270624, 2.87944;1.14721, -0.1887386, 2.961355;1.220414, -0.1632816, 2.828486;0.903253, -0.5065219, 2.991092;1.079802, -0.4852833, 2.616647;1.013866, -0.7933515, 2.996718;1.181858, -0.7772038, 2.584037;0.991191, -0.8136189, 2.920812;1.1134, -0.7859475, 2.540177;
0.7283012, 0.2134801, 2.716668;0.8876207, 0.1333042, 2.772246;1.088463, -0.1212229, 2.846583;0.8677904, 0.004124599, 2.931614;1.009899, 0.1052504, 2.685448;0.7267889, -0.4802254, 2.945452;0.8786862, -0.4997159, 2.501303;1.128126, -0.1734718, 2.86448;1.133795, -0.2410714, 2.923773;1.199937, -0.1921973, 2.829274;0.9465377, -0.4548235, 2.98254;1.092471, -0.4947382, 2.616374;1.056528, -0.7340455, 2.989439;1.165225, -0.7233582, 2.586786;1.006842, -0.7969676, 2.974098;1.119887, -0.7856492, 2.543148;
0.7290543, 0.1923097, 2.713046;0.8829356, 0.1065567, 2.766163;1.086466, -0.116273, 2.848636;0.8629321, -0.02922095, 2.92837;1.014515, 0.06142315, 2.680286;0.7248704, -0.510221, 2.958187;0.8694717, -0.5305542, 2.497529;1.125133, -0.1587588, 2.869912;1.140286, -0.2281421, 2.955803;1.203776, -0.1865753, 2.828912;0.9638931, -0.5146241, 2.989405;1.091995, -0.4959119, 2.61566;1.054702, -0.7365345, 2.989422;1.165094, -0.7219242, 2.586694;1.0055, -0.7994108, 2.973118;1.11987, -0.7847092, 2.544603;
0.7136714, 0.138599, 2.696676;0.8742251, 0.07736357, 2.749332;1.083342, -0.1192365, 2.846498;0.8609662, -0.0503236, 2.91773;0.9867125, 0.03579031, 2.661968;0.7213222, -0.5378143, 2.951912;0.8680721, -0.5400522, 2.541254;1.123273, -0.1602906, 2.868586;1.139908, -0.2312328, 2.955265;1.202938, -0.1876388, 2.82685;0.958229, -0.4988287, 2.985328;1.099622, -0.5282354, 2.610283;1.063437, -0.7592368, 2.992157;1.164997, -0.7220088, 2.586428;0.9976197, -0.8017175, 2.970309;1.120029, -0.7849144, 2.541988;
0.7143772, 0.1369402, 2.695787;0.8693734, 0.05466841, 2.744793;1.06796, -0.1272815, 2.84098;0.8492051, -0.09481305, 2.923689;0.9876666, 0.01622212, 2.657814;0.7103149, -0.5784829, 2.931266;0.8782058, -0.5769542, 2.49818;1.10708, -0.1648416, 2.863348;1.13113, -0.2433663, 2.96256;1.198221, -0.1940695, 2.817738;0.8798705, -0.5530026, 2.985044;1.097433, -0.5282106, 2.609802;1.087109, -0.7905162, 2.997974;1.163747, -0.7217672, 2.584951;1.007009, -0.7970555, 2.975447;1.1197, -0.7858944, 2.53994;
0.7121691, 0.08764114, 2.687668;0.8680285, 0.03092774, 2.73794;1.08983, -0.1727517, 2.847841;0.8567715, -0.1181618, 2.915241;0.9924832, -0.004105306, 2.65604;0.7144271, -0.5850595, 2.93501;0.8786666, -0.5768018, 2.494056;1.134304, -0.2114815, 2.873868;1.143532, -0.281179, 2.951975;1.212712, -0.2133681, 2.835142;0.8614789, -0.5601972, 2.987517;1.096272, -0.5319417, 2.609117;1.085153, -0.7928122, 2.99665;1.169911, -0.7266841, 2.588681;0.9997925, -0.8024564, 2.974272;1.124064, -0.786317, 2.546384;
0.7105254, 0.08565563, 2.681581;0.8622457, 0.01707436, 2.730008;1.087262, -0.1798234, 2.851314;0.8532383, -0.1307298, 2.907523;0.9929508, -0.03320946, 2.652177;0.7209999, -0.5978664, 2.938892;0.8792874, -0.5769112, 2.481207;1.131723, -0.2196863, 2.879515;1.139574, -0.2900665, 2.962018;1.22301, -0.2476458, 2.855994;0.9908396, -0.6128598, 3.013255;1.097276, -0.5395085, 2.608545;1.08808, -0.8022132, 2.996347;1.169083, -0.729607, 2.587783;0.9788318, -0.8096168, 2.985752;1.123601, -0.7879791, 2.544048;
0.6937613, 0.04813803, 2.675611;0.8554109, 0.004599526, 2.721543;1.084709, -0.1844519, 2.848319;0.8395995, -0.1460441, 2.903172;0.9927903, -0.04301716, 2.651557;0.7219568, -0.5999614, 2.93843;0.8834591, -0.56756, 2.480297;1.129985, -0.2229755, 2.877179;1.138342, -0.2909851, 2.956696;1.218292, -0.2469507, 2.852475;0.9936381, -0.6136954, 3.014084;1.09039, -0.5494819, 2.608533;1.094539, -0.808755, 2.997799;1.168856, -0.7302194, 2.587155;0.9853171, -0.8173149, 3.007134;1.117873, -0.791111, 2.540977;
0.6925096, 0.04731972, 2.673058;0.8521576, -0.00298402, 2.718217;1.090217, -0.1935247, 2.847442;0.8427404, -0.1588541, 2.900767;0.9910128, -0.05259387, 2.651716;0.7276405, -0.6193378, 2.933305;0.8687631, -0.640362, 2.472486;1.138331, -0.232755, 2.876811;1.145663, -0.2951827, 2.932652;1.217535, -0.2456175, 2.8562;0.9969305, -0.6101362, 3.013559;1.094751, -0.556558, 2.608668;1.097079, -0.8074718, 2.997208;1.169003, -0.7321861, 2.58651;0.9883231, -0.808551, 2.979706;1.117871, -0.791171, 2.540888;
0.6944656, 0.04135041, 2.67174;0.8526475, -0.02507264, 2.716249;1.088577, -0.2058828, 2.84422;0.8418152, -0.1653812, 2.897785;0.9903536, -0.06291866, 2.64984;0.7255504, -0.6280867, 2.93219;0.875019, -0.6300683, 2.47589;1.136245, -0.2426519, 2.873531;1.144508, -0.3007178, 2.936276;1.217606, -0.2592463, 2.848953;0.9992115, -0.6087403, 3.012841;1.089864, -0.5615321, 2.608193;1.099437, -0.8069865, 2.99639;1.168507, -0.7330974, 2.585974;0.990591, -0.8084667, 2.97953;1.117995, -0.791249, 2.540825;
0.6934519, 0.04069617, 2.671379;0.8516587, -0.0328585, 2.718025;1.089699, -0.2079553, 2.838974;0.8440905, -0.1742778, 2.893527;0.9908472, -0.06794104, 2.649847;0.7289125, -0.6362559, 2.931661;0.8748209, -0.6338537, 2.474372;1.137863, -0.24383, 2.865549;1.148443, -0.3020662, 2.932761;1.221223, -0.2574592, 2.83506;1.000111, -0.6080195, 3.011365;1.086897, -0.5621802, 2.608619;1.100479, -0.8068087, 2.994826;1.170649, -0.7345352, 2.587642;0.9915569, -0.811675, 3.011812;1.122033, -0.7911253, 2.546196;
0.6904814, 0.02446928, 2.66503;0.8500723, -0.03452547, 2.716717;1.083168, -0.2116158, 2.835885;0.8451588, -0.1763459, 2.892777;0.990913, -0.07049362, 2.64916;0.7307172, -0.6380776, 2.932503;0.8715307, -0.6479026, 2.47254;1.129764, -0.2475681, 2.862492;1.144064, -0.3069892, 2.939323;1.21465, -0.2667246, 2.827947;1.000627, -0.6093681, 3.010932;1.08434, -0.5612614, 2.608115;1.10126, -0.8090566, 2.994246;1.171167, -0.7348625, 2.588676;0.9908576, -0.8057824, 2.991203;1.118809, -0.7914259, 2.545105;
0.6901392, 0.02410218, 2.664129;0.8447761, -0.03944214, 2.713587;1.083355, -0.2158661, 2.836848;0.8449503, -0.1777166, 2.89052;0.9897801, -0.07163473, 2.649185;0.7321095, -0.6404947, 2.934107;0.8757745, -0.6456502, 2.47123;1.130873, -0.2521188, 2.864477;1.143434, -0.3087783, 2.93904;1.215132, -0.2688548, 2.833437;1.000278, -0.6080326, 3.010298;1.083328, -0.5621326, 2.60752;1.101002, -0.8081263, 2.993694;1.170514, -0.7357932, 2.587792;0.9905078, -0.8039575, 2.98949;1.113301, -0.7912464, 2.539462;
0.6887291, 0.02052429, 2.661109;0.844945, -0.04174476, 2.713022;1.081156, -0.2156984, 2.836614;0.8444886, -0.1797732, 2.887846;0.9887074, -0.07443092, 2.648428;0.7326987, -0.6427116, 2.934871;0.8769611, -0.6487281, 2.471081;1.127578, -0.2510531, 2.864413;1.140842, -0.307395, 2.941913;1.213244, -0.2685108, 2.833172;1.000384, -0.607709, 3.01041;1.083098, -0.5622125, 2.607213;1.1011, -0.8079426, 2.993784;1.170577, -0.7353615, 2.587892;0.9905069, -0.8036258, 2.989353;1.123002, -0.790229, 2.549182;
0.68875, 0.01994934, 2.660772;0.8443342, -0.04416949, 2.713373;1.083999, -0.2155279, 2.835464;0.847791, -0.183549, 2.883055;0.9855486, -0.08024664, 2.647045;0.7326183, -0.6433098, 2.934324;0.8786623, -0.6500672, 2.469846;1.132581, -0.2498874, 2.862615;1.148177, -0.3044285, 2.934502;1.215471, -0.2632551, 2.832592;1.000417, -0.6076927, 3.010298;1.081406, -0.5620376, 2.60643;1.101143, -0.8079522, 2.993705;1.171538, -0.7351233, 2.588953;0.990613, -0.8021581, 2.986938;1.122333, -0.7899441, 2.549238;
0.688741, 0.01995117, 2.660598;0.8444881, -0.04677286, 2.714744;1.082997, -0.2156805, 2.835034;0.8470921, -0.1837343, 2.880287;0.9858989, -0.08108425, 2.646046;0.7331638, -0.6441055, 2.934602;0.8887343, -0.6326041, 2.468644;1.130849, -0.2497043, 2.861902;1.146438, -0.3060312, 2.941523;1.217749, -0.2662401, 2.828245;1.000638, -0.6117197, 3.008873;1.07998, -0.5627316, 2.606194;1.026742, -0.7264088, 2.994533;1.170517, -0.7358044, 2.588133;0.9572563, -0.7994207, 2.981439;1.119905, -0.7900732, 2.545912;
0.6878998, 0.0197197, 2.659656;0.8405253, -0.0543536, 2.716354;1.073997, -0.2151023, 2.835155;0.8442074, -0.190278, 2.886465;0.9851249, -0.08192623, 2.645406;0.734055, -0.6439439, 2.934176;0.8914765, -0.6303687, 2.465994;1.119335, -0.2470278, 2.862006;1.140485, -0.3048519, 2.950357;1.214899, -0.266581, 2.826986;1.001079, -0.6117884, 3.009175;1.0796, -0.5639977, 2.605596;1.027566, -0.7241839, 2.996177;1.169863, -0.7355725, 2.587382;0.943717, -0.7966316, 3.001668;1.119386, -0.7899145, 2.544884;
0.6878325, 0.0195146, 2.659243;0.8402165, -0.05460033, 2.714182;1.068412, -0.2172546, 2.833835;0.8447202, -0.1903915, 2.879645;0.9846135, -0.0826877, 2.64444;0.7356482, -0.6434188, 2.933223;0.8932447, -0.6256793, 2.464671;1.11264, -0.2498452, 2.861198;1.131065, -0.3087593, 2.950229;1.200483, -0.2709249, 2.826257;0.9821523, -0.6156377, 3.007902;1.079143, -0.5655137, 2.604808;1.007896, -0.7233579, 2.99615;1.168298, -0.7380542, 2.586306;0.9596473, -0.7947948, 2.975489;1.117899, -0.7905374, 2.543033;
0.6881937, 0.01851537, 2.658959;0.8401706, -0.05701465, 2.714305;1.077127, -0.2224411, 2.83574;0.853578, -0.1919878, 2.863892;0.9833004, -0.08596815, 2.643991;0.7359835, -0.6434411, 2.9332;0.8943352, -0.6252226, 2.462999;1.126071, -0.2561264, 2.863878;1.140487, -0.3111181, 2.946038;1.208219, -0.271453, 2.8301;0.9899262, -0.6196144, 3.0075;1.07878, -0.5655898, 2.604478;1.019206, -0.6956656, 2.982078;1.168653, -0.7382594, 2.586662;0.9579137, -0.7876654, 2.973016;1.117298, -0.7906004, 2.543702;
0.6866325, 0.01342504, 2.658286;0.8406959, -0.05798259, 2.714585;1.075848, -0.2221569, 2.835081;0.8509547, -0.1992688, 2.866549;0.9832929, -0.08651408, 2.643643;0.7365528, -0.644968, 2.933698;0.8948902, -0.6228065, 2.462774;1.123134, -0.2551201, 2.862515;1.13839, -0.3120512, 2.943833;1.206535, -0.2691818, 2.829864;0.9906914, -0.6242448, 3.007412;1.078326, -0.5679208, 2.604088;1.025738, -0.7045794, 2.986875;1.169141, -0.7376328, 2.587078;0.9566835, -0.7902692, 2.972946;1.119821, -0.7894133, 2.546968;
0.6859344, 0.003136541, 2.658615;0.8407777, -0.0589909, 2.714169;1.073362, -0.225516, 2.83537;0.8531602, -0.1986381, 2.862466;0.9833055, -0.09279866, 2.642879;0.7369071, -0.6463165, 2.933815;0.8945106, -0.6222159, 2.46151;1.119616, -0.2592085, 2.863106;1.135169, -0.3156095, 2.945295;1.202464, -0.2759684, 2.830339;0.9897791, -0.629665, 3.006187;1.077362, -0.5712535, 2.603613;1.026438, -0.7091151, 2.987309;1.169632, -0.741057, 2.585334;0.9558705, -0.7933406, 2.972027;1.118372, -0.7901896, 2.54332;
0.6857868, -0.0005415175, 2.65984;0.8419098, -0.06066974, 2.713992;1.07294, -0.2254715, 2.835142;0.8503605, -0.1966173, 2.863925;0.983184, -0.09492899, 2.643468;0.7369712, -0.6463304, 2.933765;0.8929496, -0.624344, 2.459921;1.118745, -0.2588437, 2.862783;1.134324, -0.314726, 2.945478;1.20234, -0.276004, 2.830076;0.9913659, -0.6269179, 3.004976;1.077382, -0.5712808, 2.603293;1.029216, -0.7059181, 2.986984;1.169472, -0.7406955, 2.585509;0.9596126, -0.7913631, 2.974153;1.119212, -0.7906681, 2.544255;
0.6854069, -0.00136961, 2.660443;0.8420488, -0.06180146, 2.714548;1.067224, -0.2243487, 2.835294;0.7996805, -0.2176906, 2.93223;0.9831278, -0.09584977, 2.643755;0.7368459, -0.6463308, 2.934511;0.8921018, -0.627284, 2.459625;1.110537, -0.2564679, 2.862702;1.126529, -0.3159296, 2.946811;1.201744, -0.2754056, 2.830837;0.9923806, -0.6291616, 3.005313;1.07756, -0.5708667, 2.60375;1.0246, -0.7274407, 2.988005;1.169282, -0.7407956, 2.585329;0.9545956, -0.797565, 2.973126;1.119281, -0.7906157, 2.543633;
0.6847817, -0.003145796, 2.661691;0.8418965, -0.06174151, 2.714351;1.065636, -0.2245666, 2.835439;0.8006908, -0.2173286, 2.931863;0.983968, -0.09836485, 2.64474;0.7367796, -0.6465076, 2.935103;0.8915344, -0.6274096, 2.457903;1.109058, -0.2568296, 2.862957;1.123837, -0.3170507, 2.946493;1.200512, -0.2757597, 2.832687;0.992616, -0.6304898, 3.005527;1.077555, -0.5707405, 2.603346;1.018505, -0.76937, 2.991915;1.169267, -0.7407524, 2.585263;0.9456491, -0.8003054, 2.970806;1.118901, -0.7899609, 2.543401;
0.6813371, -0.005079941, 2.662128;0.8404105, -0.06339151, 2.716005;1.062415, -0.2276052, 2.834926;0.8063006, -0.2089917, 2.928307;0.9841811, -0.09823614, 2.644883;0.7361903, -0.6466874, 2.934743;0.8904178, -0.6293558, 2.45692;1.105833, -0.2602904, 2.861901;1.120364, -0.3209527, 2.944202;1.19744, -0.2798368, 2.831874;0.9919986, -0.6319053, 3.006076;1.078, -0.5721141, 2.602415;1.019045, -0.751085, 2.988411;1.168481, -0.7425457, 2.586653;0.9516797, -0.8000354, 2.972373;1.118575, -0.7900542, 2.542452;
0.682449, 0.0008851616, 2.663802;0.8407931, -0.06395926, 2.717118;1.062137, -0.2275134, 2.835159;0.8113239, -0.2108786, 2.933582;0.98401, -0.09687153, 2.646087;0.7356607, -0.6470202, 2.934925;0.8901182, -0.6298723, 2.455706;1.10556, -0.2601357, 2.862063;1.120401, -0.3210941, 2.944234;1.197087, -0.2791683, 2.832635;0.993021, -0.6334293, 3.006604;1.078034, -0.5721747, 2.602362;1.024433, -0.692748, 2.982544;1.166643, -0.7396809, 2.584917;0.9626482, -0.7841146, 2.972128;1.117944, -0.79217, 2.545185;
0.6831465, 0.001404514, 2.664035;0.8411586, -0.06311267, 2.717164;1.061856, -0.227242, 2.835449;0.8125169, -0.2071193, 2.931957;0.9844962, -0.09698052, 2.648818;0.7351574, -0.6471419, 2.934383;0.8897343, -0.6300985, 2.455154;1.105242, -0.2599426, 2.862433;1.119903, -0.3209808, 2.94513;1.196906, -0.2791863, 2.833035;0.9929062, -0.6339563, 3.006824;1.077777, -0.5724321, 2.602477;1.023226, -0.7078761, 2.988282;1.168007, -0.7402435, 2.586003;0.9565338, -0.7947308, 2.971483;1.118273, -0.7914154, 2.545836;
0.6822125, 0.002931501, 2.664796;0.8409353, -0.06110247, 2.717298;1.060925, -0.2241437, 2.836419;0.812795, -0.2051449, 2.933157;0.98461, -0.0933096, 2.652497;0.7345605, -0.6451405, 2.933235;0.8874747, -0.6298972, 2.4543;1.104354, -0.2566873, 2.863594;1.120053, -0.3176382, 2.950891;1.197922, -0.2779033, 2.833208;0.994141, -0.6308678, 3.007161;1.077801, -0.5722351, 2.602491;1.024744, -0.7027566, 2.990606;1.167264, -0.7417913, 2.583873;0.9572234, -0.7878559, 2.972761;1.115816, -0.7909123, 2.543325;
0.6829711, 0.009299577, 2.666937;0.8433683, -0.05530599, 2.723296;1.060161, -0.2226111, 2.838156;0.8128449, -0.2006301, 2.931503;0.9834774, -0.08623276, 2.656286;0.7341467, -0.6441697, 2.93304;0.8890542, -0.5946645, 2.452996;1.103423, -0.2556211, 2.864861;1.11937, -0.3175073, 2.951223;1.197077, -0.2771448, 2.83446;0.9941097, -0.6308263, 3.00721;1.077887, -0.5720543, 2.602424;1.024596, -0.7025343, 2.99132;1.167458, -0.7420059, 2.583758;0.9521307, -0.7857728, 2.981062;1.116171, -0.7916973, 2.543609;
0.6804326, 0.02062979, 2.671262;0.8434289, -0.04216828, 2.725989;1.061252, -0.2184862, 2.841004;0.8289942, -0.1838032, 2.914141;0.9844804, -0.07598075, 2.6621;0.7363636, -0.6234881, 2.938638;0.8908705, -0.5935974, 2.454868;1.104608, -0.2528019, 2.867479;1.120643, -0.3158103, 2.954701;1.197993, -0.2756825, 2.835528;0.9955903, -0.6295353, 3.009773;1.078456, -0.5713081, 2.602385;1.03351, -0.7320795, 3.007812;1.167352, -0.7420443, 2.583679;0.9473547, -0.7935912, 2.974832;1.115999, -0.7915006, 2.543265;
0.6870781, 0.04238234, 2.679299;0.8446594, -0.03341499, 2.729056;1.063817, -0.2104101, 2.846068;0.8296584, -0.1781368, 2.913941;0.9842757, -0.07148969, 2.66437;0.7317059, -0.6243719, 2.933205;0.8933215, -0.5888416, 2.457759;1.107466, -0.2454877, 2.872748;1.122051, -0.3088086, 2.956665;1.198431, -0.2659852, 2.842591;0.9978555, -0.6236311, 3.01209;1.078944, -0.5694101, 2.602807;1.029673, -0.7866713, 2.960481;1.166859, -0.7419242, 2.583598;0.9350762, -0.8058007, 2.975732;1.116037, -0.7914177, 2.542629;
0.6909654, 0.05502182, 2.688679;0.8432564, -0.0195787, 2.734611;1.064397, -0.1970668, 2.851198;0.8247584, -0.1686395, 2.92676;0.9816773, -0.06169123, 2.666708;0.7327676, -0.6235287, 2.937225;0.8929251, -0.588715, 2.458463;1.108521, -0.2325134, 2.877779;1.122623, -0.3001585, 2.966659;1.205512, -0.2527656, 2.843616;0.9969852, -0.6171764, 3.014576;1.085796, -0.5675676, 2.604732;1.030606, -0.7860823, 2.960665;1.166315, -0.7379645, 2.583968;0.9508497, -0.8033726, 2.974007;1.118096, -0.7911848, 2.544701;
0.6917458, 0.05656187, 2.69232;0.8467473, -0.009469838, 2.740999;1.064241, -0.1950828, 2.852062;0.8267791, -0.1658705, 2.93046;0.9830057, -0.05345482, 2.670539;0.7289924, -0.6542022, 2.940362;0.8942639, -0.5804405, 2.466019;1.108167, -0.2313408, 2.878154;1.122642, -0.2998997, 2.966602;1.20451, -0.2523697, 2.843709;0.9978417, -0.6176428, 3.015543;1.023568, -0.4908693, 2.575747;1.030374, -0.7857239, 2.960747;1.159559, -0.7574966, 2.571205;0.9674056, -0.8217108, 2.998255;1.102912, -0.8008466, 2.531471;
0.6843482, 0.07185151, 2.699835;0.8458567, 0.001307535, 2.747315;1.063368, -0.1882484, 2.855108;0.8296692, -0.1585077, 2.92994;0.9802554, -0.0407145, 2.675306;0.7271002, -0.651082, 2.928504;0.8954533, -0.5750275, 2.469243;1.107203, -0.2257928, 2.880345;1.122614, -0.294972, 2.967343;1.201372, -0.248225, 2.84511;0.9991848, -0.6120613, 3.018783;1.083982, -0.5484179, 2.605646;1.058216, -0.7626565, 2.986156;1.169392, -0.7388498, 2.587513;0.9907019, -0.8073539, 2.976351;1.115074, -0.791413, 2.541162;
0.6874416, 0.09478773, 2.707266;0.848308, 0.01487765, 2.756263;1.065014, -0.1832704, 2.858846;0.8309075, -0.1485789, 2.934046;0.9786801, -0.03187947, 2.678246;0.730191, -0.6454848, 2.927112;0.8970433, -0.5686346, 2.474222;1.108522, -0.2222656, 2.883087;1.122541, -0.2935202, 2.968565;1.202495, -0.2452582, 2.84643;0.9984676, -0.6101809, 3.020331;1.086302, -0.5476027, 2.605487;1.035546, -0.753668, 2.984813;1.169297, -0.7388354, 2.587266;0.9871395, -0.8186629, 2.976842;1.113846, -0.791895, 2.539745;
0.6795638, 0.1372066, 2.723526;0.8506746, 0.03470589, 2.772286;1.065353, -0.1770826, 2.862117;0.8329183, -0.09723263, 2.940707;0.9762225, -0.01006297, 2.683139;0.7502316, -0.5819792, 2.93129;0.896067, -0.5274593, 2.491354;1.108597, -0.2182385, 2.884713;1.121938, -0.289349, 2.969275;1.201769, -0.2437787, 2.845992;0.9923621, -0.6297022, 3.007079;1.093691, -0.5527828, 2.607904;1.063479, -0.7578316, 2.992575;1.169746, -0.7387866, 2.587736;0.9975126, -0.801989, 2.97484;1.118428, -0.7909085, 2.54232;
0.680746, 0.1430117, 2.725396;0.8516495, 0.04582185, 2.779194;1.06337, -0.172256, 2.863763;0.8352541, -0.09373431, 2.939499;0.9770067, 0.01473189, 2.688511;0.7572861, -0.5373428, 2.933972;0.8984796, -0.5229448, 2.491582;1.106325, -0.2147909, 2.88526;1.119117, -0.2868306, 2.968498;1.197126, -0.2412456, 2.844457;0.9806817, -0.6337351, 3.002194;1.094017, -0.5446449, 2.608853;1.063256, -0.7576143, 2.992251;1.169232, -0.7374333, 2.587484;0.9978415, -0.8014323, 2.972254;1.118917, -0.7906518, 2.541675;
0.6833709, 0.1730629, 2.734082;0.8481851, 0.06598091, 2.786548;1.057658, -0.1574046, 2.866109;0.8375801, -0.07408883, 2.94085;0.9718989, 0.03272772, 2.69601;0.7608883, -0.527317, 2.937629;0.9061724, -0.5028099, 2.497998;1.100058, -0.2017534, 2.886037;1.114882, -0.2778811, 2.969561;1.190743, -0.2340811, 2.841059;0.9730072, -0.6245563, 3.00477;1.092896, -0.5366766, 2.608687;1.05301, -0.7490575, 2.977871;1.169369, -0.7370514, 2.587453;0.9954967, -0.8059554, 2.972215;1.120271, -0.7897849, 2.543104;
0.6852863, 0.1903084, 2.741005;0.8511103, 0.07645611, 2.786303;1.058361, -0.148079, 2.867514;0.8433143, -0.05131268, 2.940369;0.9732767, 0.03893618, 2.696534;0.7625165, -0.513989, 2.937802;0.9086146, -0.4875715, 2.503309;1.100133, -0.192903, 2.887413;1.113054, -0.2598766, 2.971303;1.188489, -0.2287139, 2.841054;0.9572224, -0.5011702, 2.993721;1.093507, -0.5155216, 2.609689;1.054619, -0.7497904, 2.97969;1.166945, -0.7354161, 2.585846;1.006643, -0.8147964, 2.984514;1.119339, -0.7901492, 2.540759;
0.6861224, 0.200271, 2.742088;0.8519042, 0.08619209, 2.78945;1.054803, -0.1266829, 2.876987;0.8377637, -0.03978313, 2.941138;0.976621, 0.05030982, 2.698878;0.7614652, -0.5029035, 2.931088;0.9063516, -0.4927813, 2.509267;1.095079, -0.1686984, 2.898262;1.109659, -0.2359816, 2.984497;1.188644, -0.2197782, 2.850235;0.9576694, -0.500141, 2.99316;1.093046, -0.5095344, 2.611375;1.05739, -0.7492998, 2.987666;1.16472, -0.7302008, 2.583736;1.006131, -0.8113085, 2.980396;1.119089, -0.7889314, 2.539103;
0.6878476, 0.2162248, 2.750959;0.8527181, 0.0995643, 2.790334;1.055384, -0.1151238, 2.872034;0.8388526, -0.03038653, 2.942696;0.9780922, 0.06014781, 2.700307;0.7656534, -0.4940669, 2.932762;0.9110103, -0.4636745, 2.513928;1.095778, -0.157583, 2.891843;1.113513, -0.2213315, 2.968603;1.178553, -0.1922718, 2.845044;0.9568717, -0.47538, 2.988681;1.095234, -0.5043206, 2.612921;1.057058, -0.7488289, 2.988054;1.18284, -0.7887183, 2.582916;1.006082, -0.8105041, 2.978253;1.11691, -0.7886633, 2.53653;
0.6879107, 0.2295242, 2.750251;0.8516498, 0.1117188, 2.791113;1.058039, -0.1064844, 2.869386;0.839274, -0.01972274, 2.943913;0.9767073, 0.08134156, 2.700066;0.7690523, -0.484341, 2.931344;0.9119729, -0.4551884, 2.515427;1.09919, -0.1496029, 2.888469;1.116616, -0.2139012, 2.96215;1.178305, -0.1802227, 2.843545;0.9572513, -0.4737112, 2.988261;1.106008, -0.4959853, 2.613789;1.057104, -0.7472852, 2.987134;1.18039, -0.7836093, 2.585049;1.006815, -0.809411, 2.978024;1.115326, -0.7875009, 2.537899;
0.6875346, 0.248672, 2.755781;0.8526741, 0.118918, 2.793524;1.060853, -0.09767401, 2.869947;0.8393964, -0.009207519, 2.942802;0.9765939, 0.08890801, 2.700773;0.7715316, -0.4746236, 2.932711;0.9196658, -0.442152, 2.521588;1.102419, -0.1407761, 2.888546;1.119085, -0.2025505, 2.957445;1.176942, -0.1656065, 2.847445;0.9198815, -0.53168, 3.001828;1.117766, -0.487086, 2.616493;1.057667, -0.746066, 2.987918;1.176576, -0.7777717, 2.585209;1.002784, -0.8045418, 2.983468;1.114706, -0.7873104, 2.534884;
0.6853143, 0.2603805, 2.756987;0.848598, 0.1385413, 2.798336;1.063801, -0.08448793, 2.872419;0.8323678, 0.02310307, 2.940995;0.9711426, 0.1065573, 2.701983;0.7742455, -0.4575412, 2.936421;0.9202738, -0.4433072, 2.520955;1.106549, -0.1285941, 2.89065;1.122176, -0.1869196, 2.954397;1.176755, -0.1511132, 2.852764;0.9346486, -0.520326, 3.009165;1.126817, -0.4843389, 2.618321;1.057804, -0.7457509, 2.987873;1.175522, -0.7764193, 2.585348;1.0032, -0.804141, 2.98133;1.114701, -0.7875859, 2.534261;
0.6833587, 0.2661539, 2.756752;0.8490871, 0.1441421, 2.796344;1.067249, -0.07108778, 2.874066;0.8305131, 0.03096909, 2.943029;0.9696915, 0.119363, 2.701468;0.7789125, -0.4438891, 2.938701;0.9217669, -0.425299, 2.52119;1.110981, -0.1135044, 2.893336;1.126286, -0.1667609, 2.950086;1.175915, -0.1306303, 2.863509;0.9513367, -0.5055137, 3.009306;1.136689, -0.4813305, 2.621202;1.059839, -0.7412462, 2.991377;1.176427, -0.7742847, 2.585636;1.007749, -0.8010129, 2.979876;1.115298, -0.7864646, 2.535311;
0.6803809, 0.2772265, 2.75611;0.8487377, 0.1588053, 2.794661;1.072294, -0.04687316, 2.884288;0.8226824, 0.04224027, 2.952615;0.9737077, 0.1284015, 2.701331;0.7816908, -0.4340311, 2.938829;0.9239517, -0.4143528, 2.524473;1.117393, -0.08749364, 2.906407;1.127669, -0.1393446, 2.953722;1.179236, -0.09610111, 2.890135;0.9801253, -0.4908505, 3.011674;1.149837, -0.478308, 2.624644;1.061018, -0.7325459, 2.992828;1.174317, -0.7723401, 2.584783;1.004341, -0.7957665, 2.985818;1.114444, -0.7874925, 2.533837;
0.676291, 0.2839523, 2.755266;0.8452299, 0.1703812, 2.798169;1.054405, 0.006438378, 2.878985;0.8166581, 0.06068388, 2.953528;0.9740741, 0.1357727, 2.700959;0.7838403, -0.4296045, 2.937671;0.9374593, -0.3739427, 2.532972;1.096936, -0.02864432, 2.897706;1.12272, -0.09138918, 2.981599;1.18388, -0.0588879, 2.850313;1.008135, -0.4600984, 3.001436;1.171252, -0.4285678, 2.640233;1.061018, -0.7325069, 2.992699;1.173154, -0.7223474, 2.586447;1.005809, -0.7948379, 2.976822;1.123774, -0.7840136, 2.542877;
0.6731166, 0.2900404, 2.753336;0.8434553, 0.176791, 2.799308;1.066614, -0.006094429, 2.889233;0.8149939, 0.07524557, 2.952139;0.9766697, 0.1493371, 2.702055;0.7917808, -0.4170997, 2.938152;0.9347456, -0.403273, 2.535888;1.115158, -0.04806738, 2.912895;1.124701, -0.102391, 2.990407;1.209762, -0.07799172, 2.869615;1.063692, -0.5332469, 3.017231;1.171802, -0.4288322, 2.640398;1.06118, -0.7321609, 2.992019;1.173256, -0.7219629, 2.586255;1.006147, -0.7931364, 2.974074;1.128787, -0.7826598, 2.543144;
0.6718383, 0.2954121, 2.753975;0.8447523, 0.1874771, 2.795871;1.067548, -0.004536307, 2.890136;0.8135148, 0.08180894, 2.953444;0.9767191, 0.1564133, 2.700319;0.7937077, -0.4068146, 2.933095;0.9378016, -0.3832543, 2.542275;1.115397, -0.04579917, 2.913887;1.125042, -0.09849197, 2.993007;1.209744, -0.07774876, 2.8713;1.06232, -0.5318787, 3.017618;1.174704, -0.4254928, 2.641945;1.061607, -0.7303196, 2.992716;1.174903, -0.717925, 2.586835;1.015276, -0.7867859, 2.944191;1.125884, -0.7827989, 2.537349;
0.6642369, 0.3057031, 2.761577;0.8438291, 0.1910082, 2.798293;1.070369, -0.003272196, 2.892156;0.8137449, 0.08341858, 2.953581;0.9737161, 0.1641396, 2.699083;0.7964321, -0.4000981, 2.930789;0.9411653, -0.3553801, 2.546377;1.117899, -0.04424634, 2.915325;1.126605, -0.09616964, 2.991643;1.210545, -0.07483763, 2.875898;1.063543, -0.5292118, 3.017894;1.17646, -0.4227099, 2.644239;1.062744, -0.7296736, 2.993217;1.175447, -0.7168043, 2.58752;1.012635, -0.7883728, 2.960589;1.125988, -0.7829546, 2.537366;
0.6669132, 0.3098596, 2.75967;0.8443092, 0.1979449, 2.796798;1.079591, 0.00126172, 2.888424;0.8154621, 0.09006431, 2.952581;0.9743637, 0.1707058, 2.699455;0.7975739, -0.3909802, 2.932486;0.941851, -0.3525261, 2.547526;1.128695, -0.03911398, 2.91027;1.140415, -0.0913124, 2.983619;1.218207, -0.06958481, 2.871514;1.064439, -0.5282994, 3.016526;1.17862, -0.4220892, 2.646309;1.063781, -0.7292169, 2.994591;1.175676, -0.7164127, 2.58773;1.012444, -0.7896446, 2.961254;1.126014, -0.782784, 2.537123;
0.6645767, 0.3150796, 2.758274;0.8432187, 0.203828, 2.798208;1.095397, 0.003430709, 2.877051;0.8169529, 0.08999465, 2.953876;0.9742638, 0.1741881, 2.699462;0.8001065, -0.3840336, 2.932361;0.9456713, -0.3318455, 2.549711;1.149994, -0.03775524, 2.893399;1.173602, -0.09778128, 2.956059;1.237493, -0.06179556, 2.851159;1.067538, -0.5245877, 3.013404;1.180622, -0.4207456, 2.648613;1.064869, -0.7256737, 2.99142;1.175668, -0.716091, 2.587647;1.012981, -0.78959, 2.961782;1.126327, -0.7829207, 2.536829;
0.6627817, 0.3193688, 2.759105;0.8421953, 0.2104678, 2.797527;1.097019, 0.006105363, 2.875139;0.8129116, 0.125475, 2.946841;0.971283, 0.1839649, 2.699965;0.8041795, -0.3790683, 2.93253;0.9455843, -0.3314562, 2.550585;1.150811, -0.03562668, 2.892163;1.173155, -0.09508387, 2.955381;1.237134, -0.05921922, 2.850392;1.07583, -0.5228791, 3.015117;1.181843, -0.4194108, 2.651729;1.064575, -0.7256451, 2.991556;1.175819, -0.7162191, 2.58762;1.014423, -0.7912096, 2.965746;1.12684, -0.7827987, 2.536994;
0.660771, 0.3322618, 2.760015;0.839578, 0.2178826, 2.795392;1.096738, 0.009388294, 2.872478;0.812333, 0.1314823, 2.946037;0.9702404, 0.1889488, 2.700456;0.8058, -0.3746946, 2.933158;0.9450231, -0.331169, 2.552253;1.150072, -0.0326804, 2.88992;1.171358, -0.09086272, 2.95466;1.236137, -0.05773835, 2.848174;1.07897, -0.520155, 3.013751;1.183997, -0.4182461, 2.652935;1.064739, -0.7251005, 2.991671;1.176453, -0.7156869, 2.587973;1.014425, -0.7909638, 2.966817;1.126873, -0.7828289, 2.536906;
0.6620466, 0.338881, 2.758535;0.8411446, 0.2289254, 2.794521;1.097626, 0.01431169, 2.870465;0.8141874, 0.138495, 2.945353;0.9757848, 0.1933703, 2.702024;0.8095104, -0.3595079, 2.932377;0.9451081, -0.3282923, 2.552458;1.150274, -0.0286095, 2.888208;1.170498, -0.08618329, 2.954737;1.236576, -0.0563401, 2.846379;1.067706, -0.4523758, 3.010663;1.187837, -0.4135227, 2.655135;1.067242, -0.7428303, 2.996361;1.177353, -0.7144086, 2.588273;1.012268, -0.7916548, 2.96518;1.127101, -0.7827935, 2.537083;
0.6628832, 0.3673122, 2.761458;0.8394002, 0.2468998, 2.7958;1.096445, 0.02412504, 2.867696;0.8161051, 0.1415889, 2.947629;0.9755586, 0.2064113, 2.703013;0.8110308, -0.3491709, 2.933787;0.9504403, -0.295561, 2.556617;1.148591, -0.01997203, 2.885163;1.169867, -0.08182694, 2.953587;1.233942, -0.04806811, 2.841749;1.082211, -0.4511394, 3.01194;1.189639, -0.4113894, 2.655941;1.065605, -0.7408921, 2.995999;1.177893, -0.7132231, 2.588731;1.01194, -0.7921574, 2.966478;1.12673, -0.7826587, 2.536582;
0.6799075, 0.4114863, 2.764941;0.839503, 0.2691663, 2.801057;1.0966, 0.02778108, 2.866894;0.8200464, 0.1486202, 2.948807;0.9577504, 0.2372385, 2.701833;0.8109909, -0.3334363, 2.936104;0.9439517, -0.2992085, 2.555966;1.148572, -0.01812863, 2.884161;1.167748, -0.07723406, 2.947984;1.230345, -0.04446204, 2.841116;1.10342, -0.4536292, 3.005366;1.191817, -0.4104404, 2.656791;1.064933, -0.740768, 2.994469;1.178763, -0.7112055, 2.588963;1.008033, -0.7930558, 2.968991;1.126775, -0.7818692, 2.536052;
0.6839679, 0.4270621, 2.771142;0.8616907, 0.2701801, 2.808684;1.094051, 0.03450653, 2.868165;0.8240246, 0.1879179, 2.952272;0.966509, 0.2453766, 2.705284;0.8147352, -0.310232, 2.933654;0.9393014, -0.2943197, 2.557765;1.141413, -0.009338641, 2.8846;1.160947, -0.07531366, 2.950535;1.223554, -0.03736826, 2.839712;1.106861, -0.4511357, 3.004634;1.193952, -0.4096563, 2.65778;1.064923, -0.7375373, 2.993583;1.178541, -0.7111142, 2.588645;1.009131, -0.792117, 2.970094;1.127667, -0.7819263, 2.53671;
0.6977993, 0.4515015, 2.789191;0.8711727, 0.2828628, 2.812131;1.092934, 0.04027032, 2.867717;0.8337615, 0.1974205, 2.944073;0.9660599, 0.2688555, 2.70509;0.8139492, -0.2845204, 2.940754;0.931863, -0.2542843, 2.566256;1.138914, -0.005522428, 2.883351;1.155813, -0.07248501, 2.947671;1.214175, -0.03002509, 2.837845;1.109473, -0.4481734, 3.006243;1.195946, -0.4069598, 2.658545;1.064919, -0.7340349, 2.992819;1.179611, -0.7113354, 2.58962;1.009104, -0.7917721, 2.9698;1.126815, -0.7818108, 2.535806;
0.7329608, 0.5020282, 2.810208;0.9020082, 0.3241671, 2.820393;1.088532, 0.06734219, 2.866209;0.8390278, 0.2549047, 2.954833;0.9783123, 0.3122316, 2.714696;0.8153958, -0.2187322, 2.942685;0.9280163, -0.2336809, 2.564816;1.128031, 0.01843162, 2.879446;1.139278, -0.04391146, 2.944747;1.204851, -0.02434137, 2.833236;1.111154, -0.4382055, 3.004015;1.199546, -0.4033114, 2.661665;1.066062, -0.7301862, 2.991303;1.179816, -0.7100128, 2.589214;1.009398, -0.7910591, 2.969976;1.127516, -0.7812539, 2.536091;
0.7618735, 0.5262064, 2.819922;0.9098703, 0.3274991, 2.822671;1.076145, 0.09297401, 2.865711;0.8280131, 0.2924888, 2.966264;0.9790222, 0.3293573, 2.715606;0.814716, -0.213706, 2.941937;0.9312125, -0.1971821, 2.569245;1.105033, 0.05137904, 2.877029;1.114031, -0.0104872, 2.93067;1.16397, 0.009537083, 2.838556;1.112531, -0.4338517, 3.004749;1.200257, -0.4029503, 2.662338;1.070206, -0.7285784, 2.993094;1.180129, -0.7093881, 2.589625;1.010757, -0.7899997, 2.969152;1.128121, -0.781225, 2.536441;
0.7802534, 0.5414125, 2.828406;0.9225229, 0.3369351, 2.823023;1.077039, 0.09463915, 2.866066;0.8328656, 0.307511, 2.969023;0.9887239, 0.3550606, 2.719827;0.8155051, -0.2103449, 2.937907;0.9299647, -0.1935505, 2.568022;1.105687, 0.05156524, 2.877344;1.114764, -0.01163863, 2.933385;1.167807, 0.007141605, 2.837534;1.113403, -0.4304016, 3.005313;1.202697, -0.3966019, 2.665809;1.071992, -0.7294577, 2.991457;1.180548, -0.7078745, 2.589544;1.011168, -0.7894205, 2.969285;1.128132, -0.7812138, 2.536413;
0.7943103, 0.5548463, 2.833125;0.936824, 0.3502657, 2.827063;1.078544, 0.1059331, 2.867954;0.8430144, 0.3461766, 2.989322;0.9883363, 0.3659359, 2.718381;0.8167044, -0.1844468, 2.943907;0.9359691, -0.1557602, 2.567852;1.106254, 0.05866215, 2.878877;1.114841, -0.008722825, 2.936893;1.168313, 0.008847063, 2.836981;1.114546, -0.4255864, 3.005401;1.209163, -0.4765202, 2.643656;1.072188, -0.729546, 2.991507;1.175012, -0.7611701, 2.584331;1.012151, -0.7894133, 2.969424;1.121443, -0.7838243, 2.529474;
0.8127882, 0.5900325, 2.844031;0.9435325, 0.3773871, 2.836715;1.065723, 0.1432597, 2.870474;0.8476939, 0.3604075, 2.994023;0.9912084, 0.3854248, 2.721945;0.8159248, -0.1778921, 2.953664;0.9352326, -0.1478973, 2.570304;1.089457, 0.09672059, 2.880153;1.098338, 0.02144403, 2.934148;1.141569, 0.05120191, 2.838658;1.112708, -0.4206393, 3.002884;1.204199, -0.4363114, 2.658476;1.072511, -0.7271593, 2.990876;1.170365, -0.7204304, 2.59738;1.012667, -0.7890241, 2.969076;1.13642, -0.7776495, 2.547604;
0.8284578, 0.6040246, 2.847254;0.952907, 0.3872702, 2.838643;1.064218, 0.1489976, 2.870146;0.8567984, 0.3819183, 2.99983;0.9916883, 0.4024152, 2.722049;0.8198954, -0.1504771, 2.952768;0.9362534, -0.1308839, 2.573869;1.086548, 0.1024309, 2.879598;1.093689, 0.02834365, 2.93361;1.13827, 0.05335427, 2.837799;1.11246, -0.4189254, 3.00231;1.207556, -0.3497513, 2.685849;1.072549, -0.7284172, 2.989225;1.182398, -0.70345, 2.590422;1.012662, -0.7889628, 2.968911;1.136408, -0.7776743, 2.547518;
0.8530546, 0.6215685, 2.856335;0.9609433, 0.3951975, 2.84176;1.060966, 0.1607774, 2.871717;0.8654847, 0.4059062, 3.009234;0.9934154, 0.4204223, 2.726167;0.8208837, -0.1422596, 2.957245;0.9365489, -0.1210746, 2.57427;1.080533, 0.115324, 2.880995;1.087016, 0.04055446, 2.93596;1.130913, 0.05894705, 2.837896;1.112038, -0.4178724, 3.002173;1.209215, -0.4015622, 2.668987;1.071926, -0.7290496, 2.989307;1.182917, -0.7036905, 2.590807;1.012488, -0.7893292, 2.969736;1.136249, -0.7780644, 2.547355;
0.8690645, 0.6383234, 2.861033;0.9722248, 0.4091986, 2.843414;1.062907, 0.1701204, 2.870513;0.8759991, 0.4339066, 3.011315;0.9996097, 0.4326965, 2.72536;0.8305474, -0.09500425, 2.956463;0.9398863, -0.09434345, 2.573753;1.081329, 0.1230949, 2.879448;1.086397, 0.05199401, 2.931342;1.12765, 0.07018634, 2.836977;1.111353, -0.4164532, 3.001965;1.20186, -0.4166902, 2.664122;1.071866, -0.729144, 2.98911;1.174943, -0.7005221, 2.598659;1.012929, -0.7893749, 2.97022;1.133079, -0.7800287, 2.544238;
0.8448304, 0.7424935, 2.852205;0.9395274, 0.5832617, 2.848894;1.045856, 0.231718, 2.849986;0.8834147, 0.446637, 3.013976;1.00841, 0.4472755, 2.727716;0.8276519, -0.07892557, 2.951773;0.9493878, -0.06777406, 2.578398;1.067561, 0.1602252, 2.854264;1.07265, 0.06958181, 2.920265;1.109364, 0.1068887, 2.788396;1.109744, -0.4150954, 3.001317;1.206031, -0.3748083, 2.673832;1.072107, -0.7293096, 2.989099;1.1837, -0.70148, 2.59175;1.011312, -0.7905872, 2.969944;1.133731, -0.7792394, 2.54501;
0.8643599, 0.7547719, 2.852179;0.945251, 0.5918605, 2.850861;1.046519, 0.2313478, 2.849046;0.8929288, 0.4565527, 3.013161;1.018633, 0.4661344, 2.730159;0.8328056, -0.06470896, 2.958536;0.9499009, -0.06731898, 2.580318;1.068017, 0.1590609, 2.852336;1.067146, 0.0762324, 2.908499;1.109348, 0.1068014, 2.788307;1.105966, -0.4117606, 2.999693;1.207133, -0.3766924, 2.673069;1.071975, -0.7294809, 2.988834;1.184448, -0.6981227, 2.592524;1.011818, -0.7902586, 2.969805;1.134174, -0.7784434, 2.545979;
0.8852113, 0.7751368, 2.868438;0.9729834, 0.5699085, 2.84923;1.04736, 0.231996, 2.848851;0.9002195, 0.4633943, 3.014921;1.024044, 0.4747015, 2.732543;0.8399049, -0.05183773, 2.962596;0.9524408, -0.06522591, 2.581132;1.067807, 0.1613835, 2.851986;1.064592, 0.08062492, 2.909249;1.108808, 0.1076599, 2.788064;1.104338, -0.4094456, 2.99894;1.201732, -0.3561508, 2.677735;1.072077, -0.7300761, 2.98898;1.185564, -0.6990764, 2.592889;1.011888, -0.7900713, 2.969913;1.137023, -0.7788911, 2.548131;
0.9065784, 0.8010368, 2.874907;0.9912801, 0.6372476, 2.860256;1.049171, 0.2404787, 2.851085;0.9185544, 0.4819072, 3.0206;1.034897, 0.4892138, 2.739672;0.8408672, -0.05475492, 2.969456;0.9673496, -0.03021364, 2.583767;1.066595, 0.1654166, 2.853233;1.057778, 0.08767258, 2.912975;1.104902, 0.1132829, 2.788773;1.096558, -0.393136, 2.997004;1.201185, -0.3536364, 2.676944;1.07198, -0.7299668, 2.98882;1.185255, -0.6980715, 2.592884;1.011338, -0.7905585, 2.969877;1.13619, -0.7793195, 2.548275;
0.9225469, 0.8093986, 2.882604;0.9936476, 0.6387607, 2.860508;1.048435, 0.2586704, 2.854421;0.9274244, 0.4959152, 3.024797;1.045029, 0.4954453, 2.741437;0.8449736, -0.0482601, 2.978556;0.9737021, -0.03052576, 2.584267;1.060611, 0.1849431, 2.856879;1.045238, 0.1118135, 2.9164;1.097361, 0.1249204, 2.792331;1.095531, -0.3891368, 2.996528;1.201031, -0.3509151, 2.676782;1.071653, -0.7276264, 2.987303;1.185216, -0.6980489, 2.592897;1.007459, -0.7919272, 2.969233;1.133815, -0.7801102, 2.544499;
0.9291659, 0.8127688, 2.884618;1.006259, 0.6446384, 2.862756;1.04917, 0.2619858, 2.855376;0.9327122, 0.5007936, 3.027979;1.052549, 0.5016789, 2.74052;0.8480466, -0.03745729, 2.982857;0.97303, -0.03621113, 2.582757;1.060017, 0.1872947, 2.857566;1.04357, 0.1137596, 2.916657;1.094622, 0.1303766, 2.794032;1.093267, -0.385179, 2.994862;1.189539, -0.3691362, 2.669357;1.072902, -0.7263342, 2.989205;1.175357, -0.6535528, 2.603254;1.008868, -0.7909622, 2.969446;1.099165, -0.6984801, 2.570938;
0.9570701, 0.8251287, 2.899743;1.013697, 0.648074, 2.86574;1.049604, 0.2629493, 2.85529;0.9373586, 0.5026199, 3.031283;1.058289, 0.5036739, 2.74079;0.8540714, -0.03260422, 2.987174;0.9938009, -0.001346137, 2.585839;1.059759, 0.1878016, 2.857281;1.04179, 0.1147487, 2.915126;1.093612, 0.1316845, 2.793682;1.089892, -0.3788548, 2.99261;1.185941, -0.3283169, 2.703536;1.073514, -0.7260724, 2.989662;1.184813, -0.6952738, 2.592494;1.009399, -0.7905593, 2.969363;1.140849, -0.7769287, 2.551666;
0.967747, 0.8284224, 2.89977;1.025208, 0.6515038, 2.867508;1.05052, 0.2654025, 2.856583;0.9509706, 0.5093347, 3.041938;1.068018, 0.5106865, 2.743713;0.8564222, -0.02893041, 2.985574;0.9967641, 0.00184679, 2.585993;1.059106, 0.1896942, 2.858321;1.03973, 0.1159525, 2.917119;1.092007, 0.1329177, 2.793972;1.088411, -0.3764888, 2.992221;1.167596, -0.3306812, 2.754048;1.073579, -0.7256685, 2.989841;1.184812, -0.6955055, 2.5925;1.007712, -0.790256, 2.97476;1.134609, -0.7775148, 2.542493;
0.9846953, 0.8343222, 2.90075;1.04563, 0.6589839, 2.877567;1.052795, 0.2685196, 2.85677;0.9579265, 0.5095578, 3.043927;1.076793, 0.5144178, 2.743663;0.8604003, -0.02266615, 2.986584;0.9992413, 0.005836697, 2.585914;1.059187, 0.1916923, 2.857765;1.037711, 0.1203918, 2.913183;1.090087, 0.1380928, 2.794154;1.08582, -0.3693557, 2.989357;1.185143, -0.3216259, 2.702126;1.072135, -0.7249034, 2.989842;1.184267, -0.697304, 2.591846;1.009812, -0.7891789, 2.974407;1.133825, -0.7788424, 2.541757;
0.9954267, 0.8386105, 2.902247;1.050867, 0.6610035, 2.875962;1.05442, 0.2720959, 2.855915;0.9639781, 0.5110693, 3.045204;1.084934, 0.518146, 2.743885;0.8667105, -0.0213218, 2.991381;1.004938, 0.009256244, 2.590799;1.058875, 0.1951301, 2.856528;1.035613, 0.123971, 2.911053;1.088583, 0.1411597, 2.793333;1.083172, -0.3671685, 2.988197;1.184405, -0.3249959, 2.698596;1.070647, -0.725309, 2.98984;1.184022, -0.6986909, 2.590976;1.010732, -0.7885063, 2.973389;1.133603, -0.7788289, 2.541656;
1.012295, 0.8440123, 2.905756;1.065159, 0.6654052, 2.87934;1.056641, 0.2743254, 2.856298;0.973546, 0.5114939, 3.05444;1.09777, 0.5244277, 2.744528;0.8684194, -0.01755477, 2.990432;1.011756, 0.01297472, 2.595433;1.05916, 0.19652, 2.856414;1.034222, 0.1266117, 2.909432;1.088203, 0.1428392, 2.79389;1.082744, -0.3649225, 2.986928;1.184181, -0.3252494, 2.698088;1.070263, -0.7243301, 2.989733;1.184254, -0.6986063, 2.591473;1.011364, -0.7885662, 2.972432;1.133486, -0.7784326, 2.541015;
1.02922, 0.8243126, 2.910907;1.084591, 0.6274717, 2.873088;1.058535, 0.2731606, 2.855832;0.9853051, 0.5123038, 3.06678;1.105655, 0.5266555, 2.745148;0.8749867, -0.006392621, 2.986483;1.016718, 0.01581198, 2.595692;1.059329, 0.1966106, 2.856211;1.033195, 0.1293472, 2.905514;1.087583, 0.1446984, 2.795836;1.082046, -0.3644095, 2.986338;1.183019, -0.3235397, 2.697051;1.070116, -0.7245454, 2.989398;1.183952, -0.6991914, 2.590751;1.011151, -0.7897233, 2.971324;1.132219, -0.778628, 2.539375;
1.034783, 0.8483496, 2.916747;1.099787, 0.6732848, 2.881259;1.060523, 0.2728571, 2.854972;1.00546, 0.5081193, 3.029586;1.114519, 0.5273589, 2.747375;0.8807349, -0.001707353, 2.98521;1.028372, 0.02535505, 2.597703;1.059756, 0.1956131, 2.854874;1.032436, 0.1289342, 2.902753;1.087297, 0.1446209, 2.795656;1.080625, -0.3645663, 2.984369;1.181523, -0.3234639, 2.694225;1.070029, -0.7247553, 2.989311;1.184035, -0.6993305, 2.590992;1.005155, -0.7906996, 2.976053;1.131466, -0.7786437, 2.538704;
1.049478, 0.8525333, 2.928601;1.105241, 0.6741793, 2.882717;1.063659, 0.2741622, 2.854345;1.00838, 0.5108477, 3.031314;1.123987, 0.529251, 2.747998;0.8873488, 0.001222849, 2.987214;1.028846, 0.02134416, 2.595572;1.060354, 0.1960001, 2.854054;1.03193, 0.1306524, 2.900343;1.087003, 0.1454229, 2.795475;1.079346, -0.3633909, 2.982542;1.179923, -0.3242887, 2.692623;1.070263, -0.7229612, 2.988987;1.184132, -0.6998196, 2.590726;1.007749, -0.7897204, 2.973697;1.130979, -0.7787232, 2.538293;
1.064852, 0.8548039, 2.934499;1.109992, 0.6734086, 2.885994;1.066034, 0.2750857, 2.854537;1.013216, 0.5143798, 3.029468;1.137024, 0.5315425, 2.75105;0.8941403, 0.00357531, 2.988948;1.035884, 0.03279828, 2.59746;1.061006, 0.1964771, 2.853665;1.03161, 0.1316262, 2.899364;1.087054, 0.1459915, 2.795403;1.07843, -0.3638046, 2.981698;1.177559, -0.3256665, 2.687516;1.069612, -0.721997, 2.988986;1.183531, -0.6988913, 2.590432;1.010953, -0.7884076, 2.972592;1.130439, -0.7778534, 2.537925;
1.077839, 0.8548996, 2.942616;1.120081, 0.6728914, 2.890126;1.068943, 0.2771141, 2.855133;1.025381, 0.5255375, 3.03346;1.145318, 0.5321442, 2.750688;0.9004876, 0.004851915, 2.988395;1.039848, 0.03293803, 2.596811;1.061968, 0.1980821, 2.853435;1.031358, 0.1329325, 2.899184;1.086799, 0.1471021, 2.795;1.078151, -0.3640996, 2.9804;1.176263, -0.3276215, 2.684419;1.06979, -0.7218791, 2.988678;1.183551, -0.6988927, 2.590555;1.01031, -0.7887999, 2.973044;1.130669, -0.7780163, 2.537976;
1.097976, 0.8316524, 2.940374;1.131767, 0.6250427, 2.89196;1.069909, 0.2762556, 2.855655;1.030094, 0.5262293, 3.032295;1.150074, 0.5328496, 2.752357;0.9073583, 0.005332246, 2.988781;1.042537, 0.03160529, 2.595267;1.062071, 0.1983396, 2.85354;1.030702, 0.1340617, 2.899122;1.085979, 0.1476995, 2.795357;1.076744, -0.3639343, 2.979123;1.174916, -0.3268079, 2.68323;1.06966, -0.7218402, 2.988589;1.183523, -0.6992159, 2.590604;1.0079, -0.7893455, 2.974803;1.13044, -0.7785394, 2.538418;
1.099816, 0.8322233, 2.946807;1.132396, 0.6181141, 2.893526;1.071837, 0.2718244, 2.857296;1.035371, 0.5256748, 3.034678;1.15311, 0.5316637, 2.753921;0.9151309, 0.009261221, 2.986216;1.046686, 0.03223968, 2.595255;1.062374, 0.1977247, 2.85399;1.030531, 0.1335506, 2.899436;1.085005, 0.1466168, 2.795713;1.075931, -0.3647446, 2.978494;1.172276, -0.3321265, 2.67952;1.069422, -0.7223274, 2.988513;1.183483, -0.6992318, 2.590597;1.009279, -0.789198, 2.974156;1.130292, -0.7783565, 2.538124;
1.106568, 0.8342272, 2.94944;1.132923, 0.6184036, 2.894033;1.072537, 0.2715766, 2.857818;1.044744, 0.5290171, 3.045484;1.157784, 0.5308863, 2.755646;0.924902, 0.007986829, 2.98827;1.049111, 0.03212675, 2.595892;1.062634, 0.1979306, 2.85429;1.030334, 0.1336125, 2.899999;1.084708, 0.1466145, 2.795618;1.075071, -0.3654309, 2.977844;1.171396, -0.3307718, 2.677379;1.069451, -0.7229074, 2.987989;1.18328, -0.7005311, 2.590276;1.006554, -0.7899653, 2.97473;1.129479, -0.7788898, 2.537165;
1.108085, 0.8330288, 2.94788;1.135683, 0.6192393, 2.894908;1.073867, 0.2709526, 2.8585;1.045533, 0.5270837, 3.0449;1.163871, 0.5299826, 2.758585;0.9294965, 0.01253198, 2.989162;1.056803, 0.0326988, 2.597871;1.063134, 0.1978677, 2.854672;1.029962, 0.1331893, 2.900709;1.084714, 0.1465301, 2.795593;1.073243, -0.3647358, 2.976175;1.170723, -0.3309635, 2.676857;1.069251, -0.7222078, 2.987583;1.183321, -0.7005373, 2.590253;1.006446, -0.7898473, 2.974621;1.129895, -0.7789023, 2.537233;
1.117402, 0.8329517, 2.953158;1.139094, 0.6192179, 2.89628;1.075154, 0.2696637, 2.859234;1.050186, 0.5278103, 3.041931;1.166653, 0.5284823, 2.76098;0.9368483, 0.007452492, 2.991537;1.065059, 0.0235502, 2.598191;1.063612, 0.1972963, 2.855098;1.029911, 0.1329552, 2.900988;1.084464, 0.1460783, 2.795736;1.072599, -0.3648328, 2.975727;1.169368, -0.3309401, 2.675535;1.069338, -0.7212428, 2.988623;1.183148, -0.7006069, 2.590282;1.006563, -0.789813, 2.974001;1.129246, -0.7787017, 2.536699;
1.119105, 0.8321553, 2.952952;1.141784, 0.6198756, 2.896984;1.076499, 0.2687856, 2.859987;1.052478, 0.5284728, 3.041925;1.168919, 0.5287458, 2.762633;0.9378759, 0.006878894, 2.993445;1.069908, 0.02313061, 2.596729;1.064378, 0.1967389, 2.855735;1.030026, 0.132725, 2.901416;1.084487, 0.1458331, 2.796051;1.07207, -0.3652962, 2.975761;1.167688, -0.3305261, 2.675074;1.069318, -0.7212998, 2.988701;1.182958, -0.700693, 2.590329;1.006193, -0.7901667, 2.974283;1.129054, -0.778