1.032787, 0.8566455, 2.915602;1.114433, 0.6527826, 2.898304;1.063199, 0.2563884, 2.864766;1.025655, 0.5185047, 3.05887;1.160819, 0.5176124, 2.768136;0.9409913, -0.01688515, 3.003691;1.073598, 0.005731381, 2.630649;1.052952, 0.1771096, 2.861647;1.014721, 0.1168157, 2.908396;1.075545, 0.1164142, 2.801841;1.057108, -0.3582222, 2.977532;1.14564, -0.3269105, 2.678016;1.070881, -0.731447, 2.995208;1.183901, -0.6963935, 2.599494;1.020054, -0.7911789, 2.974403;1.136326, -0.7739994, 2.564394;
1.032908, 0.8578323, 2.91511;1.114382, 0.6531061, 2.898021;1.063191, 0.2563958, 2.864584;1.025676, 0.5186585, 3.05868;1.160921, 0.5174795, 2.768177;0.9407333, -0.01727284, 3.003328;1.069395, -0.00804694, 2.626347;1.052947, 0.1771057, 2.861459;1.014707, 0.1171832, 2.907849;1.075571, 0.1165339, 2.801934;1.056937, -0.3583721, 2.977465;1.145418, -0.3267818, 2.678115;1.070259, -0.7283523, 2.991516;1.184134, -0.6968458, 2.599552;1.017221, -0.7903998, 2.972619;1.136846, -0.7740442, 2.564177;
1.033021, 0.8578281, 2.915099;1.114334, 0.6531076, 2.898055;1.063183, 0.2564445, 2.864605;1.025675, 0.5186368, 3.058704;1.160809, 0.5173203, 2.768477;0.9398137, -0.01710189, 3.001815;1.07, -0.009440601, 2.626723;1.052946, 0.1771682, 2.861481;1.014723, 0.1172369, 2.907902;1.075567, 0.1165546, 2.801928;1.057159, -0.3590095, 2.977944;1.145251, -0.3258799, 2.677835;1.069757, -0.7282081, 2.991345;1.184139, -0.6962851, 2.599663;1.017388, -0.7899413, 2.972122;1.137616, -0.77332, 2.564287;
1.044141, 0.8295875, 2.91814;1.114308, 0.6531316, 2.897712;1.063112, 0.2575758, 2.863963;1.025555, 0.518475, 3.058223;1.161015, 0.5172176, 2.768114;0.9396775, -0.01738077, 3.001442;1.077032, 0.02167194, 2.634637;1.052872, 0.1787159, 2.86075;1.014439, 0.1193973, 2.906606;1.075713, 0.1186809, 2.80161;1.056821, -0.3597521, 2.977486;1.145207, -0.3259152, 2.677635;1.068138, -0.7260731, 2.989744;1.184334, -0.6961452, 2.599568;1.016969, -0.7894116, 2.971519;1.136538, -0.772778, 2.560716;
1.048734, 0.8180258, 2.919843;1.114151, 0.6534033, 2.89827;1.063189, 0.2571863, 2.864045;1.025708, 0.5186694, 3.058496;1.161266, 0.5171387, 2.768393;0.9390239, -0.01770741, 3.001245;1.075568, 0.009626979, 2.629384;1.053044, 0.1779467, 2.860672;1.014679, 0.1189257, 2.906254;1.075965, 0.1180666, 2.801758;1.05672, -0.3601502, 2.977819;1.144915, -0.329942, 2.67698;1.067879, -0.7258723, 2.989718;1.184175, -0.70069, 2.597773;1.016295, -0.7913796, 2.968797;1.134398, -0.7751536, 2.553619;
1.049649, 0.8154195, 2.920397;1.114136, 0.6533571, 2.898363;1.06314, 0.2570568, 2.864077;1.025774, 0.518777, 3.058627;1.161084, 0.5169175, 2.768667;0.9386586, -0.01826453, 3.000492;1.074912, -0.000702831, 2.628235;1.052981, 0.1777884, 2.860692;1.01468, 0.1189054, 2.906244;1.075857, 0.1179199, 2.801853;1.056692, -0.3602338, 2.977954;1.144713, -0.3275281, 2.677582;1.068044, -0.7222089, 2.988022;1.183787, -0.6998523, 2.597497;1.016971, -0.7898654, 2.968107;1.13492, -0.774471, 2.555016;
1.049047, 0.8158205, 2.919759;1.114082, 0.6535724, 2.898353;1.063104, 0.2570955, 2.864133;1.025806, 0.5188693, 3.058387;1.161068, 0.5168565, 2.768652;0.9385403, -0.01771387, 2.999277;1.074943, -0.00244395, 2.627768;1.052943, 0.1778132, 2.860761;1.01461, 0.1188602, 2.906492;1.075764, 0.1178243, 2.801831;1.056607, -0.3601545, 2.977869;1.144687, -0.3275793, 2.677855;1.066751, -0.7217688, 2.988422;1.183685, -0.6997088, 2.597385;1.01587, -0.789063, 2.967264;1.137863, -0.7744552, 2.55853;
1.048749, 0.8159145, 2.919418;1.113993, 0.6537188, 2.898067;1.063115, 0.2571496, 2.864124;1.025831, 0.518795, 3.05845;1.161031, 0.5167007, 2.768413;0.9379175, -0.01804577, 2.99822;1.074057, -0.004178758, 2.627386;1.05296, 0.1778614, 2.860777;1.014661, 0.1188443, 2.906619;1.075773, 0.1178137, 2.801794;1.056338, -0.3601767, 2.97777;1.144231, -0.3275319, 2.677728;1.066783, -0.7206358, 2.990064;1.183743, -0.6992486, 2.597571;1.015944, -0.7888429, 2.966515;1.137973, -0.7742602, 2.558477;
1.048836, 0.8161225, 2.919492;1.113784, 0.6536981, 2.898004;1.063063, 0.257106, 2.864053;1.02588, 0.5188235, 3.05854;1.160983, 0.5166711, 2.768393;0.9371741, -0.01897748, 2.996602;1.07385, -0.007525682, 2.627409;1.05293, 0.1778122, 2.860712;1.014677, 0.118781, 2.906609;1.075695, 0.1176448, 2.801575;1.055725, -0.3599339, 2.977739;1.144286, -0.3276151, 2.677866;1.066596, -0.7203597, 2.989665;1.183769, -0.6991377, 2.597782;1.015315, -0.7888517, 2.966493;1.13869, -0.7743081, 2.55892;
1.04874, 0.8161922, 2.919457;1.113552, 0.6536692, 2.89725;1.062572, 0.2562481, 2.864222;1.025864, 0.5193018, 3.058424;1.160901, 0.5166575, 2.768369;0.9372178, -0.02034772, 2.996172;1.072151, -0.007553201, 2.626596;1.052272, 0.1765602, 2.861188;1.013799, 0.1161946, 2.90705;1.075195, 0.1177213, 2.802549;1.055423, -0.3603569, 2.977764;1.144169, -0.3280712, 2.677886;1.066335, -0.7208437, 2.989562;1.183419, -0.6996892, 2.597309;1.015216, -0.7888991, 2.966475;1.137978, -0.774694, 2.555424;
1.04934, 0.8164819, 2.919767;1.11358, 0.6540019, 2.897055;1.062392, 0.2566045, 2.86432;1.025855, 0.5193641, 3.058355;1.160923, 0.5167119, 2.768355;0.9368074, -0.02020172, 2.995116;1.069705, -0.006477566, 2.627173;1.052034, 0.1769837, 2.861368;1.013631, 0.1161387, 2.90717;1.074707, 0.119206, 2.803036;1.05568, -0.3605001, 2.97804;1.144412, -0.3280171, 2.67806;1.066064, -0.7213155, 2.989219;1.183393, -0.6997301, 2.59731;1.015288, -0.7888535, 2.966477;1.137836, -0.7748175, 2.555014;
1.051492, 0.8173357, 2.922573;1.113901, 0.6543412, 2.897082;1.062319, 0.2566322, 2.864466;1.025706, 0.5197144, 3.057541;1.160858, 0.5165384, 2.768305;0.9371938, -0.02100599, 2.995998;1.069311, -0.0072595, 2.627262;1.051883, 0.1769881, 2.86158;1.013268, 0.1154841, 2.90762;1.074442, 0.1195204, 2.803329;1.055547, -0.3607292, 2.977969;1.144335, -0.3278641, 2.67819;1.065841, -0.7218001, 2.988472;1.183487, -0.6996409, 2.597472;1.014923, -0.7882723, 2.966203;1.139689, -0.7739605, 2.556679;
1.052159, 0.8179241, 2.923678;1.113951, 0.6544291, 2.897264;1.062221, 0.2568509, 2.86479;1.026028, 0.5196503, 3.059296;1.160751, 0.5164238, 2.768316;0.9368085, -0.02069638, 2.997247;1.073292, 0.006880194, 2.630308;1.051753, 0.1772536, 2.861938;1.013195, 0.1152408, 2.908131;1.074162, 0.1200363, 2.803576;1.055465, -0.3612197, 2.977963;1.144285, -0.3285953, 2.677768;1.06667, -0.7224033, 2.990611;1.183474, -0.6996262, 2.597554;1.014131, -0.7893373, 2.966036;1.139028, -0.7739618, 2.55597;
1.053381, 0.8185419, 2.926509;1.114048, 0.6543521, 2.89723;1.062035, 0.2568514, 2.865;1.027382, 0.5249668, 3.06;1.160712, 0.516148, 2.768363;0.9361249, -0.02102372, 2.995499;1.070352, 0.001635596, 2.629597;1.051443, 0.1772897, 2.862265;1.012988, 0.1152131, 2.908318;1.073534, 0.1204085, 2.80433;1.055327, -0.361135, 2.977972;1.144497, -0.328485, 2.678063;1.066532, -0.7221195, 2.990351;1.183547, -0.6980996, 2.597865;1.013379, -0.7889758, 2.965832;1.138889, -0.7738272, 2.556582;
1.053865, 0.8189192, 2.926694;1.11409, 0.6545009, 2.897241;1.061937, 0.256879, 2.865036;1.027424, 0.524298, 3.06032;1.16067, 0.5161696, 2.768318;0.9359427, -0.0216947, 2.995266;1.06838, -0.002219312, 2.62922;1.051315, 0.1773012, 2.862307;1.012858, 0.1150823, 2.90835;1.073309, 0.1207379, 2.804434;1.055216, -0.3612443, 2.978024;1.14435, -0.3276534, 2.678111;1.066529, -0.7221152, 2.990341;1.183086, -0.6975083, 2.597111;1.015092, -0.788614, 2.965839;1.138887, -0.7738315, 2.556921;
1.054093, 0.8192388, 2.927337;1.114154, 0.6545704, 2.89734;1.061938, 0.2568786, 2.865073;1.027241, 0.5237095, 3.060416;1.160741, 0.5161583, 2.768398;0.9340172, -0.02268697, 2.991838;1.068157, 0.01615192, 2.63666;1.051317, 0.1772966, 2.862337;1.012843, 0.1148864, 2.908264;1.073348, 0.1208006, 2.804452;1.055128, -0.3612854, 2.978099;1.144421, -0.3277875, 2.678108;1.065739, -0.7220366, 2.988937;1.18286, -0.6986528, 2.596781;1.015, -0.7886634, 2.965941;1.134328, -0.776322, 2.551148;
1.055551, 0.820452, 2.930453;1.114347, 0.6548525, 2.897492;1.061913, 0.2569589, 2.865098;1.027236, 0.5235581, 3.061209;1.161, 0.5161843, 2.768287;0.9337983, -0.02360531, 2.990197;1.068568, 0.01800911, 2.635501;1.051275, 0.1773686, 2.862345;1.012758, 0.1148426, 2.908226;1.073319, 0.1209935, 2.804439;1.054481, -0.360737, 2.977543;1.14442, -0.3295429, 2.677969;1.065714, -0.7221299, 2.987374;1.183195, -0.7002921, 2.596996;1.013558, -0.7880479, 2.932856;1.134135, -0.7766495, 2.548675;
1.056902, 0.8240538, 2.930768;1.114372, 0.6547849, 2.897557;1.061828, 0.2568446, 2.865117;1.027355, 0.5233301, 3.061069;1.16077, 0.5156925, 2.768326;0.9300129, -0.02666352, 2.98239;1.063716, 0.008686524, 2.632322;1.051167, 0.1772382, 2.862344;1.012604, 0.1143607, 2.908319;1.073194, 0.120943, 2.804333;1.054293, -0.3609881, 2.977438;1.144511, -0.329915, 2.67786;1.066243, -0.7223847, 2.987713;1.181559, -0.7012842, 2.594947;1.009089, -0.7901753, 2.955427;1.130681, -0.7780168, 2.545569;
1.057623, 0.8257229, 2.930325;1.114549, 0.6549163, 2.897553;1.061788, 0.2572726, 2.864938;1.027055, 0.5228579, 3.059717;1.160922, 0.5157309, 2.768343;0.9298006, -0.02581824, 2.981869;1.059996, -0.001223562, 2.629073;1.051071, 0.1777904, 2.862086;1.012416, 0.1144304, 2.908255;1.073259, 0.1217426, 2.803493;1.054302, -0.3612488, 2.977489;1.144464, -0.3298675, 2.67786;1.066836, -0.7224602, 2.988398;1.181956, -0.7022629, 2.595512;1.010318, -0.7898572, 2.958249;1.130232, -0.7789121, 2.544125;
1.057943, 0.8272345, 2.929287;1.115338, 0.6554969, 2.897505;1.061807, 0.2576145, 2.865039;1.029559, 0.5277398, 3.062168;1.161377, 0.5159467, 2.768465;0.929167, -0.02505858, 2.981716;1.059323, -0.006304447, 2.62576;1.051013, 0.1781304, 2.862206;1.012395, 0.1146588, 2.908244;1.073, 0.1225345, 2.803951;1.054082, -0.3614449, 2.97769;1.144446, -0.3302752, 2.677669;1.066669, -0.7238104, 2.988578;1.181984, -0.7020022, 2.595661;1.013341, -0.7903305, 2.962308;1.133097, -0.7782717, 2.547412;
1.058259, 0.8276067, 2.929968;1.115557, 0.6554701, 2.897332;1.061769, 0.2576024, 2.865054;1.029912, 0.5285202, 3.062393;1.161632, 0.515709, 2.768579;0.9282648, -0.02410221, 2.980407;1.057342, -0.007559807, 2.623352;1.050918, 0.1781065, 2.862245;1.012271, 0.114689, 2.908247;1.072864, 0.1225143, 2.804088;1.054078, -0.3614563, 2.977689;1.144781, -0.3328558, 2.677255;1.066716, -0.723885, 2.988654;1.18205, -0.7064954, 2.595479;1.014576, -0.7897989, 2.962982;1.133462, -0.7812109, 2.545814;
1.058185, 0.8264847, 2.930711;1.115781, 0.6555949, 2.897377;1.061739, 0.2576614, 2.865126;1.02977, 0.5273355, 3.062086;1.16233, 0.5160468, 2.768522;0.9277781, -0.02337444, 2.980289;1.055811, -0.01284723, 2.619276;1.050851, 0.1781676, 2.862333;1.012102, 0.1146641, 2.908351;1.07283, 0.1225649, 2.804161;1.054074, -0.3615202, 2.977766;1.144768, -0.3333415, 2.677236;1.066428, -0.7240099, 2.987604;1.182405, -0.7083364, 2.595286;1.014664, -0.7897219, 2.963476;1.139014, -0.781311, 2.550991;
1.059831, 0.8255593, 2.93064;1.116324, 0.6553538, 2.89712;1.061741, 0.2576789, 2.865143;1.029802, 0.5269889, 3.062067;1.16281, 0.515974, 2.768405;0.9265173, -0.02367557, 2.978678;1.055496, -0.01390796, 2.618478;1.050826, 0.1782155, 2.862362;1.012004, 0.1147594, 2.908331;1.072803, 0.1226194, 2.804254;1.053736, -0.3615173, 2.977715;1.144399, -0.332896, 2.677429;1.066364, -0.7239084, 2.987717;1.1828, -0.7075928, 2.596435;1.01419, -0.7881327, 2.962996;1.138317, -0.7815671, 2.551082;
1.061086, 0.8250245, 2.930465;1.117396, 0.6556147, 2.897642;1.061737, 0.257729, 2.865231;1.030292, 0.5280994, 3.061887;1.162879, 0.5158723, 2.768479;0.9265605, -0.02365706, 2.979599;1.056431, -0.01365061, 2.617702;1.050759, 0.1782619, 2.862441;1.011934, 0.1148202, 2.908338;1.072584, 0.1227855, 2.804476;1.053835, -0.3614712, 2.977484;1.143757, -0.3312516, 2.677549;1.066076, -0.7220606, 2.987466;1.183211, -0.7072568, 2.596825;1.014153, -0.7872964, 2.963404;1.13863, -0.7789384, 2.553281;
1.0667, 0.8316733, 2.930802;1.118085, 0.6557324, 2.897393;1.061833, 0.2580755, 2.865325;1.031086, 0.5302507, 3.062612;1.163334, 0.5157567, 2.768536;0.925405, -0.02586397, 2.975319;1.056604, -0.01336912, 2.617533;1.050764, 0.1786953, 2.862595;1.011891, 0.1149806, 2.908445;1.072522, 0.1232333, 2.804655;1.053814, -0.3615707, 2.977571;1.143902, -0.3315838, 2.67766;1.066927, -0.7245765, 2.989086;1.182939, -0.7056299, 2.596517;1.015647, -0.7887334, 2.966732;1.138369, -0.7781308, 2.551731;
1.067942, 0.8295523, 2.930637;1.118389, 0.6558278, 2.897321;1.061838, 0.2580891, 2.865372;1.032587, 0.5328107, 3.063343;1.163447, 0.5157927, 2.768573;0.9254629, -0.02605402, 2.975407;1.059876, -0.01289712, 2.616882;1.05075, 0.178706, 2.862653;1.011892, 0.1149833, 2.908498;1.07242, 0.1232548, 2.804749;1.053598, -0.3620334, 2.977753;1.144153, -0.3328885, 2.677487;1.067476, -0.7205697, 2.990269;1.182488, -0.7057813, 2.596324;1.015658, -0.7884498, 2.966802;1.139914, -0.7799579, 2.550651;
1.068113, 0.8262241, 2.928707;1.119431, 0.6559498, 2.897919;1.061926, 0.2580603, 2.86544;1.03107, 0.5278884, 3.061486;1.163562, 0.5158002, 2.768768;0.925491, -0.02639706, 2.975557;1.062319, -0.01374308, 2.615575;1.050775, 0.178673, 2.862699;1.011864, 0.1147828, 2.908523;1.072454, 0.1231313, 2.8047;1.053713, -0.362683, 2.978446;1.144189, -0.3334217, 2.67734;1.067097, -0.7210135, 2.990444;1.183309, -0.706004, 2.596795;1.016215, -0.788897, 2.967223;1.139135, -0.7800951, 2.550725;
1.069375, 0.8247021, 2.929127;1.119811, 0.6557786, 2.898097;1.061989, 0.2579989, 2.865384;1.030363, 0.524608, 3.060523;1.163974, 0.5156282, 2.769203;0.9270391, -0.02682292, 2.979368;1.065258, -0.01428198, 2.613669;1.0508, 0.178599, 2.862594;1.011718, 0.1144364, 2.908453;1.072598, 0.1228475, 2.804112;1.053698, -0.3626926, 2.978463;1.145208, -0.3367534, 2.677588;1.066845, -0.7208318, 2.989379;1.181714, -0.7087178, 2.595468;1.016219, -0.7888263, 2.967045;1.134596, -0.7832778, 2.543917;
1.070541, 0.8250273, 2.930087;1.120052, 0.655897, 2.898467;1.061998, 0.2580402, 2.865457;1.030845, 0.5254211, 3.057786;1.164708, 0.5153184, 2.769549;0.9270736, -0.02683675, 2.979487;1.068441, -0.01474035, 2.61239;1.050783, 0.1786246, 2.862636;1.011585, 0.114358, 2.908597;1.072584, 0.1228315, 2.804091;1.05378, -0.3630667, 2.978819;1.145203, -0.3361814, 2.677964;1.066638, -0.7207181, 2.990139;1.182912, -0.7083668, 2.596371;1.016471, -0.788277, 2.966667;1.135416, -0.7814879, 2.548502;
1.071611, 0.8241723, 2.931322;1.120905, 0.6559096, 2.898435;1.062081, 0.2579414, 2.865458;1.031463, 0.5259314, 3.058892;1.164981, 0.5151802, 2.76964;0.9271097, -0.02730149, 2.979309;1.072277, -0.01634093, 2.610161;1.050795, 0.178497, 2.86263;1.011565, 0.1142955, 2.908573;1.072577, 0.1227736, 2.804115;1.054258, -0.364309, 2.97954;1.145099, -0.3360613, 2.677993;1.067002, -0.7217731, 2.99017;1.182907, -0.7083652, 2.596382;1.017045, -0.7894307, 2.967408;1.132632, -0.7817652, 2.545711;
1.073381, 0.8236424, 2.932214;1.121006, 0.6556318, 2.898738;1.062083, 0.2575415, 2.865455;1.031211, 0.5237352, 3.058611;1.165032, 0.5147684, 2.769754;0.9300048, -0.02846924, 2.985367;1.081945, -0.01720302, 2.606851;1.050728, 0.1780013, 2.86254;1.011417, 0.1136967, 2.908406;1.072543, 0.1224948, 2.804014;1.054233, -0.3642195, 2.979524;1.145182, -0.3359888, 2.677969;1.066376, -0.7219538, 2.989554;1.183046, -0.7078446, 2.596688;1.016693, -0.7894493, 2.96699;1.13153, -0.7813988, 2.544225;
1.076841, 0.8247458, 2.932622;1.121954, 0.6555642, 2.899162;1.062104, 0.2575159, 2.865471;1.031055, 0.5229864, 3.058387;1.165623, 0.5146635, 2.769519;0.9300556, -0.02848414, 2.985429;1.088038, -0.01863256, 2.605292;1.050699, 0.1779595, 2.862526;1.011136, 0.1133669, 2.908311;1.072496, 0.1224522, 2.803922;1.054271, -0.3643039, 2.979539;1.145267, -0.3358037, 2.678054;1.066453, -0.7221895, 2.989354;1.183132, -0.7074383, 2.596974;1.01547, -0.7908843, 2.966802;1.131506, -0.781181, 2.545078;
1.078215, 0.8239989, 2.936417;1.123263, 0.6560566, 2.898951;1.062181, 0.2572819, 2.865413;1.030797, 0.5205491, 3.063194;1.165658, 0.5145827, 2.769543;0.9301372, -0.02856608, 2.985877;1.092874, -0.02298556, 2.60275;1.050618, 0.177525, 2.862427;1.010925, 0.1128673, 2.908149;1.072414, 0.122309, 2.803918;1.054442, -0.3643406, 2.979486;1.145247, -0.3358001, 2.678054;1.066508, -0.7224934, 2.989439;1.18358, -0.7081777, 2.597602;1.015476, -0.7908859, 2.96714;1.128319, -0.7814764, 2.541523;
1.080466, 0.8223054, 2.935717;1.123765, 0.6557785, 2.899019;1.062376, 0.2568089, 2.865266;1.030895, 0.520443, 3.063101;1.166324, 0.5144847, 2.769585;0.9335711, -0.02416771, 2.994458;1.097311, -0.02157352, 2.601429;1.050691, 0.1769862, 2.862213;1.010842, 0.1122205, 2.907821;1.072495, 0.1220092, 2.803774;1.054594, -0.3642263, 2.979143;1.14537, -0.3358199, 2.678141;1.066883, -0.7220522, 2.98972;1.183844, -0.7078959, 2.597755;1.016014, -0.7904447, 2.966848;1.131259, -0.7797965, 2.543666;
1.081352, 0.8208835, 2.935718;1.12535, 0.6559646, 2.899795;1.062603, 0.2567464, 2.865347;1.031132, 0.5207469, 3.063739;1.166743, 0.514505, 2.769902;0.9337434, -0.02396207, 2.995568;1.099112, -0.02224616, 2.600294;1.050758, 0.176935, 2.862241;1.010846, 0.1121867, 2.907839;1.072546, 0.1219422, 2.803772;1.054703, -0.3644525, 2.979193;1.145462, -0.3355002, 2.677977;1.06824, -0.7246164, 2.98999;1.183917, -0.7078962, 2.597739;1.015099, -0.7905415, 2.967022;1.131283, -0.7798229, 2.543666;
1.082583, 0.8193337, 2.935024;1.126172, 0.6550167, 2.899396;1.062814, 0.2564495, 2.865266;1.031256, 0.5201539, 3.062637;1.16768, 0.5145205, 2.770104;0.9334141, -0.02288375, 2.997294;1.100331, -0.0236379, 2.599308;1.050839, 0.1767358, 2.862189;1.010805, 0.1121749, 2.907784;1.07274, 0.1215683, 2.803789;1.054606, -0.3641343, 2.978724;1.145431, -0.3355082, 2.677737;1.068231, -0.724628, 2.98988;1.184044, -0.7077454, 2.597912;1.015125, -0.7902557, 2.968866;1.131962, -0.7792105, 2.543755;
1.08411, 0.8191803, 2.93653;1.126715, 0.6550412, 2.899412;1.062894, 0.2564258, 2.865229;1.03838, 0.5282019, 3.045684;1.168315, 0.5145053, 2.770208;0.9337088, -0.022491, 2.998594;1.102964, -0.02484075, 2.597401;1.050854, 0.1767126, 2.86215;1.010822, 0.1122302, 2.907745;1.072669, 0.1214718, 2.803681;1.05462, -0.3643074, 2.978822;1.145311, -0.3344505, 2.678014;1.068138, -0.7248072, 2.989878;1.184183, -0.7072824, 2.598273;1.015926, -0.7896882, 2.968314;1.132652, -0.7795672, 2.546014;
1.083985, 0.8189085, 2.936211;1.127179, 0.6550874, 2.899629;1.063177, 0.2556337, 2.865008;1.036109, 0.5241942, 3.048621;1.169053, 0.5144262, 2.770191;0.9337371, -0.02265136, 2.999627;1.103653, -0.02468381, 2.597302;1.051, 0.1755707, 2.861744;1.010579, 0.1113021, 2.907112;1.073003, 0.120726, 2.803448;1.054691, -0.364149, 2.978774;1.145308, -0.3345184, 2.678015;1.06777, -0.722985, 2.989122;1.185128, -0.7080071, 2.599303;1.015081, -0.7891478, 2.967704;1.132634, -0.7795864, 2.546114;
1.084082, 0.8196874, 2.936363;1.127358, 0.6551773, 2.899422;1.063187, 0.2555965, 2.865032;1.036347, 0.5244162, 3.049263;1.169224, 0.5144179, 2.770255;0.9354775, -0.02273233, 3.003681;1.104074, -0.02412697, 2.596742;1.050974, 0.1755049, 2.861796;1.010569, 0.1112869, 2.90715;1.072903, 0.1206667, 2.803571;1.054605, -0.3639041, 2.97868;1.145259, -0.3346526, 2.677985;1.066788, -0.7228787, 2.987315;1.185098, -0.7080907, 2.599395;1.014239, -0.7898935, 2.969443;1.131183, -0.7804927, 2.545092;
1.083755, 0.8206887, 2.936519;1.128452, 0.6557181, 2.900169;1.063569, 0.2556363, 2.8652;1.035911, 0.522787, 3.0517;1.169403, 0.5148374, 2.770622;0.9368314, -0.02131294, 3.005766;1.104301, -0.02391956, 2.596317;1.05118, 0.1755088, 2.861885;1.010734, 0.1112477, 2.907293;1.073017, 0.1206211, 2.803549;1.05457, -0.3643951, 2.978795;1.145519, -0.3370453, 2.677549;1.06683, -0.7236488, 2.987342;1.184629, -0.7086233, 2.599268;1.010862, -0.7930187, 2.968632;1.132101, -0.7812185, 2.545301;
1.083924, 0.8222055, 2.938167;1.12879, 0.656215, 2.90009;1.063835, 0.2557657, 2.865474;1.034869, 0.5217241, 3.05438;1.16954, 0.5149007, 2.770597;0.9368038, -0.02148081, 3.005383;1.104327, -0.02390433, 2.596327;1.051393, 0.175594, 2.862219;1.010866, 0.1113897, 2.907586;1.0733, 0.120633, 2.80408;1.054726, -0.3650066, 2.979243;1.145509, -0.337236, 2.677682;1.067409, -0.7243761, 2.987726;1.184608, -0.7086158, 2.599271;1.011069, -0.7926218, 2.968801;1.131484, -0.7813048, 2.544589;
1.08298, 0.8225989, 2.940315;1.128708, 0.6561316, 2.899927;1.063847, 0.2557465, 2.865492;1.034744, 0.5210856, 3.054429;1.169526, 0.5148099, 2.770615;0.9369407, -0.0211016, 3.004906;1.104428, -0.02378762, 2.596356;1.051401, 0.1755792, 2.862248;1.010887, 0.1113786, 2.907622;1.073295, 0.1206173, 2.80412;1.054665, -0.3649516, 2.979156;1.145446, -0.3371508, 2.677643;1.065207, -0.7235988, 2.985156;1.184738, -0.7080572, 2.59946;1.010837, -0.7932898, 2.967237;1.132286, -0.7805737, 2.546115;
1.082395, 0.8230675, 2.940483;1.128247, 0.6558604, 2.900078;1.063929, 0.2558443, 2.865747;1.034998, 0.5222417, 3.055395;1.169529, 0.5148112, 2.77062;0.9369556, -0.02100313, 3.004922;1.103748, -0.02410323, 2.596478;1.051553, 0.1757786, 2.862591;1.011189, 0.1115777, 2.908171;1.073369, 0.1206787, 2.804287;1.05481, -0.36484, 2.979119;1.1453, -0.3367949, 2.677788;1.064974, -0.7237099, 2.984776;1.184003, -0.7058572, 2.598495;1.011677, -0.7926157, 2.966336;1.132065, -0.7804661, 2.546203;
1.081483, 0.8237532, 2.940989;1.127357, 0.6557933, 2.900489;1.063976, 0.255903, 2.865979;1.033769, 0.5211865, 3.055382;1.169503, 0.5148003, 2.770564;0.9366632, -0.01955811, 3.00387;1.103207, -0.02378977, 2.59725;1.051674, 0.1758683, 2.862844;1.011287, 0.1116323, 2.908375;1.073632, 0.1207175, 2.804579;1.054375, -0.364638, 2.979241;1.14534, -0.3365341, 2.677542;1.065143, -0.7231714, 2.985116;1.184938, -0.7054555, 2.599686;1.004809, -0.7948428, 2.976065;1.137647, -0.7774961, 2.554327;
1.078075, 0.8235078, 2.940879;1.126574, 0.6555627, 2.900845;1.064144, 0.2562113, 2.866511;1.03317, 0.520916, 3.056066;1.169281, 0.5148876, 2.770526;0.9364294, -0.01942548, 3.003362;1.099951, -0.0233723, 2.596481;1.052021, 0.1763611, 2.863507;1.011782, 0.1120047, 2.909256;1.073938, 0.1209354, 2.804969;1.054316, -0.3636981, 2.978901;1.145259, -0.3351037, 2.677489;1.06355, -0.7239656, 2.982707;1.185261, -0.7016271, 2.599889;1.006925, -0.7940948, 2.972164;1.137488, -0.7761599, 2.555362;
1.069771, 0.8234175, 2.936888;1.124847, 0.6562974, 2.900688;1.064297, 0.2566367, 2.867018;1.031219, 0.520985, 3.058608;1.16728, 0.515443, 2.770224;0.9344028, -0.01693727, 3.001879;1.097856, -0.02236935, 2.596591;1.052436, 0.1768607, 2.864218;1.012636, 0.1126909, 2.910164;1.074514, 0.1214842, 2.805948;1.054254, -0.3631654, 2.978139;1.145125, -0.3343222, 2.677702;1.06627, -0.7218573, 2.983728;1.184839, -0.701137, 2.599272;1.0076, -0.7902848, 2.968556;1.138024, -0.7755268, 2.555994;
1.065221, 0.8228991, 2.934438;1.123548, 0.6564437, 2.89989;1.064266, 0.2565815, 2.867182;1.029964, 0.5207365, 3.059075;1.165967, 0.5157319, 2.770441;0.9331729, -0.01844945, 2.998957;1.09137, -0.02074646, 2.598971;1.052487, 0.1767396, 2.864545;1.012779, 0.1125785, 2.91048;1.074697, 0.1214949, 2.806677;1.05394, -0.3631746, 2.97806;1.145209, -0.3336718, 2.677667;1.066055, -0.7216752, 2.984348;1.185077, -0.6996601, 2.600307;1.008501, -0.7903869, 2.967869;1.138114, -0.7749304, 2.556966;
1.051242, 0.8189636, 2.929936;1.118979, 0.6554077, 2.89889;1.064157, 0.2565798, 2.86737;1.028188, 0.5193886, 3.060152;1.16424, 0.5160402, 2.76985;0.9316045, -0.02447645, 2.994481;1.084896, -0.01775996, 2.601739;1.052562, 0.1767804, 2.864846;1.013139, 0.1124566, 2.911218;1.074884, 0.1214866, 2.80689;1.053759, -0.3631394, 2.977865;1.145279, -0.3334662, 2.677886;1.06607, -0.7217741, 2.984345;1.184809, -0.6996734, 2.600066;1.009885, -0.790096, 2.96809;1.138145, -0.7748779, 2.556929;
1.042919, 0.8183185, 2.926306;1.115729, 0.6543666, 2.897753;1.064182, 0.2565902, 2.868061;1.025871, 0.5187436, 3.060351;1.162173, 0.5161598, 2.769613;0.9287857, -0.02505529, 2.985913;1.082656, -0.01704115, 2.602121;1.053121, 0.1769354, 2.866151;1.014294, 0.1125156, 2.913029;1.075921, 0.1214208, 2.808697;1.053742, -0.3626222, 2.977602;1.144971, -0.3334516, 2.677885;1.066318, -0.7210264, 2.984444;1.184885, -0.700299, 2.599938;1.009335, -0.7883875, 2.967232;1.138909, -0.7746319, 2.557802;
1.035913, 0.8173315, 2.927928;1.111465, 0.6541885, 2.89685;1.064234, 0.2566753, 2.868677;1.023744, 0.5181687, 3.060238;1.15814, 0.5171989, 2.769777;0.9284351, -0.02788047, 2.988987;1.073572, -0.0191659, 2.603841;1.053797, 0.1771186, 2.867247;1.01603, 0.1125693, 2.914762;1.076841, 0.1213666, 2.809914;1.053145, -0.361964, 2.977214;1.144071, -0.3336028, 2.677037;1.065936, -0.7207859, 2.984312;1.184449, -0.7006021, 2.599488;1.010523, -0.7869725, 2.967214;1.136525, -0.7748384, 2.554761;
1.021821, 0.8144524, 2.926492;1.101458, 0.6520545, 2.897461;1.063639, 0.2577271, 2.870386;1.017183, 0.513147, 3.063387;1.152161, 0.5171369, 2.769983;0.9241185, -0.0280249, 2.998133;1.069473, -0.01776023, 2.602824;1.054252, 0.1788072, 2.869405;1.017903, 0.1114279, 2.919941;1.07715, 0.1216384, 2.810108;1.05178, -0.3618538, 2.977464;1.143497, -0.3337389, 2.67661;1.065739, -0.7207273, 2.984609;1.183918, -0.7016942, 2.599138;1.01093, -0.7872431, 2.966534;1.137648, -0.7749553, 2.55586;
1.004434, 0.8095846, 2.913871;1.091854, 0.6506383, 2.897165;1.063097, 0.2589803, 2.872522;1.009466, 0.5138149, 3.072272;1.148104, 0.5169165, 2.769414;0.9231808, -0.02831136, 2.998816;1.062441, -0.01792076, 2.604204;1.055135, 0.1807831, 2.872268;1.020084, 0.1106159, 2.924558;1.078484, 0.1224056, 2.811389;1.050924, -0.3620176, 2.977579;1.141482, -0.3353097, 2.675116;1.06528, -0.7244161, 2.987573;1.18339, -0.7011168, 2.59866;1.011374, -0.788371, 2.968977;1.137346, -0.7748884, 2.556086;
0.9854254, 0.7939819, 2.905005;1.078425, 0.6438816, 2.903245;1.063491, 0.2593463, 2.874337;1.006211, 0.5108601, 3.072368;1.141358, 0.5162679, 2.769329;0.922365, -0.02912278, 3.000597;1.04772, -0.01905125, 2.604395;1.057588, 0.1819586, 2.874357;1.026049, 0.1082437, 2.929853;1.082752, 0.1226069, 2.810894;1.046146, -0.3613679, 2.976565;1.135423, -0.3405008, 2.670993;1.065265, -0.7242864, 2.987738;1.182994, -0.7009595, 2.598764;1.011336, -0.7882898, 2.968611;1.138117, -0.7748749, 2.55705;
0.9728378, 0.7898583, 2.904059;1.06337, 0.6379862, 2.898411;1.064145, 0.258523, 2.875444;1.000627, 0.5082082, 3.069243;1.133413, 0.5141265, 2.767195;0.9158894, -0.02867778, 2.997311;1.038209, -0.02108999, 2.601926;1.061306, 0.1810446, 2.876466;1.033483, 0.1057355, 2.933303;1.090334, 0.1208835, 2.813104;1.041861, -0.3598199, 2.976195;1.130186, -0.346622, 2.666615;1.06508, -0.7240224, 2.987544;1.181452, -0.7058617, 2.597851;1.0114, -0.7879922, 2.96819;1.138665, -0.7745389, 2.557854;
0.9326579, 0.7621164, 2.89826;1.053419, 0.6246158, 2.895032;1.064579, 0.2500811, 2.881265;0.9876044, 0.4921445, 3.065779;1.124806, 0.5080152, 2.764586;0.9023027, -0.03683459, 2.988165;1.034783, -0.02267637, 2.600613;1.064794, 0.1735855, 2.883179;1.03839, 0.09510133, 2.944641;1.096749, 0.1105976, 2.818619;1.0377, -0.3600531, 2.976519;1.126173, -0.3500544, 2.663162;1.065781, -0.726114, 2.989125;1.180055, -0.7061136, 2.597501;1.009029, -0.7897739, 2.973769;1.139154, -0.7748458, 2.558782;
0.9266618, 0.7571138, 2.896367;1.043597, 0.611035, 2.891529;1.066163, 0.2421602, 2.884467;0.9798432, 0.4841159, 3.061495;1.118357, 0.5021106, 2.760511;0.8974988, -0.04213719, 2.984961;1.018152, -0.02260379, 2.597029;1.069064, 0.1664747, 2.887195;1.043005, 0.08825013, 2.949112;1.103968, 0.1036699, 2.822317;1.029789, -0.3587067, 2.975867;1.119861, -0.354989, 2.658532;1.065542, -0.7217124, 2.988091;1.179515, -0.7062562, 2.59733;1.009146, -0.7899275, 2.973457;1.138917, -0.7748398, 2.558752;
0.9019561, 0.7273134, 2.88274;1.033199, 0.6011391, 2.888284;1.066764, 0.2357843, 2.887455;0.9697541, 0.4747784, 3.053401;1.1048, 0.4917017, 2.756777;0.8931717, -0.04153064, 2.985012;1.012871, -0.02666809, 2.59668;1.071933, 0.1607311, 2.891158;1.047816, 0.08278313, 2.953948;1.108298, 0.09829076, 2.82676;1.021091, -0.3592759, 2.975221;1.116467, -0.3560783, 2.655577;1.065578, -0.7219129, 2.988309;1.179569, -0.7089782, 2.596892;1.00916, -0.7894678, 2.971776;1.137792, -0.7753133, 2.558431;
0.8808562, 0.7138804, 2.878898;1.014286, 0.5814519, 2.875939;1.070584, 0.220726, 2.888945;0.9587633, 0.4606519, 3.050649;1.095903, 0.4810514, 2.753143;0.8747343, -0.07132303, 2.991789;0.9971967, -0.05193008, 2.590883;1.080675, 0.1456415, 2.894815;1.059526, 0.06965122, 2.958343;1.121471, 0.0851495, 2.832822;1.017338, -0.3609022, 2.975367;1.112471, -0.3585198, 2.651334;1.063457, -0.7220417, 2.987664;1.17866, -0.7098929, 2.596113;1.009631, -0.7892654, 2.971342;1.136552, -0.7758345, 2.559618;
0.8443818, 0.675787, 2.864411;0.9912913, 0.5457776, 2.881967;1.073022, 0.2080894, 2.890004;0.9424931, 0.4408842, 3.048678;1.082353, 0.4602707, 2.749042;0.8477011, -0.105363, 2.962703;0.9951622, -0.05225962, 2.588932;1.086058, 0.1369562, 2.895489;1.068405, 0.06029578, 2.959452;1.13106, 0.07749632, 2.832394;1.013178, -0.3625609, 2.975746;1.107782, -0.3617034, 2.645485;1.062701, -0.724473, 2.986173;1.176675, -0.7102096, 2.594612;1.006151, -0.7934682, 2.975609;1.135712, -0.7760547, 2.559942;
0.8350197, 0.653782, 2.857268;0.9797474, 0.5239525, 2.874625;1.080608, 0.179667, 2.885471;0.928477, 0.3895539, 3.033128;1.066012, 0.427643, 2.746438;0.8418885, -0.1367631, 2.960886;0.9941812, -0.05375457, 2.58552;1.100516, 0.1097131, 2.8913;1.088684, 0.03431377, 2.957067;1.150124, 0.05469193, 2.826667;1.002941, -0.3680937, 2.975042;1.106403, -0.3650362, 2.642057;1.063195, -0.729315, 2.987211;1.175581, -0.7106116, 2.594091;1.007443, -0.7938287, 2.97518;1.13485, -0.7759205, 2.559533;
0.8152809, 0.6108747, 2.841349;0.9597063, 0.494267, 2.869879;1.079979, 0.1677063, 2.887501;0.9198374, 0.3719835, 3.024987;1.057585, 0.4107683, 2.742301;0.8441406, -0.1307377, 2.964283;0.9878735, -0.0763713, 2.577193;1.102049, 0.1003879, 2.893936;1.092927, 0.02257875, 2.964636;1.15593, 0.04176394, 2.827475;0.9990215, -0.3719743, 2.97563;1.103069, -0.3691945, 2.639186;1.06316, -0.7294175, 2.987275;1.17412, -0.7128165, 2.593466;1.0118, -0.7926538, 2.975438;1.134807, -0.7759726, 2.559605;
0.7982075, 0.5773886, 2.823966;0.9425129, 0.4421724, 2.862308;1.080249, 0.1432977, 2.888572;0.9068232, 0.3447468, 3.020289;1.047861, 0.3794046, 2.736687;0.8180447, -0.1858431, 2.95722;0.941053, -0.191494, 2.564214;1.105623, 0.08249934, 2.896345;1.098399, 0.009962674, 2.967728;1.163204, 0.02776112, 2.830307;0.9914174, -0.3801521, 2.975531;1.10011, -0.3760393, 2.637078;1.06231, -0.7293602, 2.98553;1.173057, -0.7131347, 2.59286;1.011899, -0.79397, 2.971702;1.134723, -0.7758843, 2.559601;
0.7806168, 0.521531, 2.817346;0.9277536, 0.4014, 2.850264;1.081429, 0.111438, 2.880569;0.8842983, 0.3073252, 2.995689;1.038089, 0.3515839, 2.723213;0.8050283, -0.2145166, 2.940709;0.9474103, -0.1954296, 2.561758;1.111117, 0.05316486, 2.889875;1.110596, -0.02532522, 2.955484;1.171945, 0.008833398, 2.830369;0.9806236, -0.4063602, 2.979638;1.094344, -0.3769602, 2.634786;1.06126, -0.7290487, 2.984381;1.170492, -0.7137274, 2.592016;1.011758, -0.7945114, 2.97122;1.13473, -0.7763395, 2.560086;
0.7666132, 0.4690594, 2.79853;0.9185018, 0.3494479, 2.837687;1.083749, 0.0912848, 2.875762;0.8806053, 0.2452842, 2.991041;1.026216, 0.3056794, 2.71118;0.7894167, -0.2610569, 2.936759;0.9220018, -0.2732053, 2.538152;1.11521, 0.0379469, 2.886383;1.11919, -0.03808882, 2.955455;1.181198, -0.01080415, 2.826127;0.9750196, -0.4131013, 2.981023;1.079247, -0.3898004, 2.627522;1.061625, -0.7290612, 2.984591;1.168632, -0.713077, 2.59048;1.012212, -0.7950079, 2.970891;1.134385, -0.7769163, 2.559725;
0.7549039, 0.4187815, 2.777535;0.9083866, 0.3090346, 2.825565;1.093612, 0.08581388, 2.876154;0.8700307, 0.2061075, 2.980401;1.012555, 0.2791315, 2.704639;0.7829841, -0.2911221, 2.935962;0.915803, -0.3110102, 2.534138;1.131971, 0.03594394, 2.888866;1.152233, -0.03833142, 2.974643;1.220053, -0.001550706, 2.824836;0.97725, -0.4016002, 2.978968;1.079671, -0.4028831, 2.626148;1.061019, -0.7296221, 2.985139;1.166818, -0.7104042, 2.588985;1.013303, -0.7950472, 2.970737;1.133592, -0.7751664, 2.558569;
0.741438, 0.373335, 2.754632;0.8977168, 0.2591445, 2.815188;1.08559, 0.01848287, 2.870078;0.8611744, 0.1530118, 2.96665;1.01049, 0.2291271, 2.693044;0.7674998, -0.3459885, 2.936414;0.906008, -0.3659899, 2.520087;1.123165, -0.02964945, 2.884582;1.132228, -0.09596696, 2.9454;1.190562, -0.06127554, 2.842406;0.9526128, -0.4526874, 2.984594;1.080155, -0.4122458, 2.624483;1.06275, -0.7291303, 2.988178;1.166678, -0.7118434, 2.58823;1.013652, -0.7958513, 2.971955;1.133198, -0.7761272, 2.558313;
0.7381455, 0.3313108, 2.748039;0.8918365, 0.2314438, 2.799126;1.072884, 0.005790105, 2.864247;0.8515873, 0.1239139, 2.953721;1.008738, 0.2047255, 2.691305;0.76532, -0.3759613, 2.939816;0.9121265, -0.3851913, 2.516706;1.108982, -0.0405335, 2.880082;1.120395, -0.1180996, 2.958306;1.182101, -0.09002321, 2.826687;0.9476126, -0.4791945, 2.984686;1.074687, -0.4711767, 2.611654;1.044418, -0.772557, 2.993838;1.18559, -0.7618742, 2.588686;0.9951363, -0.8323618, 2.983009;1.119177, -0.7787715, 2.550919;
0.723143, 0.2745333, 2.730559;0.8831922, 0.1897897, 2.777037;1.066623, -0.04319093, 2.848031;0.8528579, 0.06389455, 2.940935;1.011174, 0.1483492, 2.682404;0.7574366, -0.4209737, 2.939806;0.910025, -0.410238, 2.50583;1.103348, -0.08960378, 2.865838;1.121305, -0.1686572, 2.950651;1.183814, -0.132097, 2.815328;0.9613435, -0.449192, 2.980644;1.091217, -0.4783631, 2.611399;1.060621, -0.7361764, 2.988954;1.186375, -0.77377, 2.58888;1.019184, -0.802313, 2.986931;1.118452, -0.7759045, 2.550448;
0.7203956, 0.2329403, 2.717415;0.8740934, 0.1545978, 2.763828;1.071544, -0.07152498, 2.847329;0.865932, 0.007134858, 2.929677;1.018709, 0.1086777, 2.678663;0.7481461, -0.4827483, 2.935198;0.9090688, -0.4407273, 2.499137;1.110876, -0.1179771, 2.867216;1.124032, -0.1867626, 2.94945;1.189141, -0.1493821, 2.819055;0.9686635, -0.5167977, 2.985622;1.097466, -0.4875555, 2.609604;1.058166, -0.7361494, 2.988634;1.183387, -0.7846094, 2.586022;1.011729, -0.7971419, 2.97434;1.119947, -0.7821052, 2.540747;
0.7155493, 0.1939349, 2.704759;0.8706324, 0.1183677, 2.753273;1.086891, -0.1087109, 2.850284;0.8623346, -0.008848555, 2.920715;0.9993865, 0.08556123, 2.664207;0.7365601, -0.5090595, 2.919999;0.8934336, -0.5081431, 2.488758;1.13062, -0.1548961, 2.873369;1.136631, -0.2177164, 2.944918;1.199542, -0.1657668, 2.830751;0.9673403, -0.5128973, 2.984327;1.098208, -0.4925572, 2.608342;1.056396, -0.7393237, 2.991062;1.182894, -0.788867, 2.584218;1.01532, -0.8047312, 2.981238;1.119343, -0.7840012, 2.538193;
0.719246, 0.1564997, 2.691712;0.8680188, 0.08763861, 2.739049;1.084059, -0.1540734, 2.864093;0.8488118, -0.02845842, 2.899833;0.9985628, 0.06025887, 2.656284;0.7349108, -0.5352182, 2.919906;0.895942, -0.524877, 2.481255;1.127293, -0.2024804, 2.89362;1.10618, -0.259451, 2.9618;1.219074, -0.2226228, 2.864419;0.9517047, -0.5271203, 2.977852;1.109189, -0.5133547, 2.607418;1.071507, -0.7603937, 3.002566;1.164463, -0.7178208, 2.586246;1.009529, -0.7997235, 2.97692;1.116335, -0.785794, 2.534816;
0.7040627, 0.1121283, 2.682729;0.8616045, 0.06441217, 2.729442;1.065703, -0.1714458, 2.83952;0.8521069, -0.08310261, 2.885567;0.9950759, 0.03805961, 2.657096;0.7233188, -0.580251, 2.913867;0.8820761, -0.5666214, 2.478508;1.105092, -0.2190927, 2.863256;1.107441, -0.2739527, 2.938671;1.175002, -0.2501944, 2.82784;0.9470438, -0.5341786, 2.975965;1.117137, -0.5618332, 2.603921;1.053901, -0.7894284, 2.965027;1.164328, -0.7195445, 2.585407;0.9834192, -0.8048239, 2.993469;1.116928, -0.7857381, 2.5344;
0.7018646, 0.08672098, 2.677771;0.8568867, 0.03553449, 2.725985;1.068188, -0.2060577, 2.841617;0.8473534, -0.08821587, 2.879317;0.9885477, -0.02653469, 2.652457;0.7304921, -0.5981555, 2.914909;0.8821137, -0.5833824, 2.481395;1.110413, -0.2547669, 2.868099;1.106414, -0.2992699, 2.930675;1.178754, -0.2757969, 2.83865;0.9322261, -0.5721793, 2.975312;1.116684, -0.5623936, 2.604179;1.053495, -0.7912331, 2.965306;1.163809, -0.7199062, 2.584968;0.9778503, -0.8047007, 2.975325;1.115694, -0.7870927, 2.532642;
0.7012018, 0.08462812, 2.677205;0.853628, 0.001612143, 2.725011;1.068843, -0.2078213, 2.841297;0.8455944, -0.09679998, 2.84567;0.9887617, -0.02807512, 2.652642;0.7301455, -0.6139515, 2.914917;0.8760395, -0.6168481, 2.476292;1.110941, -0.2550144, 2.867861;1.107582, -0.2996565, 2.92995;1.179443, -0.2759507, 2.838707;0.9322356, -0.5722787, 2.97519;1.11572, -0.5636791, 2.604296;1.054923, -0.8021328, 2.969388;1.164291, -0.7211397, 2.585393;0.9509813, -0.8084511, 2.976638;1.121679, -0.7886057, 2.537113;
0.696439, 0.06055479, 2.676138;0.8518355, -0.001837406, 2.722113;1.069954, -0.2124835, 2.841888;0.8436878, -0.09879939, 2.840126;0.9882547, -0.04105179, 2.653417;0.73176, -0.6249627, 2.912346;0.8742796, -0.6487357, 2.472066;1.112619, -0.2577529, 2.868964;1.108121, -0.3006412, 2.929415;1.18082, -0.2777934, 2.841685;0.9287786, -0.5726725, 2.973733;1.115652, -0.5639361, 2.604442;1.062926, -0.8279527, 2.977311;1.16274, -0.7212189, 2.584956;0.9593297, -0.8113781, 2.982094;1.12038, -0.7891254, 2.536265;
0.6918944, 0.04910336, 2.675282;0.8458304, -0.0128416, 2.720772;1.075135, -0.2134473, 2.83901;0.8241348, -0.1807558, 2.914861;0.9880663, -0.0526217, 2.657377;0.7131143, -0.715128, 2.906926;0.8747755, -0.6527268, 2.471577;1.122662, -0.2557972, 2.864733;1.131476, -0.3077622, 2.928518;1.210041, -0.2697087, 2.833386;0.9432248, -0.5765538, 2.972018;1.114662, -0.5649274, 2.604065;1.09428, -0.8399282, 2.979942;1.162416, -0.7220843, 2.584463;0.9912735, -0.8180856, 2.981381;1.114831, -0.7910009, 2.53447;
0.6857849, -0.004570559, 2.672993;0.8416378, -0.06687917, 2.712527;1.038077, -0.2880696, 2.78683;0.8250914, -0.1905722, 2.916845;0.9760385, -0.07930881, 2.649941;0.7339161, -0.6549317, 2.908575;0.8841433, -0.6323357, 2.475518;1.077365, -0.3323077, 2.80514;1.077196, -0.3828828, 2.849353;1.141213, -0.3534356, 2.782134;0.9475662, -0.5838257, 2.97204;1.146111, -0.7175297, 2.610764;1.096273, -0.8461145, 2.980684;1.165451, -0.7278148, 2.584201;0.9961957, -0.8176937, 2.996741;1.114907, -0.7910528, 2.534326;
0.687021, -0.005796629, 2.672593;0.8434302, -0.06993496, 2.713001;1.038301, -0.2883852, 2.786646;0.8316211, -0.1926245, 2.908585;0.9787155, -0.08481877, 2.649031;0.7373462, -0.6642343, 2.911433;0.8870869, -0.637419, 2.477506;1.07746, -0.3324195, 2.804926;1.077267, -0.3827807, 2.849206;1.141246, -0.3537164, 2.781701;0.9488478, -0.5831895, 2.971019;1.14604, -0.717348, 2.610396;1.096818, -0.8457395, 2.980147;1.16579, -0.7282974, 2.584279;0.9957286, -0.8180284, 2.989319;1.117833, -0.7912565, 2.535615;
0.6876614, -0.00712037, 2.672554;0.8444328, -0.07380383, 2.714476;1.035903, -0.2914097, 2.788997;0.8282248, -0.2004049, 2.902133;0.977906, -0.09889493, 2.648085;0.7331321, -0.6727619, 2.909499;0.8858371, -0.6498528, 2.476166;1.074098, -0.3353375, 2.807588;1.07411, -0.3945008, 2.881799;1.14073, -0.3686565, 2.773653;1.013657, -0.6160323, 2.985694;1.146193, -0.7177122, 2.610511;1.159672, -0.8788289, 2.995672;1.168359, -0.7294831, 2.585375;1.06057, -0.8438163, 2.991654;1.117877, -0.7914101, 2.537349;
0.6623446, -0.04644257, 2.649177;0.8427883, -0.0851558, 2.713337;1.032641, -0.2902062, 2.789261;0.8319557, -0.203271, 2.882448;0.9754939, -0.1049364, 2.647715;0.7374856, -0.6827971, 2.910668;0.8878272, -0.6550321, 2.477348;1.069144, -0.3315899, 2.808165;1.081003, -0.3848914, 2.900913;1.138459, -0.371414, 2.759171;1.010056, -0.6040056, 2.982902;1.147378, -0.7188555, 2.611785;1.156071, -0.8668022, 2.992945;1.169468, -0.7308744, 2.585319;1.055566, -0.8360416, 2.989817;1.120392, -0.7902175, 2.543063;
0.6624794, -0.04669372, 2.649153;0.8404632, -0.09730578, 2.713794;1.006192, -0.3412835, 2.758999;0.7972123, -0.2468388, 2.919921;0.974235, -0.1094579, 2.647194;0.7388434, -0.6849715, 2.911221;0.8826756, -0.6802179, 2.476023;1.039807, -0.3876262, 2.771348;1.04365, -0.4474579, 2.829955;1.112591, -0.4334346, 2.729071;1.00871, -0.6032987, 2.982186;1.131857, -0.8553967, 2.560537;1.154726, -0.8660954, 2.992274;1.21481, -0.5902963, 2.650447;1.05446, -0.8347536, 2.988602;1.174549, -0.6756649, 2.604184;
0.6617866, -0.04552129, 2.649058;0.8380132, -0.09654535, 2.713488;1.008114, -0.342669, 2.759235;0.8143373, -0.2365658, 2.914666;0.9732204, -0.1117929, 2.646619;0.7403764, -0.6858072, 2.913674;0.8842872, -0.6813638, 2.475095;1.043821, -0.3911442, 2.771968;1.045795, -0.4471972, 2.827429;1.112828, -0.4337233, 2.731241;1.007115, -0.6092601, 2.979777;1.132462, -0.8536665, 2.561495;1.15313, -0.8720568, 2.989916;1.214756, -0.5886254, 2.650912;1.053775, -0.8378214, 2.987166;1.17398, -0.6732283, 2.603681;
0.6605444, -0.04571179, 2.648461;0.8349721, -0.09791632, 2.712447;1.009661, -0.3444986, 2.7604;0.8657005, -0.2046661, 2.837813;0.9717336, -0.1134416, 2.646101;0.740839, -0.6854935, 2.913708;0.8845596, -0.6816331, 2.47463;1.046298, -0.3937758, 2.773907;1.061824, -0.4472429, 2.843862;1.111462, -0.4400429, 2.728604;1.007553, -0.6155132, 2.981647;1.134932, -0.8564585, 2.5633;1.153568, -0.8783098, 2.991834;1.199971, -0.5823263, 2.640952;1.055336, -0.8414954, 2.985786;1.164, -0.6703928, 2.596323;
0.662982, -0.04626569, 2.649443;0.8355718, -0.09904244, 2.712325;1.008806, -0.3430174, 2.759671;0.818643, -0.2200515, 2.901941;0.9715873, -0.1141244, 2.64562;0.741335, -0.6857754, 2.913986;0.8850309, -0.6816704, 2.474478;1.044113, -0.3907922, 2.772572;1.057998, -0.4452817, 2.8414;1.109646, -0.4381244, 2.726038;1.006578, -0.6164854, 2.980734;1.134725, -0.8561904, 2.562874;1.019803, -0.7620722, 2.989436;1.19725, -0.5820694, 2.641238;0.953613, -0.8025936, 2.987938;1.161638, -0.6700579, 2.596306;
0.6657809, -0.04336829, 2.650482;0.8348883, -0.09755754, 2.710686;1.007784, -0.3392136, 2.75808;0.8230336, -0.2234841, 2.904027;0.9715729, -0.1143791, 2.645357;0.7430632, -0.6835718, 2.917159;0.8859025, -0.6815947, 2.473873;1.042862, -0.3868672, 2.771068;1.058197, -0.4449794, 2.841733;1.108544, -0.4358447, 2.720588;1.006416, -0.6163503, 2.980446;1.134808, -0.8562471, 2.562823;1.020118, -0.7612171, 2.989549;1.195303, -0.5817909, 2.641148;0.9544756, -0.8024831, 2.9867;1.160149, -0.6699088, 2.596219;
0.6665711, -0.04299274, 2.650624;0.8343605, -0.09729112, 2.710296;1.007724, -0.3392035, 2.757938;0.8251605, -0.2250371, 2.904244;0.9708827, -0.1154043, 2.644856;0.7436383, -0.6828772, 2.918839;0.8866199, -0.6808335, 2.473152;1.042804, -0.3868964, 2.770928;1.057772, -0.4449813, 2.841226;1.108188, -0.4358353, 2.720493;1.006316, -0.6203992, 2.980613;1.17085, -0.8039095, 2.580134;1.020987, -0.7637083, 2.990517;1.219411, -0.5265489, 2.65625;0.955277, -0.8045636, 2.99583;1.18331, -0.6157883, 2.614494;
0.6741619, -0.03742885, 2.65239;0.8346699, -0.0969268, 2.710162;1.0066, -0.338692, 2.757848;0.8240265, -0.2213484, 2.900146;0.9708917, -0.1158704, 2.644721;0.7426395, -0.6832001, 2.917479;0.8874575, -0.6806774, 2.471434;1.040893, -0.3864052, 2.770842;1.052621, -0.4438946, 2.840367;1.105726, -0.4357131, 2.720439;0.9929427, -0.6211498, 2.978844;1.171879, -0.8028856, 2.580421;1.010665, -0.7633706, 2.990185;1.220415, -0.5256628, 2.656525;0.9467899, -0.807101, 2.985299;1.18319, -0.6142895, 2.614429;
0.6817192, -0.02342262, 2.654786;0.8361253, -0.09190946, 2.711252;1.007818, -0.3384708, 2.75828;0.8395786, -0.2292815, 2.901964;0.9702905, -0.1159496, 2.644167;0.7420312, -0.6822491, 2.917432;0.8875186, -0.6802021, 2.470308;1.04234, -0.3867802, 2.771291;1.054031, -0.4437138, 2.839285;1.10562, -0.4352113, 2.7215;0.9951697, -0.6223855, 2.978542;1.174058, -0.8018762, 2.582785;1.012783, -0.7643111, 2.990197;1.222573, -0.5247703, 2.658889;0.9476527, -0.8052556, 2.980199;1.186489, -0.615279, 2.619872;
0.6829838, -0.02144033, 2.655251;0.8364987, -0.0896655, 2.711433;1.007862, -0.3383219, 2.758281;0.8378989, -0.2287673, 2.900835;0.9703184, -0.1161307, 2.643952;0.7418656, -0.6819502, 2.91802;0.8880565, -0.6792807, 2.468058;1.042351, -0.3867886, 2.771232;1.053998, -0.44379, 2.839178;1.1056, -0.4353603, 2.721473;0.9973412, -0.6258173, 2.977758;1.174329, -0.8018967, 2.584122;1.014866, -0.7673461, 2.989747;1.222823, -0.524918, 2.660218;0.9476529, -0.8034497, 2.97565;1.186274, -0.6142756, 2.619008;
0.6826866, -0.02284712, 2.654803;0.8357377, -0.09030709, 2.710434;1.007902, -0.338313, 2.758069;0.8329936, -0.2326863, 2.896641;0.9704009, -0.1162163, 2.643536;0.7415865, -0.6819216, 2.918161;0.8881349, -0.6790379, 2.465934;1.042436, -0.3868004, 2.771029;1.053062, -0.4433382, 2.8355;1.106088, -0.4340144, 2.72307;0.997915, -0.6254247, 2.977134;1.173727, -0.7998072, 2.584381;1.015459, -0.7669026, 2.989254;1.222199, -0.5229471, 2.660474;0.9481478, -0.8009234, 2.970998;1.185827, -0.6122042, 2.618853;
0.6814035, -0.02306559, 2.654374;0.8358454, -0.08901308, 2.710855;1.007485, -0.3380142, 2.758116;0.8317171, -0.23096, 2.895072;0.9700488, -0.1163594, 2.643178;0.7414407, -0.6812381, 2.917888;0.8893074, -0.6792738, 2.465058;1.041906, -0.3867183, 2.771032;1.052086, -0.4431006, 2.835441;1.104939, -0.4343511, 2.723137;0.9980624, -0.6253191, 2.976686;1.173756, -0.7993846, 2.58454;1.01561, -0.7667753, 2.98892;1.222208, -0.5226396, 2.660638;0.9482884, -0.8009855, 2.971007;1.186677, -0.6125778, 2.619721;
0.676513, -0.02932578, 2.650321;0.8346943, -0.08954063, 2.709879;1.003372, -0.3387088, 2.756903;0.827437, -0.2313806, 2.897577;0.9689031, -0.116021, 2.640929;0.7406803, -0.6807, 2.918091;0.8892231, -0.6796866, 2.464322;1.036815, -0.3878066, 2.769737;1.044532, -0.4461396, 2.834984;1.100699, -0.4355084, 2.721349;0.9703789, -0.6192533, 2.971278;1.175326, -0.7995552, 2.584942;0.9881641, -0.760483, 2.983957;1.223755, -0.5229388, 2.661038;0.9362898, -0.8163347, 2.969322;1.187476, -0.6122924, 2.619476;
0.6752818, -0.02845594, 2.650157;0.8341141, -0.08834938, 2.71056;0.9971179, -0.3324638, 2.758817;0.823634, -0.2228091, 2.897471;0.9687796, -0.1155463, 2.6403;0.7404968, -0.6805075, 2.918378;0.8889571, -0.6794385, 2.462864;1.029062, -0.3805956, 2.771827;1.039092, -0.4413397, 2.847564;1.096355, -0.4347111, 2.717623;0.9705412, -0.6193208, 2.971287;1.180678, -0.7962178, 2.581384;0.9883189, -0.7605426, 2.984012;1.229083, -0.5197444, 2.657469;0.9359002, -0.8156977, 2.968678;1.190397, -0.6081976, 2.616144;
0.6718197, -0.03123694, 2.649132;0.8304829, -0.08991975, 2.7085;0.9921349, -0.3342128, 2.757174;0.8236772, -0.22199, 2.898591;0.9667423, -0.1139122, 2.637901;0.741843, -0.6791849, 2.918064;0.8892664, -0.6787676, 2.461838;1.024098, -0.382578, 2.770303;1.036849, -0.4432986, 2.84763;1.087252, -0.4389862, 2.712636;0.9683153, -0.6177726, 2.971719;1.18269, -0.7994549, 2.583249;0.9860495, -0.7589529, 2.984515;1.231072, -0.5231116, 2.659328;0.9362803, -0.8162372, 2.968163;1.191498, -0.610766, 2.617131;
0.6697996, -0.03166355, 2.648221;0.8276492, -0.08968482, 2.707191;0.9917819, -0.3343684, 2.756839;0.8202091, -0.1968735, 2.879217;0.9637235, -0.1100101, 2.636703;0.7455074, -0.6783389, 2.919693;0.8899142, -0.6783857, 2.461636;1.023959, -0.3827758, 2.770037;1.028832, -0.4345877, 2.831232;1.083885, -0.4339744, 2.720345;0.9663367, -0.6140195, 2.97253;1.177269, -0.7915095, 2.582231;0.9840509, -0.7551622, 2.985397;1.225616, -0.5153699, 2.658282;0.937927, -0.8153514, 2.968874;1.188314, -0.6043882, 2.616936;
0.6683187, -0.03141544, 2.647899;0.827004, -0.08907445, 2.706811;1.005901, -0.2966598, 2.784447;0.8175944, -0.1990044, 2.884088;0.9606506, -0.1059588, 2.63535;0.7481079, -0.6763434, 2.919283;0.890582, -0.6765997, 2.461879;1.04269, -0.3384595, 2.803966;1.043433, -0.388831, 2.856918;1.106727, -0.3627323, 2.776046;0.9583467, -0.6137691, 2.973484;1.155369, -0.7169966, 2.607718;0.9760491, -0.7549031, 2.98643;1.203665, -0.4411496, 2.683722;0.9357473, -0.8208758, 2.980143;1.178834, -0.5344909, 2.642696;
0.664657, -0.03142126, 2.647648;0.8256912, -0.08863313, 2.706734;1.013084, -0.2915132, 2.787079;0.8156568, -0.2006733, 2.88653;0.9593349, -0.1044754, 2.63418;0.752978, -0.6726422, 2.917426;0.8934058, -0.6768585, 2.468762;1.053372, -0.3311455, 2.807458;1.060561, -0.3781992, 2.863147;1.120251, -0.3542464, 2.779553;0.9595864, -0.6064223, 2.97412;1.155361, -0.7099494, 2.611434;0.9772897, -0.747546, 2.987123;1.203608, -0.4343781, 2.687382;0.9409192, -0.8157045, 2.980682;1.179472, -0.5279298, 2.646561;
0.6599338, -0.02932265, 2.6476;0.8222055, -0.08573519, 2.705397;1.013639, -0.2886772, 2.785781;0.8028334, -0.2005406, 2.887528;0.953153, -0.08641142, 2.634676;0.7619352, -0.6642768, 2.915506;0.897602, -0.6613641, 2.472118;1.053903, -0.32846, 2.805879;1.057054, -0.3737468, 2.849508;1.121733, -0.3479901, 2.782981;0.9624897, -0.5995122, 2.977177;1.155514, -0.7086222, 2.61227;1.025635, -0.7384396, 3.001546;1.203718, -0.4332975, 2.688169;0.9474955, -0.8037946, 2.976753;1.179799, -0.5267802, 2.647173;
0.6583297, -0.02945999, 2.646847;0.8200614, -0.08383408, 2.705001;1.00996, -0.2725937, 2.780445;0.7767012, -0.2272487, 2.920135;0.945732, -0.01345095, 2.655983;0.7643076, -0.6595977, 2.917297;0.9015682, -0.6406707, 2.485162;1.048781, -0.3082149, 2.798368;1.057393, -0.3733596, 2.848689;1.126679, -0.3272561, 2.779077;0.9677334, -0.5794389, 2.975797;1.152488, -0.7056424, 2.610708;1.007581, -0.7477764, 3.000601;1.20065, -0.4305594, 2.686557;0.9490326, -0.8036674, 2.973137;1.181102, -0.5269402, 2.650341;
0.6515718, -0.02627697, 2.642497;0.7955224, -0.05620942, 2.690378;1.000458, -0.2667436, 2.779095;0.7617512, -0.2093922, 2.909104;0.9615453, 0.0260344, 2.687226;0.7712291, -0.6541529, 2.918003;0.9067607, -0.5955362, 2.50125;1.04085, -0.3055642, 2.798506;1.040281, -0.3766184, 2.83217;1.121341, -0.3241589, 2.799589;0.9695767, -0.5744319, 2.976324;1.153918, -0.7052152, 2.611788;1.004345, -0.748772, 2.998342;1.202041, -0.4303513, 2.687572;0.9507538, -0.8031495, 2.971513;1.181754, -0.5263698, 2.650898;
0.6416825, -0.02156623, 2.641403;0.7901953, -0.05310911, 2.690867;0.9991226, -0.2617261, 2.777972;0.7538342, -0.2039173, 2.908608;0.9474173, -0.008022534, 2.653337;0.7809935, -0.643707, 2.921979;0.9034736, -0.6345323, 2.492823;1.040493, -0.3018671, 2.797737;1.042122, -0.3689762, 2.832219;1.122647, -0.3211534, 2.797215;0.9720111, -0.5702294, 2.976462;1.14283, -0.6627315, 2.599666;1.001106, -0.7443926, 2.993881;1.190949, -0.3878921, 2.675459;0.9538774, -0.801741, 2.968671;1.172598, -0.4850442, 2.640663;
0.6395767, -0.01977798, 2.640596;0.7886029, -0.05149943, 2.6903;1.003303, -0.2529758, 2.777202;0.7519416, -0.2017629, 2.907582;0.8966566, -0.01423074, 2.65333;0.7831312, -0.6317366, 2.921693;0.9058679, -0.636108, 2.496628;1.047026, -0.2916574, 2.797438;1.057754, -0.3429793, 2.824412;1.123189, -0.306268, 2.798392;0.9748746, -0.5652722, 2.976768;1.127415, -0.517784, 2.616963;1.003413, -0.7115322, 2.983102;1.162707, -0.7221546, 2.582595;0.9729025, -0.801098, 2.972575;1.115867, -0.7882422, 2.531792;
0.6395783, -0.01982983, 2.640502;0.7886355, -0.05154311, 2.690244;1.001829, -0.2540603, 2.777553;0.7519802, -0.2017849, 2.907478;0.9106537, -0.004297847, 2.646749;0.7858359, -0.6277702, 2.918459;0.906482, -0.602371, 2.507061;1.044336, -0.2938069, 2.798195;1.048262, -0.358014, 2.813201;1.116878, -0.3119188, 2.815398;0.9921558, -0.5643107, 2.983121;1.128077, -0.5159907, 2.616629;1.040385, -0.736744, 2.982717;1.163164, -0.7226165, 2.582579;0.9817123, -0.7993904, 2.970367;1.116515, -0.7879761, 2.532674;
0.6153803, -0.01147187, 2.6317;0.765637, -0.04326781, 2.681972;0.9933304, -0.2490048, 2.778186;0.7285999, -0.1928507, 2.898302;0.9410378, 0.03059742, 2.64799;0.7911324, -0.6223345, 2.917219;0.9094782, -0.6074106, 2.510957;1.037809, -0.2895949, 2.799844;1.043584, -0.358844, 2.808475;1.123638, -0.3044137, 2.837909;1.000892, -0.4958415, 2.982816;1.129133, -0.5113958, 2.616801;1.060231, -0.7496853, 2.998244;1.163054, -0.7225718, 2.582311;0.9837231, -0.7993345, 2.970888;1.115929, -0.7878141, 2.530836;
0.6314567, 0.004573599, 2.635633;0.7708238, -0.03961495, 2.684051;0.9935968, -0.246128, 2.778749;0.7340053, -0.1891208, 2.900358;0.9412566, 0.03072402, 2.647781;0.7923716, -0.617651, 2.916489;0.9106945, -0.6068271, 2.517072;1.037699, -0.2868037, 2.800453;1.046601, -0.3491098, 2.833734;1.123849, -0.3027996, 2.809738;0.9676857, -0.6027188, 3.101367;1.131517, -0.5004193, 2.61868;1.096923, -0.7968869, 2.981029;1.165859, -0.7245262, 2.583979;0.9975301, -0.7973099, 2.969914;1.11756, -0.7878851, 2.532131;
0.6335267, 0.0109247, 2.638301;0.7732342, -0.03360583, 2.687286;0.9976493, -0.2447747, 2.781864;0.7364731, -0.1831251, 2.903542;0.8990229, -0.004432291, 2.637336;0.794737, -0.6233926, 2.916346;0.9158036, -0.5772215, 2.51769;1.042664, -0.2863806, 2.804086;1.051092, -0.3450955, 2.83687;1.123508, -0.3029678, 2.809561;0.9738361, -0.6063654, 3.097654;1.132645, -0.4992896, 2.618598;1.087133, -0.7928626, 2.973701;1.167608, -0.7238289, 2.585925;0.9987164, -0.7972914, 2.970142;1.117962, -0.7873647, 2.532783;
0.6348406, 0.01587831, 2.638974;0.7747886, -0.02898077, 2.688295;0.9979833, -0.2422233, 2.784088;0.7380601, -0.1784989, 2.904528;0.9422643, 0.03267108, 2.636677;0.7959498, -0.6212871, 2.914062;0.9140663, -0.5784264, 2.519405;1.042769, -0.2843162, 2.806508;1.050527, -0.344717, 2.838894;1.124285, -0.302604, 2.811133;1.006847, -0.4963619, 2.982159;1.133932, -0.4978072, 2.6197;1.073684, -0.7765475, 2.980197;1.16789, -0.7236599, 2.586447;0.9993504, -0.7971863, 2.972245;1.118587, -0.7865592, 2.531967;
0.6301543, 0.02320924, 2.639114;0.7704895, -0.0220506, 2.68874;0.9956053, -0.2378826, 2.783707;0.7337976, -0.1715868, 2.904951;0.9421947, 0.03274942, 2.636415;0.7967895, -0.6168182, 2.912753;0.9169268, -0.5579133, 2.516844;1.040718, -0.2806793, 2.806036;1.044197, -0.340956, 2.821613;1.12469, -0.2987919, 2.822601;1.007735, -0.495427, 2.982739;1.136809, -0.4935251, 2.620476;1.075533, -0.7765786, 2.979398;1.169132, -0.7232661, 2.587171;1.000582, -0.794673, 2.971501;1.11885, -0.7861335, 2.532148;
0.6310455, 0.02472116, 2.638212;0.7714119, -0.02056019, 2.687951;1.014384, -0.1756278, 2.827337;0.7347293, -0.1700889, 2.904153;0.9273034, 0.001687888, 2.625591;0.7984711, -0.6035731, 2.910929;0.9107827, -0.596561, 2.518842;1.062219, -0.2078676, 2.859149;1.07155, -0.2721523, 2.855136;1.143996, -0.2049873, 2.91421;1.023303, -0.5325271, 2.996702;1.139617, -0.4940417, 2.621088;1.075992, -0.7760699, 2.980994;1.177748, -0.7852689, 2.585692;1.001365, -0.7951262, 2.972922;1.119215, -0.7855816, 2.531833;
0.634818, 0.02693392, 2.639836;0.7753061, -0.01830984, 2.68973;1.020022, -0.1610975, 2.825451;0.738633, -0.1678359, 2.905927;0.9287823, 0.03321228, 2.630051;0.7986158, -0.6021951, 2.911279;0.9167599, -0.5504583, 2.518721;1.069057, -0.1874174, 2.855302;1.078275, -0.2633559, 2.848751;1.166164, -0.1592368, 2.91779;1.020481, -0.5287293, 2.997505;1.14477, -0.4910432, 2.622964;1.072464, -0.7743155, 2.978686;1.177886, -0.782193, 2.584624;0.9989603, -0.7974766, 2.972032;1.119099, -0.7819207, 2.534349;
0.6547292, 0.043065, 2.642364;0.7952798, -0.002191038, 2.692425;1.032802, -0.1626502, 2.889782;0.7948765, -0.1402269, 2.89851;0.9231146, 0.00118997, 2.619468;0.7994931, -0.600444, 2.911421;0.9178919, -0.5518464, 2.521084;1.078742, -0.1960053, 2.932344;1.081114, -0.2494954, 2.942897;1.134879, -0.1849974, 2.969625;1.020962, -0.5285847, 2.997393;1.147632, -0.4897327, 2.622921;1.069462, -0.765983, 2.985911;1.179629, -0.7803909, 2.588285;1.000903, -0.79817, 2.970605;1.122013, -0.7821569, 2.535137;
0.6478582, 0.0498009, 2.642227;0.7884114, 0.004526815, 2.692331;1.026721, -0.1577944, 2.893466;0.8644119, 0.08532844, 2.712281;0.9231395, 0.0009325712, 2.618736;0.8078625, -0.4963333, 2.896845;0.9191042, -0.550322, 2.521585;1.073367, -0.1908994, 2.936895;1.071678, -0.1828515, 2.955408;1.105037, -0.2095814, 2.965695;1.018279, -0.5118237, 2.995367;1.150249, -0.488761, 2.62369;1.069607, -0.7578011, 2.989795;1.178305, -0.7790648, 2.587478;1.007785, -0.7984169, 2.96768;1.121831, -0.7822564, 2.534931;
0.6497924, 0.05508799, 2.641779;0.790341, 0.00980516, 2.691913;1.025561, -0.1562062, 2.892999;0.8706661, 0.09237924, 2.713284;0.9235735, 0.0002282445, 2.618291;0.7997631, -0.568961, 2.920746;0.919793, -0.5473484, 2.52154;1.071925, -0.1894735, 2.936399;1.072247, -0.1825409, 2.954504;1.103458, -0.2123685, 2.962742;1.01864, -0.5135491, 2.996328;1.159579, -0.4506407, 2.633413;1.069483, -0.7495106, 2.99333;1.173856, -0.7408636, 2.587409;1.013022, -0.7958734, 2.968505;1.123061, -0.7806131, 2.53575;
0.6489092, 0.06423359, 2.640712;0.7983, 0.01813559, 2.691485;0.9809256, -0.1181898, 2.845294;0.8716996, 0.09433513, 2.712404;0.9236823, 0.0003294868, 2.617297;0.8095711, -0.461583, 2.88956;0.9221763, -0.5418346, 2.521311;1.015728, -0.1472585, 2.879445;1.060162, -0.1986687, 2.878053;1.089424, -0.1965386, 2.970281;1.019502, -0.5081868, 2.997429;1.159845, -0.4485141, 2.63393;1.070133, -0.7471974, 2.991395;1.173738, -0.7381553, 2.587663;1.014099, -0.7952068, 2.96897;1.122856, -0.7804152, 2.535861;
0.64665, 0.07223478, 2.639122;0.7997723, 0.0237413, 2.690484;1.029667, -0.1371421, 2.891275;0.8731314, 0.09857647, 2.710844;0.9245375, 0.001307005, 2.616244;0.7969032, -0.4758769, 2.900166;0.9231049, -0.5341362, 2.520084;1.075082, -0.1714675, 2.935108;1.084048, -0.1608341, 2.971711;1.10418, -0.2104893, 2.937256;1.020216, -0.5060848, 2.997897;1.161168, -0.4616576, 2.633256;1.069629, -0.7437339, 2.992633;1.174098, -0.7507008, 2.586724;1.017094, -0.7955272, 2.97029;1.122262, -0.7802365, 2.534741;
0.6486503, 0.0785643, 2.640563;0.8044859, 0.03049752, 2.692253;1.031858, -0.1379093, 2.88607;0.8746129, 0.1020434, 2.70909;0.9247019, 0.003066533, 2.615376;0.7945879, -0.4717106, 2.895656;0.9252537, -0.5254875, 2.521431;1.077628, -0.1730925, 2.926821;1.090739, -0.1760519, 2.93708;1.10479, -0.2076178, 2.933828;1.01986, -0.5067499, 2.998386;1.162002, -0.4586025, 2.633716;1.068931, -0.7431772, 2.992365;1.174439, -0.7470431, 2.586822;1.016955, -0.795557, 2.970297;1.125157, -0.7814317, 2.538647;
0.6453252, 0.09362182, 2.639685;0.8031055, 0.04406576, 2.691462;1.009665, -0.1010159, 2.856838;0.8823853, 0.1185342, 2.703548;0.9308504, 0.04018412, 2.622887;0.7856234, -0.5425687, 2.912927;0.9266583, -0.5592377, 2.522516;1.051229, -0.1325105, 2.893348;1.086468, -0.1445643, 2.989369;1.115509, -0.1958652, 2.872789;1.005671, -0.5190763, 2.986428;1.167887, -0.4865458, 2.615049;1.071239, -0.7402547, 2.992764;1.178146, -0.7747438, 2.569549;1.019303, -0.7927366, 2.970951;1.11302, -0.7805734, 2.528902;
0.6468395, 0.09774072, 2.640233;0.8051457, 0.04853114, 2.692047;1.03811, -0.1222551, 2.883281;0.8691524, 0.1175056, 2.713941;0.9283336, 0.02010678, 2.619071;0.788872, -0.529905, 2.912381;0.9237532, -0.5440891, 2.521976;1.085952, -0.1599548, 2.926548;1.09342, -0.1562833, 2.956274;1.115414, -0.1916516, 2.93322;1.002596, -0.5237144, 2.999412;1.167087, -0.4532283, 2.635089;1.070484, -0.737431, 2.991276;1.17417, -0.740936, 2.587026;1.019836, -0.792677, 2.971513;1.129483, -0.7861771, 2.543761;
0.6517872, 0.1144852, 2.639893;0.8108655, 0.05873668, 2.693188;1.05576, -0.1056717, 2.881531;0.8515824, 0.1164371, 2.717564;0.9465699, 0.07193808, 2.63845;0.795117, -0.4599697, 2.90121;0.9284778, -0.4991289, 2.519698;1.106853, -0.1381917, 2.922484;1.10631, -0.1427815, 2.955345;1.15207, -0.1579475, 2.917582;1.004204, -0.5069911, 2.997034;1.167472, -0.4525824, 2.635127;1.07073, -0.7346992, 2.990676;1.174397, -0.7398688, 2.587165;1.017949, -0.7926835, 2.970277;1.129704, -0.780507, 2.539621;
0.6539922, 0.1228776, 2.641327;0.8148458, 0.06657639, 2.69723;1.055521, -0.1064814, 2.883024;0.8709778, 0.1227758, 2.701506;0.9471651, 0.07202682, 2.638154;0.7965714, -0.4424621, 2.896345;0.9309283, -0.4822585, 2.515091;1.105402, -0.1406184, 2.924565;1.105676, -0.1434514, 2.954104;1.136594, -0.165449, 2.927493;1.007741, -0.5078948, 2.998102;1.169425, -0.4454061, 2.637429;1.070914, -0.7344342, 2.990377;1.174195, -0.7322117, 2.587677;1.017522, -0.7938491, 2.970777;1.128988, -0.779682, 2.537721;
0.6574783, 0.1379106, 2.642575;0.8188974, 0.0759863, 2.701833;1.063972, -0.1030494, 2.882904;0.8801793, 0.1337658, 2.691098;0.9491466, 0.07812367, 2.637831;0.799089, -0.4274953, 2.89219;0.9298285, -0.4753343, 2.515184;1.114005, -0.138414, 2.923136;1.118949, -0.1386064, 2.944478;1.141272, -0.1620099, 2.925843;1.008488, -0.4970092, 2.999539;1.171671, -0.4413016, 2.638212;1.070815, -0.7347977, 2.990186;1.173635, -0.7277062, 2.587592;1.010544, -0.7943077, 2.968113;1.125917, -0.780048, 2.533132;
0.6808599, 0.1947879, 2.66567;0.8294721, 0.1261649, 2.708345;1.068028, -0.09483974, 2.878077;0.8681601, 0.1410972, 2.691868;0.9840097, 0.1306415, 2.648537;0.7959698, -0.3917507, 2.894446;0.9366319, -0.4429105, 2.522516;1.117029, -0.1339463, 2.917235;1.119231, -0.1416171, 2.934118;1.154839, -0.1519258, 2.922813;1.010132, -0.496857, 3.003829;1.173104, -0.4379321, 2.639957;1.070891, -0.7349238, 2.989658;1.173713, -0.7238753, 2.587739;1.011991, -0.7935754, 2.969428;1.124776, -0.7806273, 2.53244;
0.6820947, 0.2028789, 2.666148;0.8333671, 0.1379807, 2.708408;1.052921, -0.03967394, 2.862143;0.8664596, 0.1593778, 2.692372;0.9825824, 0.1320924, 2.64913;0.7981412, -0.3764718, 2.886848;0.9420581, -0.4202436, 2.518436;1.096049, -0.0775791, 2.896158;1.104368, -0.09203362, 2.958866;1.155308, -0.1225182, 2.87894;1.031043, -0.4620674, 2.994351;1.174979, -0.4333839, 2.642298;1.070194, -0.7358374, 2.988972;1.173722, -0.7188283, 2.588056;1.010536, -0.7934412, 2.968595;1.124896, -0.7808737, 2.532751;
0.6807573, 0.2365809, 2.665223;0.8299361, 0.1686687, 2.715707;1.05763, -0.03691839, 2.861562;0.8588599, 0.190779, 2.700043;0.9779097, 0.1393147, 2.65029;0.8004399, -0.3398558, 2.892621;0.9374329, -0.4194931, 2.520964;1.103403, -0.0757495, 2.894624;1.114293, -0.08899921, 2.946592;1.15899, -0.1185845, 2.879466;1.037476, -0.4556929, 2.99643;1.176233, -0.430926, 2.644535;1.069436, -0.7347863, 2.988393;1.173811, -0.7158444, 2.588063;1.015984, -0.7979348, 2.943701;1.125305, -0.7806947, 2.533254;
0.6769477, 0.2470829, 2.667794;0.8355912, 0.1792297, 2.719723;1.059167, -0.03711388, 2.864847;0.8638793, 0.2005796, 2.703837;0.9723986, 0.1493746, 2.649856;0.792387, -0.4123782, 2.917843;0.9410239, -0.3995104, 2.522013;1.104708, -0.07798588, 2.898375;1.114658, -0.08910803, 2.946127;1.151277, -0.1217114, 2.891292;1.041056, -0.4550268, 3.000517;1.177085, -0.4271412, 2.646813;1.068587, -0.735316, 2.988603;1.174005, -0.7115579, 2.588416;1.012395, -0.797456, 2.957874;1.125339, -0.7807672, 2.533226;
0.679278, 0.2823807, 2.670124;0.8395323, 0.1926187, 2.726657;1.051385, -0.02652484, 2.882101;0.8009958, 0.1223064, 2.865478;0.9734936, 0.1604382, 2.651042;0.7980301, -0.4063395, 2.922907;0.9495658, -0.3612025, 2.525399;1.093404, -0.06965351, 2.917473;1.093079, -0.09376983, 2.975564;1.15225, -0.1138827, 2.909399;1.0421, -0.4671291, 3.000333;1.179662, -0.4192688, 2.651505;1.068827, -0.7355756, 2.993708;1.174068, -0.7108072, 2.58851;1.012579, -0.7971379, 2.959765;1.126981, -0.7801419, 2.534514;
0.6737552, 0.291387, 2.677691;0.8412727, 0.2204273, 2.730517;1.051097, -0.02154188, 2.881231;0.7973992, 0.119937, 2.897509;0.9715266, 0.1857181, 2.655129;0.8034579, -0.3860362, 2.925165;0.9493992, -0.3562208, 2.52705;1.093116, -0.06708986, 2.916206;1.093727, -0.09430727, 2.974264;1.154511, -0.1118408, 2.90831;1.053888, -0.4678808, 3.003416;1.180573, -0.4167945, 2.652783;1.069535, -0.7301093, 2.992029;1.174247, -0.7107356, 2.588544;1.011202, -0.7964529, 2.960386;1.127131, -0.7802895, 2.534592;
0.6688795, 0.3035908, 2.685005;0.840135, 0.2320202, 2.736187;1.043136, -0.01217551, 2.885792;0.7983503, 0.1283619, 2.898644;0.9683548, 0.1993607, 2.658487;0.8036813, -0.3526455, 2.928291;0.9541895, -0.3340621, 2.535827;1.08422, -0.06000251, 2.919579;1.082993, -0.09021214, 2.977171;1.151684, -0.1092335, 2.90982;1.055912, -0.46457, 3.003146;1.185578, -0.3999165, 2.658063;1.069245, -0.7309348, 2.992141;1.175535, -0.7094621, 2.588652;1.007889, -0.7967566, 2.968643;1.126635, -0.777911, 2.536702;
0.6667326, 0.3469308, 2.697716;0.8408561, 0.2474969, 2.744863;1.044467, -0.002823115, 2.883552;0.7991211, 0.1419107, 2.902954;0.9631543, 0.2159277, 2.660095;0.799254, -0.3628844, 2.931988;0.9534926, -0.3108543, 2.541006;1.085478, -0.0516472, 2.915424;1.088243, -0.08397925, 2.969778;1.1516, -0.1021269, 2.906314;1.060652, -0.4568281, 3.002172;1.18573, -0.3988206, 2.659141;1.06925, -0.7310494, 2.992223;1.175564, -0.7094378, 2.588614;1.017055, -0.795662, 2.928752;1.126648, -0.7779622, 2.536669;
0.6892949, 0.3598538, 2.713166;0.8633034, 0.2397695, 2.764767;1.042802, 0.006437571, 2.881188;0.8007755, 0.1495938, 2.906675;0.9666255, 0.2297349, 2.665377;0.7975664, -0.3028605, 2.924641;0.9517025, -0.3189645, 2.542028;1.079028, -0.03575517, 2.907847;1.084604, -0.07704504, 2.963043;1.145795, -0.08573262, 2.898267;1.067195, -0.4490513, 3.000543;1.186007, -0.3981485, 2.659789;1.070677, -0.7319059, 2.992447;1.17627, -0.704433, 2.5895;1.007643, -0.7964466, 2.959774;1.126398, -0.7776014, 2.535975;
0.708645, 0.3918608, 2.733486;0.8680954, 0.2437741, 2.771821;1.04183, 0.01407094, 2.881212;0.8007888, 0.2014851, 2.903216;0.9620273, 0.2497701, 2.66662;0.7994073, -0.2959186, 2.92633;0.9575825, -0.284283, 2.544833;1.077021, -0.02955403, 2.906661;1.082216, -0.06902695, 2.959092;1.142349, -0.08033542, 2.896378;1.072916, -0.4403127, 2.99805;1.186323, -0.3972408, 2.660747;1.07017, -0.730857, 2.992126;1.176357, -0.7045159, 2.589497;1.007235, -0.7959732, 2.960344;1.126546, -0.7780243, 2.536021;
0.716669, 0.3989683, 2.740795;0.8773909, 0.2520331, 2.781608;1.040664, 0.0244114, 2.882219;0.8018917, 0.2048771, 2.906176;0.9598658, 0.2617664, 2.670708;0.8053658, -0.2756099, 2.929445;0.9618524, -0.250774, 2.543449;1.073895, -0.01950694, 2.906146;1.079079, -0.05924178, 2.95603;1.135208, -0.0690815, 2.895052;1.075452, -0.4347196, 2.996781;1.186427, -0.3971681, 2.66082;1.070182, -0.7305519, 2.992391;1.176356, -0.7044429, 2.589468;1.007742, -0.7946618, 2.962088;1.125618, -0.778242, 2.535004;
0.7292302, 0.4202214, 2.751918;0.8840538, 0.2641608, 2.790138;1.037483, 0.04022522, 2.882605;0.8036802, 0.2207762, 2.913337;0.9623936, 0.279068, 2.673219;0.809288, -0.250964, 2.937377;0.9610111, -0.2475283, 2.544952;1.068247, -0.00336101, 2.904568;1.07426, -0.0469325, 2.954557;1.129245, -0.05756042, 2.891585;1.078368, -0.4299954, 2.995046;1.186464, -0.3969196, 2.661125;1.069857, -0.7241488, 2.992041;1.176361, -0.7046886, 2.589386;1.008235, -0.7941812, 2.962476;1.125577, -0.7784455, 2.534694;
0.7373888, 0.4349111, 2.761244;0.8909111, 0.2746676, 2.796367;1.036553, 0.04836247, 2.881646;0.8063831, 0.253325, 2.918241;0.9651231, 0.29507, 2.677921;0.8134832, -0.2378097, 2.938908;0.960436, -0.237285, 2.551495;1.066041, 0.004324832, 2.902382;1.071348, -0.03876054, 2.951624;1.125524, -0.05096597, 2.887643;1.07865, -0.4269236, 2.993921;1.186389, -0.3969592, 2.661176;1.069982, -0.7240002, 2.992362;1.17744, -0.7047698, 2.591224;1.008635, -0.7931315, 2.964077;1.126406, -0.777888, 2.535704;
0.7465476, 0.4549348, 2.77718;0.8983791, 0.2901574, 2.806129;1.036272, 0.05434688, 2.882989;0.8102163, 0.2657207, 2.923029;0.9654443, 0.3146659, 2.682076;0.8126734, -0.2301667, 2.938714;0.9611911, -0.2230335, 2.55259;1.064942, 0.008588783, 2.902715;1.066957, -0.03024666, 2.946369;1.120332, -0.04253929, 2.889425;1.079022, -0.4192822, 2.991328;1.186072, -0.3960913, 2.66132;1.069724, -0.7236659, 2.992418;1.177549, -0.7048984, 2.591472;1.009817, -0.7923253, 2.96423;1.126013, -0.7767313, 2.534546;
0.7586124, 0.4733647, 2.782488;0.9025694, 0.3013005, 2.810996;1.032182, 0.07066984, 2.884097;0.8136151, 0.2744076, 2.926058;0.9673078, 0.3245696, 2.686188;0.8166791, -0.224269, 2.935381;0.9625869, -0.2098481, 2.557599;1.058202, 0.0254019, 2.9023;1.061206, -0.01927009, 2.948294;1.114292, -0.03320818, 2.885586;1.079169, -0.4168169, 2.990855;1.185593, -0.3948086, 2.661302;1.0689, -0.7224687, 2.991497;1.177519, -0.7049472, 2.591347;1.018623, -0.7909461, 2.93729;1.12584, -0.7767662, 2.534278;
0.7345623, 0.5570607, 2.775243;0.8869026, 0.3896652, 2.799105;1.044773, 0.1207998, 2.856847;0.8131269, 0.3104751, 2.933315;0.9692334, 0.3537947, 2.688536;0.819137, -0.2195744, 2.932319;0.9658257, -0.191712, 2.561243;1.076348, 0.06702676, 2.871692;1.076728, 0.005973098, 2.923278;1.134647, 0.02116187, 2.842451;1.078753, -0.4144341, 2.990198;1.183236, -0.4461481, 2.65217;1.069023, -0.7208984, 2.991212;1.173198, -0.7277269, 2.593678;1.014378, -0.7881584, 2.964476;1.124438, -0.7799126, 2.533169;
0.7412413, 0.5677829, 2.774842;0.8897643, 0.3969245, 2.800782;1.044409, 0.1263463, 2.856372;0.8147546, 0.3243576, 2.937367;0.9701666, 0.3625798, 2.689511;0.814908, -0.1994553, 2.934896;0.963311, -0.1827785, 2.56528;1.07543, 0.07247429, 2.87084;1.076924, 0.01032752, 2.922259;1.13357, 0.02554903, 2.840529;1.078551, -0.4117261, 2.988925;1.183137, -0.3889933, 2.663362;1.0692, -0.7209844, 2.991165;1.177168, -0.7044804, 2.590376;1.013428, -0.7889225, 2.964321;1.126031, -0.778373, 2.535209;
0.737399, 0.6072468, 2.785937;0.8720927, 0.4708456, 2.795126;1.033918, 0.1418813, 2.858399;0.8181772, 0.3355003, 2.944066;0.9740397, 0.3706711, 2.690207;0.8148587, -0.203456, 2.926451;0.9615296, -0.1648169, 2.570051;1.067415, 0.07967599, 2.873197;1.067094, 0.01721672, 2.926941;1.126928, 0.02887098, 2.840662;1.078682, -0.4116312, 2.988883;1.182122, -0.4385304, 2.654351;1.0692, -0.7211288, 2.990939;1.173559, -0.7195165, 2.594205;1.012904, -0.788995, 2.964324;1.125125, -0.7798631, 2.534301;
0.74617, 0.6217762, 2.789317;0.873302, 0.4817395, 2.797961;1.031975, 0.1584749, 2.855984;0.8218366, 0.3476992, 2.95001;0.9766086, 0.3848878, 2.694294;0.8197551, -0.1544705, 2.936161;0.9621093, -0.1538753, 2.5724;1.064343, 0.09386334, 2.870469;1.064541, 0.02367838, 2.927789;1.122764, 0.04852674, 2.829076;1.078371, -0.4104781, 2.988053;1.186824, -0.3982969, 2.662771;1.069404, -0.72172, 2.990708;1.17753, -0.7047981, 2.590295;1.012586, -0.7890151, 2.964589;1.12595, -0.7786611, 2.535216;
0.7657061, 0.6460287, 2.798941;0.8804138, 0.4983241, 2.801547;1.031238, 0.1631973, 2.855958;0.8279227, 0.3632371, 2.958147;0.9778571, 0.3977559, 2.696461;0.8180281, -0.1636116, 2.939631;0.9718599, -0.1157453, 2.577224;1.062693, 0.09748372, 2.870226;1.06126, 0.02842055, 2.927616;1.119943, 0.05127018, 2.828526;1.077825, -0.4089875, 2.987413;1.186217, -0.3973558, 2.662941;1.070651, -0.7221819, 2.990882;1.177505, -0.704801, 2.590266;1.012701, -0.7908155, 2.968971;1.125795, -0.7787141, 2.535224;
0.7722771, 0.6644468, 2.804269;0.8873608, 0.5155425, 2.801104;1.029656, 0.1701047, 2.8551;0.8368973, 0.3894047, 2.975304;0.9798391, 0.4077563, 2.699815;0.821426, -0.1529854, 2.940094;0.9704984, -0.1137977, 2.578098;1.059688, 0.1027174, 2.869297;1.056598, 0.03452148, 2.92708;1.114015, 0.05599986, 2.826724;1.076994, -0.408342, 2.987409;1.186252, -0.394066, 2.663816;1.07059, -0.7221825, 2.990844;1.177624, -0.7032824, 2.590276;1.012646, -0.7908862, 2.96946;1.127812, -0.7796873, 2.540041;
0.7794442, 0.6785008, 2.804861;0.8949074, 0.531524, 2.805077;1.029327, 0.1834426, 2.861463;0.8420091, 0.4023943, 2.980994;0.9806873, 0.4169547, 2.70209;0.8317354, -0.1478275, 2.94609;0.9717094, -0.1121714, 2.578873;1.057173, 0.1144602, 2.875911;1.053577, 0.04871467, 2.934087;1.107718, 0.06532765, 2.834408;1.076817, -0.4072899, 2.987256;1.185974, -0.3863104, 2.665245;1.070527, -0.722481, 2.990776;1.177576, -0.7031029, 2.589691;1.012954, -0.7904949, 2.969508;1.130953, -0.7791468, 2.541515;
0.7891228, 0.6881405, 2.808936;0.9005845, 0.5395902, 2.809713;1.027751, 0.1869256, 2.856447;0.8476102, 0.4078991, 2.978382;0.986626, 0.4277716, 2.705151;0.8381035, -0.1084038, 2.946391;0.9711473, -0.1099705, 2.578398;1.053315, 0.117846, 2.867585;1.047385, 0.05128595, 2.922544;1.100255, 0.0691902, 2.820777;1.07512, -0.4058025, 2.986825;1.186459, -0.3882217, 2.665422;1.069952, -0.7218214, 2.990554;1.177702, -0.7032916, 2.589595;1.013002, -0.7909313, 2.970477;1.129807, -0.7799177, 2.539781;
0.8033675, 0.7034996, 2.818032;0.9035177, 0.5447053, 2.810963;1.026026, 0.1928854, 2.853236;0.8569083, 0.423373, 2.98036;0.990644, 0.4346635, 2.706853;0.8393527, -0.09691754, 2.946774;0.9713423, -0.1100369, 2.580764;1.050515, 0.1234464, 2.863969;1.045492, 0.05430255, 2.92016;1.096363, 0.07438473, 2.81687;1.073798, -0.4042213, 2.98633;1.185164, -0.38218, 2.671882;1.068926, -0.7217472, 2.989995;1.178809, -0.7041738, 2.58974;1.01127, -0.79172, 2.968545;1.129522, -0.7797945, 2.540097;
0.8149408, 0.7160571, 2.822752;0.9141375, 0.5599172, 2.812127;1.022492, 0.2073237, 2.846666;0.8602583, 0.4297969, 2.982286;0.9959371, 0.4474724, 2.70944;0.83868, -0.0924122, 2.942293;0.9713567, -0.1102824, 2.582632;1.043997, 0.1380618, 2.856096;1.038936, 0.06405803, 2.915231;1.089587, 0.08292639, 2.807105;1.072193, -0.4022712, 2.98525;1.185405, -0.3803554, 2.673089;1.069432, -0.7215011, 2.99156;1.178744, -0.7041181, 2.589767;1.013909, -0.7908674, 2.969322;1.129579, -0.7798869, 2.540018;
0.82821, 0.7326968, 2.827237;0.9184769, 0.5648412, 2.814301;1.0227, 0.2123164, 2.841017;0.8643162, 0.4360495, 2.981664;1.000524, 0.4552293, 2.710343;0.8402584, -0.08844665, 2.943065;0.9699637, -0.1082852, 2.582849;1.043347, 0.1429658, 2.848503;1.035794, 0.06964002, 2.906719;1.088455, 0.09082039, 2.792454;1.06889, -0.3967635, 2.983636;1.185375, -0.3802651, 2.674437;1.068947, -0.7220619, 2.991178;1.178928, -0.7004951, 2.590419;1.013619, -0.7917329, 2.969125;1.134399, -0.7771856, 2.546113;
0.8357006, 0.7397698, 2.829566;0.9248029, 0.5731591, 2.819551;1.020579, 0.2218727, 2.839175;0.8712429, 0.4464261, 2.986145;1.005331, 0.4625011, 2.711146;0.8420442, -0.07953776, 2.945323;0.9746122, -0.08480436, 2.582275;1.03955, 0.1528311, 2.845718;1.03135, 0.0757115, 2.90728;1.085198, 0.09617271, 2.786543;1.067344, -0.392021, 2.982206;1.185274, -0.3792963, 2.675169;1.068874, -0.7234725, 2.991213;1.179091, -0.6997967, 2.590583;1.012848, -0.7912633, 2.968877;1.134124, -0.7773869, 2.545727;
0.8452315, 0.7522832, 2.832589;0.935644, 0.5913928, 2.823031;1.021096, 0.2276945, 2.836151;0.8746405, 0.4506537, 2.986181;1.012481, 0.4702794, 2.711489;0.8429931, -0.06976868, 2.944888;0.9751564, -0.08406223, 2.58451;1.039088, 0.1568978, 2.842339;1.028354, 0.08120613, 2.902171;1.084062, 0.1003622, 2.782663;1.066533, -0.3913727, 2.982127;1.184398, -0.3759083, 2.673095;1.068787, -0.7232692, 2.991213;1.179002, -0.6993209, 2.590586;1.01243, -0.7908164, 2.967962;1.12894, -0.7771361, 2.538778;
0.8585024, 0.7643636, 2.842613;0.9418531, 0.5999305, 2.825205;1.019331, 0.2363005, 2.836247;0.8781686, 0.4554165, 2.987118;1.017474, 0.4771305, 2.714247;0.8455243, -0.0615427, 2.943991;0.9777167, -0.08016602, 2.586606;1.035482, 0.1648471, 2.841957;1.020401, 0.09104139, 2.903236;1.08076, 0.1047076, 2.781306;1.06516, -0.3886892, 2.98141;1.182912, -0.3710485, 2.672501;1.068831, -0.7240388, 2.990968;1.179234, -0.6992737, 2.590434;1.009895, -0.7922995, 2.967669;1.129274, -0.7772372, 2.538609;
0.8637108, 0.7662134, 2.840893;0.9490145, 0.606443, 2.830528;1.018556, 0.2429585, 2.836494;0.8860677, 0.4663072, 2.982565;1.022214, 0.4819531, 2.715899;0.8469203, -0.05750448, 2.94343;0.9780926, -0.08006959, 2.583289;1.033121, 0.1715661, 2.841335;1.016852, 0.09703587, 2.901577;1.075493, 0.1146155, 2.780099;1.063518, -0.3854759, 2.980544;1.182071, -0.3689806, 2.672082;1.068842, -0.7235631, 2.991219;1.179501, -0.6997288, 2.590322;1.009773, -0.7918542, 2.967835;1.129166, -0.7772248, 2.538006;
0.8867935, 0.7957109, 2.862784;0.9562614, 0.6186494, 2.833862;1.017062, 0.2532497, 2.83631;0.8891909, 0.4709434, 2.982656;1.024776, 0.4866462, 2.717866;0.848617, -0.05144207, 2.941944;0.986687, -0.04903762, 2.581614;1.029841, 0.1811529, 2.840408;1.01303, 0.1040252, 2.90033;1.069888, 0.1250415, 2.778431;1.062326, -0.3833043, 2.980005;1.178946, -0.3579119, 2.677707;1.068724, -0.7236111, 2.991196;1.179724, -0.6995466, 2.590307;1.006595, -0.7931893, 2.966657;1.129148, -0.7769848, 2.537933;
0.8888867, 0.7952356, 2.863338;0.9591144, 0.6232617, 2.834889;1.015541, 0.2600228, 2.836345;0.8965764, 0.4805037, 2.982891;1.031761, 0.4940737, 2.721262;0.8516291, -0.04312775, 2.950025;0.9954956, -0.03278521, 2.581659;1.027025, 0.1881815, 2.840096;1.00995, 0.1085229, 2.90052;1.066424, 0.1303934, 2.777109;1.062055, -0.3816552, 2.978942;1.178115, -0.3549758, 2.67773;1.069461, -0.7233645, 2.991727;1.179647, -0.6999637, 2.590223;1.007257, -0.792383, 2.9668;1.129053, -0.77749, 2.537805;
0.8959647, 0.7992117, 2.86533;0.9689689, 0.6335149, 2.838608;1.015586, 0.2609836, 2.836536;0.9061689, 0.4941203, 2.998995;1.039188, 0.4998277, 2.721671;0.8555048, -0.03364066, 2.949389;0.9988781, -0.02783766, 2.580097;1.026679, 0.1885488, 2.840111;1.006929, 0.1121445, 2.897747;1.064475, 0.1328162, 2.778941;1.062204, -0.3804049, 2.978445;1.177256, -0.3498422, 2.680829;1.06876, -0.7236503, 2.992008;1.179686, -0.7006093, 2.590917;1.007888, -0.7922733, 2.967205;1.128838, -0.7777138, 2.537951;
0.9049423, 0.8003523, 2.868798;0.9801648, 0.6385915, 2.843102;1.016018, 0.2618273, 2.836815;0.9080319, 0.4952614, 3.000239;1.042109, 0.5025198, 2.721821;0.8567554, -0.03099764, 2.950053;0.9993672, -0.02124382, 2.579902;1.026482, 0.1888053, 2.840123;1.005622, 0.1137179, 2.895751;1.062488, 0.1344712, 2.780295;1.060595, -0.372744, 2.976207;1.174975, -0.3417868, 2.678902;1.068022, -0.7250005, 2.990676;1.179676, -0.7004919, 2.5909;1.007623, -0.7933082, 2.972375;1.128305, -0.7773937, 2.537982;
0.925312, 0.8065141, 2.868148;0.9904449, 0.6441729, 2.841879;1.017462, 0.2640049, 2.835866;0.9112243, 0.4958406, 3.001025;1.049462, 0.5075006, 2.723491;0.8579327, -0.02403421, 2.949162;1.00088, -0.01847551, 2.58006;1.026449, 0.1899091, 2.839173;1.004011, 0.115851, 2.893213;1.06196, 0.136173, 2.779705;1.059361, -0.3713517, 2.975349;1.173971, -0.3370679, 2.678658;1.068032, -0.725131, 2.990762;1.179737, -0.7001064, 2.591192;1.008583, -0.7914681, 2.970753;1.129054, -0.778663, 2.53994;
0.9326633, 0.8107741, 2.874419;0.9968698, 0.6508507, 2.84405;1.018351, 0.2679009, 2.835211;0.9168952, 0.4988064, 3.005229;1.057797, 0.5150598, 2.724837;0.8609071, -0.02108865, 2.950743;1.009334, -0.003257856, 2.581737;1.025737, 0.1928307, 2.837909;1.00098, 0.1204591, 2.889892;1.060569, 0.1394964, 2.779046;1.056924, -0.3632101, 2.973314;1.173849, -0.3372951, 2.678722;1.068389, -0.7249323, 2.990338;1.180292, -0.7005969, 2.591779;1.019163, -0.7910022, 2.922446;1.129564, -0.7776456, 2.53804;
0.9561832, 0.8186426, 2.881694;1.014982, 0.6566935, 2.855355;1.019965, 0.2723295, 2.835854;0.9436083, 0.5310326, 3.033369;1.074115, 0.5196797, 2.72391;0.8654827, -0.01057904, 2.951366;1.012605, -0.001416191, 2.581121;1.025092, 0.196824, 2.837324;0.9971099, 0.1300479, 2.885185;1.058407, 0.1442938, 2.779834;1.057356, -0.3625882, 2.973268;1.170459, -0.3285357, 2.678242;1.068409, -0.7247185, 2.990364;1.18052, -0.7006317, 2.591898;1.014268, -0.7927642, 2.964732;1.12991, -0.7784985, 2.539119;
0.9856912, 0.8314295, 2.881974;1.024583, 0.6596034, 2.854443;1.022269, 0.2757065, 2.835573;0.9449582, 0.5321044, 3.029788;1.078215, 0.5204015, 2.72558;0.8653588, -0.02399744, 2.952675;1.014661, 0.0004645288, 2.579487;1.025389, 0.1995632, 2.836655;0.9965407, 0.133093, 2.883939;1.057667, 0.1467271, 2.7799;1.057517, -0.3613622, 2.973077;1.169146, -0.3265069, 2.678554;1.068044, -0.725108, 2.99149;1.180523, -0.7003958, 2.591841;1.013519, -0.792387, 2.964996;1.129905, -0.7792323, 2.54041;
0.9870344, 0.8276821, 2.880258;1.033301, 0.6617035, 2.858825;1.026157, 0.2798334, 2.835467;0.9468539, 0.5325949, 3.027457;1.087211, 0.5263951, 2.728833;0.8671655, -0.02316847, 2.952507;1.017054, 0.005126441, 2.577464;1.027314, 0.203532, 2.835485;0.9971217, 0.1370818, 2.881637;1.058876, 0.1507227, 2.779148;1.057043, -0.3578231, 2.972369;1.168496, -0.3267548, 2.678018;1.068314, -0.7246847, 2.992242;1.181197, -0.7008377, 2.592461;1.013685, -0.7917519, 2.966807;1.130109, -0.7789981, 2.540345;
0.9896061, 0.829615, 2.881706;1.040754, 0.6650101, 2.86179;1.027992, 0.2822568, 2.83637;0.949751, 0.5333028, 3.027379;1.095256, 0.5292285, 2.73123;0.86962, -0.01940008, 2.948785;1.022359, 0.008828226, 2.576832;1.027849, 0.2055774, 2.835804;0.996719, 0.1390775, 2.881422;1.058917, 0.1525508, 2.779766;1.056816, -0.3564748, 2.97201;1.168208, -0.3264571, 2.678072;1.068823, -0.7266175, 2.992547;1.181063, -0.6974498, 2.592972;1.013486, -0.7918208, 2.966959;1.131198, -0.7770525, 2.541736;
0.9974803, 0.8312415, 2.881239;1.047908, 0.6661451, 2.861107;1.029397, 0.2829218, 2.836283;0.9529312, 0.5240499, 3.020346;1.098386, 0.5288863, 2.73147;0.8759226, -0.02015288, 2.951447;1.025553, 0.01177552, 2.576585;1.028224, 0.2060254, 2.835657;0.9964835, 0.1392997, 2.881349;1.059061, 0.1526674, 2.779652;1.056504, -0.3568678, 2.971659;1.167512, -0.3269692, 2.677569;1.067717, -0.724955, 2.991604;1.180942, -0.698186, 2.592859;1.01347, -0.7914311, 2.966759;1.13042, -0.7764904, 2.540142;
1.002081, 0.8326676, 2.88238;1.052259, 0.6671598, 2.861449;1.031363, 0.284441, 2.836593;0.9605194, 0.5340298, 3.015383;1.101051, 0.5298918, 2.732398;0.8841091, 0.003245953, 2.954696;1.02744, 0.01386413, 2.575845;1.029172, 0.2074579, 2.835741;0.9967753, 0.1406048, 2.881531;1.059231, 0.1532507, 2.779605;1.05617, -0.3563058, 2.971586;1.16687, -0.3269147, 2.677649;1.06752, -0.7249776, 2.991788;1.181001, -0.6982128, 2.592871;1.013511, -0.7913585, 2.96676;1.130559, -0.7776292, 2.541634;
1.036235, 0.8495882, 2.89454;1.056876, 0.6688215, 2.861578;1.03279, 0.2856832, 2.837072;0.9703032, 0.5456507, 3.01018;1.108335, 0.5307955, 2.733756;0.8846911, 0.004993923, 2.950419;1.029269, 0.01631565, 2.575599;1.029779, 0.2085824, 2.836075;0.9968305, 0.1425954, 2.881789;1.059316, 0.1539528, 2.780032;1.055356, -0.3550631, 2.97117;1.165776, -0.3270263, 2.678092;1.066176, -0.7262961, 2.990937;1.181091, -0.698936, 2.592331;1.011456, -0.791026, 2.965799;1.130391, -0.7781237, 2.540884;
1.033736, 0.8392445, 2.891147;1.066371, 0.6687552, 2.863991;1.034829, 0.2855278, 2.837578;0.9849514, 0.5529859, 2.987148;1.111814, 0.5303874, 2.735088;0.8913782, 0.006462673, 2.953019;1.031174, 0.01876372, 2.575217;1.030476, 0.2085339, 2.836242;0.9973134, 0.143091, 2.881781;1.059326, 0.1539439, 2.780147;1.054734, -0.3552083, 2.971022;1.164926, -0.3277254, 2.67787;1.06658, -0.7259204, 2.991498;1.181212, -0.6994018, 2.592462;1.011675, -0.7908434, 2.966211;1.130305, -0.7783027, 2.540663;
1.035685, 0.8387527, 2.891757;1.073507, 0.6691068, 2.864607;1.036524, 0.2855186, 2.838148;0.9859051, 0.5532782, 2.986726;1.118796, 0.5300856, 2.737172;0.8989401, 0.007360824, 2.955578;1.034308, 0.02249117, 2.575189;1.031047, 0.2085457, 2.836555;0.9973925, 0.1435475, 2.881925;1.059422, 0.1538781, 2.780549;1.054555, -0.3553314, 2.970906;1.16402, -0.3275422, 2.677408;1.066383, -0.7268307, 2.991842;1.181335, -0.6996966, 2.592379;1.012576, -0.7908003, 2.967172;1.13007, -0.7785317, 2.540739;
1.039061, 0.8389578, 2.894502;1.080164, 0.6698191, 2.866805;1.039684, 0.2850018, 2.837807;0.98421, 0.5239923, 2.985749;1.127553, 0.5331391, 2.739783;0.9034268, 0.006229997, 2.954441;1.037345, 0.02339141, 2.576733;1.033005, 0.2080145, 2.835908;0.9977836, 0.1432538, 2.880706;1.061089, 0.1538216, 2.780394;1.054415, -0.3558562, 2.971;1.162467, -0.327222, 2.676951;1.066023, -0.7235564, 2.99166;1.181347, -0.699662, 2.592447;1.013067, -0.7902586, 2.966599;1.130071, -0.7782751, 2.540368;
1.046226, 0.84024, 2.89715;1.087061, 0.6707674, 2.868364;1.042056, 0.2839652, 2.838478;0.9845124, 0.5224492, 2.988076;1.12935, 0.5334222, 2.741001;0.9115236, 0.007161461, 2.958203;1.042269, 0.02506732, 2.579;1.034388, 0.2068968, 2.836311;0.997945, 0.1433073, 2.880251;1.062643, 0.1539172, 2.782422;1.054451, -0.3563011, 2.97113;1.16145, -0.3270725, 2.676485;1.066162, -0.7237827, 2.991771;1.181328, -0.6995652, 2.592217;1.012805, -0.7905833, 2.966948;1.129682, -0.7780966, 2.540262;
1.053417, 0.8409201, 2.899762;1.089227, 0.6699806, 2.868713;1.043575, 0.28273, 2.838636;0.9864377, 0.5209308, 2.990357;1.13457, 0.5312101, 2.742032;0.9157906, 0.008502314, 2.960241;1.044834, 0.02599881, 2.580352;1.035462, 0.2056052, 2.836343;0.9981141, 0.1429865, 2.879593;1.063483, 0.153319, 2.783163;1.054475, -0.3570411, 2.971196;1.160461, -0.3262026, 2.676347;1.06616, -0.7236459, 2.99188;1.181147, -0.6992993, 2.591944;1.012948, -0.7900491, 2.966904;1.129072, -0.7774018, 2.539647;
1.066379, 0.846333, 2.908203;1.095438, 0.6706734, 2.871094;1.045705, 0.2822573, 2.838759;0.9897486, 0.5184503, 2.995215;1.138987, 0.5305623, 2.743137;0.9168589, 0.009020873, 2.95993;1.048492, 0.02749787, 2.582422;1.036806, 0.2050174, 2.836177;0.9985005, 0.1431652, 2.878719;1.064737, 0.1531849, 2.78348;1.054315, -0.357262, 2.971176;1.159316, -0.3264631, 2.676017;1.06626, -0.7240399, 2.99131;1.181209, -0.7001029, 2.591906;1.012734, -0.790177, 2.966721;1.128935, -0.7777534, 2.53903;
1.071331, 0.8451213, 2.918551;1.098858, 0.6697305, 2.872548;1.047472, 0.2804112, 2.839826;0.9940344, 0.5157545, 3.005368;1.141563, 0.5284718, 2.745084;0.9189819, 0.009732308, 2.962349;1.050246, 0.02676068, 2.584674;1.038056, 0.2029314, 2.837051;0.9988332, 0.1425746, 2.878581;1.065538, 0.1519541, 2.785139;1.054423, -0.358216, 2.971413;1.15917, -0.3264221, 2.675925;1.067219, -0.7240967, 2.991713;1.181056, -0.7000149, 2.591683;1.013444, -0.7895603, 2.966922;1.128687, -0.777651, 2.538776;
1.073644, 0.8407369, 2.921788;1.102509, 0.6690094, 2.874858;1.049435, 0.2792769, 2.841345;0.9952078, 0.515501, 3.006127;1.143806, 0.5274556, 2.746997;0.9203466, 0.01035699, 2.963244;1.053036, 0.02595169, 2.588317;1.039487, 0.2017203, 2.838285;0.9995682, 0.1417738, 2.879017;1.066525, 0.1512968, 2.786572;1.054917, -0.3595289, 2.971802;1.158522, -0.3276551, 2.675283;1.066485, -0.7229888, 2.990563;1.18258, -0.7023296, 2.59282;1.014134, -0.7892116, 2.967081;1.128486, -0.7780477, 2.538787;
1.074239, 0.840101, 2.921978;1.105083, 0.6684985, 2.876161;1.051077, 0.279457, 2.842657;0.9979317, 0.5152902, 3.004708;1.148677, 0.5273192, 2.74946;0.9214328, 0.01095273, 2.964095;1.059677, 0.02649245, 2.593069;1.040754, 0.2019223, 2.839458;1.000216, 0.1418283, 2.879828;1.067516, 0.1513629, 2.787601;1.055304, -0.3601236, 2.972096;1.158312, -0.3284583, 2.674925;1.067467, -0.7256777, 2.991894;1.182508, -0.7019331, 2.592826;1.013625, -0.7895729, 2.966955;1.128431, -0.7783748, 2.539727;
1.077514, 0.8396198, 2.920606;1.108025, 0.6681466, 2.8775;1.053172, 0.279512, 2.844447;1.012521, 0.5330811, 3.009344;1.150269, 0.5266012, 2.750721;0.9273386, 0.009565346, 2.971273;1.06341, 0.01826091, 2.596672;1.042531, 0.2019859, 2.84124;1.002663, 0.1422901, 2.881866;1.068221, 0.1512814, 2.789049;1.056026, -0.3606944, 2.972334;1.158291, -0.3284902, 2.674943;1.067511, -0.7256008, 2.991732;1.183009, -0.7030886, 2.593166;1.01362, -0.7895516, 2.966942;1.128445, -0.7787391, 2.539358;
1.077766, 0.8387643, 2.920079;1.112884, 0.6684