1.04395, 0.8147881, 2.923386;1.097837, 0.6471198, 2.894254;1.049534, 0.2538416, 2.859129;1.010301, 0.5132958, 3.070594;1.147323, 0.5146762, 2.772275;0.9126788, -0.1183087, 2.994405;1.130715, -0.04835737, 2.598239;1.039873, 0.175186, 2.855668;1.001577, 0.1140875, 2.902179;1.063237, 0.1147086, 2.79546;1.042871, -0.3588693, 2.976139;1.143692, -0.3362823, 2.685619;1.069632, -0.7180436, 3.002542;1.193677, -0.7013767, 2.609581;1.016398, -0.7829135, 2.968348;1.152142, -0.7730392, 2.56559;
1.043593, 0.8158531, 2.924402;1.096736, 0.6471149, 2.893395;1.049439, 0.2537996, 2.859147;1.010298, 0.5132885, 3.070587;1.147352, 0.5147529, 2.772464;0.9110873, -0.1375243, 2.977247;1.133186, -0.03709996, 2.600923;1.039845, 0.175155, 2.855755;1.001562, 0.113995, 2.902308;1.063235, 0.1146593, 2.795538;1.042595, -0.3589594, 2.976017;1.143744, -0.3362293, 2.685469;1.067366, -0.7188915, 3.001507;1.192453, -0.7024359, 2.607733;1.015821, -0.7828281, 2.968792;1.151543, -0.7734749, 2.566905;
1.044294, 0.8164594, 2.926603;1.096732, 0.6472002, 2.893337;1.04942, 0.2537736, 2.859088;1.010622, 0.5139437, 3.071154;1.146943, 0.5145987, 2.772745;0.9105811, -0.1378396, 2.978407;1.133224, -0.03524832, 2.60009;1.039818, 0.175094, 2.8557;1.001606, 0.1140729, 2.902203;1.063121, 0.1145949, 2.795621;1.042429, -0.3589976, 2.975973;1.14355, -0.3346294, 2.685512;1.065753, -0.7196423, 2.9994;1.191948, -0.7016336, 2.607422;1.014254, -0.7833779, 2.968315;1.151813, -0.7735067, 2.567457;
1.043921, 0.8177693, 2.926672;1.096715, 0.6473688, 2.893216;1.049365, 0.2540333, 2.859326;1.010717, 0.514114, 3.071191;1.146625, 0.5148066, 2.772682;0.9133528, -0.1339086, 2.982834;1.132295, -0.03308992, 2.598407;1.039766, 0.1753803, 2.856071;1.001741, 0.114659, 2.902524;1.062895, 0.1153862, 2.796769;1.042249, -0.3591017, 2.975502;1.143033, -0.333448, 2.68546;1.065665, -0.719726, 2.999085;1.191412, -0.7007806, 2.607164;1.016293, -0.7897231, 2.943717;1.151642, -0.7734075, 2.567734;
1.043754, 0.8180081, 2.927544;1.096327, 0.6476167, 2.89333;1.049209, 0.2541294, 2.85953;1.010582, 0.5140387, 3.072208;1.146632, 0.5148405, 2.772768;0.9120174, -0.1329058, 2.981405;1.132109, -0.03294322, 2.598385;1.03965, 0.175455, 2.856299;1.001667, 0.1147674, 2.902654;1.06283, 0.115563, 2.797193;1.041272, -0.3596179, 2.974834;1.142989, -0.3328637, 2.685726;1.064756, -0.7186851, 2.99752;1.191208, -0.7007639, 2.606945;1.010979, -0.787448, 2.954082;1.149923, -0.7735596, 2.568002;
1.042924, 0.8180599, 2.928988;1.095917, 0.6479365, 2.893861;1.049188, 0.2541218, 2.859549;1.010666, 0.5144434, 3.072725;1.1463, 0.5149828, 2.773248;0.9108378, -0.1337748, 2.982102;1.133046, -0.02994887, 2.598719;1.039648, 0.1754373, 2.856296;1.001772, 0.1149069, 2.902513;1.062829, 0.1155949, 2.79728;1.041285, -0.3594638, 2.974822;1.142996, -0.3329788, 2.685776;1.064906, -0.7190402, 2.995833;1.191082, -0.7025288, 2.606583;1.010326, -0.7872074, 2.956263;1.149407, -0.7736055, 2.568019;
1.042875, 0.8180052, 2.929111;1.0967, 0.6491294, 2.895266;1.049137, 0.2539549, 2.860091;1.010713, 0.51432, 3.072237;1.146212, 0.5153376, 2.77356;0.9106734, -0.1333385, 2.982176;1.133091, -0.0296647, 2.598676;1.039516, 0.1750772, 2.856833;1.001745, 0.1148726, 2.9026;1.062608, 0.1157094, 2.798489;1.041223, -0.3595662, 2.974939;1.142846, -0.33103, 2.685642;1.063476, -0.7182062, 2.995279;1.191131, -0.7027201, 2.60654;1.008154, -0.7892271, 2.968933;1.149495, -0.7736599, 2.568042;
1.043586, 0.8198934, 2.936051;1.096605, 0.6493711, 2.89527;1.049119, 0.2541138, 2.860074;1.010746, 0.514092, 3.0725;1.146014, 0.5161613, 2.774141;0.9090106, -0.138523, 2.983531;1.133211, -0.02959953, 2.598644;1.039515, 0.1752112, 2.856802;1.001753, 0.1148654, 2.902627;1.06259, 0.1159869, 2.798185;1.041494, -0.3605461, 2.975079;1.142771, -0.3309715, 2.685624;1.062997, -0.7187067, 2.994398;1.191055, -0.7026066, 2.606698;1.008695, -0.7890894, 2.968726;1.14966, -0.773646, 2.567867;
1.043511, 0.819881, 2.936125;1.096813, 0.6494878, 2.895097;1.049478, 0.254657, 2.85928;1.010357, 0.5132125, 3.074183;1.145955, 0.5161895, 2.774221;0.9100195, -0.139054, 2.984827;1.133022, -0.02821784, 2.599227;1.039927, 0.1758701, 2.855771;1.002155, 0.1153701, 2.901455;1.063127, 0.1169594, 2.79679;1.041622, -0.3602278, 2.97508;1.142651, -0.3307359, 2.685647;1.060338, -0.7190705, 2.99211;1.191145, -0.7029008, 2.607909;1.010881, -0.7892425, 2.969862;1.15243, -0.7748941, 2.57234;
1.042734, 0.8182474, 2.930867;1.096784, 0.6495984, 2.895201;1.049171, 0.2544879, 2.860064;1.01038, 0.5135178, 3.074927;1.145962, 0.5161911, 2.774409;0.9094237, -0.1432791, 2.985603;1.132258, -0.03281688, 2.598866;1.039528, 0.175542, 2.856801;1.001541, 0.1138026, 2.902814;1.062668, 0.1175915, 2.798307;1.041622, -0.3602236, 2.975095;1.143067, -0.331403, 2.685572;1.060418, -0.7191872, 2.992163;1.190977, -0.7025747, 2.607631;1.01075, -0.7885054, 2.969373;1.152005, -0.7749152, 2.572297;
1.043526, 0.8193964, 2.932649;1.096526, 0.6496111, 2.895329;1.048936, 0.2543484, 2.860531;1.010671, 0.5134521, 3.075028;1.145277, 0.5164018, 2.775192;0.9112434, -0.1450178, 2.989443;1.132303, -0.03172228, 2.599008;1.039318, 0.1753533, 2.857334;1.001572, 0.1127013, 2.903665;1.062234, 0.118204, 2.798972;1.041629, -0.3602242, 2.975082;1.14307, -0.3313814, 2.68558;1.060662, -0.719029, 2.992741;1.191151, -0.7028834, 2.607538;1.010977, -0.7876812, 2.969282;1.152116, -0.774933, 2.572164;
1.043984, 0.8193142, 2.934352;1.096623, 0.6496186, 2.895464;1.048927, 0.2544174, 2.860604;1.010596, 0.5135987, 3.077293;1.145319, 0.5162996, 2.775269;0.9120154, -0.1371715, 2.987068;1.132287, -0.03164202, 2.599002;1.039297, 0.1754308, 2.85739;1.001481, 0.1124113, 2.903709;1.06222, 0.1189382, 2.799019;1.041884, -0.3606822, 2.975506;1.143589, -0.3318002, 2.685348;1.060608, -0.7187412, 2.993009;1.189843, -0.7021712, 2.606637;1.00985, -0.7874303, 2.970315;1.151609, -0.7753089, 2.572255;
1.043173, 0.8183942, 2.93139;1.096623, 0.6496947, 2.895437;1.048936, 0.2547263, 2.860627;1.010606, 0.5136015, 3.077436;1.145106, 0.5164806, 2.775579;0.9374636, -0.03442214, 3.013419;1.132661, -0.0297192, 2.599123;1.039317, 0.1757972, 2.857414;1.001518, 0.1121141, 2.903907;1.062188, 0.1198535, 2.798528;1.042041, -0.3602068, 2.975501;1.143371, -0.3311499, 2.685618;1.060975, -0.7196901, 2.99319;1.189617, -0.7022038, 2.606588;1.00983, -0.786831, 2.969957;1.151235, -0.7754891, 2.572603;
1.042587, 0.8183288, 2.931061;1.096558, 0.6496727, 2.895453;1.048718, 0.254272, 2.86158;1.010796, 0.5132211, 3.077539;1.14508, 0.516436, 2.775605;0.9372554, -0.03340336, 3.012478;1.133132, -0.02920978, 2.599101;1.039088, 0.175179, 2.85868;1.001413, 0.1112742, 2.905084;1.061968, 0.1198319, 2.800249;1.041982, -0.3602248, 2.975451;1.143528, -0.330831, 2.685609;1.060848, -0.7200103, 2.992975;1.189144, -0.7031385, 2.605699;1.008958, -0.7861117, 2.968641;1.150717, -0.7759234, 2.572554;
1.043155, 0.819234, 2.935996;1.096817, 0.6501859, 2.895286;1.048757, 0.2542744, 2.862362;1.010815, 0.5133458, 3.077324;1.14513, 0.5163738, 2.775556;0.9371625, -0.03299586, 3.011405;1.133297, -0.02845497, 2.599298;1.039081, 0.1750404, 2.859807;1.001316, 0.1110227, 2.906151;1.062094, 0.1200924, 2.802037;1.041981, -0.3602957, 2.975385;1.143584, -0.3311304, 2.68552;1.060647, -0.7205724, 2.993437;1.189223, -0.7030197, 2.605871;1.00936, -0.7861772, 2.968882;1.151098, -0.7754819, 2.572062;
1.042896, 0.8187627, 2.935019;1.096854, 0.6499257, 2.895205;1.048739, 0.254058, 2.862214;1.010798, 0.5132221, 3.076681;1.145222, 0.5163459, 2.775617;0.9176235, -0.12403, 2.989051;1.133739, -0.02806311, 2.599187;1.039055, 0.1748185, 2.859595;1.001196, 0.110539, 2.905426;1.062129, 0.1201738, 2.80199;1.041833, -0.3605316, 2.975266;1.143221, -0.3300606, 2.685445;1.060847, -0.7209555, 2.993827;1.188966, -0.6978384, 2.605645;1.010605, -0.7867644, 2.971525;1.150146, -0.7749102, 2.571594;
1.043581, 0.8187513, 2.938028;1.096589, 0.6494236, 2.894946;1.04876, 0.254364, 2.862117;1.010913, 0.5130919, 3.076783;1.145312, 0.5162804, 2.775844;0.9348916, -0.04278047, 3.003122;1.13405, -0.02807924, 2.59911;1.039153, 0.1754617, 2.859438;1.001242, 0.1104639, 2.905495;1.062253, 0.121086, 2.801053;1.041842, -0.3605544, 2.975246;1.143279, -0.3296898, 2.685414;1.061273, -0.7207511, 2.99406;1.188722, -0.6937865, 2.605992;1.010261, -0.786386, 2.971281;1.149328, -0.7738793, 2.571896;
1.043639, 0.8189671, 2.938439;1.096645, 0.6494327, 2.895253;1.048802, 0.2545084, 2.862606;1.011152, 0.513781, 3.07737;1.145577, 0.5163008, 2.775748;0.9339008, -0.04536255, 3.000877;1.1352, -0.0317001, 2.599039;1.039192, 0.1756188, 2.859905;1.001253, 0.1105496, 2.905838;1.062342, 0.1212626, 2.801616;1.042253, -0.3597178, 2.975249;1.143354, -0.3297876, 2.685468;1.061496, -0.71907, 2.994372;1.188527, -0.6939676, 2.605684;1.010309, -0.786334, 2.971346;1.149036, -0.77303, 2.570427;
1.04226, 0.8167809, 2.935026;1.096682, 0.6490359, 2.895321;1.04884, 0.2544946, 2.862595;1.011283, 0.513787, 3.077207;1.145789, 0.5162757, 2.775726;0.9336193, -0.04676691, 2.999437;1.13539, -0.0325302, 2.598951;1.039244, 0.1756255, 2.859878;1.001324, 0.1104797, 2.905766;1.062474, 0.121396, 2.801579;1.042274, -0.3599899, 2.975187;1.143442, -0.3293247, 2.685791;1.061107, -0.7197284, 2.994217;1.188846, -0.6948153, 2.605933;1.010249, -0.7863519, 2.971195;1.149131, -0.7730141, 2.570345;
1.042245, 0.8166389, 2.934943;1.096827, 0.649136, 2.895982;1.049043, 0.2548896, 2.862795;1.011255, 0.5127341, 3.078064;1.145827, 0.5162109, 2.77575;0.9341949, -0.0472633, 3.00093;1.136068, -0.03370301, 2.59844;1.039478, 0.1761048, 2.859985;1.001474, 0.1104013, 2.905989;1.062682, 0.1217518, 2.801251;1.042987, -0.3604765, 2.975443;1.143461, -0.3291882, 2.685925;1.061167, -0.7202668, 2.993816;1.188793, -0.694352, 2.606801;1.012983, -0.7907821, 2.954755;1.14941, -0.7733061, 2.571032;
1.041581, 0.8156795, 2.932777;1.097047, 0.6492386, 2.896221;1.04922, 0.2548802, 2.862956;1.011273, 0.5127575, 3.07783;1.145926, 0.5162099, 2.775546;0.917079, -0.117265, 2.985045;1.136593, -0.03473275, 2.597991;1.039643, 0.1760738, 2.860107;1.001589, 0.1103798, 2.90604;1.062968, 0.1218544, 2.801482;1.043048, -0.3605321, 2.975515;1.143476, -0.3292506, 2.685922;1.060512, -0.7195369, 2.993799;1.188965, -0.695268, 2.606589;1.014878, -0.7900979, 2.951803;1.14933, -0.7734045, 2.571044;
1.041775, 0.8160813, 2.933173;1.096941, 0.6492169, 2.896581;1.049431, 0.255252, 2.863073;1.011336, 0.5127408, 3.077794;1.145805, 0.5159637, 2.7756;0.9167511, -0.1193856, 2.984808;1.137548, -0.03575309, 2.598074;1.039972, 0.1766017, 2.860152;1.002052, 0.1101363, 2.906447;1.063231, 0.1223062, 2.800854;1.043183, -0.3617503, 2.975901;1.143179, -0.3289794, 2.685925;1.060466, -0.7195187, 2.993822;1.188869, -0.6955942, 2.606557;1.016618, -0.7919488, 2.975017;1.150167, -0.773159, 2.569997;
1.041692, 0.8158213, 2.932294;1.096931, 0.6490287, 2.896519;1.049603, 0.2555437, 2.863017;1.01132, 0.5126802, 3.077798;1.146158, 0.5159754, 2.775403;0.9369367, -0.04290504, 3.00494;1.137894, -0.03694685, 2.597811;1.040238, 0.1771046, 2.860063;1.002115, 0.1101501, 2.906478;1.063604, 0.1226967, 2.800462;1.043258, -0.3614657, 2.976099;1.143385, -0.3293436, 2.685974;1.060351, -0.7193845, 2.993409;1.189351, -0.6971181, 2.60706;1.012259, -0.7907085, 2.971552;1.150514, -0.7730584, 2.56975;
1.040633, 0.8131059, 2.926362;1.097121, 0.6484396, 2.896341;1.049699, 0.255537, 2.863158;1.011345, 0.5127673, 3.077723;1.146693, 0.515679, 2.774757;0.9350406, -0.04595104, 3.001714;1.138242, -0.03725829, 2.59747;1.040344, 0.1771489, 2.860273;1.002176, 0.1102, 2.90673;1.063773, 0.122643, 2.800759;1.043224, -0.361481, 2.976134;1.143371, -0.3293141, 2.685971;1.061604, -0.7200497, 2.995025;1.189324, -0.6973792, 2.607231;1.012691, -0.7892853, 2.971413;1.150193, -0.7734438, 2.570588;
1.040297, 0.8133491, 2.926688;1.096848, 0.648213, 2.896551;1.049756, 0.2556455, 2.86318;1.011415, 0.5127509, 3.077553;1.146715, 0.5156599, 2.774817;0.9342608, -0.04730613, 3.000338;1.138741, -0.03712634, 2.597156;1.040468, 0.1773461, 2.860268;1.002332, 0.110121, 2.906832;1.063935, 0.1228612, 2.800509;1.043176, -0.3617059, 2.97627;1.143526, -0.3296735, 2.685733;1.061521, -0.7198617, 2.995178;1.189459, -0.6987793, 2.606529;1.011992, -0.786404, 2.969003;1.150344, -0.7743697, 2.571503;
1.040179, 0.813327, 2.926597;1.097044, 0.6481645, 2.896722;1.050036, 0.2560752, 2.863305;1.01144, 0.512574, 3.077505;1.146806, 0.515599, 2.774857;0.9342933, -0.04764539, 3.000765;1.139099, -0.03635111, 2.596964;1.040761, 0.1778998, 2.860356;1.002497, 0.1100969, 2.907192;1.064172, 0.1231097, 2.800128;1.043423, -0.3614203, 2.976176;1.14403, -0.3312378, 2.685517;1.061563, -0.7206913, 2.995102;1.189048, -0.6982786, 2.606517;1.014414, -0.7875941, 2.955457;1.150215, -0.7746197, 2.571567;
1.04015, 0.8132019, 2.926795;1.097129, 0.6480718, 2.896728;1.0501, 0.2559388, 2.863426;1.011359, 0.5109516, 3.077891;1.147112, 0.5156361, 2.774841;0.9329716, -0.04917395, 2.997806;1.139244, -0.03669418, 2.596841;1.040813, 0.1777302, 2.860501;1.002501, 0.1100627, 2.907223;1.064327, 0.1229403, 2.800532;1.043458, -0.3614179, 2.976166;1.144012, -0.3311838, 2.685416;1.061848, -0.7209942, 2.994654;1.189354, -0.7009308, 2.606872;1.011972, -0.7874337, 2.958153;1.147328, -0.7756631, 2.567902;
1.040297, 0.8135456, 2.927741;1.097082, 0.6481305, 2.896817;1.050109, 0.2559415, 2.863412;1.011561, 0.5115028, 3.077925;1.147218, 0.5156402, 2.77484;0.931433, -0.04925063, 2.993973;1.140412, -0.03511679, 2.596733;1.040835, 0.1777242, 2.860466;1.002566, 0.1100304, 2.907092;1.064388, 0.1230326, 2.800515;1.04347, -0.3614521, 2.976177;1.144396, -0.3320475, 2.684964;1.060703, -0.7197825, 2.994841;1.18903, -0.7005284, 2.60657;1.018779, -0.7889556, 2.948847;1.137585, -0.7773845, 2.556729;
1.040289, 0.8134714, 2.927812;1.097081, 0.6475906, 2.895866;1.050222, 0.2560153, 2.863317;1.011613, 0.5114915, 3.077744;1.147517, 0.5156291, 2.774973;0.9126033, -0.1293309, 2.978043;1.140894, -0.03658325, 2.596664;1.040978, 0.1778551, 2.86041;1.002669, 0.1099441, 2.907217;1.064607, 0.1230613, 2.800287;1.043345, -0.3618098, 2.976121;1.144902, -0.3331068, 2.684788;1.060212, -0.7195903, 2.994765;1.188569, -0.7012215, 2.605849;0.9837807, -0.7557206, 2.959997;1.136209, -0.77659, 2.554578;
1.040121, 0.813535, 2.927762;1.09705, 0.647531, 2.895905;1.050259, 0.2557606, 2.863432;1.011586, 0.5108688, 3.078077;1.147936, 0.5152708, 2.774648;0.9312077, -0.04936292, 2.993938;1.141408, -0.03529237, 2.595946;1.041031, 0.1775192, 2.860547;1.002687, 0.1098408, 2.907208;1.064779, 0.1227859, 2.800732;1.042647, -0.3625882, 2.975992;1.145009, -0.3330972, 2.684505;1.060333, -0.7201269, 2.995701;1.187511, -0.7014747, 2.605635;1.023236, -0.7883856, 2.977677;1.136103, -0.7776539, 2.554394;
1.040048, 0.8143176, 2.930724;1.097033, 0.6475848, 2.895954;1.050299, 0.2560277, 2.863485;1.011837, 0.511833, 3.081197;1.147941, 0.5151838, 2.774778;0.9306964, -0.04982337, 2.992223;1.142189, -0.03505012, 2.595863;1.041079, 0.1778346, 2.86059;1.002729, 0.1098588, 2.907277;1.064776, 0.1230894, 2.800647;1.042684, -0.3628224, 2.976009;1.145267, -0.333406, 2.684344;1.063551, -0.7255043, 2.999342;1.186808, -0.7041288, 2.60525;1.02223, -0.7878169, 2.975993;1.161958, -0.787992, 2.561114;
1.039853, 0.8142478, 2.930541;1.096571, 0.6476289, 2.896956;1.050395, 0.2570437, 2.864305;1.011632, 0.5121669, 3.079395;1.148441, 0.5155803, 2.775248;0.9306242, -0.04985639, 2.992173;1.142302, -0.03502164, 2.596032;1.041291, 0.1791285, 2.861416;1.002794, 0.1102583, 2.908652;1.064926, 0.1233399, 2.800619;1.042602, -0.3626618, 2.976152;1.145553, -0.3352248, 2.684046;1.063195, -0.7238867, 2.99812;1.187106, -0.7048174, 2.605367;1.018962, -0.7880316, 2.975841;1.142744, -0.7837594, 2.551822;
1.03979, 0.8143064, 2.93049;1.096479, 0.6473686, 2.896921;1.050453, 0.2567899, 2.864095;1.011281, 0.5112622, 3.079557;1.149184, 0.5154095, 2.775085;0.9078556, -0.1309011, 2.969437;1.142672, -0.03382757, 2.596384;1.041379, 0.1788335, 2.861136;1.002747, 0.1099642, 2.908043;1.065177, 0.1232849, 2.800544;1.042781, -0.3623986, 2.975875;1.145404, -0.3347421, 2.684006;1.062635, -0.7217358, 2.998711;1.18688, -0.7045524, 2.605284;1.018764, -0.7878768, 2.975928;1.140785, -0.7817217, 2.55033;
1.039453, 0.8144308, 2.930617;1.096558, 0.6476601, 2.897855;1.050507, 0.2569787, 2.864131;1.011518, 0.511239, 3.07991;1.149191, 0.5151076, 2.775387;0.9074868, -0.1318357, 2.968833;1.142842, -0.03421699, 2.596333;1.041428, 0.1790202, 2.861092;1.002782, 0.1099958, 2.908036;1.065213, 0.1235393, 2.80027;1.042602, -0.3618105, 2.975723;1.145409, -0.3346719, 2.683873;1.062608, -0.7195455, 2.996317;1.187284, -0.7049621, 2.605587;1.013463, -0.7888592, 2.976917;1.139082, -0.7811766, 2.550653;
1.03918, 0.8149478, 2.929381;1.096793, 0.6480362, 2.898017;1.0505, 0.2570515, 2.8647;1.0108, 0.5105676, 3.08634;1.149375, 0.5151167, 2.775349;0.9072364, -0.1336772, 2.969214;1.142772, -0.03368349, 2.596441;1.041346, 0.1790041, 2.861789;1.002643, 0.1101748, 2.908415;1.065224, 0.1238168, 2.802122;1.042672, -0.361578, 2.975409;1.145146, -0.3347232, 2.684075;1.062347, -0.7202672, 2.996423;1.188101, -0.7059305, 2.606012;1.010749, -0.7886864, 2.977529;1.139455, -0.7826824, 2.551896;
1.039066, 0.8152199, 2.929904;1.096685, 0.6481615, 2.898644;1.050573, 0.25676, 2.864537;1.011025, 0.510825, 3.084121;1.149717, 0.5151644, 2.775475;0.9075621, -0.135065, 2.971216;1.143473, -0.03332698, 2.596344;1.041482, 0.1784527, 2.861351;1.002787, 0.1098689, 2.907318;1.065438, 0.1237233, 2.801979;1.042538, -0.3618375, 2.975445;1.145159, -0.3347003, 2.684023;1.061731, -0.7199271, 2.996181;1.188249, -0.7067041, 2.606582;1.011791, -0.7881979, 2.976444;1.13808, -0.7825839, 2.552304;
1.039031, 0.8156349, 2.930719;1.09655, 0.6482476, 2.898738;1.050617, 0.2566334, 2.864503;1.010806, 0.5104167, 3.083473;1.14961, 0.5152379, 2.775626;0.9301955, -0.05085833, 2.99264;1.143371, -0.03327386, 2.59632;1.041577, 0.1782268, 2.86127;1.002935, 0.1097569, 2.9071;1.065568, 0.1237317, 2.802;1.04307, -0.3622722, 2.976379;1.145075, -0.3345097, 2.68403;1.061717, -0.7189929, 2.996349;1.18821, -0.7068451, 2.606528;1.011966, -0.7879218, 2.976274;1.137389, -0.7821227, 2.551631;
1.038993, 0.8155284, 2.930452;1.096512, 0.6482564, 2.898599;1.050556, 0.256442, 2.86461;1.010747, 0.5104802, 3.083232;1.149737, 0.515053, 2.775465;0.9291189, -0.0496143, 2.989557;1.143941, -0.03397321, 2.596533;1.041484, 0.1779427, 2.861466;1.002853, 0.1096558, 2.907206;1.06555, 0.1235068, 2.802417;1.042825, -0.3634954, 2.976902;1.145177, -0.3349968, 2.683759;1.061437, -0.7203131, 2.99299;1.188117, -0.707284, 2.606352;1.009763, -0.787779, 2.973983;1.111079, -0.7437494, 2.571114;
1.039544, 0.8162199, 2.932151;1.096197, 0.6482524, 2.898438;1.050574, 0.2562709, 2.864449;1.010849, 0.5108589, 3.081908;1.149684, 0.5149494, 2.775698;0.9293426, -0.04974081, 2.989901;1.144087, -0.03367345, 2.596613;1.041558, 0.1777198, 2.861268;1.003056, 0.1095417, 2.906773;1.065619, 0.1235103, 2.802402;1.042717, -0.3634708, 2.976778;1.14513, -0.3343627, 2.684003;1.062773, -0.7224395, 2.994023;1.187516, -0.7085449, 2.606643;1.009664, -0.7873427, 2.972967;1.110552, -0.7450173, 2.571281;
1.039285, 0.81622, 2.932177;1.095664, 0.6476761, 2.89827;1.050533, 0.2561301, 2.86439;1.010747, 0.5130346, 3.08348;1.149579, 0.5147297, 2.775786;0.9291798, -0.04968648, 2.989726;1.144046, -0.03353916, 2.596877;1.041552, 0.1776336, 2.861221;1.003097, 0.1095962, 2.906569;1.065644, 0.1235051, 2.802446;1.04272, -0.3634664, 2.976785;1.145125, -0.3341827, 2.684063;1.062772, -0.7224422, 2.994047;1.187571, -0.7085232, 2.606575;1.009493, -0.7873167, 2.973065;1.136006, -0.7793509, 2.546565;
1.038597, 0.815747, 2.930123;1.095624, 0.6477787, 2.898407;1.050515, 0.2563362, 2.864353;1.010686, 0.513147, 3.08253;1.14955, 0.5146714, 2.77578;0.928998, -0.05012454, 2.988564;1.143777, -0.03326803, 2.596677;1.041533, 0.1779156, 2.861128;1.003093, 0.1096079, 2.906573;1.065613, 0.1237989, 2.802046;1.042881, -0.3634629, 2.976695;1.14512, -0.3337572, 2.684186;1.063049, -0.7218466, 2.99331;1.187146, -0.7074021, 2.60596;1.006469, -0.7881861, 2.97166;1.140714, -0.7783185, 2.557425;
1.039213, 0.8155794, 2.929219;1.095721, 0.6477318, 2.899227;1.050443, 0.2564807, 2.865024;1.010733, 0.5135133, 3.08261;1.149328, 0.5147725, 2.776119;0.9293796, -0.05091314, 2.988933;1.144722, -0.03243706, 2.597058;1.041425, 0.1781128, 2.861779;1.003031, 0.1097479, 2.90747;1.06545, 0.1238955, 2.802432;1.04292, -0.3634315, 2.976643;1.144989, -0.3336256, 2.684314;1.06285, -0.7219968, 2.993884;1.187053, -0.7082948, 2.605756;1.007479, -0.7877815, 2.971501;1.139686, -0.7793502, 2.556839;
1.038228, 0.8163065, 2.929342;1.09479, 0.6477259, 2.899855;1.050285, 0.2564444, 2.865177;1.010364, 0.5124019, 3.082726;1.149249, 0.5148402, 2.776173;0.9293984, -0.05069366, 2.989058;1.144519, -0.0321041, 2.597141;1.041342, 0.1780861, 2.861873;1.003003, 0.1097522, 2.907497;1.065414, 0.1239194, 2.802559;1.042786, -0.3626569, 2.976035;1.144908, -0.3335288, 2.684217;1.063404, -0.721664, 2.994325;1.187249, -0.7081434, 2.606001;1.008362, -0.7863519, 2.970264;1.140974, -0.7787024, 2.557799;
1.038513, 0.8189838, 2.929355;1.094787, 0.6477483, 2.899839;1.050256, 0.256883, 2.865383;1.010227, 0.513342, 3.080983;1.148446, 0.5147279, 2.776627;0.9072053, -0.1397389, 2.972379;1.144358, -0.03183849, 2.596997;1.041308, 0.1787037, 2.862176;1.003068, 0.109988, 2.908463;1.065314, 0.1240006, 2.802462;1.041823, -0.3622035, 2.975879;1.145241, -0.3338842, 2.684132;1.062658, -0.7208741, 2.994351;1.187651, -0.708571, 2.606266;1.009511, -0.7866107, 2.970416;1.140471, -0.7791177, 2.557086;
1.036863, 0.8181474, 2.929563;1.094502, 0.6476623, 2.899729;1.050237, 0.2571004, 2.865332;1.010313, 0.5126163, 3.081328;1.148333, 0.5147359, 2.776787;0.9163994, -0.1313218, 2.982516;1.144394, -0.03179784, 2.59698;1.041344, 0.1790518, 2.862115;1.003121, 0.1100068, 2.908555;1.06535, 0.1243542, 2.802016;1.041551, -0.3617267, 2.975605;1.145127, -0.3337, 2.684282;1.062691, -0.7212574, 2.993849;1.187651, -0.708568, 2.606261;1.009085, -0.7862384, 2.969605;1.137716, -0.7805609, 2.55244;
1.036059, 0.8178953, 2.929364;1.094422, 0.6475046, 2.899652;1.050102, 0.2573649, 2.865922;1.009745, 0.5122692, 3.080317;1.148484, 0.514581, 2.776611;0.9309824, -0.05549822, 3.004253;1.14384, -0.03284298, 2.596784;1.041184, 0.1795105, 2.863016;1.002512, 0.1100874, 2.910887;1.065327, 0.1242132, 2.802224;1.04171, -0.3616271, 2.975716;1.145098, -0.3337287, 2.684236;1.062682, -0.7220949, 2.994691;1.187184, -0.7020909, 2.606534;1.009446, -0.7860042, 2.969844;1.137751, -0.7789365, 2.551863;
1.034433, 0.8164934, 2.927238;1.093821, 0.6470872, 2.898009;1.05, 0.2573504, 2.865978;1.008665, 0.5118995, 3.079007;1.147953, 0.5142272, 2.776315;0.9133338, -0.1334203, 2.989224;1.142385, -0.03659499, 2.595692;1.041061, 0.1795041, 2.863203;1.002133, 0.1095899, 2.912061;1.065181, 0.1237944, 2.802228;1.041437, -0.3614074, 2.975327;1.144937, -0.3340032, 2.684075;1.062434, -0.7222606, 2.994844;1.188136, -0.7038242, 2.606291;1.009668, -0.7858366, 2.969986;1.137468, -0.7795026, 2.551545;
1.028023, 0.814338, 2.920694;1.092606, 0.6474292, 2.897379;1.049802, 0.2576742, 2.866317;1.00793, 0.51173, 3.079277;1.147714, 0.5144397, 2.776692;0.9210731, -0.09702469, 3.000936;1.140085, -0.03829801, 2.595337;1.040976, 0.1798933, 2.863753;1.002063, 0.1097027, 2.913055;1.065232, 0.1237978, 2.802417;1.041413, -0.3613563, 2.975285;1.14484, -0.334026, 2.683969;1.061916, -0.7214644, 2.995252;1.187994, -0.7030087, 2.606507;1.015205, -0.7867206, 2.950021;1.136141, -0.778419, 2.551502;
1.025027, 0.8137807, 2.920345;1.091169, 0.64665, 2.897376;1.049309, 0.2579792, 2.867247;1.006312, 0.5132148, 3.078947;1.147005, 0.5142603, 2.776991;0.9206463, -0.09110054, 3.002748;1.133976, -0.03978048, 2.594582;1.040619, 0.1804231, 2.865;1.001577, 0.1095081, 2.9157;1.065148, 0.1236278, 2.802714;1.041468, -0.3614329, 2.975395;1.144199, -0.3365111, 2.682992;1.062263, -0.7238522, 2.995107;1.188027, -0.7032384, 2.60649;1.010026, -0.788606, 2.966938;1.135931, -0.7784429, 2.551138;
1.018398, 0.8141781, 2.919559;1.088345, 0.646257, 2.896967;1.048446, 0.2584895, 2.868245;1.002491, 0.5129218, 3.075416;1.144714, 0.5139558, 2.777808;0.9165538, -0.08711223, 3.003715;1.129673, -0.03812949, 2.592592;1.040001, 0.1810966, 2.866286;1.000834, 0.1090195, 2.918751;1.06497, 0.1234706, 2.802905;1.04041, -0.3624676, 2.975778;1.14352, -0.3367201, 2.682691;1.061593, -0.7260929, 2.99579;1.187922, -0.7051554, 2.606134;1.011797, -0.7898661, 2.96946;1.134958, -0.7795537, 2.550311;
1.01309, 0.8115953, 2.9172;1.085745, 0.6467752, 2.897163;1.04765, 0.2598672, 2.869572;0.9943421, 0.5106378, 3.079285;1.143056, 0.5140316, 2.777957;0.9132817, -0.08420847, 3.00512;1.123387, -0.04514197, 2.58903;1.039577, 0.1827101, 2.86788;1.00033, 0.1091875, 2.92068;1.065032, 0.1236075, 2.803277;1.039197, -0.3631356, 2.976103;1.143348, -0.3367756, 2.68262;1.060649, -0.7256432, 2.995289;1.187204, -0.7058501, 2.605159;1.024292, -0.7924379, 2.94989;1.133837, -0.7806138, 2.549939;
0.9995868, 0.806487, 2.910203;1.076597, 0.643991, 2.898729;1.045254, 0.2606434, 2.874271;0.9901912, 0.5131207, 3.086608;1.140423, 0.5132364, 2.777213;0.909968, -0.04428605, 3.007669;1.116655, -0.04735989, 2.588093;1.038132, 0.1840546, 2.873502;0.9992237, 0.1092392, 2.928653;1.064726, 0.1232686, 2.807695;1.036653, -0.3636212, 2.97591;1.141698, -0.3377592, 2.681571;1.060326, -0.7269861, 2.995491;1.186622, -0.7064222, 2.604638;1.022729, -0.7915701, 2.968322;1.133464, -0.7813212, 2.549367;
0.983799, 0.7988396, 2.908308;1.068523, 0.6399542, 2.900402;1.043723, 0.2604533, 2.878392;0.986114, 0.5103075, 3.085766;1.137246, 0.5115322, 2.776001;0.9066331, -0.04331129, 3.008148;1.111989, -0.04758374, 2.586579;1.037653, 0.1843765, 2.878232;0.9990773, 0.1076094, 2.936368;1.065472, 0.1222329, 2.81113;1.033537, -0.3616606, 2.974679;1.137539, -0.3364642, 2.680399;1.060102, -0.7265289, 2.99662;1.186468, -0.7063799, 2.604616;1.02128, -0.7911054, 2.968755;1.132438, -0.7806759, 2.549274;
0.9651263, 0.7869635, 2.910841;1.061482, 0.6347815, 2.898989;1.043702, 0.2600235, 2.879374;0.9840366, 0.5090156, 3.08548;1.133469, 0.5091451, 2.774083;0.89958, -0.05647725, 3.006733;1.101268, -0.04880156, 2.582662;1.038447, 0.1842208, 2.879709;1.001479, 0.1059913, 2.9393;1.067269, 0.120874, 2.812621;1.027598, -0.3611478, 2.973345;1.130974, -0.3426608, 2.673352;1.060186, -0.7267159, 2.996963;1.184855, -0.7084218, 2.603697;1.020516, -0.7912851, 2.969817;1.13043, -0.7816812, 2.547285;
0.9461991, 0.7780832, 2.90603;1.052541, 0.6267987, 2.897882;1.043828, 0.2561806, 2.883098;0.9794303, 0.5081205, 3.082286;1.124873, 0.5014979, 2.771193;0.8953888, -0.058864, 3.006101;1.095033, -0.04643294, 2.58129;1.040507, 0.1806891, 2.884455;1.005564, 0.1024505, 2.94443;1.071444, 0.1153551, 2.819281;1.022598, -0.3605507, 2.970855;1.126798, -0.3479611, 2.670355;1.059919, -0.7273694, 2.996494;1.184716, -0.7088466, 2.603616;1.01888, -0.7908453, 2.971358;1.134262, -0.7836093, 2.552134;
0.9328914, 0.7678216, 2.899227;1.044694, 0.616124, 2.893225;1.044762, 0.2499521, 2.885478;0.9699117, 0.4855589, 3.077375;1.11984, 0.4965926, 2.767771;0.8843638, -0.06101817, 2.996904;1.08608, -0.04842525, 2.57875;1.043391, 0.1750162, 2.887785;1.010984, 0.09399187, 2.951344;1.076443, 0.1081103, 2.82157;1.018652, -0.3612235, 2.969175;1.124074, -0.3493023, 2.667535;1.058383, -0.7258893, 2.993871;1.182646, -0.7085292, 2.603474;1.014318, -0.7913702, 2.973606;1.133611, -0.7836162, 2.551602;
0.9151698, 0.7506249, 2.889496;1.037701, 0.6100729, 2.890652;1.046533, 0.2430867, 2.887192;0.9639297, 0.4771374, 3.076067;1.113691, 0.4927456, 2.76636;0.87984, -0.06548361, 2.997052;1.076083, -0.04937935, 2.573801;1.047622, 0.1678854, 2.890395;1.016771, 0.08692654, 2.95449;1.082905, 0.1011823, 2.823998;1.014919, -0.361572, 2.968825;1.12155, -0.3499388, 2.665789;1.057939, -0.7257266, 2.993694;1.181779, -0.7093025, 2.603158;1.014013, -0.7909469, 2.973129;1.134002, -0.7833608, 2.550447;
0.8966757, 0.723526, 2.873588;1.025654, 0.5917926, 2.881487;1.048713, 0.2341375, 2.888756;0.9572651, 0.4663889, 3.067549;1.105296, 0.4840212, 2.761495;0.8642712, -0.07510096, 2.99259;1.069648, -0.05440928, 2.570493;1.052032, 0.1602458, 2.893264;1.023049, 0.08056459, 2.957397;1.089162, 0.09471034, 2.828821;1.011369, -0.3624546, 2.968148;1.117681, -0.3520125, 2.66251;1.056959, -0.7259282, 2.993632;1.181247, -0.7111036, 2.602784;1.012622, -0.7913064, 2.975288;1.135511, -0.7830058, 2.5503;
0.878047, 0.7050292, 2.86587;1.016383, 0.5816853, 2.880122;1.053996, 0.2179338, 2.89215;0.9490942, 0.4565329, 3.057603;1.090739, 0.4747534, 2.758987;0.8554104, -0.09210597, 2.982814;1.058352, -0.05798443, 2.56663;1.061995, 0.1431296, 2.898323;1.036549, 0.06805567, 2.963554;1.102061, 0.0789144, 2.834467;1.009668, -0.3626913, 2.968223;1.117206, -0.3516904, 2.66157;1.056417, -0.7252728, 2.99357;1.181229, -0.7150369, 2.602924;1.012857, -0.7910827, 2.975531;1.1354, -0.7830706, 2.550268;
0.8543204, 0.6786135, 2.854072;0.9927893, 0.553331, 2.883457;1.055707, 0.2103985, 2.894774;0.9364672, 0.4372584, 3.054021;1.085378, 0.4566868, 2.753402;0.8481414, -0.102722, 2.970439;1.045391, -0.07358227, 2.560352;1.065707, 0.1380879, 2.900809;1.0436, 0.06082347, 2.968772;1.111635, 0.07100743, 2.836329;1.007577, -0.3635215, 2.968128;1.116993, -0.3502085, 2.660058;1.056045, -0.7253225, 2.993897;1.18053, -0.7163691, 2.602481;1.016387, -0.7913339, 2.97594;1.133322, -0.783937, 2.54915;
0.8364331, 0.6570268, 2.845175;0.9819951, 0.5315787, 2.88039;1.063623, 0.1835636, 2.898458;0.9247297, 0.4004845, 3.038558;1.075948, 0.4415383, 2.752475;0.8366648, -0.1527585, 2.969268;1.040189, -0.0853989, 2.556667;1.079714, 0.1129157, 2.905787;1.059874, 0.03952132, 2.975015;1.130302, 0.05116293, 2.840454;1.007101, -0.3641971, 2.968489;1.117378, -0.3501392, 2.658997;1.056314, -0.7271214, 2.993003;1.179268, -0.7181994, 2.600821;1.008996, -0.792567, 2.976481;1.133237, -0.7840231, 2.548982;
0.8146464, 0.620688, 2.828072;0.9671207, 0.5065817, 2.875957;1.068253, 0.175284, 2.897328;0.9173461, 0.3890132, 3.032118;1.065218, 0.4236303, 2.749574;0.8341062, -0.1624877, 2.968549;1.014913, -0.1424368, 2.538758;1.087371, 0.1060092, 2.904824;1.072847, 0.0319119, 2.973791;1.142231, 0.044852, 2.839947;1.006244, -0.3659132, 2.968955;1.119478, -0.3508879, 2.65785;1.056196, -0.7278205, 2.992758;1.178746, -0.7191145, 2.599461;1.009099, -0.7925877, 2.977178;1.132198, -0.7840974, 2.547964;
0.806924, 0.5930393, 2.817808;0.945718, 0.4590015, 2.865278;1.070739, 0.1617101, 2.894846;0.9036835, 0.3627011, 3.020117;1.058853, 0.4000031, 2.744802;0.8318815, -0.1704604, 2.978002;1.007338, -0.157757, 2.537772;1.092118, 0.09815001, 2.903419;1.081889, 0.02134162, 2.975043;1.152826, 0.03628483, 2.837434;1.004066, -0.373958, 2.970876;1.119863, -0.351255, 2.656648;1.0558, -0.7298173, 2.992611;1.178866, -0.7196364, 2.599373;1.019629, -0.8007455, 3.008137;1.131921, -0.7841638, 2.547596;
0.7830573, 0.5512083, 2.799082;0.9358778, 0.4365998, 2.862103;1.07724, 0.1439881, 2.894351;0.8900939, 0.3270625, 3.003339;1.046343, 0.3751238, 2.734898;0.8295894, -0.1823257, 2.97596;1.006533, -0.1686985, 2.53886;1.103899, 0.08328705, 2.903901;1.097447, 0.01226653, 2.974462;1.166543, 0.02710893, 2.841452;1.003079, -0.3789029, 2.971367;1.118136, -0.3551788, 2.653096;1.056363, -0.7305673, 2.993267;1.178797, -0.7197422, 2.599259;1.017464, -0.8014339, 3.008401;1.131225, -0.7843575, 2.546817;
0.769237, 0.5093197, 2.797971;0.9204019, 0.4028165, 2.846472;1.087995, 0.1160017, 2.89652;0.8834454, 0.3215473, 2.999843;1.039515, 0.3560961, 2.726903;0.8208793, -0.2139268, 2.951029;0.9825547, -0.2349236, 2.519348;1.121562, 0.05594829, 2.909801;1.11369, -0.005463601, 2.981268;1.190375, 0.00701592, 2.852133;1.000545, -0.3913166, 2.974132;1.115806, -0.3675584, 2.64806;1.055863, -0.7319404, 2.993396;1.178639, -0.7195265, 2.598962;1.018093, -0.8015306, 3.00201;1.131792, -0.7842219, 2.546553;
0.7575965, 0.4677089, 2.768325;0.9188948, 0.3614809, 2.829772;1.094905, 0.08337533, 2.891336;0.871491, 0.2582015, 2.979797;1.031485, 0.3205525, 2.715889;0.8212702, -0.2151202, 2.949805;0.9774505, -0.2494847, 2.527823;1.129409, 0.02852919, 2.9069;1.128068, -0.03878046, 2.97416;1.19692, -0.0124714, 2.85641;0.9902078, -0.4154463, 2.975705;1.114119, -0.373177, 2.644928;1.055734, -0.7319422, 2.993846;1.178538, -0.7194062, 2.598953;1.01168, -0.7966363, 2.985689;1.129536, -0.7846957, 2.545677;
0.7531357, 0.4397383, 2.757659;0.9081197, 0.3302055, 2.822244;1.096979, 0.08179693, 2.891649;0.8750749, 0.2073512, 2.9709;1.025234, 0.2908511, 2.709289;0.8144941, -0.2893355, 2.949244;0.9688107, -0.2831416, 2.522882;1.133625, 0.02811215, 2.908085;1.139555, -0.03863521, 2.983522;1.208428, -0.01153205, 2.857017;0.9916328, -0.4113554, 2.975523;1.115948, -0.3880901, 2.641;1.056428, -0.733026, 2.994036;1.177925, -0.7188505, 2.598804;1.00997, -0.7955775, 2.983509;1.12975, -0.7846569, 2.545727;
0.7399354, 0.3906118, 2.740053;0.8951998, 0.2964189, 2.804889;1.085506, 0.02753386, 2.884791;0.8700714, 0.1746528, 2.969814;1.01907, 0.2573439, 2.705254;0.801892, -0.3275425, 2.942358;0.9595397, -0.32008, 2.524061;1.12387, -0.02545242, 2.904649;1.129073, -0.09097805, 2.985315;1.201274, -0.0740217, 2.855409;0.9715623, -0.4588068, 2.978153;1.118191, -0.4095363, 2.637489;1.057385, -0.7341802, 2.995538;1.177663, -0.7188047, 2.598529;1.010836, -0.7963105, 2.983502;1.129728, -0.7838945, 2.542641;
0.7373406, 0.3385118, 2.733188;0.8964419, 0.2566082, 2.795673;1.084562, 0.02387857, 2.880189;0.8657147, 0.156358, 2.952608;1.01245, 0.2258948, 2.693771;0.7989877, -0.3677605, 2.952673;0.950664, -0.3588936, 2.520716;1.122676, -0.02693084, 2.900187;1.130431, -0.09152896, 2.984447;1.200286, -0.08091137, 2.845041;0.9794133, -0.4612042, 2.983249;1.113262, -0.4206687, 2.631786;1.057497, -0.7338637, 2.996479;1.178952, -0.7263147, 2.598358;1.007786, -0.7937551, 2.979169;1.130656, -0.7826203, 2.543418;
0.7289892, 0.2929924, 2.724965;0.8930218, 0.220706, 2.778221;1.083848, 0.006807067, 2.872229;0.8524582, 0.1108547, 2.936076;1.014454, 0.1896836, 2.687086;0.7946846, -0.4033617, 2.949605;0.9562278, -0.4069617, 2.509963;1.122139, -0.03701668, 2.894751;1.134164, -0.100203, 2.986394;1.205302, -0.09533075, 2.838661;0.9790695, -0.4677539, 2.984191;1.095916, -0.4459506, 2.619221;1.04619, -0.7696048, 2.997659;1.185075, -0.7448037, 2.599098;0.9846978, -0.8085777, 2.968459;1.130612, -0.783133, 2.548176;
0.7347669, 0.2763336, 2.715481;0.8903115, 0.1861605, 2.769662;1.115773, -0.03709952, 2.875214;0.8620982, 0.07560623, 2.919729;1.011983, 0.1558243, 2.684954;0.7895842, -0.4436519, 2.942268;0.9522446, -0.4488244, 2.506956;1.160966, -0.08047858, 2.900086;1.160948, -0.134446, 2.987546;1.246641, -0.1093851, 2.850871;0.9718273, -0.4854872, 2.985214;1.092389, -0.4757663, 2.607847;1.046201, -0.7846084, 2.999949;1.192375, -0.7696531, 2.601121;0.9767603, -0.8050318, 2.969867;1.129327, -0.7836678, 2.546956;
0.7424808, 0.2221582, 2.703425;0.8848076, 0.1483082, 2.757686;1.102214, -0.04500135, 2.870783;0.8537059, 0.02522289, 2.921396;1.015548, 0.1113204, 2.674788;0.7874151, -0.4703493, 2.943501;0.9542606, -0.4492462, 2.506978;1.144672, -0.08609204, 2.895962;1.156315, -0.1382781, 2.989418;1.231716, -0.1250454, 2.847001;0.9931114, -0.519227, 2.989501;1.095849, -0.4788467, 2.6096;1.051244, -0.7346115, 2.995286;1.189984, -0.7739108, 2.597126;1.008528, -0.8001764, 2.992343;1.128381, -0.7839589, 2.542582;
0.7365656, 0.2089369, 2.693646;0.8836942, 0.1280313, 2.754035;1.098682, -0.08765868, 2.861736;0.8666086, -0.01130248, 2.9131;1.019388, 0.088399, 2.676222;0.7705569, -0.5399445, 2.949605;0.9467162, -0.5267529, 2.500918;1.141695, -0.1293875, 2.886915;1.152882, -0.1887525, 2.975133;1.227024, -0.1625144, 2.842914;0.9833355, -0.506209, 2.987;1.101089, -0.5025397, 2.610797;1.051521, -0.7436066, 2.99385;1.197796, -0.7957061, 2.59805;0.9996724, -0.8020033, 2.989262;1.128312, -0.78421, 2.542243;
0.7192397, 0.1369491, 2.678478;0.8826506, 0.09059867, 2.743515;1.098289, -0.1102897, 2.857426;0.8644459, -0.02379262, 2.872941;1.009023, 0.05802902, 2.670254;0.7709099, -0.5292538, 2.942335;0.945114, -0.5322255, 2.496726;1.141379, -0.1513687, 2.883283;1.151311, -0.1985591, 2.969644;1.221488, -0.1885965, 2.841704;0.9832578, -0.5459467, 2.98595;1.115604, -0.5209448, 2.610908;1.057193, -0.7492265, 2.996046;1.172733, -0.7217416, 2.595151;1.000112, -0.8020686, 2.988487;1.12801, -0.7842203, 2.541908;
0.7186198, 0.1252836, 2.676709;0.8804678, 0.06870344, 2.732274;1.10708, -0.1167664, 2.862994;0.861508, -0.03941499, 2.867859;1.0067, 0.0576183, 2.672365;0.7596129, -0.5501815, 2.942127;0.9434384, -0.5322772, 2.490087;1.154176, -0.1563421, 2.893254;1.156089, -0.2017842, 2.967897;1.235856, -0.1728442, 2.874508;0.9829192, -0.5482543, 2.985044;1.114471, -0.5238616, 2.610175;1.059167, -0.7536916, 2.996787;1.172694, -0.7229915, 2.595089;0.9966508, -0.799946, 2.986331;1.127262, -0.7848815, 2.540871;
0.7179277, 0.108203, 2.673483;0.8799391, 0.04793929, 2.729919;1.102546, -0.1508224, 2.872189;0.8486162, -0.08963026, 2.886798;1.003444, -0.002472464, 2.659208;0.755425, -0.5873808, 2.932483;0.9406459, -0.5310871, 2.486521;1.147333, -0.1899095, 2.904375;1.140295, -0.2413949, 2.962038;1.222449, -0.1983448, 2.888182;0.9473647, -0.6048499, 2.975938;1.119699, -0.5576521, 2.613885;1.057415, -0.7555144, 2.992384;1.172642, -0.7237149, 2.594966;0.9944146, -0.8011667, 2.986386;1.12726, -0.7853166, 2.540355;
0.7147748, 0.05043961, 2.662854;0.8755185, -0.00238468, 2.719888;1.114657, -0.160404, 2.879747;0.8562419, -0.1245945, 2.849954;1.00027, -0.04351055, 2.656013;0.749643, -0.6347626, 2.941463;0.9136692, -0.6115254, 2.480964;1.163756, -0.1965, 2.915485;1.159503, -0.2407797, 2.975774;1.238025, -0.2033367, 2.898957;0.9655234, -0.6061222, 2.976019;1.131853, -0.5719771, 2.624081;1.050217, -0.748869, 2.989104;1.172399, -0.7242283, 2.594967;0.9795017, -0.8016104, 2.979874;1.124947, -0.786988, 2.535497;
0.7129688, 0.04770806, 2.662021;0.871927, -0.00695232, 2.719759;1.109181, -0.209973, 2.836159;0.8348837, -0.1857184, 2.931342;1.000672, -0.04739648, 2.657178;0.7485272, -0.6378001, 2.942638;0.9295951, -0.6553963, 2.467663;1.158021, -0.2488109, 2.86285;1.161465, -0.2991297, 2.910586;1.230834, -0.259133, 2.848735;0.9656948, -0.6054275, 2.975567;1.133644, -0.6933854, 2.570547;1.037486, -0.7118449, 2.974641;1.172014, -0.724712, 2.595015;0.9693599, -0.7926621, 2.971792;1.125224, -0.7889271, 2.537415;
0.7059733, 0.01855494, 2.659426;0.8536152, -0.02794074, 2.709554;1.051712, -0.2889368, 2.792207;0.8337405, -0.193206, 2.93556;1.005783, -0.06520505, 2.660794;0.7468163, -0.6443813, 2.942073;0.926842, -0.6574875, 2.466551;1.092426, -0.3398817, 2.812744;1.095763, -0.3945606, 2.877577;1.166389, -0.3819274, 2.777119;0.9614016, -0.6570586, 2.97557;1.027862, -0.8302916, 2.49878;1.036158, -0.7160584, 2.97603;1.227628, -0.6772436, 2.64609;0.9644377, -0.793693, 2.981118;1.17183, -0.7427055, 2.58446;
0.7101303, 0.01171166, 2.662369;0.8640914, -0.04041185, 2.717777;1.077407, -0.2783553, 2.80295;0.8506091, -0.2129485, 2.953587;1.003752, -0.07320283, 2.658255;0.7495629, -0.6589973, 2.935836;0.9265695, -0.6582308, 2.464732;1.122474, -0.3234732, 2.824103;1.125775, -0.3689579, 2.860453;1.189267, -0.3396951, 2.814582;0.9686089, -0.635588, 2.970628;1.051193, -0.7864136, 2.533098;1.035929, -0.7176468, 2.976791;1.26159, -0.6451764, 2.677964;0.9602824, -0.7917926, 2.975935;1.20382, -0.7081894, 2.615413;
0.705125, 0.0112573, 2.664704;0.8702512, -0.07186335, 2.727236;1.085869, -0.2814933, 2.805314;0.8631818, -0.2127696, 2.901189;1.002324, -0.07853884, 2.658877;0.7517921, -0.6642027, 2.935484;0.9264526, -0.657816, 2.464183;1.130387, -0.3248823, 2.825524;1.144019, -0.3702026, 2.876219;1.200445, -0.3475557, 2.803732;0.9711701, -0.6345641, 2.970682;1.090965, -0.8106523, 2.537246;1.033589, -0.7201798, 2.976681;1.242667, -0.6117747, 2.686537;0.9570922, -0.7935272, 2.973768;1.195881, -0.6847068, 2.625446;
0.7028461, -0.004144592, 2.659874;0.868154, -0.07561358, 2.722086;1.020781, -0.3351764, 2.809471;0.8604293, -0.1989542, 2.891776;0.9991999, -0.09056555, 2.658959;0.751646, -0.670254, 2.927871;0.9271252, -0.6592982, 2.463641;1.052041, -0.3857758, 2.83209;1.039553, -0.4373348, 2.899306;1.117561, -0.4200605, 2.794548;0.8302256, -0.7606217, 2.986794;1.02706, -0.810353, 2.514513;1.133847, -0.7941369, 2.976768;1.248837, -0.6804261, 2.653275;1.027909, -0.7975936, 2.975203;1.183982, -0.7356554, 2.590183;
0.7026649, -0.008703463, 2.659624;0.8663481, -0.07990739, 2.721352;1.016333, -0.3350995, 2.804183;0.8260061, -0.2348804, 2.938609;0.9979688, -0.09854161, 2.658138;0.7531227, -0.6729096, 2.926606;0.9267224, -0.6623641, 2.462814;1.045601, -0.384977, 2.823622;1.026013, -0.4426632, 2.874096;1.115616, -0.4191183, 2.792527;0.8283147, -0.7636992, 2.98866;1.006873, -0.8419042, 2.497731;1.130811, -0.7255363, 2.986447;1.222412, -0.6944638, 2.629922;1.03286, -0.7655963, 2.979155;1.159628, -0.7528177, 2.56743;
0.6999378, -0.01094591, 2.659307;0.8643234, -0.08189146, 2.720908;1.016792, -0.335436, 2.804238;0.8659588, -0.2065464, 2.861039;0.9973598, -0.09994019, 2.658389;0.7539455, -0.6744956, 2.925987;0.9259905, -0.6611348, 2.459829;1.046882, -0.3855227, 2.823988;1.033238, -0.4422576, 2.882349;1.116105, -0.4190644, 2.791727;0.8285111, -0.7628807, 2.986747;1.013669, -0.8294771, 2.505076;1.130196, -0.7244037, 2.986134;1.232239, -0.6872848, 2.636753;1.032364, -0.7654526, 2.983279;1.16863, -0.7451901, 2.574581;
0.7000164, -0.01139584, 2.659846;0.8639358, -0.08215575, 2.721164;0.9840948, -0.3798706, 2.764902;0.8323823, -0.2496405, 2.935114;0.9878167, -0.1230089, 2.64852;0.7266877, -0.7574217, 2.926368;0.9255185, -0.6607702, 2.457233;1.00877, -0.4389753, 2.776455;0.9950771, -0.4866724, 2.824237;1.062876, -0.4880839, 2.739236;0.8148767, -0.785165, 3.003302;0.9638485, -0.9428568, 2.453472;1.116266, -0.7505775, 3.007608;1.164176, -0.731573, 2.58728;1.015914, -0.7813296, 2.991764;1.128458, -0.7855054, 2.535511;
0.7017982, -0.01282617, 2.660024;0.8638987, -0.08372196, 2.721269;1.011868, -0.3301654, 2.793234;0.8321517, -0.2498908, 2.934791;0.9894878, -0.1192765, 2.651597;0.7294497, -0.7563057, 2.921793;0.9231575, -0.6719425, 2.454956;1.041497, -0.3780075, 2.810772;1.036294, -0.4549437, 2.887348;1.117503, -0.4154011, 2.763933;0.8213886, -0.7715335, 2.984748;1.023652, -0.8284331, 2.50449;1.121484, -0.7321939, 2.993656;1.234598, -0.6822578, 2.641897;1.023398, -0.7720201, 2.985942;1.1722, -0.7427139, 2.58092;
0.6923428, -0.02339879, 2.656512;0.8619403, -0.08565744, 2.719548;1.046624, -0.2856522, 2.838336;0.8282943, -0.2479878, 2.934699;0.9876491, -0.1227627, 2.648985;0.7270992, -0.7537845, 2.921446;0.9237747, -0.6636934, 2.455562;1.084724, -0.3245025, 2.866389;1.079978, -0.3931559, 2.942023;1.169876, -0.3378403, 2.83923;0.6878783, -0.4558109, 2.954651;1.116625, -0.6960574, 2.583626;1.035157, -0.6897004, 2.977828;1.160339, -0.7341444, 2.583493;0.9717906, -0.7749335, 2.974799;1.125284, -0.7875615, 2.537197;
0.6909348, -0.02493029, 2.654889;0.8596214, -0.08778892, 2.719785;1.091285, -0.2438372, 2.84853;0.8246785, -0.2474575, 2.936352;0.9896058, -0.1180429, 2.651447;0.7259546, -0.7531831, 2.922049;0.9237024, -0.6636956, 2.455187;1.138996, -0.2737797, 2.877423;1.143491, -0.3261062, 2.933628;1.223752, -0.2774655, 2.865774;0.7705467, -0.4608902, 2.950484;1.116417, -0.6959062, 2.583857;1.032852, -0.6849675, 2.976169;1.16174, -0.7363358, 2.583541;0.9725576, -0.7725441, 2.975745;1.128548, -0.7901548, 2.536872;
0.6940523, -0.01757412, 2.657072;0.8597809, -0.08755478, 2.720185;1.023007, -0.3245386, 2.803595;0.8236675, -0.2463792, 2.933361;0.9871513, -0.1188662, 2.650912;0.7225573, -0.7489109, 2.922114;0.9233578, -0.662164, 2.455009;1.055393, -0.3723159, 2.82276;1.039926, -0.4322823, 2.867815;1.125698, -0.3932484, 2.801579;0.672173, -0.5444011, 2.955452;1.037772, -0.8100814, 2.516707;1.031876, -0.6847697, 2.975878;1.25519, -0.6769006, 2.655214;0.9723751, -0.772944, 2.974315;1.186833, -0.7350677, 2.598105;
0.6946956, -0.01419531, 2.656614;0.8604268, -0.08363604, 2.719513;1.051507, -0.2965565, 2.795182;0.823586, -0.2358358, 2.922948;0.987381, -0.1161698, 2.652058;0.7583301, -0.6770958, 2.924127;0.9233362, -0.6618283, 2.453575;1.093062, -0.3375252, 2.812862;1.102533, -0.3913711, 2.883518;1.166142, -0.3779561, 2.771175;0.7248321, -0.4453861, 2.980842;1.018328, -0.8272815, 2.502047;1.032643, -0.6865224, 2.977161;1.231653, -0.6856786, 2.638224;0.9749612, -0.77597, 2.979209;1.166282, -0.7480521, 2.581935;
0.6949951, -0.01314535, 2.655706;0.8588458, -0.08202426, 2.71679;1.006156, -0.3262353, 2.79565;0.8205658, -0.2338409, 2.916105;0.9863547, -0.1165737, 2.650583;0.7596228, -0.6757545, 2.92695;0.92311, -0.6597652, 2.453323;1.036507, -0.3759839, 2.816212;1.025777, -0.4419084, 2.886188;1.109508, -0.4121267, 2.778071;0.6517449, -0.5462715, 2.9561;1.018387, -0.8275849, 2.502214;1.032626, -0.686518, 2.977101;1.23636, -0.6914276, 2.636344;0.973466, -0.7751266, 2.977018;1.167743, -0.7496799, 2.579338;
0.6947826, -0.01297153, 2.655076;0.8581722, -0.08195055, 2.716138;0.9743306, -0.3527018, 2.758523;0.8245986, -0.2261998, 2.91425;0.9870872, -0.1149373, 2.650964;0.7597286, -0.6746441, 2.92715;0.91947, -0.658535, 2.454308;0.9984373, -0.4069479, 2.771077;0.992466, -0.4661931, 2.83563;1.05628, -0.4644271, 2.722689;0.6363698, -0.5450162, 2.978362;1.184411, -0.7193514, 2.62235;1.031305, -0.6856937, 2.977124;1.16238, -0.7377586, 2.581016;0.9735845, -0.7753102, 2.98017;1.107047, -0.7954236, 2.533984;
0.6937226, -0.006708366, 2.653368;0.8554274, -0.07604489, 2.71551;1.005055, -0.3203061, 2.791615;0.8691325, -0.2005108, 2.857757;0.9886085, -0.1067257, 2.65316;0.7606742, -0.6721222, 2.926398;0.9180771, -0.6579841, 2.454371;1.035951, -0.3712451, 2.810332;1.038593, -0.4387314, 2.899765;1.103629, -0.4196995, 2.752049;0.6643015, -0.3965195, 3.009488;1.258209, -0.5775389, 2.687395;1.031863, -0.7086276, 2.980195;1.162585, -0.7380772, 2.580959;0.9646786, -0.7914202, 2.984441;1.116133, -0.8038094, 2.534794;
0.6908734, -0.003898542, 2.650676;0.8523037, -0.07255519, 2.713221;1.031737, -0.2826239, 2.787094;0.8190057, -0.2047887, 2.908208;0.9884481, -0.1046848, 2.65314;0.7626507, -0.6686124, 2.927253;0.9190244, -0.6454664, 2.457143;1.07017, -0.3243805, 2.805896;1.079574, -0.3747114, 2.877606;1.142836, -0.3688192, 2.764785;0.7131326, -0.4369589, 2.99979;1.208154, -0.5727654, 2.67297;1.031959, -0.7180192, 2.981305;1.159773, -0.7357356, 2.580419;0.9532833, -0.7900971, 2.977084;1.120546, -0.8067985, 2.535324;
0.6900376, 0.0006739974, 2.648578;0.8510934, -0.07020631, 2.711881;1.037579, -0.2800313, 2.790029;0.8270832, -0.1941144, 2.893401;0.9895742, -0.09656331, 2.652831;0.7661947, -0.6635723, 2.928789;0.9163863, -0.6375953, 2.461468;1.07725, -0.3218692, 2.809931;1.086696, -0.369776, 2.879563;1.149381, -0.3633618, 2.77197;0.7171555, -0.4286425, 2.992564;1.241044, -0.5658771, 2.688683;1.023008, -0.692606, 2.975705;1.180532, -0.7419339, 2.601139;0.9627694, -0.7802478, 2.984863;1.124061, -0.7910819, 2.549547;
0.6894231, 0.000431513, 2.647802;0.850226, -0.07027031, 2.711276;1.041454, -0.2811601, 2.789807;0.8269155, -0.1957968, 2.90197;0.9882058, -0.0908802, 2.652255;0.7666671, -0.6523001, 2.927431;0.9191309, -0.6311862, 2.46344;1.082108, -0.3234035, 2.809583;1.091548, -0.3705366, 2.8747;1.152723, -0.3625242, 2.773709;0.7215807, -0.4154782, 2.990372;1.246763, -0.5713181, 2.685779;1.036125, -0.7348418, 2.986447;1.167158, -0.7327769, 2.594049;0.9498381, -0.7971286, 2.977556;1.12973, -0.804828, 2.548982;
0.6892643, 0.0164925, 2.643292;0.8493337, -0.06452646, 2.711468;1.064499, -0.2698509, 2.796425;0.8237031, -0.1949498, 2.907678;0.9881316, -0.08403762, 2.651903;0.7688982, -0.6443899, 2.928484;0.9193997, -0.630308, 2.464718;1.111319, -0.3109924, 2.817685;1.116498, -0.3551638, 2.864149;1.185714, -0.3333474, 2.8031;0.7478807, -0.397847, 2.982881;1.31042, -0.5822303, 2.701197;1.029088, -0.7058301, 2.978845;1.166275, -0.7304726, 2.593493;0.9584318, -0.7860836, 2.97969;1.132696, -0.8049277, 2.54906;
0.6842641, 0.0202044, 2.640683;0.8370487, -0.04672704, 2.702853;1.042047, -0.221752, 2.830312;0.8225861, -0.1957239, 2.918632;0.9828407, -0.07477061, 2.649987;0.767903, -0.6341095, 2.929317;0.9229497, -0.6238024, 2.472888;1.084193, -0.2584176, 2.859895;1.097064, -0.3103111, 2.933015;1.15982, -0.2835162, 2.838411;0.7216136, -0.4224712, 2.954542;1.122802, -0.5759321, 2.617646;0.8921383, -0.7862718, 2.995905;1.165378, -0.7280671, 2.591981;0.9672062, -0.802732, 2.97739;1.118705, -0.7935648, 2.540982;
0.6834465, 0.02326651, 2.638314;0.8358747, -0.04311756, 2.69944;1.044922, -0.2557307, 2.790349;0.8198063, -0.1928837, 2.927805;0.9800884, -0.06805526, 2.649707;0.7728536, -0.6241504, 2.92933;0.9224647, -0.6255845, 2.473138;1.087235, -0.2998019, 2.813255;1.092051, -0.3458152, 2.864413;1.154632, -0.3290019, 2.792677;0.7298083, -0.38783, 2.997063;1.123818, -0.5754493, 2.616982;0.8944697, -0.7564119, 3.023933;1.166057, -0.7261069, 2.593108;0.9657742, -0.8017428, 2.976523;1.117023, -0.7935706, 2.536011;
0.6821365, 0.02930164, 2.637844;0.8342224, -0.04092274, 2.699457;1.038865, -0.2605096, 2.785668;0.8171928, -0.1909708, 2.932065;0.9780374, -0.0633733, 2.647286;0.7543532, -0.6707225, 2.928455;0.9185708, -0.6252689, 2.476698;1.078846, -0.3069575, 2.805662;1.08183, -0.3539426, 2.854894;1.14456, -0.3413691, 2.781252;0.7220365, -0.3657925, 2.997164;1.122991, -0.5707134, 2.614096;0.9104286, -0.7179694, 3.04879;1.165866, -0.725386, 2.592805;0.9617165, -0.7902822, 2.988745;1.11714, -0.7934453, 2.535501;
0.6819472, 0.02943776, 2.637191;0.8341811, -0.04086587, 2.699337;1.035474, -0.2628968, 2.781425;0.8164243, -0.1893237, 2.932602;0.9739383, -0.05091434, 2.648043;0.7585906, -0.6684521, 2.928992;0.9291875, -0.6098866, 2.489632;1.074875, -0.3092181, 2.800461;1.079165, -0.3569133, 2.851295;1.140831, -0.3439746, 2.774333;0.7212334, -0.3659452, 2.997054;1.124814, -0.5163212, 2.607794;1.036603, -0.7131991, 2.995151;1.166802, -0.7251478, 2.593467;0.9752828, -0.7994601, 2.978374;1.120279, -0.7905635, 2.537576;
0.6829683, 0.03028513, 2.63732;0.83452, -0.04044082, 2.699512;1.034248, -0.2618462, 2.780173;0.8113756, -0.1867564, 2.934657;0.972692, -0.04098534, 2.647533;0.7619932, -0.6635656, 2.927818;0.9227683, -0.619593, 2.487988;1.073112, -0.3073759, 2.798688;1.076222, -0.3549685, 2.845277;1.13987, -0.3419948, 2.774711;0.7224033, -0.3642353, 2.999516;1.115569, -0.5199331, 2.607237;0.9056979, -0.7195653, 3.046625;1.167215, -0.7251748, 2.59373;0.9661528, -0.7874326, 2.989834;1.122786, -0.7900991, 2.536143;
0.6820077, 0.03286362, 2.636849;0.8342859, -0.03716168, 2.699808;1.033396, -0.2597495, 2.77936;0.8003172, -0.1803684, 2.934348;0.9740002, -0.03853099, 2.646795;0.773167, -0.6532738, 2.928738;0.9267444, -0.5951905, 2.494404;1.072337, -0.3050588, 2.797829;1.073825, -0.3512662, 2.839519;1.140294, -0.3387085, 2.777663;1.008896, -0.5702749, 2.985521;1.125628, -0.5185843, 2.609095;1.047846, -0.7424451, 2.993509;1.16768, -0.7252628, 2.593442;0.9796926, -0.7995952, 2.979664;1.123243, -0.789592, 2.536047;
0.6823356, 0.03394349, 2.637015;0.8347433, -0.03516633, 2.700383;1.043092, -0.2590064, 2.78237;0.8546214, -0.1164083, 2.840725;0.9726856, -0.03242969, 2.645186;0.7939581, -0.6029005, 2.927132;0.9244221, -0.6208445, 2.496132;1.086741, -0.3045968, 2.802308;1.090883, -0.3358646, 2.837492;1.142511, -0.3359982, 2.782703;1.009666, -0.5700535, 2.985395;1.139031, -0.53033, 2.610896;1.071167, -0.7629027, 3.003618;1.168685, -0.7240362, 2.594195;0.9796178, -0.7994344, 2.979121;1.123956, -0.7880628, 2.53705;
0.6817973, 0.03816924, 2.636399;0.8324748, -0.02846486, 2.699911;1.046016, -0.2539432, 2.78065;0.817099, -0.1462838, 2.91293;0.9691861, -0.03095151, 2.638208;0.7900811, -0.6305487, 2.931259;0.9288164, -0.5927565, 2.501028;1.090142, -0.2992178, 2.800137;1.093928, -0.3300546, 2.828394;1.147732, -0.3256883, 2.787829;1.023549, -0.5604441, 2.983982;1.140862, -0.5221566, 2.61223;1.067219, -0.7520663, 3.004172;1.168643, -0.7239336, 2.594039;0.9823335, -0.7970079, 2.978816;1.123934, -0.7881742, 2.536436;
0.6823248, 0.04470031, 2.636441;0.8326558, -0.01979863, 2.699626;1.050294, -0.2518618, 2.780706;0.8472264, -0.1257075, 2.875755;0.9677891, -0.02878037, 2.635226;0.8024089, -0.569136, 2.92879;0.9480859, -0.5736076, 2.505748;1.094892, -0.297927, 2.800227;1.097731, -0.3270589, 2.826636;1.148602, -0.3245675, 2.788837;1.028629, -0.558315, 2.985391;1.149218, -0.5312469, 2.614486;1.088222, -0.7619529, 3.027338;1.168753, -0.7238377, 2.593686;0.9957749, -0.7937289, 2.982768;1.126324, -0.7871967, 2.535136;
0.6794926, 0.05221164, 2.633325;0.8303502, -0.008976167, 2.694956;1.051329, -0.2467924, 2.779578;0.8310161, -0.1197183, 2.888163;0.9658929, -0.02247831, 2.633909;0.8047163, -0.5703484, 2.928762;0.9522188, -0.569909, 2.508178;1.095968, -0.2938599, 2.799551;1.098049, -0.3227687, 2.824424;1.149434, -0.3202677, 2.790692;1.03086, -0.5538687, 2.984779;1.147632, -0.5247728, 2.615272;1.063755, -0.7462429, 3.006091;1.170914, -0.7248198, 2.593889;0.9903806, -0.7973822, 2.979614;1.128746, -0.7864234, 2.536053;
0.680241, 0.05600137, 2.633598;0.8314154, -0.006689243, 2.695835;1.055268, -0.2387611, 2.78364;0.8312793, -0.1134697, 2.886384;0.970794, 0.002615462, 2.63799;0.8011243, -0.6147773, 2.925727;0.952237, -0.5692624, 2.51026;1.100396, -0.2846848, 2.804519;1.098971, -0.3205747, 2.825326;1.160714, -0.3001117, 2.806439;1.091676, -0.6470911, 3.017797;1.150496, -0.5172499, 2.617498;1.063996, -0.7466773, 3.005762;1.173335, -0.7254595, 2.594967;0.9904249, -0.7975358, 2.979716;1.128872, -0.786533, 2.536299;
0.6807981, 0.06330123, 2.630175;0.8324143, -0.002841164, 2.694114;1.05561, -0.2366597, 2.783991;0.8361862, -0.1043622, 2.885234;0.9717995, 0.007564011, 2.6374;0.8113746, -0.6067926, 2.92871;0.9572139, -0.5458678, 2.51277;1.100577, -0.2829426, 2.805123;1.098981, -0.3193442, 2.824621;1.160073, -0.2991114, 2.80836;1.091776, -0.6470442, 3.017846;1.152621, -0.5141707, 2.618671;1.062786, -0.7397982, 3.003748;1.174677, -0.7259154, 2.59459;0.9943178, -0.7939683, 2.980528;1.128699, -0.7862173, 2.538008;
0.6831696, 0.06949586, 2.631706;0.8348808, 0.001330877, 2.695265;1.057719, -0.2346406, 2.784921;0.8366749, -0.1032238, 2.885262;0.972034, 0.0105606, 2.63818;0.8144975, -0.6046681, 2.928777;0.958923, -0.5595341, 2.512042;1.10247, -0.2814293, 2.805999;1.102569, -0.3160734, 2.835528;1.162882, -0.2994695, 2.802386;1.063509, -0.6400833, 3.010756;1.158785, -0.5096409, 2.620499;1.065879, -0.745743, 3.004285;1.175077, -0.7259448, 2.594364;0.9940861, -0.7957389, 2.983084;1.128732, -0.78615, 2.538035;
0.6829609, 0.07441177, 2.630572;0.8332124, 0.01126819, 2.690856;1.060574, -0.2321054, 2.781803;0.8455993, -0.1073715, 2.887499;0.9722446, 0.01165976, 2.638006;0.8158392, -0.6077214, 2.925861;0.9591045, -0.5591202, 2.512684;1.106122, -0.2798148, 2.80283;1.106919, -0.313167, 2.833143;1.165463, -0.3018153, 2.79429;1.046149, -0.5673997, 2.998281;1.162015, -0.5036439, 2.621089;1.065511, -0.7456242, 3.002736;1.176007, -0.7251425, 2.59486;0.9984115, -0.7947859, 2.984257;1.128644, -0.7861215, 2.537943;
0.6858891, 0.08138584, 2.630059;0.8360478, 0.0181331, 2.690883;1.062466, -0.2238753, 2.781144;0.826295, -0.1152621, 2.908542;0.9730319, 0.01307096, 2.637503;0.8130934, -0.6242165, 2.923568;0.9629886, -0.5395011, 2.512944;1.107704, -0.2720563, 2.802222;1.108104, -0.3101102, 2.836508;1.169742, -0.2965842, 2.789484;1.042502, -0.6477447, 3.014974;1.165479, -0.499072, 2.621878;1.064228, -0.7430474, 3.001492;1.176204, -0.7250686, 2.594576;0.9968862, -0.7944828, 2.982551;1.12858, -0.7860033, 2.537852;
0.686114, 0.08145365, 2.629693;0.8362332, 0.01819113, 2.690645;1.062976, -0.223135, 2.781412;0.8260028, -0.1145061, 2.909696;0.9761276, 0.006740171, 2.63318;0.8206898, -0.5472058, 2.925816;0.960421, -0.5573021, 2.51292;1.108347, -0.2710801, 2.802733;1.109798, -0.3078657, 2.844641;1.171657, -0.2965781, 2.787273;1.042765, -0.6475291, 3.015055;1.167305, -0.497644, 2.621665;1.062909, -0.7472923, 2.998684;1.176491, -0.7247112, 2.594461;0.9974525, -0.7948339, 2.982793;1.130137, -0.7848204, 2.537407;
0.685766, 0.08440533, 2.627501;0.8358865, 0.02106313, 2.688717;1.066073, -0.222464, 2.781242;0.868477, -0.06228798, 2.826542;0.9809291, 0.01994758, 2.634268;0.8219451, -0.5473714, 2.925154;0.9640024, -0.5354572, 2.510349;1.112857, -0.2708716, 2.802961;1.115894, -0.2992914, 2.836235;1.171587, -0.2967068, 2.788701;1.05981, -0.5633065, 2.998736;1.170189, -0.4938083, 2.622098;1.064274, -0.7457373, 2.999277;1.17688, -0.7220602, 2.594362;0.9994053, -0.7945114, 2.984122;1.129969, -0.7845087, 2.53746;
0.6886669, 0.08849828, 2.627981;0.8385959, 0.02562089, 2.689136;1.084948, -0.1644537, 2.864441;0.8672314, -0.06030967, 2.825458;0.9810971, 0.02843583, 2.636105;0.8237687, -0.5450363, 2.926174;0.9661074, -0.5337985, 2.511173;1.133099, -0.2043514, 2.902568;1.131652, -0.2278775, 2.92618;1.180944, -0.2192697, 2.910951;1.059833, -0.5634204, 2.998792;1.173155, -0.4933644, 2.623173;1.066029, -0.745177, 2.999329;1.178247, -0.7880982, 2.593281;0.9992449, -0.7942129, 2.982256;1.126494, -0.7836224, 2.533398;
0.6882364, 0.09990153, 2.627451;0.8384781, 0.03665032, 2.688902;1.085637, -0.1616584, 2.864516;0.8632209, -0.06952476, 2.871679;0.9830545, 0.03874036, 2.63247;0.8263765, -0.5417109, 2.92449;0.967522, -0.5321302, 2.512155;1.134216, -0.2016498, 2.902729;1.134531, -0.2254708, 2.931325;1.184895, -0.2169861, 2.909028;1.050172, -0.4992399, 2.99524;1.175186, -0.4928813, 2.623706;1.066348, -0.7450703, 2.999561;1.179403, -0.7869726, 2.593766;0.9991727, -0.7949928, 2.982708;1.127374, -0.7833483, 2.534092;
0.6974467, 0.1259452, 2.632724;0.8469917, 0.0608924, 2.69495;1.074881, -0.1387147, 2.857238;0.8621682, -0.05851161, 2.862424;0.9833577, 0.04099972, 2.631924;0.8276508, -0.550394, 2.924837;0.9696261, -0.5285062, 2.513782;1.119041, -0.1767793, 2.892069;1.12819, -0.2054878, 2.956703;1.182545, -0.2119394, 2.876546;1.051196, -0.4991636, 2.994658;1.177313, -0.5041275, 2.611999;1.066892, -0.7451394, 3.000102;1.178626, -0.7976234, 2.581859;0.9996814, -0.7953122, 2.983844;1.119811, -0.7750415, 2.533868;
0.7008777, 0.1318331, 2.631498;0.8543866, 0.06702341, 2.695418;1.084486, -0.1394175, 2.871482;0.8631469, -0.05313227, 2.8543;0.9857267, 0.04887987, 2.629562;0.826596, -0.5421699, 2.922351;0.9748258, -0.5241736, 2.50962;1.131498, -0.1810679, 2.91305;1.130424, -0.2077407, 2.952529;1.185025, -0.1973562, 2.936255;1.052387, -0.4996315, 2.995258;1.179254, -0.4895411, 2.624419;1.067261, -0.7403713, 2.998497;1.179031, -0.7824057, 2.593553;1.000518, -0.7949637, 2.984285;1.125095, -0.7830744, 2.535613;
0.7155313, 0.1683327, 2.630662;0.867317, 0.08968157, 2.698371;1.091311, -0.1300804, 2.873335;0.870722, 0.003841274, 2.814921;1.006863, 0.08688682, 2.640162;0.8278757, -0.5001801, 2.916577;0.9794551, -0.5042155, 2.513507;1.136746, -0.1737398, 2.913331;1.13637, -0.1971009, 2.943202;1.187923, -0.1922279, 2.932382;1.057162, -0.5162563, 2.9976;1.183697, -0.488607, 2.627527;1.064743, -0.7406853, 2.997462;1.178168, -0.7806599, 2.592321;1.003094, -0.7956876, 2.981913;1.124848, -0.7822195, 2.5339;
0.7247369, 0.178401, 2.637201;0.8846022, 0.1066784, 2.708305;1.110675, -0.08767901, 2.837881;0.8340845, -0.02106576, 2.907012;1.007478, 0.08801591, 2.640256;0.8233317, -0.5316592, 2.914685;0.9784853, -0.4954178, 2.510695;1.154573, -0.1278452, 2.866275;1.151919, -0.1795001, 2.885227;1.22318, -0.1365366, 2.882607;1.057014, -0.5178468, 2.998942;1.185902, -0.4876765, 2.629484;1.062983, -0.7379869, 2.997848;1.177466, -0.7788477, 2.591289;1.003339, -0.7960004, 2.981205;1.124206, -0.783159, 2.53302;
0.7253902, 0.1860186, 2.637028;0.8857791, 0.1188941, 2.705354;1.111621, -0.09497324, 2.837442;0.8564987, -0.00263972, 2.878286;1.008871, 0.09276305, 2.639744;0.8259724, -0.4828438, 2.91454;0.9789507, -0.4902388, 2.508242;1.156603, -0.1419107, 2.866605;1.152451, -0.1833176, 2.886103;1.218294, -0.1621601, 2.877195;1.056895, -0.5130647, 2.999542;1.189683, -0.488097, 2.629732;1.062295, -0.738239, 2.99765;1.177701, -0.7784951, 2.591531;1.003389, -0.7958493, 2.980163;1.12431, -0.7821456, 2.533409;
0.7388459, 0.2145244, 2.645834;0.8889183, 0.1288771, 2.708292;1.114343, -0.09218745, 2.839498;0.8562926, 0.00307409, 2.879683;1.017339, 0.1027742, 2.644171;0.8249209, -0.4636035, 2.909991;0.9847288, -0.4540652, 2.508594;1.159884, -0.1381944, 2.86913;1.153435, -0.1830826, 2.886013;1.227211, -0.1460756, 2.888578;1.05837, -0.5075589, 3.001998;1.192085, -0.4868277, 2.63333;1.062208, -0.7382889, 2.997772;1.177297, -0.7762123, 2.590427;1.001776, -0.796518, 2.979829;1.124758, -0.7826049, 2.531823;
0.7414887, 0.220441, 2.648004;0.8929878, 0.1459056, 2.7132;1.118296, -0.08377321, 2.840893;0.8598965, 0.03314522, 2.871793;1.020743, 0.126896, 2.649943;0.8281434, -0.4351598, 2.91322;0.9868356, -0.435583, 2.511104;1.163824, -0.129812, 2.870026;1.156968, -0.1760479, 2.886829;1.228926, -0.1396255, 2.886642;1.059967, -0.5040231, 3.00339;1.193953, -0.4827116, 2.636737;1.061881, -0.7374637, 2.997159;1.177401, -0.7711095, 2.589694;1.001665, -0.7959887, 2.978136;1.124638, -0.7834556, 2.532305;
0.7386123, 0.239718, 2.653999;0.8986147, 0.168102, 2.718368;1.118621, -0.02922973, 2.853235;0.8538852, 0.06489352, 2.874741;1.023029, 0.1380225, 2.650636;0.8274865, -0.4313904, 2.917055;0.9885345, -0.4439112, 2.508106;1.162106, -0.07073351, 2.882957;1.156255, -0.1141242, 2.927005;1.233593, -0.08998909, 2.876385;1.060441, -0.5020316, 3.00342;1.194396, -0.481182, 2.638596;1.061491, -0.7901656, 2.999963;1.176894, -0.7686305, 2.588292;0.9878259, -0.7972638, 2.972618;1.123899, -0.7846656, 2.532086;
0.729946, 0.2620294, 2.659293;0.8956925, 0.1849187, 2.718074;1.121741, -0.02083781, 2.852964;0.8562428, 0.06685161, 2.879159;1.024811, 0.147582, 2.652813;0.8275236, -0.4273745, 2.916136;0.9958811, -0.4105089, 2.515691;1.166789, -0.0616618, 2.882877;1.162003, -0.1066358, 2.931604;1.242292, -0.07794908, 2.871903;1.063398, -0.4835613, 3.00325;1.194311, -0.4798752, 2.640019;1.061652, -0.7711788, 2.998791;1.17672, -0.7665443, 2.587697;0.9921806, -0.7997794, 2.974782;1.124048, -0.7854052, 2.532104;
0.7309554, 0.2895554, 2.665511;0.8943778, 0.2007717, 2.723383;1.121052, -0.01222727, 2.854214;0.8464855, 0.1166516, 2.881332;1.021789, 0.1621536, 2.655301;0.8338734, -0.3761055, 2.917245;0.9955572, -0.4027779, 2.515297;1.166268, -0.05443663, 2.883653;1.161257, -0.09578253, 2.937766;1.242631, -0.07608706, 2.870365;1.065375, -0.4674293, 2.999112;1.196884, -0.4320775, 2.653019;1.062038, -0.754284, 2.998902;1.180037, -0.7175152, 2.592542;0.9994624, -0.7970338, 2.977117;1.136583, -0.7810884, 2.545067;
0.7262607, 0.3025675, 2.676069;0.8960596, 0.2149002, 2.733005;1.116275, -0.0001138202, 2.85506;0.8481088, 0.1232568, 2.884017;1.018358, 0.1880796, 2.657662;0.8350047, -0.3648959, 2.917616;0.9970601, -0.3919093, 2.516923;1.160189, -0.04233317, 2.882954;1.156934, -0.08693453, 2.940551;1.239073, -0.07045474, 2.865807;1.068791, -0.4538667, 2.995834;1.201038, -0.414644, 2.65779;1.062801, -0.7332079, 2.997138;1.180715, -0.706848, 2.59386;1.002775, -0.7946137, 2.978272;1.138533, -0.7788116, 2.545944;
0.7271553, 0.3426244, 2.684145;0.8896425, 0.2410641, 2.752422;1.109989, 0.01098714, 2.856872;0.8503638, 0.1363119, 2.890687;1.017355, 0.1980894, 2.661161;0.8378001, -0.3445671, 2.919358;0.9983103, -0.3801988, 2.518452;1.154103, -0.03352446, 2.882605;1.153866, -0.08010008, 2.938968;1.229655, -0.06306246, 2.863148;1.069263, -0.4475635, 2.994289;1.201012, -0.4148199, 2.657827;1.063255, -0.732675, 2.998046;1.180647, -0.7067602, 2.593751;1.005766, -0.7935037, 2.978285;1.138505, -0.7791427, 2.54609;
0.730858, 0.389678, 2.698799;0.8880297, 0.2604761, 2.755922;1.107747, 0.02724976, 2.85519;0.850384, 0.1518355, 2.898067;1.016315, 0.2176165, 2.666387;0.8437161, -0.3178274, 2.925409;1.008931, -0.3097964, 2.524139;1.151797, -0.01914273, 2.879183;1.15456, -0.07025737, 2.935423;1.221917, -0.0437181, 2.855011;1.070301, -0.4373645, 2.991488;1.201641, -0.415291, 2.657794;1.065223, -0.7276883, 2.998869;1.18067, -0.7059824, 2.593965;1.005581, -0.7934584, 2.977537;1.137326, -0.7793283, 2.545876;
0.7326071, 0.4116999, 2.706108;0.8870679, 0.2898641, 2.756738;1.10283, 0.0396285, 2.854229;0.8425781, 0.206528, 2.906574;1.014415, 0.2364786, 2.667488;0.8465629, -0.2977806, 2.925567;1.012153, -0.2930781, 2.526584;1.146405, -0.009179512, 2.877571;1.150053, -0.06094806, 2.934551;1.217098, -0.03928683, 2.852524;1.071507, -0.4291123, 2.989966;1.202273, -0.4157852, 2.657923;1.064918, -0.7278664, 2.998714;1.180995, -0.7062224, 2.593878;1.006476, -0.7931767, 2.979452;1.134892, -0.7799847, 2.542078;
0.7375227, 0.4565486, 2.719509;0.8852389, 0.3256359, 2.764169;1.099571, 0.05062395, 2.852285;0.8457375, 0.2111472, 2.907613;1.013018, 0.2617372, 2.669701;0.8485269, -0.2842831, 2.924003;1.011051, -0.2832136, 2.530833;1.143033, -0.001793179, 2.874574;1.14686, -0.05472185, 2.93098;1.21153, -0.03372102, 2.847267;1.074259, -0.4233087, 2.988661;1.202262, -0.415758, 2.657965;1.065244, -0.7274337, 2.999159;1.180884, -0.7048245, 2.594271;1.00633, -0.7933713, 2.979277;1.135641, -0.7797934, 2.542023;
0.7437036, 0.4828854, 2.738682;0.8888109, 0.3579353, 2.768044;1.083383, 0.07529038, 2.850413;0.8457381, 0.2424357, 2.921252;1.01195, 0.2799023, 2.673435;0.8530167, -0.2561849, 2.927256;1.020525, -0.245164, 2.539466;1.122158, 0.020005, 2.870414;1.124676, -0.03515974, 2.925324;1.187854, -0.02063433, 2.841811;1.076276, -0.414593, 2.987115;1.202254, -0.4148578, 2.658324;1.067436, -0.7284425, 2.998664;1.180983, -0.7048399, 2.594259;1.006689, -0.7934707, 2.978682;1.132299, -0.7801282, 2.539853;
0.7481847, 0.5089945, 2.74191;0.8934933, 0.3852749, 2.779242;1.079929, 0.09339532, 2.854665;0.8469591, 0.2554656, 2.930617;1.013572, 0.3003509, 2.678423;0.8562703, -0.2307433, 2.932981;1.022081, -0.2339098, 2.546809;1.117695, 0.03544065, 2.873323;1.118449, -0.02046118, 2.928601;1.182902, -0.008140477, 2.842428;1.077816, -0.4112055, 2.987502;1.201906, -0.4122036, 2.65951;1.067802, -0.7292663, 2.999061;1.18103, -0.7046835, 2.594016;1.006722, -0.7933442, 2.979259;1.132749, -0.7799124, 2.539512;
0.7613558, 0.5604264, 2.750728;0.8978842, 0.4072431, 2.784223;1.073521, 0.1016747, 2.853649;0.8509568, 0.3101031, 2.931593;1.013217, 0.3158235, 2.68126;0.8561818, -0.2099292, 2.932155;1.024862, -0.2145677, 2.556117;1.10875, 0.04255839, 2.871156;1.107892, -0.0132527, 2.924706;1.168395, -0.002501993, 2.838968;1.077894, -0.4096148, 2.988265;1.201278, -0.4121265, 2.66016;1.06902, -0.7320293, 3.000082;1.180996, -0.7046621, 2.594097;1.006688, -0.7933716, 2.980414;1.132177, -0.7805031, 2.539478;
0.7641519, 0.5731187, 2.754666;0.9037391, 0.4321831, 2.786725;1.063295, 0.1312732, 2.852275;0.8532037, 0.3204705, 2.931161;1.014291, 0.3390399, 2.685349;0.8582718, -0.184744, 2.933844;1.031797, -0.1783997, 2.561427;1.094978, 0.07125529, 2.868614;1.093937, 0.01077509, 2.927068;1.155777, 0.01821625, 2.831621;1.0784, -0.4027727, 2.986511;1.200057, -0.4097169, 2.660869;1.068901, -0.7322641, 2.999761;1.180973, -0.7046515, 2.593989;1.022213, -0.7902899, 2.925612;1.131943, -0.7806745, 2.539315;
0.7752883, 0.6132499, 2.770644;0.9083425, 0.4625838, 2.792143;1.060076, 0.1421901, 2.852201;0.8579649, 0.3374929, 2.936564;1.012813, 0.356632, 2.690446;0.8585368, -0.1774321, 2.93208;1.032777, -0.1713669, 2.56403;1.091068, 0.07973887, 2.867939;1.089972, 0.01780097, 2.927101;1.149288, 0.02692149, 2.828715;1.078882, -0.3999333, 2.986398;1.198338, -0.4079728, 2.661607;1.06857, -0.73268, 2.999643;1.180993, -0.7041228, 2.594239;0.9998856, -0.7925264, 2.987437;1.132245, -0.780471, 2.53979;
0.796139, 0.656219, 2.79096;0.9128625, 0.4797506, 2.79103;1.054888, 0.1558494, 2.847236;0.8606144, 0.3497061, 2.943884;1.015196, 0.3801405, 2.693965;0.8592697, -0.1523801, 2.929812;1.036791, -0.1468318, 2.567779;1.083571, 0.09214094, 2.861852;1.081864, 0.02602893, 2.919799;1.138203, 0.04051763, 2.821951;1.077036, -0.3935, 2.985634;1.195291, -0.3982156, 2.664203;1.068385, -0.7321823, 2.999325;1.181395, -0.7034596, 2.594909;1.001559, -0.7914395, 2.984526;1.132833, -0.7797905, 2.540053;
0.801047, 0.6628947, 2.791714;0.9192648, 0.5066618, 2.794657;1.05304, 0.1730331, 2.843572;0.8659197, 0.3815938, 2.957017;1.015488, 0.3948955, 2.694464;0.8538418, -0.1716428, 2.930189;1.036776, -0.1419842, 2.569551;1.080327, 0.1071119, 2.857026;1.077796, 0.0372633, 2.916882;1.133824, 0.05474266, 2.812849;1.076136, -0.3917208, 2.985601;1.193636, -0.3956483, 2.665335;1.068541, -0.73215, 2.999165;1.182625, -0.7050531, 2.595182;1.00303, -0.791218, 2.982829;1.133118, -0.7804375, 2.541037;
0.8110321, 0.679819, 2.797159;0.9258116, 0.5186573, 2.797658;1.051888, 0.1833566, 2.84251;0.8685338, 0.3912771, 2.96011;1.017775, 0.4090456, 2.69714;0.8618845, -0.1464704, 2.934558;1.042032, -0.1128423, 2.57355;1.077549, 0.1171309, 2.855016;1.072541, 0.05041786, 2.913936;1.130554, 0.06076606, 2.810295;1.075342, -0.3913628, 2.985559;1.189247, -0.3799744, 2.668331;1.069162, -0.7301129, 3.000092;1.183143, -0.7053351, 2.595683;1.024389, -0.7874919, 2.936098;1.132593, -0.7804777, 2.540739;
0.825936, 0.7037971, 2.800868;0.9349784, 0.5394661, 2.804431;1.048705, 0.1961546, 2.843173;0.8766173, 0.4234555, 2.967218;1.024342, 0.4272446, 2.699539;0.8730097, -0.09967694, 2.933031;1.040823, -0.1094728, 2.579342;1.07221, 0.1287847, 2.85465;1.066533, 0.05800614, 2.912143;1.120002, 0.0781875, 2.809415;1.074694, -0.3913029, 2.985307;1.187861, -0.3777449, 2.669122;1.069237, -0.7301669, 2.999924;1.184093, -0.7046983, 2.596399;1.012216, -0.7906705, 2.973478;1.133156, -0.7804484, 2.541377;
0.8446928, 0.7354404, 2.811713;0.941902, 0.5602651, 2.809239;1.041693, 0.2139335, 2.83592;0.8797237, 0.4247355, 2.969101;1.028981, 0.4511485, 2.703301;0.8737823, -0.09565896, 2.933135;1.042752, -0.0989432, 2.585349;1.061291, 0.1464501, 2.844031;1.051472, 0.07121359, 2.902881;1.107194, 0.09603278, 2.790384;1.070662, -0.3882762, 2.983851;1.186502, -0.3738673, 2.674033;1.068844, -0.7298497, 2.999477;1.185014, -0.6985563, 2.597177;1.011983, -0.7906275, 2.973943;1.144074, -0.7763682, 2.558803;
0.852469, 0.7428755, 2.815412;0.9481913, 0.5708469, 2.811012;1.040286, 0.2194457, 2.834642;0.8870394, 0.4480706, 2.984417;1.032515, 0.459542, 2.704226;0.8755593, -0.08413102, 2.937049;1.052498, -0.05481155, 2.583933;1.059038, 0.1506792, 2.842529;1.04644, 0.07721709, 2.900364;1.105279, 0.09835236, 2.789257;1.067144, -0.3850524, 2.982518;1.184941, -0.3656333, 2.67257;1.068698, -0.7296085, 2.999054;1.185406, -0.7016252, 2.597908;1.01051, -0.7903247, 2.972574;1.140321, -0.7791445, 2.553941;
0.8627859, 0.7539344, 2.822271;0.9592122, 0.5913219, 2.815851;1.036502, 0.2353529, 2.832984;0.8909544, 0.4590009, 2.992708;1.035777, 0.4677152, 2.704623;0.8759779, -0.07016589, 2.936907;1.053186, -0.05386543, 2.58395;1.052471, 0.1654956, 2.839776;1.039026, 0.08802757, 2.898301;1.096705, 0.1100555, 2.784795;1.06403, -0.3820568, 2.98088;1.181717, -0.348766, 2.678407;1.069087, -0.725925, 2.998551;1.185673, -0.7009853, 2.597991;1.014926, -0.792437, 2.954307;1.140547, -0.7791568, 2.553931;
0.8719347, 0.7650044, 2.828097;0.962998, 0.5988371, 2.818734;1.033406, 0.2460667, 2.832503;0.8989146, 0.4678997, 2.995547;1.044015, 0.4822755, 2.707429;0.8753043, -0.0540167, 2.938544;1.056551, -0.04110582, 2.585491;1.047452, 0.1765029, 2.838434;1.033481, 0.09626082, 2.897324;1.089691, 0.1196479, 2.781613;1.063242, -0.3797618, 2.980586;1.179272, -0.3395671, 2.682089;1.068772, -0.7268594, 2.999262;1.185477, -0.7020503, 2.597878;1.014076, -0.7947775, 2.984499;1.139806, -0.7796004, 2.552384;
0.8850601, 0.7767023, 2.835089;0.9734315, 0.6137849, 2.829158;1.031142, 0.2531275, 2.833809;0.908578, 0.480159, 2.994573;1.048021, 0.4915712, 2.710716;0.8759806, -0.04397932, 2.937709;1.056942, -0.03363559, 2.585355;1.043542, 0.1827347, 2.838772;1.02607, 0.1070477, 2.894842;1.081782, 0.1279557, 2.782453;1.06246, -0.3782815, 2.978934;1.177209, -0.3280582, 2.680992;1.068206, -0.7266145, 2.999262;1.185366, -0.7021207, 2.597918;1.012264, -0.7944764, 2.984016;1.139113, -0.7798315, 2.551298;
0.8949059, 0.7856405, 2.843185;0.9797949, 0.6219951, 2.831812;1.028127, 0.2605382, 2.834516;0.9149468, 0.4862044, 3.000237;1.05241, 0.4943588, 2.711667;0.8745037, -0.03482582, 2.937702;1.056018, -0.03120553, 2.585124;1.038209, 0.1898708, 2.838846;1.018924, 0.1132245, 2.895377;1.075374, 0.1330905, 2.780998;1.061584, -0.3752743, 2.976971;1.176882, -0.3267221, 2.679108;1.068193, -0.7266279, 2.99935;1.186408, -0.6975126, 2.598558;1.014686, -0.7939334, 2.941627;1.139261, -0.7795841, 2.552253;
0.9026434, 0.7935878, 2.84585;0.988044, 0.6327786, 2.834593;1.026561, 0.2677629, 2.833892;0.920836, 0.4946356, 3.005605;1.057535, 0.5023683, 2.71313;0.8726854, -0.03071701, 2.93573;1.056531, -0.02795259, 2.585796;1.034984, 0.1962906, 2.837488;1.013707, 0.1205797, 2.893117;1.070463, 0.1394142, 2.778877;1.060959, -0.3733924, 2.975667;1.176107, -0.3271277, 2.677927;1.067164, -0.7279351, 2.999019;1.186449, -0.6982208, 2.598529;1.002248, -0.7968703, 2.990384;1.138805, -0.7792563, 2.549986;
0.9403823, 0.8163353, 2.876019;1.01296, 0.6575854, 2.855487;1.026924, 0.2726533, 2.835138;0.9279838, 0.4999209, 3.015422;1.067301, 0.5119982, 2.71732;0.8733885, -0.01722327, 2.936557;1.056626, -0.006421803, 2.588578;1.033772, 0.1991484, 2.837399;1.01026, 0.1245254, 2.890675;1.067481, 0.1432142, 2.778678;1.05996, -0.3691453, 2.973173;1.174803, -0.3254958, 2.67637;1.067081, -0.7281688, 2.999601;1.186414, -0.6982557, 2.598574;1.00589, -0.7949417, 2.98704;1.136955, -0.7787078, 2.547137;
0.9455336, 0.8173702, 2.878717;1.0144, 0.6584219, 2.855578;1.026802, 0.2780892, 2.83478;0.9315501, 0.5023211, 3.017437;1.072654, 0.5166373, 2.718808;0.8751262, -0.01416211, 2.935761;1.05662, -0.004357203, 2.58915;1.031688, 0.2044165, 2.835869;1.005711, 0.1315156, 2.886234;1.063936, 0.1483487, 2.777279;1.060084, -0.3682705, 2.972327;1.171607, -0.3171641, 2.67374;1.067934, -0.7309199, 2.999465;1.186385, -0.6981444, 2.598575;1.003691, -0.7955421, 2.98603;1.138012, -0.7794458, 2.550512;
0.9511171, 0.8182558, 2.882587;1.019905, 0.659899, 2.854215;1.02751, 0.280914, 2.833655;0.93676