0.7678229, 0.8166023, 3.074191;0.816393, 0.6455821, 3.051098;0.7555014, 0.2524053, 2.976796;0.677452, 0.5141049, 3.164401;0.8781489, 0.5003128, 2.920765;0.5943549, -0.035538, 3.026934;0.802116, -0.03001166, 2.735335;0.7433231, 0.17377, 2.965606;0.6879376, 0.1108258, 3.002684;0.7782511, 0.1046193, 2.900389;0.7164195, -0.3766821, 3.058992;0.8649452, -0.3492919, 2.822181;0.7209079, -0.734152, 3.087359;0.8956966, -0.7162285, 2.757824;0.6645325, -0.8205642, 3.045744;0.8519732, -0.801716, 2.704294;
0.7675596, 0.819932, 3.075845;0.8165868, 0.6471726, 3.052102;0.7555841, 0.2523402, 2.977283;0.678113, 0.515678, 3.164114;0.8787352, 0.5008864, 2.921432;0.5867097, -0.0802237, 3.019885;0.7974148, -0.04330485, 2.731318;0.7434804, 0.1734878, 2.966037;0.6881033, 0.1103852, 3.003265;0.7786078, 0.1036104, 2.900183;0.7164026, -0.3769585, 3.059283;0.8652356, -0.3494336, 2.822705;0.7207889, -0.7343711, 3.087712;0.8984485, -0.712363, 2.761664;0.6642819, -0.8208354, 3.047247;0.8520628, -0.8013341, 2.704631;
0.766997, 0.8214821, 3.078071;0.8165169, 0.6472508, 3.052127;0.7555844, 0.2523118, 2.977287;0.6780248, 0.5157662, 3.164288;0.8787398, 0.5008819, 2.921448;0.5946664, -0.03639219, 3.026397;0.8002483, -0.03982297, 2.732342;0.7434893, 0.1734176, 2.966024;0.6881095, 0.1103446, 3.003236;0.7786359, 0.1035427, 2.900201;0.7148936, -0.3720095, 3.057112;0.8653595, -0.3479089, 2.823208;0.7215142, -0.729697, 3.088679;0.8986468, -0.7119991, 2.761684;0.6644703, -0.8052133, 3.061511;0.8518277, -0.8005797, 2.706239;
0.7669308, 0.8204564, 3.076909;0.8163929, 0.6474202, 3.052546;0.7555827, 0.2522318, 2.977371;0.6775444, 0.5140768, 3.163829;0.8788727, 0.5008926, 2.921623;0.5944462, -0.03678358, 3.026331;0.8014992, -0.03594283, 2.733496;0.7434983, 0.1732389, 2.966051;0.6880229, 0.1097097, 3.003148;0.7787049, 0.1034688, 2.900195;0.7147729, -0.367624, 3.055763;0.8660018, -0.3485152, 2.82349;0.7251631, -0.7166324, 3.09318;0.8989401, -0.7118164, 2.761743;0.6693126, -0.7941581, 3.068545;0.8521767, -0.800114, 2.705857;
0.7671559, 0.8204847, 3.077523;0.8164485, 0.6475097, 3.053164;0.7557692, 0.2519906, 2.977386;0.677676, 0.5143681, 3.163743;0.8789499, 0.5010227, 2.921589;0.5941926, -0.03672916, 3.025273;0.8013608, -0.03479859, 2.733211;0.7437728, 0.1728357, 2.965912;0.6883466, 0.1092208, 3.00306;0.7790979, 0.1027822, 2.899583;0.7149315, -0.3655495, 3.05557;0.8659081, -0.3484413, 2.823551;0.7248203, -0.7166705, 3.09295;0.8993187, -0.7119454, 2.762353;0.6634295, -0.7980435, 3.074911;0.8526829, -0.7998846, 2.705998;
0.7668118, 0.8206515, 3.077486;0.8167299, 0.6479655, 3.054058;0.7556915, 0.2519643, 2.977427;0.6777822, 0.5151772, 3.163583;0.8789443, 0.5010926, 2.921558;0.5941554, -0.03650849, 3.025213;0.8021244, -0.03125107, 2.734755;0.7436337, 0.1727661, 2.965913;0.6881584, 0.1094134, 3.002843;0.7787864, 0.1028713, 2.899974;0.7150074, -0.3651768, 3.055669;0.8659114, -0.3482325, 2.823579;0.7247815, -0.7165661, 3.092665;0.8992895, -0.7118527, 2.762286;0.6701956, -0.8078091, 3.049757;0.8525535, -0.7998134, 2.705346;
0.7664156, 0.8208739, 3.077363;0.8152126, 0.648151, 3.052663;0.755505, 0.2516427, 2.977059;0.6776814, 0.5150838, 3.163553;0.8789338, 0.501173, 2.921602;0.5915976, -0.05084391, 3.020542;0.8012255, -0.0346441, 2.734294;0.7435544, 0.1723673, 2.965609;0.6881434, 0.1088513, 3.002608;0.7788255, 0.1025804, 2.899751;0.7150013, -0.3656704, 3.055675;0.8658638, -0.3483703, 2.823618;0.724206, -0.7186735, 3.092703;0.8995183, -0.7116741, 2.762696;0.6582731, -0.8072313, 3.066073;0.8530518, -0.7995796, 2.705475;
0.7660697, 0.8206799, 3.078123;0.8150487, 0.647885, 3.052762;0.7555257, 0.2512885, 2.977066;0.6775652, 0.5151419, 3.163577;0.8791369, 0.5010516, 2.921448;0.5934382, -0.0369215, 3.024263;0.8022104, -0.03349208, 2.735126;0.7436191, 0.1719731, 2.965597;0.688146, 0.1084181, 3.002625;0.7790873, 0.1018361, 2.89959;0.7148139, -0.3647504, 3.055818;0.865779, -0.3483469, 2.823643;0.7239839, -0.7169665, 3.092333;0.8998053, -0.7116649, 2.762844;0.6683179, -0.7991318, 3.056084;0.8531791, -0.7993649, 2.705458;
0.7657013, 0.8200646, 3.078081;0.8147153, 0.6477699, 3.052276;0.7554503, 0.25125, 2.976842;0.6775563, 0.515153, 3.163569;0.8790288, 0.5011863, 2.9215;0.5933522, -0.03700123, 3.024067;0.8023819, -0.0324128, 2.735351;0.7435755, 0.1719447, 2.965413;0.6881582, 0.1084631, 3.002336;0.7790628, 0.1018949, 2.89954;0.7147366, -0.3639084, 3.055499;0.866293, -0.3487225, 2.824073;0.7240583, -0.7170008, 3.092336;0.8998052, -0.7116644, 2.762828;0.6683809, -0.8003404, 3.056812;0.853519, -0.7990791, 2.70514;
0.7649546, 0.8185734, 3.077008;0.8144754, 0.6477718, 3.052135;0.7544809, 0.2511773, 2.977937;0.6773849, 0.5149081, 3.163316;0.8790174, 0.5011572, 2.921521;0.5934996, -0.03700789, 3.02361;0.8029713, -0.0311118, 2.735818;0.7423209, 0.1718398, 2.967068;0.6857492, 0.1045239, 3.005703;0.7773203, 0.1038979, 2.901896;0.7142062, -0.3630802, 3.055202;0.86629, -0.3487471, 2.824206;0.724329, -0.715158, 3.091544;0.901862, -0.7094807, 2.765274;0.6698698, -0.7957551, 3.060679;0.8562906, -0.79768, 2.709101;
0.76493, 0.8187068, 3.076797;0.8139473, 0.6478312, 3.051387;0.7541313, 0.2511809, 2.978126;0.6773807, 0.5148409, 3.162912;0.8788875, 0.5014397, 2.921744;0.5934108, -0.03706913, 3.023309;0.8034031, -0.02897702, 2.736187;0.741938, 0.171837, 2.967447;0.685247, 0.1035318, 3.006352;0.7768759, 0.1051594, 2.90269;0.7144867, -0.3624237, 3.05532;0.866232, -0.3488705, 2.824093;0.724735, -0.7147841, 3.091839;0.9019339, -0.7099525, 2.765205;0.6651197, -0.7961425, 3.066361;0.8563259, -0.7976949, 2.708978;
0.7634364, 0.81641, 3.075043;0.8137795, 0.6478114, 3.051385;0.753839, 0.2513014, 2.978419;0.6771045, 0.5149494, 3.163668;0.8788359, 0.5012972, 2.921904;0.593379, -0.03701711, 3.023298;0.8000885, -0.03881615, 2.732956;0.7416434, 0.1719983, 2.967797;0.6849244, 0.1025233, 3.006669;0.7763104, 0.1067122, 2.903292;0.7143667, -0.3637708, 3.055232;0.8657793, -0.3483119, 2.82423;0.7254672, -0.7190207, 3.092545;0.9015737, -0.7104936, 2.764502;0.6768298, -0.8041276, 3.045458;0.8549351, -0.79845, 2.707308;
0.7634104, 0.8164381, 3.075045;0.8135505, 0.6478157, 3.051304;0.7534875, 0.2512697, 2.978532;0.6769292, 0.5151626, 3.164532;0.8787735, 0.5013897, 2.921912;0.5934258, -0.03684864, 3.023425;0.8033674, -0.02836919, 2.735593;0.7412913, 0.1719589, 2.967932;0.6844451, 0.1015976, 3.006728;0.7758994, 0.1072087, 2.903383;0.7143105, -0.3637536, 3.055252;0.8656524, -0.3465676, 2.824391;0.7252774, -0.7189302, 3.092538;0.9040565, -0.7079439, 2.767838;0.6678317, -0.8004006, 3.069151;0.8649588, -0.793219, 2.719197;
0.7622904, 0.8179939, 3.074832;0.8136309, 0.6482152, 3.05132;0.7532833, 0.2511614, 2.978668;0.6768016, 0.5150905, 3.164596;0.878576, 0.5015079, 2.921869;0.5940365, -0.03631527, 3.023821;0.7977223, -0.04164487, 2.729034;0.740975, 0.1717085, 2.968112;0.6841484, 0.101037, 3.006664;0.7756056, 0.1074481, 2.903747;0.7142797, -0.3637928, 3.055275;0.8661357, -0.3467754, 2.824508;0.7256367, -0.719106, 3.09238;0.9041303, -0.7078743, 2.767813;0.6655703, -0.8005431, 3.068102;0.8656086, -0.7919992, 2.718924;
0.7619348, 0.8181291, 3.074931;0.8131433, 0.6485003, 3.051545;0.7527541, 0.250871, 2.978849;0.6766692, 0.5146801, 3.164407;0.8783613, 0.5014806, 2.922053;0.5942078, -0.0373434, 3.024343;0.8054507, -0.02553131, 2.736931;0.7404374, 0.171284, 2.968261;0.6837687, 0.1002935, 3.006431;0.7752022, 0.1076818, 2.904082;0.7143633, -0.3684445, 3.05625;0.8666387, -0.3467366, 2.824711;0.7253097, -0.7219473, 3.092544;0.9042457, -0.7077183, 2.767891;0.6622686, -0.8040097, 3.068109;0.8661734, -0.7913707, 2.719665;
0.7618113, 0.817683, 3.07554;0.8112971, 0.6458871, 3.050238;0.7525375, 0.2507287, 2.978862;0.6762988, 0.5142135, 3.164462;0.8785415, 0.5013509, 2.921978;0.5939174, -0.03815139, 3.023772;0.8049092, -0.03090502, 2.737574;0.7403523, 0.17127, 2.968306;0.6836063, 0.09991629, 3.006386;0.7752062, 0.1077868, 2.904156;0.7134504, -0.3659018, 3.055405;0.8666408, -0.3466051, 2.824702;0.7246816, -0.7189475, 3.0932;0.9043207, -0.7074145, 2.76797;0.6605234, -0.8028761, 3.077511;0.8662675, -0.7909611, 2.720124;
0.761585, 0.8179561, 3.075435;0.8113969, 0.6462685, 3.050335;0.7518597, 0.2510909, 2.979088;0.6762388, 0.5142063, 3.164456;0.8781121, 0.5016829, 2.922101;0.5931278, -0.03885585, 3.022982;0.805718, -0.02756569, 2.738765;0.7394656, 0.1717018, 2.96858;0.6829517, 0.1003802, 3.006228;0.7737392, 0.1094035, 2.905238;0.7136046, -0.3654995, 3.055236;0.8666513, -0.3468395, 2.824648;0.7251748, -0.7161471, 3.093883;0.9043229, -0.7074206, 2.767944;0.6602741, -0.8027446, 3.077852;0.867314, -0.7905832, 2.721348;
0.7611169, 0.8172725, 3.074469;0.8113676, 0.6462441, 3.050579;0.7516971, 0.2508296, 2.97913;0.6756112, 0.5114757, 3.164155;0.8779967, 0.5014768, 2.921925;0.5929595, -0.03930945, 3.023091;0.8059009, -0.02769627, 2.737595;0.7393118, 0.1714148, 2.968573;0.6827247, 0.09949952, 3.006115;0.7737144, 0.109344, 2.905149;0.7135994, -0.3653348, 3.055002;0.8667191, -0.3468794, 2.824725;0.7251071, -0.716225, 3.093792;0.9044945, -0.7065762, 2.76866;0.6568666, -0.8024555, 3.077712;0.8672987, -0.7904554, 2.721502;
0.7605906, 0.8168384, 3.074097;0.8114941, 0.6466425, 3.050887;0.7513607, 0.2508252, 2.97934;0.6754373, 0.5113726, 3.163862;0.8781434, 0.501606, 2.921956;0.5914919, -0.04812463, 3.020359;0.8051359, -0.03067513, 2.736775;0.7388886, 0.171365, 2.968787;0.6820531, 0.09918666, 3.006329;0.7735248, 0.1093455, 2.905203;0.7136535, -0.3639498, 3.054682;0.866665, -0.3469839, 2.824512;0.7244425, -0.7150053, 3.092673;0.9045827, -0.7067496, 2.768441;0.6567284, -0.802275, 3.077553;0.8676955, -0.7906882, 2.722886;
0.7592641, 0.817055, 3.07258;0.8117673, 0.6473323, 3.050979;0.7512586, 0.2507726, 2.97928;0.675427, 0.511325, 3.163652;0.8781356, 0.5016176, 2.921977;0.5933464, -0.03990279, 3.021445;0.80418, -0.03142885, 2.735372;0.7387177, 0.171217, 2.968669;0.6818628, 0.09894828, 3.006079;0.7734342, 0.10933, 2.905101;0.7136278, -0.3630252, 3.054472;0.8668451, -0.3471798, 2.824482;0.723838, -0.7135246, 3.093255;0.90445, -0.706664, 2.768158;0.6596127, -0.7980394, 3.07991;0.8681241, -0.7903379, 2.722687;
0.7590646, 0.8169711, 3.072479;0.8116825, 0.6467977, 3.050243;0.751049, 0.2507438, 2.97909;0.6751034, 0.5111739, 3.16382;0.8781211, 0.5015211, 2.921891;0.5912123, -0.04877987, 3.018204;0.8027682, -0.03379087, 2.733558;0.7385259, 0.1712558, 2.968532;0.681552, 0.09884103, 3.00592;0.773338, 0.1093935, 2.904909;0.7134554, -0.3624136, 3.054272;0.8668218, -0.3469141, 2.824335;0.7234189, -0.7125006, 3.092799;0.9046149, -0.7062731, 2.768626;0.6595054, -0.7986962, 3.080535;0.8680758, -0.7902352, 2.722697;
0.7598971, 0.8166075, 3.070412;0.8117331, 0.6464583, 3.049814;0.7508354, 0.2506834, 2.979127;0.6751764, 0.5114463, 3.163946;0.8781322, 0.5009897, 2.920924;0.5905482, -0.05119359, 3.016794;0.8019567, -0.03451845, 2.73249;0.7382475, 0.1712459, 2.968661;0.6812422, 0.09883533, 3.006089;0.773114, 0.1094223, 2.90504;0.7135324, -0.362403, 3.054345;0.8662943, -0.3460729, 2.823986;0.7234365, -0.7114533, 3.093121;0.9053113, -0.7062025, 2.768999;0.6595655, -0.7984748, 3.080226;0.8685644, -0.7901124, 2.723234;
0.7595808, 0.81618, 3.070544;0.8118163, 0.6465452, 3.049645;0.7506455, 0.250798, 2.979027;0.675047, 0.5115349, 3.164184;0.8781148, 0.5009932, 2.920896;0.5893539, -0.05319897, 3.015841;0.801887, -0.034884, 2.733553;0.7379981, 0.1714019, 2.968573;0.6809325, 0.09884944, 3.006026;0.772882, 0.1097223, 2.904855;0.7131772, -0.3619465, 3.054028;0.8663056, -0.3459795, 2.823925;0.7232554, -0.7109241, 3.092173;0.9041473, -0.708187, 2.767938;0.661153, -0.7967259, 3.077186;0.8686426, -0.7901337, 2.723526;
0.7592432, 0.8168204, 3.070293;0.8116684, 0.6464961, 3.049476;0.7501529, 0.2507644, 2.979137;0.6748947, 0.5114728, 3.164053;0.8781816, 0.5009316, 2.920781;0.5902533, -0.04070592, 3.019425;0.8017601, -0.03333288, 2.732072;0.7374601, 0.1714012, 2.968772;0.6802808, 0.09885804, 3.006188;0.7725108, 0.1097024, 2.905095;0.7131714, -0.3590631, 3.053096;0.8664328, -0.3460482, 2.823994;0.7234342, -0.7108744, 3.092191;0.9042163, -0.7079586, 2.768043;0.6611531, -0.796725, 3.077186;0.8687453, -0.7899475, 2.723395;
0.7588655, 0.8169229, 3.07116;0.8112473, 0.6476458, 3.049234;0.7498178, 0.2510799, 2.97927;0.6748342, 0.5116429, 3.163933;0.8780831, 0.5007948, 2.920635;0.5901413, -0.04073681, 3.019918;0.8019667, -0.03291071, 2.732274;0.7371693, 0.171641, 2.968949;0.6801557, 0.09902112, 3.006263;0.7721544, 0.110061, 2.905457;0.7131535, -0.3591818, 3.053144;0.8664254, -0.3456892, 2.82391;0.723789, -0.7113559, 3.092361;0.9043326, -0.7080771, 2.768235;0.6598193, -0.7970413, 3.077235;0.8691227, -0.7900755, 2.724521;
0.7587808, 0.8173428, 3.071459;0.8111531, 0.6465357, 3.048809;0.7495085, 0.2507008, 2.979216;0.6741607, 0.5108473, 3.163384;0.8779863, 0.5007207, 2.920459;0.5881301, -0.0536061, 3.016626;0.8017082, -0.0333235, 2.732177;0.7368799, 0.1713726, 2.968942;0.6797834, 0.09871709, 3.006182;0.7720026, 0.1099325, 2.905497;0.7130693, -0.3598742, 3.052908;0.8662959, -0.3455514, 2.823968;0.7237033, -0.7119946, 3.092188;0.903977, -0.7079514, 2.768567;0.6591569, -0.7984074, 3.07936;0.8691509, -0.7897331, 2.724685;
0.7584657, 0.8157144, 3.069998;0.8107665, 0.6466931, 3.0486;0.7493394, 0.2506847, 2.979166;0.6740937, 0.5108414, 3.163279;0.8778499, 0.5008149, 2.92031;0.5878619, -0.05322991, 3.016493;0.8017967, -0.03423067, 2.732259;0.7367663, 0.1713486, 2.968912;0.6796364, 0.09856621, 3.006262;0.7719472, 0.1099184, 2.905384;0.7129195, -0.3597854, 3.052833;0.8661711, -0.344491, 2.82425;0.7237335, -0.7114444, 3.092241;0.9045706, -0.7075021, 2.769061;0.6590256, -0.7980159, 3.079005;0.8691094, -0.7896332, 2.724687;
0.7577939, 0.8160728, 3.070337;0.8099682, 0.6472095, 3.047655;0.7492149, 0.2507746, 2.978993;0.6738629, 0.5107004, 3.163295;0.8777865, 0.5008315, 2.920299;0.5887694, -0.04136445, 3.019911;0.8020024, -0.03379813, 2.732449;0.7367227, 0.171399, 2.968825;0.6796294, 0.09852605, 3.00623;0.7719626, 0.1100024, 2.905237;0.7128544, -0.3599275, 3.052915;0.8661637, -0.3445478, 2.824237;0.7237569, -0.7111846, 3.09233;0.9039983, -0.7072455, 2.76843;0.6590058, -0.798032, 3.078924;0.869065, -0.7892893, 2.724336;
0.7575717, 0.8161408, 3.07049;0.8094947, 0.6474096, 3.047723;0.748764, 0.250676, 2.979077;0.6727996, 0.5107804, 3.163732;0.8768384, 0.5011238, 2.920451;0.5872141, -0.05187517, 3.015638;0.8105797, -0.009995863, 2.740172;0.7363179, 0.1712559, 2.968923;0.6792606, 0.09817072, 3.006355;0.7716783, 0.1099735, 2.90529;0.7135339, -0.3626116, 3.053546;0.8661921, -0.3453602, 2.823876;0.7258133, -0.7170485, 3.093475;0.9040256, -0.7072749, 2.768447;0.6541224, -0.8033708, 3.072329;0.8691744, -0.7891723, 2.724353;
0.7575455, 0.8161638, 3.070417;0.8092532, 0.647131, 3.047627;0.748534, 0.250544, 2.978803;0.6727295, 0.5107973, 3.163712;0.8766308, 0.5006166, 2.919789;0.5887895, -0.04102929, 3.01885;0.8105416, -0.01000123, 2.740205;0.7361203, 0.1711613, 2.968631;0.6790214, 0.09793247, 3.006029;0.7715656, 0.1099578, 2.904858;0.7136671, -0.365512, 3.054534;0.8663334, -0.3454666, 2.823977;0.7224222, -0.7224556, 3.091157;0.9042736, -0.7070744, 2.768996;0.6541482, -0.8038216, 3.072528;0.8688832, -0.7886621, 2.724118;
0.7574506, 0.8158186, 3.069771;0.808131, 0.6467077, 3.04843;0.7479441, 0.2501912, 2.978872;0.6722823, 0.5107557, 3.163717;0.8759282, 0.5001519, 2.919014;0.5867791, -0.05573125, 3.014189;0.8105208, -0.01001598, 2.7402;0.7356433, 0.1708341, 2.968617;0.6786842, 0.09764507, 3.005932;0.7712142, 0.1096779, 2.904784;0.7133062, -0.3656392, 3.054428;0.8663229, -0.3459754, 2.823932;0.7225936, -0.7223397, 3.090673;0.9039899, -0.7070267, 2.768663;0.6552212, -0.803125, 3.072374;0.8689095, -0.7886107, 2.724136;
0.7571234, 0.8158675, 3.069588;0.8064772, 0.6460609, 3.047902;0.7472369, 0.2500991, 2.978565;0.671854, 0.5104414, 3.163291;0.8760168, 0.4998492, 2.918451;0.5886326, -0.04065564, 3.019106;0.8105535, -0.009725599, 2.740669;0.7351246, 0.1708164, 2.96836;0.6780294, 0.09744696, 3.00576;0.7709482, 0.1095663, 2.904372;0.7125768, -0.3644528, 3.053964;0.8659629, -0.3453852, 2.823815;0.7226647, -0.7194653, 3.091065;0.9040627, -0.7070581, 2.768924;0.6552354, -0.8028559, 3.072501;0.8692834, -0.7888249, 2.724589;
0.7561148, 0.8166579, 3.067821;0.8063189, 0.646089, 3.048091;0.7467963, 0.2499277, 2.978497;0.6717183, 0.510641, 3.162621;0.8752764, 0.4999055, 2.918215;0.5880932, -0.03994806, 3.017964;0.8106784, -0.009244068, 2.740565;0.7346253, 0.170595, 2.968221;0.6777393, 0.09739577, 3.005528;0.7704582, 0.1096339, 2.904342;0.7125999, -0.3644931, 3.053925;0.8660246, -0.3454855, 2.82372;0.7230992, -0.7191038, 3.091384;0.9039246, -0.7071527, 2.768848;0.6549473, -0.8027229, 3.073727;0.8692636, -0.7888517, 2.72451;
0.7560374, 0.8168934, 3.067888;0.8053455, 0.6457022, 3.04725;0.7463939, 0.24979, 2.978039;0.6710889, 0.510655, 3.161866;0.8745334, 0.4994729, 2.917719;0.5854161, -0.05460525, 3.013732;0.8107534, -0.008794528, 2.740455;0.7343465, 0.1705067, 2.967845;0.677526, 0.09719685, 3.005241;0.7702803, 0.1096324, 2.903897;0.7120954, -0.3653065, 3.053859;0.8661547, -0.3460002, 2.82348;0.723076, -0.7192468, 3.091465;0.9036698, -0.7069914, 2.768215;0.6545972, -0.8031846, 3.074357;0.8693544, -0.7885978, 2.724317;
0.7547283, 0.8174278, 3.068068;0.8045107, 0.646523, 3.04674;0.7460147, 0.2497715, 2.977423;0.6702573, 0.5096658, 3.158274;0.8743763, 0.4996296, 2.917587;0.5869144, -0.03942252, 3.018081;0.8102954, -0.00806348, 2.740481;0.7340429, 0.1703723, 2.96718;0.6772884, 0.09695397, 3.004533;0.7701485, 0.1096719, 2.903268;0.7121395, -0.3692592, 3.054492;0.8661794, -0.3460595, 2.823334;0.7243911, -0.7224147, 3.093439;0.9043129, -0.7071784, 2.768621;0.6546921, -0.8029549, 3.073685;0.8692772, -0.7887155, 2.724334;
0.7546067, 0.8172225, 3.065814;0.8043301, 0.6457903, 3.046004;0.7457234, 0.2495637, 2.976971;0.6701838, 0.5096181, 3.157735;0.874326, 0.4995568, 2.917286;0.5862285, -0.03978433, 3.018359;0.8099991, -0.007181378, 2.740242;0.7337708, 0.1702458, 2.966785;0.6769695, 0.09689195, 3.004027;0.769997, 0.1096497, 2.903046;0.712001, -0.3674906, 3.053663;0.8666039, -0.3466895, 2.823254;0.7248081, -0.7187163, 3.092543;0.9043303, -0.7069259, 2.768631;0.6545793, -0.8029029, 3.073761;0.8694023, -0.7882598, 2.723914;
0.7542548, 0.8173419, 3.065977;0.8040029, 0.6458271, 3.046027;0.7454417, 0.249469, 2.976812;0.6696549, 0.5092558, 3.157357;0.8738503, 0.4993544, 2.916648;0.5843299, -0.05238389, 3.014709;0.8100689, -0.006698604, 2.740481;0.7335187, 0.170131, 2.966597;0.6767741, 0.09682487, 3.003771;0.7697988, 0.1095298, 2.902892;0.7111831, -0.3656561, 3.052655;0.8665704, -0.3466719, 2.823253;0.7254201, -0.7177495, 3.092439;0.9041825, -0.7071541, 2.768359;0.6572885, -0.8007893, 3.071542;0.8694791, -0.7885547, 2.724542;
0.7536229, 0.8195919, 3.066224;0.8034078, 0.6468141, 3.045795;0.7449893, 0.2498471, 2.976404;0.6700532, 0.5108913, 3.156632;0.8732019, 0.4995798, 2.916242;0.5839029, -0.05291373, 3.014337;0.8097754, -0.006314427, 2.740536;0.7331114, 0.1704261, 2.96617;0.6766644, 0.097542, 3.002844;0.7691118, 0.1102402, 2.90276;0.7110621, -0.368784, 3.05321;0.8668956, -0.3479824, 2.823282;0.7254836, -0.7195665, 3.092776;0.9039993, -0.7071807, 2.768242;0.6561846, -0.8031675, 3.070971;0.8695245, -0.7884603, 2.724379;
0.75374, 0.8194469, 3.065673;0.8030909, 0.6468831, 3.04588;0.7447084, 0.2497236, 2.976376;0.669786, 0.510598, 3.15699;0.8729799, 0.4996378, 2.916034;0.5834522, -0.05358706, 3.014879;0.8025241, -0.03635825, 2.732001;0.7328494, 0.1702659, 2.966123;0.6765184, 0.09743805, 3.002784;0.7688717, 0.1100793, 2.902749;0.7112743, -0.3705313, 3.053723;0.8668877, -0.348478, 2.82315;0.7255108, -0.7227032, 3.091943;0.9033054, -0.7074182, 2.767542;0.6571009, -0.8048555, 3.069215;0.8694814, -0.7883919, 2.724187;
0.7537516, 0.8193494, 3.065732;0.8030014, 0.6470007, 3.045948;0.7443467, 0.2497036, 2.976028;0.6694412, 0.5102006, 3.157064;0.8726623, 0.499421, 2.915465;0.582804, -0.05388922, 3.014026;0.7993531, -0.03598046, 2.731473;0.7324001, 0.1701935, 2.965614;0.6759996, 0.09729287, 3.002293;0.7684069, 0.109956, 2.90192;0.7110579, -0.3695859, 3.053485;0.8668377, -0.3485916, 2.82307;0.7263561, -0.7195373, 3.092531;0.9032534, -0.7074789, 2.767519;0.6740314, -0.7938544, 3.059154;0.8693596, -0.7883811, 2.724229;
0.7536166, 0.8204069, 3.066438;0.8022989, 0.646242, 3.045141;0.7440245, 0.2494076, 2.975734;0.6690422, 0.5098317, 3.156096;0.8719757, 0.4992309, 2.914951;0.5828304, -0.05344859, 3.014292;0.799105, -0.03622808, 2.731423;0.7321683, 0.1699799, 2.965413;0.6758958, 0.09718841, 3.002186;0.7682096, 0.1097557, 2.901779;0.7109614, -0.3693072, 3.053463;0.8665707, -0.3491188, 2.823111;0.7256777, -0.7167404, 3.092245;0.9032813, -0.7077231, 2.76702;0.6663762, -0.7967362, 3.066248;0.8694789, -0.7883716, 2.723587;
0.7535148, 0.8202106, 3.06555;0.8021381, 0.6467357, 3.045356;0.7440125, 0.24941, 2.975729;0.6678966, 0.5096723, 3.156881;0.8711754, 0.499424, 2.914692;0.5823151, -0.05446415, 3.015113;0.7992362, -0.03691186, 2.731478;0.7321613, 0.1699685, 2.965404;0.6759942, 0.09738214, 3.00172;0.7682344, 0.1100777, 2.902417;0.7106098, -0.3691824, 3.053267;0.8665747, -0.3494028, 2.82296;0.7251637, -0.7165341, 3.091616;0.9032308, -0.7078227, 2.767024;0.6651313, -0.7968937, 3.066482;0.869484, -0.7883482, 2.723595;
0.7531771, 0.8200254, 3.065526;0.8017789, 0.6471778, 3.045259;0.7438008, 0.2493507, 2.975653;0.6678796, 0.5085842, 3.155267;0.8710486, 0.4993671, 2.914531;0.5820541, -0.05568199, 3.014898;0.7987469, -0.03663135, 2.73122;0.7319598, 0.1698338, 2.965328;0.6758964, 0.09749496, 3.00141;0.7680104, 0.1100676, 2.902673;0.7103316, -0.3688695, 3.053303;0.8666379, -0.3501958, 2.82293;0.7247794, -0.7142017, 3.09114;0.9037954, -0.7080556, 2.767102;0.6635592, -0.7972813, 3.069864;0.8695576, -0.7883995, 2.724326;
0.7526118, 0.8196899, 3.065404;0.8014919, 0.6470191, 3.044815;0.7435326, 0.2491891, 2.975691;0.6673849, 0.5083359, 3.155403;0.8705839, 0.4992886, 2.914259;0.5800042, -0.06593524, 3.014946;0.7978128, -0.03642338, 2.729327;0.7316824, 0.1696474, 2.965461;0.6754135, 0.09723189, 3.001923;0.7678146, 0.1097349, 2.902735;0.71039, -0.3685566, 3.053413;0.8662305, -0.3496316, 2.822887;0.7242429, -0.7123564, 3.091752;0.9036328, -0.7083633, 2.76679;0.6676769, -0.7919096, 3.0707;0.8695414, -0.7884094, 2.724324;
0.7491458, 0.8178965, 3.063507;0.8004341, 0.6462276, 3.044133;0.7431155, 0.2490384, 2.975872;0.6660825, 0.5078671, 3.156259;0.8702136, 0.4993295, 2.913851;0.5799076, -0.06701729, 3.014727;0.7973117, -0.03599217, 2.728158;0.7313257, 0.1695543, 2.96577;0.6748696, 0.09706903, 3.002499;0.7676578, 0.109566, 2.90304;0.7101499, -0.3678905, 3.053171;0.8662335, -0.3491666, 2.822878;0.7242191, -0.7116538, 3.091636;0.9038286, -0.7077432, 2.767612;0.6674622, -0.7920395, 3.07085;0.8694745, -0.7883082, 2.72427;
0.7427509, 0.8150986, 3.05779;0.8000416, 0.6462676, 3.043992;0.7431487, 0.2489681, 2.975856;0.6646484, 0.5068405, 3.155447;0.8697034, 0.498853, 2.912759;0.5796616, -0.06833345, 3.015225;0.7958249, -0.03781721, 2.727146;0.7314608, 0.1694205, 2.96577;0.6751362, 0.09699842, 3.00228;0.7681605, 0.1094203, 2.903475;0.710803, -0.3690075, 3.053638;0.8660815, -0.3484875, 2.823269;0.7238601, -0.7216103, 3.091645;0.9038986, -0.7076407, 2.767952;0.6569245, -0.8015033, 3.065793;0.8681298, -0.7898172, 2.723792;
0.7375654, 0.8137835, 3.052216;0.7970496, 0.6450636, 3.041503;0.743185, 0.2487515, 2.975764;0.6628205, 0.5059732, 3.153938;0.8684428, 0.4987865, 2.9124;0.579294, -0.0709386, 3.015015;0.7946945, -0.04091895, 2.725629;0.7317216, 0.1691722, 2.965804;0.6756701, 0.0969051, 3.002156;0.7690802, 0.1092414, 2.904315;0.7110338, -0.3686658, 3.053607;0.8663541, -0.3477819, 2.823905;0.7238374, -0.7214253, 3.09164;0.9039277, -0.7076803, 2.767892;0.6561552, -0.8016813, 3.068644;0.8684611, -0.7898292, 2.724197;
0.7320105, 0.8113171, 3.045451;0.7960734, 0.6441183, 3.040433;0.7434265, 0.2487814, 2.975893;0.6581892, 0.5044708, 3.155087;0.8685117, 0.4985467, 2.911713;0.582323, -0.04600405, 3.021074;0.7926136, -0.04136108, 2.725138;0.7325146, 0.16943, 2.966357;0.6760904, 0.09700141, 3.002501;0.771476, 0.1089441, 2.905773;0.7111626, -0.3674993, 3.053762;0.868023, -0.3482434, 2.825007;0.7245207, -0.7180974, 3.091905;0.9039278, -0.7076792, 2.767895;0.6567722, -0.8010346, 3.069637;0.8684831, -0.7897961, 2.724199;
0.7015867, 0.8062409, 3.029964;0.776926, 0.6376161, 3.031323;0.7426372, 0.2488176, 2.976992;0.6519771, 0.5037879, 3.155013;0.8640565, 0.4983938, 2.91033;0.581659, -0.04863156, 3.020391;0.7893018, -0.02570226, 2.729146;0.7326223, 0.1700088, 2.968922;0.6773437, 0.09666603, 3.007999;0.7725066, 0.1086977, 2.908398;0.7122358, -0.3674735, 3.054755;0.8693465, -0.3484791, 2.826213;0.7247092, -0.7164649, 3.09289;0.9033573, -0.7083541, 2.767256;0.6562881, -0.8011031, 3.070046;0.8685452, -0.7898376, 2.724152;
0.6934136, 0.8018136, 3.023815;0.7716531, 0.6350073, 3.02817;0.7422738, 0.2487664, 2.977752;0.6421725, 0.5005451, 3.154006;0.8624521, 0.4977504, 2.909253;0.5803193, -0.04963183, 3.019353;0.7841839, -0.02595568, 2.72825;0.7332173, 0.1704368, 2.970958;0.6780221, 0.09653427, 3.0107;0.7755283, 0.1079021, 2.911874;0.713293, -0.3666793, 3.05543;0.8700738, -0.3482012, 2.82728;0.7252179, -0.715741, 3.093024;0.9036555, -0.7080293, 2.76742;0.6636419, -0.7942849, 3.070978;0.8684836, -0.7898019, 2.724111;
0.6854519, 0.7965209, 3.01902;0.7550278, 0.6232379, 3.01989;0.7422655, 0.248384, 2.978262;0.6344917, 0.4961882, 3.152556;0.8570563, 0.4941249, 2.905401;0.5797049, -0.05995326, 3.01745;0.7766349, -0.02716918, 2.724458;0.7351891, 0.1706363, 2.973032;0.6821626, 0.09484434, 3.015121;0.7811812, 0.1074371, 2.914685;0.7163771, -0.3699082, 3.058458;0.8709505, -0.3490822, 2.82873;0.7255306, -0.7177379, 3.093611;0.9053417, -0.7069682, 2.769307;0.664149, -0.7955025, 3.070093;0.8686301, -0.7895325, 2.723976;
0.6696761, 0.7877118, 3.016013;0.7496328, 0.6202251, 3.016203;0.7420309, 0.2474073, 2.979472;0.6270183, 0.4911168, 3.149984;0.8500947, 0.4917386, 2.901166;0.5760157, -0.08769764, 3.010762;0.7691588, -0.02686376, 2.721158;0.7366739, 0.1701059, 2.975764;0.6853441, 0.09208887, 3.021046;0.7842313, 0.1063037, 2.917295;0.7183319, -0.3705488, 3.060292;0.8736017, -0.3493853, 2.832165;0.725531, -0.7177493, 3.093576;0.9052333, -0.7064826, 2.769018;0.6641476, -0.7952695, 3.069236;0.8679429, -0.7884543, 2.720849;
0.6490732, 0.7747767, 3.003478;0.7432338, 0.6156553, 3.007662;0.7420492, 0.2449293, 2.980671;0.617695, 0.4844323, 3.145803;0.8409681, 0.4857295, 2.896799;0.5768535, -0.04960866, 3.013885;0.7631502, -0.0270084, 2.717564;0.7385839, 0.1678107, 2.978598;0.6883707, 0.08840641, 3.025694;0.788198, 0.1032221, 2.921393;0.7202353, -0.3714316, 3.061708;0.8771845, -0.3479208, 2.836706;0.7235255, -0.7202713, 3.092251;0.9054981, -0.706431, 2.769012;0.6597552, -0.7982295, 3.069718;0.8679413, -0.7884561, 2.720794;
0.6282994, 0.7629026, 2.993884;0.7295511, 0.6061713, 3.001707;0.7411989, 0.2383169, 2.983572;0.6070391, 0.4729714, 3.13576;0.832415, 0.4805634, 2.892775;0.5723776, -0.05775736, 3.010472;0.7554547, -0.04065397, 2.711565;0.7405915, 0.1621446, 2.983053;0.6925646, 0.07984994, 3.03259;0.7920964, 0.09850305, 2.925969;0.7234442, -0.3745793, 3.065566;0.8829612, -0.3481306, 2.841013;0.7265522, -0.7238245, 3.096307;0.9056655, -0.7063995, 2.768244;0.6601961, -0.7981392, 3.069788;0.8680863, -0.7885221, 2.720723;
0.6176221, 0.7474245, 2.978605;0.7170694, 0.597814, 2.996795;0.7419432, 0.235115, 2.98487;0.6003757, 0.4632388, 3.130421;0.8272394, 0.4779635, 2.889451;0.5645869, -0.07112318, 3.001769;0.7504098, -0.05544625, 2.707749;0.7440854, 0.1592772, 2.985733;0.6990228, 0.07619315, 3.035691;0.7989103, 0.09584469, 2.930548;0.7269511, -0.3755175, 3.069;0.8879025, -0.3513807, 2.843966;0.7251624, -0.7188034, 3.095264;0.9055355, -0.7062187, 2.767982;0.6716087, -0.7995591, 3.056497;0.868422, -0.7882041, 2.720095;
0.5724699, 0.6935868, 2.939933;0.6854118, 0.5595013, 2.986654;0.748789, 0.2140606, 2.987108;0.5788697, 0.4365051, 3.113198;0.8003203, 0.4582396, 2.872039;0.5456157, -0.1225334, 2.987321;0.7345536, -0.06696922, 2.692944;0.7591442, 0.1404133, 2.990278;0.7242156, 0.05426643, 3.039839;0.8186688, 0.08336557, 2.937654;0.734174, -0.3852375, 3.076256;0.8942061, -0.3543573, 2.848147;0.7233323, -0.7263961, 3.097686;0.9055228, -0.7062007, 2.767918;0.6695968, -0.8006558, 3.057657;0.8684916, -0.7880934, 2.719906;
0.531696, 0.6501819, 2.915886;0.6604202, 0.5304433, 2.971341;0.7516428, 0.1891355, 2.987302;0.5634298, 0.3923039, 3.082885;0.7816082, 0.4373749, 2.861638;0.5457672, -0.1277184, 2.992612;0.7105942, -0.09865164, 2.677445;0.7677597, 0.1191361, 2.993185;0.7332443, 0.04157019, 3.042113;0.8316178, 0.06696935, 2.944648;0.738606, -0.3834305, 3.0788;0.901876, -0.3607536, 2.85215;0.722884, -0.7185085, 3.097999;0.9066147, -0.7054952, 2.769041;0.6706058, -0.7996573, 3.056894;0.8686182, -0.7874596, 2.719761;
0.5156943, 0.6253331, 2.904527;0.6478933, 0.5040336, 2.960573;0.7534574, 0.1733913, 2.986109;0.5609046, 0.379885, 3.077811;0.7734015, 0.4298336, 2.857618;0.5413376, -0.1337423, 2.992666;0.7061296, -0.1059123, 2.671562;0.7726644, 0.1057146, 2.993793;0.7430032, 0.02414672, 3.044162;0.8376537, 0.06018095, 2.946936;0.744637, -0.3814288, 3.081853;0.9064866, -0.3609948, 2.854638;0.7228906, -0.7156701, 3.096944;0.9065191, -0.7050964, 2.768712;0.6707402, -0.79988, 3.057198;0.8690623, -0.787266, 2.719896;
0.5009877, 0.5940886, 2.881901;0.6348616, 0.4780942, 2.950408;0.753116, 0.166632, 2.986426;0.5512276, 0.3685911, 3.077763;0.7656617, 0.4187799, 2.853633;0.5355667, -0.1525101, 2.983706;0.7021339, -0.1063126, 2.668602;0.7739291, 0.1014617, 2.995212;0.7464032, 0.01912095, 3.047551;0.8422023, 0.05551435, 2.950357;0.7526677, -0.3999447, 3.088032;0.9111953, -0.3639031, 2.856384;0.7207219, -0.7284276, 3.094556;0.9064617, -0.7042521, 2.768384;0.6633408, -0.8031738, 3.056608;0.8691349, -0.7871758, 2.719795;
0.4843188, 0.5607715, 2.869072;0.6209757, 0.4467011, 2.936854;0.7567105, 0.1400175, 2.986555;0.5373248, 0.3432983, 3.066709;0.7567478, 0.4017752, 2.843885;0.5317355, -0.1581131, 2.981404;0.7008765, -0.1068673, 2.668125;0.7825178, 0.07748352, 2.999102;0.7556753, -0.0002596104, 3.05135;0.856849, 0.03818288, 2.959772;0.7539278, -0.3976555, 3.08843;0.9161364, -0.3695824, 2.857513;0.7240524, -0.7172706, 3.097215;0.906509, -0.7034914, 2.767808;0.6621794, -0.8001263, 3.063176;0.8692757, -0.7869742, 2.7195;
0.4727331, 0.5118812, 2.855076;0.6111437, 0.4119221, 2.920879;0.7565461, 0.1360434, 2.985805;0.5347251, 0.3333104, 3.05734;0.7403768, 0.3655605, 2.828198;0.5148443, -0.2129949, 2.965436;0.6700723, -0.1934401, 2.644081;0.7830034, 0.07616187, 2.999305;0.7635525, -0.001864674, 3.055007;0.857051, 0.03475719, 2.961111;0.7582644, -0.3977565, 3.091758;0.9196873, -0.3738889, 2.858136;0.7237859, -0.712752, 3.095629;0.9063995, -0.703407, 2.767385;0.6624531, -0.7988228, 3.063948;0.869187, -0.7869904, 2.719232;
0.4658955, 0.4894071, 2.84052;0.6069164, 0.3848455, 2.906183;0.7621741, 0.06313692, 2.9949;0.5320472, 0.3184121, 3.040963;0.7323506, 0.345917, 2.818545;0.5173978, -0.2211123, 2.966621;0.6719785, -0.2010724, 2.660196;0.7934529, 0.0002506115, 3.01705;0.7718305, -0.05677689, 3.060548;0.8616785, -0.03641824, 2.99838;0.7607173, -0.4499398, 3.105668;0.9264836, -0.4049045, 2.848248;0.7237785, -0.7204714, 3.095268;0.9064639, -0.7018975, 2.767898;0.6614725, -0.7998589, 3.064102;0.8694996, -0.7865474, 2.718502;
0.4545333, 0.455689, 2.822174;0.5964609, 0.3517846, 2.895065;0.7697646, 0.04374586, 2.994166;0.5420128, 0.2508547, 3.010381;0.7250943, 0.3165236, 2.810246;0.5154385, -0.2514665, 2.969755;0.6705617, -0.2157451, 2.65918;0.8045416, -0.01994866, 3.017361;0.7901677, -0.07293905, 3.048835;0.8662227, -0.05142086, 3.007823;0.7596841, -0.4609886, 3.110377;0.9305979, -0.4140268, 2.845654;0.7231122, -0.716482, 3.096104;0.9069123, -0.7006867, 2.768312;0.6627685, -0.7969428, 3.066836;0.8589019, -0.7731584, 2.709503;
0.4431925, 0.4049534, 2.814402;0.5918635, 0.3192147, 2.882161;0.7708531, 0.0342835, 2.995655;0.5148072, 0.2745951, 2.992754;0.7188271, 0.2976444, 2.803999;0.5194229, -0.2856629, 2.97065;0.6658326, -0.2544324, 2.652295;0.8059739, -0.0257523, 3.020029;0.7904287, -0.0767725, 3.051315;0.8706716, -0.0583435, 3.01452;0.7603461, -0.4636036, 3.11495;0.9320832, -0.4176973, 2.845483;0.7179908, -0.7641453, 3.102396;0.9070684, -0.7009401, 2.768395;0.6509722, -0.8042833, 3.059307;0.8611368, -0.7768536, 2.712327;
0.4400606, 0.3699411, 2.79459;0.5887377, 0.290781, 2.870548;0.7656164, -0.02161619, 3.00275;0.5419199, 0.1615677, 3.007888;0.7203911, 0.2488435, 2.791669;0.5062948, -0.3140741, 2.952876;0.6656851, -0.2709214, 2.652208;0.8011628, -0.08254296, 3.033437;0.7826161, -0.13113, 3.057742;0.86445, -0.1106414, 3.040862;0.7664328, -0.4449856, 3.112879;0.9391242, -0.4427161, 2.82605;0.7249901, -0.7125093, 3.095517;0.906856, -0.7015637, 2.768079;0.6622241, -0.7960308, 3.0669;0.8699714, -0.7861177, 2.718375;
0.4283824, 0.3151611, 2.784027;0.5853086, 0.2559456, 2.844141;0.7938694, -0.01619438, 2.999136;0.5395568, 0.1532349, 2.994659;0.7197077, 0.2362681, 2.790586;0.5006503, -0.3344992, 2.961899;0.6589653, -0.3147438, 2.649731;0.8438675, -0.06887041, 3.032814;0.8243522, -0.1191329, 3.053966;0.916906, -0.08162097, 3.046649;0.7736657, -0.4994703, 3.129684;0.9282873, -0.4269353, 2.842027;0.7126473, -0.7959961, 3.10308;0.9062986, -0.7030786, 2.768153;0.6404516, -0.796001, 3.050658;0.869916, -0.7864969, 2.71914;
0.4296031, 0.3078215, 2.774622;0.5805973, 0.238353, 2.836029;0.7923428, -0.02151897, 2.999335;0.5167638, 0.1413183, 2.973063;0.7200353, 0.2114408, 2.788906;0.4993919, -0.3589287, 2.957622;0.6597046, -0.360058, 2.648166;0.8389086, -0.07506734, 3.034533;0.8211911, -0.1249826, 3.053027;0.9087232, -0.09468973, 3.058167;0.7787791, -0.5060363, 3.127286;0.9291632, -0.4306325, 2.839323;0.708655, -0.7997381, 3.095698;0.9060493, -0.7034963, 2.767851;0.6333089, -0.8033517, 3.048001;0.8699939, -0.7864826, 2.719084;
0.4181319, 0.2579566, 2.751552;0.5677553, 0.2018994, 2.81782;0.7765126, -0.04206027, 2.994341;0.5109164, 0.113203, 2.971831;0.7125148, 0.1772079, 2.781298;0.4930344, -0.4194395, 2.9583;0.6597312, -0.3783621, 2.64824;0.818498, -0.09316915, 3.03214;0.8030532, -0.1436107, 3.045291;0.8889487, -0.1095304, 3.062954;0.7409273, -0.5220011, 3.138036;0.9317104, -0.4364544, 2.834199;0.7277715, -0.7219782, 3.097462;0.9059402, -0.7035195, 2.767803;0.6594776, -0.7976986, 3.065267;0.8700804, -0.7864807, 2.71912;
0.4168987, 0.2331761, 2.746351;0.5671461, 0.183425, 2.812924;0.7767372, -0.05634984, 3.001118;0.5414838, 0.06276813, 2.93639;0.6726122, 0.1367835, 2.745885;0.4874808, -0.4351774, 2.951378;0.6559701, -0.4267822, 2.650282;0.8187465, -0.1056269, 3.041772;0.8068682, -0.1504821, 3.046724;0.8766964, -0.1189718, 3.082934;0.727403, -0.5200526, 3.139333;0.9307723, -0.4322397, 2.837667;0.7267544, -0.7229662, 3.096534;0.9055224, -0.7039055, 2.767452;0.6595806, -0.7972454, 3.065197;0.87283, -0.7915839, 2.719877;
0.4100775, 0.1908054, 2.734346;0.5551317, 0.1436679, 2.796117;0.7755336, -0.06488746, 2.998876;0.5358507, 0.05502441, 2.93351;0.674805, 0.1391221, 2.743858;0.4936919, -0.4531948, 2.955876;0.6561457, -0.4456704, 2.65256;0.8184582, -0.1099249, 3.04109;0.8100854, -0.1597248, 3.044595;0.8766596, -0.1194812, 3.083095;0.7093741, -0.5019621, 3.123983;0.928569, -0.4342667, 2.840161;0.7264191, -0.7209975, 3.096584;0.9087215, -0.7271496, 2.752037;0.6596613, -0.796946, 3.065356;0.864768, -0.7951114, 2.714511;
0.4082029, 0.1777379, 2.729967;0.5569576, 0.1203315, 2.801024;0.7682152, -0.07086678, 2.996713;0.4998991, -0.02775728, 2.98659;0.6769293, 0.1396913, 2.744004;0.4881161, -0.5464848, 2.939047;0.6551471, -0.463061, 2.654713;0.8103506, -0.1125399, 3.03883;0.8047762, -0.1770862, 3.041463;0.8754947, -0.1180888, 3.089958;0.7130845, -0.463884, 3.111604;0.9276483, -0.4309774, 2.845531;0.7267708, -0.720324, 3.098405;0.9053536, -0.7230865, 2.757774;0.6594614, -0.7962663, 3.065389;0.8672984, -0.7922002, 2.716189;
0.4092769, 0.1478252, 2.71917;0.5598111, 0.09348124, 2.795491;0.7786229, -0.07712218, 2.970886;0.4994602, -0.03123305, 2.975403;0.6992539, 0.1842593, 2.797096;0.4868045, -0.5537387, 2.950139;0.6513058, -0.4633488, 2.656427;0.8237026, -0.1119319, 3.006109;0.8337185, -0.1883877, 2.998174;0.9227948, -0.1123116, 3.077012;0.7127872, -0.4663616, 3.111963;0.9252018, -0.4370674, 2.844382;0.7255956, -0.7285235, 3.097774;0.903173, -0.7284472, 2.756082;0.643342, -0.8026789, 3.063611;0.8649947, -0.7970198, 2.71368;
0.3913611, 0.1131135, 2.701748;0.542259, 0.05654782, 2.778573;0.7627054, -0.09170674, 2.983706;0.5508364, -0.04348727, 2.886275;0.6780954, 0.1288478, 2.756624;0.4882519, -0.5531918, 2.945822;0.647078, -0.5176285, 2.651941;0.8035206, -0.1252141, 3.029775;0.8157836, -0.1894685, 3.033982;0.860624, -0.120206, 3.103047;0.7084984, -0.5140344, 3.125052;0.9247412, -0.4294088, 2.8517;0.7258834, -0.7184236, 3.104954;0.9020036, -0.7199223, 2.763526;0.6549002, -0.7948114, 3.064906;0.8693162, -0.7895003, 2.71828;
0.3808032, 0.1034411, 2.696263;0.5321529, 0.04738449, 2.773447;0.759994, -0.09212788, 2.98506;0.5742686, 0.1191827, 2.80986;0.6650429, 0.05265272, 2.734309;0.4974185, -0.5113328, 2.954777;0.6451849, -0.5242189, 2.652806;0.8022071, -0.1240832, 3.031281;0.8110733, -0.1322419, 3.04428;0.8498594, -0.135202, 3.091516;0.708176, -0.509771, 3.121597;0.9259736, -0.441353, 2.846556;0.7377291, -0.8040772, 3.115562;0.9026028, -0.7311262, 2.758656;0.6542992, -0.794742, 3.065684;0.864554, -0.7974166, 2.712639;
0.3741464, 0.08666188, 2.68582;0.5254279, 0.03058718, 2.763038;0.7375059, -0.1520154, 2.983853;0.557191, 0.06893721, 2.811217;0.6545197, 0.01270418, 2.720635;0.494499, -0.5893198, 2.966448;0.6502581, -0.575681, 2.673215;0.7806591, -0.1866936, 3.032738;0.7967803, -0.2074617, 3.040939;0.8240181, -0.2137242, 3.084431;0.7080232, -0.510203, 3.121259;0.9390644, -0.4824631, 2.811611;0.7233171, -0.720145, 3.104381;0.9164157, -0.7716352, 2.723981;0.6579642, -0.7931454, 3.065724;0.8323724, -0.800629, 2.717011;
0.5705069, 0.2536072, 2.79284;0.7217587, 0.1975421, 2.870114;0.7831567, -0.108427, 2.964995;0.5577253, 0.06966918, 2.810944;0.9106656, 0.08216716, 2.931947;0.4975777, -0.5347947, 2.955717;0.6728134, -0.5123628, 2.686368;0.7954363, -0.1696208, 2.987553;0.7394474, -0.252604, 2.983863;0.883955, -0.2487458, 3.036626;0.7106244, -0.4748552, 3.105847;0.9172046, -0.5045151, 2.829525;0.7208062, -0.7210516, 3.102232;0.9023307, -0.7089378, 2.76491;0.6583442, -0.7912658, 3.066815;0.9316097, -0.7637587, 2.680479;
0.5701382, 0.2535072, 2.792658;0.7213901, 0.1974421, 2.869967;0.7874773, -0.09861779, 2.962905;0.5577335, 0.06947673, 2.810641;0.935445, 0.1356248, 2.971466;0.4980822, -0.5341036, 2.954043;0.6948831, -0.4511676, 2.704623;0.8022456, -0.1551115, 2.984628;0.7470626, -0.2507557, 2.974838;0.9027757, -0.2322648, 3.04951;0.7108274, -0.4750243, 3.105214;0.9223645, -0.4575386, 2.843927;0.7148491, -0.738957, 3.095236;0.9015614, -0.7094241, 2.764758;0.6566548, -0.7979774, 3.062881;0.9387542, -0.7624885, 2.682549;
0.5700111, 0.2535503, 2.792577;0.7212629, 0.1974853, 2.869939;0.7717065, -0.07175009, 2.980585;0.5576891, 0.069477, 2.810678;0.9890445, 0.06610193, 2.972518;0.4976509, -0.5969977, 2.96254;0.6975538, -0.4716054, 2.698388;0.779138, -0.1203997, 3.009594;0.7096469, -0.2207971, 3.01046;0.8872886, -0.2188382, 3.082338;0.715847, -0.4894162, 3.106471;0.9175383, -0.5168745, 2.821284;0.7113219, -0.7336885, 3.09229;0.8956644, -0.8065178, 2.74218;0.6535876, -0.8011789, 3.066805;0.8379897, -0.7619676, 2.691316;
0.6168187, 0.1551215, 2.780127;0.7212679, 0.1975094, 2.869812;0.7713155, -0.07084815, 2.980378;0.5577771, 0.06950106, 2.810603;0.988117, 0.07279023, 2.973113;0.4999236, -0.5338606, 2.952018;0.6978511, -0.4837097, 2.700601;0.7790712, -0.1201777, 3.00912;0.7099556, -0.2210616, 3.009943;0.8855259, -0.2166715, 3.081887;0.720005, -0.4935588, 3.105253;0.9174745, -0.5152881, 2.822642;0.7132279, -0.7347758, 3.093035;0.8955796, -0.804162, 2.74362;0.6585571, -0.8000513, 3.068121;0.8379362, -0.7646831, 2.688946;
0.6490959, 0.1307436, 2.789314;0.720569, 0.1982411, 2.869425;0.7708777, -0.06969973, 2.979861;0.557416, 0.06921253, 2.810893;0.988028, 0.07279263, 2.972923;0.5000863, -0.5985132, 2.960457;0.7038323, -0.4741951, 2.701336;0.7790654, -0.1197552, 3.008256;0.7104862, -0.2211285, 3.008934;0.8852476, -0.2159855, 3.081321;0.7239355, -0.4967889, 3.103159;0.9175077, -0.5147485, 2.823133;0.7166053, -0.7326692, 3.099952;0.8951861, -0.8038883, 2.744454;0.6627637, -0.7958764, 3.06911;0.8387963, -0.7649384, 2.688344;
0.6488826, 0.1303897, 2.789091;0.7197292, 0.1988352, 2.8696;0.769932, -0.07440594, 2.977557;0.5566513, 0.06878874, 2.811898;0.9778913, 0.08276665, 2.971274;0.5032195, -0.5355207, 2.948687;0.711685, -0.4539619, 2.702928;0.7788436, -0.1303789, 3.002645;0.7155127, -0.2446785, 2.995348;0.8817712, -0.2209011, 3.075512;0.7236288, -0.4911153, 3.103037;0.9168775, -0.5085679, 2.828051;0.7179382, -0.7341729, 3.099389;0.901431, -0.7098401, 2.764565;0.6560205, -0.7976559, 3.074658;0.9324408, -0.7678123, 2.683862;
0.615541, 0.176614, 2.795474;0.7196969, 0.199089, 2.869742;0.7727013, -0.07817606, 2.976907;0.5584531, 0.07196707, 2.811367;0.9362913, 0.1349971, 2.972126;0.5031643, -0.5341499, 2.946625;0.7043206, -0.4366962, 2.693157;0.78334, -0.1356246, 3.001559;0.7227105, -0.2409724, 2.998625;0.8826965, -0.2208009, 3.063716;0.7242905, -0.5008497, 3.107223;0.9168562, -0.5084282, 2.827888;0.7161579, -0.728286, 3.097856;0.8996884, -0.7130989, 2.763744;0.6586699, -0.7958409, 3.07311;0.9365069, -0.7693563, 2.684461;
0.6148897, 0.1767037, 2.794774;0.7192321, 0.1995399, 2.869518;0.7722746, -0.0754153, 2.977466;0.5581359, 0.07051481, 2.809438;0.9360756, 0.1354152, 2.971996;0.5043599, -0.5357319, 2.944242;0.7056665, -0.4222663, 2.692355;0.7829127, -0.1309325, 3.002662;0.723286, -0.2376988, 2.998657;0.8788528, -0.205342, 3.074236;0.7232751, -0.5215715, 3.112523;0.9170725, -0.5097788, 2.826821;0.7166227, -0.7290364, 3.097813;0.891938, -0.7990303, 2.747699;0.6474994, -0.8016888, 3.073254;0.8406777, -0.7706985, 2.681635;
0.6137675, 0.1771561, 2.793759;0.718215, 0.2004373, 2.868958;0.7701589, -0.07152579, 2.976362;0.5576485, 0.07081258, 2.809002;0.9825094, 0.07739478, 2.971515;0.5040073, -0.5349674, 2.944554;0.7076057, -0.4624503, 2.689146;0.7804481, -0.1258516, 3.00137;0.7181288, -0.2304458, 2.997924;0.8788372, -0.2055701, 3.0741;0.7265265, -0.5291772, 3.111066;0.9170492, -0.509648, 2.826935;0.7175007, -0.7273956, 3.097665;0.8922446, -0.7990972, 2.748003;0.6497866, -0.8018805, 3.074342;0.8411081, -0.7707175, 2.681957;
0.6132836, 0.1772878, 2.793101;0.7179258, 0.2008236, 2.868705;0.7684481, -0.06211784, 2.976617;0.5567974, 0.07153583, 2.808083;0.9826234, 0.07709239, 2.970853;0.4992693, -0.533319, 2.938943;0.7199546, -0.4641417, 2.701191;0.7784097, -0.1131954, 3.001943;0.713798, -0.2133966, 3.000522;0.8794056, -0.2033285, 3.075565;0.7281358, -0.5268873, 3.109716;0.917056, -0.5085357, 2.827927;0.7184426, -0.7266651, 3.096203;0.8924156, -0.798071, 2.74863;0.646292, -0.8043177, 3.075529;0.8409628, -0.7727278, 2.681658;
0.6132883, 0.1773581, 2.79286;0.7181196, 0.2011037, 2.868877;0.7692977, -0.05635983, 2.977923;0.5574677, 0.07252087, 2.805408;0.9847217, 0.07844918, 2.971333;0.4974175, -0.530722, 2.936145;0.7209641, -0.4657441, 2.699457;0.779398, -0.1065863, 3.003363;0.7138666, -0.2064712, 3.003769;0.882307, -0.198688, 3.077379;0.7286031, -0.5255759, 3.109614;0.9169893, -0.5082775, 2.828206;0.7184671, -0.7243168, 3.096219;0.8924145, -0.7978046, 2.748092;0.6487765, -0.8017867, 3.074959;0.8402218, -0.7766936, 2.680277;
0.6141816, 0.17697, 2.79196;0.7188964, 0.2009709, 2.868441;0.7704494, -0.06558621, 2.97625;0.5579607, 0.07315525, 2.804054;0.9801459, 0.08429714, 2.970174;0.5005608, -0.541192, 2.953104;0.720368, -0.46719, 2.698706;0.7805535, -0.1208856, 3.001168;0.7158918, -0.2292049, 3.000615;0.8809841, -0.2061105, 3.073237;0.7283492, -0.5253729, 3.109604;0.9172658, -0.5098085, 2.826885;0.7202866, -0.7227945, 3.097947;0.8922654, -0.7993385, 2.747193;0.6587955, -0.7959839, 3.073328;0.8403392, -0.7738739, 2.680772;
0.5733905, 0.1592754, 2.766379;0.6446076, 0.2122936, 2.865529;0.7478514, -0.04779649, 2.972363;0.5579472, 0.07277907, 2.803876;0.9868861, 0.09126349, 2.973656;0.5004109, -0.5357236, 2.948585;0.7163881, -0.4570575, 2.689176;0.7662126, -0.1015066, 2.997424;0.7116758, -0.2039365, 2.990882;0.881904, -0.197053, 3.075137;0.7247283, -0.4863352, 3.09876;0.9174073, -0.5089252, 2.827742;0.7211981, -0.7230285, 3.09791;0.8928828, -0.7985494, 2.7486;0.6585455, -0.7960631, 3.075068;0.841293, -0.7748623, 2.681349;
0.5734407, 0.169566, 2.768571;0.642334, 0.2120788, 2.864724;0.7469749, -0.05008534, 2.972285;0.535808, 0.01849123, 2.866793;0.9880969, 0.0959143, 2.974717;0.5033953, -0.5453966, 2.952375;0.7166069, -0.4558397, 2.68931;0.7661301, -0.1037215, 2.997454;0.714516, -0.2135142, 2.992038;0.8848423, -0.196858, 3.075315;0.7231353, -0.498117, 3.103971;0.9169641, -0.5078543, 2.827483;0.7218268, -0.7232929, 3.097675;0.8931629, -0.7976521, 2.748878;0.6526425, -0.7999764, 3.074199;0.8411086, -0.7760193, 2.681331;
0.4979168, 0.1133747, 2.679894;0.5675788, 0.1405396, 2.779832;0.7398928, -0.0542921, 2.954212;0.5034387, 0.0368879, 2.932683;0.9850872, 0.116382, 2.976291;0.5073974, -0.4484811, 2.950507;0.7074203, -0.376722, 2.666272;0.7673702, -0.100834, 2.990631;0.7293898, -0.1998326, 3.004905;0.9297634, -0.1478001, 3.066017;0.7235586, -0.4991019, 3.10489;0.9269462, -0.4603606, 2.83092;0.7221823, -0.7233237, 3.097622;0.8985739, -0.747866, 2.745663;0.6527494, -0.799669, 3.073879;0.8532501, -0.8103839, 2.703574;
0.5053419, 0.1339039, 2.69755;0.5770581, 0.176551, 2.793043;0.7417841, -0.04693414, 2.948211;0.5010612, 0.04303654, 2.945674;0.9893894, 0.1350868, 2.979405;0.5096095, -0.4652285, 2.953243;0.7027707, -0.4408629, 2.669881;0.7729692, -0.08989474, 2.980943;0.7348186, -0.1950997, 3.002055;0.9324689, -0.1455636, 3.061666;0.7249008, -0.5011206, 3.105604;0.9257969, -0.4598086, 2.829754;0.7229048, -0.7220722, 3.09677;0.8987135, -0.7468421, 2.74483;0.6572907, -0.7953404, 3.070209;0.8535308, -0.8104152, 2.704306;
0.5042815, 0.1481403, 2.695614;0.5777206, 0.179953, 2.793437;0.7830221, -0.02758241, 2.982034;0.4991994, 0.0560627, 2.959055;0.7063179, 0.1524555, 2.766992;0.5134978, -0.417103, 2.961578;0.7023855, -0.4320243, 2.669219;0.823714, -0.07098135, 3.023018;0.8106484, -0.1431472, 3.034341;0.90609, -0.0727366, 3.072395;0.7246118, -0.5051728, 3.106975;0.9262586, -0.4330595, 2.846959;0.7207081, -0.797316, 3.102994;0.8995364, -0.7194778, 2.761988;0.6433083, -0.7955686, 3.061491;0.8806261, -0.8064365, 2.709446;
0.509038, 0.2166734, 2.698951;0.5770971, 0.2281141, 2.802661;0.7793015, -0.0228944, 2.981923;0.5034007, 0.1447137, 2.945534;0.7047154, 0.1752992, 2.766814;0.518733, -0.3651288, 2.97228;0.7053115, -0.3552041, 2.671727;0.8199663, -0.06843646, 3.022414;0.8026088, -0.133753, 3.033401;0.8958937, -0.07229056, 3.066121;0.7493184, -0.5022275, 3.105419;0.9180527, -0.4881461, 2.831854;0.7140096, -0.7915149, 3.101357;0.8952867, -0.7751838, 2.752423;0.6394176, -0.7995321, 3.055737;0.8445286, -0.8007478, 2.685494;
0.5070819, 0.2710219, 2.7198;0.5685467, 0.2745286, 2.826985;0.7696193, 0.0002820659, 2.980967;0.5095434, 0.1562293, 2.973267;0.7076772, 0.2324789, 2.777997;0.532538, -0.3167582, 3.005573;0.7098449, -0.291028, 2.680279;0.810939, -0.0531188, 3.017802;0.7917233, -0.1016949, 3.020539;0.885596, -0.06842442, 3.058896;0.74378, -0.4683754, 3.100961;0.9226482, -0.412142, 2.851012;0.7235112, -0.7190225, 3.094705;0.9004579, -0.7107219, 2.76426;0.6598068, -0.794149, 3.065904;0.8669113, -0.790833, 2.708418;
0.5287144, 0.3905937, 2.753948;0.5817073, 0.3794972, 2.864178;0.7475601, 0.05736564, 2.973967;0.5086393, 0.2723701, 3.00039;0.7100325, 0.3091322, 2.791201;0.5489386, -0.2351135, 3.01131;0.7134239, -0.2245885, 2.688494;0.7807307, -0.007060669, 2.999447;0.7592762, -0.05626093, 3.004207;0.8436047, -0.03830832, 3.01984;0.7486755, -0.4237185, 3.090776;0.9193282, -0.4098382, 2.851208;0.7229363, -0.7165467, 3.096186;0.9003712, -0.7102236, 2.764531;0.6601193, -0.7939595, 3.06626;0.8507199, -0.7814083, 2.70866;
0.5771441, 0.5433221, 2.794933;0.6249675, 0.5067745, 2.903165;0.7261428, 0.1761722, 2.960068;0.526307, 0.3919242, 3.047152;0.7399332, 0.4018592, 2.817142;0.5479909, -0.1430136, 3.006231;0.7233107, -0.1430055, 2.723045;0.7463778, 0.1100518, 2.974969;0.7236088, 0.03239373, 3.036897;0.8104182, 0.05285027, 2.932555;0.7426013, -0.405745, 3.08426;0.91136, -0.399485, 2.8537;0.7242143, -0.7193573, 3.096924;0.9015049, -0.7085829, 2.766419;0.6583638, -0.7983015, 3.067343;0.8697309, -0.7879015, 2.71801;
0.5484877, 0.5899357, 2.830058;0.63083, 0.515328, 2.906317;0.7255161, 0.1796897, 2.959005;0.5285372, 0.3968114, 3.050728;0.7414212, 0.4086961, 2.81892;0.5490369, -0.136501, 3.008944;0.7341428, -0.110897, 2.725682;0.7448826, 0.1134039, 2.973264;0.7201562, 0.03609983, 3.034621;0.8083467, 0.05645195, 2.929517;0.7373559, -0.3973789, 3.081303;0.9071997, -0.3859224, 2.854848;0.7239529, -0.7186294, 3.096702;0.9031947, -0.7073821, 2.767346;0.6624473, -0.799217, 3.066784;0.8696811, -0.7879484, 2.71792;
0.5464413, 0.7088362, 2.916677;0.6480849, 0.546078, 2.933488;0.7193232, 0.1973311, 2.960073;0.5347183, 0.4103295, 3.061245;0.7612814, 0.4400251, 2.834291;0.5526835, -0.1149165, 3.015798;0.7323145, -0.1041634, 2.729501;0.7345238, 0.130787, 2.970799;0.7036736, 0.04750669, 3.033392;0.7994931, 0.06698424, 2.920366;0.7345219, -0.3890556, 3.07927;0.8995001, -0.3677558, 2.855442;0.7233683, -0.7157179, 3.09429;0.9036492, -0.706561, 2.767183;0.6668931, -0.7990557, 3.059517;0.869665, -0.7879372, 2.717846;
0.5659055, 0.7266765, 2.931491;0.6582677, 0.5605106, 2.940287;0.7181945, 0.2035692, 2.959253;0.5461848, 0.4222288, 3.059565;0.762993, 0.4441567, 2.837228;0.5542135, -0.09768593, 3.019526;0.7302881, -0.09133736, 2.733102;0.7318321, 0.1351516, 2.968503;0.6972615, 0.05365114, 3.028929;0.7927291, 0.0727194, 2.913823;0.7320186, -0.3865411, 3.07616;0.8995492, -0.3677751, 2.855359;0.723596, -0.7160232, 3.094171;0.9037116, -0.7064756, 2.767168;0.6683329, -0.7995055, 3.058389;0.8697286, -0.7882142, 2.718432;
0.5840002, 0.7476059, 2.951554;0.6692507, 0.5808145, 2.953796;0.7158382, 0.217742, 2.957817;0.5579766, 0.4578833, 3.079752;0.7734935, 0.461684, 2.84669;0.5543861, -0.1118713, 3.01716;0.7358398, -0.07669369, 2.733006;0.7265482, 0.1474785, 2.963789;0.6880028, 0.06588355, 3.02029;0.7849211, 0.08464753, 2.906159;0.7271848, -0.3782436, 3.071953;0.898629, -0.3620469, 2.854824;0.7234674, -0.7146652, 3.093028;0.9039603, -0.7031946, 2.768142;0.6684529, -0.7995113, 3.058364;0.8697796, -0.7879526, 2.718631;
0.5970465, 0.7578057, 2.964062;0.6794983, 0.5954522, 2.963269;0.7147751, 0.2254567, 2.95786;0.5619618, 0.4619634, 3.08524;0.7821249, 0.4692441, 2.853015;0.5546671, -0.1087633, 3.017992;0.7388255, -0.06488158, 2.73501;0.7235997, 0.1536811, 2.962095;0.6823338, 0.07208207, 3.016106;0.7803758, 0.09099376, 2.903681;0.7263731, -0.3788446, 3.071205;0.8970024, -0.3584824, 2.85394;0.7244317, -0.7218434, 3.093743;0.9039625, -0.7030477, 2.768172;0.6671119, -0.8008586, 3.058119;0.869751, -0.7880194, 2.718611;
0.6156349, 0.7738203, 2.981671;0.6961112, 0.6087582, 2.975162;0.7146349, 0.237643, 2.957405;0.5677761, 0.468895, 3.091374;0.7921798, 0.4803111, 2.860153;0.5589207, -0.1015539, 3.015608;0.7411562, -0.06245539, 2.734517;0.7201194, 0.1656313, 2.958892;0.6748979, 0.08559679, 3.007232;0.7738526, 0.103054, 2.900324;0.7245814, -0.376632, 3.068956;0.89399, -0.3498842, 2.852472;0.7245215, -0.7219526, 3.093383;0.9042027, -0.702909, 2.768047;0.6662672, -0.8004095, 3.060217;0.8697391, -0.7883454, 2.718848;
0.6348318, 0.7986671, 2.998649;0.709259, 0.6212093, 2.97915;0.7156152, 0.2417493, 2.956605;0.5757526, 0.4744696, 3.097046;0.8020499, 0.4854637, 2.86582;0.569863, -0.05449649, 3.029301;0.7415854, -0.05680354, 2.73575;0.7196066, 0.1682197, 2.957382;0.6724441, 0.08905407, 3.002982;0.7723525, 0.1063748, 2.899441;0.7236282, -0.3747908, 3.067824;0.8927952, -0.3503096, 2.850564;0.7248986, -0.7207462, 3.09306;0.9046095, -0.7034197, 2.76777;0.66635, -0.7985306, 3.063231;0.8693739, -0.7886191, 2.719082;
0.6375657, 0.8016241, 3.002166;0.711555, 0.6235332, 2.98289;0.715689, 0.2441161, 2.956538;0.5896868, 0.4820635, 3.111414;0.8091104, 0.4925557, 2.872264;0.5708702, -0.04978679, 3.030999;0.7460942, -0.04893648, 2.736411;0.718785, 0.1702286, 2.956397;0.6708802, 0.09181342, 3.000197;0.7700702, 0.1096952, 2.898537;0.7221706, -0.3752683, 3.065913;0.8898252, -0.3492886, 2.847909;0.7248774, -0.7257296, 3.093553;0.9045492, -0.7034562, 2.76769;0.6644309, -0.8014678, 3.062961;0.8693352, -0.7886609, 2.719088;
0.6665631, 0.821531, 3.020776;0.7226307, 0.6388426, 2.997467;0.7161428, 0.2487102, 2.957466;0.5958999, 0.4873186, 3.118727;0.8148694, 0.4959981, 2.87668;0.5711882, -0.0487654, 3.029881;0.7661438, -0.009398237, 2.743593;0.7178736, 0.1730695, 2.95585;0.6679125, 0.09785896, 2.996968;0.7683594, 0.1123954, 2.89834;0.7198723, -0.3676401, 3.06113;0.8863817, -0.3476626, 2.843875;0.7255247, -0.7214134, 3.092868;0.9047043, -0.703658, 2.767434;0.6650702, -0.7994818, 3.063919;0.8693324, -0.7886034, 2.718918;
0.6687098, 0.8221344, 3.02149;0.7293717, 0.6462899, 3.003268;0.7169528, 0.2521561, 2.957637;0.6036594, 0.4929686, 3.127071;0.824135, 0.4998127, 2.881851;0.5723048, -0.04621638, 3.028456;0.7689682, -0.006029976, 2.745531;0.7173829, 0.1753357, 2.954835;0.6661813, 0.1025772, 2.991737;0.7665721, 0.1162373, 2.898618;0.7190684, -0.3657527, 3.059662;0.8801095, -0.3423611, 2.838917;0.7269902, -0.7162825, 3.093266;0.9046591, -0.70371, 2.767434;0.6635133, -0.7991315, 3.066665;0.86922, -0.7885567, 2.719253;
0.6821357, 0.8193982, 3.035005;0.740594, 0.6483116, 3.010354;0.7182736, 0.25454, 2.958264;0.60986, 0.4977396, 3.130963;0.8294203, 0.5030015, 2.886599;0.5753292, -0.04413673, 3.030282;0.7721207, -0.004695472, 2.746751;0.7172788, 0.177138, 2.95438;0.6655645, 0.1045509, 2.990377;0.7651827, 0.1185037, 2.898224;0.7173783, -0.368856, 3.05723;0.8783356, -0.3442075, 2.835592;0.7275996, -0.7267075, 3.094927;0.9044617, -0.7043676, 2.76705;0.6631559, -0.8002819, 3.065877;0.8694881, -0.7887419, 2.719846;
0.6919451, 0.8170767, 3.041902;0.7508147, 0.6499734, 3.020013;0.7195708, 0.2565094, 2.960025;0.6155198, 0.5015162, 3.134879;0.8323642, 0.5037628, 2.889688;0.576484, -0.04382287, 3.030428;0.7667044, -0.03055412, 2.739398;0.7171375, 0.1783976, 2.954726;0.6650549, 0.105463, 2.990564;0.7638786, 0.1196208, 2.897887;0.7158273, -0.3703465, 3.056579;0.8768114, -0.345172, 2.833202;0.7266406, -0.7294168, 3.093654;0.9044619, -0.7043649, 2.767063;0.6605496, -0.804235, 3.066063;0.8694988, -0.7887294, 2.719863;
0.7055188, 0.8215062, 3.054649;0.7541751, 0.6511053, 3.022216;0.7206198, 0.2576261, 2.960395;0.62234, 0.5017122, 3.138309;0.8343618, 0.5049614, 2.892281;0.577258, -0.04305179, 3.031289;0.785234, -0.003893137, 2.740732;0.7172676, 0.1792352, 2.954438;0.6652375, 0.1064317, 2.989916;0.7625631, 0.1211225, 2.896998;0.7152622, -0.3714161, 3.055568;0.8731155, -0.3453199, 2.829106;0.72521, -0.7283853, 3.092276;0.9044998, -0.7042252, 2.767205;0.6611222, -0.803784, 3.065742;0.8694341, -0.7886852, 2.719919;
0.7119266, 0.8236979, 3.056379;0.7597615, 0.6554129, 3.027;0.7224497, 0.259668, 2.961106;0.6267315, 0.5018886, 3.140791;0.8388376, 0.508419, 2.897402;0.5781522, -0.04286235, 3.032051;0.7854769, -0.003234506, 2.736052;0.7178218, 0.1806176, 2.954165;0.6657039, 0.1082221, 2.988929;0.7621803, 0.1226578, 2.89654;0.714483, -0.3703309, 3.054942;0.8718327, -0.3462183, 2.827983;0.7263116, -0.725032, 3.093977;0.9039175, -0.7047261, 2.76719;0.6597793, -0.8028123, 3.06865;0.8695681, -0.7886522, 2.720259;
0.7158958, 0.8230672, 3.058131;0.7655264, 0.6555126, 3.032753;0.7237669, 0.2601254, 2.96221;0.6300069, 0.5028523, 3.1425;0.8438678, 0.5081286, 2.899086;0.5807967, -0.03759925, 3.033268;0.796815, 0.008012585, 2.73746;0.7180487, 0.1808465, 2.954321;0.665754, 0.1087997, 2.988433;0.7620404, 0.1229337, 2.896807;0.714056, -0.371771, 3.054734;0.8710783, -0.3465582, 2.827113;0.7241521, -0.7272398, 3.092637;0.9039432, -0.7047739, 2.767278;0.6596441, -0.803616, 3.06823;0.8693894, -0.788476, 2.720199;
0.7234811, 0.8255452, 3.062491;0.7687801, 0.6564522, 3.034795;0.7245237, 0.2605399, 2.96318;0.6365621, 0.5061979, 3.145233;0.8439457, 0.5089996, 2.902171;0.57437, -0.06461581, 3.027695;0.798004, 0.00329284, 2.736878;0.718109, 0.1810571, 2.954596;0.6659166, 0.1096863, 2.988569;0.7609133, 0.1236702, 2.897372;0.7124876, -0.3704983, 3.053453;0.8708708, -0.3473665, 2.826576;0.7243195, -0.7241294, 3.091438;0.903803, -0.7048114, 2.767119;0.6581435, -0.8032705, 3.068663;0.8691899, -0.7882397, 2.719698;
0.7285631, 0.8239359, 3.064936;0.7755657, 0.6587613, 3.041135;0.726513, 0.26175, 2.964747;0.6394814, 0.5080273, 3.14758;0.848249, 0.5082148, 2.905656;0.5743812, -0.06259821, 3.027792;0.8013284, -0.0007892393, 2.736826;0.7188015, 0.1818732, 2.955048;0.6661869, 0.1108005, 2.98837;0.7609437, 0.1241888, 2.897601;0.7117312, -0.3689752, 3.052884;0.8705305, -0.3477766, 2.825664;0.7242726, -0.7220486, 3.090534;0.9035074, -0.70505, 2.767303;0.6562441, -0.802624, 3.069897;0.8691216, -0.7879565, 2.719962;
0.7309658, 0.8238701, 3.069054;0.7782549, 0.659183, 3.043391;0.7274689, 0.2620746, 2.965829;0.6437342, 0.5080054, 3.147254;0.850064, 0.5079431, 2.906625;0.5740791, -0.06195222, 3.024799;0.7967063, -0.03694358, 2.727974;0.7190664, 0.1821205, 2.955461;0.6662912, 0.1109905, 2.988578;0.7606728, 0.1244997, 2.897739;0.71185, -0.3710569, 3.053224;0.8703367, -0.34