0.5949258, 0.8133104, 3.01341;0.6306122, 0.6116331, 2.979233;0.6256775, 0.2224035, 2.97363;0.4793901, 0.4520884, 3.05483;0.7034638, 0.455651, 2.846025;0.3706673, -0.1499836, 2.959956;0.6739591, -0.1433277, 2.656797;0.5815908, 0.1556227, 2.929969;0.5236921, 0.08522024, 2.96977;0.6245253, 0.08682338, 2.87073;0.5402132, -0.3999097, 2.990438;0.6961925, -0.3812148, 2.798103;0.5644727, -0.7486053, 3.038371;0.7624359, -0.756373, 2.767962;0.5388388, -0.8238205, 3.026864;0.7384403, -0.8363257, 2.748406;
0.5834183, 0.7933432, 3.009555;0.6280667, 0.6089625, 2.980359;0.625443, 0.2194343, 2.975106;0.4785288, 0.451707, 3.055429;0.7021855, 0.4548763, 2.846552;0.3705743, -0.1504015, 2.960404;0.6732154, -0.1444469, 2.656733;0.5816808, 0.1521472, 2.931541;0.5242465, 0.081917, 2.971377;0.6249709, 0.0831321, 2.872427;0.5399724, -0.3989979, 2.990387;0.6958041, -0.3802277, 2.798585;0.5647651, -0.7486565, 3.03762;0.7624598, -0.7560399, 2.768227;0.5369822, -0.8245049, 3.027188;0.7377707, -0.8366747, 2.74834;
0.5739169, 0.7735794, 3.000059;0.6228206, 0.6027744, 2.980662;0.6261063, 0.2191434, 2.974495;0.473406, 0.4522962, 3.057346;0.6970044, 0.4518218, 2.842026;0.3663917, -0.1565917, 2.95705;0.6719102, -0.1461016, 2.656289;0.5820736, 0.1518245, 2.93132;0.5250029, 0.08165638, 2.971263;0.6261379, 0.08202512, 2.872114;0.5399501, -0.3989463, 2.990118;0.6955672, -0.3798006, 2.797971;0.5649332, -0.7487877, 3.036921;0.7629614, -0.7562209, 2.768024;0.5358237, -0.8252332, 3.026987;0.7375299, -0.8367447, 2.748095;
0.5649449, 0.7781635, 2.997511;0.610922, 0.5977684, 2.975198;0.6256526, 0.2188631, 2.974465;0.466208, 0.4483108, 3.056262;0.6931615, 0.4514119, 2.840352;0.3637047, -0.1581741, 2.957066;0.6698306, -0.1506512, 2.653772;0.5824977, 0.1505307, 2.931268;0.5263056, 0.07962871, 2.971284;0.6276698, 0.08076932, 2.87274;0.5398558, -0.398856, 2.990014;0.6953614, -0.3800629, 2.79748;0.5655512, -0.748298, 3.036132;0.7628024, -0.756449, 2.767748;0.5347831, -0.8260692, 3.026694;0.7374243, -0.837526, 2.748204;
0.5442712, 0.7571568, 2.987308;0.6059767, 0.5902695, 2.969105;0.6263999, 0.2171355, 2.973814;0.4619164, 0.4459715, 3.055653;0.6848732, 0.446289, 2.833959;0.3559868, -0.173404, 2.944094;0.6668163, -0.1556223, 2.650508;0.5833433, 0.1483874, 2.932042;0.528153, 0.07778969, 2.972483;0.6295957, 0.07825617, 2.875157;0.5396238, -0.3991075, 2.989696;0.6951041, -0.3798822, 2.796409;0.5649329, -0.7531723, 3.034399;0.7627085, -0.7562189, 2.767564;0.5289602, -0.8305542, 3.022372;0.7371552, -0.837705, 2.747846;
0.5405884, 0.7625184, 2.986382;0.6010571, 0.5893708, 2.96479;0.6261562, 0.2135772, 2.973976;0.4587497, 0.4452553, 3.052838;0.6785144, 0.4434897, 2.830164;0.355949, -0.175104, 2.944224;0.6637213, -0.1607972, 2.646812;0.5841608, 0.1429684, 2.933775;0.5305286, 0.07407064, 2.974444;0.6311185, 0.07304404, 2.878867;0.5388293, -0.3994489, 2.989988;0.6951948, -0.3802818, 2.795902;0.5642466, -0.7513898, 3.031938;0.7630408, -0.759945, 2.767903;0.5286581, -0.8303835, 3.02205;0.7372121, -0.837225, 2.746907;
0.5254901, 0.7519324, 2.963969;0.5907816, 0.582741, 2.957597;0.6260996, 0.20912, 2.974964;0.4517319, 0.4376055, 3.049013;0.6704645, 0.4370393, 2.826585;0.3503033, -0.1900595, 2.940174;0.6611057, -0.1648876, 2.643783;0.5859177, 0.1365964, 2.936291;0.5351082, 0.0668796, 2.978818;0.6341707, 0.06708063, 2.882865;0.5383344, -0.4008699, 2.989887;0.6954241, -0.3800057, 2.795473;0.5636449, -0.7506434, 3.031175;0.7627449, -0.7597349, 2.767715;0.5286345, -0.8303114, 3.022906;0.7370403, -0.8374801, 2.746823;
0.516436, 0.7457263, 2.954266;0.5853696, 0.5772815, 2.950421;0.6261181, 0.208214, 2.974318;0.4473064, 0.4322757, 3.044818;0.6639143, 0.430338, 2.821784;0.3499414, -0.1873247, 2.940241;0.6578457, -0.1712209, 2.642253;0.5863433, 0.1352936, 2.936467;0.5364149, 0.06564832, 2.979727;0.6349715, 0.06574817, 2.883531;0.5381784, -0.4008529, 2.989746;0.6969931, -0.383159, 2.795494;0.5641716, -0.7498988, 3.030175;0.7626064, -0.7617363, 2.767408;0.5265604, -0.8301427, 3.02017;0.7368825, -0.8377864, 2.746409;
0.5118309, 0.7410498, 2.953052;0.5790308, 0.5714874, 2.949902;0.6252055, 0.2054505, 2.975977;0.4416136, 0.4260172, 3.037868;0.6567155, 0.4248753, 2.81633;0.3496432, -0.1889323, 2.942025;0.6556929, -0.1785849, 2.63911;0.5866519, 0.1324261, 2.938866;0.5384293, 0.06233489, 2.984053;0.635867, 0.06295081, 2.886035;0.5398568, -0.4036221, 2.99265;0.6988264, -0.3848952, 2.79535;0.5645384, -0.7496223, 3.030066;0.7627629, -0.7601882, 2.767503;0.5264614, -0.8300008, 3.019951;0.7367454, -0.837851, 2.746029;
0.5007701, 0.729826, 2.942045;0.5722649, 0.5646676, 2.945022;0.6236156, 0.2040718, 2.977021;0.4381, 0.4219049, 3.033735;0.6540008, 0.422321, 2.813438;0.3498269, -0.1939669, 2.942029;0.652391, -0.1838425, 2.636278;0.5861412, 0.1307448, 2.940526;0.53914, 0.05830366, 2.988438;0.6356544, 0.06170027, 2.887649;0.5419298, -0.4040672, 2.994211;0.7013251, -0.3863029, 2.795067;0.5649793, -0.7494497, 3.030212;0.7626629, -0.7598779, 2.767507;0.5272017, -0.8304853, 3.022285;0.7383336, -0.8370356, 2.746038;
0.4967725, 0.7290564, 2.940624;0.5660003, 0.5599638, 2.939764;0.6220583, 0.2022393, 2.97636;0.4354257, 0.4199802, 3.031496;0.6514188, 0.4207318, 2.810273;0.3509802, -0.1957693, 2.944561;0.6517884, -0.185027, 2.63547;0.5855833, 0.1288617, 2.940701;0.5390388, 0.05672853, 2.988526;0.6357402, 0.06100844, 2.888269;0.5437059, -0.4076938, 2.995147;0.7039002, -0.3879548, 2.795402;0.5657983, -0.7510453, 3.030207;0.7627739, -0.7598466, 2.767333;0.5267839, -0.8328178, 3.023839;0.7384558, -0.837018, 2.745821;
0.494185, 0.7289518, 2.939142;0.5636861, 0.5585117, 2.937508;0.6202778, 0.2013852, 2.976358;0.4328451, 0.4173383, 3.028941;0.649416, 0.4198174, 2.808892;0.3522038, -0.2029655, 2.945151;0.6516276, -0.1856977, 2.635912;0.5845115, 0.1280095, 2.941091;0.5381308, 0.05557323, 2.989496;0.6351382, 0.06055739, 2.888801;0.5449026, -0.4085514, 2.995759;0.7059167, -0.3896975, 2.796442;0.5662538, -0.7503841, 3.030415;0.7626462, -0.7588308, 2.767586;0.5267265, -0.8327864, 3.023948;0.7382154, -0.8373958, 2.745543;
0.491932, 0.7279238, 2.9358;0.5612901, 0.5583609, 2.936756;0.6190189, 0.2014299, 2.976312;0.4309576, 0.4162239, 3.027746;0.6489859, 0.4198046, 2.807465;0.3532664, -0.2028798, 2.943907;0.6515181, -0.185576, 2.636103;0.5838451, 0.12796, 2.941159;0.5374851, 0.05528752, 2.989756;0.6350042, 0.06054974, 2.888823;0.5450892, -0.4086376, 2.995677;0.7070261, -0.3900395, 2.796967;0.5663774, -0.749974, 3.030375;0.7625542, -0.7587065, 2.767359;0.5268885, -0.8327257, 3.023815;0.7376607, -0.8374788, 2.745037;
0.4900339, 0.7285236, 2.936475;0.5607801, 0.559007, 2.935763;0.6180811, 0.2014539, 2.975175;0.4297393, 0.4154308, 3.027585;0.6477875, 0.4201439, 2.806616;0.3550324, -0.2020445, 2.940618;0.6512605, -0.1827077, 2.639329;0.5831024, 0.1279598, 2.940395;0.5368736, 0.05483438, 2.989067;0.6343833, 0.06102868, 2.888136;0.5452169, -0.408567, 2.995466;0.7077026, -0.3829015, 2.796822;0.567319, -0.7495582, 3.031611;0.762638, -0.7583569, 2.767318;0.527106, -0.8324223, 3.024012;0.7376385, -0.8376327, 2.745477;
0.4885251, 0.7295054, 2.93696;0.5602323, 0.5595703, 2.93568;0.617152, 0.202014, 2.973701;0.4286395, 0.4153838, 3.027548;0.6476063, 0.420689, 2.806158;0.3625478, -0.196804, 2.946588;0.6522815, -0.179319, 2.64084;0.5823361, 0.1287852, 2.938734;0.5362601, 0.0547776, 2.987136;0.6338789, 0.06244168, 2.886101;0.5454369, -0.4078015, 2.995446;0.7083809, -0.381298, 2.797032;0.5675498, -0.7492347, 3.031765;0.7627403, -0.7579899, 2.767371;0.5272178, -0.8321327, 3.023916;0.7381221, -0.8373265, 2.745657;
0.4893841, 0.7391638, 2.937386;0.5601696, 0.5692859, 2.937425;0.614468, 0.2041587, 2.971357;0.4293754, 0.4215925, 3.028197;0.645937, 0.4258158, 2.807516;0.3636783, -0.1959835, 2.945182;0.6556576, -0.1758018, 2.645894;0.5790366, 0.1310568, 2.936077;0.533199, 0.05655133, 2.983829;0.6284131, 0.06743911, 2.882297;0.5457919, -0.4072168, 2.995578;0.7097057, -0.3767869, 2.79777;0.5681903, -0.7489164, 3.032597;0.7632582, -0.7570739, 2.766843;0.5272955, -0.831669, 3.023798;0.7378829, -0.837576, 2.745468;
0.4933931, 0.7593848, 2.938839;0.5609094, 0.5733256, 2.938605;0.6128861, 0.2059184, 2.969063;0.4296495, 0.427482, 3.030041;0.6457959, 0.4290084, 2.808143;0.3678725, -0.1974495, 2.947835;0.6578552, -0.1568934, 2.651541;0.5768166, 0.1332012, 2.933238;0.5307735, 0.05823834, 2.980577;0.6258935, 0.069648, 2.878578;0.5461786, -0.4069167, 2.995434;0.710867, -0.3739891, 2.79915;0.568333, -0.7482235, 3.032505;0.7658796, -0.7551681, 2.767543;0.5274491, -0.8314554, 3.023697;0.7377278, -0.8376519, 2.74529;
0.493911, 0.7595385, 2.942253;0.5640188, 0.5789316, 2.941208;0.6108022, 0.2077948, 2.967826;0.4280553, 0.4308704, 3.03096;0.6464918, 0.4317996, 2.807789;0.3700376, -0.195564, 2.949143;0.6600245, -0.16523, 2.652217;0.5738598, 0.1358489, 2.931265;0.5255911, 0.06089854, 2.977081;0.6231802, 0.0718707, 2.876649;0.5473671, -0.4060641, 2.996521;0.7130374, -0.3737072, 2.801629;0.5687064, -0.7473046, 3.032942;0.7675718, -0.7537255, 2.768333;0.5278646, -0.8301589, 3.022571;0.737646, -0.8377073, 2.745905;
0.4962503, 0.762953, 2.945454;0.5704602, 0.5862058, 2.94547;0.6086947, 0.209341, 2.966729;0.428086, 0.4333231, 3.032248;0.6475044, 0.4351268, 2.808528;0.3768017, -0.1790053, 2.944865;0.661548, -0.1607175, 2.655487;0.5703386, 0.1385698, 2.929339;0.5199712, 0.0634171, 2.974354;0.6184579, 0.07499854, 2.87365;0.5474597, -0.4053963, 2.996941;0.7147146, -0.3708639, 2.80371;0.5688975, -0.7476937, 3.032707;0.7681704, -0.7528093, 2.767926;0.527723, -0.8308452, 3.021725;0.7374794, -0.8378385, 2.745864;
0.5009995, 0.7739215, 2.952094;0.5722067, 0.5897642, 2.946994;0.6039991, 0.2127093, 2.963426;0.4282753, 0.4360779, 3.033801;0.6513327, 0.4428439, 2.812336;0.3781033, -0.1778706, 2.943544;0.662499, -0.1583674, 2.656694;0.5661798, 0.1426069, 2.925848;0.5138383, 0.0667996, 2.97027;0.6144813, 0.07821093, 2.869014;0.5477504, -0.4035616, 2.997274;0.714782, -0.3701328, 2.804337;0.5691543, -0.7470816, 3.033417;0.7682466, -0.7519345, 2.768076;0.5277889, -0.8307978, 3.021784;0.7380342, -0.8371775, 2.745331;
0.5031544, 0.7765726, 2.954117;0.5739776, 0.5909184, 2.947869;0.6013829, 0.2135749, 2.961276;0.4290434, 0.4392051, 3.035695;0.6534727, 0.4438227, 2.8132;0.3802111, -0.1767512, 2.941734;0.6631731, -0.1567296, 2.657682;0.5636706, 0.1438776, 2.924096;0.5095383, 0.06812673, 2.96756;0.6119461, 0.0791956, 2.867102;0.5480965, -0.4012931, 2.997934;0.7154518, -0.3714904, 2.806048;0.5691987, -0.7471001, 3.033608;0.768748, -0.7512493, 2.768209;0.5276865, -0.8304336, 3.021294;0.7380018, -0.8370227, 2.745347;
0.5145985, 0.7847797, 2.965261;0.5781816, 0.5930982, 2.950468;0.6004604, 0.213935, 2.960541;0.4310269, 0.4427413, 3.038797;0.6556629, 0.4448155, 2.814197;0.3840981, -0.1732308, 2.945613;0.6629614, -0.1491576, 2.662071;0.5618246, 0.1449341, 2.923077;0.5067959, 0.06915036, 2.966454;0.6092721, 0.07977182, 2.865141;0.5481817, -0.4006294, 2.998038;0.7148216, -0.3707855, 2.805877;0.5694528, -0.7468789, 3.033617;0.7688139, -0.7513613, 2.768098;0.5277975, -0.8303592, 3.021482;0.737622, -0.8373258, 2.745455;
0.5181834, 0.7883672, 2.968163;0.5879196, 0.6002614, 2.956077;0.5993753, 0.214626, 2.960141;0.4326949, 0.4450416, 3.041892;0.660558, 0.4462731, 2.816254;0.3845682, -0.1733619, 2.94641;0.6639007, -0.1479019, 2.664995;0.5600341, 0.1466523, 2.922052;0.5029222, 0.07159062, 2.964081;0.6070665, 0.08117013, 2.864019;0.5474105, -0.3982923, 2.998216;0.7135586, -0.3707733, 2.805939;0.5694821, -0.7466872, 3.033656;0.7686909, -0.7510791, 2.768228;0.545028, -0.8194153, 3.027707;0.7378941, -0.8371856, 2.745116;
0.5230257, 0.7909774, 2.972555;0.5895106, 0.6002777, 2.956515;0.598062, 0.2159099, 2.959847;0.4346464, 0.4475956, 3.045001;0.6664892, 0.4491417, 2.821695;0.3860756, -0.172512, 2.947698;0.6644697, -0.1464325, 2.665615;0.5584692, 0.1485258, 2.920929;0.5005087, 0.07297945, 2.96297;0.6052232, 0.08244619, 2.862309;0.5472622, -0.398277, 2.998269;0.7113644, -0.3699737, 2.806236;0.5695131, -0.7484292, 3.033979;0.7689467, -0.7499033, 2.768389;0.5366123, -0.8283728, 3.024655;0.7376813, -0.8372889, 2.745359;
0.5248832, 0.7931972, 2.974026;0.5928331, 0.6010914, 2.958786;0.5972594, 0.2164567, 2.959953;0.4370415, 0.4490658, 3.044881;0.6684873, 0.4496323, 2.82303;0.38742, -0.1665982, 2.951845;0.6657621, -0.1424591, 2.667256;0.5568888, 0.1496916, 2.92055;0.4981258, 0.07426851, 2.962505;0.6026362, 0.08345872, 2.861263;0.5463568, -0.3980259, 2.997147;0.7102499, -0.3692648, 2.805796;0.5693412, -0.7493444, 3.033763;0.7687886, -0.7501255, 2.768532;0.5323709, -0.8328459, 3.024375;0.7375986, -0.8376648, 2.746235;
0.5416969, 0.801448, 2.982306;0.5944307, 0.601429, 2.959933;0.5966012, 0.2167165, 2.95972;0.4399523, 0.4509048, 3.046009;0.6702589, 0.4498933, 2.823572;0.3886403, -0.16553, 2.950231;0.6668248, -0.1429332, 2.671006;0.5552759, 0.1502856, 2.920016;0.4955356, 0.07575505, 2.961106;0.600479, 0.0840699, 2.860895;0.5459334, -0.3978143, 2.996835;0.7075613, -0.3683561, 2.805882;0.5688787, -0.7489514, 3.033567;0.7682219, -0.7502881, 2.768694;0.5312037, -0.8324183, 3.024321;0.7374533, -0.8377336, 2.746103;
0.5445306, 0.8014378, 2.983422;0.5952489, 0.6014467, 2.961264;0.5953919, 0.2177351, 2.960079;0.4402792, 0.4506266, 3.04645;0.6773577, 0.4531958, 2.826782;0.3896132, -0.1610297, 2.950852;0.6678191, -0.1409945, 2.671538;0.554363, 0.1517861, 2.919244;0.4939601, 0.07653509, 2.960119;0.5999402, 0.08485824, 2.859722;0.5448662, -0.3975119, 2.996329;0.7056899, -0.3703627, 2.805555;0.5690513, -0.7478811, 3.033587;0.7667188, -0.7501541, 2.768217;0.5308144, -0.8315925, 3.023916;0.7374787, -0.8379702, 2.74655;
0.55244, 0.7910938, 2.984559;0.5969504, 0.5988869, 2.964338;0.595289, 0.2172909, 2.960076;0.4411855, 0.4503924, 3.046473;0.6778939, 0.4531693, 2.827385;0.3896986, -0.1606467, 2.952446;0.6680042, -0.1422692, 2.671925;0.5540029, 0.1519033, 2.918901;0.493396, 0.07651235, 2.959499;0.59928, 0.08502695, 2.858739;0.5446468, -0.3966456, 2.996443;0.7049651, -0.3710295, 2.805295;0.5691432, -0.7477959, 3.034012;0.7661983, -0.7504479, 2.768536;0.5307431, -0.8312544, 3.024414;0.7378436, -0.8379671, 2.746181;
0.5547968, 0.7952989, 2.983915;0.6017753, 0.6018093, 2.968624;0.5952538, 0.2175485, 2.959939;0.4435213, 0.4519249, 3.047133;0.6792306, 0.4536256, 2.828976;0.3897296, -0.1603932, 2.953645;0.6689134, -0.1412317, 2.672799;0.5536429, 0.1527425, 2.918359;0.4925885, 0.07796693, 2.958053;0.5985834, 0.08617073, 2.857972;0.544049, -0.3963255, 2.995716;0.7045413, -0.3725537, 2.804981;0.5690727, -0.74801, 3.034134;0.7653295, -0.7508916, 2.768372;0.5304038, -0.8309761, 3.02413;0.7368401, -0.8385579, 2.745692;
0.5536242, 0.7894673, 2.986583;0.6024851, 0.6017515, 2.970112;0.5946929, 0.2179415, 2.960305;0.4438068, 0.4517626, 3.046995;0.6826305, 0.4547752, 2.831764;0.3897859, -0.1604338, 2.954804;0.6712471, -0.1399147, 2.672815;0.5532733, 0.1535251, 2.917884;0.4915512, 0.07884873, 2.956817;0.5983997, 0.08664744, 2.857439;0.5428094, -0.3958982, 2.994191;0.7032052, -0.3730498, 2.805322;0.5689164, -0.7478878, 3.034341;0.7645661, -0.7505831, 2.768364;0.5305961, -0.8308333, 3.024111;0.7378112, -0.8386117, 2.746737;
0.5552951, 0.7816365, 2.988516;0.604495, 0.5996618, 2.972857;0.5948331, 0.2178097, 2.960313;0.4453521, 0.4524513, 3.046892;0.6835191, 0.4551508, 2.832709;0.3894084, -0.1604457, 2.954901;0.6746765, -0.1386806, 2.671961;0.5533501, 0.154064, 2.917521;0.4915484, 0.07905609, 2.956469;0.5983256, 0.08744879, 2.856197;0.5427505, -0.3960922, 2.993924;0.7020063, -0.3732948, 2.805138;0.5702735, -0.7476529, 3.036385;0.7644065, -0.7505218, 2.768396;0.5305441, -0.83042, 3.024684;0.7375959, -0.8387039, 2.746623;
0.562307, 0.7933195, 2.99273;0.6047664, 0.599326, 2.973657;0.5946223, 0.2180051, 2.960483;0.4465213, 0.4527962, 3.047419;0.6848552, 0.4556486, 2.834015;0.3883332, -0.1594892, 2.955185;0.6778631, -0.1395115, 2.672929;0.5529778, 0.1545272, 2.917383;0.4909703, 0.07955906, 2.956089;0.5978822, 0.0878759, 2.855955;0.5424356, -0.3966127, 2.993747;0.7014648, -0.3735484, 2.805335;0.5694995, -0.7510503, 3.035369;0.7639568, -0.7506291, 2.768462;0.5293685, -0.833656, 3.025805;0.7374684, -0.8388784, 2.746783;
0.5655099, 0.7985267, 2.993485;0.6056321, 0.5996231, 2.974313;0.5945234, 0.2181882, 2.960512;0.4468643, 0.4527808, 3.047527;0.6856025, 0.4555937, 2.834874;0.388042, -0.1593162, 2.955907;0.6788989, -0.1395752, 2.6734;0.552758, 0.1548912, 2.917076;0.4904848, 0.07991104, 2.955538;0.5975786, 0.0881786, 2.855489;0.542235, -0.3975118, 2.993445;0.7011169, -0.3737011, 2.805505;0.5687208, -0.7518833, 3.035066;0.7636131, -0.7506459, 2.767982;0.5287785, -0.8340653, 3.023729;0.7364653, -0.838846, 2.745661;
0.5607502, 0.7696899, 2.988345;0.6064264, 0.5982578, 2.975595;0.594641, 0.218066, 2.960507;0.4477224, 0.4530968, 3.047361;0.6859253, 0.4550581, 2.835295;0.3877431, -0.1606015, 2.956603;0.6845638, -0.1405174, 2.675629;0.5528684, 0.1551, 2.916792;0.4906045, 0.07996059, 2.955226;0.5975987, 0.08840501, 2.854573;0.5419428, -0.3971128, 2.992988;0.700835, -0.3739017, 2.805327;0.5687644, -0.7514509, 3.034714;0.7634704, -0.7497528, 2.767664;0.5293345, -0.8285449, 3.024601;0.736205, -0.8389266, 2.74537;
0.5671923, 0.7858772, 2.990324;0.607713, 0.5997322, 2.975564;0.5947412, 0.2187945, 2.960264;0.4493652, 0.4539347, 3.046501;0.6875774, 0.4559885, 2.836413;0.3874159, -0.1610276, 2.954288;0.686747, -0.1414981, 2.675824;0.5528887, 0.1557659, 2.916212;0.4904835, 0.08043322, 2.954715;0.5975249, 0.08889049, 2.853825;0.5415108, -0.3967428, 2.992492;0.70094, -0.3738288, 2.805033;0.5685852, -0.7510502, 3.034341;0.7630473, -0.7499176, 2.767596;0.529379, -0.8285559, 3.024628;0.7360308, -0.839214, 2.745419;
0.5713141, 0.798317, 2.992893;0.6087255, 0.6008978, 2.976338;0.594875, 0.2189708, 2.960191;0.4497753, 0.4539213, 3.046529;0.6876472, 0.4559629, 2.836735;0.3873341, -0.1608295, 2.954176;0.6877535, -0.1409958, 2.675585;0.5528798, 0.1559662, 2.915985;0.4904443, 0.08058498, 2.954456;0.5973954, 0.08917012, 2.853366;0.5410284, -0.3975974, 2.992069;0.7006024, -0.3740664, 2.804728;0.5681711, -0.7515094, 3.034002;0.762713, -0.7498741, 2.767558;0.5287035, -0.8301065, 3.0243;0.7358662, -0.8394105, 2.745434;
0.5686462, 0.7953209, 2.991787;0.6089502, 0.6005235, 2.976733;0.5949043, 0.2191373, 2.960339;0.4508119, 0.4541469, 3.046182;0.6888354, 0.4559007, 2.837704;0.3870539, -0.1609615, 2.953692;0.6898834, -0.1402332, 2.675158;0.5529777, 0.1562936, 2.915856;0.4904553, 0.08066481, 2.954431;0.5975011, 0.08938257, 2.852879;0.5408583, -0.3982606, 2.991985;0.7003371, -0.3735397, 2.804485;0.5683274, -0.752399, 3.034019;0.7624213, -0.7501186, 2.767422;0.5285509, -0.832174, 3.025001;0.7357123, -0.8395598, 2.745565;
0.5697123, 0.798463, 2.993766;0.6093009, 0.6005555, 2.977966;0.5949947, 0.2194725, 2.960402;0.4521292, 0.4553559, 3.047647;0.6906603, 0.4558634, 2.838348;0.3875845, -0.1602103, 2.951706;0.6913212, -0.1389042, 2.67462;0.5529581, 0.1568536, 2.915678;0.4902814, 0.08135431, 2.95384;0.5974817, 0.08973389, 2.852679;0.5401884, -0.3972568, 2.990965;0.7007865, -0.3746597, 2.803852;0.5686083, -0.7514959, 3.034749;0.7620714, -0.7503291, 2.767385;0.5287288, -0.8317833, 3.0255;0.7362252, -0.8391217, 2.745368;
0.5691673, 0.7985405, 2.993946;0.6103509, 0.6003318, 2.978741;0.5950803, 0.2198875, 2.960795;0.4524394, 0.4555895, 3.048024;0.6921705, 0.4557873, 2.838918;0.3876811, -0.1600609, 2.949059;0.6922117, -0.1355741, 2.67609;0.5529734, 0.1574711, 2.915822;0.4900064, 0.08181024, 2.953964;0.5974822, 0.08986405, 2.852655;0.5400571, -0.3968442, 2.990717;0.7004521, -0.3746193, 2.803937;0.5686051, -0.7496704, 3.034777;0.7621337, -0.7504866, 2.767926;0.5287812, -0.8314974, 3.02579;0.7366967, -0.8397931, 2.748816;
0.5690937, 0.7989876, 2.993289;0.6109709, 0.6012982, 2.978705;0.5951816, 0.220539, 2.960978;0.4527152, 0.4558581, 3.048207;0.6942458, 0.4562809, 2.839379;0.3888757, -0.1628454, 2.944817;0.6927567, -0.1359993, 2.675846;0.5530687, 0.1579718, 2.915782;0.4898645, 0.08229464, 2.95375;0.5976437, 0.09016498, 2.852751;0.5400444, -0.3968914, 2.990744;0.6999052, -0.3747302, 2.80402;0.5692456, -0.7478046, 3.035198;0.7623765, -0.7503275, 2.768532;0.5287635, -0.8314458, 3.025784;0.7363524, -0.8397534, 2.74843;
0.5705519, 0.7941308, 2.992331;0.611285, 0.601501, 2.979244;0.5952188, 0.2209255, 2.961287;0.4529603, 0.4557473, 3.048626;0.6952487, 0.4571491, 2.840318;0.3889401, -0.1628193, 2.944726;0.6926233, -0.1360211, 2.67581;0.5530793, 0.1583989, 2.915885;0.4897353, 0.08242598, 2.953876;0.5976811, 0.09037513, 2.852642;0.5400308, -0.3970253, 2.990816;0.7000108, -0.3755783, 2.803883;0.5693344, -0.7489339, 3.035102;0.7626239, -0.7498481, 2.768801;0.5286743, -0.8324636, 3.025682;0.7362412, -0.8395135, 2.748109;
0.5703356, 0.7968277, 2.991536;0.6114422, 0.6017246, 2.979547;0.5953181, 0.2210989, 2.961656;0.453402, 0.4559979, 3.048613;0.6952099, 0.4571389, 2.840325;0.3883719, -0.1728181, 2.944458;0.6930165, -0.1358264, 2.675886;0.5530643, 0.1585261, 2.916178;0.4897336, 0.0825986, 2.954352;0.5976078, 0.09043034, 2.852815;0.5400055, -0.3970325, 2.990782;0.7001857, -0.3753661, 2.803576;0.5695527, -0.7501742, 3.035014;0.7625675, -0.7500157, 2.76884;0.5281094, -0.8330426, 3.024814;0.7358639, -0.8394184, 2.746401;
0.5703881, 0.7956692, 2.989824;0.61188, 0.6019133, 2.980202;0.5954438, 0.2214735, 2.961926;0.4543644, 0.4564897, 3.048588;0.6964641, 0.4580278, 2.841026;0.3889523, -0.174292, 2.944334;0.6943071, -0.1390229, 2.674357;0.5531729, 0.1589853, 2.916252;0.4897126, 0.0830879, 2.954391;0.5976767, 0.09060041, 2.85277;0.5399934, -0.3969594, 2.990607;0.7001883, -0.375446, 2.803467;0.5696526, -0.7486699, 3.034961;0.7625578, -0.7500308, 2.768875;0.5281646, -0.8322288, 3.024566;0.7358523, -0.8394444, 2.746422;
0.5694973, 0.7906911, 2.988735;0.6127691, 0.6020464, 2.98006;0.5956424, 0.2215635, 2.962021;0.4545058, 0.4560474, 3.048401;0.6968548, 0.4580363, 2.841377;0.3896563, -0.1761207, 2.945933;0.6942573, -0.1361851, 2.675315;0.5532911, 0.1590798, 2.916273;0.4897035, 0.0830805, 2.954471;0.5978255, 0.09057979, 2.852659;0.5397699, -0.3969916, 2.990447;0.7004872, -0.3750774, 2.803189;0.5692678, -0.7492482, 3.034223;0.7625331, -0.7501799, 2.768898;0.527983, -0.8328571, 3.02432;0.7359099, -0.8396681, 2.746619;
0.5698426, 0.7904269, 2.988922;0.6134865, 0.6020883, 2.979939;0.5957612, 0.2215891, 2.962095;0.4548826, 0.4562171, 3.048529;0.6969602, 0.4577214, 2.841235;0.3915899, -0.1580681, 2.947271;0.6945084, -0.1388956, 2.674409;0.5532974, 0.1591315, 2.916355;0.4896562, 0.08316942, 2.954598;0.5977718, 0.09062064, 2.852773;0.5398611, -0.3969909, 2.990575;0.70039, -0.3750084, 2.803144;0.5693389, -0.7482501, 3.034479;0.7625321, -0.7503799, 2.768904;0.52794, -0.8327464, 3.024431;0.7358989, -0.8396588, 2.746622;
0.571758, 0.7943994, 2.989415;0.6135989, 0.6023493, 2.979807;0.5958257, 0.2218567, 2.962203;0.4548805, 0.4560731, 3.0489;0.697541, 0.4576453, 2.841293;0.3919919, -0.1581586, 2.948449;0.6948296, -0.1366524, 2.674857;0.5533124, 0.1593654, 2.916439;0.4895433, 0.08331092, 2.954695;0.5978011, 0.09065393, 2.852827;0.5398995, -0.3966781, 2.990519;0.7003036, -0.3754471, 2.803033;0.5692233, -0.7481194, 3.034404;0.7624261, -0.7503921, 2.768802;0.5275519, -0.8325434, 3.024153;0.7357887, -0.839709, 2.74641;
0.5718729, 0.7951713, 2.990041;0.6140256, 0.6026669, 2.97966;0.5959263, 0.2219604, 2.962219;0.4551398, 0.4563334, 3.049151;0.6976138, 0.4575574, 2.841475;0.391941, -0.1575853, 2.948319;0.694509, -0.1362763, 2.674977;0.5533284, 0.1594383, 2.916449;0.4895001, 0.08342008, 2.95471;0.5978086, 0.09071927, 2.852856;0.539818, -0.3964705, 2.99026;0.7005755, -0.3752585, 2.803125;0.5686961, -0.747628, 3.033924;0.7623596, -0.7494806, 2.767943;0.527254, -0.8321656, 3.023582;0.7357361, -0.8397044, 2.746281;
0.5721157, 0.7942233, 2.989683;0.6140007, 0.6025721, 2.979682;0.5959167, 0.2219946, 2.962354;0.4557027, 0.4566272, 3.049204;0.6976693, 0.4580318, 2.841904;0.392343, -0.1577704, 2.948869;0.6940295, -0.1355191, 2.674735;0.5532572, 0.1595019, 2.916604;0.4894437, 0.08364064, 2.954809;0.5975763, 0.0909136, 2.853387;0.5398132, -0.3967802, 2.990455;0.7005762, -0.3753167, 2.803138;0.5687205, -0.748939, 3.034132;0.7625749, -0.749524, 2.767976;0.5272768, -0.8334003, 3.024033;0.7353507, -0.8398446, 2.745739;
0.5726685, 0.8006886, 2.991997;0.6142201, 0.6034288, 2.979331;0.5960424, 0.2222147, 2.962397;0.4556628, 0.4564905, 3.049406;0.6977525, 0.457942, 2.842225;0.3925569, -0.157507, 2.949228;0.6941605, -0.1350261, 2.674403;0.5533289, 0.1595935, 2.916621;0.4894498, 0.0836509, 2.954823;0.5977446, 0.09109457, 2.853472;0.5400176, -0.3968888, 2.990631;0.7003375, -0.3755586, 2.803354;0.5685837, -0.7486333, 3.034231;0.7626364, -0.7497669, 2.768033;0.5278268, -0.8330938, 3.024914;0.7357326, -0.8396551, 2.745178;
0.5727144, 0.8008156, 2.992116;0.6155936, 0.6037991, 2.978682;0.5962244, 0.2223554, 2.962557;0.4556827, 0.456624, 3.049514;0.6976776, 0.4577085, 2.842097;0.3920307, -0.1581292, 2.951107;0.6941575, -0.1436685, 2.672171;0.5533682, 0.1597375, 2.91685;0.4893477, 0.08386028, 2.955309;0.5976907, 0.09112976, 2.853702;0.5396891, -0.3962353, 2.990343;0.6999488, -0.3758631, 2.803448;0.5690467, -0.7473053, 3.034836;0.7616588, -0.750632, 2.767329;0.5288351, -0.8313953, 3.024321;0.7353987, -0.8396278, 2.744825;
0.5704641, 0.790206, 2.990488;0.6156108, 0.6033565, 2.97885;0.5964087, 0.2224437, 2.962811;0.4555963, 0.4565786, 3.049619;0.6975681, 0.4577114, 2.842007;0.391165, -0.1671426, 2.950351;0.6938361, -0.1403522, 2.672394;0.5535184, 0.1599083, 2.917148;0.4894575, 0.08390298, 2.955758;0.5977763, 0.09117223, 2.853811;0.5397485, -0.3962099, 2.990302;0.6999435, -0.3762822, 2.803371;0.5690076, -0.7466302, 3.034773;0.7619212, -0.7507399, 2.767402;0.5285237, -0.8313236, 3.024284;0.7354838, -0.8397446, 2.745281;
0.5729029, 0.7944861, 2.993147;0.6156896, 0.6036171, 2.978917;0.5968449, 0.222425, 2.96261;0.4555439, 0.4564177, 3.049675;0.6964821, 0.4576287, 2.841412;0.3898763, -0.1640612, 2.95127;0.6927618, -0.1396432, 2.670556;0.5538306, 0.1597965, 2.916995;0.4899189, 0.08375744, 2.955545;0.5980788, 0.09123477, 2.853664;0.5399583, -0.3963203, 2.990711;0.7006757, -0.3790489, 2.8032;0.5690824, -0.7466768, 3.035352;0.7619109, -0.750741, 2.767396;0.5285437, -0.8310479, 3.024176;0.7353218, -0.839857, 2.745641;
0.5724481, 0.7949756, 2.993139;0.6156607, 0.6036314, 2.978832;0.5971499, 0.2224321, 2.962402;0.4554274, 0.4563582, 3.05036;0.6938401, 0.4579822, 2.841203;0.3892798, -0.1639904, 2.950605;0.6923804, -0.1393768, 2.670145;0.5538201, 0.159779, 2.917045;0.49005, 0.08361232, 2.955843;0.5979246, 0.09126481, 2.853684;0.5399289, -0.3961951, 2.99071;0.7006907, -0.3789534, 2.80317;0.5690599, -0.746462, 3.035377;0.7619308, -0.7504454, 2.767523;0.5286301, -0.8306341, 3.023948;0.7353178, -0.8398617, 2.745643;
0.5616896, 0.7893652, 2.994289;0.6144732, 0.6038823, 2.97797;0.5974461, 0.2225931, 2.96223;0.4553038, 0.4565734, 3.050963;0.6921716, 0.4576405, 2.840557;0.3877644, -0.1643178, 2.951067;0.6877534, -0.1383124, 2.66674;0.5539346, 0.1597402, 2.917042;0.4906942, 0.083536, 2.955863;0.5980051, 0.0913199, 2.85374;0.5399894, -0.3962187, 2.990717;0.7006598, -0.3789366, 2.803152;0.5688112, -0.7465687, 3.035249;0.7619112, -0.7503275, 2.767471;0.5285444, -0.830458, 3.023868;0.7355527, -0.8393407, 2.743695;
0.5616347, 0.7860732, 2.991669;0.613492, 0.6035701, 2.978025;0.5976763, 0.222586, 2.962228;0.4551645, 0.4565158, 3.051157;0.6911572, 0.4579241, 2.840309;0.3835541, -0.1643275, 2.955401;0.6847961, -0.1380243, 2.665937;0.5541679, 0.1595932, 2.917158;0.4914836, 0.0831007, 2.956372;0.5982427, 0.09115952, 2.853705;0.5400379, -0.3966242, 2.990834;0.7006492, -0.3788527, 2.803051;0.5679772, -0.75031, 3.035088;0.7619277, -0.7503206, 2.767465;0.5279191, -0.8318402, 3.024377;0.7355139, -0.8393717, 2.744098;
0.5604806, 0.7834778, 2.990365;0.6097589, 0.6001477, 2.97636;0.5981106, 0.2225625, 2.961899;0.454617, 0.4561045, 3.050977;0.6885126, 0.4569217, 2.838166;0.3813308, -0.1642084, 2.955497;0.680697, -0.1394667, 2.664029;0.5543909, 0.1593344, 2.917127;0.4923514, 0.08233382, 2.956712;0.5985548, 0.09091494, 2.853485;0.5399215, -0.3984823, 2.991146;0.7005466, -0.3782329, 2.802758;0.5677341, -0.7519393, 3.034546;0.7618185, -0.7503915, 2.767393;0.5274056, -0.8323753, 3.023774;0.7354326, -0.8393682, 2.743946;
0.5569466, 0.7935854, 2.98964;0.6071753, 0.6007173, 2.973772;0.5986531, 0.2226449, 2.96142;0.4542019, 0.4562377, 3.051136;0.6866598, 0.4562091, 2.836471;0.3705586, -0.159925, 2.942263;0.6769993, -0.136666, 2.661556;0.5550104, 0.1587481, 2.916915;0.4938261, 0.08194179, 2.956268;0.5993689, 0.0906826, 2.853861;0.5397837, -0.398054, 2.990941;0.7002568, -0.3782459, 2.802334;0.5678057, -0.7510947, 3.034029;0.7615158, -0.7511199, 2.767236;0.5274925, -0.8321729, 3.024189;0.7360263, -0.8394377, 2.744237;
0.5535854, 0.7979667, 2.988919;0.6033361, 0.6023086, 2.969263;0.5994421, 0.2230468, 2.960616;0.4507844, 0.4540226, 3.04905;0.6842902, 0.4555191, 2.833554;0.3631148, -0.1601596, 2.938581;0.6743045, -0.1376916, 2.656345;0.5564805, 0.1581348, 2.916184;0.4963202, 0.08098978, 2.95562;0.601915, 0.09021732, 2.853573;0.5396891, -0.3979068, 2.990831;0.7000051, -0.3766173, 2.801127;0.5678326, -0.7505493, 3.033281;0.7614398, -0.7516022, 2.767511;0.5293491, -0.8262768, 3.023028;0.735981, -0.839444, 2.744287;
0.5363023, 0.7949968, 2.986241;0.6004069, 0.6031985, 2.966444;0.6009493, 0.2231398, 2.959825;0.4478734, 0.452322, 3.049288;0.677442, 0.4533663, 2.82874;0.3598014, -0.1624823, 2.942454;0.669651, -0.1408875, 2.651335;0.5582628, 0.1569961, 2.916455;0.4999743, 0.07962669, 2.956467;0.6043443, 0.0895566, 2.854807;0.5397705, -0.3977778, 2.99085;0.6993328, -0.3770231, 2.800523;0.5674897, -0.7500253, 3.032614;0.7611765, -0.7523531, 2.767248;0.5292495, -0.8267167, 3.023589;0.7365381, -0.8389697, 2.743905;
0.5171089, 0.7563087, 2.964938;0.5930536, 0.5947665, 2.958113;0.6031356, 0.2214878, 2.959173;0.4426745, 0.4473631, 3.046678;0.6731687, 0.4496247, 2.824108;0.3553733, -0.1653265, 2.939469;0.6664832, -0.1437977, 2.647971;0.5617226, 0.1539579, 2.916817;0.5054084, 0.07615744, 2.957112;0.6093794, 0.08734038, 2.857296;0.5399376, -0.3964518, 2.990455;0.6986151, -0.3772209, 2.799814;0.5672935, -0.7494116, 3.031579;0.761093, -0.7523791, 2.767336;0.5290403, -0.8265899, 3.022621;0.7368215, -0.8388062, 2.74406;
0.5136777, 0.7596114, 2.964549;0.5859996, 0.5944639, 2.954683;0.6044212, 0.2201857, 2.959068;0.4382969, 0.4447324, 3.044933;0.6664765, 0.4468196, 2.819849;0.3530415, -0.1668878, 2.939468;0.6618886, -0.1480478, 2.645195;0.5641394, 0.1505844, 2.918054;0.5095973, 0.07319412, 2.958149;0.6128758, 0.08551826, 2.861147;0.5398141, -0.3964539, 2.990422;0.698277, -0.3771962, 2.798595;0.5673096, -0.7493962, 3.031575;0.7585278, -0.7592552, 2.765797;0.5291151, -0.8266738, 3.022764;0.736397, -0.8410157, 2.747597;
0.5040529, 0.7494175, 2.959202;0.571996, 0.5816506, 2.949054;0.6047717, 0.2169623, 2.960266;0.4331864, 0.4378436, 3.041459;0.6570108, 0.441399, 2.814324;0.3405543, -0.1818562, 2.934247;0.6553549, -0.1529597, 2.636856;0.5653569, 0.1465017, 2.920905;0.5136569, 0.06800929, 2.964407;0.6146164, 0.08131569, 2.864224;0.5391385, -0.3995638, 2.990602;0.6984068, -0.3773468, 2.797869;0.5667685, -0.7507172, 3.029678;0.7586503, -0.7607161, 2.765986;0.5283551, -0.8290652, 3.022477;0.7360001, -0.8409326, 2.746922;
0.4914171, 0.7360159, 2.943772;0.5615953, 0.5694045, 2.937161;0.6046813, 0.2131803, 2.962005;0.4278418, 0.4329392, 3.036358;0.6526889, 0.434692, 2.809348;0.3365715, -0.1868973, 2.936385;0.6505289, -0.1588247, 2.627145;0.5670968, 0.1412573, 2.924721;0.5172547, 0.06355326, 2.970289;0.6183821, 0.07338389, 2.87148;0.538186, -0.4050421, 2.990072;0.6986723, -0.3809315, 2.796911;0.5660961, -0.7531425, 3.028604;0.7576146, -0.7619202, 2.764916;0.5276777, -0.8304532, 3.022936;0.7354373, -0.8411176, 2.747053;
0.4870597, 0.7297122, 2.938419;0.5531144, 0.5574226, 2.930515;0.6031148, 0.2033422, 2.960299;0.4211234, 0.4116495, 3.020219;0.6432308, 0.4229558, 2.801934;0.3247511, -0.2050809, 2.931735;0.6461236, -0.1688186, 2.619485;0.5709989, 0.1308959, 2.926981;0.5234991, 0.05596443, 2.972338;0.6226236, 0.066658, 2.875469;0.5373129, -0.4068416, 2.990074;0.6991322, -0.3839936, 2.795729;0.5658061, -0.7541043, 3.027825;0.7572297, -0.7635585, 2.765145;0.5271227, -0.8315669, 3.021934;0.735199, -0.8411275, 2.746957;
0.4711723, 0.7177, 2.92181;0.5366086, 0.5367998, 2.907737;0.6059994, 0.1983759, 2.957766;0.4192262, 0.4045033, 3.017217;0.6345893, 0.4089634, 2.793783;0.3171662, -0.2147519, 2.927165;0.6377134, -0.1865332, 2.606026;0.5757759, 0.1231936, 2.927982;0.5356637, 0.04461247, 2.978298;0.6288442, 0.05921138, 2.877635;0.5357771, -0.4103512, 2.990354;0.7005742, -0.3911454, 2.791853;0.5657232, -0.7551779, 3.027659;0.7581882, -0.7653995, 2.764787;0.5267301, -0.8338171, 3.023779;0.7350733, -0.8411496, 2.74677;
0.4640478, 0.7117311, 2.914236;0.5296733, 0.5287117, 2.903702;0.6078047, 0.1861002, 2.956846;0.4086848, 0.3882566, 3.011358;0.6208391, 0.3894684, 2.786995;0.308812, -0.240348, 2.919074;0.6369679, -0.1989558, 2.602494;0.5804963, 0.1098622, 2.929862;0.5420401, 0.03386944, 2.980813;0.6347197, 0.04939218, 2.881498;0.5354224, -0.4108562, 2.990425;0.7031032, -0.3989943, 2.789844;0.565806, -0.7538182, 3.027077;0.7579014, -0.7665374, 2.7645;0.5262508, -0.8328063, 3.022596;0.7339967, -0.8405144, 2.743725;
0.4470946, 0.6885522, 2.906197;0.5189722, 0.5055612, 2.886762;0.616034, 0.159209, 2.956735;0.4014293, 0.3592676, 3.002374;0.6152035, 0.3749923, 2.783046;0.3063606, -0.2549062, 2.919697;0.6354449, -0.210954, 2.596325;0.5956028, 0.07732129, 2.933863;0.5571939, 0.008803181, 2.987033;0.6571245, 0.01698285, 2.890804;0.5347281, -0.4114689, 2.990691;0.7059254, -0.4028481, 2.788224;0.5645618, -0.7524592, 3.025568;0.7585244, -0.7622049, 2.764343;0.5260451, -0.8326468, 3.023261;0.7340401, -0.8405675, 2.743831;
0.4303755, 0.6388608, 2.878196;0.5049089, 0.4713992, 2.873098;0.6196303, 0.1415915, 2.960175;0.3964486, 0.3445404, 2.994453;0.6065307, 0.3468803, 2.774068;0.2995421, -0.2821382, 2.920311;0.6330426, -0.2187529, 2.591084;0.6011983, 0.05926394, 2.941095;0.5699255, -0.01201796, 2.995373;0.6614753, 0.002188742, 2.902564;0.5322634, -0.4146681, 2.99125;0.7064495, -0.4106619, 2.78322;0.5642131, -0.7545803, 3.025928;0.758597, -0.7610579, 2.76342;0.5251387, -0.833171, 3.021929;0.7340543, -0.8405868, 2.743674;
0.4209454, 0.6102924, 2.863267;0.5011015, 0.4514122, 2.870312;0.6238602, 0.1154215, 2.972327;0.3881483, 0.3063818, 2.989091;0.6019311, 0.3168623, 2.765138;0.3035527, -0.2988351, 2.920019;0.6280144, -0.2837794, 2.578389;0.6089661, 0.03032632, 2.958075;0.5817105, -0.0327839, 3.008217;0.6679218, -0.03256015, 2.9324;0.527908, -0.4302096, 2.99254;0.7035379, -0.4177744, 2.774229;0.561903, -0.753345, 3.024634;0.7571549, -0.759365, 2.761819;0.5245355, -0.8323982, 3.020892;0.7339548, -0.8408431, 2.743907;
0.4180816, 0.6033942, 2.859222;0.490934, 0.4073296, 2.860188;0.6279479, 0.08674862, 2.984865;0.3887041, 0.2742808, 2.979328;0.5940206, 0.28739, 2.759502;0.3071098, -0.3440669, 2.93426;0.6297954, -0.2937455, 2.57991;0.6162898, -0.0002470496, 2.975618;0.5965667, -0.05784419, 3.025308;0.670444, -0.05751664, 2.952949;0.5191016, -0.4496323, 2.991009;0.6991215, -0.4276507, 2.761199;0.5619256, -0.7549114, 3.024904;0.7588941, -0.7666303, 2.760116;0.5241759, -0.8328718, 3.020806;0.734413, -0.8400831, 2.74365;
0.4044845, 0.5635254, 2.846155;0.4876812, 0.3884285, 2.854764;0.6348883, 0.0745714, 2.98794;0.3801246, 0.2495458, 2.979601;0.5896999, 0.2649991, 2.755638;0.3008237, -0.3720732, 2.926583;0.6362644, -0.3418064, 2.585003;0.6263897, -0.01304408, 2.9808;0.6124438, -0.0741761, 3.034603;0.6828269, -0.07027578, 2.960126;0.5146644, -0.4597738, 2.990578;0.6840686, -0.448043, 2.728947;0.5597768, -0.757621, 3.026514;0.756097, -0.7643878, 2.758408;0.5241973, -0.8328911, 3.02078;0.7331898, -0.839978, 2.741662;
0.3976605, 0.5426636, 2.840362;0.4770952, 0.3475146, 2.843252;0.6397279, 0.04804367, 2.98378;0.3740865, 0.2059135, 2.97862;0.5858427, 0.2344308, 2.751812;0.2953973, -0.3962556, 2.923803;0.6432595, -0.3444206, 2.584679;0.6353131, -0.03886648, 2.977926;0.620919, -0.09806435, 3.03472;0.6951169, -0.09361706, 2.955705;0.5039626, -0.477105, 2.988684;0.6834863, -0.4485189, 2.72763;0.5588116, -0.7575569, 3.026401;0.754491, -0.7630042, 2.757552;0.5241849, -0.8327121, 3.020963;0.7329679, -0.8401557, 2.741645;
0.3812366, 0.4845074, 2.822719;0.4713742, 0.3146483, 2.829775;0.6371739, 0.026897, 2.983096;0.3711285, 0.1866942, 2.977066;0.585667, 0.2052535, 2.743661;0.2936089, -0.4237745, 2.925528;0.6597526, -0.4140725, 2.57839;0.6337992, -0.05991374, 2.980958;0.6202667, -0.1161864, 3.037981;0.6941817, -0.114939, 2.962826;0.4949355, -0.4912243, 2.988577;0.6783132, -0.4537824, 2.715598;0.549943, -0.7910073, 3.026131;0.7541186, -0.766072, 2.759315;0.5073082, -0.8544892, 3.01853;0.7330468, -0.8393002, 2.741556;
0.376927, 0.4306127, 2.810307;0.468461, 0.2632101, 2.827018;0.6322455, -0.005477095, 2.981353;0.370238, 0.12665, 2.978846;0.5840022, 0.1549045, 2.739387;0.2994249, -0.4850466, 2.930875;0.6638211, -0.4413077, 2.578147;0.6297528, -0.08913661, 2.980359;0.6146271, -0.154044, 3.043081;0.6939278, -0.1407724, 2.961186;0.4817231, -0.5244101, 2.984298;0.6759178, -0.4585343, 2.71144;0.5393721, -0.8231594, 3.022057;0.7539408, -0.7674419, 2.75952;0.4681419, -0.8510086, 3.015939;0.7330054, -0.8398384, 2.742065;
0.3770753, 0.4306445, 2.810438;0.4623351, 0.2515448, 2.821909;0.6283991, -0.02660238, 2.981927;0.3701691, 0.1153754, 2.976516;0.5826848, 0.145514, 2.738037;0.2994091, -0.4858214, 2.931153;0.6595336, -0.4758669, 2.572855;0.6264522, -0.1131343, 2.982438;0.6123838, -0.1715189, 3.047003;0.6917546, -0.1661448, 2.963068;0.4721444, -0.5370346, 2.979766;0.6731892, -0.4728318, 2.7006;0.5356382, -0.8335851, 3.019868;0.7535301, -0.767629, 2.759027;0.4608916, -0.8206759, 3.009158;0.7327535, -0.8398351, 2.742065;
0.3674134, 0.3831145, 2.80255;0.4580323, 0.2086423, 2.81216;0.6424128, -0.0492551, 2.979208;0.3715348, 0.07575307, 2.96722;0.5809001, 0.1052415, 2.735823;0.3207936, -0.490783, 2.936052;0.660685, -0.5059035, 2.590482;0.6460915, -0.1360473, 2.981567;0.6400211, -0.1972296, 3.046728;0.7093634, -0.1816113, 2.962797;0.451603, -0.5390883, 2.976971;0.6715533, -0.4818802, 2.694525;0.5276849, -0.831301, 3.020473;0.753148, -0.7679407, 2.758994;0.4613261, -0.8220791, 2.983589;0.7328104, -0.839711, 2.742121;
0.3661136, 0.3761237, 2.80324;0.4559369, 0.1886765, 2.807858;0.6441408, -0.06007882, 2.975945;0.3674658, 0.06183499, 2.968719;0.5801021, 0.09186146, 2.734414;0.3089428, -0.5838892, 2.923145;0.6605564, -0.5123092, 2.592494;0.6489377, -0.1451024, 2.979174;0.6434172, -0.2059566, 3.046059;0.7148218, -0.1918861, 2.960112;0.4442268, -0.5401492, 2.972941;0.670969, -0.4896376, 2.692514;0.5273553, -0.8288082, 3.020677;0.752995, -0.7735648, 2.757463;0.4711951, -0.8006828, 2.977284;0.7307211, -0.8448936, 2.741842;
0.3632098, 0.3156398, 2.793804;0.4541397, 0.1473719, 2.810468;0.6487643, -0.1027606, 2.972042;0.3664994, 0.01210637, 2.964105;0.5745463, 0.06496943, 2.73097;0.3183345, -0.586454, 2.927148;0.6472378, -0.5495561, 2.61599;0.6567543, -0.1870273, 2.972412;0.6558237, -0.2519928, 3.040042;0.7229822, -0.2300779, 2.952084;0.4708312, -0.5109041, 2.985797;0.6647389, -0.5116668, 2.67041;0.5512263, -0.7565518, 3.024274;0.7472089, -0.7947087, 2.735808;0.5239218, -0.8274582, 3.018631;0.723453, -0.8662184, 2.747083;
0.3410501, 0.2708383, 2.781524;0.4521205, 0.1231131, 2.810483;0.6491063, -0.1088117, 2.970234;0.3636189, 0.00163859, 2.964246;0.5727621, 0.03463931, 2.732066;0.3268248, -0.5869078, 2.935846;0.652968, -0.5445567, 2.610098;0.6569316, -0.1923005, 2.972295;0.6560611, -0.2562541, 3.041099;0.7247494, -0.236292, 2.951533;0.4676211, -0.5191552, 2.984513;0.6609491, -0.5127214, 2.666871;0.5508717, -0.7585787, 3.024594;0.7508252, -0.7749344, 2.760533;0.5243108, -0.8296912, 3.020585;0.7303295, -0.8453677, 2.740592;
0.3323652, 0.2403173, 2.792344;0.4489757, 0.1023313, 2.80764;0.6503384, -0.1214323, 2.968461;0.3628206, -0.005919139, 2.962248;0.5687252, 0.01391657, 2.73351;0.3453682, -0.6211352, 2.951091;0.6783258, -0.6132078, 2.593935;0.6586269, -0.2037579, 2.972284;0.6580692, -0.2628446, 3.042348;0.7271603, -0.2475122, 2.950916;0.4673552, -0.5434842, 2.986753;0.6572105, -0.5158722, 2.660696;0.5504966, -0.7587633, 3.024372;0.7488106, -0.7780561, 2.757226;0.5211657, -0.828334, 3.01749;0.7291558, -0.8493437, 2.740507;
0.3317766, 0.2147191, 2.791846;0.4464087, 0.08497162, 2.803058;0.6505206, -0.1308926, 2.968543;0.3692366, -0.06663034, 2.959348;0.5680971, -0.005629526, 2.728417;0.3562963, -0.6260971, 2.950613;0.668983, -0.5392066, 2.604645;0.6628875, -0.2126883, 2.970745;0.6638639, -0.2739583, 3.042698;0.7324344, -0.2527162, 2.948948;0.4670063, -0.527065, 2.974612;0.6554388, -0.5176662, 2.658299;0.5497242, -0.7590427, 3.024055;0.7459509, -0.7941465, 2.755727;0.5204381, -0.8286778, 3.017183;0.7241153, -0.8649317, 2.739399;
0.3278261, 0.1984455, 2.782989;0.4445588, 0.06501214, 2.800799;0.6507545, -0.1375256, 2.965342;0.3696121, -0.07352283, 2.956505;0.5644042, -0.02163123, 2.725139;0.3516566, -0.6307651, 2.962866;0.6455095, -0.5672809, 2.658064;0.6634251, -0.2183032, 2.969199;0.6647534, -0.2785124, 3.043293;0.734602, -0.2578385, 2.945998;0.4741853, -0.5455849, 2.978141;0.6538319, -0.5201178, 2.654847;0.549385, -0.7589033, 3.023209;0.7466465, -0.7962514, 2.756536;0.5196752, -0.8284619, 3.017137;0.7239852, -0.8662378, 2.737927;
0.3220071, 0.1816232, 2.782554;0.4414443, 0.04929072, 2.798514;0.6497186, -0.1502137, 2.964814;0.3571642, -0.08915649, 2.964895;0.5649683, -0.03420051, 2.724812;0.3499896, -0.6266522, 2.962681;0.641688, -0.5664457, 2.658541;0.6638986, -0.2300786, 2.968847;0.6655105, -0.2927997, 3.044615;0.7377081, -0.2666906, 2.946244;0.4723146, -0.5512565, 2.978055;0.6526116, -0.5231158, 2.651813;0.5498207, -0.7601396, 3.023025;0.7429311, -0.791006, 2.749024;0.516286, -0.8277656, 3.014927;0.7278281, -0.8652588, 2.744351;
0.3206117, 0.1781214, 2.782663;0.439419, 0.03702761, 2.796564;0.6576875, -0.1705782, 2.963064;0.3584487, -0.09206838, 2.961272;0.5650244, -0.04324311, 2.726657;0.3554655, -0.6794255, 2.966866;0.6325771, -0.6171848, 2.669073;0.6746688, -0.2527061, 2.967375;0.6745271, -0.3085679, 3.036836;0.7433479, -0.2784438, 2.946784;0.4689559, -0.5529761, 2.975299;0.649369, -0.526718, 2.648704;0.5486622, -0.7609014, 3.022322;0.7447969, -0.7974211, 2.753524;0.5155081, -0.8288724, 3.01537;0.7246304, -0.8694605, 2.740439;
0.3184676, 0.1690214, 2.780108;0.4373965, 0.02604125, 2.7945;0.6568711, -0.1688716, 2.961235;0.3592973, -0.09369762, 2.959876;0.5656738, -0.05563602, 2.727764;0.3739312, -0.6490809, 2.985781;0.6266366, -0.5712876, 2.656042;0.6732691, -0.2499368, 2.966393;0.6749201, -0.3054624, 3.040005;0.7443877, -0.2786194, 2.944865;0.4701787, -0.5533019, 2.974457;0.6486015, -0.5312717, 2.651985;0.5480757, -0.7625547, 3.021529;0.7447657, -0.7998478, 2.75474;0.5129555, -0.8295779, 3.014766;0.7255871, -0.8722774, 2.742194;
0.3197944, 0.1614422, 2.774688;0.4370827, 0.02134847, 2.793239;0.6549215, -0.1698512, 2.958902;0.3590124, -0.09484856, 2.959884;0.5666938, -0.05924555, 2.726962;0.3871368, -0.6797374, 2.979546;0.6302238, -0.5825657, 2.658058;0.6709518, -0.2503237, 2.964231;0.6740268, -0.3063822, 3.040081;0.7441422, -0.2823486, 2.940642;0.4698605, -0.5538647, 2.973929;0.6501849, -0.5464967, 2.658763;0.5486022, -0.7636861, 3.021526;0.7448356, -0.800311, 2.754023;0.5113854, -0.8295906, 3.014745;0.7259193, -0.8732386, 2.744112;
0.3200718, 0.1596288, 2.774964;0.4367274, 0.01837393, 2.794457;0.6546381, -0.1697963, 2.958599;0.3586163, -0.09631513, 2.959614;0.566582, -0.06165925, 2.726865;0.3820416, -0.6801242, 2.995403;0.6532565, -0.5702711, 2.651519;0.6706799, -0.250163, 2.963976;0.673946, -0.3064468, 3.040205;0.7446402, -0.282641, 2.940064;0.4638813, -0.5418548, 2.965934;0.6503, -0.5469056, 2.659295;0.5478979, -0.7637969, 3.02075;0.7454575, -0.803098, 2.755498;0.511276, -0.8301591, 3.015067;0.727209, -0.8768269, 2.752595;
0.3201889, 0.1600378, 2.774259;0.436313, 0.01787741, 2.793957;0.6542809, -0.1700024, 2.957889;0.3588406, -0.09660867, 2.958683;0.5674866, -0.06384882, 2.726085;0.3822642, -0.680237, 2.994228;0.6374506, -0.637353, 2.682784;0.670329, -0.2502121, 2.963468;0.6738642, -0.3065204, 3.040118;0.7448228, -0.2834093, 2.939201;0.4679532, -0.5548872, 2.971817;0.6497623, -0.5468913, 2.658693;0.541632, -0.7660465, 3.020346;0.7453262, -0.8033045, 2.755735;0.5094496, -0.8346847, 3.014551;0.7263736, -0.8767797, 2.750972;
0.3211915, 0.1587368, 2.773221;0.4361574, 0.01664982, 2.793735;0.6550095, -0.1772048, 2.958296;0.3582389, -0.0972748, 2.958444;0.5674909, -0.06514401, 2.725607;0.3769464, -0.6567467, 2.992597;0.6358096, -0.6311383, 2.681828;0.6710367, -0.2578758, 2.963974;0.6739022, -0.3146874, 3.03747;0.744761, -0.2900274, 2.941534;0.3795833, -0.5507106, 2.938915;0.6476484, -0.547384, 2.655878;0.4751325, -0.8255723, 3.003402;0.7469022, -0.8061473, 2.760101;0.4403233, -0.8982515, 2.964468;0.7240869, -0.8770205, 2.744494;
0.3206868, 0.1582154, 2.776049;0.436229, 0.01565944, 2.793306;0.6538875, -0.1775048, 2.957149;0.3581972, -0.09789272, 2.958493;0.5682772, -0.06617306, 2.724966;0.3833538, -0.6695962, 2.994716;0.6328306, -0.6272308, 2.684018;0.6693926, -0.2577772, 2.96254;0.6733487, -0.3151342, 3.037548;0.7441187, -0.2915189, 2.939613;0.382008, -0.5534243, 2.938162;0.6472568, -0.5485626, 2.654552;0.5336478, -0.7925333, 3.017046;0.7468535, -0.806093, 2.759883;0.4947084, -0.857892, 3.015538;0.7262802, -0.8743563, 2.73329;
0.3210964, 0.1565349, 2.776775;0.4362504, 0.01539575, 2.792969;0.6545909, -0.1812812, 2.956546;0.3585291, -0.09813911, 2.957896;0.5683572, -0.06648078, 2.724988;0.375797, -0.6430628, 2.994607;0.6346375, -0.629882, 2.682521;0.670156, -0.2621042, 2.961807;0.6739205, -0.3192615, 3.035513;0.7438266, -0.2956817, 2.93935;0.3797089, -0.5536578, 2.937953;0.6465499, -0.5521751, 2.654789;0.4407059, -0.8344151, 3.012171;0.7467562, -0.8061013, 2.75927;0.4054988, -0.9068115, 2.972957;0.7221491, -0.8719512, 2.730086;
0.3234307, 0.1574966, 2.777655;0.4363233, 0.01525993, 2.792721;0.6539708, -0.1813083, 2.956098;0.3589998, -0.09857578, 2.957376;0.5687358, -0.06686586, 2.724612;0.3516007, -0.6229566, 3.003221;0.6455291, -0.630037, 2.67085;0.669237, -0.2619252, 2.961251;0.6731771, -0.3194093, 3.035686;0.74335, -0.2961502, 2.938612;0.384574, -0.5605417, 2.940854;0.639456, -0.548146, 2.653245;0.4974508, -0.8270923, 3.007946;0.7465652, -0.8061419, 2.75907;0.4621987, -0.8994656, 2.968675;0.7219364, -0.8746585, 2.736813;
0.3237123, 0.1580625, 2.777565;0.4376999, 0.01666936, 2.79175;0.6540438, -0.1797207, 2.955015;0.361645, -0.09839533, 2.955187;0.5685319, -0.06671116, 2.72388;0.3783224, -0.6630934, 2.993067;0.6452156, -0.6306287, 2.670771;0.668983, -0.2599703, 2.960132;0.6726884, -0.3181653, 3.035761;0.7437208, -0.2949213, 2.936799;0.4670901, -0.5635607, 2.977537;0.6396673, -0.5467666, 2.652101;0.5471707, -0.7622914, 3.01722;0.7460907, -0.8063548, 2.759327;0.5110772, -0.8292885, 3.014402;0.7227136, -0.8750269, 2.736155;
0.3269519, 0.1638725, 2.779464;0.4386603, 0.02031914, 2.790102;0.6543339, -0.1797846, 2.955452;0.364327, -0.09899092, 2.951992;0.5685697, -0.06662254, 2.723721;0.359401, -0.6881698, 3.001308;0.6805314, -0.6380942, 2.606284;0.6693398, -0.2600897, 2.960763;0.6726184, -0.3180998, 3.035908;0.7437673, -0.2949857, 2.937833;0.4533073, -0.5428427, 2.975961;0.6381423, -0.5415009, 2.649773;0.5477143, -0.7616739, 3.017163;0.7463197, -0.8059977, 2.759281;0.5111427, -0.8284154, 3.013948;0.7231624, -0.8745398, 2.735449;
0.3291743, 0.1653992, 2.778106;0.4416765, 0.0241022, 2.78848;0.6545764, -0.1792957, 2.956019;0.3659107, -0.1007849, 2.951898;0.5687307, -0.06579204, 2.723013;0.3659753, -0.6817893, 2.995849;0.6845423, -0.6718302, 2.588995;0.6692629, -0.2595492, 2.961346;0.6718468, -0.3176819, 3.037263;0.7436556, -0.2946649, 2.938499;0.4564775, -0.5505711, 2.977304;0.639569, -0.5392627, 2.648967;0.5166245, -0.7417306, 3.015814;0.7358636, -0.7852421, 2.737866;0.5143149, -0.8224441, 3.014439;0.7323981, -0.8605145, 2.74798;
0.3334215, 0.1714712, 2.780468;0.4461486, 0.03135218, 2.788642;0.6554863, -0.1762289, 2.958951;0.3675337, -0.09987104, 2.951715;0.5689147, -0.06215916, 2.722335;0.3650599, -0.6813424, 2.99685;0.6785532, -0.6417534, 2.585975;0.6694167, -0.256723, 2.964613;0.6700602, -0.3145795, 3.039644;0.7427827, -0.2906059, 2.943433;0.46005, -0.5526152, 2.976724;0.6425877, -0.5306599, 2.649251;0.5322781, -0.75208, 3.020232;0.7364606, -0.7837607, 2.737649;0.5153191, -0.8259394, 3.017198;0.7322099, -0.85871, 2.748446;
0.3382441, 0.1864431, 2.785524;0.4481862, 0.03986302, 2.790632;0.6571156, -0.1739307, 2.960711;0.3727257, -0.09390156, 2.949364;0.5697056, -0.05303174, 2.72198;0.3518055, -0.6202412, 2.990814;0.6771292, -0.6339183, 2.583052;0.6704635, -0.2549668, 2.96585;0.6704897, -0.3126356, 3.039743;0.7428858, -0.2891027, 2.944606;0.461301, -0.5409291, 2.974542;0.6423664, -0.5245567, 2.647498;0.5359074, -0.7548981, 3.020202;0.7378029, -0.7833947, 2.740069;0.514558, -0.8274117, 3.017315;0.7299548, -0.8583676, 2.74638;
0.3497471, 0.2081261, 2.79382;0.4537916, 0.05521634, 2.793009;0.6581548, -0.1681457, 2.962081;0.3774735, -0.0789825, 2.947783;0.5706228, -0.04208656, 2.720193;0.3468388, -0.614817, 2.994214;0.670581, -0.6228566, 2.578815;0.669503, -0.2499788, 2.967199;0.6686032, -0.3063513, 3.040994;0.7411568, -0.2869614, 2.945334;0.4635229, -0.5464437, 2.976988;0.6430219, -0.5226042, 2.648369;0.5371325, -0.7550989, 3.020509;0.7432576, -0.7832673, 2.749553;0.5153213, -0.8272675, 3.017518;0.7289482, -0.857195, 2.744766;
0.3740911, 0.2577715, 2.797521;0.457718, 0.07077831, 2.795876;0.6607472, -0.1553916, 2.965294;0.3800495, -0.06690161, 2.951;0.5742501, -0.02751405, 2.720881;0.3468755, -0.614693, 2.984279;0.6783777, -0.6133168, 2.591535;0.6712084, -0.2383313, 2.970157;0.6696191, -0.2966094, 3.043278;0.741669, -0.2777022, 2.948012;0.4625946, -0.5412316, 2.979222;0.6298681, -0.4851309, 2.635318;0.5393576, -0.7552441, 3.021049;0.7437861, -0.7824278, 2.750123;0.5171279, -0.8271352, 3.020075;0.7287096, -0.8558196, 2.743067;
0.3749173, 0.2599407, 2.797984;0.4629173, 0.09199207, 2.801197;0.6617922, -0.1471652, 2.965622;0.3780411, -0.01829802, 2.951082;0.5764902, -0.01013854, 2.721865;0.3541384, -0.5915298, 2.973269;0.6758137, -0.6096869, 2.591599;0.6685566, -0.2304088, 2.971524;0.6655111, -0.2877185, 3.04406;0.7386409, -0.2731028, 2.9492;0.4610581, -0.5357038, 2.981614;0.6462382, -0.5090182, 2.65216;0.5434041, -0.7558883, 3.023226;0.7450681, -0.7802727, 2.750934;0.5171688, -0.8260958, 3.018977;0.7290307, -0.8532017, 2.743214;
0.3815901, 0.2810975, 2.806049;0.4695339, 0.1148215, 2.802562;0.6582013, -0.129003, 2.967718;0.3760276, -0.01631199, 2.95398;0.5810506, 0.03111255, 2.724094;0.3531098, -0.6077226, 2.955298;0.6653752, -0.5861441, 2.59629;0.6654308, -0.2123435, 2.969433;0.6599201, -0.2727327, 3.039911;0.7347264, -0.2556006, 2.948277;0.4313884, -0.5713704, 2.975677;0.6522133, -0.5056694, 2.661321;0.5316549, -0.8427908, 3.031062;0.7469666, -0.778986, 2.752151;0.497818, -0.7845514, 2.998346;0.7292228, -0.8511778, 2.743172;
0.388135, 0.3051389, 2.812864;0.4751452, 0.1343362, 2.807095;0.6606621, -0.1170381, 2.968385;0.3791742, 0.01851684, 2.957464;0.5852239, 0.0416198, 2.724119;0.3572932, -0.5669752, 2.948385;0.6554434, -0.5577329, 2.601755;0.6645483, -0.2008975, 2.971033;0.6581134, -0.2606009, 3.040099;0.7326114, -0.2466559, 2.950195;0.4254356, -0.5547664, 2.973406;0.6620067, -0.5059271, 2.669442;0.5160873, -0.8308604, 3.022753;0.7511224, -0.7715566, 2.753431;0.545141, -0.7668633, 2.997321;0.7311078, -0.8429608, 2.744083;
0.3954254, 0.3396167, 2.816397;0.4792808, 0.1626812, 2.808203;0.6588649, -0.1034185, 2.971729;0.3813279, 0.03315948, 2.9639;0.5905215, 0.06770786, 2.729115;0.3551735, -0.569362, 2.941832;0.6549203, -0.5189707, 2.596372;0.6618346, -0.1883261, 2.973063;0.6531669, -0.2473034, 3.041085;0.7286605, -0.2354822, 2.952577;0.4329607, -0.5502448, 2.975029;0.6696574, -0.5041903, 2.679338;0.5215332, -0.8266896, 3.02384;0.752859, -0.7696182, 2.753572;0.5054144, -0.7778351, 2.969805;0.7320247, -0.8407056, 2.744696;
0.4040269, 0.373385, 2.828765;0.4828898, 0.1896468, 2.819041;0.659546, -0.07147713, 2.977982;0.3863209, 0.06848857, 2.962595;0.5904241, 0.0843904, 2.729754;0.3459769, -0.5275022, 2.936542;0.6572741, -0.506502, 2.593306;0.6595997, -0.1560858, 2.979811;0.6486565, -0.2112726, 3.043745;0.723339, -0.2017698, 2.96018;0.4551269, -0.5314661, 2.978686;0.6767401, -0.4918497, 2.700512;0.537636, -0.8092517, 3.027446;0.7548902, -0.7694994, 2.754225;0.4837614, -0.8547537, 3.003487;0.7324804, -0.8397437, 2.743714;
0.4107627, 0.3943731, 2.839104;0.4893907, 0.2283087, 2.82815;0.650742, -0.06256507, 2.985692;0.3885883, 0.0878391, 2.967116;0.5976923, 0.1216154, 2.737159;0.3584377, -0.48451, 2.936265;0.6613798, -0.456971, 2.5939;0.6482314, -0.1466278, 2.984939;0.6288469, -0.2005602, 3.046095;0.7110973, -0.1942358, 2.966887;0.4592057, -0.5333341, 2.981114;0.6836758, -0.4839417, 2.710006;0.5298259, -0.8156472, 3.023155;0.754853, -0.7693695, 2.754192;0.4774101, -0.8652633, 3.005223;0.733222, -0.8398576, 2.743907;
0.418735, 0.4357947, 2.852569;0.4917489, 0.2607284, 2.836373;0.6468046, -0.04022376, 2.987261;0.3919004, 0.1226127, 2.971253;0.5977234, 0.1399, 2.743632;0.3548452, -0.4551094, 2.933522;0.6645659, -0.4452054, 2.593628;0.6414247, -0.1273934, 2.985441;0.6238035, -0.1856372, 3.045371;0.7038212, -0.1817021, 2.966184;0.4649754, -0.5231938, 2.981901;0.6850094, -0.476555, 2.712795;0.5333915, -0.8057251, 3.023444;0.7559203, -0.7682324, 2.754357;0.4915664, -0.865803, 3.010913;0.7332785, -0.8399107, 2.743689;
0.4265838, 0.4679042, 2.866569;0.5040514, 0.3120421, 2.853802;0.6514441, -0.02382932, 2.991454;0.3994323, 0.1760398, 2.980351;0.6016793, 0.1867864, 2.75521;0.3387792, -0.4058121, 2.93762;0.6551323, -0.3970957, 2.597337;0.6427125, -0.1127871, 2.987158;0.6243459, -0.1672465, 3.045458;0.7022069, -0.1693498, 2.965251;0.470807, -0.5067752, 2.983428;0.6850069, -0.4704232, 2.714105;0.5374837, -0.789554, 3.023952;0.757536, -0.7690986, 2.754932;0.5061851, -0.8563224, 3.015959;0.7334509, -0.8400376, 2.743628;
0.4342308, 0.488172, 2.878925;0.510233, 0.332334, 2.859869;0.6486233, 0.0020751, 2.994128;0.4027457, 0.188158, 2.980917;0.606087, 0.208954, 2.762346;0.334466, -0.3735198, 2.937431;0.649761, -0.3569777, 2.591823;0.6379883, -0.08577845, 2.986703;0.6161409, -0.1409815, 3.041402;0.6947463, -0.1419281, 2.9632;0.4754877, -0.486145, 2.985364;0.6881681, -0.4541647, 2.721215;0.5453475, -0.7524514, 3.024274;0.758289, -0.769683, 2.755547;0.5211722, -0.8260122, 3.019763;0.7334686, -0.8401982, 2.743983;
0.445645, 0.5155541, 2.897859;0.5312834, 0.3255645, 2.873055;0.6517326, 0.008775176, 2.993036;0.4149855, 0.2253872, 2.993443;0.6129836, 0.2343599, 2.76902;0.3369881, -0.3637881, 2.938731;0.6530566, -0.3281526, 2.599206;0.6367188, -0.07166889, 2.984456;0.6145003, -0.1285256, 3.03976;0.6916155, -0.1320838, 2.959288;0.4814092, -0.4762295, 2.985906;0.6889234, -0.4483486, 2.725816;0.5419061, -0.7607198, 3.022377;0.7584798, -0.7698049, 2.755697;0.519664, -0.8312579, 3.019518;0.7334642, -0.8401918, 2.743963;
0.4660166, 0.5598966, 2.919992;0.5354301, 0.4012527, 2.88377;0.6458538, 0.04721067, 2.997113;0.4185364, 0.240239, 2.998724;0.6212807, 0.2646602, 2.775989;0.3380904, -0.3322639, 2.941605;0.6529315, -0.318276, 2.599938;0.6292355, -0.04401543, 2.98474;0.603554, -0.1007438, 3.037139;0.6819184, -0.1067654, 2.957818;0.4893716, -0.4614977, 2.986361;0.6908209, -0.4409637, 2.735412;0.5447726, -0.7472966, 3.022398;0.7586856, -0.7697108, 2.755885;0.5218691, -0.8272491, 3.020562;0.7334908, -0.8401968, 2.743956;
0.4792244, 0.5832182, 2.932158;0.5503834, 0.4240597, 2.890792;0.6493162, 0.07002416, 2.991296;0.4294654, 0.2795832, 3.011242;0.6281695, 0.2909983, 2.784768;0.3371178, -0.313224, 2.942733;0.6574672, -0.2930926, 2.603432;0.6272987, -0.01077766, 2.975959;0.5974743, -0.07769483, 3.028921;0.6790464, -0.06406911, 2.942381;0.4939013, -0.4523762, 2.983288;0.6923605, -0.435165, 2.74487;0.5449908, -0.7436508, 3.020854;0.7589302, -0.7703335, 2.756317;0.4909102, -0.7907042, 2.971763;0.7335124, -0.8401504, 2.743951;
0.487126, 0.600822, 2.943144;0.556337, 0.448611, 2.909151;0.6443503, 0.09219698, 2.988066;0.4336995, 0.291869, 3.016141;0.6387399, 0.3137786, 2.794909;0.3440295, -0.2883927, 2.944711;0.6614193, -0.2616394, 2.601015;0.6207992, 0.01166075, 2.967941;0.5830019, -0.05670435, 3.023373;0.6774891, -0.0474693, 2.926449;0.4971904, -0.4446546, 2.9805;0.6926023, -0.4279702, 2.750819;0.545831, -0.7442504, 3.021116;0.7589866, -0.7701983, 2.756341;0.492203, -0.7886527, 2.969315;0.7334561, -0.840341, 2.744246;
0.5179802, 0.6436437, 2.966706;0.5698701, 0.4735394, 2.925695;0.6445534, 0.1007115, 2.989089;0.4390128, 0.3159077, 3.021959;0.6462297, 0.3361503, 2.805922;0.3445722, -0.2754761, 2.943851;0.6725277, -0.2297986, 2.609657;0.6195378, 0.02096116, 2.966419;0.581147, -0.04915363, 3.020098;0.6747113, -0.03994035, 2.923713;0.4984723, -0.4377559, 2.977542;0.6927209, -0.4225566, 2.754682;0.5467771, -0.7450927, 3.021911;0.7588549, -0.7702093, 2.756332;0.5303494, -0.8222298, 3.017129;0.7333616, -0.8405758, 2.7446;
0.5196849, 0.6521502, 2.973701;0.5849865, 0.4980782, 2.939033;0.6463026, 0.1129982, 2.989815;0.4449449, 0.3321536, 3.026748;0.6548479, 0.3556389, 2.811857;0.3517655, -0.2459273, 2.945562;0.6765347, -0.2255501, 2.613996;0.6189134, 0.03317463, 2.964327;0.5782154, -0.03657301, 3.014516;0.6720883, -0.0282074, 2.92014;0.5008452, -0.4341623, 2.97704;0.6930479, -0.415915, 2.758194;0.5466441, -0.7456964, 3.022219;0.7585412, -0.7701592, 2.75611;0.5295916, -0.8234449, 3.017743;0.7333272, -0.8406944, 2.744646;
0.5454822, 0.6875025, 2.999533;0.5928056, 0.522837, 2.945558;0.6427, 0.1295925, 2.984909;0.4544372, 0.3529517, 3.032472;0.6648793, 0.3785845, 2.822499;0.3529717, -0.2222642, 2.948347;0.6899803, -0.1988914, 2.631082;0.6168089, 0.04980171, 2.960041;0.5741257, -0.02048763, 3.007527;0.6677057, -0.01157944, 2.913924;0.5030535, -0.4299605, 2.977063;0.6917927, -0.411646, 2.761215;0.5488712, -0.747646, 3.023633;0.7586125, -0.7699695, 2.756329;0.5292456, -0.8232621, 3.018274;0.7333412, -0.8407744, 2.744839;
0.5470415, 0.6887314, 3.000462;0.6013755, 0.5288299, 2.952615;0.6437089, 0.1386292, 2.985522;0.462661, 0.3701262, 3.038399;0.6724424, 0.3863011, 2.826092;0.3541439, -0.2147287, 2.95016;0.6936676, -0.1847326, 2.632152;0.6155773, 0.06122417, 2.95932;0.5709442, -0.008481163, 3.004675;0.6650381, -0.001381089, 2.912522;0.5049362, -0.4279422, 2.976618;0.6917235, -0.4093253, 2.76348;0.550746, -0.7477334, 3.024007;0.7585834, -0.7700409, 2.756341;0.525398, -0.8240781, 3.020892;0.7332882, -0.8408145, 2.744575;
0.5725353, 0.7175974, 3.019087;0.6169268, 0.5431455, 2.96214;0.6442704, 0.1571978, 2.986853;0.4677303, 0.3782161, 3.043508;0.6808194, 0.3998071, 2.830659;0.361534, -0.1949069, 2.952815;0.6997896, -0.1714806, 2.640297;0.6129739, 0.08309393, 2.958549;0.5658672, 0.01012268, 3.003086;0.6595789, 0.01939051, 2.909218;0.5064305, -0.4248774, 2.976638;0.6900943, -0.4041073, 2.766552;0.5536371, -0.7479408, 3.023643;0.7585691, -0.7700459, 2.756337;0.5241278, -0.8249433, 3.018951;0.7328431, -0.8406055, 2.743876;
0.5831155, 0.7275606, 3.025475;0.6292977, 0.5558583, 2.969763;0.6422628, 0.1679713, 2.986529;0.4766665, 0.3950193, 3.041903;0.6940183, 0.4171058, 2.838901;0.3652365, -0.1764358, 2.969524;0.704411, -0.1716749, 2.646065;0.6110841, 0.09502068, 2.957238;0.5609542, 0.02272268, 3.000943;0.656556, 0.03063083, 2.906163;0.5110419, -0.4195702, 2.976599;0.6896209, -0.40092, 2.768834;0.5544828, -0.7475682, 3.022931;0.7586333, -0.7700078, 2.756292;0.5243204, -0.825191, 3.018934;0.7329532, -0.8405241, 2.743723;
0.5934385, 0.7354594, 3.031849;0.6349311, 0.5626491, 2.974096;0.6417103, 0.1746646, 2.985406;0.4819475, 0.4041336, 3.045572;0.6997966, 0.4262554, 2.843075;0.3683251, -0.1667373, 2.968094;0.7084409, -0.1696818, 2.652275;0.6100674, 0.1023078, 2.955821;0.5584127, 0.0292831, 2.999614;0.6549245, 0.03746371, 2.902765;0.5144954, -0.4169109, 2.976095;0.6884446, -0.397588, 2.771605;0.5546622, -0.7471529, 3.022329;0.759028, -0.7700316, 2.756657;0.5242696, -0.8254392, 3.018639;0.733012, -0.8404853, 2.743497;
0.5994036, 0.7388283, 3.037722;0.6430247, 0.5715702, 2.983272;0.6413858, 0.1802734, 2.984805;0.4889516, 0.4201404, 3.052514;0.7024029, 0.4325641, 2.8465;0.3705828, -0.1614931, 2.969338;0.7126811, -0.1525815, 2.660906;0.6075881, 0.1093947, 2.954153;0.5546128, 0.03545005, 2.998509;0.6502961, 0.04477125, 2.896917;0.5166162, -0.4164274, 2.975254;0.6885908, -0.3942544, 2.774574;0.5566241, -0.7507895, 3.021883;0.7590678, -0.7698969, 2.756763;0.5240181, -0.8275318, 3.017332;0.7330343, -0.8404983, 2.743493;
0.6053145, 0.7466402, 3.042685;0.657028, 0.5876851, 2.989863;0.642313, 0.1896349, 2.98286;0.4921528, 0.4265313, 3.055669;0.7092001, 0.4430417, 2.852119;0.3637715, -0.1818687, 2.966801;0.7152593, -0.146575, 2.662668;0.6060684, 0.1196079, 2.949497;0.5490765, 0.04655484, 2.992757;0.6485803, 0.05663282, 2.889312;0.5209826, -0.4084154, 2.973511;0.6880977, -0.3917871, 2.776322;0.5578148, -0.7499112, 3.022193;0.7595323, -0.7692984, 2.75756;0.5242949, -0.8274926, 3.017363;0.7330859, -0.8404552, 2.743402;
0.6155431, 0.7537121, 3.052022;0.6622277, 0.5931789, 2.996607;0.642543, 0.1958756, 2.982598;0.4976177, 0.4346561, 3.059331;0.7136604, 0.4479501, 2.856592;0.3658536, -0.179134, 2.972437;0.7185785, -0.13892, 2.664097;0.6043042, 0.1273723, 2.946945;0.5461085, 0.05162004, 2.991308;0.6456703, 0.06398942, 2.882544;0.5230432, -0.4055179, 2.973241;0.6895994, -0.3910184, 2.779302;0.5588377, -0.7494916, 3.02232;0.7599378, -0.7682629, 2.758915;0.5245386, -0.8276066, 3.017639;0.7331229, -0.8399652, 2.743025;
0.6293938, 0.767843, 3.059824;0.6745293, 0.6060702, 3.013515;0.6430274, 0.2009965, 2.982085;0.5025307, 0.4421751, 3.06437;0.7214339, 0.4568775, 2.864136;0.3687166, -0.1776527, 2.97566;0.7199557, -0.1329104, 2.665473;0.603236, 0.1342651, 2.943499;0.542596, 0.06293866, 2.981619;0.6436478, 0.07262947, 2.879245;0.5261667, -0.402787, 2.974203;0.6928473, -0.3899053, 2.783879;0.5608613, -0.7482868, 3.023387;0.7608739, -0.768608, 2.759997;0.5244346, -0.8280656, 3.017865;0.7331281, -0.8398876, 2.743126;
0.6321763, 0.7712874, 3.067374;0.6758731, 0.6090651, 3.016996;0.6423993, 0.2039159, 2.982273;0.5057094, 0.4447485, 3.064182;0.7234024, 0.4598181, 2.866934;0.3847111, -0.1359484, 2.985426;0.7187789, -0.1389212, 2.666012;0.6013691, 0.1376006, 2.941888;0.5407867, 0.06455157, 2.981026;0.6404088, 0.07580216, 2.87483;0.530369, -0.4003291, 2.975818;0.6966971, -0.3884639, 2.788501;0.5619175, -0.7472923, 3.023989;0.763185, -0.7639035, 2.762095;0.5245779, -0.8282779, 3.018137;0.7333489, -0.8397637, 2.743067;
0.6479251, 0.7869712, 3.081496;0.6786993, 0.611172, 3.021784;0.6413123, 0.2057977, 2.9815;0.5108646, 0.4499451, 3.066389;0.7252204, 0.4624996, 2.869481;0.3858225, -0.1348724, 2.98797;0.7194097, -0.1192634, 2.669724;0.5989381, 0.1404814, 2.940025;0.5374773, 0.06859866, 2.977293;0.6363462, 0.08012915, 2.872993;0.5336944, -0.3998587, 2.978969;0.7001173, -0.3851212, 2.792076;0.5627101, -0.7496189, 3.025482;0.7646393, -0.761995, 2.763228;0.5249219, -0.8289988, 3.017209;0.7336938, -0.8392137, 2.743166;
0.6465889, 0.7775629, 3.081726;0.6822731, 0.612993, 3.027341;0.6403193, 0.2063665, 2.981098;0.5119222, 0.4504432, 3.066927;0.726162, 0.4636008, 2.872314;0.3907241, -0.1333477, 2.992602;0.7188604, -0.1192962, 2.669526;0.5972083, 0.14184, 2.938499;0.5352316, 0.07005011, 2.974936;0.6336352, 0.08191658, 2.870864;0.5364367, -0.3984445, 2.980475;0.7017569, -0.3808606, 2.793516;0.563664, -0.7485184, 3.0263;0.7659522, -0.7612584, 2.764297;0.5258088, -0.8290202, 3.018413;0.7338454, -0.8388975, 2.742959;
0.6501708, 0.7715216, 3.081122;0.6758955, 0.5624914, 3.028278;0.6383609, 0.2043477, 2.980193;0.5143598, 0.4523098, 3.068087;0.7290942, 0.4661856, 2.87572;0.393836, -0.1346791, 2.991348;0.7185528, -0.119133, 2.669203;0.5952951, 0.1424977, 2.937209;0.5331195, 0.07009088, 2.973529;0.6301822, 0.08199247, 2.867697;0.5382636, -0.397323, 2.98116;0.7028936, -0.3797705, 2.794336;0.5652638, -0.7471344, 3.028056;0.7670068, -0.7597007, 2.764472;0.5259857, -0.8290045, 3.018817;0.7339899, -0.8385848, 2.742937;
0.6491105, 0.772384, 3.081911;0.6848292, 0.6071694, 3.039847;0.6372237, 0.2045536, 2.979218;0.5183005, 0.4539223, 3.0701;0.7295685, 0.4658682, 2.876105;0.394569, -0.1350502, 2.992028;0.7153745, -0.1270486, 2.666336;0.5926759, 0.1425969, 2.935354;0.5307055, 0.07089704, 2.97016;0.62675, 0.08266506, 2.866561;0.538294, -0.3975498, 2.981234;0.70227, -0.377843, 2.795123;0.5656159, -0.7488937, 3.028982;0.766995, -0.7595168, 2.764568;0.5260143, -0.8298777, 3.019034;0.7340117, -0.8385945, 2.742967;
0.6487335, 0.7724354, 3.082284;0.6854492, 0.6072099, 3.040082;0.6358618, 0.2044136, 2.978925;0.518768, 0.4539283, 3.069435;0.730751, 0.4657063, 2.876894;0.3960078, -0.1356685, 2.99306;0.7143428, -0.1276266, 2.666139;0.5904431, 0.1422709, 2.934116;0.5269341, 0.07029769, 2.969022;0.6241971, 0.08168295, 2.864047;0.538815, -0.3974832, 2.981222;0.7023869, -0.3794642, 2.796144;0.5658379, -0.7480638, 3.028694;0.7661218, -0.7608499, 2.764347;0.5260689, -0.8298044, 3.018994;0.7340257, -0.8386012, 2.742889;
0.6499211, 0.7733589, 3.085596;0.6857724, 0.6077574, 3.040567;0.6342883, 0.2046276, 2.978341;0.5197277, 0.4533601, 3.06582;0.7323349, 0.4660083, 2.878085;0.3961233, -0.1356718, 2.993258;0.712312, -0.1260898, 2.666276;0.5887747, 0.1424003, 2.932301;0.5244782, 0.07113465, 2.966044;0.6231253, 0.08172823, 2.862695;0.53856, -0.3973925, 2.981272;0.7021005, -0.3803951, 2.796262;0.5652769, -0.7488708, 3.02961;0.7660359, -0.7601945, 2.764499;0.5260781, -0.8298647, 3.019326;0.734166, -0.8385854, 2.743055;
0.6519462, 0.771575, 3.087311;0.6764401, 0.5623673, 3.033004;0.6316855, 0.2022084, 2.977393;0.520583, 0.4544163, 3.067167;0.7316144, 0.4648124, 2.879266;0.3963938, -0.135697, 2.993626;0.7109261, -0.1246841, 2.665685;0.587087, 0.1421555, 2.931799;0.5234534, 0.07080519, 2.966001;0.6198866, 0.08099463, 2.860882;0.5385636, -0.3972937, 2.98122;0.7018752, -0.3811655, 2.796424;0.5664777, -0.749171, 3.030551;0.7659613, -0.7601928, 2.764473;0.527365, -0.8299061, 3.021206;0.7346897, -0.8382661, 2.742854;
0.653687, 0.7703833, 3.087693;0.6764719, 0.5616572, 3.032928;0.6297472, 0.2001976, 2.976664;0.5209618, 0.454556, 3.06749;0.7320343, 0.4647789, 2.879892;0.3961224, -0.1356264, 2.992406;0.7098233, -0.1247863, 2.665801;0.5855908, 0.1416221, 2.931236;0.5220659, 0.07033141, 2.965426;0.6181176, 0.08030029, 2.860157;0.5385545, -0.3973936, 2.981085;0.7010495, -0.3811622, 2.796924;0.5663796, -0.7485811, 3.030751;0.7659172, -0.7601864, 2.764515;0.5272666, -0.8301231, 3.021922;0.7360089, -0.8377697, 2.743186;
0.6545654, 0.7700592, 3.087836;0.6763791, 0.5615409, 3.032772;0.6284317, 0.1989356, 2.975436;0.5206813, 0.4542422, 3.067054;0.7307271, 0.4650673, 2.880638;0.395952, -0.1357806, 2.992393;0.7085114, -0.1249182, 2.665342;0.5843576, 0.141176, 2.930055;0.5211991, 0.07025115, 2.963698;0.6170765, 0.08039489, 2.859678;0.5384897, -0.3973939, 2.981059;0.7002066, -0.3808237, 2.796951;0.5664118, -0.7484282, 3.031234;0.765469, -0.7584499, 2.764746;0.52727, -0.8300585, 3.02196;0.7358626, -0.8379886, 2.743481;
0.6536275, 0.7805446, 3.08843;0.6875826, 0.6140926, 3.043663;0.6269713, 0.1999166, 2.975213;0.52248, 0.4556685, 3.064959;0.7300595, 0.4651979, 2.881261;0.394744, -0.1354509, 2.991702;0.7072781, -0.125265, 2.664731;0.5818278, 0.1408515, 2.929033;0.5192874, 0.07099624, 2.962388;0.614175, 0.08125719, 2.859671;0.5384227, -0.397257, 2.980909;0.6998659, -0.3812508, 2.796725;0.56631, -0.7484978, 3.03117;0.7654312, -0.7580981, 2.764848;0.5274744, -0.8299916, 3.022606;0.7362778, -0.8379085, 2.743611;
0.6506532, 0.7796433, 3.087456;0.6875963, 0.6135877, 3.044342;0.6264923, 0.2000915, 2.975125;0.5219159, 0.454494, 3.064017;0.7300025, 0.4651808, 2.881407;0.3941414, -0.1362229, 2.990552;0.7080313, -0.1171248, 2.665802;0.5810519, 0.1406147, 2.92841;0.5180274, 0.07034061, 2.961963;0.6132185, 0.08073241, 2.857709;0.5382974, -0.3981318, 2.981133;0.6997513, -0.382061, 2.796605;0.5662426, -0.7481917, 3.031409;0.7653224, -0.7578676, 2.765177;0.5274733, -0.8297952, 3.02229;0.7361393, -0.8381471, 2.744298;
0.6515926, 0.7790815, 3.087572;0.6863346, 0.6123388, 3.044321;0.6252283, 0.2003368, 2.975158;0.5218753, 0.4530188, 3.060963;0.7299896, 0.4651593, 2.881482;0.3925211, -0.1362534, 2.988833;0.7076266, -0.1158169, 2.665299;0.5797764, 0.1403547, 2.928024;0.5165277, 0.06988519, 2.962029;0.6120542, 0.08023992, 2.856759;0.5381954, -0.3981595, 2.98119;0.6974105, -0.3793457, 2.796705;0.5658159, -0.7477783, 3.031346;0.7650064, -0.7576261, 2.765143;0.5273995, -0.8294394, 3.020988;0.7357655, -0.8381993, 2.743691;
0.6507444, 0.7787697, 3.087662;0.6859444, 0.6119058, 3.044615;0.6243862, 0.2006142, 2.975046;0.5211138, 0.4520924, 3.060805;0.7298386, 0.4651898, 2.881504;0.389339, -0.1498029, 2.986409;0.7065573, -0.1168328, 2.664197;0.578764, 0.1402889, 2.927657;0.5152174, 0.06972488, 2.961712;0.6112822, 0.08015741, 2.856249;0.5380175, -0.3981796, 2.981063;0.6960449, -0.3775729, 2.796422;0.5658047, -0.747867, 3.031335;0.7646658, -0.7574664, 2.76506;0.5274215, -0.8295051, 3.021311;0.7360369, -0.8381534, 2.74365;
0.6444571, 0.7764328, 3.082752;0.6842051, 0.6103895, 3.044061;0.6233969, 0.2008428, 2.974977;0.5192773, 0.4509286, 3.060608;0.728699, 0.4648976, 2.880572;0.3912665, -0.1370005, 2.98642;0.7050538, -0.1179177, 2.663244;0.5777251, 0.1401733, 2.927571;0.5139163, 0.06939462, 2.961968;0.6104634, 0.07982565, 2.855909;0.5380134, -0.3997664, 2.981311;0.6955605, -0.3794598, 2.796468;0.5653486, -0.7506661, 3.030803;0.7643031, -0.7590435, 2.764945;0.5269063, -0.8309256, 3.021727;0.7356754,