0.5469651, 0.7672584, 3.005717;0.5991858, 0.5932142, 2.979415;0.5556135, 0.2328031, 2.922965;0.450871, 0.4419601, 3.060804;0.6778777, 0.4536768, 2.843734;0.387075, -0.1683081, 2.95443;0.6795589, -0.14178, 2.659245;0.546899, 0.1607209, 2.915087;0.487042, 0.08545683, 2.955875;0.5891951, 0.09072934, 2.848006;0.5324055, -0.3919309, 2.979665;0.6830535, -0.3677345, 2.783321;0.571838, -0.740569, 3.0336;0.7533782, -0.7493967, 2.750916;0.552159, -0.8117405, 3.0221;0.7024745, -0.7796365, 2.697301;
0.546949, 0.7668364, 3.0059;0.599677, 0.5912286, 2.979335;0.5557342, 0.2322486, 2.923011;0.4512219, 0.4424716, 3.061434;0.6776105, 0.4533291, 2.843961;0.3867742, -0.1698454, 2.953744;0.6792508, -0.1473163, 2.659963;0.5469754, 0.1603465, 2.915154;0.4871344, 0.08537722, 2.955961;0.5891313, 0.09021899, 2.848078;0.5323309, -0.3919041, 2.979832;0.6830184, -0.3673995, 2.783356;0.5715402, -0.7405565, 3.033634;0.7533053, -0.7493888, 2.75141;0.5539274, -0.811331, 3.023254;0.7024451, -0.779538, 2.698023;
0.5463563, 0.7657019, 3.005734;0.5998729, 0.5902312, 2.978725;0.5560286, 0.2316477, 2.922617;0.4514765, 0.442496, 3.060583;0.6778283, 0.4523307, 2.843431;0.3867062, -0.1699199, 2.953507;0.6799145, -0.1434268, 2.660916;0.5472761, 0.1598301, 2.914804;0.4874398, 0.08514707, 2.955592;0.5894513, 0.08957761, 2.847832;0.5320355, -0.3918261, 2.979618;0.682741, -0.3658981, 2.783517;0.5715362, -0.7406375, 3.03358;0.7535096, -0.749243, 2.752262;0.5558925, -0.8078663, 3.023289;0.7030948, -0.7791717, 2.699201;
0.5448923, 0.7696068, 3.007001;0.5999943, 0.5903586, 2.978539;0.5560169, 0.2316856, 2.922496;0.451534, 0.4429819, 3.06058;0.6780184, 0.4522586, 2.843208;0.3827009, -0.1987388, 2.949813;0.6804488, -0.1417615, 2.662164;0.5472445, 0.1598738, 2.914689;0.4873224, 0.08527682, 2.955532;0.5894212, 0.08956006, 2.847711;0.5320484, -0.3917366, 2.97942;0.6825775, -0.3656545, 2.783495;0.571499, -0.7404658, 3.033116;0.7536397, -0.7495589, 2.753413;0.5559169, -0.8078502, 3.023211;0.7033705, -0.7794057, 2.700488;
0.544709, 0.7700391, 3.006882;0.6003325, 0.5909067, 2.977989;0.55603, 0.2316822, 2.922444;0.4522422, 0.4436249, 3.059901;0.6787205, 0.4516495, 2.843215;0.3826096, -0.196703, 2.949125;0.6798923, -0.1404573, 2.662361;0.5472459, 0.1598534, 2.914653;0.4873158, 0.08530756, 2.955502;0.5894088, 0.08939845, 2.847723;0.5320518, -0.3917044, 2.979356;0.6821437, -0.3644372, 2.782928;0.5713007, -0.7405103, 3.033238;0.753813, -0.7494865, 2.754283;0.5557643, -0.8078343, 3.023545;0.7037623, -0.7792808, 2.701334;
0.5453163, 0.7685446, 3.005935;0.6006373, 0.5907168, 2.978293;0.55605, 0.2316765, 2.922463;0.4523243, 0.4438787, 3.059809;0.6795418, 0.45106, 2.842683;0.382881, -0.1958344, 2.949709;0.6795637, -0.1395599, 2.662867;0.5472482, 0.1598563, 2.914653;0.4872523, 0.08535559, 2.955524;0.5894241, 0.08925724, 2.847694;0.5318198, -0.3917458, 2.979075;0.6822071, -0.3645234, 2.782852;0.5711011, -0.740301, 3.033093;0.7537236, -0.7497057, 2.75428;0.5558372, -0.8079813, 3.023797;0.703793, -0.7794518, 2.701334;
0.5458831, 0.7658947, 3.004833;0.6008577, 0.5904098, 2.978408;0.5561032, 0.2314936, 2.922588;0.4522933, 0.4437981, 3.059891;0.6796279, 0.4508334, 2.842542;0.3829705, -0.1955174, 2.949893;0.6789114, -0.1398665, 2.661663;0.5472705, 0.1596903, 2.914784;0.4872204, 0.08523358, 2.955635;0.5894487, 0.08898831, 2.847866;0.5318919, -0.3916105, 2.978921;0.6822609, -0.3644816, 2.782952;0.5705869, -0.7397448, 3.033635;0.7538062, -0.7496688, 2.754314;0.5561287, -0.8044949, 3.023169;0.738315, -0.8309282, 2.73157;
0.5456488, 0.7633709, 3.00339;0.6016297, 0.5884258, 2.978848;0.5562565, 0.2310448, 2.922719;0.4525043, 0.4438129, 3.05992;0.6801249, 0.4508483, 2.842554;0.3829029, -0.1945075, 2.949645;0.6786447, -0.1396671, 2.661691;0.5473471, 0.1594212, 2.914878;0.4872095, 0.08498277, 2.955706;0.5895082, 0.08864348, 2.847916;0.5318358, -0.3916733, 2.978914;0.682449, -0.3642717, 2.782872;0.5702855, -0.7386693, 3.03355;0.7538304, -0.7495848, 2.754271;0.5563085, -0.8047951, 3.023143;0.7042015, -0.7791329, 2.701601;
0.5455095, 0.7638311, 3.003301;0.6023889, 0.5889734, 2.978411;0.5563745, 0.2309975, 2.922657;0.4526553, 0.444385, 3.060202;0.6802101, 0.4503619, 2.842506;0.3829772, -0.1936299, 2.949433;0.6803543, -0.1392886, 2.661229;0.5474172, 0.1593417, 2.91484;0.4872355, 0.0850158, 2.955676;0.5895725, 0.08834354, 2.847947;0.5317261, -0.3916688, 2.978877;0.6824554, -0.3642545, 2.782794;0.5707819, -0.7388708, 3.033891;0.75423, -0.7527152, 2.755318;0.5577779, -0.8055376, 3.024812;0.7387321, -0.8313258, 2.732145;
0.5457365, 0.7626455, 3.002947;0.6029539, 0.5885237, 2.978499;0.5563376, 0.2305231, 2.92312;0.4527289, 0.4444323, 3.060235;0.6803446, 0.4501868, 2.842532;0.3826666, -0.193952, 2.948352;0.6804155, -0.1389726, 2.661352;0.5472128, 0.1588066, 2.915457;0.48677, 0.08400403, 2.956227;0.5891687, 0.08849994, 2.849213;0.5317168, -0.3916834, 2.978896;0.6827446, -0.3647851, 2.782763;0.5709258, -0.7389596, 3.033902;0.7542434, -0.7525541, 2.755255;0.5580745, -0.8056223, 3.024979;0.7388626, -0.8311518, 2.732223;
0.5453832, 0.7610866, 3.003556;0.6027476, 0.5880703, 2.978812;0.5563005, 0.2305168, 2.923348;0.4527904, 0.4444939, 3.060328;0.6812119, 0.4498309, 2.841892;0.3824509, -0.1974789, 2.948478;0.6826419, -0.1435937, 2.657344;0.5471797, 0.1588704, 2.915703;0.4865951, 0.08356072, 2.956621;0.589189, 0.08872041, 2.849366;0.5315834, -0.3906343, 2.979191;0.6826671, -0.36423, 2.782722;0.5713086, -0.7389159, 3.034267;0.7542226, -0.7525327, 2.755438;0.5581672, -0.805845, 3.024792;0.7050094, -0.7818426, 2.703158;
0.5464699, 0.7610275, 3.004477;0.6026198, 0.58798, 2.978999;0.5562046, 0.2301628, 2.923564;0.453002, 0.4440204, 3.05999;0.6813198, 0.4496772, 2.841864;0.3828414, -0.1967296, 2.949445;0.6814835, -0.1429275, 2.658397;0.5470766, 0.1584605, 2.915919;0.4864632, 0.08292595, 2.956639;0.5891533, 0.08877438, 2.849743;0.5315269, -0.3904554, 2.978971;0.6826457, -0.363887, 2.782559;0.5714335, -0.7389885, 3.034468;0.7542694, -0.7525173, 2.755462;0.5582353, -0.8059914, 3.024774;0.7051348, -0.7817904, 2.703239;
0.5463826, 0.7603208, 3.0059;0.6026084, 0.5873754, 2.978865;0.5561662, 0.2294871, 2.923831;0.453269, 0.4439399, 3.060599;0.6812584, 0.4494327, 2.841643;0.3823282, -0.199122, 2.949942;0.6804131, -0.1424509, 2.65976;0.5470123, 0.1577771, 2.916275;0.4864487, 0.08161621, 2.957056;0.5890566, 0.08869055, 2.850147;0.5315664, -0.3905247, 2.978919;0.6826024, -0.3635527, 2.782379;0.569481, -0.7383312, 3.035549;0.7539564, -0.7516619, 2.754964;0.5581678, -0.806868, 3.025098;0.7047048, -0.7809402, 2.702874;
0.5475031, 0.772249, 3.010253;0.6027315, 0.5876959, 2.977921;0.556336, 0.2293706, 2.923891;0.4532791, 0.4440144, 3.060808;0.6822621, 0.4492284, 2.8418;0.3825137, -0.1989272, 2.951145;0.6802592, -0.1419439, 2.659827;0.5472198, 0.1575976, 2.916421;0.4868363, 0.0811234, 2.956804;0.5894784, 0.08876093, 2.851072;0.5315994, -0.3905918, 2.978987;0.6826836, -0.3636571, 2.78248;0.5695224, -0.7381516, 3.035352;0.7538686, -0.7518114, 2.755008;0.5578267, -0.8064514, 3.024455;0.7047515, -0.7810976, 2.702828;
0.5504595, 0.7656094, 3.009602;0.6029094, 0.5872986, 2.978281;0.5563989, 0.2291629, 2.924143;0.4536114, 0.4444487, 3.060187;0.6828189, 0.449233, 2.84201;0.3827783, -0.1971695, 2.951649;0.6807777, -0.141216, 2.660395;0.5472521, 0.1574289, 2.916658;0.4867727, 0.08091941, 2.956932;0.5895411, 0.08875483, 2.851383;0.531145, -0.3900194, 2.978711;0.6827513, -0.3639207, 2.782487;0.5696149, -0.7380977, 3.035153;0.7538555, -0.7536978, 2.755498;0.5573993, -0.8052462, 3.024148;0.7049501, -0.7829296, 2.703268;
0.5507457, 0.7647871, 3.009142;0.6028985, 0.587428, 2.978284;0.5564486, 0.2291367, 2.924305;0.4543102, 0.4448084, 3.06027;0.6828094, 0.4492769, 2.842076;0.3828834, -0.1965771, 2.951775;0.6810063, -0.1405321, 2.660932;0.5473143, 0.1573615, 2.916898;0.4869364, 0.08081906, 2.957243;0.5895413, 0.08895086, 2.85178;0.5315652, -0.3903143, 2.978856;0.6827629, -0.3634194, 2.782598;0.5692675, -0.7377825, 3.034646;0.7540895, -0.7530446, 2.755624;0.5568716, -0.8061727, 3.023906;0.7051384, -0.7822702, 2.703486;
0.551526, 0.7635713, 3.008984;0.6034722, 0.5870399, 2.978303;0.5565037, 0.2291069, 2.924399;0.4546092, 0.4448432, 3.060729;0.6828986, 0.4491118, 2.842076;0.3829741, -0.1961583, 2.951902;0.6814418, -0.1392518, 2.661226;0.5473202, 0.1573675, 2.917021;0.4868238, 0.0805784, 2.95765;0.5894902, 0.08900815, 2.851789;0.5316926, -0.3904759, 2.978895;0.682637, -0.3624869, 2.78199;0.5695256, -0.7378119, 3.034667;0.7539275, -0.7530264, 2.75554;0.5573175, -0.8070134, 3.025107;0.7049149, -0.7822394, 2.703478;
0.5528376, 0.7640269, 3.007885;0.6034887, 0.5870682, 2.978304;0.5565848, 0.2289503, 2.924496;0.455038, 0.4449157, 3.060502;0.6831668, 0.4490089, 2.841989;0.3835939, -0.1948127, 2.953234;0.6821428, -0.138222, 2.66122;0.5474075, 0.1571482, 2.91715;0.4868716, 0.08051672, 2.957621;0.5896297, 0.08902004, 2.852241;0.5317162, -0.3905446, 2.978892;0.6826599, -0.3625394, 2.781996;0.5696264, -0.73791, 3.034723;0.7539915, -0.7530513, 2.755466;0.5580662, -0.8077196, 3.025593;0.7049884, -0.7822659, 2.703406;
0.5537119, 0.7646809, 3.008144;0.6038792, 0.5873271, 2.97844;0.5567787, 0.2289179, 2.924532;0.4551747, 0.444894, 3.060575;0.6834554, 0.4491923, 2.842022;0.3838091, -0.194619, 2.953728;0.6819852, -0.1382628, 2.66109;0.5475618, 0.1570929, 2.917172;0.4869777, 0.08043083, 2.957594;0.5897785, 0.08906879, 2.852271;0.5317272, -0.3905265, 2.978894;0.6826961, -0.3633606, 2.782004;0.5696486, -0.7378824, 3.034745;0.7537926, -0.7527726, 2.755216;0.5568385, -0.8057505, 3.023832;0.7048151, -0.7819707, 2.703172;
0.554256, 0.7646741, 3.008726;0.6048729, 0.5871789, 2.979522;0.5570238, 0.2288949, 2.925044;0.4552335, 0.4448665, 3.060551;0.6840571, 0.4491744, 2.841881;0.3839565, -0.1941307, 2.953902;0.681814, -0.1379891, 2.660548;0.5476923, 0.1570988, 2.917592;0.4869176, 0.08035593, 2.957914;0.5898775, 0.08912181, 2.85253;0.5318271, -0.3906039, 2.978828;0.6825171, -0.3628005, 2.782077;0.5704515, -0.7380371, 3.035836;0.7536276, -0.7527006, 2.754757;0.55726, -0.8036918, 3.025547;0.7047412, -0.7818449, 2.702715;
0.556491, 0.7646441, 3.008847;0.6049836, 0.5873024, 2.979708;0.5571008, 0.2288899, 2.925236;0.4563395, 0.4452389, 3.061396;0.6842913, 0.4493448, 2.842143;0.3840387, -0.1930818, 2.954029;0.6819637, -0.1372222, 2.660393;0.5477471, 0.1570796, 2.917781;0.4869946, 0.08035074, 2.958046;0.5898669, 0.08928329, 2.852808;0.5318798, -0.3907745, 2.978884;0.6827297, -0.3627419, 2.782123;0.5695862, -0.7379421, 3.034442;0.7536416, -0.752645, 2.754744;0.5557536, -0.8052415, 3.024359;0.7387825, -0.8315158, 2.731894;
0.5562332, 0.7640125, 3.008408;0.6052489, 0.5869204, 2.979764;0.5572294, 0.2287759, 2.925411;0.4564, 0.4451803, 3.061433;0.6845132, 0.4489878, 2.841895;0.3841707, -0.1929521, 2.954294;0.6818939, -0.1370514, 2.660912;0.547843, 0.1570103, 2.917972;0.4870551, 0.08021469, 2.958247;0.5899125, 0.0892719, 2.852958;0.5319909, -0.3908453, 2.978884;0.6827962, -0.3628491, 2.782213;0.5695112, -0.7383959, 3.034395;0.7541721, -0.7519412, 2.754746;0.5559362, -0.8055856, 3.023885;0.7388411, -0.8314916, 2.731913;
0.5564688, 0.7641237, 3.00744;0.6052798, 0.5869299, 2.979746;0.55733, 0.2288315, 2.925676;0.4562777, 0.4452162, 3.061078;0.6850402, 0.4485054, 2.841846;0.3840875, -0.1921041, 2.9539;0.682452, -0.1373135, 2.660193;0.547943, 0.1570946, 2.918353;0.487022, 0.08017523, 2.958623;0.5900866, 0.08933733, 2.853432;0.5320724, -0.3908388, 2.978901;0.6827847, -0.3628585, 2.782218;0.5695351, -0.7383932, 3.034482;0.754208, -0.751844, 2.754743;0.5206572, -0.7675173, 2.982522;0.7389535, -0.831561, 2.732021;
0.557144, 0.7638173, 3.006038;0.6053752, 0.5872816, 2.979891;0.5573646, 0.2287995, 2.925829;0.4564888, 0.445282, 3.060971;0.6850397, 0.4484787, 2.841843;0.3845265, -0.1914824, 2.955463;0.6827198, -0.1367947, 2.660915;0.5479615, 0.1570082, 2.91853;0.4870679, 0.08010353, 2.958755;0.5900516, 0.08941955, 2.853721;0.5320979, -0.3907402, 2.978898;0.6827567, -0.3636075, 2.782351;0.5697085, -0.7384539, 3.034378;0.754236, -0.7517185, 2.754336;0.5590086, -0.8037318, 3.025177;0.7390358, -0.8317145, 2.731998;
0.5565249, 0.7631581, 3.005378;0.6055002, 0.5872859, 2.979929;0.5575206, 0.2287557, 2.925968;0.4564401, 0.4452635, 3.060825;0.6853743, 0.448677, 2.841898;0.384625, -0.1910979, 2.954725;0.6827366, -0.1370817, 2.660555;0.5481025, 0.1569611, 2.918679;0.487108, 0.08004018, 2.958852;0.5902756, 0.08936266, 2.853904;0.5316415, -0.3895579, 2.979088;0.6831837, -0.3634435, 2.782688;0.5696166, -0.7384315, 3.033806;0.7541329, -0.7515894, 2.754382;0.5582781, -0.8030161, 3.024479;0.7386335, -0.8319561, 2.73188;
0.5582162, 0.7633012, 3.006154;0.6057913, 0.5871842, 2.980087;0.5576976, 0.2286942, 2.926148;0.4565068, 0.4453731, 3.060947;0.6853126, 0.448599, 2.842176;0.3848554, -0.1910726, 2.954821;0.6821104, -0.1369462, 2.660693;0.5482402, 0.1569151, 2.918847;0.4873321, 0.07974296, 2.959267;0.5902925, 0.08935159, 2.853916;0.5316808, -0.3899189, 2.97907;0.6832238, -0.3629397, 2.782801;0.5696844, -0.7383533, 3.033859;0.7539325, -0.7518409, 2.753868;0.557706, -0.8022746, 3.024577;0.7052329, -0.7808945, 2.701976;
0.5584909, 0.7635702, 3.006643;0.6057646, 0.5871845, 2.980077;0.5577621, 0.2286249, 2.926225;0.4565951, 0.44524, 3.060899;0.685289, 0.4485756, 2.8422;0.3848902, -0.190038, 2.953909;0.682123, -0.1367019, 2.66083;0.5483366, 0.1568203, 2.918957;0.4875352, 0.07951905, 2.959452;0.5903546, 0.0893494, 2.853992;0.5320913, -0.3904724, 2.979621;0.6833273, -0.3634118, 2.782782;0.5697015, -0.738378, 3.033471;0.7539899, -0.7516752, 2.753848;0.5568238, -0.8037274, 3.023193;0.7053024, -0.7807214, 2.701985;
0.5606948, 0.7655314, 3.00712;0.6060242, 0.5872277, 2.980581;0.5577923, 0.2285501, 2.926621;0.4566491, 0.4451407, 3.060789;0.6855509, 0.448658, 2.842726;0.3849826, -0.1899195, 2.954002;0.6822002, -0.1361201, 2.660781;0.5483131, 0.1567344, 2.919325;0.4873925, 0.07944523, 2.959763;0.5903473, 0.08934803, 2.854318;0.5318129, -0.3897757, 2.979821;0.6833736, -0.3633656, 2.782925;0.5705255, -0.7386098, 3.033761;0.7537188, -0.7521033, 2.753804;0.5577215, -0.8025219, 3.02407;0.7051609, -0.7811177, 2.701897;
0.5609087, 0.7651367, 3.007532;0.6079872, 0.5878357, 2.982037;0.5582702, 0.2283403, 2.926802;0.4570464, 0.4449143, 3.06086;0.685589, 0.4487178, 2.842699;0.3849452, -0.1902326, 2.95347;0.6840243, -0.1409733, 2.657024;0.5486396, 0.1564711, 2.919388;0.4876874, 0.07916677, 2.959733;0.5904433, 0.0893167, 2.85431;0.5318294, -0.389432, 2.979572;0.6831365, -0.364084, 2.78305;0.5705712, -0.7381272, 3.033206;0.7536174, -0.7519941, 2.753641;0.5573583, -0.8012922, 3.023994;0.7050411, -0.7809415, 2.701836;
0.5624759, 0.7651439, 3.007458;0.607876, 0.5875322, 2.981998;0.5583864, 0.2282351, 2.926887;0.4573167, 0.4446592, 3.060594;0.6855382, 0.44874, 2.842732;0.3849757, -0.1901069, 2.953412;0.6840155, -0.1366931, 2.660527;0.5487828, 0.1563846, 2.919485;0.487965, 0.07900466, 2.959914;0.5905195, 0.08931124, 2.854342;0.5319779, -0.3896279, 2.979741;0.6827755, -0.3632484, 2.783123;0.5706804, -0.7380096, 3.033312;0.7535735, -0.7519487, 2.753657;0.5573237, -0.8018641, 3.024202;0.705022, -0.7808799, 2.701901;
0.5593694, 0.7630269, 3.007739;0.6082495, 0.5866951, 2.981769;0.5584953, 0.2281865, 2.926897;0.4573364, 0.444629, 3.060531;0.6860006, 0.4484962, 2.842519;0.3851424, -0.1901433, 2.954002;0.6839355, -0.1361638, 2.660567;0.5488523, 0.1563855, 2.919497;0.4879643, 0.07898343, 2.959916;0.590617, 0.08930721, 2.854328;0.5320554, -0.3897086, 2.979791;0.6828583, -0.3632479, 2.783089;0.5708534, -0.7380576, 3.033401;0.7536005, -0.7518356, 2.753997;0.5572602, -0.802841, 3.024215;0.7051082, -0.7807493, 2.702225;
0.5594221, 0.7622107, 3.008085;0.6081356, 0.5864486, 2.982513;0.5585047, 0.2278773, 2.927412;0.4573712, 0.4447231, 3.060636;0.6858696, 0.4485223, 2.842585;0.3851642, -0.1897468, 2.954119;0.6838226, -0.1360302, 2.660546;0.5488497, 0.1560864, 2.919939;0.4879721, 0.07877707, 2.960248;0.5905833, 0.0891544, 2.854645;0.5318192, -0.3899507, 2.979883;0.6828846, -0.3632595, 2.783145;0.5701606, -0.7400234, 3.034169;0.7538209, -0.7545739, 2.754521;0.534439, -0.8202739, 3.022952;0.7050529, -0.7836374, 2.702496;
0.5566338, 0.7656102, 3.008045;0.6081275, 0.5870366, 2.982285;0.5585386, 0.2279323, 2.927435;0.4573925, 0.4446829, 3.060561;0.6861407, 0.4485582, 2.84256;0.3850041, -0.1893167, 2.952929;0.683738, -0.135842, 2.660332;0.5488766, 0.156112, 2.919971;0.4879826, 0.07886951, 2.960186;0.590753, 0.08940436, 2.855154;0.5317542, -0.3899203, 2.979975;0.6831593, -0.3633321, 2.783151;0.5701987, -0.7399599, 3.034226;0.7542944, -0.7537856, 2.754731;0.5467469, -0.8158781, 3.024598;0.7054747, -0.7829049, 2.702588;
0.5566247, 0.7651983, 3.007911;0.6080678, 0.5870944, 2.982476;0.5586019, 0.2279667, 2.927467;0.4574056, 0.4446619, 3.060551;0.6864864, 0.4487842, 2.842746;0.3850348, -0.1890911, 2.952982;0.6837418, -0.1351187, 2.660583;0.5489487, 0.1561457, 2.919982;0.4880097, 0.07890749, 2.960141;0.5909379, 0.08947496, 2.855174;0.531799, -0.3900409, 2.979903;0.683635, -0.3634802, 2.783396;0.5706204, -0.7407811, 3.034299;0.7542965, -0.7538114, 2.754695;0.5484917, -0.8141415, 3.023594;0.7054755, -0.7829599, 2.702447;
0.5559075, 0.7687057, 3.009149;0.608435, 0.5885579, 2.982599;0.5587465, 0.2279145, 2.927495;0.4576993, 0.4445789, 3.060193;0.6863456, 0.4488246, 2.842832;0.3850361, -0.1886156, 2.953205;0.6839403, -0.1346456, 2.660553;0.549131, 0.1559359, 2.920008;0.4883056, 0.07887539, 2.959955;0.5911005, 0.08952998, 2.855477;0.5317936, -0.390322, 2.979792;0.6833494, -0.3647254, 2.783517;0.5706187, -0.7407349, 3.034307;0.7548725, -0.7526844, 2.754973;0.5510623, -0.812842, 3.024586;0.7060131, -0.781859, 2.702687;
0.555941, 0.7686309, 3.009197;0.6083201, 0.5885, 2.982852;0.5588402, 0.2278992, 2.927576;0.457355, 0.4441279, 3.060156;0.6863602, 0.4487517, 2.842865;0.3852842, -0.1882799, 2.952645;0.6838835, -0.1340767, 2.660514;0.5492451, 0.1559174, 2.920067;0.4883505, 0.07886467, 2.959951;0.5913492, 0.08948043, 2.855539;0.5317838, -0.390391, 2.98009;0.6834188, -0.3643056, 2.783589;0.5707526, -0.7404729, 3.034056;0.7543623, -0.7526182, 2.754564;0.5510952, -0.8124454, 3.024293;0.7054917, -0.7818195, 2.702195;
0.5555711, 0.7669079, 3.00806;0.6080959, 0.5876877, 2.982989;0.5588316, 0.2277141, 2.927963;0.4573809, 0.4441648, 3.06014;0.6864001, 0.4488365, 2.842841;0.3854815, -0.1881621, 2.95229;0.6836805, -0.1338709, 2.659706;0.5492386, 0.1557925, 2.920517;0.4882993, 0.07875107, 2.960423;0.5913405, 0.08934519, 2.855995;0.5308461, -0.3889785, 2.97965;0.6835425, -0.3635663, 2.783565;0.5708909, -0.7398937, 3.034892;0.7544469, -0.7525041, 2.754612;0.5514224, -0.8119698, 3.024429;0.7055269, -0.7817392, 2.702193;
0.5566069, 0.7660561, 3.007964;0.6080713, 0.5875323, 2.982973;0.5589709, 0.2276992, 2.928017;0.4574474, 0.4443112, 3.060256;0.6863372, 0.448801, 2.842722;0.3855884, -0.1878616, 2.951586;0.6840626, -0.1334352, 2.659029;0.5494154, 0.1558021, 2.920583;0.4885347, 0.07874372, 2.960513;0.5914874, 0.08936632, 2.856018;0.5310035, -0.3895391, 2.979658;0.6831678, -0.3618738, 2.783282;0.5708644, -0.7398624, 3.034885;0.754625, -0.7523018, 2.754676;0.5529504, -0.8083538, 3.023748;0.7056538, -0.7815509, 2.702274;
0.5564267, 0.7672622, 3.008216;0.607538, 0.5875986, 2.982123;0.5589926, 0.2278482, 2.928215;0.4573176, 0.4442494, 3.060238;0.6861082, 0.4489853, 2.842593;0.3850416, -0.187964, 2.949667;0.6843401, -0.1336714, 2.657952;0.5495031, 0.1560426, 2.921036;0.4887196, 0.07880719, 2.961468;0.5915663, 0.0895213, 2.856422;0.5315711, -0.3892153, 2.980296;0.6832412, -0.361885, 2.783347;0.5709053, -0.7398232, 3.035085;0.7547318, -0.7516513, 2.754422;0.5546465, -0.8078508, 3.024583;0.7057246, -0.7809336, 2.702048;
0.5552958, 0.7667485, 3.007787;0.6074293, 0.5876802, 2.981883;0.5592563, 0.2281822, 2.928354;0.4570876, 0.4443314, 3.060035;0.6864915, 0.4495508, 2.84236;0.3824804, -0.189574, 2.94933;0.6847826, -0.1446254, 2.652562;0.5498879, 0.1564772, 2.921286;0.4889113, 0.07901395, 2.961678;0.5922077, 0.08984359, 2.856719;0.5316613, -0.3892468, 2.980391;0.6832433, -0.3622566, 2.783515;0.5710953, -0.7398213, 3.034832;0.754934, -0.7518281, 2.754594;0.5552967, -0.8076917, 3.024873;0.7059738, -0.7811244, 2.702173;
0.552669, 0.7642434, 3.005686;0.6071047, 0.5875941, 2.98185;0.5595124, 0.2281759, 2.92845;0.4565382, 0.4444232, 3.059555;0.6859328, 0.4504781, 2.841769;0.380447, -0.1944808, 2.948254;0.6837827, -0.1448455, 2.650683;0.5503448, 0.1564687, 2.921424;0.4896148, 0.07893248, 2.961627;0.5930496, 0.09015095, 2.857197;0.5330708, -0.3912434, 2.981862;0.6831746, -0.3624, 2.783378;0.5703803, -0.739905, 3.034183;0.7548361, -0.7515817, 2.754356;0.5557456, -0.8084105, 3.025234;0.738396, -0.8318548, 2.729335;
0.5487514, 0.7609885, 3.001142;0.6057668, 0.5881332, 2.981241;0.5597746, 0.2283115, 2.928602;0.4562361, 0.4447066, 3.059447;0.6839533, 0.4509099, 2.840822;0.3781675, -0.1939618, 2.946472;0.6815562, -0.145023, 2.647258;0.550929, 0.1566091, 2.921738;0.4911384, 0.07898982, 2.962404;0.5936648, 0.09037647, 2.857505;0.5339123, -0.392371, 2.982687;0.6828884, -0.3645095, 2.783231;0.5706061, -0.7400705, 3.034117;0.7546013, -0.7518269, 2.754354;0.5568013, -0.8060316, 3.025337;0.7380518, -0.8322803, 2.729852;
0.5482673, 0.761984, 3.001395;0.6040975, 0.5898097, 2.9792;0.5606576, 0.228891, 2.928585;0.4547091, 0.4449367, 3.059589;0.6833566, 0.4510981, 2.840973;0.3690593, -0.1708391, 2.948506;0.6801091, -0.1450418, 2.646674;0.5524125, 0.1571791, 2.921961;0.4930339, 0.07957179, 2.962494;0.5964332, 0.09142065, 2.858664;0.53405, -0.3922794, 2.982612;0.6835219, -0.3677918, 2.785706;0.5705975, -0.7400516, 3.034051;0.7580765, -0.7563304, 2.764882;0.5571789, -0.8044899, 3.024664;0.7422441, -0.8363137, 2.741984;
0.5472153, 0.7622129, 3.001501;0.6031518, 0.5904335, 2.977332;0.5969694, 0.219538, 2.965396;0.4521159, 0.4455167, 3.057998;0.6820501, 0.4514399, 2.83993;0.3628651, -0.170111, 2.945574;0.6747136, -0.1450366, 2.643818;0.5546542, 0.1574703, 2.922727;0.4957719, 0.07974949, 2.963591;0.5997832, 0.0915765, 2.860221;0.5339553, -0.3920349, 2.982184;0.6839648, -0.3690824, 2.787211;0.5693676, -0.7403851, 3.032962;0.7580554, -0.7568695, 2.766742;0.5568575, -0.8052401, 3.024525;0.7424245, -0.8362944, 2.742934;
0.5402064, 0.7605501, 2.998085;0.5980076, 0.5883047, 2.973378;0.5981378, 0.21949, 2.96589;0.4479223, 0.4446217, 3.05512;0.6766003, 0.4500835, 2.835667;0.3521808, -0.1896731, 2.938766;0.6648617, -0.1429628, 2.635221;0.5565498, 0.1558976, 2.924117;0.4987006, 0.07820812, 2.965534;0.6029652, 0.08965196, 2.863066;0.5333524, -0.3921149, 2.981741;0.6842107, -0.3721997, 2.788864;0.5682343, -0.741013, 3.031996;0.7578114, -0.7571843, 2.767309;0.5192164, -0.7707931, 2.9801;0.7429814, -0.8366677, 2.745684;
0.5344563, 0.7656219, 2.997237;0.5888919, 0.5882549, 2.965708;0.5988415, 0.2204805, 2.966253;0.4454773, 0.4448739, 3.052885;0.6725695, 0.4496465, 2.832731;0.3410941, -0.1849483, 2.936328;0.6546427, -0.1430061, 2.620605;0.5579676, 0.1547084, 2.925442;0.5017134, 0.07742914, 2.967791;0.6055293, 0.08798602, 2.866218;0.5312503, -0.3940374, 2.980319;0.684489, -0.3740168, 2.788582;0.5678858, -0.7408896, 3.031513;0.7573815, -0.7580236, 2.769253;0.518805, -0.7711827, 2.980027;0.7415695, -0.8374543, 2.746422;
0.5259172, 0.7604698, 2.986581;0.5868657, 0.5876212, 2.96348;0.6014124, 0.2197771, 2.967536;0.4406276, 0.443647, 3.051953;0.6651887, 0.4469333, 2.828068;0.3349513, -0.1823752, 2.930938;0.6522039, -0.1420659, 2.617277;0.5618382, 0.1523656, 2.928914;0.5074279, 0.07633527, 2.971567;0.6109432, 0.08573235, 2.873157;0.5309196, -0.3936362, 2.980189;0.684465, -0.3746972, 2.787908;0.5670744, -0.7404706, 3.030566;0.7567742, -0.7587607, 2.769515;0.5174525, -0.771139, 2.979871;0.7410337, -0.8378329, 2.746641;
0.5197474, 0.7544182, 2.982138;0.5787765, 0.5835016, 2.959551;0.6030197, 0.2171035, 2.970572;0.4349908, 0.440099, 3.045206;0.6558483, 0.4424493, 2.821874;0.3341712, -0.1747002, 2.933987;0.6501787, -0.1437387, 2.616504;0.5646545, 0.1474991, 2.933785;0.5121747, 0.07382546, 2.975493;0.6140821, 0.08195254, 2.881828;0.5307447, -0.3937507, 2.980107;0.6840217, -0.375027, 2.787674;0.5669599, -0.7404174, 3.030466;0.756662, -0.7589058, 2.769561;0.5172409, -0.7717656, 2.980358;0.7406788, -0.8379874, 2.746592;
0.5087249, 0.7470419, 2.970252;0.5697157, 0.5767506, 2.954539;0.6051471, 0.214929, 2.973304;0.4305195, 0.4345546, 3.040549;0.6510968, 0.4378568, 2.818828;0.3282329, -0.1768307, 2.929357;0.6446977, -0.1495816, 2.610915;0.5687699, 0.1436189, 2.937716;0.5202832, 0.06968819, 2.981425;0.619113, 0.07844771, 2.886912;0.5304995, -0.3938157, 2.980329;0.6836829, -0.3815145, 2.786716;0.5664197, -0.7404967, 3.029497;0.7561488, -0.7587819, 2.769311;0.5171339, -0.7726872, 2.97956;0.7407407, -0.8374171, 2.746041;
0.4985953, 0.7373974, 2.961256;0.5580642, 0.5642056, 2.942336;0.6070728, 0.2123398, 2.974428;0.4255271, 0.4292462, 3.035665;0.6378586, 0.4251341, 2.811502;0.3193986, -0.1858823, 2.929121;0.6350241, -0.1571791, 2.599614;0.5712026, 0.1392688, 2.941233;0.5253835, 0.0665007, 2.98766;0.6220374, 0.07302356, 2.891499;0.5302439, -0.3966954, 2.981955;0.6861817, -0.3899273, 2.78649;0.5662443, -0.7406025, 3.029176;0.7539895, -0.7645441, 2.772595;0.5162922, -0.7741451, 2.980952;0.7409643, -0.8373814, 2.746257;
0.488466, 0.725698, 2.948391;0.545639, 0.549359, 2.929868;0.6072662, 0.2061192, 2.976724;0.4170364, 0.4118333, 3.026059;0.6325444, 0.4180206, 2.804826;0.3140819, -0.1984454, 2.926033;0.6303288, -0.1658542, 2.596371;0.574034, 0.1316808, 2.945147;0.5302211, 0.06019676, 2.993219;0.6265851, 0.06481373, 2.897776;0.5301017, -0.3981295, 2.983004;0.6857683, -0.3897402, 2.786474;0.563759, -0.7396085, 3.028107;0.7528081, -0.7664897, 2.773317;0.5151313, -0.774719, 2.979791;0.7412197, -0.8375648, 2.746845;
0.4820451, 0.7208977, 2.941007;0.5369936, 0.5418362, 2.920518;0.609506, 0.2012385, 2.975952;0.4146681, 0.4033036, 3.0207;0.6229129, 0.4066576, 2.797569;0.3109397, -0.2147543, 2.923519;0.6255021, -0.1798958, 2.595098;0.5778956, 0.1249621, 2.947195;0.5365893, 0.0553251, 2.996649;0.6310184, 0.06034876, 2.901006;0.5292056, -0.3992626, 2.983398;0.6862588, -0.3919623, 2.782547;0.563418, -0.7398309, 3.027844;0.752494, -0.7674051, 2.773197;0.514351, -0.7762818, 2.981143;0.7412264, -0.837517, 2.746799;
0.4522215, 0.681989, 2.916242;0.5197823, 0.5133013, 2.907032;0.6095816, 0.1856197, 2.977155;0.405254, 0.3861081, 3.01515;0.6147717, 0.3963454, 2.792429;0.3090842, -0.2372066, 2.916738;0.6247064, -0.1988487, 2.592529;0.5817806, 0.1085544, 2.951156;0.5437747, 0.0399309, 3.002575;0.6372826, 0.04581216, 2.907721;0.5285013, -0.4024311, 2.985042;0.6865416, -0.3950951, 2.779937;0.56292, -0.7396312, 3.027541;0.7511961, -0.7666197, 2.771556;0.5152479, -0.7784587, 2.981447;0.7411981, -0.8376068, 2.74686;
0.447944, 0.6665778, 2.909097;0.5159527, 0.5082159, 2.902912;0.6164425, 0.1665757, 2.977415;0.3995612, 0.3636658, 3.005249;0.6058519, 0.3796389, 2.785355;0.3075563, -0.2494727, 2.91661;0.6225126, -0.1981368, 2.591079;0.5941762, 0.08377809, 2.954219;0.55946, 0.01671757, 3.005712;0.6509063, 0.02843278, 2.91374;0.524358, -0.4103606, 2.986209;0.6867036, -0.3994956, 2.776904;0.5627086, -0.7396964, 3.027404;0.7509388, -0.766104, 2.77135;0.515716, -0.77961, 2.981667;0.7416825, -0.8372291, 2.747064;
0.4395878, 0.6490536, 2.897686;0.5026893, 0.4838367, 2.888339;0.6183535, 0.1594866, 2.976012;0.395363, 0.3535592, 3.000657;0.6010967, 0.368557, 2.779979;0.3031461, -0.277059, 2.919458;0.6193764, -0.2030425, 2.5879;0.5973682, 0.0768739, 2.954538;0.5654901, 0.00807438, 3.007185;0.6559024, 0.02151005, 2.915549;0.5209128, -0.4156567, 2.988092;0.6871682, -0.4106186, 2.77207;0.5617813, -0.7389664, 3.026664;0.7503006, -0.7644676, 2.769687;0.5158119, -0.7811113, 2.982002;0.7043312, -0.8066125, 2.725025;
0.4295031, 0.6298685, 2.891039;0.4952166, 0.4557965, 2.876026;0.6224361, 0.14055, 2.976376;0.3908103, 0.3296156, 2.988675;0.5937334, 0.3287842, 2.769485;0.3052878, -0.2942142, 2.919117;0.6162158, -0.2734954, 2.574037;0.6038911, 0.05773564, 2.958985;0.5764638, -0.009001238, 3.01203;0.6626908, 0.003555457, 2.925212;0.5188642, -0.4207183, 2.98997;0.6879264, -0.4129283, 2.769064;0.5605408, -0.7387656, 3.026889;0.7498643, -0.7643633, 2.76965;0.5149417, -0.7830799, 2.984086;0.7421523, -0.8373767, 2.747498;
0.4159969, 0.5974443, 2.871107;0.4894221, 0.4369597, 2.868044;0.624945, 0.1143163, 2.981868;0.3815709, 0.3046919, 2.988329;0.5886199, 0.3112079, 2.76551;0.3040904, -0.3117495, 2.917548;0.6145277, -0.2763686, 2.579422;0.6101402, 0.02751977, 2.968725;0.5879214, -0.03252239, 3.019004;0.6669031, -0.03207404, 2.945494;0.5157061, -0.4266647, 2.991137;0.6881124, -0.4237564, 2.762447;0.5591815, -0.738107, 3.026427;0.749807, -0.7656894, 2.769566;0.5148104, -0.7838597, 2.983913;0.7414889, -0.8362532, 2.74615;
0.4244141, 0.5476552, 2.869909;0.5012412, 0.3507527, 2.870039;0.6280513, 0.07528509, 2.989377;0.377898, 0.2688297, 2.978665;0.5783365, 0.289196, 2.759753;0.3048593, -0.3439344, 2.915831;0.6116968, -0.2960793, 2.579292;0.6120952, 0.001809394, 2.975273;0.5932775, -0.05259451, 3.024571;0.6652924, -0.05509439, 2.953816;0.5121464, -0.4372868, 2.99205;0.6759736, -0.4467311, 2.741692;0.5571787, -0.7454541, 3.026295;0.7490562, -0.7680807, 2.769451;0.5143367, -0.7928956, 2.984174;0.7409909, -0.8361075, 2.74567;
0.3990732, 0.5410808, 2.848933;0.4786735, 0.3663406, 2.85382;0.6278928, 0.07372184, 2.989214;0.372919, 0.2423695, 2.978397;0.575501, 0.2627527, 2.75097;0.2996455, -0.3761933, 2.91782;0.6122895, -0.3242695, 2.582659;0.615916, -0.01233463, 2.980451;0.5997204, -0.06998557, 3.03301;0.6709422, -0.0677027, 2.960139;0.5085657, -0.4507545, 2.992075;0.6797237, -0.4492062, 2.74162;0.5570105, -0.7575238, 3.027351;0.7491264, -0.7684212, 2.769377;0.5148796, -0.8068343, 2.986791;0.7399507, -0.8371401, 2.746169;
0.3893763, 0.5117823, 2.838612;0.4705625, 0.3513127, 2.844326;0.6288279, 0.05380227, 2.987623;0.3699666, 0.2176315, 2.973824;0.5753164, 0.2439672, 2.74667;0.2964283, -0.3948376, 2.916692;0.6084087, -0.3229937, 2.581612;0.6209223, -0.03427662, 2.980748;0.6053942, -0.09374894, 3.031101;0.67698, -0.08094709, 2.963657;0.5036215, -0.4707595, 2.990666;0.680825, -0.4502447, 2.735812;0.5558885, -0.7756521, 3.028612;0.7490097, -0.7687557, 2.769066;0.5151948, -0.8259679, 2.987924;0.7388708, -0.8366203, 2.742736;
0.3861094, 0.5024822, 2.834085;0.4597843, 0.3261268, 2.829627;0.6479351, 0.0282753, 2.972821;0.3680174, 0.1915088, 2.967784;0.5699341, 0.2140505, 2.740778;0.2953759, -0.3991549, 2.9187;0.5996826, -0.3805923, 2.571829;0.6494098, -0.0638698, 2.966628;0.6409873, -0.1246712, 3.013263;0.7069894, -0.1018703, 2.951475;0.4947613, -0.4865646, 2.991178;0.6804963, -0.4574206, 2.724456;0.5475088, -0.790768, 3.028668;0.7489645, -0.7694388, 2.769284;0.5078322, -0.8431033, 2.989694;0.7395915, -0.837195, 2.744793;
0.3764814, 0.4645903, 2.823383;0.4568754, 0.2822849, 2.826173;0.6472992, 0.01733991, 2.972032;0.3614646, 0.1567677, 2.9653;0.5654397, 0.1921362, 2.737934;0.2914767, -0.4356115, 2.918376;0.6037145, -0.4331652, 2.574407;0.6499798, -0.07128205, 2.966388;0.6419277, -0.1324317, 3.014554;0.7090552, -0.1101974, 2.950968;0.4910299, -0.4913265, 2.991981;0.6821008, -0.4628845, 2.720328;0.5560528, -0.7917292, 3.032278;0.749212, -0.7699595, 2.7684;0.5449502, -0.8486049, 3.003196;0.7394562, -0.837038, 2.744354;
0.3723308, 0.4397966, 2.818305;0.4509636, 0.2626079, 2.823029;0.6482066, 0.000144016, 2.96823;0.3648234, 0.1250941, 2.964051;0.5641805, 0.1693352, 2.73653;0.3008666, -0.4681124, 2.926573;0.6040154, -0.4338919, 2.574463;0.6523231, -0.08621264, 2.963106;0.6458982, -0.1473553, 3.013659;0.7133982, -0.1235553, 2.946681;0.4845668, -0.5008161, 2.991408;0.6770354, -0.4907681, 2.702514;0.5549836, -0.7989765, 3.032378;0.7519638, -0.7801405, 2.770957;0.5437663, -0.8455636, 2.988812;0.7383603, -0.8370376, 2.743174;
0.3622584, 0.39428, 2.812599;0.446939, 0.2336958, 2.814985;0.6494996, -0.02030906, 2.965248;0.3636741, 0.1030868, 2.966321;0.5602169, 0.1388937, 2.729351;0.2962098, -0.4945328, 2.920594;0.6046191, -0.4550726, 2.573462;0.6538684, -0.1072307, 2.963212;0.6488473, -0.1666322, 3.015841;0.7159034, -0.143982, 2.947311;0.4786831, -0.514954, 2.990152;0.6750101, -0.4901384, 2.699163;0.5564992, -0.8093568, 3.035183;0.7511076, -0.7777393, 2.76909;0.5300481, -0.7945518, 2.978072;0.7379261, -0.8362551, 2.742328;
0.3624334, 0.3935992, 2.812415;0.4457168, 0.2231986, 2.812007;0.6512034, -0.03524422, 2.965017;0.3622693, 0.08019622, 2.966155;0.5595762, 0.1222519, 2.727941;0.2758936, -0.5403813, 2.905671;0.6037507, -0.4537068, 2.572753;0.6568873, -0.1229844, 2.963321;0.653291, -0.1840793, 3.016519;0.7187419, -0.1575431, 2.947995;0.4698601, -0.5245234, 2.988534;0.6749674, -0.4923034, 2.69943;0.5565133, -0.8147962, 3.036334;0.7517119, -0.7789466, 2.768829;0.5374113, -0.7739387, 2.990162;0.7378069, -0.835959, 2.741953;
0.3627331, 0.3874219, 2.810892;0.4403899, 0.1953951, 2.804758;0.6506718, -0.04602429, 2.966334;0.3604242, 0.06312757, 2.96097;0.5621104, 0.1000705, 2.732054;0.3350538, -0.568977, 2.933526;0.6031858, -0.4530176, 2.572406;0.6589239, -0.1335359, 2.965881;0.6554934, -0.1953525, 3.022641;0.7239134, -0.1691686, 2.950475;0.4677061, -0.5322015, 2.986799;0.6727577, -0.4928951, 2.697834;0.5598596, -0.8191564, 3.037388;0.7508247, -0.7781807, 2.767578;0.537694, -0.7719727, 2.999097;0.7373608, -0.8360282, 2.741961;
0.3524661, 0.3284024, 2.798811;0.4453492, 0.1628101, 2.805041;0.6509414, -0.06505518, 2.961915;0.3577529, 0.03418315, 2.961201;0.5597661, 0.07467183, 2.727406;0.3149211, -0.5536151, 2.92058;0.6080362, -0.5675899, 2.575447;0.6591213, -0.1495672, 2.961697;0.656875, -0.2097888, 3.021011;0.7251496, -0.1869052, 2.944381;0.4649645, -0.5434704, 2.985564;0.697358, -0.5129343, 2.72577;0.5541691, -0.8299992, 3.03733;0.7562442, -0.8079837, 2.774537;0.5491095, -0.7719653, 3.008888;0.7288948, -0.846451, 2.730098;
0.3446859, 0.3096192, 2.801168;0.4412286, 0.1462532, 2.802269;0.6493611, -0.08792559, 2.957335;0.3606848, -0.007301008, 2.961343;0.5598789, 0.05889351, 2.72453;0.2742317, -0.5966721, 2.913491;0.6081517, -0.5681989, 2.576092;0.6594657, -0.1727196, 2.954515;0.6588497, -0.2410196, 3.018539;0.729149, -0.2090651, 2.933378;0.4823114, -0.5248725, 2.98578;0.6942688, -0.5331546, 2.715074;0.5542045, -0.7486064, 3.024466;0.7554471, -0.8264026, 2.765429;0.5512439, -0.8135101, 3.0235;0.7152423, -0.8434538, 2.717315;
0.3298329, 0.2458295, 2.797824;0.4423095, 0.1070684, 2.802786;0.6529074, -0.1082963, 2.954995;0.3612415, -0.01215288, 2.958543;0.5585588, 0.02992535, 2.722857;0.2993364, -0.5868242, 2.921011;0.6262656, -0.5798863, 2.581339;0.6624079, -0.1917139, 2.95454;0.6632522, -0.2561715, 3.019103;0.7316293, -0.2254121, 2.933807;0.4802197, -0.5275407, 2.983932;0.6715704, -0.5360427, 2.702387;0.5553468, -0.7542984, 3.023602;0.7502308, -0.8241709, 2.753048;0.5496665, -0.8191623, 3.022973;0.7031496, -0.8558, 2.721065;
0.329405, 0.2416769, 2.796108;0.4400896, 0.09463142, 2.801417;0.6541755, -0.1200465, 2.954955;0.3589885, -0.01635704, 2.957159;0.5583848, 0.01183852, 2.722417;0.3185709, -0.602694, 2.922682;0.6294607, -0.5975734, 2.580457;0.6638044, -0.2035417, 2.956072;0.6649067, -0.2645904, 3.019746;0.7329772, -0.2365556, 2.936613;0.4725049, -0.5259672, 2.979552;0.6668518, -0.5382143, 2.695852;0.5546027, -0.7556264, 3.02302;0.7466995, -0.8248608, 2.748133;0.5443242, -0.8199065, 3.01858;0.6985744, -0.8644273, 2.728748;
0.3252442, 0.2042218, 2.787274;0.43962, 0.07934069, 2.800082;0.6545236, -0.1306931, 2.953377;0.360165, -0.0184715, 2.95488;0.5590356, -0.00916215, 2.720919;0.3167883, -0.6534448, 2.918966;0.630574, -0.6023891, 2.581977;0.6631725, -0.2139232, 2.956574;0.6648715, -0.2710439, 3.020482;0.7312636, -0.2491166, 2.937056;0.4692772, -0.5247284, 2.97781;0.6631734, -0.5433233, 2.68839;0.5537241, -0.756974, 3.02229;0.7417675, -0.8299136, 2.74003;0.54447, -0.8215917, 3.01872;0.6912583, -0.865952, 2.760619;
0.325294, 0.1962022, 2.785309;0.4391838, 0.05773366, 2.797218;0.6550614, -0.1383156, 2.951926;0.3604321, -0.02290144, 2.953015;0.5571551, -0.02787734, 2.716824;0.3150443, -0.6196635, 2.925018;0.6311715, -0.6081525, 2.584099;0.6634245, -0.2210063, 2.957837;0.6659411, -0.2765871, 3.023614;0.731867, -0.257302, 2.938002;0.4161894, -0.5620627, 2.965557;0.6671327, -0.5121644, 2.711398;0.5406922, -0.8278956, 3.028072;0.7396309, -0.7902941, 2.747684;0.5052646, -0.8898354, 2.99898;0.7337902, -0.8551384, 2.740522;
0.3244886, 0.1826462, 2.783636;0.4380613, 0.04104992, 2.794588;0.6541034, -0.1534711, 2.950248;0.3604232, -0.03640233, 2.951799;0.560353, -0.0427729, 2.719723;0.296792, -0.6719961, 2.926892;0.5958424, -0.5867579, 2.651136;0.6630917, -0.2352739, 2.956355;0.6665497, -0.2914266, 3.025835;0.7335529, -0.2732231, 2.934984;0.506477, -0.6177464, 2.99892;0.6615901, -0.512377, 2.709232;0.5501657, -0.7581822, 3.018946;0.7329497, -0.8029435, 2.719746;0.5408498, -0.8227634, 3.011976;0.6961167, -0.8071002, 2.665596;
0.3240718, 0.1749353, 2.784226;0.4382976, 0.02929128, 2.792389;0.6576608, -0.1754808, 2.95747;0.3573537, -0.1123355, 2.948767;0.5615836, -0.05354721, 2.718893;0.3218864, -0.656656, 2.932786;0.5947522, -0.5924542, 2.651777;0.6741379, -0.258972, 2.958455;0.6754406, -0.3191002, 3.017188;0.7386465, -0.2796981, 2.94015;0.5020897, -0.6165445, 2.991402;0.6515891, -0.5072183, 2.705087;0.5497359, -0.7581002, 3.018754;0.6656954, -0.7119155, 2.607103;0.5412852, -0.8227767, 3.01203;0.6894538, -0.7877004, 2.646632;
0.3236273, 0.1641401, 2.783334;0.438103, 0.01715375, 2.790987;0.6581406, -0.1813138, 2.957695;0.3843762, -0.1651852, 2.9399;0.5638548, -0.06738006, 2.718791;0.3154586, -0.6835158, 2.933883;0.6385036, -0.6125069, 2.610292;0.677803, -0.2634575, 2.956267;0.6803395, -0.327222, 3.016686;0.7454381, -0.282905, 2.937131;0.3826468, -0.5568421, 2.942042;0.5864792, -0.4900979, 2.646081;0.4973615, -0.823423, 3.011354;0.6432041, -0.7820777, 2.547772;0.4722632, -0.8845476, 2.971661;0.6181058, -0.8432022, 2.508079;
0.3234348, 0.1463363, 2.779697;0.4386775, 0.009697822, 2.790641;0.6573211, -0.1928436, 2.955601;0.3843617, -0.1653024, 2.939175;0.5640814, -0.07434165, 2.717796;0.3142492, -0.6880476, 2.935739;0.659398, -0.6442658, 2.577924;0.6753104, -0.2749635, 2.954138;0.6756572, -0.3449937, 3.018083;0.7458048, -0.2950082, 2.93431;0.4950983, -0.6134371, 2.980859;0.5876459, -0.4930854, 2.637126;0.552937, -0.7873008, 3.020865;0.6410655, -0.7862077, 2.543153;0.5603605, -0.8512473, 3.008124;0.6146711, -0.8471873, 2.503841;
0.3250659, 0.1396008, 2.774915;0.4388441, -0.0003547524, 2.790667;0.6544544, -0.1971813, 2.9543;0.3663282, -0.1605252, 2.942008;0.5652441, -0.078811, 2.716707;0.3163583, -0.7170483, 2.94086;0.659525, -0.6905244, 2.581118;0.6720126, -0.2787653, 2.952746;0.6714759, -0.3497044, 3.017133;0.7449727, -0.2984883, 2.934062;0.4947145, -0.615054, 2.980119;0.5872306, -0.491389, 2.633133;0.5525445, -0.79202, 3.02006;0.6411858, -0.7859421, 2.548379;0.5674047, -0.8548425, 3.007581;0.6148624, -0.8472164, 2.509184;
0.324897, 0.1342885, 2.770742;0.4384337, -0.005481051, 2.789245;0.6537591, -0.1994672, 2.953204;0.3661329, -0.1621798, 2.942065;0.5651217, -0.08099284, 2.716472;0.3158847, -0.7139744, 2.940796;0.6619238, -0.7154357, 2.57715;0.6714723, -0.2806674, 2.951909;0.6712021, -0.3513518, 3.01653;0.7449048, -0.2997802, 2.933715;0.4325154, -0.5824116, 2.979584;0.5855455, -0.4905833, 2.633144;0.5528495, -0.7923845, 3.020526;0.6404046, -0.7845063, 2.54783;0.4754766, -0.80349, 3.00892;0.6142986, -0.8459684, 2.508877;
0.3267748, 0.1317311, 2.770185;0.4386199, -0.01113064, 2.788733;0.6543319, -0.2040907, 2.952346;0.366477, -0.1636938, 2.939858;0.5643723, -0.08453181, 2.71543;0.3140088, -0.7230954, 2.940895;0.649928, -0.6755921, 2.593715;0.6720024, -0.2849501, 2.951179;0.6715903, -0.3541957, 3.015166;0.7452116, -0.3027535, 2.933634;0.4445852, -0.5534827, 2.965717;0.6013404, -0.5195258, 2.643568;0.4888763, -0.7450958, 3.005842;0.653811, -0.8122016, 2.553051;0.4055699, -0.7182536, 2.990187;0.6276503, -0.873786, 2.514313;
0.3261503, 0.1285879, 2.768697;0.4382716, -0.01201898, 2.787873;0.6542923, -0.2032582, 2.951995;0.3666038, -0.1645426, 2.93935;0.5643976, -0.08620501, 2.715708;0.3189346, -0.7075115, 2.9397;0.6531061, -0.6746728, 2.587375;0.6722913, -0.2836488, 2.950986;0.6730585, -0.3515951, 3.017508;0.7463329, -0.3018245, 2.932774;0.4287886, -0.5814106, 2.97972;0.6073192, -0.527276, 2.647978;0.556443, -0.7909288, 3.019657;0.6569203, -0.8193341, 2.554355;0.5253631, -0.7129478, 3.005331;0.6309768, -0.8811102, 2.515763;
0.3259312, 0.1239727, 2.766707;0.4383351, -0.01459828, 2.786873;0.6533692, -0.2062752, 2.949776;0.3636843, -0.1642026, 2.94018;0.564086, -0.08797115, 2.715512;0.3210868, -0.7207008, 2.943128;0.6652262, -0.7111552, 2.591715;0.6707106, -0.2867092, 2.948436;0.670893, -0.3558147, 3.014515;0.7454529, -0.3058354, 2.930183;0.4236042, -0.619356, 2.973039;0.5870374, -0.4973472, 2.631136;0.5567123, -0.7908803, 3.019573;0.6289022, -0.787756, 2.528049;0.4731719, -0.7649338, 3.002749;0.6025652, -0.8495116, 2.489413;
0.3243658, 0.1208126, 2.766654;0.4382163, -0.01737988, 2.786391;0.6532074, -0.2064878, 2.949235;0.3636642, -0.1650597, 2.940078;0.5641538, -0.0895933, 2.714367;0.3228678, -0.7234865, 2.942062;0.6648865, -0.7124623, 2.59085;0.6706011, -0.2869237, 2.948153;0.6708862, -0.3561558, 3.014556;0.7456428, -0.3062316, 2.929684;0.4238001, -0.6193388, 2.97333;0.5834295, -0.4962285, 2.632529;0.5543849, -0.7774909, 3.018561;0.6324793, -0.7886247, 2.544785;0.4690211, -0.7576302, 3.001802;0.6693762, -0.8348516, 2.611598;
0.3245302, 0.1197221, 2.766867;0.4377874, -0.01951116, 2.786301;0.6531167, -0.208278, 2.949407;0.3709589, -0.1684877, 2.933608;0.5644631, -0.09015249, 2.713966;0.3223244, -0.7232634, 2.942665;0.660715, -0.71325, 2.589699;0.6710027, -0.288552, 2.948038;0.6712376, -0.3573631, 3.013882;0.7457055, -0.3068404, 2.929739;0.4236568, -0.6198486, 2.973477;0.5780107, -0.4928017, 2.633847;0.5535564, -0.7758881, 3.018325;0.6301255, -0.7840083, 2.545274;0.4904088, -0.7712983, 2.999382;0.6675255, -0.8319625, 2.610819;
0.3256984, 0.1192217, 2.767942;0.4377339, -0.01989009, 2.785674;0.654226, -0.2103415, 2.949001;0.3732248, -0.1699433, 2.931872;0.5644796, -0.09075157, 2.713607;0.3262179, -0.720885, 2.944573;0.6556804, -0.7048496, 2.586644;0.6725267, -0.2910287, 2.947641;0.6723383, -0.3589437, 3.012493;0.7463195, -0.3081655, 2.929782;0.4137213, -0.6316645, 2.973167;0.5773304, -0.491736, 2.633858;0.61526, -0.8327543, 3.045994;0.6302355, -0.7820166, 2.544318;0.5479739, -0.7864043, 3.00943;0.6677747, -0.8300251, 2.609883;
0.3255357, 0.1180975, 2.768657;0.4378408, -0.02094531, 2.785664;0.6540827, -0.2103553, 2.948404;0.3623707, -0.1689903, 2.94084;0.564379, -0.0919345, 2.713138;0.3260017, -0.7202885, 2.943748;0.6554357, -0.7040268, 2.588379;0.671844, -0.2909993, 2.947274;0.6718181, -0.3591471, 3.012477;0.7462059, -0.3084367, 2.929511;0.4828843, -0.6066509, 2.985333;0.5724715, -0.4898686, 2.635916;0.5475329, -0.7547736, 3.009615;0.7521259, -0.7959697, 2.751374;0.5211949, -0.8170958, 2.97097;0.7257879, -0.8582919, 2.712728;
0.3278983, 0.1196221, 2.769392;0.4375528, -0.02118549, 2.785371;0.6536688, -0.2103681, 2.947858;0.360359, -0.1668659, 2.940416;0.564425, -0.09205798, 2.712974;0.3269341, -0.7208503, 2.942694;0.655871, -0.7032652, 2.588635;0.6713033, -0.290928, 2.94673;0.6713938, -0.3591099, 3.012003;0.7460291, -0.3086278, 2.929185;0.4897696, -0.5922098, 2.978392;0.5706025, -0.4874868, 2.635041;0.54786, -0.7567894, 3.009414;0.7525449, -0.795068, 2.750432;0.521403, -0.8192261, 2.970782;0.7345128, -0.8535231, 2.724773;
0.3272709, 0.1185088, 2.771865;0.4376659, -0.02131653, 2.785064;0.6534988, -0.2113878, 2.947535;0.3697962, -0.1686995, 2.932266;0.5640761, -0.09305467, 2.712161;0.3230328, -0.7247785, 2.942222;0.6561223, -0.7028447, 2.588297;0.6710704, -0.2920063, 2.946236;0.6711653, -0.359665, 3.011529;0.7451454, -0.3105788, 2.928308;0.4827662, -0.6196462, 2.990568;0.5741036, -0.4880588, 2.631324;0.5477518, -0.7589424, 3.009632;0.7590756, -0.797882, 2.743357;0.4881798, -0.77918, 2.988295;0.7313917, -0.8553879, 2.724908;
0.3333849, 0.1234227, 2.77343;0.4377632, -0.02103928, 2.784877;0.6533154, -0.2115608, 2.947479;0.3683766, -0.1697103, 2.933236;0.564625, -0.09325775, 2.712544;0.3237563, -0.7241979, 2.942038;0.6595653, -0.6912667, 2.587572;0.6708981, -0.2921795, 2.946003;0.6706365, -0.3606, 3.010995;0.7451383, -0.3107157, 2.928208;0.4824558, -0.6222255, 2.990676;0.5756325, -0.4874633, 2.630591;0.5479733, -0.7450585, 3.004107;0.7368687, -0.7944797, 2.728063;0.492564, -0.7793174, 2.990571;0.7368137, -0.8610011, 2.729481;
0.3364734, 0.1288797, 2.776983;0.4380692, -0.02063637, 2.784841;0.6531028, -0.2113259, 2.947179;0.3677586, -0.169851, 2.93429;0.5646316, -0.09324018, 2.712296;0.3168242, -0.7107713, 2.941462;0.6589207, -0.6874329, 2.587703;0.670375, -0.2918296, 2.945629;0.6702718, -0.3605932, 3.01099;0.7449971, -0.3107124, 2.927818;0.4824429, -0.6229556, 2.991349;0.5825959, -0.4849824, 2.625305;0.5490495, -0.7512307, 3.007681;0.7377384, -0.7930371, 2.73185;0.4913518, -0.7795903, 2.990147;0.7111629, -0.8555449, 2.692699;
0.337349, 0.1314111, 2.777431;0.4385892, -0.01608596, 2.784266;0.654534, -0.2067778, 2.946128;0.3618619, -0.1652762, 2.941852;0.5646499, -0.09318752, 2.7122;0.3171806, -0.7094954, 2.944694;0.6580453, -0.6860186, 2.587026;0.6713758, -0.2873638, 2.94525;0.6718613, -0.3548805, 3.011672;0.74618, -0.3080633, 2.927047;0.4504919, -0.5535741, 2.968044;0.5912553, -0.4850043, 2.622868;0.5491375, -0.7515813, 3.00795;0.7391551, -0.7899389, 2.735141;0.52183, -0.8143724, 2.969523;0.7118477, -0.85273, 2.696714;
0.3377816, 0.1338228, 2.77823;0.44012, -0.008363562, 2.785506;0.6545569, -0.2064125, 2.946348;0.3602404, -0.1644254, 2.944309;0.5661542, -0.09108754, 2.712063;0.3226537, -0.7063078, 2.945702;0.6595883, -0.6824787, 2.586808;0.6708212, -0.2868241, 2.945019;0.6708887, -0.3551084, 3.011382;0.7461404, -0.3080192, 2.926946;0.4645241, -0.6146202, 2.979604;0.6027851, -0.482305, 2.615939;0.5496143, -0.7914262, 3.016115;0.7570549, -0.8107377, 2.771651;0.5518106, -0.7257721, 3.003693;0.7417448, -0.8575845, 2.726479;
0.3413778, 0.1560931, 2.782017;0.4427275, 0.007536011, 2.783992;0.6496569, -0.1893726, 2.944148;0.3584745, -0.1615136, 2.948015;0.5666196, -0.08351152, 2.712067;0.3241471, -0.6465448, 2.940596;0.6681848, -0.6724045, 2.586619;0.6640141, -0.2695167, 2.942127;0.6659858, -0.3442611, 3.016469;0.7447135, -0.301953, 2.922505;0.4794284, -0.6175252, 2.984973;0.6190165, -0.483721, 2.608654;0.4950345, -0.734971, 3.003124;0.7555715, -0.8093561, 2.769303;0.5469472, -0.7834755, 3.014386;0.7410113, -0.8588485, 2.726609;
0.3402261, 0.1596206, 2.786436;0.4468098, 0.02355946, 2.782102;0.6554991, -0.1772429, 2.940963;0.3680304, -0.1039435, 2.944327;0.5672174, -0.0722647, 2.710811;0.3622329, -0.642373, 2.958396;0.6718723, -0.6712812, 2.586162;0.6655411, -0.2589048, 2.943224;0.667136, -0.322473, 3.018632;0.743854, -0.2925494, 2.922153;0.4698932, -0.6255645, 2.989532;0.6378441, -0.5282913, 2.640507;0.4988572, -0.7337753, 3.004848;0.7490286, -0.7966332, 2.755601;0.5455686, -0.7840229, 3.013519;0.7425444, -0.8596247, 2.733542;
0.3410909, 0.1688618, 2.790527;0.4509166, 0.03933982, 2.785726;0.6554706, -0.1758821, 2.94417;0.3691178, -0.1007898, 2.944347;0.5622621, -0.05742118, 2.708884;0.3628926, -0.6434633, 2.958655;0.6720064, -0.6422639, 2.588382;0.6645436, -0.2573795, 2.945224;0.663923, -0.3215697, 3.019408;0.7407992, -0.2895395, 2.924671;0.4811077, -0.6218778, 2.986681;0.6183322, -0.4793353, 2.615638;0.507935, -0.7334318, 3.005551;0.7474418, -0.7935144, 2.755406;0.5474309, -0.7869869, 3.01438;0.7402958, -0.8580753, 2.73847;
0.3619736, 0.2297146, 2.799299;0.4531244, 0.05701776, 2.790637;0.657599, -0.153387, 2.954657;0.3701048, -0.07202089, 2.953512;0.5655306, -0.04184201, 2.709535;0.3971654, -0.598182, 2.929586;0.6726613, -0.6289766, 2.587339;0.6651089, -0.2366423, 2.958652;0.6640475, -0.2963683, 3.032593;0.7381368, -0.2749414, 2.936437;0.4155182, -0.5669518, 2.965147;0.6461815, -0.5062342, 2.647346;0.5195313, -0.8325443, 3.023737;0.7472671, -0.7911966, 2.75559;0.4843982, -0.8947189, 2.989763;0.7372124, -0.855354, 2.738229;
0.3619002, 0.2301845, 2.799017;0.461027, 0.08538271, 2.791204;0.6594529, -0.1498167, 2.954803;0.3724643, -0.01419388, 2.945595;0.5673606, -0.02035059, 2.713444;0.3975128, -0.572956, 2.934089;0.6749231, -0.600137, 2.587865;0.6629511, -0.2329819, 2.960122;0.6588621, -0.2929789, 3.032674;0.7345401, -0.2706351, 2.939289;0.4891092, -0.6239855, 3.011142;0.6262572, -0.4735758, 2.634824;0.5403943, -0.7483576, 3.018497;0.7457362, -0.7860711, 2.757494;0.5447252, -0.8151377, 3.011487;0.7371871, -0.8498929, 2.737971;
0.3788584, 0.2733101, 2.807567;0.4616011, 0.09760965, 2.794674;0.6599462, -0.1294602, 2.962443;0.3716216, -0.01557272, 2.94784;0.5700547, 0.003784689, 2.718743;0.3924063, -0.5582364, 2.947396;0.679218, -0.5766355, 2.58945;0.6655452, -0.2144683, 2.965713;0.6610167, -0.2766884, 3.035697;0.7359324, -0.2522992, 2.946185;0.4677219, -0.5352681, 2.990634;0.6613491, -0.5011388, 2.668734;0.5407104, -0.7489347, 3.019072;0.7461026, -0.7850407, 2.757627;0.5044664, -0.8098517, 2.983662;0.7358876, -0.8479722, 2.735915;
0.3800437, 0.2858314, 2.810161;0.4636136, 0.1215196, 2.799964;0.6589761, -0.1200681, 2.966554;0.373257, -0.01456356, 2.948788;0.5689066, 0.03064775, 2.717015;0.369561, -0.5725025, 2.940348;0.6804447, -0.5475147, 2.591011;0.6647836, -0.2052849, 2.967418;0.659686, -0.2669561, 3.035774;0.7334056, -0.2426378, 2.948071;0.4440788, -0.5654371, 2.98792;0.6635557, -0.5005659, 2.678922;0.5402669, -0.8365796, 3.031469;0.7469398, -0.7817581, 2.758405;0.5493097, -0.7730655, 3.010716;0.7349373, -0.8449184, 2.738077;
0.3822362, 0.3085563, 2.816255;0.4687395, 0.1470218, 2.802936;0.6587541, -0.1008726, 2.974864;0.3781276, 0.01579268, 2.956329;0.5728033, 0.0489923, 2.719768;0.3383946, -0.5547683, 2.941265;0.6827877, -0.5248857, 2.592895;0.6615514, -0.1870525, 2.978111;0.6533465, -0.2456331, 3.043861;0.7272748, -0.22467, 2.962179;0.4524839, -0.5528662, 2.989647;0.6751313, -0.4971355, 2.698291;0.5496299, -0.8232279, 3.032343;0.7481962, -0.7804505, 2.759463;0.5438568, -0.7651662, 2.998389;0.7353004, -0.843267, 2.738364;
0.3886238, 0.3512745, 2.823558;0.4689555, 0.1769459, 2.807119;0.6449844, -0.08471081, 2.986352;0.3795388, 0.04925562, 2.956762;0.5745388, 0.06830858, 2.722864;0.3574758, -0.5349479, 2.945383;0.6829883, -0.4943315, 2.595987;0.6418483, -0.1710798, 2.992161;0.6254864, -0.2222219, 3.057819;0.7032257, -0.2148039, 2.978173;0.4471931, -0.5401056, 2.988677;0.6762939, -0.4997205, 2.70345;0.5292746, -0.8175892, 3.019568;0.7488106, -0.779533, 2.760147;0.4894844, -0.8757867, 2.982774;0.7345699, -0.843075, 2.742016;
0.3955236, 0.3749719, 2.827543;0.4748756, 0.2010581, 2.812868;0.6458328, -0.07067715, 2.98933;0.3844681, 0.06135273, 2.958407;0.5785373, 0.08834036, 2.726787;0.3650132, -0.5009091, 2.941711;0.6914197, -0.4848444, 2.587464;0.6422665, -0.1586224, 2.992996;0.6266525, -0.2138396, 3.057615;0.7037104, -0.2047497, 2.977879;0.4533514, -0.5340768, 2.989732;0.6778369, -0.5001529, 2.707319;0.5328829, -0.8117034, 3.020848;0.7489761, -0.7774367, 2.760572;0.4928046, -0.8688164, 2.982489;0.735453, -0.8412936, 2.74269;
0.4017741, 0.4121535, 2.83462;0.4789965, 0.2312509, 2.820356;0.646561, -0.0341869, 2.988636;0.3867827, 0.1136269, 2.962912;0.5848461, 0.1296688, 2.734191;0.3687879, -0.4577815, 2.958889;0.689285, -0.4409322, 2.599128;0.6418532, -0.120412, 2.99014;0.6282278, -0.1806261, 3.056417;0.7048156, -0.1751674, 2.972569;0.4735542, -0.510307, 2.992824;0.6824205, -0.4864469, 2.717694;0.5416276, -0.7907382, 3.022637;0.749773, -0.7761734, 2.76069;0.5797082, -0.8391094, 2.994327;0.7362835, -0.8402179, 2.743149;
0.4117329, 0.4352598, 2.841406;0.4842869, 0.2663524, 2.829499;0.6490156, -0.02496228, 2.991688;0.3873941, 0.1291873, 2.971831;0.5885277, 0.144238, 2.737516;0.3650299, -0.4337983, 2.955056;0.6900569, -0.4335177, 2.601854;0.6425678, -0.1123356, 2.991832;0.6288165, -0.1700523, 3.056661;0.7046688, -0.1656864, 2.973989;0.4832151, -0.503131, 2.992845;0.6844322, -0.4778822, 2.724146;0.5387964, -0.7861792, 3.021059;0.7503308, -0.7749319, 2.760756;0.577599, -0.8407549, 3.010068;0.7366396, -0.8392034, 2.743824;
0.4148533, 0.45981, 2.848216;0.4943517, 0.301589, 2.845735;0.6608188, 0.00163267, 2.998397;0.3913096, 0.1779776, 2.976672;0.5953649, 0.177264, 2.743279;0.3659696, -0.4042858, 2.961338;0.6914033, -0.3828758, 2.611332;0.6527245, -0.08807119, 2.996657;0.6384518, -0.1451838, 3.057141;0.7133511, -0.1407861, 2.97727;0.4959029, -0.4794495, 2.996931;0.6905719, -0.4594496, 2.737086;0.5490677, -0.7456374, 3.022923;0.7507949, -0.7741385, 2.760786;0.5048355, -0.7994791, 2.983744;0.7373879, -0.8385669, 2.743865;
0.4350063, 0.4794142, 2.870482;0.5170271, 0.2831347, 2.872553;0.6616717, 0.005101107, 3.003384;0.3983852, 0.209361, 2.981505;0.5964706, 0.2127196, 2.755036;0.3687751, -0.3678733, 2.975238;0.6913849, -0.3531778, 2.623227;0.6510682, -0.07780425, 3.000079;0.6356564, -0.130447, 3.058036;0.7092224, -0.1310348, 2.980537;0.5030262, -0.4683127, 2.999404;0.6941444, -0.4525939, 2.744191;0.5505927, -0.7438909, 3.023003;0.7511468, -0.7737538, 2.761014;0.5054934, -0.7961506, 2.9825;0.7381138, -0.8381841, 2.743496;
0.4301286, 0.5196883, 2.877308;0.510341, 0.3757134, 2.863735;0.6520706, 0.06321511, 3.006782;0.4064844, 0.2275292, 2.984024;0.5987825, 0.2340264, 2.759337;0.3765335, -0.3369983, 2.974438;0.6937601, -0.3232388, 2.629838;0.6378961, -0.02437271, 3.001586;0.6193188, -0.08597349, 3.062871;0.6939281, -0.08008423, 2.976289;0.5154229, -0.4401233, 3.002594;0.6973273, -0.436197, 2.749395;0.5509096, -0.7418721, 3.02373;0.7525493, -0.7680291, 2.76111;0.5047334, -0.7925829, 2.982786;0.739072, -0.8363163, 2.74384;
0.4470941, 0.5671988, 2.895161;0.5220435, 0.4054895, 2.870321;0.6558903, 0.07177156, 3.005213;0.4112505, 0.2636355, 2.994377;0.6035819, 0.2556276, 2.762832;0.377663, -0.3142281, 2.982568;0.6956154, -0.2974058, 2.629944;0.6388518, -0.01596654, 2.99995;0.6184953, -0.07668714, 3.059748;0.6944977, -0.07180896, 2.974061;0.5204843, -0.4306658, 3.003325;0.6995754, -0.4336918, 2.755035;0.5512651, -0.7406615, 3.024408;0.7528196, -0.7677455, 2.761767;0.5024341, -0.7895178, 2.984028;0.738836, -0.8364141, 2.744369;
0.4696666, 0.5948591, 2.909242;0.5361332, 0.3896526, 2.892817;0.6548573, 0.07683944, 3.007138;0.4141856, 0.2873728, 3.002981;0.6080933, 0.2952976, 2.774166;0.3807975, -0.2918503, 2.985933;0.6959897, -0.2704937, 2.635211;0.6353608, -0.00268973, 2.997153;0.6126475, -0.06017148, 3.055101;0.6904737, -0.06381141, 2.969471;0.5235881, -0.425923, 3.003924;0.7014947, -0.4261939, 2.761165;0.5545957, -0.7445615, 3.024842;0.7532945, -0.7656456, 2.762594;0.5218426, -0.8233132, 3.007868;0.7394812, -0.8364168, 2.744655;
0.4756981, 0.6114104, 2.91676;0.5423, 0.4057117, 2.899477;0.652706, 0.09950562, 3.009986;0.4203378, 0.3190106, 3.002204;0.6123689, 0.3128467, 2.779938;0.3793053, -0.253545, 2.990855;0.7007756, -0.247054, 2.638257;0.6302415, 0.01946371, 2.997592;0.6048335, -0.03902378, 3.051407;0.6819033, -0.03652314, 2.970141;0.5278438, -0.4206459, 3.004537;0.7052079, -0.4160653, 2.768599;0.5555539, -0.739692, 3.02301;0.7541744, -0.7654073, 2.764306;0.5061971, -0.7858302, 2.980236;0.74045, -0.8360755, 2.745195;
0.485658, 0.6605126, 2.928767;0.553447, 0.5037034, 2.911903;0.6486135, 0.1458467, 3.006946;0.4259644, 0.3677562, 3.019956;0.6213018, 0.3482368, 2.78843;0.38165, -0.2334984, 2.998159;0.7042511, -0.23482, 2.64041;0.6221508, 0.05597063, 2.991812;0.5891459, -0.00763607, 3.048859;0.6760996, -0.007003642, 2.955304;0.5320023, -0.4125775, 3.005518;0.709963, -0.4085874, 2.771958;0.5561712, -0.739791, 3.02363;0.7542551, -0.7650248, 2.764391;0.5041279, -0.7820722, 2.980167;0.7022118, -0.807306, 2.720928;
0.4887833, 0.6636507, 2.93215;0.5569085, 0.5086104, 2.913917;0.6481518, 0.1520623, 3.006714;0.427912, 0.3688143, 3.02043;0.6261349, 0.3626397, 2.793588;0.3836188, -0.2156748, 2.998191;0.7059276, -0.1979683, 2.648272;0.6210763, 0.06847262, 2.98857;0.5885539, 0.005247608, 3.043742;0.6725104, 0.004021603, 2.951585;0.5329822, -0.4119439, 3.005735;0.7150865, -0.4005099, 2.778539;0.557537, -0.7399054, 3.024302;0.7566371, -0.7607155, 2.764844;0.5064899, -0.7817204, 2.979299;0.70559, -0.8025305, 2.719841;
0.5146494, 0.7083661, 2.967036;0.5699307, 0.5365005, 2.931304;0.6463842, 0.1695365, 3.005988;0.4324782, 0.3759016, 3.025025;0.6326625, 0.3844618, 2.804204;0.3866913, -0.1956905, 3.004111;0.7069645, -0.1850897, 2.652296;0.6171257, 0.08975985, 2.983472;0.5819651, 0.0205552, 3.042405;0.6687047, 0.02037084, 2.93793;0.5361445, -0.4064218, 3.006908;0.7167955, -0.3986515, 2.780679;0.5585181, -0.7395853, 3.025204;0.7574015, -0.7602888, 2.764975;0.5076576, -0.7789795, 2.977923;0.7065411, -0.799683, 2.717694;
0.5189281, 0.7136182, 2.970731;0.5768111, 0.5532022, 2.946864;0.6469808, 0.1811252, 3.003797;0.4509751, 0.416897, 3.037797;0.6423364, 0.406778, 2.813672;0.3894376, -0.1902112, 3.00514;0.7071701, -0.1702574, 2.654653;0.614758, 0.1026581, 2.979721;0.5770852, 0.03733369, 3.033844;0.663843, 0.03737787, 2.930905;0.53846, -0.403061, 3.007067;0.7177543, -0.3958041, 2.782818;0.5595093, -0.7391306, 3.025973;0.7580655, -0.7629501, 2.766342;0.5063547, -0.7769494, 2.980025;0.7049108, -0.8007689, 2.720395;
0.5331442, 0.7352665, 2.987121;0.5869039, 0.567205, 2.954196;0.6458686, 0.1899452, 3.003861;0.4529427, 0.423083, 3.038188;0.651003, 0.4219223, 2.820131;0.4001506, -0.1579266, 3.009826;0.7097991, -0.1482536, 2.657772;0.6128612, 0.1124864, 2.976595;0.5726788, 0.04511818, 3.02959;0.6615343, 0.04845212, 2.926333;0.5408133, -0.3989101, 3.006034;0.7175797, -0.3906735, 2.785892;0.5600054, -0.7391695, 3.026288;0.758348, -0.7621342, 2.767383;0.507956, -0.7756972, 2.978151;0.7062985, -0.7986619, 2.719246;
0.537583, 0.7432944, 2.991745;0.5948075, 0.5783575, 2.959101;0.6457726, 0.2027823, 3.000216;0.4581943, 0.4402167, 3.052694;0.6602983, 0.4370555, 2.827784;0.4013081, -0.1546173, 3.010608;0.7100509, -0.1398297, 2.662756;0.6102709, 0.1275948, 2.970626;0.5676915, 0.05496776, 3.024259;0.6584189, 0.06234166, 2.916913;0.5434544, -0.397653, 3.006164;0.7186958, -0.3876981, 2.789501;0.5624335, -0.7400059, 3.027756;0.7588782, -0.7609979, 2.768058;0.5097553, -0.7754648, 2.979527;0.7061999, -0.7964568, 2.719828;
0.5546871, 0.7598536, 3.001968;0.6061942, 0.5913752, 2.971837;0.644069, 0.2080957, 2.999553;0.4647681, 0.4515806, 3.056174;0.6693282, 0.4476525, 2.832097;0.4018037, -0.1473051, 3.008348;0.7126561, -0.1213183, 2.668053;0.6069345, 0.1351575, 2.967704;0.5606191, 0.06312318, 3.019686;0.6538637, 0.06943819, 2.910832;0.5468023, -0.3956572, 3.006078;0.7193621, -0.385761, 2.792514;0.5642453, -0.7395241, 3.028469;0.7593918, -0.7579055, 2.768889;0.5114837, -0.773545, 2.979305;0.7066301, -0.7919264, 2.719726;
0.5591314, 0.763049, 3.005839;0.6117648, 0.5989933, 2.978682;0.6417516, 0.2154017, 2.997748;0.4706922, 0.4567158, 3.061195;0.6782222, 0.4604572, 2.838489;0.40323, -0.1390465, 3.003192;0.7131015, -0.1073883, 2.672156;0.6029356, 0.1442634, 2.963226;0.5548752, 0.06923638, 3.0157;0.6481497, 0.0781089, 2.900952;0.5505621, -0.3926727, 3.004685;0.7195622, -0.3846703, 2.795073;0.5662834, -0.7401031, 3.030487;0.7604297, -0.7566037, 2.768902;0.5136864, -0.7732199, 2.98054;0.7078328, -0.7897205, 2.718955;
0.5619726, 0.7669781, 3.012467;0.6224785, 0.6078972, 2.983491;0.6409392, 0.2194128, 2.996786;0.4760845, 0.4598745, 3.065161;0.6842449, 0.4666698, 2.843882;0.4039205, -0.1271051, 3.008144;0.712914, -0.105939, 2.673586;0.6007622, 0.1491407, 2.961288;0.5508792, 0.07268701, 3.014002;0.644706, 0.08221795, 2.897013;0.55287, -0.390028, 3.003813;0.7186573, -0.3791327, 2.799364;0.5678843, -0.740048, 3.031262;0.7609242, -0.7556717, 2.768987;0.5152478, -0.7724043, 2.980899;0.7082877, -0.788028, 2.718623;
0.5740643, 0.771013, 3.021155;0.6328043, 0.612532, 2.992131;0.641591, 0.2210949, 2.995469;0.4833405, 0.464502, 3.069854;0.6875158, 0.4686117, 2.846854;0.3995425, -0.1503094, 3.007028;0.7141173, -0.1002065, 2.67433;0.5997995, 0.1523918, 2.959308;0.548639, 0.07591797, 3.010804;0.6418564, 0.08574951, 2.893;0.5542074, -0.389443, 3.003897;0.7175787, -0.375247, 2.802509;0.5687275, -0.7394525, 3.032115;0.7616626, -0.7546798, 2.77001;0.5152407, -0.7710939, 2.982215;0.7081758, -0.7863212, 2.720109;
0.5772383, 0.770802, 3.022621;0.6356664, 0.6131922, 2.994571;0.6411045, 0.2220435, 2.99533;0.4885182, 0.4641644, 3.071809;0.6947271, 0.4718212, 2.851304;0.400504, -0.1520655, 3.009792;0.7143002, -0.09992234, 2.674309;0.5987991, 0.1540543, 2.958069;0.5464005, 0.07742617, 3.008724;0.6400317, 0.08746265, 2.890832;0.5562711, -0.3885048, 3.003904;0.7171095, -0.3738882, 2.803245;0.5693946, -0.7399181, 3.032566;0.7617614, -0.7544913, 2.769983;0.5162957, -0.7713013, 2.982139;0.7086626, -0.7858745, 2.719556;
0.5898221, 0.7874374, 3.028902;0.6463231, 0.6208228, 3.004367;0.6410819, 0.221369, 2.995032;0.4958156, 0.4652013, 3.073687;0.6996121, 0.4740504, 2.855725;0.4019064, -0.1527607, 3.008964;0.7122516, -0.1211085, 2.672467;0.5981326, 0.154532, 2.957282;0.5443448, 0.07897047, 3.005597;0.6382974, 0.08863711, 2.889882;0.5569376, -0.3882545, 3.003518;0.7170776, -0.3738727, 2.803388;0.5714281, -0.7392714, 3.033656;0.7617008, -0.7546107, 2.769985;0.5181277, -0.7701072, 2.983152;0.7084004, -0.7854464, 2.719481;
0.5949901, 0.7715412, 3.037773;0.6484993, 0.6180269, 3.007108;0.6407645, 0.2208803, 2.995297;0.4998113, 0.4625021, 3.072286;0.7038192, 0.4743806, 2.858077;0.4071224, -0.1499435, 3.022073;0.7125244, -0.1198162, 2.672461;0.5975627, 0.1543998, 2.956995;0.5427927, 0.0784505, 3.004967;0.6369974, 0.0882378, 2.888838;0.5553538, -0.3895975, 3.001978;0.7161053, -0.3733394, 2.803111;0.5717703, -0.7395059, 3.03394;0.7627826, -0.7559685, 2.771143;0.5188043, -0.7701739, 2.983032;0.7098166, -0.7866365, 2.720235;
0.5961351, 0.7693018, 3.039819;0.6518664, 0.615763, 3.00932;0.640288, 0.2208096, 2.995971;0.5018884, 0.4606019, 3.073561;0.7089232, 0.4736585, 2.8607;0.4056093, -0.1591902, 3.022373;0.7156827, -0.09796696, 2.676219;0.5967268, 0.1550271, 2.957052;0.5406151, 0.07874631, 3.005151;0.6355596, 0.08843712, 2.888263;0.5548364, -0.3894134, 3.001021;0.7140206, -0.373825, 2.80243;0.5719216, -0.7394713, 3.033875;0.7621029, -0.7548916, 2.771447;0.5194031, -0.7699674, 2.982438;0.7095844, -0.7853876, 2.720011;
0.5978498, 0.7684283, 3.041933;0.6596884, 0.6146073, 3.014663;0.6407761, 0.2194169, 2.995587;0.5045198, 0.45783, 3.079842;0.710353, 0.4716917, 2.861532;0.4075906, -0.1603774, 3.022116;0.7164479, -0.09710351, 2.676613;0.5958409, 0.1541431, 2.956984;0.5385786, 0.07796417, 3.00422;0.6340674, 0.08771904, 2.88833;0.5544778, -0.3897101, 3.000807;0.7127573, -0.3732292, 2.801939;0.5720448, -0.7392982, 3.034106;0.762246, -0.7570141, 2.771726;0.5557629, -0.8038483, 3.022271;0.7438558, -0.8359802, 2.746608;
0.6043468, 0.7690051, 3.047554;0.6622012, 0.6144033, 3.015369;0.6407197, 0.2191468, 2.995662;0.5073273, 0.4585146, 3.082967;0.7151304, 0.4720221, 2.863402;0.4088795, -0.1624838, 3.025734;0.7174098, -0.09663547, 2.676868;0.5954922, 0.1541282, 2.956698;0.5372472, 0.07827362, 3.002721;0.6334662, 0.08782963, 2.888226;0.5540023, -0.3906564, 3.000498;0.7116082, -0.3740105, 2.801615;0.5726339, -0.7396189, 3.03444;0.7618706, -0.7587466, 2.771966;0.5560224, -0.8039716, 3.022202;0.7441878, -0.8360569, 2.746717;
0.6092927, 0.769227, 3.049511;0.6635822, 0.6136647, 3.016778;0.6408799, 0.2187954, 2.995697;0.5106396, 0.4599829, 3.086762;0.7180268, 0.4716909, 2.864863;0.4116765, -0.1638415, 3.025822;0.7176914, -0.09645691, 2.677287;0.5950734, 0.1539101, 2.95671;0.5363949, 0.07821932, 3.002332;0.6327978, 0.08773451, 2.888378;0.5538963, -0.3912951, 3.000134;0.7098986, -0.373563, 2.801032;0.5726588, -0.7395584, 3.03454;0.7617301, -0.7587631, 2.771795;0.5563109, -0.8041746, 3.022438;0.7443274, -0.835982, 2.747059;
0.6111521, 0.7683901, 3.054405;0.665988, 0.6145036, 3.020312;0.6413018, 0.2184983, 2.995497;0.5121243, 0.4597452, 3.093458;0.7184877, 0.4708573, 2.866783;0.4123771, -0.1656589, 3.023988;0.7190542, -0.09656936, 2.67867;0.5947521, 0.1539429, 2.956698;0.5358374, 0.07831788, 3.001972;0.6318616, 0.08808403, 2.888254;0.5530505, -0.3906128, 2.999239;0.7080787, -0.3711149, 2.801351;0.5728585, -0.7394031, 3.034415;0.7613903, -0.7578758, 2.771917;0.555805, -0.8035194, 3.021931;0.7072473, -0.7879182, 2.722177;
0.6123253, 0.7686939, 3.054978;0.6661097, 0.6141545, 3.020463;0.6412287, 0.2184263, 2.9956;0.5126927, 0.4601555, 3.094196;0.7195959, 0.4708896, 2.867752;0.4131603, -0.1662831, 3.023078;0.7194404, -0.09679956, 2.679235;0.5944931, 0.1538862, 2.956443;0.5352818, 0.07850866, 3.000909;0.6316227, 0.08820422, 2.888213;0.5528502, -0.3907684, 2.999227;0.7080004, -0.3711745, 2.80133;0.5730444, -0.7396423, 3.034745;0.7608356, -0.757677, 2.771487;0.5557703, -0.803605, 3.021956;0.7068162, -0.7876918, 2.721657;
0.6140541, 0.7703767, 3.057822;0.6677331, 0.6150886, 3.023391;0.6411883, 0.2180884, 2.995805;0.5131542, 0.4604615, 3.093941;0.7197617, 0.4711377, 2.868708;0.4140162, -0.1663701, 3.021286;0.7199574, -0.09699507, 2.6797;0.5942888, 0.1537512, 2.956349;0.5350258, 0.07843649, 3.000723;0.6310757, 0.08807756, 2.887734;0.5530251, -0.391168, 2.999162;0.7079209, -0.3714985, 2.801428;0.5734074, -0.7399129, 3.034976;0.7609127, -0.7579728, 2.771603;0.555882, -0.8041384, 3.022035;0.7069957, -0.7879235, 2.721684;
0.6139978, 0.7702409, 3.058295;0.6681088, 0.6150105, 3.023433;0.6412802, 0.2182446, 2.995945;0.5136655, 0.4606913, 3.094586;0.7200878, 0.471634, 2.869969;0.4145176, -0.1694597, 3.019121;0.720927, -0.1005089, 2.679235;0.5941523, 0.1539567, 2.956273;0.5349131, 0.07855205, 3.000656;0.6306061, 0.08853014, 2.88747;0.5525131, -0.3910427, 2.998663;0.7077497, -0