0.5180183, 0.8112833, 3.013369;0.59706, 0.5975476, 2.997115;0.5461766, 0.2260435, 2.938101;0.4519636, 0.4532768, 3.067932;0.6468891, 0.4592952, 2.846075;0.3773538, -0.1670436, 3.012452;0.62438, -0.1337027, 2.670367;0.5359999, 0.1517426, 2.929783;0.482708, 0.08151227, 2.972553;0.5704244, 0.08422053, 2.861802;0.5225842, -0.3975405, 3.002153;0.6630402, -0.3749884, 2.79985;0.5530915, -0.7477757, 3.045583;0.7335283, -0.7554436, 2.778301;0.4983432, -0.7777099, 2.996843;0.7053149, -0.8307025, 2.741574;
0.5190943, 0.8095106, 3.013831;0.5972049, 0.597583, 2.996711;0.5462632, 0.2265992, 2.937482;0.4518665, 0.4532644, 3.067838;0.6469413, 0.4592162, 2.845879;0.3776242, -0.1683556, 3.012988;0.6236106, -0.1313934, 2.670273;0.5360609, 0.1524849, 2.929084;0.4826319, 0.08201556, 2.972019;0.5704918, 0.08474272, 2.860873;0.5225284, -0.3975202, 3.001948;0.6633134, -0.3760468, 2.798799;0.5533534, -0.7473204, 3.044855;0.7337255, -0.7557305, 2.778528;0.4992965, -0.7768734, 2.996711;0.7054, -0.8308297, 2.741548;
0.5185745, 0.8097615, 3.014531;0.598416, 0.5977466, 2.995987;0.5462021, 0.2266224, 2.937759;0.4514377, 0.4525083, 3.070757;0.6469415, 0.4590093, 2.845997;0.3770681, -0.1708142, 3.012265;0.6242566, -0.1346166, 2.670014;0.5357968, 0.1525061, 2.929628;0.4818232, 0.08180743, 2.973331;0.5700445, 0.0845969, 2.861402;0.5224456, -0.3979798, 3.002009;0.663252, -0.3760574, 2.798958;0.5533266, -0.7469134, 3.044699;0.7338761, -0.7562135, 2.778389;0.495602, -0.7783245, 2.993848;0.705566, -0.83112, 2.741978;
0.5194045, 0.8111029, 3.015076;0.598029, 0.5979269, 2.996049;0.5457129, 0.2263158, 2.938407;0.4515338, 0.4527727, 3.070971;0.6465986, 0.4579871, 2.845678;0.3772528, -0.1660129, 3.011692;0.6243152, -0.1343682, 2.669833;0.5352218, 0.152003, 2.930505;0.4813926, 0.08153007, 2.974476;0.5691862, 0.08345276, 2.862396;0.5222424, -0.397689, 3.002025;0.6630174, -0.3747467, 2.79821;0.5534348, -0.7466257, 3.044898;0.7335525, -0.759452, 2.778687;0.5363325, -0.8175718, 3.035303;0.7056037, -0.8310214, 2.741956;
0.5187951, 0.8112731, 3.015602;0.5981724, 0.5979632, 2.996141;0.5455189, 0.2263318, 2.938936;0.4519315, 0.4535463, 3.070425;0.6466186, 0.4578557, 2.845755;0.3773795, -0.1655911, 3.011271;0.6238883, -0.1337436, 2.670161;0.5348876, 0.1520089, 2.931201;0.4808533, 0.08153917, 2.97589;0.5686818, 0.08308849, 2.862793;0.5218529, -0.3972395, 3.002253;0.663116, -0.3748804, 2.797962;0.5538493, -0.7462289, 3.044551;0.7335585, -0.759133, 2.778611;0.4934178, -0.7791197, 2.991339;0.7057262, -0.8310921, 2.742063;
0.5188077, 0.8119521, 3.015948;0.5986956, 0.5984086, 2.995273;0.5454293, 0.2264647, 2.939034;0.4520133, 0.4538536, 3.068997;0.6476232, 0.4578944, 2.845343;0.3770997, -0.165991, 3.012415;0.6232623, -0.1339742, 2.669722;0.5346916, 0.1521773, 2.931432;0.4802527, 0.08156967, 2.976472;0.5685672, 0.08308511, 2.862915;0.5218325, -0.3972233, 3.002293;0.6630522, -0.3749058, 2.797762;0.5543664, -0.7471637, 3.04466;0.7331465, -0.7591855, 2.778492;0.4954553, -0.7793577, 2.992291;0.7059287, -0.831183, 2.742641;
0.5187438, 0.8127539, 3.01598;0.5983256, 0.5986639, 2.994751;0.5452972, 0.2264224, 2.939013;0.4520129, 0.4538492, 3.069112;0.6476482, 0.4575999, 2.845043;0.3769458, -0.1657281, 3.012072;0.622573, -0.1334095, 2.66967;0.5345782, 0.1521008, 2.931447;0.4801832, 0.0815126, 2.976501;0.5684618, 0.08294553, 2.862933;0.5217419, -0.3970855, 3.002388;0.6628754, -0.3760819, 2.798212;0.5544707, -0.7495735, 3.047479;0.7330596, -0.7608563, 2.778447;0.496843, -0.7810637, 2.996315;0.7061095, -0.8314184, 2.743477;
0.52057, 0.8137919, 3.017642;0.5985394, 0.5984128, 2.993955;0.5452442, 0.2264281, 2.939012;0.4521365, 0.4543146, 3.067714;0.6473301, 0.4573439, 2.844784;0.3772283, -0.1657896, 3.011841;0.621816, -0.1336298, 2.668649;0.534462, 0.1521261, 2.931519;0.4800911, 0.08163895, 2.976628;0.5681605, 0.08292715, 2.863149;0.5215328, -0.3969046, 3.00238;0.6624814, -0.3750863, 2.797255;0.5566893, -0.7503915, 3.048791;0.7311616, -0.7632396, 2.776461;0.5000252, -0.7814103, 2.99829;0.7063067, -0.831542, 2.742453;
0.5199912, 0.8139063, 3.016885;0.5980574, 0.5982414, 2.992411;0.5453872, 0.2267897, 2.937736;0.4522349, 0.45427, 3.067748;0.6471575, 0.4569696, 2.844604;0.3775515, -0.1653273, 3.01166;0.6207967, -0.1339238, 2.667419;0.5347466, 0.152584, 2.930244;0.4804539, 0.08169648, 2.976127;0.5684711, 0.08273835, 2.860019;0.5215145, -0.3969056, 3.002381;0.6623845, -0.3749797, 2.796682;0.5565781, -0.7501563, 3.048398;0.7319753, -0.760244, 2.775883;0.5003445, -0.7809299, 2.998373;0.7063082, -0.8315389, 2.74244;
0.5216233, 0.8147917, 3.016557;0.5980047, 0.5983665, 2.99246;0.5451524, 0.2269749, 2.937809;0.4522037, 0.4543157, 3.067955;0.6471435, 0.4568379, 2.844005;0.3772342, -0.1656689, 3.010899;0.6201503, -0.1335624, 2.666948;0.5344759, 0.1527716, 2.930328;0.480126, 0.08128995, 2.976283;0.5679274, 0.08339994, 2.860002;0.5214682, -0.3969521, 3.002405;0.6624598, -0.3753451, 2.796587;0.5563679, -0.7501512, 3.048428;0.7323426, -0.7602231, 2.777152;0.5003721, -0.7807507, 2.998773;0.7069733, -0.8319519, 2.743983;
0.5210554, 0.8148826, 3.017368;0.5979999, 0.5984182, 2.991525;0.5450584, 0.226945, 2.937621;0.4523292, 0.4541428, 3.068547;0.6467375, 0.4567906, 2.843796;0.3772213, -0.1656486, 3.010888;0.6193978, -0.133843, 2.666539;0.5343877, 0.1527337, 2.930212;0.4800777, 0.08080672, 2.976117;0.5676827, 0.08384347, 2.859961;0.5212946, -0.3968709, 3.002267;0.6626668, -0.3756014, 2.796299;0.5562081, -0.7500288, 3.048274;0.7336097, -0.7582824, 2.778047;0.500258, -0.7805345, 2.998976;0.7071326, -0.8315325, 2.743806;
0.5187802, 0.8138415, 3.015491;0.5975679, 0.5980966, 2.991099;0.5444635, 0.2267269, 2.938057;0.4523945, 0.4538833, 3.068773;0.6467517, 0.455978, 2.84307;0.37701, -0.1656178, 3.011092;0.618598, -0.1339709, 2.666162;0.5336678, 0.1524918, 2.930928;0.4792757, 0.07969725, 2.977335;0.5666834, 0.08376941, 2.860985;0.5212838, -0.3971626, 3.002292;0.6627351, -0.3757312, 2.796293;0.5562702, -0.7498192, 3.048462;0.7337891, -0.7581763, 2.777778;0.5006013, -0.7801384, 2.999588;0.707092, -0.8314084, 2.743674;
0.5183677, 0.8136986, 3.015314;0.597639, 0.598132, 2.991265;0.5441279, 0.2266581, 2.938742;0.4522182, 0.4539577, 3.069632;0.6467043, 0.4559934, 2.842965;0.3771383, -0.1658293, 3.01065;0.6179913, -0.1342153, 2.665855;0.5331985, 0.1523752, 2.931789;0.4787884, 0.07921204, 2.97821;0.5660458, 0.084, 2.862236;0.5210138, -0.3970333, 3.001942;0.6626183, -0.3757251, 2.796185;0.5562815, -0.7496803, 3.047772;0.7341312, -0.7571273, 2.778047;0.5007652, -0.7798757, 2.9992;0.7069451, -0.8314135, 2.743876;
0.5176553, 0.813615, 3.015575;0.5977318, 0.5983219, 2.991401;0.5439322, 0.2267387, 2.938724;0.4521509, 0.454647, 3.071601;0.6467104, 0.4559669, 2.842967;0.3770868, -0.1655991, 3.010271;0.6175925, -0.1334351, 2.66565;0.5329223, 0.152447, 2.931734;0.4784156, 0.07908322, 2.978018;0.565662, 0.08446188, 2.86222;0.5210333, -0.3969691, 3.001967;0.6625336, -0.3757929, 2.796185;0.5563736, -0.7494275, 3.047591;0.7339244, -0.7569295, 2.777736;0.5008832, -0.7795139, 2.999384;0.7070229, -0.8314106, 2.743857;
0.5175378, 0.8136359, 3.015866;0.5975039, 0.5981872, 2.991209;0.5435709, 0.2267878, 2.939216;0.4520462, 0.4541032, 3.07208;0.6468561, 0.4556749, 2.842937;0.376907, -0.1655745, 3.010664;0.6172674, -0.1336234, 2.6655;0.5325071, 0.1525564, 2.932491;0.4778015, 0.07833676, 2.97961;0.5653331, 0.08447359, 2.862737;0.5206387, -0.3978828, 3.001985;0.6623288, -0.3754577, 2.796148;0.5560193, -0.7493131, 3.047664;0.7329147, -0.7606903, 2.77922;0.5008063, -0.779243, 2.99976;0.7074191, -0.8312891, 2.745142;
0.5177255, 0.8136858, 3.018325;0.597333, 0.5981463, 2.991376;0.5432389, 0.2266729, 2.939568;0.4518875, 0.4540308, 3.072802;0.6465825, 0.4557374, 2.842953;0.3767441, -0.1656576, 3.010746;0.6172619, -0.1334209, 2.665257;0.5321847, 0.1524253, 2.932849;0.4775935, 0.07809242, 2.979903;0.5650067, 0.08452409, 2.863125;0.5206171, -0.3976709, 3.002029;0.6619962, -0.3745149, 2.795053;0.5560008, -0.749125, 3.047464;0.7332137, -0.760092, 2.780163;0.5008973, -0.7789507, 2.999836;0.707462, -0.8312833, 2.745131;
0.5178409, 0.8133889, 3.017637;0.5976682, 0.5978624, 2.991029;0.5432557, 0.226326, 2.939048;0.4518558, 0.4534802, 3.073214;0.6465314, 0.4556997, 2.842882;0.3742048, -0.1832547, 3.008507;0.6171758, -0.1334238, 2.665072;0.5321584, 0.1520358, 2.932239;0.4775673, 0.07731961, 2.978723;0.5650175, 0.08463027, 2.862835;0.5206404, -0.3977289, 3.001985;0.6621051, -0.3744579, 2.795003;0.5560893, -0.7490776, 3.04748;0.7332978, -0.7605578, 2.779831;0.501053, -0.778823, 3.000047;0.7074844, -0.8312709, 2.7448;
0.519498, 0.8141425, 3.019119;0.5977007, 0.5979064, 2.991041;0.5433284, 0.2264183, 2.938913;0.4515011, 0.4530721, 3.070027;0.6465271, 0.4555894, 2.842617;0.375599, -0.1724533, 3.010044;0.6169845, -0.1330814, 2.664872;0.5322641, 0.1521481, 2.932033;0.4776447, 0.07720162, 2.97864;0.565293, 0.08481198, 2.86197;0.5206626, -0.3977059, 3.001988;0.6622018, -0.3743647, 2.794881;0.5561216, -0.7491143, 3.047472;0.7356049, -0.756084, 2.780233;0.5014399, -0.7788314, 2.999686;0.7074752, -0.8311889, 2.744669;
0.5199419, 0.8143784, 3.019977;0.5976335, 0.59789, 2.991052;0.5432526, 0.2264155, 2.938712;0.4518881, 0.4536316, 3.069608;0.6468214, 0.4556319, 2.842671;0.3753407, -0.1751703, 3.010098;0.6199302, -0.1349676, 2.664756;0.5321953, 0.1521484, 2.931736;0.4775538, 0.07712812, 2.978053;0.56531, 0.08499786, 2.861704;0.5206528, -0.3977261, 3.001959;0.6623698, -0.3745919, 2.794737;0.5559464, -0.7495478, 3.047407;0.7354814, -0.7560993, 2.780189;0.501347, -0.7792436, 2.999582;0.7075263, -0.8313389, 2.74471;
0.5171794, 0.8138139, 3.018785;0.5972641, 0.5982471, 2.991011;0.5426127, 0.227084, 2.93949;0.4523542, 0.4543329, 3.065694;0.6476009, 0.4551942, 2.842149;0.3763142, -0.1654406, 3.010022;0.619641, -0.135072, 2.664859;0.5315049, 0.1529065, 2.932777;0.4766584, 0.07745731, 2.979933;0.5647985, 0.0850565, 2.862224;0.5204885, -0.3972774, 3.001857;0.6625391, -0.3746393, 2.794755;0.5561242, -0.749635, 3.047068;0.7342092, -0.7569347, 2.778947;0.5019823, -0.7793099, 2.998781;0.7075064, -0.8313099, 2.744643;
0.5171659, 0.8142193, 3.018391;0.596653, 0.5984652, 2.99164;0.5422984, 0.2268596, 2.939874;0.4522701, 0.4544465, 3.064125;0.6476375, 0.4551298, 2.842266;0.3754973, -0.1644898, 3.008657;0.6195192, -0.1350226, 2.664923;0.5312436, 0.1526012, 2.933128;0.4765476, 0.07734339, 2.980037;0.5646025, 0.08486329, 2.862862;0.5202722, -0.3969337, 3.001657;0.6624902, -0.3748051, 2.794541;0.5558535, -0.7501494, 3.047139;0.734287, -0.7570096, 2.779171;0.5019687, -0.7797908, 2.998681;0.7074909, -0.8313617, 2.744662;
0.5168306, 0.8142015, 3.018249;0.5967669, 0.5986001, 2.99185;0.5422395, 0.226855, 2.939679;0.4520774, 0.4545081, 3.064414;0.6473078, 0.4550483, 2.842293;0.3756544, -0.1646362, 3.008553;0.6194884, -0.1350249, 2.664983;0.5311317, 0.1525552, 2.932735;0.4764147, 0.07701587, 2.97946;0.5643845, 0.08513659, 2.862118;0.5203058, -0.3969856, 3.00163;0.6626018, -0.3745368, 2.794193;0.5561361, -0.7502718, 3.046969;0.7338359, -0.7570531, 2.779045;0.5021592, -0.7799317, 2.998506;0.7073887, -0.8314105, 2.744348;
0.5128258, 0.8125101, 3.015975;0.5965421, 0.5984656, 2.991672;0.5422226, 0.2268157, 2.939364;0.4509832, 0.4514089, 3.063529;0.6472579, 0.4549228, 2.842223;0.3753714, -0.1644591, 3.008965;0.6191571, -0.1346995, 2.664952;0.531176, 0.152529, 2.932365;0.4764451, 0.07665924, 2.979075;0.5646006, 0.08519919, 2.86146;0.5203093, -0.3969222, 3.001569;0.6629524, -0.3755357, 2.794054;0.5562857, -0.7501909, 3.046961;0.73336, -0.7591686, 2.778303;0.5023981, -0.7798589, 2.99836;0.7076485, -0.8315794, 2.744662;
0.5130761, 0.8133455, 3.017249;0.5958872, 0.5988346, 2.992027;0.5419965, 0.2267794, 2.939513;0.4510679, 0.451449, 3.063423;0.6473856, 0.4553669, 2.842602;0.374415, -0.1750045, 3.00926;0.619177, -0.1344871, 2.665095;0.5310105, 0.1524489, 2.932493;0.476332, 0.07656093, 2.979197;0.5644913, 0.08515011, 2.861603;0.5204382, -0.3966969, 3.00152;0.6627933, -0.3754471, 2.793835;0.5572907, -0.7495549, 3.046977;0.7334799, -0.7589113, 2.778214;0.5348066, -0.8119902, 3.036578;0.7075953, -0.831523, 2.745435;
0.5131875, 0.8137413, 3.01774;0.5958613, 0.599092, 2.991881;0.5418962, 0.2266598, 2.939491;0.4509996, 0.4513006, 3.063562;0.6474218, 0.4554055, 2.842587;0.3750373, -0.1737889, 3.008049;0.6191157, -0.1344349, 2.665046;0.5308705, 0.1522011, 2.932482;0.4761813, 0.07641183, 2.97906;0.5644208, 0.08504746, 2.861862;0.5203924, -0.3966414, 3.001454;0.6628764, -0.3753697, 2.793658;0.5571649, -0.7495934, 3.047071;0.7332102, -0.7587664, 2.777715;0.5403003, -0.8140968, 3.040782;0.7077169, -0.8316299, 2.745154;
0.5136265, 0.8132788, 3.018852;0.5949199, 0.5978518, 2.989569;0.5417948, 0.2265508, 2.939264;0.450619, 0.4504624, 3.062881;0.6475339, 0.455418, 2.842579;0.3732753, -0.1852354, 3.006862;0.6180509, -0.1340906, 2.667376;0.5308461, 0.1521715, 2.932419;0.4761177, 0.07623668, 2.979019;0.5644369, 0.08503387, 2.861866;0.52035, -0.396621, 3.001363;0.6629021, -0.3753911, 2.793806;0.5570612, -0.7495449, 3.046863;0.7316155, -0.7620797, 2.777669;0.5408225, -0.8147692, 3.041131;0.7077134, -0.8316404, 2.745171;
0.5139861, 0.8133925, 3.019486;0.5949516, 0.5978186, 2.989481;0.5416437, 0.2264874, 2.939312;0.4506119, 0.4505519, 3.062636;0.6475796, 0.4553643, 2.842575;0.3759576, -0.1651485, 3.00556;0.6181802, -0.1329197, 2.667266;0.5306407, 0.1520988, 2.932534;0.4758675, 0.07619739, 2.979119;0.5641403, 0.08499633, 2.862311;0.5202455, -0.3963755, 3.001122;0.6630016, -0.3747172, 2.793481;0.5569741, -0.7494102, 3.046932;0.7325104, -0.7561539, 2.777511;0.5022334, -0.7796941, 2.997209;0.7088774, -0.8265765, 2.752101;
0.5138085, 0.8133008, 3.019714;0.5950223, 0.5977839, 2.988786;0.5415323, 0.2270163, 2.93897;0.4508719, 0.4515713, 3.063706;0.6473998, 0.4554399, 2.842698;0.3758926, -0.1651556, 3.005584;0.618543, -0.1332104, 2.666923;0.5305188, 0.1528313, 2.932258;0.475841, 0.07627882, 2.979168;0.5638067, 0.08579189, 2.861605;0.5201918, -0.3963536, 3.000758;0.6630498, -0.3752412, 2.793581;0.5569311, -0.7493745, 3.046897;0.7323952, -0.7563805, 2.77755;0.5017029, -0.7798617, 2.996984;0.7080365, -0.8275741, 2.746183;
0.5120952, 0.8127272, 3.020973;0.5951574, 0.5978596, 2.988704;0.5415805, 0.2274342, 2.939301;0.4510296, 0.451981, 3.064127;0.6475313, 0.4554583, 2.842683;0.3758639, -0.1652239, 3.005523;0.6187091, -0.1337486, 2.66684;0.5305731, 0.1534223, 2.932814;0.4758877, 0.07637416, 2.980376;0.5637659, 0.08591408, 2.861773;0.5203597, -0.3969687, 3.001001;0.6631685, -0.3753096, 2.793533;0.5573124, -0.7494699, 3.047468;0.7312856, -0.7610939, 2.77824;0.5022092, -0.7798749, 2.997744;0.7078974, -0.8276711, 2.745982;
0.5124808, 0.8129689, 3.021826;0.5951101, 0.5978435, 2.988687;0.5415732, 0.2273909, 2.938697;0.4507973, 0.4521235, 3.064791;0.6467456, 0.4555436, 2.842464;0.3758309, -0.1652802, 3.005489;0.6187891, -0.1339889, 2.667351;0.5306383, 0.1533648, 2.93199;0.4761675, 0.07627171, 2.979202;0.5638491, 0.08615603, 2.860964;0.5202835, -0.3969368, 3.000934;0.6633688, -0.3757429, 2.793504;0.5575128, -0.7498167, 3.047318;0.7319562, -0.7612636, 2.779351;0.5023765, -0.7801446, 2.997891;0.7079295, -0.8288478, 2.746795;
0.5173863, 0.8151249, 3.023176;0.5955091, 0.5982205, 2.98879;0.5417416, 0.2280522, 2.938836;0.4507036, 0.4520005, 3.06525;0.6473038, 0.4555373, 2.842396;0.3756774, -0.1653113, 3.005355;0.6188797, -0.1337616, 2.667071;0.5307857, 0.1541053, 2.932168;0.4761429, 0.07645027, 2.979472;0.5639152, 0.08634362, 2.86092;0.5202594, -0.3963836, 3.000345;0.6633961, -0.375706, 2.79342;0.5574974, -0.749811, 3.046988;0.7325341, -0.7609813, 2.779233;0.5024903, -0.7800724, 2.997638;0.707848, -0.8289804, 2.746077;
0.5170069, 0.8161818, 3.023204;0.5945985, 0.5990369, 2.98854;0.5415376, 0.2282275, 2.938953;0.4505638, 0.4520433, 3.065015;0.6468261, 0.4552917, 2.841925;0.3755347, -0.1651596, 3.004979;0.6189315, -0.13378, 2.666875;0.5306611, 0.1542154, 2.932325;0.4760909, 0.07664173, 2.979832;0.5638251, 0.08638021, 2.861096;0.5201289, -0.3960674, 3.000418;0.6634172, -0.3756962, 2.793416;0.5556596, -0.7495454, 3.045505;0.7329109, -0.7604225, 2.779145;0.5005656, -0.7798501, 2.996192;0.7077897, -0.8291035, 2.746061;
0.5174338, 0.816636, 3.020984;0.5932152, 0.598916, 2.988749;0.5414069, 0.2282493, 2.938889;0.4501808, 0.4511544, 3.064906;0.645811, 0.4549162, 2.841071;0.375506, -0.1638685, 3.005394;0.6186044, -0.1340028, 2.666396;0.5306254, 0.154233, 2.932272;0.4761155, 0.07662066, 2.979837;0.5638007, 0.08635397, 2.860818;0.5201027, -0.3959613, 3.000412;0.6634368, -0.3755524, 2.793261;0.5563785, -0.7494717, 3.045658;0.7334896, -0.7599776, 2.779647;0.5010558, -0.7798319, 2.996495;0.7075732, -0.8293375, 2.745822;
0.5145407, 0.8161447, 3.019628;0.5923065, 0.5991347, 2.988578;0.5412138, 0.2282053, 2.939083;0.4497656, 0.4519384, 3.06408;0.6426333, 0.4543678, 2.839612;0.3750923, -0.1639331, 3.007673;0.6176807, -0.1343854, 2.664766;0.5305151, 0.1541459, 2.93254;0.4763988, 0.07656293, 2.980443;0.5635144, 0.08615048, 2.861222;0.520602, -0.3963459, 3.001469;0.6635393, -0.3755176, 2.793314;0.5565314, -0.7497396, 3.046041;0.73349, -0.7618967, 2.779701;0.5009427, -0.7800842, 2.997375;0.7077258, -0.829967, 2.746518;
0.5077281, 0.8131199, 3.015129;0.5896486, 0.5979747, 2.988196;0.5413064, 0.2276394, 2.938572;0.4496486, 0.4526324, 3.062904;0.6409446, 0.455005, 2.839123;0.367537, -0.1621523, 2.998925;0.6167203, -0.1341239, 2.662571;0.5310431, 0.15346, 2.931877;0.4782082, 0.07587338, 2.979309;0.5640927, 0.08594536, 2.860797;0.5206739, -0.3966017, 3.001539;0.6652435, -0.3768638, 2.793733;0.5577418, -0.7512746, 3.048073;0.7348163, -0.7600746, 2.780158;0.5019352, -0.7817351, 2.999462;0.7078033, -0.8300605, 2.746638;
0.5055081, 0.8131921, 3.013805;0.5884362, 0.5986619, 2.988876;0.5415775, 0.2272557, 2.938322;0.448247, 0.4520591, 3.062923;0.639843, 0.4545682, 2.836903;0.3641795, -0.1610133, 3.003021;0.6141388, -0.135296, 2.658452;0.5318648, 0.1526381, 2.931328;0.4796632, 0.07524972, 2.977928;0.5656, 0.0856116, 2.86071;0.5206825, -0.3966085, 3.001516;0.6652318, -0.3767927, 2.793787;0.5578294, -0.7510568, 3.048084;0.734863, -0.7601825, 2.780286;0.5019294, -0.7814957, 2.999801;0.7078055, -0.8302018, 2.746806;
0.5022177, 0.8068788, 3.017952;0.5839323, 0.5964955, 2.986236;0.5419917, 0.2259284, 2.937631;0.4449862, 0.4478277, 3.063529;0.6357992, 0.4524052, 2.833685;0.3620195, -0.1582565, 3.002953;0.6094909, -0.1361319, 2.653249;0.5330133, 0.1511797, 2.930788;0.4818181, 0.073476, 2.977806;0.5676687, 0.08409578, 2.860157;0.5203266, -0.3963911, 3.001094;0.6653037, -0.3766637, 2.793485;0.557494, -0.7508072, 3.047988;0.7341003, -0.7627132, 2.779577;0.5012271, -0.7813415, 3.000506;0.7078999, -0.8304992, 2.746815;
0.5024776, 0.8050353, 3.017477;0.5782245, 0.5966066, 2.984582;0.5421966, 0.2254804, 2.93742;0.4409853, 0.4459594, 3.062996;0.6342053, 0.452713, 2.833144;0.3481622, -0.2015333, 2.995559;0.6002399, -0.1375153, 2.640124;0.5340016, 0.150449, 2.930661;0.4834756, 0.07304062, 2.977333;0.5705774, 0.08368915, 2.861213;0.5164706, -0.3978983, 2.99916;0.6654692, -0.3771681, 2.793129;0.5567753, -0.7510064, 3.047925;0.7332489, -0.7627701, 2.77948;0.5009072, -0.7816617, 3.000312;0.7078163, -0.8307983, 2.746932;
0.4979461, 0.8009821, 3.013467;0.5699121, 0.5948263, 2.978726;0.5426003, 0.2248241, 2.93726;0.43826, 0.4450189, 3.063868;0.6312383, 0.4512475, 2.831246;0.3492416, -0.161111, 2.995746;0.5947863, -0.1385169, 2.63332;0.5356976, 0.1495128, 2.93105;0.4867564, 0.07231462, 2.978789;0.5747094, 0.0815133, 2.862507;0.5162952, -0.3979701, 2.998834;0.6643586, -0.3786526, 2.790621;0.5566429, -0.7510499, 3.047658;0.7313622, -0.7658982, 2.777766;0.5007125, -0.7820803, 3.000561;0.7074521, -0.8307284, 2.745618;
0.4926353, 0.7932965, 3.009709;0.5592135, 0.588537, 2.970808;0.5432477, 0.2225164, 2.937423;0.4338679, 0.4431623, 3.06197;0.6232584, 0.4462604, 2.827631;0.3420504, -0.1619031, 2.994239;0.5797454, -0.1413333, 2.61792;0.538156, 0.1470352, 2.932499;0.4919111, 0.07002422, 2.982429;0.5789879, 0.0776068, 2.865288;0.5134354, -0.4002366, 2.997066;0.6630749, -0.3789073, 2.788763;0.5548778, -0.7498686, 3.044384;0.7295383, -0.7675295, 2.776074;0.4987371, -0.7815517, 2.998176;0.707342, -0.830974, 2.744796;
0.4857819, 0.7837005, 3.004291;0.5509917, 0.5815991, 2.967736;0.5441644, 0.2180337, 2.939086;0.4255619, 0.4366276, 3.055033;0.6137305, 0.4388755, 2.822237;0.3234408, -0.2100581, 2.988795;0.57715, -0.1443899, 2.614112;0.5413145, 0.1427754, 2.935854;0.4977404, 0.06550044, 2.988752;0.5836949, 0.07243679, 2.869201;0.507727, -0.405679, 2.995471;0.6622947, -0.3826025, 2.786654;0.5533123, -0.749725, 3.043364;0.7282405, -0.7664836, 2.774029;0.5320125, -0.8161261, 3.047973;0.7051008, -0.8310783, 2.737741;
0.4779008, 0.7794589, 2.99622;0.5397545, 0.5790503, 2.961505;0.5444599, 0.2153936, 2.940083;0.4204043, 0.4312384, 3.053607;0.6028013, 0.4298327, 2.817576;0.3251495, -0.1753715, 2.985901;0.5749168, -0.1493464, 2.612402;0.5435181, 0.1398682, 2.938397;0.5025643, 0.06314029, 2.993299;0.5868816, 0.06939916, 2.872741;0.5048249, -0.4082929, 2.994359;0.6612861, -0.3841159, 2.785838;0.5502712, -0.748298, 3.041185;0.7277344, -0.7673808, 2.773679;0.5300602, -0.8127954, 3.041525;0.7051332, -0.8311955, 2.73744;
0.4436394, 0.751665, 2.958117;0.5300924, 0.5641073, 2.954392;0.5458353, 0.2089318, 2.942037;0.4088331, 0.4154294, 3.04805;0.5943905, 0.4186405, 2.814132;0.316863, -0.2046993, 2.979197;0.5621864, -0.172779, 2.595333;0.5470936, 0.1348569, 2.941997;0.5095875, 0.05622062, 3.000218;0.5919263, 0.06388351, 2.876936;0.5014452, -0.4134898, 2.993271;0.657076, -0.387796, 2.784209;0.5484704, -0.7474365, 3.039778;0.7272146, -0.7672829, 2.773381;0.5302403, -0.8123536, 3.039605;0.7051326, -0.8312421, 2.737423;
0.4495803, 0.7336228, 2.963568;0.5136417, 0.5363216, 2.93588;0.5514609, 0.1846248, 2.940764;0.3942354, 0.3903446, 3.049616;0.5851741, 0.403834, 2.807238;0.3066542, -0.2130005, 2.979991;0.5567544, -0.1953113, 2.5894;0.5579, 0.1123442, 2.944257;0.5230502, 0.03391957, 3.004017;0.6074336, 0.04474684, 2.882139;0.4990053, -0.4146902, 2.992198;0.6549441, -0.3911888, 2.782187;0.545763, -0.7465688, 3.037565;0.7252208, -0.7663581, 2.77124;0.491115, -0.783519, 2.993473;0.7049105, -0.8315152, 2.736812;
0.425892, 0.7105037, 2.9601;0.5015404, 0.5190372, 2.924876;0.5544776, 0.1565249, 2.947968;0.3917253, 0.370355, 3.038736;0.5742188, 0.3838024, 2.798682;0.2999481, -0.234, 2.970258;0.5566565, -0.2006934, 2.589255;0.5656512, 0.08156927, 2.957058;0.5377349, 0.01038955, 3.014119;0.6140218, 0.01337129, 2.907631;0.4973937, -0.4168344, 2.991793;0.6526073, -0.3910728, 2.783017;0.5427827, -0.7457627, 3.037127;0.7247742, -0.7675922, 2.770644;0.4885388, -0.7851059, 2.994639;0.7048703, -0.8314753, 2.736639;
0.4124206, 0.6785162, 2.933155;0.4820756, 0.4875297, 2.907733;0.5581715, 0.1418889, 2.943516;0.3880064, 0.3454921, 3.02235;0.5648574, 0.3600658, 2.793346;0.2950278, -0.2620928, 2.975301;0.5652778, -0.2028603, 2.592658;0.5716174, 0.0703378, 2.953609;0.5475352, -0.002636842, 3.012263;0.6211112, 0.00741694, 2.90385;0.4944797, -0.4194447, 2.991345;0.6545573, -0.4048724, 2.772335;0.5426783, -0.7453139, 3.036267;0.7244353, -0.7675771, 2.770345;0.4901841, -0.787396, 2.994152;0.7050055, -0.8320677, 2.737132;
0.4029983, 0.6466019, 2.916762;0.4745024, 0.4585865, 2.895031;0.5661693, 0.1161692, 2.946989;0.375006, 0.3215961, 3.023681;0.5564381, 0.3299556, 2.784099;0.2940736, -0.2888978, 2.970451;0.5525991, -0.2433476, 2.580723;0.5841254, 0.04612397, 2.960627;0.5658462, -0.02456179, 3.017809;0.6363263, -0.0138025, 2.919442;0.4934628, -0.4260264, 2.992741;0.6544782, -0.4071051, 2.769519;0.5419405, -0.7452707, 3.03607;0.7238458, -0.7670279, 2.769706;0.4903634, -0.7899387, 2.995738;0.7049921, -0.8321281, 2.737087;
0.3995799, 0.6108006, 2.91181;0.4617175, 0.4199442, 2.880543;0.5724353, 0.0750186, 2.962805;0.3587134, 0.2715026, 3.02305;0.5494653, 0.2965118, 2.777608;0.2920617, -0.3331473, 2.968568;0.5410182, -0.3051329, 2.574419;0.5951641, 0.00387638, 2.983977;0.5796221, -0.05357664, 3.036842;0.6478202, -0.05496245, 2.954698;0.4868008, -0.4435113, 2.998057;0.6552877, -0.4200037, 2.76226;0.5424779, -0.7488397, 3.036746;0.7233055, -0.7676703, 2.769091;0.4941905, -0.7971279, 2.996194;0.7050069, -0.8321397, 2.737151;
0.3897618, 0.578325, 2.902909;0.4557624, 0.3902454, 2.875649;0.5881978, 0.04699339, 2.960181;0.3562711, 0.254247, 3.018363;0.5447339, 0.2660452, 2.773323;0.2895425, -0.3627768, 2.958957;0.5482162, -0.3394634, 2.581018;0.6150361, -0.02220105, 2.980815;0.6064839, -0.08436672, 3.032079;0.6660255, -0.07088588, 2.953412;0.4814055, -0.4586308, 2.997191;0.6556982, -0.4453334, 2.750244;0.5384011, -0.7629406, 3.036141;0.7224741, -0.7675158, 2.768615;0.4906254, -0.8131058, 2.997549;0.7049905, -0.8321345, 2.737329;
0.3605357, 0.5314379, 2.878463;0.4445963, 0.3554193, 2.871247;0.5843705, 0.02444348, 2.964695;0.3462088, 0.2113085, 3.017905;0.5394703, 0.2361515, 2.767578;0.3007018, -0.4042518, 2.963897;0.5486378, -0.3513986, 2.580498;0.6121284, -0.04232009, 2.986487;0.6025173, -0.09967232, 3.03982;0.6668373, -0.09660417, 2.960068;0.4757748, -0.4714372, 2.997369;0.648317, -0.4552059, 2.73818;0.5379159, -0.7737496, 3.037178;0.7221746, -0.7675838, 2.768526;0.4921237, -0.8253781, 2.998412;0.7050457, -0.8322933, 2.737383;
0.3467759, 0.4775856, 2.863826;0.4399122, 0.308498, 2.860003;0.5880643, -0.01256615, 2.962416;0.3440707, 0.17452, 3.006871;0.5329051, 0.1918456, 2.758885;0.292463, -0.4591893, 2.94738;0.5499762, -0.3595434, 2.580697;0.6173837, -0.07690388, 2.98608;0.6069027, -0.1336414, 3.0399;0.6729687, -0.1188345, 2.960999;0.4664421, -0.499454, 3.001749;0.6420168, -0.4711964, 2.721682;0.5376781, -0.798952, 3.040609;0.7212442, -0.7681547, 2.767558;0.5144166, -0.8599319, 3.024832;0.7050353, -0.832163, 2.736978;
0.3538883, 0.4571613, 2.866057;0.4303713, 0.2776796, 2.855703;0.5835169, -0.0433344, 2.962181;0.3407025, 0.1525756, 3.007411;0.5338592, 0.1708425, 2.760904;0.2968155, -0.4762176, 2.948419;0.5486015, -0.4513521, 2.573335;0.6140497, -0.1075886, 2.986887;0.6052462, -0.1602836, 3.038511;0.669968, -0.1560989, 2.966006;0.4573864, -0.5218816, 3.001731;0.6368074, -0.4919766, 2.706428;0.5312182, -0.8196461, 3.040504;0.7243648, -0.7789758, 2.770802;0.5097533, -0.8321749, 3.102857;0.7046753, -0.8331943, 2.736476;
0.3317126, 0.3941144, 2.843668;0.422532, 0.2265704, 2.842924;0.5891049, -0.05894254, 2.953591;0.337062, 0.09477891, 2.992399;0.5340848, 0.1184157, 2.759975;0.2988845, -0.4980018, 2.94582;0.5471637, -0.4600136, 2.571689;0.6210958, -0.1189499, 2.978958;0.6205623, -0.1829811, 3.03669;0.6847937, -0.169668, 2.951321;0.4481482, -0.5323026, 3.000358;0.6443262, -0.5054442, 2.711132;0.5341876, -0.8244109, 3.043879;0.7280841, -0.7923875, 2.775267;0.5230243, -0.7594351, 3.032402;0.7021759, -0.8372269, 2.732883;
0.3128835, 0.3491738, 2.837837;0.42426, 0.1941068, 2.830692;0.5962625, -0.09251808, 2.943133;0.3398541, 0.05933879, 2.991808;0.534508, 0.1011355, 2.756248;0.300792, -0.5547221, 2.948547;0.5833828, -0.4822739, 2.583964;0.629977, -0.1485844, 2.969625;0.6311942, -0.2142573, 3.032719;0.6929662, -0.1900416, 2.945509;0.4610423, -0.5051656, 3.002307;0.6450424, -0.506949, 2.710577;0.5348774, -0.7514787, 3.036009;0.7263539, -0.7943615, 2.771845;0.4968066, -0.8085443, 2.997578;0.700295, -0.8394956, 2.730001;
0.3128157, 0.3159212, 2.836235;0.4215074, 0.1606823, 2.83211;0.6052168, -0.1276391, 2.944908;0.3365143, 0.01687402, 2.984666;0.5319476, 0.06857385, 2.754644;0.325863, -0.5850491, 2.969127;0.5880858, -0.5046204, 2.579726;0.6425047, -0.1867581, 2.971106;0.6431194, -0.2478725, 3.030163;0.7040628, -0.2200325, 2.948072;0.4586934, -0.5166919, 3.00415;0.6439258, -0.5234332, 2.699456;0.5345944, -0.7515833, 3.035541;0.7226805, -0.8110926, 2.758669;0.4982376, -0.8091213, 2.99583;0.6873366, -0.8502372, 2.71738;
0.3145434, 0.2943286, 2.82936;0.4136263, 0.1173375, 2.828817;0.6056417, -0.1425371, 2.945353;0.3317009, -0.001199113, 2.979012;0.5242148, 0.02862874, 2.748394;0.3305688, -0.584793, 2.981739;0.5940107, -0.5778615, 2.577698;0.643422, -0.1965592, 2.971779;0.6446663, -0.2562088, 3.03072;0.7062918, -0.2305222, 2.949464;0.4548808, -0.5245341, 3.001358;0.6542386, -0.5380245, 2.706049;0.5349507, -0.7536413, 3.035665;0.7249834, -0.82848, 2.759002;0.526485, -0.8197929, 3.043146;0.679585, -0.8331082, 2.709796;
0.3004503, 0.2451076, 2.822178;0.4138823, 0.09765624, 2.827352;0.6043295, -0.1566729, 2.944259;0.3295454, -0.01247342, 2.976081;0.5261021, 0.01175173, 2.747171;0.3137843, -0.6376683, 2.999058;0.6030737, -0.5876863, 2.57813;0.6422821, -0.2076653, 2.971003;0.6443026, -0.2670292, 3.031899;0.7076043, -0.2436454, 2.948381;0.454495, -0.5271966, 3.001514;0.6657337, -0.5290833, 2.720582;0.5063509, -0.7490203, 3.030122;0.7188085, -0.7740116, 2.76235;0.4708095, -0.8097692, 2.99478;0.7039106, -0.8334913, 2.735487;
0.3038613, 0.2286479, 2.820245;0.4090542, 0.06391037, 2.825118;0.6046832, -0.1777148, 2.943802;0.322569, -0.04713598, 2.971955;0.5270117, -0.01603393, 2.743068;0.358325, -0.6441575, 3.010214;0.607774, -0.5907789, 2.576658;0.6434847, -0.2264622, 2.970889;0.6465373, -0.2847284, 3.033455;0.7112675, -0.2599191, 2.948264;0.4484706, -0.5279419, 2.997484;0.6582328, -0.5226948, 2.716804;0.5001858, -0.747243, 3.02893;0.7194481, -0.7790704, 2.757971;0.4669988, -0.8092049, 2.993032;0.7022265, -0.8390006, 2.733224;
0.2846779, 0.1781806, 2.814482;0.4066895, 0.03858388, 2.815934;0.601503, -0.185494, 2.944093;0.3140754, -0.05003491, 2.973263;0.5258698, -0.0458526, 2.744558;0.3509975, -0.6942984, 3.017701;0.6180462, -0.6189779, 2.573199;0.6404905, -0.232009, 2.972129;0.6437261, -0.2912047, 3.041432;0.7113565, -0.2695124, 2.949367;0.441469, -0.5481951, 2.992816;0.5860336, -0.4852615, 2.642837;0.4923737, -0.7451484, 3.028436;0.7214379, -0.7901421, 2.752379;0.4590135, -0.8092576, 2.996279;0.7002798, -0.8502696, 2.730986;
0.291699, 0.1702735, 2.815978;0.4053918, 0.02336738, 2.814715;0.6076944, -0.2192229, 2.944095;0.3266813, -0.1087166, 2.972632;0.5262197, -0.06333303, 2.742774;0.3509611, -0.693851, 3.019989;0.6346748, -0.6808481, 2.572295;0.648542, -0.2676458, 2.973419;0.6527497, -0.3248464, 3.038796;0.7168491, -0.2913855, 2.951793;0.4389256, -0.5508919, 2.989408;0.5842397, -0.4849103, 2.634073;0.5294256, -0.7680231, 3.027278;0.7223024, -0.8023105, 2.742692;0.4902799, -0.8202789, 3.04389;0.694155, -0.8621653, 2.729882;
0.2934971, 0.1522583, 2.809302;0.4043977, 0.001805754, 2.812686;0.6075956, -0.2203269, 2.943408;0.3267605, -0.157877, 2.977237;0.5244505, -0.07591528, 2.741585;0.3274237, -0.6590078, 3.020846;0.6389677, -0.6919557, 2.575377;0.6484746, -0.2678071, 2.972967;0.6536238, -0.3282065, 3.041243;0.7188832, -0.2920874, 2.949382;0.4377922, -0.5524531, 2.986999;0.5725271, -0.484077, 2.638104;0.5369039, -0.7751533, 3.031439;0.7118932, -0.8048904, 2.748384;0.4746786, -0.8006614, 3.035148;0.678076, -0.8020222, 2.663815;
0.2917979, 0.1485057, 2.810002;0.4006214, -0.01303899, 2.810126;0.6030267, -0.2276414, 2.941271;0.3182333, -0.1588273, 2.980002;0.5222818, -0.08603464, 2.740917;0.3498108, -0.7342979, 3.015889;0.6525192, -0.7308762, 2.585234;0.6442122, -0.2722722, 2.971104;0.6484447, -0.336165, 3.041189;0.7177433, -0.2946701, 2.948255;0.4190096, -0.5594573, 2.978642;0.5754905, -0.4853421, 2.63507;0.5340018, -0.7710454, 3.031803;0.7143306, -0.8069167, 2.747004;0.4747651, -0.8026765, 3.036836;0.6793716, -0.8023055, 2.662996;
0.2819852, 0.1102445, 2.805052;0.3997146, -0.02952881, 2.80666;0.6039584, -0.2427567, 2.940922;0.3242597, -0.1679072, 2.972455;0.5212529, -0.1013714, 2.739958;0.3473123, -0.7439727, 3.015821;0.6567461, -0.6929417, 2.586821;0.6450524, -0.2853737, 2.971236;0.6497064, -0.3493627, 3.0429;0.7196813, -0.3058584, 2.948352;0.4232945, -0.5903442, 2.976532;0.5769125, -0.4866911, 2.630316;0.5432482, -0.7689044, 3.020783;0.7172191, -0.808339, 2.747785;0.483948, -0.7963358, 3.037293;0.6829152, -0.7980479, 2.663938;
0.2847542, 0.1049742, 2.804159;0.3985036, -0.03814642, 2.806505;0.6038777, -0.2460277, 2.940624;0.3280618, -0.1950762, 2.976634;0.5210394, -0.1099297, 2.740893;0.3258072, -0.6420233, 3.041643;0.6435381, -0.6828802, 2.582533;0.6450427, -0.2879017, 2.970914;0.6494243, -0.3532028, 3.042809;0.7200493, -0.3064581, 2.948017;0.4055672, -0.5771717, 2.970698;0.6343844, -0.4871424, 2.609929;0.5279436, -0.745671, 3.007117;0.7535275, -0.8287287, 2.7014;0.4777035, -0.807397, 3.05211;0.6874812, -0.7963302, 2.647115;
0.2848162, 0.1028664, 2.802927;0.3980684, -0.04490105, 2.804943;0.6029705, -0.2505352, 2.939888;0.3257129, -0.1945741, 2.974346;0.5222143, -0.1152726, 2.739688;0.3506659, -0.7710623, 3.028666;0.6443977, -0.6845336, 2.581832;0.6440584, -0.2918702, 2.970302;0.6477658, -0.3569701, 3.040724;0.7194511, -0.3084531, 2.948453;0.3686908, -0.6066732, 2.961527;0.5859172, -0.4821329, 2.62378;0.5453521, -0.8353888, 3.034467;0.7186292, -0.814701, 2.731345;0.4605254, -0.8070322, 3.05471;0.6813578, -0.7928349, 2.650461;
0.2834695, 0.09505033, 2.797921;0.3978842, -0.04706891, 2.804511;0.5469068, -0.305714, 2.957009;0.3263446, -0.1960639, 2.97237;0.5218441, -0.1177399, 2.739267;0.3595937, -0.7795354, 3.029293;0.6427022, -0.6835322, 2.579641;0.5768504, -0.3558065, 2.991146;0.5532588, -0.4320606, 3.069281;0.661534, -0.3817527, 2.972059;0.2424754, -0.6940246, 3.007113;0.6051761, -0.4706484, 2.593338;0.5138333, -0.8040568, 3.067153;0.7286271, -0.8111163, 2.74152;0.4226233, -0.8075405, 3.057713;0.6869938, -0.7940719, 2.661541;
0.2836463, 0.0948658, 2.796682;0.3972694, -0.05037995, 2.803769;0.5469685, -0.3062165, 2.956728;0.3266662, -0.1973409, 2.97188;0.5215437, -0.1212579, 2.738907;0.3552285, -0.7739274, 3.026176;0.6437948, -0.6854758, 2.582024;0.5769615, -0.3563337, 2.990852;0.5534878, -0.4325873, 3.068801;0.6615286, -0.3820438, 2.971838;0.242619, -0.6948826, 3.006785;0.6095944, -0.4717599, 2.593213;0.5410445, -0.7273002, 3.036384;0.7322416, -0.811367, 2.744046;0.4839143, -0.7974983, 3.053421;0.6891946, -0.795321, 2.664225;
0.2839552, 0.09424363, 2.795872;0.3967811, -0.05144614, 2.802971;0.5468596, -0.3062838, 2.956609;0.3243501, -0.196668, 2.970131;0.5221193, -0.1229825, 2.738262;0.3544199, -0.7726057, 3.026829;0.6430354, -0.6852236, 2.580772;0.5768456, -0.3564103, 2.990781;0.5530629, -0.4324724, 3.068156;0.6611996, -0.3820322, 2.972782;0.2424219, -0.6959532, 3.006822;0.6411608, -0.5121671, 2.677629;0.5438862, -0.7110544, 3.026265;0.7496305, -0.8762659, 2.728982;0.4905937, -0.7864163, 3.028206;0.7036106, -0.8629109, 2.65007;
0.2834797, 0.08952615, 2.796132;0.3962225, -0.0536685, 2.802631;0.5438166, -0.3112027, 2.952994;0.3246343, -0.2012914, 2.970793;0.5217024, -0.1239307, 2.737558;0.3549914, -0.7713447, 3.02683;0.6443798, -0.721521, 2.589685;0.5729351, -0.3625895, 2.985974;0.546644, -0.4404362, 3.058625;0.6566067, -0.3871723, 2.968093;0.2418865, -0.6959504, 3.007073;0.6051729, -0.5291175, 2.642407;0.5434561, -0.710981, 3.025227;0.7136426, -0.8932163, 2.693818;0.4896859, -0.7862433, 3.027722;0.6675186, -0.8798311, 2.614727;
0.2832868, 0.08912964, 2.795687;0.3961784, -0.05371969, 2.80247;0.5441585, -0.3108247, 2.952966;0.3246045, -0.2010462, 2.970485;0.5212001, -0.1241545, 2.736976;0.3550853, -0.7605722, 3.027233;0.6358804, -0.6835676, 2.592602;0.5735706, -0.3619623, 2.986097;0.5482754, -0.4389578, 3.059272;0.6571906, -0.3863385, 2.968207;0.2418294, -0.6959983, 3.006235;0.6341516, -0.5134882, 2.668144;0.541977, -0.7245278, 3.026752;0.7426213, -0.877587, 2.719614;0.4882062, -0.78951, 3.027759;0.6964155, -0.8641781, 2.640383;
0.2841365, 0.09046877, 2.795957;0.3966234, -0.05300032, 2.801294;0.5444577, -0.3103642, 2.951598;0.3248997, -0.2010787, 2.969823;0.5216417, -0.1239196, 2.736497;0.3557743, -0.7593633, 3.027811;0.6363062, -0.6826978, 2.592221;0.5738586, -0.3616134, 2.984787;0.5484586, -0.4386817, 3.057899;0.6574522, -0.3858299, 2.966844;0.2437669, -0.6939142, 3.00377;0.5971764, -0.473709, 2.590893;0.5402298, -0.7207593, 3.043175;0.7210618, -0.8153324, 2.73503;0.4722807, -0.7767025, 3.029034;0.6821815, -0.8162442, 2.67497;
0.2843832, 0.09199736, 2.796849;0.3965877, -0.05252593, 2.800929;0.5442513, -0.3079847, 2.95113;0.3248773, -0.2010041, 2.9702;0.5215038, -0.1236483, 2.73652;0.3830856, -0.6370963, 3.019734;0.6589339, -0.7046089, 2.59311;0.5736455, -0.3587826, 2.984379;0.5483243, -0.4355441, 3.058581;0.6574571, -0.3832054, 2.965969;0.24174, -0.6798214, 3.007105;0.5972736, -0.4744652, 2.591381;0.5368968, -0.7254962, 3.040871;0.7210909, -0.8152914, 2.734973;0.4696601, -0.7742165, 3.02895;0.6671321, -0.8544556, 2.719298;
0.284553, 0.09438547, 2.798414;0.3963936, -0.05153562, 2.800838;0.5419637, -0.3074688, 2.947785;0.3264515, -0.2000452, 2.971256;0.5213664, -0.1228032, 2.736418;0.3549476, -0.758541, 3.03088;0.6527921, -0.6744425, 2.586466;0.5705734, -0.358613, 2.979776;0.5465202, -0.4358805, 3.055916;0.6523379, -0.3853445, 2.957333;0.2417381, -0.6827952, 3.005986;0.5976712, -0.4769143, 2.582562;0.5379429, -0.7385266, 3.023902;0.7213373, -0.8155582, 2.734561;0.4793651, -0.7767963, 3.025398;0.6679217, -0.8564622, 2.721302;
0.2847888, 0.09839554, 2.799887;0.3976967, -0.04712827, 2.800818;0.5433835, -0.2985044, 2.947605;0.3265838, -0.1919259, 2.972496;0.5216351, -0.120544, 2.735445;0.3572959, -0.7574106, 3.03039;0.6629082, -0.6984391, 2.597566;0.572221, -0.3485306, 2.979891;0.5477507, -0.4224668, 3.057571;0.6550326, -0.3758452, 2.957227;0.2351259, -0.6414887, 3.00753;0.5977186, -0.4791811, 2.586641;0.5096914, -0.7533494, 3.049935;0.7216628, -0.8153796, 2.734706;0.4927999, -0.8076341, 3.011839;0.667978, -0.8534988, 2.716043;
0.2947276, 0.1218444, 2.805895;0.4020557, -0.03519533, 2.801383;0.5431406, -0.2974538, 2.944866;0.3296795, -0.183274, 2.974193;0.5232022, -0.1147414, 2.734636;0.3888144, -0.7165767, 3.017903;0.6638273, -0.698965, 2.598222;0.5715178, -0.3484387, 2.976304;0.5467778, -0.4225977, 3.052547;0.6527964, -0.3777443, 2.951687;0.237606, -0.6451105, 3.007386;0.5971251, -0.4953894, 2.585934;0.5140657, -0.7521628, 3.048738;0.7196062, -0.829879, 2.72631;0.5055801, -0.8119827, 3.01611;0.696101, -0.7584952, 2.671699;
0.2987834, 0.1510415, 2.808596;0.4043305, -0.02175638, 2.80123;0.5448645, -0.2836241, 2.94513;0.3299796, -0.1674422, 2.970675;0.5256324, -0.1035717, 2.732842;0.3503424, -0.6614, 3.030726;0.6641224, -0.6948506, 2.596795;0.5729625, -0.3360179, 2.976927;0.5470412, -0.4069275, 3.050285;0.6538292, -0.3639499, 2.955145;0.2382104, -0.6352642, 3.007029;0.6029611, -0.4882231, 2.591468;0.5185373, -0.7243619, 3.056453;0.7236204, -0.8225421, 2.72717;0.524125, -0.7882073, 3.029884;0.6706355, -0.8633969, 2.742884;
0.3015986, 0.1529141, 2.808105;0.409864, 0.0006462713, 2.803801;0.5532214, -0.2544522, 2.945628;0.3301256, -0.1610477, 2.971319;0.5262966, -0.09203461, 2.731685;0.3894244, -0.6987086, 2.993073;0.6270494, -0.6169528, 2.614565;0.5819672, -0.3053175, 2.9772;0.5568289, -0.3784901, 3.053385;0.6632035, -0.3365138, 2.953628;0.415249, -0.6156933, 3.011611;0.6029876, -0.4878418, 2.602999;0.4472009, -0.7159751, 3.023551;0.7191818, -0.808895, 2.749792;0.5144919, -0.7797621, 3.029093;0.690347, -0.8612995, 2.716092;
0.3056511, 0.1627895, 2.809719;0.4162125, 0.01766906, 2.803922;0.6052702, -0.203247, 2.926379;0.3316849, -0.1556131, 2.972925;0.5287098, -0.07376549, 2.732002;0.3791668, -0.6618935, 3.002887;0.6504577, -0.6284839, 2.598853;0.6422452, -0.2496734, 2.954185;0.6472922, -0.3209032, 3.028754;0.7181858, -0.2801333, 2.92943;0.4385951, -0.6179187, 3.000795;0.596521, -0.4856422, 2.62834;0.5006289, -0.7463185, 3.024982;0.7176741, -0.8035326, 2.751532;0.4713173, -0.8105006, 2.985377;0.6943986, -0.8612142, 2.722183;
0.3149906, 0.1856905, 2.816194;0.4215979, 0.04050302, 2.810513;0.6060636, -0.2021593, 2.927513;0.3368512, -0.03881823, 2.959249;0.5308043, -0.05575038, 2.732403;0.3739468, -0.6453585, 2.985719;0.644757, -0.6191812, 2.599429;0.6429012, -0.2492829, 2.95498;0.6482871, -0.3099533, 3.024121;0.7155821, -0.2808597, 2.932095;0.4392171, -0.5600712, 2.987564;0.6048576, -0.500172, 2.637744;0.4974723, -0.7441634, 3.023834;0.7167701, -0.7940695, 2.753267;0.4580022, -0.8077153, 2.992893;0.6987193, -0.8547308, 2.726253;
0.3231637, 0.2138216, 2.820818;0.4247281, 0.06222568, 2.817102;0.6091626, -0.1854165, 2.930348;0.337934, -0.03679156, 2.961344;0.5369926, -0.02965393, 2.732248;0.3372449, -0.5745665, 3.00174;0.6527072, -0.6074966, 2.595731;0.6458609, -0.2349896, 2.956662;0.6510273, -0.2941537, 3.024705;0.7163738, -0.2739732, 2.932212;0.4380578, -0.5551628, 2.990832;0.6150476, -0.5047891, 2.644512;0.4966471, -0.7385186, 3.023259;0.717126, -0.7884362, 2.754377;0.458724, -0.8011815, 2.988511;0.7004463, -0.8501579, 2.728674;
0.3296989, 0.2413938, 2.826196;0.4344176, 0.09172367, 2.822789;0.6079201, -0.1759455, 2.93341;0.3414972, -0.02857662, 2.969914;0.5365604, -0.003577224, 2.733734;0.3732266, -0.6139882, 2.982168;0.6514505, -0.5870134, 2.593582;0.6436383, -0.2278246, 2.959224;0.6470932, -0.2874004, 3.025516;0.7109399, -0.2666503, 2.935275;0.4432522, -0.5490008, 2.995073;0.6245455, -0.5099906, 2.654417;0.4986918, -0.7382478, 3.024971;0.7174268, -0.785432, 2.755704;0.4594887, -0.7984967, 2.987911;0.7014216, -0.8472617, 2.730283;
0.349811, 0.2894191, 2.826573;0.4398678, 0.1207806, 2.824036;0.6075805, -0.150257, 2.936633;0.3488647, -0.003867165, 2.978561;0.5427487, 0.03548656, 2.74028;0.3459157, -0.5529802, 3.002261;0.6510534, -0.533236, 2.595014;0.6415923, -0.2048992, 2.96242;0.641889, -0.2681153, 3.028502;0.7083247, -0.247556, 2.937152;0.42702, -0.5697209, 2.994679;0.636065, -0.5109251, 2.672609;0.541557, -0.8359818, 3.046256;0.7186949, -0.7828826, 2.756037;0.5225619, -0.7736744, 3.023966;0.7020556, -0.8455123, 2.732788;
0.36792, 0.3229098, 2.83502;0.4460607, 0.149852, 2.829714;0.600668, -0.1372914, 2.946399;0.3557098, 0.02628259, 2.980102;0.5474725, 0.04872553, 2.74405;0.3274341, -0.5406942, 2.984863;0.6516932, -0.5229337, 2.593001;0.6316622, -0.1930327, 2.97378;0.6231685, -0.2492657, 3.043578;0.6964242, -0.2398086, 2.948565;0.4253876, -0.559869, 2.992687;0.638527, -0.5040879, 2.682384;0.5344436, -0.8278858, 3.043352;0.7196441, -0.7812327, 2.757323;0.5295094, -0.7632211, 3.019962;0.7027401, -0.8439144, 2.734125;
0.3818475, 0.364673, 2.845469;0.4524747, 0.1943078, 2.837782;0.6088775, -0.1056158, 2.948896;0.3613368, 0.05638833, 2.986417;0.5557063, 0.08200441, 2.751208;0.3296322, -0.5398391, 2.985018;0.6558868, -0.4950035, 2.593695;0.6397247, -0.1660757, 2.974755;0.6332965, -0.2279475, 3.037761;0.7023112, -0.2096432, 2.951145;0.438384, -0.5403187, 2.993461;0.6445932, -0.5078129, 2.697595;0.5372891, -0.8116195, 3.043322;0.7209464, -0.7827667, 2.75931;0.505226, -0.8368219, 3.098689;0.7022766, -0.8436754, 2.733421;
0.3848186, 0.3876436, 2.855237;0.4575134, 0.2152054, 2.841574;0.6012865, -0.0961438, 2.957936;0.367954, 0.0789374, 2.993931;0.5567223, 0.09932582, 2.750832;0.3544491, -0.5056898, 2.983471;0.6564553, -0.466226, 2.593158;0.6293472, -0.1573671, 2.985494;0.6156885, -0.2117766, 3.048515;0.6881692, -0.2039946, 2.963423;0.4418052, -0.5346513, 2.995722;0.6476582, -0.5089356, 2.69813;0.5304981, -0.8108124, 3.037485;0.7220198, -0.7833059, 2.760913;0.5077811, -0.7834336, 3.096457;0.702232, -0.8435277, 2.733985;
0.3953985, 0.4377108, 2.872571;0.4643638, 0.2577179, 2.857924;0.6044735, -0.06670579, 2.962722;0.3722297, 0.1199426, 2.999317;0.5565876, 0.1413428, 2.762327;0.3604268, -0.4909148, 2.984998;0.6597936, -0.4362557, 2.599536;0.6323811, -0.1316015, 2.9877;0.620952, -0.1861951, 3.046201;0.6894655, -0.1816383, 2.963429;0.4562665, -0.5136065, 2.997843;0.6538317, -0.4921193, 2.707937;0.5263231, -0.7958061, 3.033763;0.7212353, -0.7742848, 2.758808;0.5205534, -0.8355779, 3.096893;0.7045187, -0.8375146, 2.73704;
0.3952839, 0.4414969, 2.873676;0.4725869, 0.2835359, 2.863346;0.6095335, -0.03508086, 2.970227;0.3792859, 0.1480724, 2.997325;0.5601934, 0.1616406, 2.76436;0.3631191, -0.4201707, 3.002848;0.6534636, -0.4202097, 2.598851;0.6368211, -0.09876116, 2.995085;0.6254432, -0.1545679, 3.055643;0.6935294, -0.153067, 2.96747;0.4711875, -0.4858082, 3.001738;0.6570522, -0.4873061, 2.712459;0.5357193, -0.7693151, 3.034807;0.7225453, -0.7694919, 2.757305;0.5241702, -0.8372324, 3.030615;0.7054539, -0.8339363, 2.73761;
0.4101507, 0.4846151, 2.892906;0.4790616, 0.3176508, 2.869556;0.6135004, -0.02452842, 2.971295;0.3872429, 0.1785846, 3.000358;0.5706284, 0.1912376, 2.766804;0.3614261, -0.4196662, 2.991714;0.6451455, -0.3682148, 2.598559;0.6403089, -0.091249, 2.995527;0.629353, -0.1460919, 3.054444;0.6963143, -0.1442751, 2.968127;0.4723251, -0.4751623, 2.999463;0.6648715, -0.4699929, 2.719959;0.5352943, -0.7474178, 3.032711;0.7247697, -0.7651274, 2.757432;0.4879017, -0.8000321, 2.993357;0.7054498, -0.8339916, 2.736544;
0.418907, 0.5129672, 2.899768;0.4920263, 0.3527588, 2.88279;0.6156248, 0.00762652, 2.976946;0.3890222, 0.2184208, 3.014812;0.5753716, 0.2278381, 2.778207;0.3645678, -0.3640762, 3.006928;0.6369672, -0.3587579, 2.601985;0.6405551, -0.06197008, 2.999271;0.6280611, -0.1190953, 3.05614;0.6946425, -0.1195642, 2.970931;0.4845409, -0.4537005, 3.001967;0.6688534, -0.4627793, 2.722935;0.5349442, -0.745888, 3.033039;0.7281401, -0.7626821, 2.758255;0.4864108, -0.7968963, 2.993167;0.7053782, -0.8343189, 2.733729;
0.4226423, 0.5244836, 2.907307;0.5100862, 0.3401923, 2.895357;0.616124, 0.01233593, 2.977539;0.3964678, 0.2377825, 3.018665;0.5753047, 0.2417257, 2.782503;0.3683501, -0.3393198, 3.008498;0.6387317, -0.3107409, 2.615454;0.6390368, -0.05180792, 2.998637;0.6259154, -0.1088175, 3.056855;0.6920755, -0.1112229, 2.96811;0.491124, -0.4462394, 3.002928;0.6835245, -0.4374243, 2.735308;0.5348319, -0.7453676, 3.033864;0.7284119, -0.7613949, 2.758337;0.4845411, -0.795117, 2.994773;0.7057927, -0.8344851, 2.735294;
0.4421723, 0.5787994, 2.930779;0.5096174, 0.4157792, 2.907289;0.6151931, 0.04669168, 2.978857;0.4045542, 0.2642376, 3.021879;0.5797827, 0.2724054, 2.792111;0.3678519, -0.3195551, 2.995086;0.6350912, -0.2990899, 2.611294;0.6370636, -0.02968739, 2.997449;0.6201355, -0.08280873, 3.059426;0.6904522, -0.09558883, 2.959986;0.4967385, -0.436906, 3.004574;0.6842127, -0.4361994, 2.737552;0.5359308, -0.7430592, 3.034322;0.7303786, -0.7592158, 2.758583;0.484476, -0.7902583, 2.993702;0.7064015, -0.8345484, 2.735913;
0.4571634, 0.5956032, 2.946832;0.5414417, 0.3716773, 2.93028;0.614083, 0.04924515, 2.980768;0.4110194, 0.283134, 3.026636;0.5879223, 0.2992366, 2.800121;0.3669469, -0.2898714, 2.991493;0.637986, -0.2668974, 2.623019;0.6305946, -0.01744664, 2.999188;0.6127708, -0.0738642, 3.055908;0.6777081, -0.07844101, 2.964908;0.4999021, -0.4321794, 3.004584;0.6871347, -0.4298679, 2.743815;0.5361402, -0.7418243, 3.034284;0.7309089, -0.7598922, 2.758806;0.4841662, -0.7865621, 2.991786;0.7063619, -0.8345746, 2.734495;
0.4524075, 0.6307197, 2.946507;0.5277917, 0.4717336, 2.932733;0.602563, 0.1036763, 2.975842;0.4170023, 0.3162187, 3.033553;0.5924536, 0.324819, 2.807761;0.3692319, -0.2679023, 2.995708;0.6467154, -0.258144, 2.638358;0.6175172, 0.03006483, 2.98781;0.596877, -0.03894722, 3.043038;0.6656497, -0.03143231, 2.945888;0.502647, -0.4276446, 3.003987;0.6891396, -0.4214442, 2.752769;0.5365832, -0.7416007, 3.034343;0.7312159, -0.7598302, 2.759071;0.4832776, -0.7844032, 2.991692;0.7071139, -0.832688, 2.734676;
0.4723749, 0.651194, 2.965263;0.5399775, 0.4872858, 2.942851;0.603887, 0.1079226, 2.975277;0.4238545, 0.3250145, 3.031855;0.6009231, 0.3449244, 2.817096;0.3706859, -0.2550403, 2.998528;0.6507629, -0.2356251, 2.641827;0.617964, 0.03342053, 2.986371;0.595584, -0.03343312, 3.038911;0.6654317, -0.02595897, 2.943356;0.5043758, -0.426848, 3.004131;0.6903713, -0.4146954, 2.758879;0.5369625, -0.7413989, 3.03443;0.7312344, -0.7598541, 2.759153;0.4844482, -0.7824899, 2.989339;0.7071151, -0.8328408, 2.734702;
0.5002797, 0.6810452, 2.984789;0.5527857, 0.5106163, 2.951592;0.6016088, 0.1476291, 2.971518;0.4306555, 0.3553503, 3.043342;0.6089246, 0.3634819, 2.824611;0.3745795, -0.2395189, 2.997226;0.6523592, -0.2047411, 2.646483;0.61063, 0.07652346, 2.97822;0.5792354, 0.008806762, 3.03323;0.6588471, 0.009614282, 2.927365;0.5078448, -0.4235104, 3.004784;0.6876695, -0.4072145, 2.761725;0.5370995, -0.740957, 3.03472;0.7321108, -0.7630823, 2.761121;0.4831912, -0.7800977, 2.989743;0.7073876, -0.833535, 2.735881;
0.4999754, 0.6881558, 2.985218;0.5584499, 0.5196379, 2.955544;0.6017323, 0.1529069, 2.970468;0.4384754, 0.3785658, 3.050297;0.614226, 0.3744372, 2.82839;0.3804051, -0.2103506, 3.009068;0.6566328, -0.1922693, 2.652384;0.6102781, 0.08070131, 2.97677;0.5788296, 0.01207805, 3.031783;0.6573294, 0.01585447, 2.924115;0.5107024, -0.4189984, 3.004466;0.6857791, -0.4015706, 2.764795;0.5380123, -0.7403556, 3.034463;0.7324972, -0.7640941, 2.761695;0.4830731, -0.7787845, 2.990343;0.7072019, -0.8333932, 2.73605;
0.5070837, 0.7096417, 2.996114;0.5749043, 0.5446769, 2.970008;0.6025408, 0.164343, 2.967793;0.4425134, 0.3811506, 3.048419;0.6239395, 0.3936853, 2.833668;0.3779876, -0.225154, 3.005812;0.6561943, -0.1854077, 2.654112;0.6093769, 0.09053157, 2.972028;0.5767682, 0.01776176, 3.027754;0.6546193, 0.02766972, 2.913717;0.5116792, -0.4123063, 3.00232;0.6850605, -0.3997877, 2.767323;0.5382893, -0.7401227, 3.034179;0.7328483, -0.7660816, 2.762876;0.4841475, -0.7763551, 2.987485;0.7072925, -0.8339714, 2.737217;
0.5422819, 0.7271519, 3.018217;0.579268, 0.5518458, 2.973382;0.601123, 0.1706607, 2.967264;0.4494625, 0.3862634, 3.048194;0.6332012, 0.409382, 2.839821;0.3818496, -0.2109495, 3.008915;0.6676894, -0.1673379, 2.665663;0.6064652, 0.09608257, 2.970344;0.570263, 0.02462474, 3.024318;0.6511509, 0.03293881, 2.911368;0.5118167, -0.4118571, 3.002172;0.6838888, -0.396455, 2.76946;0.5397022, -0.7400338, 3.034413;0.7324894, -0.7653816, 2.762937;0.4863607, -0.7755331, 2.986422;0.7069799, -0.8338117, 2.736835;
0.5444819, 0.7330081, 3.024424;0.5892473, 0.5594437, 2.974757;0.6004097, 0.1793503, 2.96706;0.4547412, 0.3993515, 3.05507;0.6402634, 0.4173972, 2.842439;0.386169, -0.1864087, 3.010479;0.6682249, -0.1643063, 2.666403;0.6034497, 0.1048281, 2.969443;0.5644503, 0.03095175, 3.023831;0.647876, 0.03962643, 2.909471;0.5125108, -0.4109971, 3.001849;0.6837834, -0.3930168, 2.771732;0.5401782, -0.739495, 3.034727;0.7327963, -0.7662435, 2.763409;0.4862935, -0.7742091, 2.986917;0.7070681, -0.8339125, 2.736087;
0.5668893, 0.747007, 3.037746;0.5972015, 0.5705829, 2.980889;0.5992932, 0.1855415, 2.966909;0.4598113, 0.408039, 3.061365;0.6483448, 0.4284635, 2.846581;0.3858777, -0.1925851, 3.012015;0.6687028, -0.1619211, 2.668708;0.6008375, 0.1101905, 2.968285;0.5594615, 0.03649652, 3.020599;0.6436928, 0.04640188, 2.908166;0.5147495, -0.4060355, 3.00008;0.6816148, -0.3908, 2.775181;0.5410357, -0.7397817, 3.0353;0.7330501, -0.7653044, 2.765525;0.486977, -0.7736515, 2.987219;0.7072465, -0.83387, 2.736508;
0.5701916, 0.7535813, 3.04294;0.6066079, 0.5777229, 2.989765;0.5995688, 0.1893965, 2.966917;0.4651889, 0.416677, 3.065698;0.6508905, 0.4334684, 2.8481;0.3896387, -0.1865171, 3.010921;0.6698681, -0.1543863, 2.671591;0.5999213, 0.1135199, 2.967192;0.5574936, 0.04006556, 3.018116;0.6413838, 0.05086787, 2.906111;0.5151171, -0.4039673, 2.998902;0.6807951, -0.3894426, 2.777061;0.5424159, -0.7402294, 3.036903;0.7331191, -0.7651299, 2.765676;0.4874288, -0.7732712, 2.989438;0.7071907, -0.8339489, 2.736655;
0.5851678, 0.7689922, 3.053557;0.6127882, 0.5911193, 3.002236;0.5984125, 0.1928225, 2.96665;0.4670336, 0.419354, 3.0675;0.6585037, 0.4433076, 2.85289;0.3931699, -0.1803292, 3.009427;0.6710606, -0.1486414, 2.673372;0.5973393, 0.1161765, 2.965244;0.5507885, 0.0445276, 3.011236;0.6382803, 0.05486711, 2.904125;0.5156097, -0.4033188, 2.99851;0.6798487, -0.3870518, 2.780233;0.542629, -0.740178, 3.037252;0.7339084, -0.7633749, 2.766704;0.4882653, -0.7723668, 2.988605;0.7069929, -0.8332996, 2.733854;
0.5853633, 0.7727412, 3.053267;0.6160003, 0.5948462, 3.00745;0.5962813, 0.2001702, 2.967918;0.4726455, 0.4312685, 3.071239;0.6651089, 0.4517258, 2.857684;0.394972, -0.1744847, 3.013272;0.6728326, -0.138498, 2.675691;0.5933167, 0.1231828, 2.964742;0.5450577, 0.05141958, 3.010092;0.6340139, 0.06135315, 2.902649;0.5180965, -0.4007108, 2.998342;0.679839, -0.386811, 2.781229;0.5427213, -0.7401726, 3.037303;0.7346654, -0.7649634, 2.769357;0.4884936, -0.7718843, 2.988298;0.707137, -0.8338087, 2.737098;
0.5907992, 0.7794399, 3.056226;0.6219533, 0.6013314, 3.011722;0.59464, 0.2044722, 2.968835;0.477616, 0.4386362, 3.072835;0.66687, 0.4544683, 2.858952;0.4010699, -0.1692035, 3.024999;0.674277, -0.1332148, 2.678173;0.5901496, 0.1269369, 2.964831;0.5411086, 0.0552061, 3.01047;0.6290632, 0.06515753, 2.901705;0.5196362, -0.400241, 2.998488;0.6801536, -0.386613, 2.782466;0.5444275, -0.7415835, 3.038517;0.7363137, -0.7635328, 2.770863;0.4897287, -0.7728996, 2.989879;0.7070779, -0.8338516, 2.736817;
0.5963545, 0.78738, 3.061834;0.6307349, 0.6095825, 3.018012;0.5931633, 0.2099131, 2.967762;0.4796324, 0.4421727, 3.071617;0.6704733, 0.457745, 2.864075;0.4026816, -0.1628035, 3.025323;0.675027, -0.1296622, 2.679174;0.5865564, 0.1322873, 2.962035;0.5364227, 0.05906087, 3.007806;0.6231332, 0.07011749, 2.895581;0.5218093, -0.3993457, 2.998745;0.6820832, -0.3851821, 2.786576;0.545645, -0.7428303, 3.039711;0.737633, -0.7612357, 2.772741;0.491652, -0.7735708, 2.989977;0.7071596, -0.8336454, 2.73704;
0.5959464, 0.7905076, 3.062779;0.635463, 0.6134701, 3.023049;0.5910772, 0.2149043, 2.967518;0.4805069, 0.4437834, 3.074273;0.6718996, 0.4600426, 2.865276;0.4043368, -0.1587413, 3.024934;0.6763387, -0.1333948, 2.681954;0.5825806, 0.1373736, 2.960429;0.5303825, 0.06326814, 3.006136;0.6181055, 0.07513671, 2.891751;0.523859, -0.399769, 2.999545;0.6833919, -0.3846429, 2.790721;0.5507376, -0.7467089, 3.04532;0.7377853, -0.7585913, 2.772173;0.4965039, -0.777117, 2.995701;0.7070722, -0.8331344, 2.737629;
0.6012898, 0.7941794, 3.074269;0.6381675, 0.6164139, 3.026952;0.5897235, 0.2174857, 2.967251;0.4820158, 0.4473474, 3.07714;0.6733191, 0.4621924, 2.868284;0.4048232, -0.1586252, 3.026412;0.6768721, -0.1294559, 2.683006;0.5802783, 0.139711, 2.959282;0.527168, 0.06528422, 3.004638;0.6151561, 0.0777556, 2.889523;0.5269393, -0.3995223, 3.001959;0.6857166, -0.3802694, 2.796034;0.5555798, -0.7488806, 3.049985;0.7385281, -0.7555915, 2.774412;0.5013306, -0.7791113, 3.000305;0.7084442, -0.8331403, 2.741331;
0.6019046, 0.7951095, 3.074999;0.6428977, 0.6178626, 3.031682;0.5886426, 0.2192211, 2.966674;0.4834859, 0.4519211, 3.081598;0.675493, 0.4638279, 2.869407;0.4060702, -0.1548164, 3.027688;0.6774585, -0.1253302, 2.683531;0.5778311, 0.1416709, 2.957504;0.522518, 0.0678182, 3.001267;0.6121995, 0.07973152, 2.88696;0.5293838, -0.3987557, 3.003873;0.6870818, -0.3772029, 2.799568;0.559014, -0.7506908, 3.051347;0.7388726, -0.7547393, 2.774268;0.5418209, -0.815666, 3.044249;0.7084507, -0.8331469, 2.741374;
0.60849, 0.795929, 3.076769;0.6449105, 0.6173996, 3.034171;0.5868513, 0.2199751, 2.965626;0.4846198, 0.4523481, 3.081637;0.6762684, 0.4643858, 2.870356;0.4070098, -0.1527385, 3.030093;0.6783215, -0.1210171, 2.683687;0.5743299, 0.1424036, 2.954997;0.518094, 0.06867928, 2.998576;0.6071737, 0.08049819, 2.882302;0.5323646, -0.3976427, 3.005633;0.6869384, -0.3769661, 2.800111;0.5596778, -0.7486812, 3.050018;0.7394117, -0.7531565, 2.774563;0.5051706, -0.7786052, 3.000472;0.7093534, -0.8322039, 2.742114;
0.6097693, 0.7959175, 3.077913;0.6456027, 0.616987, 3.036272;0.584583, 0.2206447, 2.965147;0.4854815, 0.4524224, 3.08321;0.6795157, 0.466256, 2.871686;0.4089712, -0.150882, 3.032431;0.6789381, -0.1197326, 2.680939;0.571153, 0.1429619, 2.953857;0.5133137, 0.06953518, 2.996523;0.6045904, 0.08091304, 2.881314;0.5338954, -0.3970628, 3.006156;0.6871644, -0.3785047, 2.801305;0.5600278, -0.7489131, 3.049706;0.7394162, -0.751793, 2.774638;0.505677, -0.7787814, 2.999931;0.7096301, -0.831476, 2.74246;
0.6151636, 0.7966819, 3.07939;0.6464596, 0.6166458, 3.037165;0.5827637, 0.2204414, 2.964018;0.4866636, 0.4513874, 3.082788;0.6807865, 0.4664332, 2.87315;0.4057355, -0.1695325, 3.034593;0.6799384, -0.1203592, 2.681628;0.5684873, 0.1423616, 2.951994;0.5103528, 0.06875217, 2.994688;0.6013263, 0.08016475, 2.878653;0.5338914, -0.3970594, 3.006109;0.686014, -0.3808196, 2.801461;0.5599713, -0.7480802, 3.04863;0.7390497, -0.7519076, 2.774762;0.5057602, -0.7779149, 2.998666;0.7094318, -0.8310012, 2.743128;
0.6170946, 0.7963744, 3.078938;0.6489725, 0.6161817, 3.039194;0.5814002, 0.2187927, 2.962049;0.5008882, 0.451759, 3.054895;0.6814031, 0.4656037, 2.873664;0.4078103, -0.1612366, 3.035643;0.6793169, -0.1219627, 2.679435;0.5662247, 0.1395424, 2.948651;0.5089644, 0.06740632, 2.991315;0.598568, 0.07860899, 2.87578;0.533206, -0.3966919, 3.005665;0.6826489, -0.3804167, 2.800959;0.5602105, -0.7475397, 3.048521;0.7391615, -0.7516211, 2.775018;0.5077398, -0.7773136, 2.996658;0.7092614, -0.8308219, 2.74271;
0.619455, 0.796454, 3.078898;0.6530051, 0.6163516, 3.041902;0.5808586, 0.2176782, 2.959839;0.5031741, 0.4505031, 3.049604;0.6821923, 0.4648689, 2.87516;0.4090986, -0.1521918, 3.038642;0.6788027, -0.1227173, 2.677581;0.5651385, 0.1377604, 2.945178;0.5081983, 0.06613912, 2.987417;0.5965552, 0.07763313, 2.871428;0.5327215, -0.3969496, 3.005588;0.6791342, -0.3796051, 2.801088;0.5599523, -0.7481629, 3.047829;0.7386639, -0.751946, 2.774642;0.5081536, -0.7779322, 2.995269;0.7090186, -0.8307478, 2.741971;
0.6328174, 0.798215, 3.080477;0.6547896, 0.6160766, 3.043255;0.5798663, 0.2169988, 2.957942;0.5038399, 0.4511423, 3.049729;0.6824674, 0.4647064, 2.875707;0.4085732, -0.1614494, 3.04047;0.6779685, -0.1226614, 2.67615;0.5636394, 0.1369144, 2.942584;0.5067