0.5626615, 0.8247656, 3.043319;0.6294247, 0.6107374, 3.014827;0.5735235, 0.2307328, 2.954567;0.4811133, 0.4543579, 3.082792;0.6825149, 0.461462, 2.858892;0.4010588, -0.165577, 2.984634;0.6505746, -0.107807, 2.68814;0.5623432, 0.1547319, 2.946097;0.5063769, 0.08073038, 2.991805;0.5970076, 0.0839272, 2.873909;0.5375951, -0.3985345, 3.006753;0.6844128, -0.3852851, 2.807573;0.5611575, -0.7485416, 3.049859;0.7397728, -0.7425103, 2.776568;0.5361978, -0.8151531, 3.037638;0.7068141, -0.8278957, 2.742529;
0.5611972, 0.824914, 3.043114;0.6293138, 0.6105567, 3.014762;0.5734099, 0.2310494, 2.954499;0.481237, 0.4552968, 3.084685;0.6825612, 0.4615257, 2.858723;0.4012752, -0.1616969, 2.986281;0.6500656, -0.1083943, 2.687412;0.5622061, 0.155264, 2.946051;0.5061744, 0.08110619, 2.991996;0.5969071, 0.08406321, 2.873571;0.5370651, -0.3994718, 3.007226;0.6841265, -0.3849869, 2.80707;0.5610712, -0.748684, 3.049829;0.7403526, -0.7439898, 2.777559;0.5005499, -0.7820282, 2.994999;0.7059791, -0.8302339, 2.741624;
0.5613635, 0.8253198, 3.043234;0.6286528, 0.6101978, 3.014346;0.5732402, 0.2310485, 2.954272;0.4822611, 0.4556485, 3.081481;0.6821764, 0.4614545, 2.858409;0.4014447, -0.1528991, 2.988968;0.6497239, -0.10928, 2.687173;0.562089, 0.1552894, 2.945841;0.5062302, 0.08140419, 2.99161;0.5966706, 0.08422276, 2.873464;0.5363889, -0.3993907, 3.006841;0.6842608, -0.3867887, 2.806829;0.561378, -0.7482801, 3.050151;0.7400909, -0.7469789, 2.779416;0.5003111, -0.7817378, 2.994586;0.7060678, -0.8303162, 2.74201;
0.5610263, 0.8254945, 3.044605;0.6280057, 0.6101186, 3.013065;0.5731401, 0.2311566, 2.954081;0.4827965, 0.4546285, 3.073916;0.682154, 0.4614965, 2.85839;0.4012708, -0.1545347, 2.988722;0.6496568, -0.1085606, 2.687539;0.5620381, 0.1553941, 2.945735;0.5062314, 0.08141016, 2.991594;0.5965886, 0.08434973, 2.873323;0.5363348, -0.3993842, 3.006812;0.6839469, -0.385963, 2.806654;0.5625806, -0.751941, 3.054237;0.7400817, -0.7473605, 2.779174;0.5018007, -0.7856904, 2.997289;0.706767, -0.8301599, 2.742984;
0.5598608, 0.8246841, 3.046468;0.6278662, 0.6095206, 3.012331;0.5729416, 0.2312586, 2.953967;0.4824784, 0.45589, 3.077476;0.6818941, 0.4611607, 2.858174;0.4008911, -0.1550487, 2.988725;0.6493439, -0.108474, 2.687185;0.5617773, 0.1556124, 2.945682;0.5059202, 0.08178787, 2.991762;0.596204, 0.08436428, 2.873205;0.536186, -0.3993159, 3.006752;0.6827257, -0.3835827, 2.805988;0.5608424, -0.7481335, 3.051418;0.7401216, -0.7475057, 2.779222;0.500066, -0.7816768, 2.995279;0.7066982, -0.8301173, 2.742925;
0.559649, 0.8251203, 3.046502;0.6274612, 0.6093361, 3.01198;0.5726336, 0.2310744, 2.953764;0.4826669, 0.4543287, 3.07213;0.6815876, 0.4612622, 2.858135;0.3986468, -0.1559775, 2.982149;0.6482401, -0.1145497, 2.684435;0.5615152, 0.1554369, 2.94553;0.5058291, 0.08167068, 2.991606;0.5959026, 0.08442178, 2.873224;0.5359392, -0.3986063, 3.006796;0.6827678, -0.3835692, 2.805649;0.5609479, -0.7471074, 3.050174;0.7402247, -0.747589, 2.779471;0.5336214, -0.8157305, 3.040792;0.7072738, -0.8302276, 2.743702;
0.561246, 0.8272927, 3.050018;0.6277332, 0.6106187, 3.012288;0.572542, 0.231155, 2.953747;0.4826148, 0.4544713, 3.071948;0.6810198, 0.4612339, 2.85832;0.398657, -0.1559588, 2.982126;0.6467444, -0.1190663, 2.681668;0.5613953, 0.1554554, 2.945498;0.5057676, 0.08175792, 2.991563;0.5955952, 0.08451321, 2.873228;0.5357612, -0.3985494, 3.006685;0.6824094, -0.3822506, 2.805279;0.5609204, -0.7486247, 3.050573;0.7394133, -0.748169, 2.778868;0.5022702, -0.7812544, 2.995396;0.7071919, -0.8300308, 2.744271;
0.5600822, 0.8285795, 3.047908;0.628525, 0.6120489, 3.013605;0.5723814, 0.2314841, 2.953755;0.482485, 0.4551503, 3.072271;0.6809326, 0.4612809, 2.858243;0.3987127, -0.1567155, 2.986043;0.6465532, -0.1213153, 2.681021;0.5611426, 0.1557177, 2.945406;0.5053937, 0.0822836, 2.991336;0.5951743, 0.08479691, 2.873045;0.5345885, -0.3988163, 3.006631;0.6823068, -0.3816343, 2.80509;0.5605466, -0.7487384, 3.05027;0.7396729, -0.748414, 2.779408;0.502255, -0.7811283, 2.995467;0.7073193, -0.8300018, 2.744497;
0.5595126, 0.8264235, 3.048756;0.626202, 0.6091326, 3.010002;0.5719365, 0.2311425, 2.953076;0.4822638, 0.4548782, 3.071905;0.6801624, 0.4611574, 2.857977;0.3987785, -0.1566633, 2.986011;0.6460787, -0.123301, 2.680411;0.5608862, 0.1555558, 2.945014;0.5053487, 0.08216132, 2.991127;0.5949511, 0.0847421, 2.872842;0.5345949, -0.3988208, 3.006631;0.6821496, -0.3815479, 2.805099;0.5609983, -0.7488395, 3.050233;0.7394977, -0.7492347, 2.778934;0.5028303, -0.7811927, 2.995679;0.7074534, -0.830083, 2.744523;
0.559213, 0.8271229, 3.048155;0.625848, 0.6098122, 3.010451;0.5714095, 0.2310782, 2.953184;0.4809052, 0.4529993, 3.073365;0.6794874, 0.4612246, 2.857621;0.398347, -0.1561771, 2.987745;0.6457422, -0.1249522, 2.6794;0.5602795, 0.1553549, 2.945108;0.5046861, 0.08155812, 2.991011;0.594169, 0.08548908, 2.873423;0.5345379, -0.3988892, 3.006725;0.6821311, -0.3810616, 2.804972;0.5615344, -0.7492051, 3.049648;0.7395887, -0.749664, 2.779206;0.5034593, -0.7813913, 2.995605;0.7073761, -0.8303362, 2.745854;
0.5586063, 0.8264133, 3.046712;0.6252163, 0.6091384, 3.010998;0.5706316, 0.2310408, 2.953645;0.4806166, 0.453984, 3.076825;0.679105, 0.4612675, 2.857733;0.3984766, -0.1563212, 2.98791;0.6455637, -0.1264535, 2.67854;0.5594803, 0.1554323, 2.945597;0.5039696, 0.08104294, 2.991615;0.5930705, 0.08620802, 2.873951;0.5344869, -0.3990493, 3.006809;0.6814162, -0.3802508, 2.805004;0.5628637, -0.7526028, 3.052751;0.739538, -0.7498477, 2.779188;0.539955, -0.8209893, 3.046978;0.7074085, -0.8302906, 2.746313;
0.5583473, 0.8264426, 3.046365;0.6250776, 0.6090472, 3.010956;0.5702388, 0.2309074, 2.953737;0.4805136, 0.4534168, 3.074942;0.6789215, 0.4612642, 2.857715;0.398192, -0.1556747, 2.986528;0.6457258, -0.1268776, 2.678567;0.5590528, 0.1552931, 2.945738;0.5034364, 0.08041565, 2.99197;0.5926524, 0.08636803, 2.874073;0.534194, -0.3995664, 3.006618;0.6813723, -0.3808911, 2.804694;0.5627788, -0.7514161, 3.051746;0.7397069, -0.7496272, 2.779508;0.5042645, -0.7837381, 2.997675;0.7075348, -0.8303766, 2.746276;
0.5592629, 0.8265615, 3.0445;0.6248212, 0.6087962, 3.010379;0.5700435, 0.2311638, 2.953616;0.4805398, 0.4530038, 3.075081;0.6787406, 0.4618653, 2.857734;0.3972974, -0.1563065, 2.983552;0.6454895, -0.1290925, 2.677539;0.558844, 0.1556907, 2.945683;0.5033365, 0.08032244, 2.992084;0.5922936, 0.08720393, 2.873743;0.5340328, -0.4000825, 3.006615;0.6813666, -0.3808807, 2.80467;0.5613953, -0.7512794, 3.050585;0.7397791, -0.7503312, 2.779077;0.5408395, -0.8201363, 3.039888;0.7076859, -0.8305889, 2.746624;
0.5574377, 0.8260779, 3.043824;0.6248942, 0.6088058, 3.010315;0.5698599, 0.2312187, 2.953584;0.4803059, 0.4526239, 3.075036;0.6785544, 0.4618882, 2.857579;0.3971933, -0.1572824, 2.980365;0.6453948, -0.1303506, 2.677448;0.558567, 0.1557637, 2.945671;0.5029367, 0.08007878, 2.992169;0.5918783, 0.08749451, 2.873683;0.5335299, -0.4000242, 3.006222;0.6806362, -0.3804071, 2.80458;0.5616897, -0.751143, 3.050549;0.7397141, -0.7513637, 2.779156;0.5406407, -0.8192849, 3.03901;0.7082565, -0.8302286, 2.747784;
0.5564733, 0.8259997, 3.042804;0.6247793, 0.6089004, 3.009769;0.5693208, 0.2311372, 2.953264;0.480127, 0.4517501, 3.074455;0.6778031, 0.4617806, 2.857427;0.3969868, -0.1569299, 2.979429;0.6453475, -0.1318058, 2.676903;0.55795, 0.1556331, 2.945407;0.5024422, 0.07979825, 2.991907;0.5911201, 0.08793829, 2.87365;0.5331084, -0.3996198, 3.006035;0.6804712, -0.3801752, 2.804226;0.5616289, -0.750922, 3.050672;0.7395832, -0.751618, 2.779309;0.5306109, -0.8314016, 3.087172;0.7083224, -0.8304172, 2.748209;
0.5566307, 0.8270515, 3.042812;0.6254414, 0.6099414, 3.009035;0.5691347, 0.2313237, 2.953127;0.4799089, 0.4518962, 3.074198;0.6778424, 0.4619336, 2.857736;0.3986783, -0.1578127, 2.985087;0.6455942, -0.1320749, 2.676729;0.5576738, 0.1557683, 2.945317;0.5018934, 0.07994956, 2.991671;0.5908124, 0.08853417, 2.873949;0.533103, -0.4001819, 3.006197;0.680315, -0.3797789, 2.80401;0.5609215, -0.7503614, 3.050457;0.7397732, -0.7513982, 2.779384;0.5029153, -0.7823676, 2.996976;0.7083439, -0.8307627, 2.748237;
0.5553548, 0.8261992, 3.040296;0.6251898, 0.6094428, 3.008966;0.5689643, 0.2312732, 2.953103;0.4797716, 0.4516198, 3.073428;0.6777502, 0.4618061, 2.857928;0.3985929, -0.1578469, 2.984497;0.6455309, -0.1323202, 2.676534;0.5575235, 0.1557553, 2.945309;0.5017123, 0.07975371, 2.991724;0.5906816, 0.08852723, 2.87388;0.5330628, -0.4001835, 3.006186;0.6802714, -0.379821, 2.803932;0.5611071, -0.7499794, 3.050153;0.7394926, -0.7510496, 2.778483;0.503419, -0.78187, 2.996734;0.7083457, -0.8306342, 2.74768;
0.5559468, 0.8265476, 3.040406;0.6251025, 0.6094891, 3.008782;0.5687472, 0.2309803, 2.952982;0.4798166, 0.4517695, 3.072436;0.6774592, 0.46173, 2.857925;0.398566, -0.157727, 2.984388;0.6455889, -0.1323292, 2.676314;0.5572703, 0.1553227, 2.945218;0.5016241, 0.07959605, 2.99151;0.5905441, 0.08848526, 2.87413;0.5329905, -0.4000683, 3.006033;0.6797584, -0.3790979, 2.803856;0.560993, -0.7498612, 3.050254;0.7395121, -0.7510475, 2.778456;0.5035438, -0.7816643, 2.996888;0.7081126, -0.8303495, 2.747534;
0.556873, 0.8273108, 3.039239;0.6247783, 0.6098371, 3.008967;0.5681583, 0.2316335, 2.953249;0.4792663, 0.4515732, 3.074632;0.6776053, 0.4621449, 2.85806;0.3984641, -0.1577532, 2.984534;0.6456411, -0.1326489, 2.676555;0.5566576, 0.1560314, 2.945518;0.501031, 0.07987497, 2.991766;0.5900803, 0.08919614, 2.87439;0.5326453, -0.3998074, 3.005811;0.6796329, -0.3792042, 2.803644;0.5600438, -0.7494176, 3.049937;0.7395372, -0.7511547, 2.778412;0.5023705, -0.7812462, 2.996726;0.7084622, -0.8304526, 2.74789;
0.5550588, 0.8264505, 3.037672;0.6247202, 0.6095515, 3.009166;0.5680503, 0.2314689, 2.953298;0.4791699, 0.4513056, 3.074748;0.677245, 0.4616081, 2.858039;0.3980915, -0.1575873, 2.984003;0.6457687, -0.1323256, 2.676681;0.5565525, 0.1558809, 2.945555;0.5009137, 0.07946332, 2.991807;0.5900133, 0.08918307, 2.874407;0.5323286, -0.399484, 3.005436;0.6794434, -0.3792218, 2.803955;0.5598821, -0.748659, 3.049511;0.7396618, -0.7525939, 2.780328;0.5023398, -0.7803904, 2.996503;0.7084553, -0.8303782, 2.747955;
0.5542101, 0.8256332, 3.037731;0.6245239, 0.6088233, 3.008713;0.5680125, 0.2314742, 2.953252;0.4787753, 0.4505312, 3.075842;0.6772189, 0.4612084, 2.858005;0.3976447, -0.1581764, 2.985627;0.6458324, -0.1324617, 2.67675;0.5565246, 0.1559245, 2.94553;0.5008453, 0.07921711, 2.991856;0.5899689, 0.08927946, 2.874263;0.5320368, -0.3996926, 3.005039;0.6805143, -0.3829201, 2.804038;0.5601884, -0.7487735, 3.049564;0.7395863, -0.7521055, 2.780441;0.502712, -0.7804224, 2.996815;0.7083244, -0.8302858, 2.747581;
0.5537557, 0.8254123, 3.037589;0.6247432, 0.6088228, 3.009058;0.5679983, 0.2314583, 2.953234;0.4795986, 0.4511365, 3.071513;0.6772065, 0.4611991, 2.85797;0.3974746, -0.1586468, 2.986646;0.6457335, -0.1322326, 2.676673;0.5564863, 0.1558962, 2.945481;0.5008111, 0.07914638, 2.991804;0.5898655, 0.08928294, 2.874102;0.5316092, -0.399696, 3.004852;0.6804078, -0.3820052, 2.803857;0.5603535, -0.7488676, 3.049736;0.7395517, -0.7521302, 2.780457;0.5032746, -0.7805083, 2.9965;0.7082708, -0.8300833, 2.747464;
0.5538104, 0.8255037, 3.037816;0.6246841, 0.6088098, 3.008886;0.5676615, 0.2312788, 2.95329;0.4794647, 0.4510663, 3.071765;0.6759022, 0.4603474, 2.857789;0.3977609, -0.1588816, 2.987049;0.6458256, -0.1321609, 2.676812;0.5560567, 0.1556611, 2.945632;0.5005018, 0.07889283, 2.992067;0.5892349, 0.08919892, 2.874383;0.5313576, -0.3995707, 3.004782;0.6802183, -0.3817847, 2.803713;0.5596235, -0.7489584, 3.04985;0.7396317, -0.7517335, 2.78029;0.5331961, -0.8150855, 3.046603;0.7082415, -0.8301042, 2.747449;
0.5539089, 0.8256121, 3.03826;0.6239803, 0.6085525, 3.008765;0.567435, 0.2312718, 2.953096;0.4783078, 0.4494524, 3.072426;0.6759089, 0.4603329, 2.857787;0.3977866, -0.1588771, 2.987058;0.6455063, -0.1333408, 2.67667;0.555904, 0.1556904, 2.945441;0.5002495, 0.07860328, 2.991776;0.5892026, 0.08931632, 2.874138;0.5311755, -0.3992116, 3.004713;0.680203, -0.3815917, 2.803731;0.5595559, -0.7488731, 3.050168;0.7396457, -0.7517453, 2.780315;0.5345064, -0.8152518, 3.047402;0.7083442, -0.8298233, 2.747688;
0.5539306, 0.8256375, 3.0382;0.6239417, 0.6085027, 3.008764;0.5673524, 0.2313126, 2.953046;0.4781403, 0.449471, 3.072953;0.6761835, 0.4606166, 2.858088;0.3973715, -0.1588525, 2.985914;0.6461874, -0.1320334, 2.677619;0.5558141, 0.1557665, 2.945378;0.5001047, 0.07859053, 2.991597;0.5891395, 0.08956507, 2.874143;0.5310662, -0.3993967, 3.004806;0.6797945, -0.3805741, 2.803261;0.5597067, -0.7494342, 3.050514;0.7396944, -0.7517361, 2.780284;0.5365741, -0.8163332, 3.052028;0.7089436, -0.8294188, 2.749234;
0.554067, 0.8257822, 3.038126;0.6237272, 0.6085386, 3.009385;0.567046, 0.2312227, 2.953244;0.4786383, 0.4524136, 3.077262;0.6754115, 0.4601376, 2.857919;0.3972745, -0.1589533, 2.985131;0.6463089, -0.1316333, 2.677743;0.5555064, 0.1556654, 2.945524;0.5000583, 0.07859697, 2.991608;0.5885582, 0.08966023, 2.874498;0.5310863, -0.3991643, 3.004853;0.6798989, -0.3809103, 2.803165;0.5596188, -0.7495456, 3.05014;0.7396826, -0.7516258, 2.78017;0.5026066, -0.7807838, 2.99837;0.7089375, -0.8294191, 2.749203;
0.5537416, 0.8255869, 3.036079;0.6235786, 0.6085224, 3.009315;0.5669649, 0.2312055, 2.953113;0.4782844, 0.451703, 3.072701;0.6758541, 0.4604765, 2.858179;0.3972741, -0.1588888, 2.985132;0.6457724, -0.1332525, 2.677239;0.5554497, 0.1556532, 2.945385;0.4999273, 0.07855505, 2.991332;0.5885957, 0.08967736, 2.874425;0.5308486, -0.398378, 3.004785;0.6797872, -0.3791648, 2.802929;0.5596724, -0.7495276, 3.050169;0.7395164, -0.7516271, 2.780341;0.5033929, -0.7806854, 2.997819;0.7088114, -0.8291904, 2.748161;
0.5531185, 0.8252179, 3.036313;0.623201, 0.6082331, 3.009514;0.5665671, 0.2314624, 2.953454;0.4781802, 0.4535484, 3.075447;0.6760981, 0.4606295, 2.858238;0.3971083, -0.158916, 2.985127;0.646221, -0.1312357, 2.677267;0.5550304, 0.1560763, 2.945798;0.4995252, 0.07879976, 2.991693;0.5882769, 0.08997643, 2.874808;0.5308202, -0.3979784, 3.004481;0.6795266, -0.3788893, 2.802866;0.5589833, -0.7472991, 3.047699;0.7398207, -0.7515641, 2.780609;0.5024557, -0.7784873, 2.995528;0.7086627, -0.8293611, 2.747987;
0.5502535, 0.8237314, 3.033735;0.6217783, 0.6073572, 3.008537;0.5663379, 0.2313746, 2.953206;0.4776953, 0.4521196, 3.075848;0.6758963, 0.4603934, 2.858116;0.3954743, -0.1576128, 2.982124;0.6453302, -0.1351591, 2.6769;0.5549302, 0.1560552, 2.94564;0.4994597, 0.07845969, 2.991613;0.5882225, 0.09002256, 2.874509;0.530815, -0.3976892, 3.004487;0.6794978, -0.3788605, 2.80289;0.5587326, -0.7481797, 3.047348;0.7398766, -0.7515184, 2.780726;0.5020998, -0.779353, 2.99529;0.7087705, -0.8292502, 2.747902;
0.546802, 0.8220322, 3.028194;0.6216846, 0.6073492, 3.008696;0.5662344, 0.2314209, 2.953241;0.477482, 0.4516959, 3.076113;0.6759198, 0.4603816, 2.85811;0.3957559, -0.1576474, 2.98213;0.6453234, -0.135353, 2.676776;0.5548398, 0.1561158, 2.945659;0.4993314, 0.07841745, 2.991686;0.58817, 0.09001875, 2.874453;0.5308385, -0.3977089, 3.00458;0.6793905, -0.3787151, 2.802927;0.5590285, -0.7489406, 3.047886;0.7398361, -0.7514748, 2.780727;0.5022816, -0.7800176, 2.995954;0.7085866, -0.8294409, 2.747694;
0.5464284, 0.8216698, 3.027596;0.6214226, 0.607152, 3.009184;0.5657853, 0.2312585, 2.953379;0.4774821, 0.4518862, 3.076061;0.6755033, 0.4597903, 2.85827;0.3954716, -0.1575188, 2.98198;0.6452139, -0.135861, 2.677294;0.5543872, 0.1559715, 2.945737;0.4990344, 0.07839959, 2.991666;0.5876839, 0.09001683, 2.874614;0.5304716, -0.3963296, 3.004415;0.6789988, -0.3787, 2.802807;0.5591962, -0.7488554, 3.048053;0.7394759, -0.7519323, 2.780603;0.5024909, -0.7799003, 2.996157;0.708519, -0.8296708, 2.748431;
0.5460883, 0.8221648, 3.027322;0.6208795, 0.6075807, 3.009068;0.565664, 0.2318674, 2.953155;0.4769388, 0.4526978, 3.079202;0.6755355, 0.4598151, 2.858318;0.3954551, -0.1577648, 2.98216;0.6455477, -0.135675, 2.677569;0.5543773, 0.1566748, 2.945479;0.499078, 0.0786251, 2.991501;0.5878063, 0.09076477, 2.874278;0.5304279, -0.396257, 3.004526;0.679029, -0.3786255, 2.803151;0.5594177, -0.7489694, 3.048097;0.7387983, -0.7516155, 2.780417;0.5025421, -0.7802809, 2.9964;0.7084504, -0.8296494, 2.748269;
0.5471306, 0.8226459, 3.027184;0.6212463, 0.6078294, 3.009309;0.5656593, 0.2318999, 2.952999;0.4758787, 0.4508517, 3.076541;0.6761693, 0.459927, 2.858447;0.3955491, -0.1578089, 2.982268;0.6458073, -0.1350832, 2.677522;0.554334, 0.156695, 2.945199;0.4986332, 0.07860528, 2.990654;0.5879124, 0.09085981, 2.874087;0.5294846, -0.3967356, 3.004482;0.6789884, -0.3786085, 2.803145;0.5593336, -0.7490125, 3.048092;0.7387006, -0.7516419, 2.780311;0.5029717, -0.780268, 2.99594;0.7086839, -0.8299395, 2.748488;
0.546951, 0.8224178, 3.026674;0.6211086, 0.6077094, 3.009708;0.565501, 0.2322602, 2.95308;0.4766015, 0.452949, 3.078018;0.6761297, 0.4599463, 2.858343;0.3934475, -0.1576902, 2.979476;0.6456974, -0.1351633, 2.677441;0.5541608, 0.1572406, 2.945234;0.4985816, 0.07889227, 2.990793;0.587642, 0.09119843, 2.873807;0.5292257, -0.3951268, 3.003978;0.6787343, -0.3785758, 2.803137;0.5591022, -0.7489493, 3.048659;0.73877, -0.7520275, 2.780301;0.5026212, -0.7801576, 2.996797;0.7083189, -0.8299648, 2.746356;
0.5465256, 0.8225105, 3.026061;0.6211811, 0.6082015, 3.010917;0.5654582, 0.2323621, 2.953051;0.4763669, 0.4527397, 3.077055;0.6762699, 0.4599392, 2.858195;0.3946935, -0.1577692, 2.980872;0.6458154, -0.1348425, 2.677098;0.5541054, 0.157351, 2.945111;0.4984395, 0.07898205, 2.990606;0.5876572, 0.09130628, 2.873451;0.5289121, -0.3957937, 3.003967;0.678532, -0.3780063, 2.802872;0.5590392, -0.7492132, 3.048748;0.7388215, -0.7518876, 2.780367;0.502779, -0.7803504, 2.996823;0.7082195, -0.828788, 2.745481;
0.5455731, 0.8222443, 3.025799;0.6211526, 0.6083319, 3.011333;0.5653613, 0.2322879, 2.953003;0.4763885, 0.4513678, 3.07569;0.6762271, 0.4597789, 2.858245;0.3953047, -0.1575724, 2.98138;0.6458153, -0.134912, 2.677009;0.5539606, 0.1571937, 2.944961;0.4982687, 0.07873841, 2.990423;0.5875302, 0.0912258, 2.873194;0.5289522, -0.395871, 3.004061;0.6780853, -0.3773546, 2.802309;0.5593299, -0.7499548, 3.049937;0.7394758, -0.7505451, 2.780238;0.5031545, -0.7810932, 2.997874;0.7083444, -0.8284467, 2.744722;
0.5450656, 0.8210462, 3.025474;0.6191365, 0.6066668, 3.011549;0.5648263, 0.2315646, 2.9531;0.4762719, 0.4503778, 3.075514;0.6761789, 0.4596786, 2.858276;0.3939775, -0.1570414, 2.979667;0.6467981, -0.1313653, 2.678523;0.5536367, 0.1565959, 2.945031;0.4980956, 0.07822195, 2.990442;0.5874208, 0.09088126, 2.87332;0.5290748, -0.3961223, 3.004157;0.6778551, -0.3772357, 2.802083;0.5588303, -0.7485815, 3.049368;0.7396255, -0.7499433, 2.779888;0.5026892, -0.7797186, 2.997339;0.7083758, -0.8287123, 2.744497;
0.5451535, 0.8210459, 3.025947;0.6190935, 0.6065265, 3.011411;0.5648358, 0.2313411, 2.952626;0.4761465, 0.4498618, 3.074968;0.6761348, 0.4596929, 2.85834;0.3942315, -0.1569297, 2.980392;0.6468161, -0.1314858, 2.678505;0.5537018, 0.1563426, 2.944442;0.4981979, 0.07785024, 2.989671;0.5876029, 0.09086511, 2.872818;0.5290569, -0.3958275, 3.004339;0.6781924, -0.3771337, 2.802191;0.5587958, -0.7484066, 3.04951;0.738849, -0.7508119, 2.779143;0.502776, -0.7795039, 2.997473;0.7083195, -0.8286025, 2.744644;
0.5450612, 0.8210621, 3.026072;0.6191978, 0.6066219, 3.011618;0.5646223, 0.2314796, 2.95273;0.4757931, 0.4518111, 3.07515;0.6760798, 0.4597206, 2.858338;0.3943094, -0.1573239, 2.981797;0.6461174, -0.1346877, 2.678146;0.5534189, 0.1565007, 2.944531;0.4977863, 0.07811354, 2.989781;0.5873115, 0.09095857, 2.872883;0.5286673, -0.3956164, 3.003851;0.6778415, -0.3765583, 2.80217;0.5584975, -0.7485538, 3.048901;0.7391664, -0.7515333, 2.779361;0.5026287, -0.7796083, 2.996818;0.7083605, -0.8287217, 2.744677;
0.5451359, 0.8207479, 3.026179;0.6189965, 0.6061814, 3.011502;0.5645336, 0.2313727, 2.952644;0.4751588, 0.4511308, 3.074991;0.6759877, 0.459606, 2.858374;0.3943602, -0.1576586, 2.981504;0.646625, -0.1326715, 2.678371;0.5533621, 0.1564323, 2.944452;0.4976802, 0.07799716, 2.989662;0.587316, 0.09091965, 2.872835;0.5289179, -0.3957909, 3.003925;0.6778239, -0.3772158, 2.802157;0.5585441, -0.7485028, 3.048941;0.7388935, -0.7519878, 2.779029;0.5027689, -0.7795428, 2.996806;0.708424, -0.8290136, 2.744673;
0.5451347, 0.8203371, 3.025805;0.6183819, 0.6056708, 3.011894;0.5642833, 0.2311007, 2.952652;0.4751236, 0.4510013, 3.074941;0.6759436, 0.4595968, 2.858332;0.394657, -0.1583367, 2.982141;0.6465151, -0.1331026, 2.678428;0.5531857, 0.1561976, 2.944413;0.4975722, 0.07781474, 2.989567;0.5872397, 0.09079595, 2.87282;0.5289272, -0.395962, 3.004218;0.6782742, -0.3778029, 2.802337;0.5588447, -0.7487825, 3.049313;0.7391993, -0.7514894, 2.779102;0.5030191, -0.7798473, 2.997141;0.7084957, -0.8289548, 2.744534;
0.544093, 0.8188928, 3.024415;0.6185632, 0.6049951, 3.012954;0.5641973, 0.2308993, 2.95269;0.4747605, 0.4502522, 3.075162;0.6755902, 0.4592379, 2.858322;0.394371, -0.1583497, 2.981575;0.6466224, -0.1338755, 2.679124;0.5530889, 0.1560172, 2.944367;0.4974233, 0.07754014, 2.989505;0.5870998, 0.09049655, 2.872533;0.5285061, -0.396578, 3.00417;0.6782972, -0.3778576, 2.802574;0.558396, -0.7483325, 3.048543;0.7393318, -0.7515112, 2.779205;0.5025414, -0.77937, 2.996431;0.7084052, -0.8293137, 2.744449;
0.5458459, 0.8218324, 3.026829;0.6177174, 0.6066631, 3.012708;0.5639657, 0.231144, 2.952681;0.4746374, 0.4524142, 3.075067;0.6752093, 0.4589498, 2.857976;0.3941413, -0.158391, 2.981072;0.6463287, -0.13535, 2.678892;0.5529529, 0.1561319, 2.94436;0.4973472, 0.07785486, 2.989428;0.5869719, 0.09070779, 2.872706;0.5286214, -0.3966206, 3.004209;0.6784098, -0.3795682, 2.80301;0.558062, -0.7482101, 3.047619;0.7393974, -0.7513069, 2.779309;0.502331, -0.7792187, 2.995547;0.7090726, -0.8284233, 2.745371;
0.546165, 0.8218598, 3.026086;0.6177204, 0.6066731, 3.012686;0.5637953, 0.2312103, 2.952695;0.474588, 0.4524014, 3.07481;0.6753714, 0.4591419, 2.857782;0.3941117, -0.1586232, 2.982587;0.6468199, -0.1317975, 2.678609;0.5527419, 0.1562053, 2.944381;0.4969085, 0.07823536, 2.989319;0.5868236, 0.09079933, 2.872906;0.5280282, -0.398179, 3.004368;0.6783302, -0.3789105, 2.802745;0.5581535, -0.7481473, 3.047675;0.7393553, -0.7512556, 2.779239;0.5025221, -0.7791114, 2.995644;0.7092139, -0.8283787, 2.746729;
0.5466859, 0.8218499, 3.024849;0.6176417, 0.6066181, 3.012617;0.5636121, 0.230967, 2.952757;0.4745157, 0.4525154, 3.074416;0.6747981, 0.4588411, 2.857283;0.3943434, -0.1587144, 2.98445;0.6462697, -0.1356411, 2.677485;0.5525528, 0.1558976, 2.944475;0.4968749, 0.07822635, 2.989333;0.586648, 0.09043586, 2.873232;0.528051, -0.39809, 3.004356;0.6782342, -0.3789084, 2.802644;0.5582342, -0.7479434, 3.047633;0.7394516, -0.7514158, 2.779333;0.5026165, -0.7788703, 2.995735;0.7089819, -0.8291691, 2.74738;
0.5654246, 0.8271868, 3.041499;0.6157074, 0.6075232, 3.011829;0.5633742, 0.2311803, 2.952602;0.4746889, 0.4531021, 3.072018;0.6747668, 0.459009, 2.85725;0.3944466, -0.1587654, 2.984509;0.6464396, -0.1323788, 2.67738;0.5524741, 0.1560238, 2.944379;0.4969024, 0.07836012, 2.989275;0.5866574, 0.09049515, 2.873178;0.5281826, -0.3978315, 3.004445;0.678067, -0.3784347, 2.80286;0.5586826, -0.748172, 3.047785;0.7394305, -0.7513397, 2.779307;0.5031967, -0.7792088, 2.995467;0.7088761, -0.8288785, 2.74684;
0.5540237, 0.8233609, 3.038704;0.6146373, 0.6064401, 3.011386;0.5632735, 0.2311447, 2.952511;0.4742113, 0.4532014, 3.07032;0.6749827, 0.4591082, 2.856831;0.394455, -0.1587482, 2.98574;0.6459192, -0.1335283, 2.676331;0.5524511, 0.1560339, 2.944319;0.4968863, 0.07836427, 2.989205;0.5867376, 0.09045575, 2.873109;0.5279789, -0.3974211, 3.004562;0.6781592, -0.3787177, 2.803159;0.5587831, -0.7486483, 3.047754;0.739425, -0.7513408, 2.779304;0.5035685, -0.7796783, 2.995206;0.7089738, -0.8292131, 2.747794;
0.5534385, 0.823208, 3.037938;0.6145794, 0.6064559, 3.011273;0.5632091, 0.2311005, 2.952517;0.4739248, 0.4533213, 3.070069;0.6745459, 0.4605151, 2.856833;0.3935199, -0.159693, 2.991554;0.644351, -0.1327189, 2.673594;0.5524062, 0.1559818, 2.944342;0.4968786, 0.07836621, 2.989197;0.5867491, 0.09040988, 2.873335;0.5280055, -0.3973476, 3.004583;0.6779403, -0.3776739, 2.803119;0.5584983, -0.7485176, 3.047711;0.7393274, -0.7512205, 2.779237;0.5032768, -0.779533, 2.995237;0.7089743, -0.8293214, 2.748064;
0.5531122, 0.8224959, 3.037159;0.6136802, 0.6055608, 3.010442;0.563281, 0.2307895, 2.952047;0.4730001, 0.4521158, 3.067991;0.6738136, 0.4603287, 2.856135;0.3917457, -0.160387, 2.989478;0.6436227, -0.1327859, 2.672761;0.5526678, 0.1557133, 2.94386;0.4973747, 0.07818717, 2.988665;0.5873489, 0.08999325, 2.872785;0.5287626, -0.3970179, 3.005007;0.6788432, -0.3791347, 2.803307;0.5591187, -0.7486955, 3.048996;0.7396731, -0.7507914, 2.779423;0.5040823, -0.7797089, 2.996393;0.7088891, -0.8293738, 2.747982;
0.5494706, 0.8219211, 3.036512;0.613832, 0.6060799, 3.010116;0.5632507, 0.2309325, 2.952047;0.4717181, 0.4524778, 3.067677;0.6719627, 0.4608521, 2.855343;0.3911025, -0.1603141, 2.989643;0.642208, -0.1342978, 2.670746;0.5526469, 0.1558344, 2.943893;0.4973736, 0.07838687, 2.988794;0.5873434, 0.09005649, 2.872833;0.5292168, -0.3968833, 3.005029;0.6788452, -0.3791369, 2.803292;0.5596622, -0.7474306, 3.04823;0.7404203, -0.7516949, 2.781199;0.5045078, -0.7784421, 2.99579;0.7089955, -0.829398, 2.748026;
0.5383819, 0.8162925, 3.021112;0.6122808, 0.6050127, 3.008348;0.5631318, 0.2309656, 2.951958;0.4716277, 0.4533736, 3.068092;0.6709038, 0.4613569, 2.855083;0.3880491, -0.1569979, 2.991221;0.6413223, -0.1341722, 2.669027;0.5526155, 0.1559021, 2.943876;0.49753, 0.07857658, 2.988814;0.5872806, 0.09030176, 2.873012;0.5296101, -0.3971118, 3.005331;0.6791144, -0.3794295, 2.803662;0.5594682, -0.74792, 3.049199;0.740223, -0.7524714, 2.780967;0.5041491, -0.7789733, 2.996979;0.7098349, -0.8298615, 2.750228;
0.5354205, 0.8144103, 3.02005;0.6077595, 0.6019439, 3.002383;0.5632831, 0.2307173, 2.950563;0.4701045, 0.4536397, 3.068806;0.6696769, 0.4619299, 2.85413;0.3842466, -0.1562712, 2.993739;0.6398082, -0.1320353, 2.667441;0.5532313, 0.1559024, 2.942852;0.4990346, 0.07891046, 2.987055;0.5884346, 0.09056892, 2.872764;0.5299278, -0.3971522, 3.005491;0.6799444, -0.381687, 2.804833;0.5599216, -0.7480621, 3.049564;0.7403086, -0.7521715, 2.780581;0.5045013, -0.7792633, 2.997572;0.7092269, -0.8301913, 2.749002;
0.5349454, 0.8151009, 3.020469;0.6063035, 0.6020125, 3.000308;0.5634113, 0.2306701, 2.949991;0.4691693, 0.4535704, 3.068767;0.6684906, 0.4611585, 2.852504;0.3831199, -0.1560051, 2.997256;0.6376588, -0.1321617, 2.664468;0.5536385, 0.1558999, 2.942465;0.4998295, 0.07897367, 2.986681;0.5893542, 0.09060994, 2.872729;0.5301985, -0.3968973, 3.005751;0.6802773, -0.3814335, 2.805052;0.5600151, -0.7483785, 3.049614;0.7403218, -0.7520652, 2.780539;0.5044441, -0.7796417, 2.997864;0.7092298, -0.8302381, 2.749539;
0.535439, 0.8161908, 3.022657;0.6056874, 0.6024339, 2.999514;0.5638909, 0.2306033, 2.949218;0.4677633, 0.4537737, 3.068115;0.6669604, 0.4625264, 2.851617;0.3781349, -0.1543742, 2.995827;0.63625, -0.1329705, 2.662938;0.5546418, 0.1557932, 2.941701;0.5017244, 0.07930106, 2.985244;0.5910961, 0.09095447, 2.872836;0.5311199, -0.3969419, 3.006591;0.6803697, -0.3817931, 2.80543;0.5602628, -0.747992, 3.049709;0.7402807, -0.752106, 2.779824;0.5046244, -0.7792935, 2.998057;0.7078173, -0.8304615, 2.746358;
0.525842, 0.8151856, 3.021792;0.6026907, 0.6034658, 2.995806;0.5644374, 0.2303768, 2.948153;0.4606874, 0.450635, 3.07407;0.6619684, 0.4630247, 2.849607;0.3753518, -0.1548334, 2.997017;0.6337534, -0.1331389, 2.66007;0.5558697, 0.1554493, 2.940856;0.5039419, 0.07938688, 2.983801;0.5934156, 0.09122942, 2.873361;0.5311224, -0.3969522, 3.006824;0.6804862, -0.3816723, 2.805468;0.5598035, -0.7475722, 3.049716;0.740337, -0.751937, 2.779997;0.5034823, -0.7790543, 2.998925;0.7077345, -0.8304976, 2.746242;
0.5233926, 0.8161522, 3.021611;0.5993924, 0.604034, 2.994426;0.5644613, 0.2304273, 2.948156;0.4589856, 0.4509928, 3.075783;0.6558252, 0.4629619, 2.847116;0.3654491, -0.153047, 2.990482;0.6316563, -0.1339859, 2.659124;0.5563346, 0.1556263, 2.941196;0.5057805, 0.07966048, 2.985534;0.5940611, 0.09126943, 2.873856;0.5312437, -0.3996458, 3.008299;0.6804769, -0.3816336, 2.805394;0.5595164, -0.7477568, 3.049844;0.740236, -0.7522349, 2.780711;0.5022402, -0.779422, 3.00018;0.7076277, -0.8304304, 2.746173;
0.509393, 0.8095789, 3.0136;0.5956407, 0.601882, 2.991573;0.5645525, 0.2304733, 2.948087;0.4571483, 0.4502633, 3.075533;0.652854, 0.4623486, 2.845014;0.3636734, -0.15304, 2.991137;0.6273123, -0.1351778, 2.656066;0.5571062, 0.1559711, 2.941425;0.5076364, 0.07966355, 2.98689;0.5951676, 0.09130795, 2.874068;0.5311065, -0.3997356, 3.008196;0.680487, -0.3816811, 2.805431;0.5591921, -0.7484223, 3.05005;0.7401038, -0.7523766, 2.780405;0.5016268, -0.7802953, 3.000786;0.7074773, -0.8306504, 2.745598;
0.5020696, 0.8091165, 3.011474;0.5904127, 0.6022207, 2.988437;0.5646273, 0.2304154, 2.947994;0.4537237, 0.4493861, 3.073284;0.6517265, 0.4621242, 2.84368;0.3477612, -0.1988904, 2.985842;0.6241338, -0.1383654, 2.653092;0.5578846, 0.1557914, 2.941598;0.508981, 0.07937074, 2.987112;0.5975632, 0.09113479, 2.8756;0.5310345, -0.3996841, 3.008116;0.6811764, -0.3818092, 2.804155;0.5577477, -0.7476587, 3.049361;0.7400685, -0.7524743, 2.780294;0.5006139, -0.7798003, 2.999696;0.7076586, -0.831732, 2.745972;
0.4914964, 0.805871, 3.004514;0.5851819, 0.6017525, 2.985876;0.5649943, 0.2285458, 2.948453;0.449691, 0.445471, 3.070966;0.637625, 0.4531182, 2.836055;0.3526252, -0.1592297, 2.994124;0.6173331, -0.1397403, 2.646463;0.5598365, 0.1527263, 2.943345;0.5133132, 0.07669739, 2.989633;0.5997846, 0.08834928, 2.8791;0.5306647, -0.3996775, 3.007894;0.6796388, -0.382763, 2.80024;0.5572135, -0.7477072, 3.048514;0.7392008, -0.7530461, 2.780117;0.4985788, -0.7803021, 3.000922;0.7075743, -0.8319262, 2.746135;
0.4906384, 0.8031339, 3.00341;0.5735281, 0.5936697, 2.977563;0.5649245, 0.2271617, 2.949553;0.4475424, 0.4442592, 3.068818;0.6329747, 0.4495823, 2.832397;0.3282116, -0.1887179, 2.981959;0.6139281, -0.1431323, 2.643227;0.5610781, 0.1514736, 2.94625;0.5182229, 0.07389171, 2.997945;0.6012472, 0.08625002, 2.882414;0.530719, -0.4000577, 3.008247;0.6796522, -0.3819447, 2.798767;0.5570376, -0.7478758, 3.048138;0.7375686, -0.7592589, 2.778885;0.4982229, -0.7813591, 3.001212;0.7075495, -0.832055, 2.745127;
0.4857624, 0.7958977, 3.000332;0.561666, 0.5861545, 2.968522;0.565501, 0.2212045, 2.950026;0.4384092, 0.430677, 3.055298;0.6277715, 0.4443058, 2.82834;0.3222817, -0.1962145, 2.975797;0.608667, -0.1533033, 2.636181;0.5641558, 0.1456255, 2.948501;0.5217825, 0.0709994, 2.998889;0.606832, 0.08062151, 2.88865;0.5307272, -0.4012612, 3.009295;0.6799548, -0.3838068, 2.796848;0.554191, -0.7463776, 3.046906;0.7373717, -0.7589279, 2.778748;0.5359293, -0.8133562, 3.03846;0.7069937, -0.8323445, 2.744253;
0.4770246, 0.7854474, 2.998607;0.5540112, 0.5785513, 2.964502;0.565927, 0.2151548, 2.951722;0.434606, 0.4251022, 3.053353;0.6188771, 0.4376758, 2.825147;0.3261764, -0.1719447, 2.972059;0.6067747, -0.1610131, 2.632621;0.5666416, 0.1402134, 2.951734;0.526888, 0.06612866, 3.003309;0.6102247, 0.07491484, 2.892965;0.5299348, -0.4025458, 3.01009;0.6796124, -0.3842565, 2.795511;0.552691, -0.7449688, 3.045458;0.7353629, -0.7590247, 2.776857;0.533878, -0.8109382, 3.032327;0.7068796, -0.8326921, 2.743248;
0.454986, 0.7711356, 2.983896;0.5454638, 0.5704437, 2.959978;0.5663954, 0.2084752, 2.953979;0.4248871, 0.4126782, 3.052947;0.6095172, 0.4253602, 2.819854;0.3207905, -0.1869731, 2.96482;0.6033492, -0.1680962, 2.625946;0.5692499, 0.1339315, 2.955696;0.5317107, 0.05983248, 3.008638;0.6145095, 0.06802095, 2.89846;0.5270025, -0.4063765, 3.011497;0.6786257, -0.3864334, 2.791187;0.5515042, -0.7440167, 3.044214;0.7347467, -0.7619896, 2.777154;0.5338938, -0.8105671, 3.03301;0.7068607, -0.8324874, 2.742446;
0.4516774, 0.7621285, 2.974861;0.5345902, 0.5583781, 2.952943;0.5672647, 0.1994441, 2.954622;0.4179897, 0.390768, 3.04127;0.5975437, 0.4129131, 2.816051;0.3059738, -0.2212247, 2.959306;0.5976898, -0.1811391, 2.614769;0.5723971, 0.1258052, 2.957723;0.5377561, 0.05140571, 3.012382;0.6180235, 0.06259887, 2.900396;0.5239271, -0.4088394, 3.011909;0.6756743, -0.3905844, 2.79027;0.5513284, -0.7439214, 3.043953;0.734754, -0.7643769, 2.774434;0.5349308, -0.8108863, 3.034075;0.7064884, -0.833037, 2.741434;
0.4304065, 0.7395272, 2.958008;0.5251324, 0.5422668, 2.945758;0.5696952, 0.1826136, 2.95404;0.4164197, 0.3842548, 3.037093;0.5889711, 0.3991432, 2.808218;0.301163, -0.2212159, 2.95778;0.5914145, -0.1886113, 2.60897;0.5779008, 0.1095906, 2.958799;0.5445242, 0.04079968, 3.014918;0.6260051, 0.04595303, 2.901852;0.5222604, -0.4096226, 3.012235;0.6745268, -0.3959103, 2.783986;0.5499828, -0.7432613, 3.042635;0.7347125, -0.7643014, 2.774234;0.4930688, -0.7821382, 2.998524;0.7064404, -0.8330228, 2.741391;
0.4186115, 0.7021856, 2.938131;0.5059423, 0.5038171, 2.924522;0.5715476, 0.1566158, 2.953896;0.4079237, 0.3572029, 3.035439;0.5811375, 0.3834396, 2.803759;0.2942306, -0.2352148, 2.950565;0.5877479, -0.2017929, 2.606755;0.5833628, 0.08531311, 2.962003;0.5538579, 0.01066866, 3.024833;0.6351312, 0.02609192, 2.905393;0.5173354, -0.4132071, 3.013161;0.6745778, -0.3974222, 2.7808;0.5492141, -0.7430785, 3.042267;0.7332342, -0.7644583, 2.772579;0.4940801, -0.7850503, 2.998929;0.7063676, -0.8331943, 2.741374;
0.4164563, 0.6899139, 2.933316;0.5040798, 0.4944209, 2.922797;0.5759583, 0.140792, 2.961479;0.4026974, 0.3497607, 3.0371;0.5732702, 0.3560796, 2.794281;0.2916677, -0.2518766, 2.950182;0.5807519, -0.2592341, 2.59481;0.5905025, 0.06872068, 2.973218;0.5649716, -0.0003135391, 3.031795;0.6424298, 0.003771643, 2.929899;0.5143828, -0.4154633, 3.013574;0.6737173, -0.4003947, 2.776824;0.5487567, -0.7435443, 3.042317;0.7309451, -0.7642811, 2.771995;0.4926275, -0.7867929, 3.001819;0.7062379, -0.8333389, 2.74118;
0.4143293, 0.6665713, 2.92465;0.4946347, 0.4688709, 2.906409;0.580953, 0.1252348, 2.950018;0.3906186, 0.304362, 3.024706;0.5703878, 0.3431036, 2.789464;0.2884414, -0.2737665, 2.95012;0.5789987, -0.2689845, 2.594315;0.59767, 0.055351, 2.96209;0.5759933, -0.01825654, 3.018505;0.6504657, -0.001674665, 2.918323;0.5117945, -0.4180029, 3.014302;0.6754578, -0.4171495, 2.770333;0.5479052, -0.7431885, 3.042124;0.7293917, -0.7640146, 2.771259;0.4955047, -0.7879314, 2.998582;0.7062875, -0.8339616, 2.74169;
0.4120586, 0.6475519, 2.920017;0.4859103, 0.4485806, 2.898096;0.5881523, 0.09546755, 2.948013;0.389903, 0.3022467, 3.025167;0.5620419, 0.3083878, 2.784387;0.287548, -0.2911479, 2.954867;0.5778041, -0.2783019, 2.592694;0.6092547, 0.02372818, 2.961693;0.5866976, -0.04195381, 3.02085;0.6628288, -0.02202302, 2.916676;0.5040562, -0.437593, 3.016557;0.6738155, -0.4206797, 2.765265;0.5455849, -0.7432142, 3.040767;0.7280184, -0.7645938, 2.770882;0.4917797, -0.7897192, 3.001156;0.7061374, -0.8341084, 2.741442;
0.4034635, 0.6158147, 2.909073;0.4747676, 0.4182418, 2.894418;0.5909998, 0.08471876, 2.943962;0.386706, 0.2710389, 3.022915;0.5600091, 0.2975752, 2.782807;0.2862984, -0.3122358, 2.950079;0.5738209, -0.3023776, 2.59044;0.6132886, 0.01582853, 2.957596;0.5956136, -0.05437982, 3.015913;0.6698163, -0.03174265, 2.910957;0.4984984, -0.4458193, 3.018143;0.6678158, -0.4240288, 2.75284;0.544817, -0.7435018, 3.040135;0.7274449, -0.7646706, 2.769947;0.4931155, -0.7916156, 2.999713;0.7054954, -0.834044, 2.740353;
0.4006532, 0.6032515, 2.907702;0.4716555, 0.4059414, 2.88541;0.5881041, 0.07109521, 2.942148;0.379387, 0.2526994, 3.026004;0.5554911, 0.2705899, 2.777095;0.2835592, -0.3287031, 2.948901;0.5742122, -0.306619, 2.588098;0.6110752, 0.003854442, 2.95705;0.5925304, -0.06395185, 3.016665;0.6691427, -0.04343797, 2.912186;0.49425, -0.4545075, 3.017291;0.6670719, -0.4270414, 2.748064;0.5426494, -0.7420634, 3.040487;0.7260641, -0.7649056, 2.769283;0.4906018, -0.7907665, 3.00137;0.7056313, -0.8340815, 2.740297;
0.3579243, 0.5412828, 2.888301;0.4591791, 0.360888, 2.877438;0.6023678, 0.04990415, 2.93597;0.3719776, 0.225881, 3.026896;0.55123, 0.2464232, 2.771235;0.2784018, -0.3663495, 2.941143;0.5747105, -0.3184238, 2.588422;0.6311037, -0.01546728, 2.950526;0.6234062, -0.08586092, 3.008175;0.6901456, -0.05758192, 2.907765;0.4872629, -0.4640093, 3.015352;0.668272, -0.441988, 2.740119;0.5355645, -0.7653617, 3.041032;0.7254218, -0.7674108, 2.76891;0.485909, -0.8174381, 3.003366;0.7055998, -0.8340365, 2.740171;
0.3620525, 0.5288715, 2.884877;0.4555172, 0.3459901, 2.87456;0.5935818, 0.02413923, 2.939569;0.3711656, 0.197369, 3.021774;0.5489552, 0.2230121, 2.767057;0.283852, -0.4169913, 2.93389;0.5740203, -0.3151035, 2.587689;0.6216143, -0.03968315, 2.955994;0.6096996, -0.1040644, 3.015098;0.6819434, -0.08643711, 2.915983;0.4766665, -0.483179, 3.010259;0.660984, -0.4503913, 2.72628;0.5355554, -0.7810125, 3.041851;0.7248536, -0.7687132, 2.768357;0.4858592, -0.8326814, 3.003787;0.7056206, -0.8337009, 2.739846;
0.3669905, 0.4982036, 2.867457;0.4529469, 0.314922, 2.866724;0.5882428, -0.02428324, 2.961452;0.3654233, 0.1678266, 3.0226;0.546038, 0.1965313, 2.766929;0.2830557, -0.4220211, 2.937908;0.5791758, -0.4061799, 2.585083;0.6154289, -0.09058935, 2.984289;0.6059964, -0.1497113, 3.03739;0.6691715, -0.139538, 2.959759;0.4601902, -0.5225644, 3.005832;0.6544504, -0.4649976, 2.712118;0.5252106, -0.8180259, 3.039881;0.7240548, -0.7697819, 2.767073;0.4765748, -0.8704541, 3.001706;0.7055305, -0.8335773, 2.739652;
0.3638372, 0.4729948, 2.866041;0.4439646, 0.287685, 2.86235;0.5859836, -0.03245899, 2.962478;0.3625767, 0.1466688, 3.0196;0.5430818, 0.1750505, 2.76406;0.2766551, -0.4679421, 2.942209;0.5791379, -0.4225369, 2.579639;0.6137852, -0.09747115, 2.98571;0.6054744, -0.1560327, 3.039136;0.6675063, -0.14711, 2.961968;0.4563252, -0.5261366, 3.003735;0.6526085, -0.4721135, 2.711336;0.5344077, -0.8162518, 3.044297;0.7230486, -0.7710777, 2.766165;0.4881175, -0.8335634, 3.092204;0.7048166, -0.8333833, 2.738785;
0.3599554, 0.4418826, 2.856411;0.4400779, 0.2586489, 2.857435;0.597196, -0.05249122, 2.957112;0.3625398, 0.119143, 3.011998;0.5406255, 0.1434093, 2.758438;0.2853631, -0.4787313, 2.940008;0.5893619, -0.4389107, 2.578809;0.6285517, -0.1159175, 2.980276;0.6287906, -0.1785185, 3.033667;0.6817909, -0.1601585, 2.956408;0.4498327, -0.5343615, 3.003438;0.652211, -0.4889145, 2.709717;0.5301704, -0.8227439, 3.045509;0.723653, -0.7756577, 2.766562;0.4839567, -0.8783771, 3.009314;0.7041811, -0.8351352, 2.738118;
0.3484672, 0.398774, 2.832205;0.4398493, 0.2266455, 2.849002;0.5993634, -0.06877311, 2.953738;0.3602843, 0.09426132, 3.011633;0.5410554, 0.1202842, 2.754194;0.2891067, -0.5092196, 2.93353;0.5993687, -0.4554428, 2.579095;0.630908, -0.1285138, 2.977907;0.6312733, -0.1907205, 3.035458;0.6878738, -0.1774738, 2.95181;0.4429829, -0.5404613, 3.001804;0.651183, -0.4979913, 2.704947;0.5306396, -0.8254695, 3.045737;0.723879, -0.782792, 2.764622;0.5326089, -0.7611563, 3.021868;0.7015759, -0.8415106, 2.736972;
0.3394594, 0.3722906, 2.837635;0.4365519, 0.2003624, 2.841411;0.6020293, -0.08643908, 2.95064;0.3558629, 0.06469271, 3.005348;0.5408869, 0.0956238, 2.751435;0.2868104, -0.5695513, 2.935929;0.6011085, -0.4572862, 2.579508;0.6346462, -0.1441675, 2.975714;0.6350054, -0.2049758, 3.034592;0.6923591, -0.1876902, 2.951194;0.4371434, -0.5483565, 3.00065;0.6495737, -0.5041777, 2.70138;0.5309573, -0.8308025, 3.044047;0.7228698, -0.7879703, 2.761465;0.4882487, -0.8888429, 3.00793;0.6995353, -0.8467283, 2.73506;
0.3404528, 0.3430329, 2.835865;0.4343752, 0.1688637, 2.834791;0.6011585, -0.1184039, 2.942583;0.3534436, 0.05154163, 3.002682;0.5397982, 0.08011669, 2.751164;0.2904708, -0.5785738, 2.939063;0.6040661, -0.5405585, 2.578868;0.6344318, -0.1756019, 2.967674;0.6366607, -0.2387478, 3.028542;0.6935782, -0.2201087, 2.942665;0.455994, -0.5142875, 3.002057;0.6436571, -0.5268923, 2.683178;0.5371766, -0.7519957, 3.034711;0.7193446, -0.8089249, 2.744739;0.4946952, -0.8099723, 2.998546;0.684593, -0.8671675, 2.735937;
0.3362983, 0.3207536, 2.831598;0.432624, 0.1487992, 2.830614;0.6026152, -0.1271771, 2.941214;0.3514603, 0.01851525, 2.996412;0.5385827, 0.05300999, 2.74542;0.2901059, -0.583177, 2.939447;0.6055462, -0.5601056, 2.58152;0.6362919, -0.1829704, 2.966655;0.6390448, -0.2463935, 3.029189;0.6970866, -0.2270783, 2.941334;0.455199, -0.5157255, 3.00174;0.6400923, -0.5299878, 2.67995;0.5344834, -0.7529006, 3.034684;0.7182993, -0.8104034, 2.742415;0.4936049, -0.8117591, 2.998479;0.6820854, -0.8675066, 2.733186;
0.3281823, 0.2902459, 2.823629;0.4292816, 0.1248535, 2.832998;0.6040668, -0.1404664, 2.940603;0.346643, -0.00582445, 2.994383;0.5348636, 0.02863412, 2.739345;0.3040871, -0.6167075, 2.966532;0.6084816, -0.5848671, 2.579865;0.6385125, -0.1941304, 2.965735;0.6429988, -0.2589777, 3.029746;0.7011684, -0.2369062, 2.939709;0.4522247, -0.5293458, 2.997816;0.6272513, -0.5296545, 2.671848;0.5349363, -0.7543522, 3.034178;0.7119945, -0.8080031, 2.732937;0.4946591, -0.8141996, 2.998652;0.6920732, -0.8716097, 2.748073;
0.3131228, 0.2576252, 2.822515;0.4280794, 0.1024451, 2.831503;0.6027164, -0.1621301, 2.938663;0.3452125, -0.01496942, 2.986531;0.5329132, 0.007741449, 2.738855;0.3034058, -0.6374655, 2.988358;0.6133218, -0.5990159, 2.585675;0.6374891, -0.2148585, 2.963671;0.6419535, -0.2738754, 3.02833;0.7005732, -0.2571758, 2.937172;0.4499319, -0.5323403, 2.996135;0.6241297, -0.5413935, 2.661751;0.5343583, -0.7564921, 3.034302;0.7068667, -0.8204157, 2.720826;0.5247383, -0.8242523, 3.034909;0.6983536, -0.8578123, 2.777513;
0.3189755, 0.2439809, 2.825956;0.4226033, 0.07979478, 2.828091;0.6056526, -0.1745473, 2.936991;0.3541359, -0.06172258, 2.977904;0.5311039, -0.004239814, 2.738897;0.3045463, -0.6378304, 2.990331;0.6172943, -0.6136401, 2.583552;0.641791, -0.2262166, 2.962167;0.6490266, -0.289296, 3.02746;0.7047248, -0.2639414, 2.93545;0.435002, -0.5278872, 2.986417;0.6228206, -0.5472737, 2.661915;0.5337115, -0.7593708, 3.033509;0.7058734, -0.8260603, 2.719928;0.5261945, -0.8274541, 3.035243;0.6999397, -0.8480399, 2.784554;
0.3164891, 0.2202572, 2.824881;0.4214633, 0.05653722, 2.822251;0.6103168, -0.2117698, 2.935917;0.3573279, -0.07541597, 2.975766;0.5324208, -0.03398532, 2.736386;0.2967702, -0.6565027, 2.981363;0.6214218, -0.616864, 2.582473;0.6482736, -0.2655363, 2.962428;0.6515688, -0.3194042, 3.023259;0.7082112, -0.2915351, 2.937814;0.4377415, -0.5255835, 2.985425;0.5632097, -0.4900394, 2.618447;0.5333332, -0.7602736, 3.031993;0.7126177, -0.7926139, 2.748722;0.5212336, -0.8277635, 3.03021;0.6990812, -0.8570211, 2.72941;
0.3024351, 0.1906222, 2.81517;0.4188021, 0.03700403, 2.816894;0.609306, -0.2217087, 2.934193;0.3566879, -0.08322284, 2.97335;0.5329683, -0.04684581, 2.736007;0.3293231, -0.6330776, 2.96443;0.6234079, -0.6387806, 2.583805;0.6474292, -0.2738975, 2.9611;0.6512086, -0.3302604, 3.021885;0.7074318, -0.305253, 2.936569;0.4352446, -0.5236843, 2.979731;0.563607, -0.491775, 2.609422;0.5150797, -0.7566127, 3.027691;0.7125054, -0.7942692, 2.74191;0.4772482, -0.8187847, 2.992656;0.6979859, -0.8607443, 2.732753;
0.3025339, 0.1827852, 2.812373;0.4191327, 0.03010435, 2.81308;0.608414, -0.2291282, 2.932179;0.3547341, -0.09070785, 2.971442;0.5320958, -0.06080921, 2.735378;0.295873, -0.6916573, 2.96888;0.6172543, -0.618974, 2.582289;0.6463006, -0.2811545, 2.959474;0.6503369, -0.3377008, 3.021433;0.7065266, -0.3144003, 2.93477;0.4310912, -0.5213238, 2.975861;0.5597717, -0.514999, 2.61816;0.510711, -0.753571, 3.027089;0.7039669, -0.8147581, 2.743635;0.4724791, -0.8158515, 2.992537;0.7058471, -0.8799173, 2.721913;
0.2988874, 0.1662696, 2.809235;0.4169, 0.01524531, 2.808487;0.6069599, -0.2383299, 2.929033;0.3402086, -0.1573483, 2.985793;0.5295205, -0.0747947, 2.73409;0.3023849, -0.6954067, 2.971654;0.637751, -0.7051667, 2.572547;0.6449802, -0.2892473, 2.956606;0.648669, -0.3560433, 3.01909;0.7074422, -0.3184834, 2.933075;0.4295101, -0.5499797, 2.974698;0.5599039, -0.5211417, 2.618215;0.5173907, -0.7575125, 3.026845;0.7037905, -0.819671, 2.743262;0.4838763, -0.8197311, 2.987338;0.6762877, -0.8227402, 2.680251;
0.3012463, 0.155675, 2.811023;0.4167134, 0.002660621, 2.807301;0.6076401, -0.242673, 2.928116;0.3411693, -0.1591058, 2.983703;0.529874, -0.08242373, 2.730539;0.3305207, -0.7130942, 2.968221;0.6490475, -0.7068587, 2.58836;0.6456985, -0.292387, 2.955773;0.6496799, -0.3584976, 3.018655;0.7088429, -0.3201852, 2.932551;0.4290236, -0.5509612, 2.974998;0.5542894, -0.5116158, 2.613939;0.4994739, -0.7526628, 3.029999;0.7000069, -0.8110021, 2.741305;0.4660186, -0.8157009, 2.991523;0.6801858, -0.8217654, 2.676185;
0.3020707, 0.1491448, 2.809096;0.4158958, -0.004117091, 2.806223;0.6083128, -0.2469049, 2.927115;0.3416216, -0.1612441, 2.982606;0.5302619, -0.08943565, 2.727646;0.3799964, -0.6904106, 2.942243;0.6542691, -0.6605269, 2.592782;0.6465976, -0.2958973, 2.954808;0.6511517, -0.3615821, 3.01849;0.7109452, -0.3232724, 2.931425;0.4290263, -0.5513736, 2.974761;0.5614344, -0.471243, 2.587212;0.4916071, -0.7506849, 3.028033;0.7068223, -0.779773, 2.723566;0.457913, -0.8141733, 2.990333;0.6715729, -0.8050249, 2.647892;
0.3025023, 0.1469827, 2.808242;0.4151688, -0.006548402, 2.804821;0.6079394, -0.2546166, 2.924861;0.342456, -0.1631893, 2.979281;0.5304875, -0.09130062, 2.72787;0.3502543, -0.7204334, 2.970039;0.6313984, -0.7324823, 2.587774;0.6464642, -0.3047086, 2.952398;0.6513107, -0.3707444, 3.017032;0.7118706, -0.3319235, 2.928568;0.3291757, -0.609769, 3.043627;0.4950014, -0.4958819, 2.633625;0.5569414, -0.8071507, 3.030454;0.5898612, -0.7739078, 2.536826;0.4928149, -0.7856592, 3.01638;0.5558532, -0.8370379, 2.498575;
0.2974433, 0.1353374, 2.804856;0.4135849, -0.0143914, 2.803273;0.6055467, -0.2600592, 2.924023;0.3425165, -0.1638851, 2.977918;0.5314969, -0.09548423, 2.726826;0.3385545, -0.7290756, 2.974754;0.6327454, -0.7039201, 2.590319;0.6440068, -0.3094722, 2.951668;0.6485845, -0.375556, 3.016859;0.7104866, -0.3364305, 2.928038;0.3253049, -0.6157871, 3.042244;0.4918254, -0.4924663, 2.630715;0.5647705, -0.7982277, 3.030791;0.5866038, -0.7702537, 2.53401;0.4824266, -0.7883571, 3.022226;0.5525655, -0.8336916, 2.496068;
0.2958654, 0.128794, 2.802867;0.4125743, -0.01918186, 2.803241;0.6053811, -0.2601916, 2.923892;0.3464049, -0.1683788, 2.971326;0.5310383, -0.09864164, 2.726998;0.3216138, -0.725815, 2.974537;0.6325629, -0.7048279, 2.590656;0.6438753, -0.3094237, 2.951527;0.6488711, -0.3752778, 3.017717;0.7104719, -0.3365094, 2.927545;0.3267782, -0.6130377, 3.042842;0.5097157, -0.5004802, 2.622288;0.5601425, -0.802894, 3.031061;0.6044232, -0.7780598, 2.525673;0.4920379, -0.7920071, 3.024936;0.6415831, -0.8026099, 2.608088;
0.29684, 0.125476, 2.801772;0.4128831, -0.0218869, 2.803521;0.6054045, -0.2610732, 2.923792;0.3460054, -0.1688228, 2.970946;0.5313647, -0.100255, 2.726205;0.3231229, -0.7268234, 2.974576;0.6326844, -0.7065372, 2.59043;0.6438767, -0.3098529, 2.951385;0.6489381, -0.3755893, 3.017565;0.7106073, -0.3368068, 2.92745;0.3268048, -0.6130626, 3.042704;0.5152527, -0.4985857, 2.618054;0.5613819, -0.801073, 3.030006;0.609877, -0.7759212, 2.521537;0.4927538, -0.7924731, 3.025345;0.6443914, -0.8016013, 2.604877;
0.2976849, 0.123572, 2.801611;0.4134379, -0.02351091, 2.802868;0.6055962, -0.2614986, 2.923808;0.3456841, -0.1687012, 2.970398;0.5313143, -0.1011942, 2.725995;0.3210125, -0.7279803, 2.973967;0.6327488, -0.7061762, 2.590579;0.6440086, -0.3100407, 2.951418;0.6492318, -0.375622, 3.017864;0.7108563, -0.337053, 2.927535;0.3268878, -0.6118978, 3.043284;0.522966, -0.515218, 2.623441;0.5631986, -0.7974682, 3.028305;0.6175069, -0.7923093, 2.527022;0.486315, -0.7918205, 3.029013;0.6520571, -0.8124648, 2.611954;
0.2973803, 0.121774, 2.801514;0.4138576, -0.02422942, 2.802289;0.6056412, -0.2619347, 2.923618;0.3453552, -0.1685789, 2.969363;0.5317671, -0.1022279, 2.72568;0.322217, -0.7301885, 2.973214;0.6328589, -0.705203, 2.589777;0.6440076, -0.3102952, 2.951281;0.6491951, -0.3757777, 3.017862;0.7110152, -0.3373896, 2.927363;0.4298777, -0.5778438, 2.974546;0.5261348, -0.4928576, 2.608765;0.530086, -0.7615917, 3.021945;0.6205814, -0.7696725, 2.512451;0.4702961, -0.7968251, 3.021596;0.6579748, -0.7845478, 2.597284;
0.2976044, 0.120904, 2.801498;0.4140052, -0.02455664, 2.802171;0.6057141, -0.2620939, 2.923656;0.3450894, -0.1685311, 2.969284;0.5320967, -0.1044023, 2.725196;0.3219682, -0.729987, 2.973007;0.6331896, -0.7047529, 2.589766;0.6440657, -0.3103724, 2.951332;0.6493445, -0.3756885, 3.018248;0.7112584, -0.3376443, 2.92748;0.4325142, -0.579153, 2.976271;0.528659, -0.4946117, 2.608414;0.5358081, -0.7669041, 3.026067;0.623, -0.7711174, 2.512214;0.4718412, -0.7927327, 3.018272;0.6599148, -0.7878158, 2.596952;
0.2979815, 0.1198052, 2.80204;0.4142254, -0.02549371, 2.801612;0.6058745, -0.2622792, 2.923581;0.3464347, -0.1757166, 2.969512;0.5323743, -0.1058956, 2.724808;0.3281503, -0.7357187, 2.971531;0.6327765, -0.7053397, 2.589146;0.6442075, -0.3104374, 2.951291;0.6496397, -0.3758505, 3.018411;0.7116336, -0.3375414, 2.927514;0.4364166, -0.596382, 2.981835;0.5370671, -0.5138205, 2.61446;0.5300145, -0.7585879, 3.02248;0.631315, -0.7900529, 2.518364;0.4716864, -0.7962021, 3.01917;0.6649055, -0.8051131, 2.604864;
0.299898, 0.1166685, 2.802516;0.4155512, -0.02822139, 2.803136;0.6060242, -0.2625177, 2.923657;0.3461979, -0.177471, 2.970794;0.5329026, -0.106771, 2.724322;0.3243752, -0.7365961, 2.97154;0.6269673, -0.7567816, 2.584711;0.644255, -0.3104626, 2.951244;0.6499628, -0.3760745, 3.018657;0.7118981, -0.3375785, 2.927472;0.4324902, -0.554242, 2.969575;0.5268121, -0.5095215, 2.618339;0.5292373, -0.7569403, 3.020803;0.6209765, -0.7855092, 2.522338;0.4643308, -0.7817701, 3.017828;0.5880015, -0.8499155, 2.484116;
0.3000534, 0.1163499, 2.804911;0.4155525, -0.02874104, 2.803244;0.6060801, -0.2658438, 2.922942;0.3457608, -0.1768135, 2.971281;0.5337049, -0.1069281, 2.724974;0.3215907, -0.7399197, 2.969377;0.6262693, -0.6974646, 2.590762;0.6442874, -0.3140873, 2.950251;0.6503065, -0.3798932, 3.01769;0.7125316, -0.3434769, 2.925923;0.4265613, -0.6140695, 2.989981;0.5227412, -0.5169467, 2.620731;0.5330696, -0.7622411, 3.022177;0.6167938, -0.7926068, 2.52484;0.4671121, -0.783634, 3.01579;0.5834969, -0.8568335, 2.486402;
0.3078467, 0.1255044, 2.813729;0.4160013, -0.0280244, 2.803409;0.6071783, -0.2686516, 2.922354;0.3470697, -0.177676, 2.970851;0.533966, -0.1077881, 2.725644;0.3447204, -0.6983378, 2.979856;0.6270818, -0.6974421, 2.590651;0.645641, -0.3182162, 2.949344;0.6511874, -0.3835185, 3.015974;0.7130666, -0.3469813, 2.924834;0.4275618, -0.5679326, 2.975265;0.544583, -0.5005152, 2.59638;0.4946865, -0.7424354, 3.016897;0.6385199, -0.7758362, 2.500602;0.4846669, -0.8114117, 3.018988;0.6638499, -0.7951156, 2.589412;
0.3079432, 0.1216334, 2.810284;0.4183278, -0.02758333, 2.803648;0.6076, -0.2692713, 2.922047;0.347321, -0.1769455, 2.971817;0.5347614, -0.1082153, 2.725874;0.3079567, -0.7375066, 2.960881;0.6284486, -0.6990744, 2.589182;0.6458316, -0.3187699, 2.949006;0.6512066, -0.3840138, 3.01565;0.7132922, -0.3480436, 2.924308;0.4231457, -0.5548581, 2.972625;0.5438631, -0.4994375, 2.595425;0.5231176, -0.7567775, 3.022927;0.6376995, -0.7744638, 2.499752;0.5235963, -0.8173536, 3.057768;0.6630973, -0.794737, 2.588539;
0.3109626, 0.1242088, 2.810859;0.4202993, -0.02526593, 2.804163;0.6112142, -0.2663882, 2.924088;0.3502133, -0.1752472, 2.969449;0.5348547, -0.1065514, 2.725415;0.3092701, -0.7319508, 2.965354;0.6290032, -0.693095, 2.585871;0.6498413, -0.3152737, 2.951557;0.6553324, -0.3797086, 3.018084;0.7171898, -0.3430697, 2.927439;0.4242168, -0.5553519, 2.973063;0.5477022, -0.4964167, 2.600362;0.5035999, -0.7531151, 3.021354;0.6414346, -0.7711384, 2.504796;0.5014449, -0.8225804, 3.029579;0.6661853, -0.7939313, 2.5933;
0.3228987, 0.1389395, 2.81535;0.4254152, -0.01544355, 2.805371;0.6111437, -0.2666444, 2.923934;0.3483447, -0.1688266, 2.97379;0.5360842, -0.1047182, 2.72555;0.3763547, -0.6915187, 2.957899;0.6104974, -0.594878, 2.5795;0.6491892, -0.3166036, 2.951171;0.6516551, -0.3824815, 3.015018;0.7159439, -0.3448137, 2.927588;0.4447272, -0.625546, 2.996417;0.5549382, -0.4983698, 2.59697;0.5030948, -0.7526543, 3.020944;0.607778, -0.7872381, 2.520739;0.4674556, -0.816057, 2.982396;0.647075, -0.8052253, 2.604962;
0.3241636, 0.1480453, 2.815802;0.4304392, -0.003058053, 2.806789;0.6124553, -0.2636693, 2.925437;0.3502529, -0.164475, 2.973723;0.538909, -0.09459475, 2.726541;0.3228392, -0.7391707, 2.966662;0.6105149, -0.5948191, 2.579447;0.6498424, -0.3148231, 2.952466;0.6512333, -0.3809328, 3.015213;0.7163768, -0.3415624, 2.930398;0.4385474, -0.6219983, 2.99644;0.5618104, -0.4921831, 2.595933;0.5071236, -0.7506424, 3.021456;0.7098064, -0.7893894, 2.738464;0.4711419, -0.8130871, 2.981686;0.7031788, -0.8578744, 2.725764;
0.3313696, 0.1615698, 2.81669;0.4338065, 0.00872519, 2.809303;0.6190724, -0.2515258, 2.930809;0.3622745, -0.1218145, 2.977051;0.5446972, -0.07917686, 2.729673;0.387626, -0.6584342, 2.931694;0.6152572, -0.6477413, 2.576395;0.6563862, -0.3035641, 2.958304;0.6573973, -0.3643672, 3.0204;0.7210791, -0.3321071, 2.935928;0.4397651, -0.6195562, 2.996717;0.5692672, -0.487151, 2.602869;0.5062171, -0.7486386, 3.022263;0.7114441, -0.7951342, 2.748414;0.4677657, -0.8118516, 2.986053;0.7015398, -0.8575525, 2.718274;
0.3415661, 0.1899094, 2.823065;0.4433497, 0.03720161, 2.815901;0.6178135, -0.2254298, 2.934306;0.362552, -0.1153748, 2.976849;0.5459691, -0.06546441, 2.730752;0.2800153, -0.6870112, 2.959927;0.6226223, -0.6395382, 2.583361;0.6529076, -0.2774426, 2.96144;0.6544705, -0.342737, 3.029157;0.7198284, -0.3192407, 2.935791;0.4314632, -0.5575206, 2.985698;0.5749863, -0.4848053, 2.605562;0.5219443, -0.7550559, 3.026812;0.7116393, -0.7931954, 2.749214;0.4831311, -0.8172092, 2.989004;0.7021848, -0.8563982, 2.720435;
0.3500803, 0.2110665, 2.830233;0.4474892, 0.05569467, 2.821651;0.6160858, -0.2165729, 2.934417;0.3652647, -0.07799021, 2.980076;0.5516293, -0.04397759, 2.732718;0.3096372, -0.6393338, 2.992458;0.6298589, -0.645988, 2.582331;0.6503814, -0.2700858, 2.960819;0.6519657, -0.3358831, 3.029154;0.7166957, -0.3130236, 2.934154;0.4308928, -0.6202561, 3.013393;0.5765979, -0.4836264, 2.605169;0.5190732, -0.7519703, 3.026266;0.712548, -0.7903352, 2.751267;0.4776773, -0.8129418, 2.989106;0.7017571, -0.8529173, 2.721456;
0.3776979, 0.2517875, 2.827627;0.455757, 0.07988018, 2.828301;0.6146826, -0.2005588, 2.938852;0.3624942, -0.05567503, 2.987658;0.5546248, -0.01846207, 2.733294;0.3095628, -0.635338, 2.985252;0.6360506, -0.6042597, 2.58801;0.6472418, -0.256108, 2.964591;0.6466706, -0.3213869, 3.030342;0.7108091, -0.2973714, 2.94001;0.4303154, -0.5410802, 2.997148;0.5844815, -0.4798504, 2.611834;0.5224828, -0.7521033, 3.027392;0.7132279, -0.7862829, 2.752725;0.5201386, -0.8273123, 3.085156;0.702024, -0.8489434, 2.723328;
0.3772058, 0.27061, 2.83252;0.4621473, 0.101476, 2.830171;0.6163002, -0.1777302, 2.944469;0.365373, -0.02632532, 2.981359;0.5586681, -0.0004026685, 2.735273;0.3084231, -0.6185638, 2.982146;0.6369174, -0.5778039, 2.587828;0.6473454, -0.2336058, 2.970757;0.6434004, -0.2944776, 3.036714;0.7104072, -0.2782889, 2.945744;0.4304292, -0.5406243, 2.996747;0.5927944, -0.4755132, 2.623957;0.5226621, -0.7488549, 3.026994;0.7146148, -0.7832901, 2.753447;0.5234974, -0.8289801, 3.077627;0.7020533, -0.8467571, 2.726568;
0.3815113, 0.2999237, 2.841907;0.4674731, 0.1302272, 2.835516;0.6150296, -0.1549767, 2.948944;0.3688606, -0.00569842, 2.987227;0.5613757, 0.04100204, 2.734482;0.3086207, -0.613808, 2.950534;0.6464103, -0.5413336, 2.581873;0.6447776, -0.2117421, 2.975083;0.6410165, -0.2783678, 3.041831;0.7078165, -0.2604242, 2.949065;0.432353, -0.53857, 2.997993;0.6377757, -0.5282577, 2.669819;0.5238932, -0.7488928, 3.027513;0.7188043, -0.7792078, 2.755995;0.4812652, -0.8072892, 2.987794;0.7025945, -0.8423649, 2.730208;
0.3843929, 0.3371311, 2.852601;0.4698651, 0.1719743, 2.840114;0.6159273, -0.1389247, 2.951295;0.3834401, 0.03267609, 2.991933;0.5656359, 0.06279562, 2.741475;0.3031982, -0.5521592, 2.952604;0.6470478, -0.511369, 2.588229;0.6453376, -0.1996601, 2.977008;0.6416005, -0.2633656, 3.041922;0.705654, -0.2471467, 2.951735;0.401143, -0.5594478, 2.995559;0.6315655, -0.4610085, 2.629122;0.5050241, -0.8281721, 3.032691;0.7199835, -0.7775664, 2.757059;0.458855, -0.8849543, 2.994454;0.7033191, -0.8406601, 2.731225;
0.3973736, 0.3602411, 2.856983;0.4760651, 0.1948822, 2.846758;0.6018828, -0.1142745, 2.962925;0.3852992, 0.06375511, 2.987748;0.5724525, 0.08892347, 2.74829;0.3209979, -0.5004152, 2.962542;0.653759, -0.4698436, 2.582127;0.6260226, -0.1751495, 2.99004;0.6088794, -0.2283619, 3.053171;0.6819955, -0.2264702, 2.967716;0.4138836, -0.554005, 2.99485;0.6549807, -0.5076278, 2.694279;0.5097945, -0.8256502, 3.02982;0.7220026, -0.7795179, 2.758926;0.4635656, -0.8811935, 2.989732;0.7028384, -0.8409166, 2.730693;
0.4088542, 0.4072482, 2.877677;0.4829442, 0.2398661, 2.858113;0.6006287, -0.09574179, 2.969471;0.3877499, 0.09066749, 2.992278;0.5726712, 0.1106471, 2.752737;0.324763, -0.4863545, 2.975286;0.657339, -0.4400826, 2.595269;0.6245064, -0.1614816, 2.995297;0.6092317, -0.2185156, 3.055413;0.6789533, -0.2145098, 2.97251;0.4199444, -0.5464864, 2.995337;0.6572171, -0.4963895, 2.700527;0.5064545, -0.8213971, 3.027443;0.7218128, -0.7742069, 2.756807;0.457888, -0.8746959, 2.986938;0.7040133, -0.8376777, 2.732381;
0.4211661, 0.4516225, 2.890775;0.4885806, 0.26438, 2.861427;0.6021195, -0.07304654, 2.971598;0.3896134, 0.1293496, 3.000126;0.580429, 0.1438968, 2.759323;0.3349958, -0.4471215, 2.973255;0.660332, -0.4255589, 2.59906;0.6249715, -0.1408888, 2.997027;0.6092786, -0.1974179, 3.053121;0.6782227, -0.1943024, 2.975491;0.4268544, -0.5288907, 2.996425;0.6576666, -0.4871754, 2.704482;0.5085599, -0.8050964, 3.027202;0.7219509, -0.7741446, 2.756733;0.5758722, -0.8251314, 3.031553;0.7041947, -0.8377164, 2.732348;
0.4204611, 0.4661513, 2.889526;0.5023282, 0.3031415, 2.870091;0.6077145, -0.04067021, 2.971039;0.4014353, 0.1682167, 3.002098;0.5890194, 0.1747022, 2.763352;0.3371565, -0.4067541, 2.971066;0.6663825, -0.3940827, 2.594493;0.6291079, -0.1088307, 2.994841;0.6112987, -0.1693693, 3.05071;0.6824131, -0.1638772, 2.970573;0.4434139, -0.5083028, 2.999365;0.6611734, -0.4662736, 2.707692;0.5135017, -0.7877418, 3.028213;0.7248415, -0.7681066, 2.75747;0.5337681, -0.838493, 3.072443;0.7059149, -0.8330677, 2.736202;
0.4271657, 0.4957057, 2.899431;0.5145223, 0.3354052, 2.874504;0.6098272, -0.03115106, 2.970043;0.4068429, 0.187909, 3.006479;0.591589, 0.2080997, 2.775461;0.3350119, -0.380092, 2.965215;0.6519368, -0.3236889, 2.587448;0.6300068, -0.1025134, 2.99341;0.610881, -0.1627979, 3.049567;0.6828943, -0.1574277, 2.96701;0.4457133, -0.5020406, 2.996216;0.6634634, -0.4625529, 2.71065;0.5111954, -0.7819079, 3.026872;0.7256732, -0.7666232, 2.757184;0.4606774, -0.8310887, 2.983819;0.7059196, -0.8330694, 2.736223;
0.4464515, 0.5156748, 2.907461;0.5366284, 0.3132643, 2.895989;0.6178207, 0.007691538, 2.972635;0.418054, 0.2319971, 3.009069;0.5998333, 0.2365449, 2.777346;0.3379544, -0.3390034, 2.969063;0.6497212, -0.3230287, 2.589026;0.634573, -0.04709755, 2.991106;0.6210413, -0.1080888, 3.042313;0.6798443, -0.1058168, 2.96606;0.4738851, -0.4560083, 3.002721;0.6686829, -0.4530628, 2.712992;0.5293328, -0.74468, 3.031141;0.7261652, -0.7659076, 2.756947;0.4776371, -0.7936891, 2.989523;0.7061279, -0.8332242, 2.736407;
0.4560295, 0.53925, 2.91288;0.5469323, 0.3555093, 2.906369;0.612555, 0.02833177, 2.973233;0.4213143, 0.250753, 3.020064;0.6073663, 0.2682293, 2.781714;0.3439815, -0.3363836, 2.973976;0.6430749, -0.3096489, 2.59045;0.6281773, -0.03537396, 2.99067;0.6082414, -0.09320962, 3.042742;0.674335, -0.09740202, 2.963216;0.478442, -0.4490749, 3.00249;0.6727221, -0.4418119, 2.717707;0.531214, -0.7439766, 3.032501;0.7269956, -0.7676324, 2.758566;0.4782411, -0.789985, 2.989138;0.7062613, -0.8334616, 2.737156;
0.4761903, 0.6006849, 2.936402;0.5536759, 0.3759202, 2.91372;0.6088696, 0.05000994, 2.972763;0.430023, 0.2769112, 3.023819;0.615211, 0.3059743, 2.79;0.3574351, -0.2844344, 2.984508;0.6491277, -0.2584052, 2.59672;0.6206815, -0.01427099, 2.988188;0.5968292, -0.07243099, 3.037344;0.664965, -0.07553735, 2.958434;0.4811269, -0.4457902, 3.001465;0.6777998, -0.4254494, 2.725762;0.531455, -0.743386, 3.032736;0.727593, -0.767534, 2.758674;0.4782868, -0.7876575, 2.987979;0.7063499, -0.8332291, 2.736918;
0.4770882, 0.6227981, 2.942888;0.5613192, 0.4615576, 2.927444;0.6082574, 0.09052919, 2.9612;0.4377774, 0.2967849, 3.027932;0.6233954, 0.32076, 2.793802;0.3620073, -0.2691658, 2.989611;0.6519518, -0.2449165, 2.601583;0.6182333, 0.01329885, 2.973924;0.5891497, -0.05432054, 3.026159;0.6659624, -0.04351824, 2.93015;0.4865825, -0.4394584, 3.000549;0.6829369, -0.4192796, 2.733076;0.5316237, -0.7424451, 3.03266;0.7279904, -0.7677477, 2.758825;0.4764712, -0.7833872, 2.987165;0.7068436, -0.8341694, 2.738017;
0.5132469, 0.6615937, 2.96786;0.5713204, 0.4848288, 2.93707;0.6073818, 0.1144427, 2.954126;0.4486192, 0.3366997, 3.035198;0.6308261, 0.3503635, 2.801909;0.3642708, -0.2605444, 2.994135;0.6567416, -0.2137017, 2.605035;0.6142688, 0.04418297, 2.959695;0.5782636, -0.02776837, 3.014543;0.663272, -0.01253994, 2.905793;0.4911008, -0.432906, 2.99841;0.6840977, -0.4069841, 2.741901;0.5326602, -0.7409961, 3.031978;0.7293258, -0.7688192, 2.760305;0.4760267, -0.7798718, 2.986604;0.7068092, -0.8341975, 2.738089;
0.5099484, 0.6762863, 2.971561;0.5817053, 0.5079406, 2.945564;0.6108832, 0.1286983, 2.951772;0.4516639, 0.3467817, 3.037884;0.6397928, 0.3650283, 2.806616;0.3716304, -0.2170055, 3.00502;0.6622099, -0.1904028, 2.611251;0.6166286, 0.05383648, 2.956842;0.5788186, -0.01812751, 3.010044;0.6658297, -0.004361426, 2.90308;0.4956144, -0.4265185, 2.996725;0.6827416, -0.4039798, 2.745369;0.5369788, -0.73851, 3.032578;0.7295191, -0.7689086, 2.760284;0.4807933, -0.7761845, 2.985766;0.7059259, -0.8331134, 2.736189;
0.5316557, 0.6999146, 2.985472;0.5883064, 0.5257369, 2.951204;0.610056, 0.1562934, 2.950931;0.4617123, 0.3671001, 3.036053;0.6479741, 0.3848951, 2.814309;0.3750279, -0.2123186, 3.00484;0.665701, -0.1773037, 2.615175;0.6140727, 0.08282086, 2.954101;0.575037, 0.01242251, 3.007608;0.6616446, 0.01385286, 2.897966;0.5011461, -0.4221005, 2.995894;0.6822627, -0.3998618, 2.750191;0.5372913, -0.7383941, 3.032606;0.7309321, -0.7693856, 2.763018;0.481455, -0.7751085, 2.984732;0.7061895, -0.8334681, 2.736694;
0.5357767, 0.7112471, 2.991535;0.5960749, 0.5387121, 2.957126;0.6090198, 0.1709314, 2.950923;0.467484, 0.389109, 3.047043;0.6592784, 0.407542, 2.820655;0.376206, -0.2100905, 3.008237;0.671118, -0.1602768, 2.625525;0.6114557, 0.09814988, 2.953026;0.5704191, 0.02601707, 3.004232;0.6568189, 0.03643801, 2.896448;0.5085961, -0.4148274, 2.995461;0.6818089, -0.3958467, 2.754475;0.5403515, -0.7391379, 3.034494;0.7313283, -0.7690707, 2.763291;0.4843547, -0.7749104, 2.986222;0.7062433, -0.8334761, 2.736608;
0.5492849, 0.7361174, 3.000456;0.615613, 0.5656839, 2.967855;0.6110482, 0.1809623, 2.951812;0.472047, 0.4039573, 3.055831;0.6666439, 0.4197022, 2.82691;0.3835902, -0.1740843, 3.010879;0.6729301, -0.1510099, 2.626026;0.6117856, 0.1056357, 2.952967;0.5699176, 0.03207542, 3.002436;0.6556662, 0.04207318, 2.896661;0.5153279, -0.4118167, 2.996266;0.6816682, -0.3957747, 2.76039;0.5411181, -0.7401981, 3.03499;0.7328589, -0.7688643, 2.764462;0.4846533, -0.7745517, 2.986351;0.7056838, -0.8318461, 2.731913;
0.5578463, 0.743265, 3.007051;0.6197373, 0.5708032, 2.970438;0.610567, 0.1939566, 2.951158;0.4769428, 0.4108758, 3.056036;0.6756535, 0.4305122, 2.828455;0.3841791, -0.1577847, 3.010165;0.6775212, -0.1399316, 2.629304;0.6091021, 0.1197735, 2.950875;0.563736, 0.04424353, 3.000515;0.6521585, 0.0553633, 2.891339;0.5208983, -0.4062891, 2.995279;0.6820284, -0.3929019, 2.765498;0.5434873, -0.7398473, 3.03487;0.7332052, -0.7678637, 2.764827;0.4874602, -0.7736248, 2.98548;0.7057273, -0.83192, 2.730624;
0.5711269, 0.7563863, 3.007157;0.6313807, 0.5836606, 2.980543;0.609947, 0.2034524, 2.95128;0.4821698, 0.4214128, 3.056583;0.6869067, 0.4474681, 2.831384;0.3844012, -0.1527274, 3.008159;0.6866176, -0.1089395, 2.643468;0.6065885, 0.1288999, 2.949549;0.5573312, 0.05403869, 2.997626;0.6489338, 0.06494596, 2.88827;0.5234668, -0.4058521, 2.995336;0.6826908, -0.3891393, 2.77099;0.5467824, -0.7411168, 3.036075;0.7337827, -0.765955, 2.765008;0.4912463, -0.7738831, 2.985567;0.7054492, -0.8321047, 2.73177;
0.5837493, 0.7734613, 3.023286;0.6366233, 0.5975249, 2.985525;0.6081519, 0.2153178, 2.9491;0.4873082, 0.4309848, 3.055868;0.6935531, 0.4612017, 2.840117;0.3780263, -0.172231, 3.006901;0.6888585, -0.1015642, 2.646575;0.6030401, 0.1399844, 2.945683;0.5514327, 0.06620093, 2.991023;0.6441118, 0.07693107, 2.883528;0.5338215, -0.405384, 2.998102;0.684405, -0.384621, 2.7788;0.5556692, -0.7490973, 3.04611;0.73435, -0.7640854, 2.766254;0.5010113, -0.7812657, 2.994299;0.7058653, -0.8328177, 2.733713;
0.5830159, 0.7752987, 3.023129;0.6403871, 0.6006264, 2.988381;0.6072124, 0.2202017, 2.948377;0.4940989, 0.4408308, 3.057108;0.6967878, 0.4661478, 2.843885;0.3821362, -0.1661463, 3.005157;0.6897372, -0.09311617, 2.648159;0.6008085, 0.145419, 2.943965;0.548571, 0.07063054, 2.989714;0.6404729, 0.08181727, 2.879696;0.5402806, -0.402433, 3.001379;0.6861918, -0.3842394, 2.784035;0.5570652, -0.7498921, 3.047269;0.7344139, -0.7634773, 2.766712;0.5022033, -0.7817454, 2.995475;0.7066786, -0.8328718, 2.736867;
0.5907825, 0.7811451, 3.026404;0.646575, 0.6057663, 2.992472;0.6055988, 0.2256249, 2.947758;0.4980017, 0.4479517, 3.058017;0.702931, 0.4691585, 2.845187;0.3913164, -0.123377, 3.009666;0.6908227, -0.09110527, 2.649154;0.5975325, 0.1511593, 2.94237;0.5428854, 0.07603134, 2.987877;0.6363239, 0.08652498, 2.876501;0.5454913, -0.4008203, 3.007197;0.6869, -0.383083, 2.786496;0.5574154, -0.7498231, 3.047624;0.7357935, -0.7594387, 2.76699;0.5027928, -0.7812801, 2.995324;0.7070647, -0.8326449, 2.738134;
0.5938152, 0.7828036, 3.02711;0.6520584, 0.608035, 2.994187;0.6050858, 0.227834, 2.946884;0.499109, 0.4487342, 3.058131;0.7085116, 0.4711444, 2.848152;0.3916013, -0.119898, 3.010247;0.6924432, -0.08961028, 2.649673;0.596025, 0.1534454, 2.940898;0.5394566, 0.0787241, 2.985146;0.6343265, 0.08879372, 2.874851;0.5475265, -0.4005819, 3.010204;0.6881936, -0.3801202, 2.790037;0.5593261, -0.7505738, 3.047545;0.7372375, -0.7577968, 2.768675;0.5054447, -0.7817957, 2.994316;0.7071851, -0.8328217, 2.73869;
0.5978603, 0.7840825, 3.03073;0.6599061, 0.6104113, 2.998185;0.6046631, 0.2287871, 2.946398;0.5010163, 0.4502301, 3.058126;0.7121218, 0.4716626, 2.850828;0.3921774, -0.1188231, 3.010451;0.6929137, -0.08959956, 2.651519;0.5944729, 0.1544486, 2.939664;0.5362812, 0.07958187, 2.983366;0.6313288, 0.0896385, 2.87219;0.5480379, -0.4000819, 3.010715;0.6885903, -0.3791057, 2.792076;0.5607366, -0.7512172, 3.04854;0.7381663, -0.756731, 2.769582;0.5073034, -0.7821686, 2.99473;0.7074068, -0.8326333, 2.739147;
0.6022428, 0.7853304, 3.033851;0.6649202, 0.6118355, 3.004352;0.6040553, 0.2294086, 2.946003;0.5057012, 0.4538963, 3.0601;0.7137952, 0.4718065, 2.852509;0.3928744, -0.1178819, 3.010972;0.6945868, -0.08940698, 2.653049;0.5925162, 0.1550549, 2.938115;0.5335534, 0.08024876, 2.981006;0.6273395, 0.09058778, 2.868886;0.5480911, -0.4000013, 3.010914;0.6892735, -0.3788651, 2.794025;0.5617059, -0.751139, 3.048577;0.7381962, -0.7563078, 2.769807;0.5078851, -0.7819061, 2.995064;0.7077285, -0.8321054, 2.73991;
0.6087744, 0.7886903, 3.038377;0.6723596, 0.6155261, 3.011902;0.6036112, 0.229822, 2.945949;0.5085266, 0.4563976, 3.064194;0.717554, 0.4709926, 2.855439;0.3942924, -0.116497, 3.011706;0.694829, -0.08960965, 2.653288;0.5908419, 0.1552084, 2.937268;0.5298827, 0.08196957, 2.97727;0.6253886, 0.09130357, 2.868913;0.5484332, -0.3988357, 3.011504;0.6894805, -0.379001, 2.795487;0.5620903, -0.7510896, 3.04871;0.738226, -0.7558533, 2.770291;0.5082953, -0.7817301, 2.995086;0.7077278, -0.8321194, 2.739943;
0.6108688, 0.7889507, 3.040502;0.6737784, 0.615271, 3.013491;0.6027134, 0.2303766, 2.94612;0.5094398, 0.4567338, 3.065615;0.7188925, 0.4697373, 2.85592;0.3957942, -0.1155379, 3.011029;0.6962199, -0.09184402, 2.656061;0.588869, 0.1556706, 2.937;0.5273055, 0.08241895, 2.977144;0.6224535, 0.09133636, 2.868009;0.548116, -0.3979555, 3.010931;0.6896042, -0.3788024, 2.798324;0.5623287, -0.7503147, 3.048899;0.7388207, -0.7553591, 2.771543;0.5085174, -0.7809371, 2.995262;0.7077659, -0.8321, 2.740044;
0.614067, 0.7896241, 3.043952;0.6741953, 0.6145235, 3.014023;0.6007284, 0.2298319, 2.945949;0.5110049, 0.4567843, 3.066347;0.7199258, 0.4694073, 2.857174;0.3923172, -0.1545123, 3.006704;0.6959909, -0.09228811, 2.656393;0.5853903, 0.1544558, 2.936247;0.5238854, 0.0820593, 2.976002;0.6186596, 0.09071606, 2.867917;0.5480742, -0.3977754, 3.010902;0.6893732, -0.3777949, 2.799441;0.5626919, -0.7491727, 3.048411;0.7393091, -0.7543347, 2.771572;0.5088887, -0.7797799, 2.994773;0.7075316, -0.8318083, 2.74026;
0.6143332, 0.7892635, 3.044168;0.6745539, 0.6141651, 3.016822;0.5993471, 0.2298804, 2.94622;0.5124807, 0.4595473, 3.069748;0.7207727, 0.4687728, 2.859616;0.3955016, -0.1562072, 3.008803;0.6955478, -0.09175348, 2.656813;0.5835413, 0.1542792, 2.93606;0.5218575, 0.08262958, 2.974902;0.6166167, 0.09094239, 2.868309;0.5461577, -0.3962239, 3.00944;0.6890153, -0.3777375, 2.800105;0.5627351, -0.7474405, 3.048509;0.7399532, -0.7535281, 2.772362;0.5088999, -0.7780424, 2.994916;0.7079774, -0.8311201, 2.741025;
0.6168081, 0.7879441, 3.04348;0.6756266, 0.6124333, 3.01925;0.5988172, 0.2298582, 2.946252;0.5136889, 0.4600115, 3.069882;0.7213802, 0.4692345, 2.860497;0.3981713, -0.1518435, 3.008956;0.6945958, -0.09196788, 2.657377;0.5826921, 0.1542613, 2.935755;0.5211106, 0.08249991, 2.974653;0.6148133, 0.09085332, 2.867084;0.5453599, -0.3960718, 3.009097;0.6885894, -0.3774251, 2.800267;0.5628912, -0.7474635, 3.048344;0.7394196, -0.752391, 2.772259;0.5090362, -0.7780913, 2.99471