0.5059198, 0.809418, 3.011451;0.5876402, 0.595368, 2.976756;0.5398538, 0.2269511, 2.935275;0.4487813, 0.4459775, 3.074285;0.6604646, 0.4502875, 2.835432;0.3708999, -0.1714784, 2.97775;0.614069, -0.1357223, 2.652904;0.5302966, 0.1532677, 2.930443;0.4731146, 0.07864565, 2.978229;0.568372, 0.08058515, 2.862504;0.5120687, -0.3934972, 2.994956;0.6525856, -0.3663815, 2.770839;0.5522876, -0.7463825, 3.038261;0.7256464, -0.7579657, 2.751828;0.4929535, -0.7797083, 2.984494;0.7030334, -0.8254637, 2.726808;
0.5063091, 0.811065, 3.013548;0.5875516, 0.5962831, 2.977188;0.5398375, 0.2269422, 2.935309;0.4489072, 0.4463865, 3.07461;0.6603593, 0.450256, 2.835602;0.3706766, -0.1719925, 2.978351;0.6262842, -0.1411327, 2.652361;0.5302589, 0.1531836, 2.930434;0.4731414, 0.07877638, 2.977958;0.5683383, 0.08056954, 2.862588;0.5126384, -0.39359, 2.995216;0.6525968, -0.3661509, 2.770912;0.5523502, -0.746307, 3.038351;0.7260367, -0.7571498, 2.753495;0.5334588, -0.8231982, 3.030797;0.7023221, -0.8279473, 2.726081;
0.5074784, 0.8139193, 3.0151;0.5892339, 0.5980098, 2.97958;0.5399079, 0.2269497, 2.935457;0.4497029, 0.4474514, 3.074621;0.6603878, 0.4502872, 2.8357;0.3703622, -0.1716417, 2.978448;0.6235327, -0.138572, 2.652117;0.5302789, 0.1531483, 2.930524;0.4732389, 0.07897915, 2.977796;0.568323, 0.08056778, 2.862708;0.5127966, -0.3936636, 2.995406;0.6527849, -0.3659286, 2.771314;0.5527251, -0.7465096, 3.039504;0.7256542, -0.7558981, 2.752842;0.4859055, -0.7838922, 2.979144;0.7015602, -0.8296003, 2.723595;
0.5071231, 0.8127095, 3.014594;0.5900788, 0.5970099, 2.980921;0.5400903, 0.2268305, 2.93568;0.4496496, 0.4474994, 3.074659;0.6604179, 0.4501587, 2.835828;0.3704903, -0.171663, 2.980158;0.6218874, -0.1389184, 2.652259;0.5303804, 0.1530773, 2.930656;0.4732699, 0.07895658, 2.977905;0.5684367, 0.08037228, 2.862693;0.5128279, -0.3936807, 2.995523;0.6527272, -0.3656521, 2.771574;0.552561, -0.7465255, 3.040271;0.7260051, -0.7549105, 2.753442;0.4841961, -0.7847301, 2.97845;0.7013007, -0.83031, 2.723488;
0.5083916, 0.8123208, 3.013794;0.5908732, 0.596383, 2.981392;0.5403222, 0.2265414, 2.93571;0.4501183, 0.4476517, 3.074906;0.6601619, 0.4501184, 2.836061;0.3707209, -0.1724503, 2.984693;0.6209569, -0.1379638, 2.651724;0.5305414, 0.1527771, 2.930585;0.4735098, 0.07876917, 2.97786;0.568329, 0.07999756, 2.862334;0.5130228, -0.3936174, 2.995622;0.6526877, -0.3653198, 2.771717;0.5526575, -0.7463204, 3.040381;0.7266371, -0.7543057, 2.754364;0.4831504, -0.7850776, 2.977727;0.7020175, -0.8316978, 2.72579;
0.5087821, 0.8116642, 3.01233;0.5908548, 0.5956872, 2.981418;0.5403343, 0.2265416, 2.935689;0.4500687, 0.4475346, 3.074821;0.6600835, 0.4500849, 2.836011;0.3707506, -0.1718158, 2.985807;0.6200299, -0.1372507, 2.651535;0.530548, 0.1528029, 2.930549;0.4735149, 0.07879549, 2.977814;0.568311, 0.08005569, 2.862295;0.5135055, -0.393851, 2.995774;0.6526459, -0.364623, 2.771658;0.5532429, -0.746238, 3.04094;0.7268627, -0.7568164, 2.754634;0.4830149, -0.7853898, 2.977641;0.70103, -0.8347092, 2.725805;
0.5100887, 0.8132961, 3.014835;0.5903969, 0.5965511, 2.981056;0.5401891, 0.2273209, 2.935779;0.4499939, 0.4474721, 3.074684;0.6603057, 0.4502026, 2.836224;0.3711573, -0.171592, 2.987686;0.6194715, -0.1370973, 2.651499;0.5304165, 0.1535644, 2.930649;0.4733029, 0.07934985, 2.977921;0.5682702, 0.08081523, 2.862418;0.5135638, -0.3939171, 2.995689;0.6526394, -0.3646028, 2.771544;0.5531666, -0.7461499, 3.041504;0.7285436, -0.7537636, 2.754717;0.5335987, -0.8310999, 3.032359;0.7016985, -0.8323454, 2.726659;
0.5098441, 0.8142036, 3.015863;0.5908629, 0.59742, 2.981039;0.5404097, 0.2272631, 2.935722;0.4503776, 0.4482352, 3.07578;0.6608168, 0.4503758, 2.836286;0.3712999, -0.1718164, 2.988589;0.6192153, -0.1367254, 2.651509;0.5306522, 0.1533746, 2.930529;0.4736152, 0.07947733, 2.977312;0.5685532, 0.08077549, 2.862607;0.5135803, -0.3938012, 2.99605;0.6525906, -0.3645956, 2.771741;0.5531679, -0.7461364, 3.041524;0.7285326, -0.7535286, 2.754591;0.4845035, -0.7844313, 2.979655;0.7026004, -0.8298711, 2.727556;
0.5093521, 0.8142756, 3.015797;0.5908134, 0.59749, 2.980886;0.5406618, 0.2271516, 2.935585;0.45008, 0.4464617, 3.074186;0.6607884, 0.4503986, 2.836317;0.3712295, -0.1719047, 2.989028;0.6190084, -0.1372602, 2.651514;0.5309916, 0.1531826, 2.930341;0.4741153, 0.07910897, 2.976971;0.5688995, 0.08082833, 2.862535;0.5136166, -0.3937837, 2.99625;0.6526213, -0.3646374, 2.771841;0.552465, -0.7460536, 3.041168;0.7280959, -0.7527453, 2.755522;0.486646, -0.7828609, 2.981523;0.7036067, -0.8259401, 2.728653;
0.5097047, 0.8150225, 3.016676;0.5909549, 0.5978414, 2.980963;0.5406176, 0.2271696, 2.935648;0.4502122, 0.4469381, 3.074917;0.6607776, 0.4503568, 2.836403;0.3712386, -0.1718655, 2.990448;0.6187748, -0.1366419, 2.651675;0.5308934, 0.1531623, 2.930409;0.4738863, 0.07880966, 2.977028;0.5685657, 0.08151071, 2.862926;0.5138103, -0.3938049, 2.996281;0.6525815, -0.3646899, 2.77177;0.5555975, -0.7502236, 3.045575;0.7282072, -0.752321, 2.755611;0.5322536, -0.8256716, 3.039613;0.7038662, -0.8263862, 2.729622;
0.5104545, 0.8147896, 3.017099;0.5914806, 0.5972748, 2.980758;0.5406778, 0.227007, 2.935785;0.450286, 0.446615, 3.074432;0.6603776, 0.4504074, 2.836605;0.3711178, -0.1740377, 2.992654;0.6187361, -0.1366928, 2.651456;0.5308901, 0.1530216, 2.930565;0.4738626, 0.07764321, 2.977745;0.568458, 0.08161316, 2.862991;0.5140278, -0.3938926, 2.99644;0.6527459, -0.3645728, 2.771928;0.5554404, -0.7502851, 3.04551;0.7281947, -0.7521895, 2.755289;0.4931549, -0.7850676, 2.989209;0.7039973, -0.8264691, 2.730348;
0.5101645, 0.8136988, 3.017743;0.5918484, 0.5962576, 2.980315;0.5404127, 0.2262302, 2.937071;0.4501837, 0.4460208, 3.073912;0.6602519, 0.4501839, 2.836554;0.3712185, -0.1736665, 2.99302;0.6182502, -0.1369997, 2.651309;0.5303423, 0.1521525, 2.93244;0.4731337, 0.07571381, 2.980684;0.5672365, 0.08082455, 2.865293;0.5144913, -0.3940584, 2.996947;0.6526302, -0.3643059, 2.772155;0.5546678, -0.7490087, 3.044374;0.727991, -0.7521616, 2.754942;0.4936552, -0.783126, 2.98915;0.7039757, -0.8266622, 2.730742;
0.5122916, 0.8154162, 3.021057;0.5916415, 0.5969329, 2.980179;0.5403138, 0.2263157, 2.937014;0.4503201, 0.4464579, 3.074303;0.6601623, 0.4504635, 2.836785;0.3714238, -0.1735968, 2.993751;0.6180031, -0.1358447, 2.651582;0.5302343, 0.152199, 2.932359;0.4729849, 0.07579835, 2.980384;0.5670002, 0.08162954, 2.865396;0.5146294, -0.3938702, 2.997115;0.6526915, -0.3643402, 2.772048;0.5546906, -0.7490162, 3.044379;0.7286544, -0.7521508, 2.755902;0.4945515, -0.7826313, 2.990029;0.7040873, -0.8265742, 2.730978;
0.5128818, 0.8156719, 3.020299;0.5916401, 0.5969035, 2.980139;0.540298, 0.2261078, 2.937138;0.4507822, 0.4465096, 3.074354;0.659895, 0.4502937, 2.836746;0.3713236, -0.1731174, 2.993799;0.6176538, -0.1364436, 2.651433;0.5301993, 0.1519363, 2.932506;0.4730915, 0.07548243, 2.980474;0.5669003, 0.08174219, 2.865596;0.5153485, -0.3955047, 2.997918;0.6526423, -0.3642035, 2.772136;0.5544405, -0.7489188, 3.044396;0.7280759, -0.7525548, 2.755649;0.4950082, -0.7820943, 2.990875;0.7040559, -0.8266442, 2.73083;
0.5136337, 0.8121802, 3.020302;0.5921526, 0.5932516, 2.978921;0.5403169, 0.2260552, 2.937196;0.4506801, 0.4460546, 3.074367;0.660343, 0.4501309, 2.836571;0.3711506, -0.1722608, 2.992118;0.6174699, -0.1363489, 2.651391;0.5301971, 0.1520087, 2.932629;0.4727755, 0.07494981, 2.981211;0.5669031, 0.08174998, 2.865554;0.5157132, -0.3958218, 2.99823;0.6531095, -0.3647706, 2.772134;0.553398, -0.7478465, 3.044216;0.7279456, -0.7548692, 2.755654;0.4933159, -0.7813977, 2.99003;0.7041196, -0.826772, 2.731284;
0.5220073, 0.8068026, 3.023132;0.5933776, 0.5952514, 2.980605;0.5404182, 0.2263072, 2.937379;0.4512245, 0.4465929, 3.074642;0.6605114, 0.4506555, 2.836947;0.3711231, -0.1720979, 2.992096;0.6174546, -0.1364968, 2.651191;0.5302088, 0.1521602, 2.932678;0.4727803, 0.07498222, 2.981176;0.5668064, 0.08232923, 2.865494;0.5159053, -0.3954633, 2.998346;0.6531835, -0.3647798, 2.772111;0.5534924, -0.7476463, 3.044051;0.7278463, -0.7548633, 2.755544;0.4927313, -0.7815048, 2.989323;0.7046815, -0.8272615, 2.732037;
0.5240356, 0.7990493, 3.023705;0.5936154, 0.594923, 2.98067;0.540522, 0.2262864, 2.937497;0.4512717, 0.4463913, 3.074956;0.6605417, 0.4506658, 2.836927;0.3710594, -0.1718436, 2.992243;0.6175294, -0.1364246, 2.650939;0.5302706, 0.1521939, 2.932767;0.4728095, 0.07486252, 2.98128;0.5668535, 0.0824396, 2.865489;0.5164101, -0.3960453, 2.998505;0.6531042, -0.3642569, 2.771816;0.5535773, -0.7475242, 3.044018;0.727018, -0.7531387, 2.755705;0.4921955, -0.7816979, 2.988827;0.7042367, -0.825601, 2.73366;
0.5253998, 0.7946795, 3.024164;0.593765, 0.5961602, 2.979988;0.5407068, 0.2269147, 2.937677;0.4514337, 0.4463649, 3.074899;0.6623067, 0.4508772, 2.83742;0.3711641, -0.1716941, 2.991971;0.6171956, -0.135878, 2.651033;0.5304328, 0.1528352, 2.933036;0.4727604, 0.07504486, 2.981771;0.5670488, 0.08269509, 2.865431;0.5160561, -0.3956128, 2.998496;0.6532021, -0.3641945, 2.771662;0.5530144, -0.7468196, 3.043366;0.7271018, -0.7530391, 2.755665;0.4923668, -0.7807443, 2.988314;0.7042853, -0.825635, 2.733568;
0.5224981, 0.794291, 3.020779;0.5940123, 0.5957974, 2.980422;0.5410044, 0.2270222, 2.937992;0.4516891, 0.4465734, 3.07606;0.6620774, 0.4508719, 2.837545;0.3712768, -0.1715242, 2.990186;0.6169255, -0.1361558, 2.65098;0.5307138, 0.1530472, 2.933304;0.4731483, 0.07496059, 2.982209;0.5671954, 0.08292361, 2.865368;0.5157996, -0.3946396, 2.998611;0.6533479, -0.3644007, 2.771549;0.5529366, -0.7466428, 3.043344;0.7281799, -0.7528968, 2.75653;0.4924867, -0.7803612, 2.988815;0.7043641, -0.8257416, 2.733704;
0.5276635, 0.7917143, 3.021837;0.5939919, 0.5963362, 2.980335;0.5412751, 0.2270499, 2.937967;0.4518703, 0.446629, 3.076068;0.6619734, 0.4507887, 2.837633;0.3712699, -0.1715538, 2.989134;0.6169024, -0.1359311, 2.650898;0.5310581, 0.1530171, 2.933257;0.4738182, 0.07468208, 2.982158;0.5676282, 0.08310898, 2.865187;0.51662, -0.395889, 2.999173;0.6532387, -0.3636838, 2.771474;0.5537471, -0.746794, 3.043911;0.7289155, -0.7524082, 2.756638;0.4935952, -0.7803475, 2.989697;0.7043604, -0.8257967, 2.733846;
0.5285863, 0.7878813, 3.021589;0.5940144, 0.5964107, 2.980383;0.5415984, 0.2275785, 2.938192;0.4517726, 0.4470249, 3.076941;0.6624609, 0.4510434, 2.837601;0.3711821, -0.1718216, 2.986569;0.6166376, -0.1358874, 2.650948;0.5314341, 0.1537002, 2.93349;0.4739282, 0.07480276, 2.982363;0.5680783, 0.08355802, 2.865051;0.5156484, -0.3929629, 2.998533;0.6532565, -0.3636861, 2.771471;0.5529145, -0.7478162, 3.044014;0.7293971, -0.752565, 2.757106;0.4927875, -0.7813533, 2.989866;0.7045274, -0.825026, 2.732542;
0.5266604, 0.7880291, 3.022125;0.5941911, 0.5961642, 2.980117;0.5416279, 0.2275883, 2.938226;0.4519677, 0.4469141, 3.076848;0.6625198, 0.4510126, 2.83768;0.3712364, -0.1718522, 2.986639;0.6167946, -0.1355148, 2.651047;0.5314463, 0.153749, 2.933573;0.4738676, 0.0747617, 2.982774;0.5680769, 0.08356786, 2.865026;0.515423, -0.3921076, 2.998802;0.6536543, -0.3643199, 2.771582;0.5529066, -0.7477192, 3.043962;0.7291582, -0.7525896, 2.757472;0.5339931, -0.8200119, 3.037796;0.7047142, -0.825143, 2.732693;
0.5254385, 0.7907548, 3.022496;0.5942878, 0.5983172, 2.978741;0.5419468, 0.2280383, 2.938161;0.4519635, 0.4469226, 3.076823;0.6627389, 0.4510663, 2.837872;0.3655498, -0.2087068, 2.982182;0.6167798, -0.1353869, 2.651227;0.5317459, 0.1540607, 2.933593;0.4740472, 0.07488548, 2.982844;0.5686285, 0.08400023, 2.865087;0.515409, -0.3919223, 2.998872;0.6536865, -0.3642314, 2.771544;0.5529471, -0.7476544, 3.043968;0.729854, -0.7527303, 2.757932;0.5339146, -0.8204352, 3.037817;0.7047103, -0.8251673, 2.732569;
0.528107, 0.7948998, 3.023433;0.5940222, 0.6004754, 2.97721;0.5419804, 0.2291346, 2.937966;0.4525013, 0.448285, 3.080272;0.6636823, 0.4510327, 2.837809;0.3656351, -0.2084419, 2.982192;0.617336, -0.1354987, 2.651217;0.531778, 0.1550063, 2.933548;0.473922, 0.07551627, 2.982951;0.5688218, 0.0846929, 2.865042;0.5152963, -0.3917876, 2.998953;0.6538141, -0.3639307, 2.771529;0.552932, -0.7476768, 3.043955;0.7300309, -0.7523872, 2.757578;0.4918678, -0.781709, 2.989456;0.704671, -0.8253541, 2.732438;
0.5287933, 0.7943292, 3.023473;0.5945035, 0.5988278, 2.978378;0.5420704, 0.2291055, 2.938132;0.4526771, 0.4483874, 3.080302;0.6638305, 0.4509941, 2.837852;0.367813, -0.1988824, 2.985124;0.6175826, -0.1355008, 2.651201;0.5318325, 0.1550511, 2.933657;0.4739469, 0.07550443, 2.983073;0.5688323, 0.08470791, 2.865041;0.5156079, -0.3918038, 2.999161;0.6542422, -0.3637887, 2.771723;0.553149, -0.747919, 3.044558;0.7292389, -0.7523676, 2.757039;0.5347377, -0.8206829, 3.033845;0.70462, -0.8253956, 2.732023;
0.5281898, 0.793152, 3.020864;0.5933098, 0.5965644, 2.97826;0.5422215, 0.228415, 2.93815;0.4524844, 0.4469329, 3.078797;0.6637928, 0.4507532, 2.837849;0.3668995, -0.2047757, 2.984563;0.6180546, -0.135756, 2.651234;0.5320838, 0.1545273, 2.933677;0.4743976, 0.07407258, 2.983465;0.5693265, 0.08415725, 2.864664;0.5159594, -0.392985, 2.999418;0.6541653, -0.3635065, 2.771743;0.5530214, -0.7480109, 3.044623;0.7288646, -0.7545176, 2.757349;0.4918545, -0.782161, 2.989731;0.7045969, -0.8254109, 2.732017;
0.5302968, 0.7908702, 3.02523;0.5934492, 0.5969653, 2.978658;0.5423546, 0.2285477, 2.938318;0.4525158, 0.4468841, 3.078849;0.6638567, 0.4510291, 2.837958;0.3659191, -0.2074539, 2.981909;0.6181635, -0.1357355, 2.651098;0.5322096, 0.1546428, 2.93381;0.4745034, 0.07414648, 2.98356;0.5694565, 0.08434621, 2.86474;0.5148521, -0.3906216, 2.999167;0.6547461, -0.3639069, 2.771815;0.5530496, -0.7478498, 3.04479;0.729081, -0.7544409, 2.757299;0.5310825, -0.8195925, 3.032412;0.70456, -0.8256521, 2.731977;
0.5305239, 0.789059, 3.024598;0.5943286, 0.5984077, 2.977126;0.5424157, 0.2285196, 2.938266;0.4533373, 0.4469663, 3.078444;0.6638581, 0.4510234, 2.837991;0.3715283, -0.1725681, 2.987171;0.6177058, -0.1382889, 2.652252;0.5322515, 0.1545554, 2.933802;0.4746273, 0.07434863, 2.983456;0.569474, 0.0844297, 2.865125;0.5158417, -0.3919539, 2.999698;0.6548098, -0.3638732, 2.771846;0.5523522, -0.7475704, 3.044403;0.7278862, -0.7554797, 2.75598;0.5313884, -0.8201048, 3.032566;0.7044946, -0.8259379, 2.731793;
0.530111, 0.7898967, 3.024378;0.594049, 0.598442, 2.97682;0.5424499, 0.2285123, 2.938321;0.4533504, 0.4469593, 3.078447;0.66377, 0.4509103, 2.838025;0.371624, -0.1726184, 2.985875;0.6190275, -0.1347479, 2.651148;0.5323459, 0.1545349, 2.933978;0.4748203, 0.07451779, 2.983764;0.5696695, 0.08445403, 2.865511;0.5164379, -0.3935384, 3.000464;0.6548414, -0.3637772, 2.77187;0.552246, -0.7476208, 3.044521;0.7276762, -0.7573714, 2.755795;0.4908393, -0.7819145, 2.989535;0.7044345, -0.8260649, 2.731666;
0.5314862, 0.7864695, 3.022871;0.5941212, 0.5974166, 2.977414;0.5424904, 0.2284541, 2.938506;0.4535281, 0.4471401, 3.078543;0.6637422, 0.4508737, 2.837954;0.3718129, -0.1725412, 2.987424;0.6192971, -0.1348541, 2.65123;0.5323724, 0.1545508, 2.934146;0.474848, 0.07467479, 2.983927;0.5696604, 0.0845062, 2.865635;0.5163946, -0.3927783, 3.00039;0.6548599, -0.363825, 2.771831;0.5529661, -0.7466288, 3.045298;0.727738, -0.7562591, 2.756174;0.4919775, -0.7806511, 2.990762;0.7044772, -0.8261225, 2.731686;
0.5325981, 0.7831047, 3.022772;0.5944061, 0.5962548, 2.977518;0.5425562, 0.2284126, 2.93863;0.4537283, 0.4470855, 3.077984;0.6638092, 0.4506547, 2.83787;0.3721454, -0.1726461, 2.987616;0.6175646, -0.1432014, 2.650539;0.532423, 0.1545945, 2.934304;0.4748774, 0.07467408, 2.984242;0.5696543, 0.08451573, 2.865649;0.5165139, -0.392906, 3.000556;0.6549081, -0.364058, 2.771952;0.5529991, -0.7466977, 3.045683;0.7280101, -0.7559127, 2.755992;0.4924617, -0.7804767, 2.991468;0.7045162, -0.8263037, 2.73197;
0.5323471, 0.7826965, 3.022694;0.5931395, 0.5975155, 2.977326;0.5426509, 0.2286448, 2.938763;0.4536597, 0.4469989, 3.077737;0.6642542, 0.4505318, 2.837938;0.3718118, -0.172541, 2.985922;0.6194321, -0.1358407, 2.65123;0.5326517, 0.1548232, 2.93451;0.4751151, 0.07485128, 2.984402;0.5702457, 0.08478314, 2.866041;0.5165914, -0.3929256, 3.000533;0.6554904, -0.3636189, 2.771994;0.5531654, -0.7467716, 3.045657;0.7284744, -0.7555522, 2.756103;0.4928727, -0.7805228, 2.991461;0.7044735, -0.8263652, 2.73186;
0.5332783, 0.7813911, 3.023504;0.5938107, 0.5980462, 2.977547;0.5430622, 0.2287526, 2.938664;0.4533925, 0.445769, 3.076706;0.6644613, 0.451026, 2.837813;0.3716299, -0.1723116, 2.985764;0.6199313, -0.1361087, 2.651532;0.5330272, 0.1548806, 2.934367;0.4754201, 0.0750381, 2.984049;0.5707921, 0.08501087, 2.865943;0.5165761, -0.3929449, 3.000502;0.6556193, -0.3635825, 2.772041;0.5533265, -0.7465116, 3.045571;0.7300103, -0.7550688, 2.758315;0.4934377, -0.7800786, 2.991527;0.7044195, -0.8266515, 2.732097;
0.5292832, 0.7779254, 3.017911;0.5945117, 0.5952953, 2.977747;0.5435361, 0.2276318, 2.939178;0.4535632, 0.4456594, 3.076356;0.6646177, 0.4508442, 2.837699;0.3720304, -0.1730146, 2.987276;0.6200193, -0.1363968, 2.652096;0.533447, 0.1539864, 2.934909;0.4757304, 0.0742395, 2.984514;0.5711393, 0.08441044, 2.866498;0.5168149, -0.3931524, 3.000584;0.6555577, -0.3634855, 2.772059;0.5532501, -0.7464035, 3.045351;0.7296233, -0.7549883, 2.75808;0.4936819, -0.7797927, 2.991543;0.7044391, -0.8266492, 2.732078;
0.5322312, 0.7789604, 3.016161;0.5938758, 0.5967807, 2.977537;0.5436543, 0.2276812, 2.939165;0.4534261, 0.4460756, 3.075971;0.6652223, 0.4507262, 2.837331;0.3719066, -0.1734853, 2.988213;0.6200212, -0.1363863, 2.652099;0.5336807, 0.1539615, 2.934913;0.4759672, 0.07423639, 2.98434;0.5719815, 0.08463264, 2.866947;0.5168453, -0.3932173, 3.00047;0.6561381, -0.363945, 2.772592;0.5534558, -0.7467755, 3.045383;0.7307529, -0.753522, 2.758721;0.4942812, -0.7800412, 2.991707;0.7044743, -0.8268367, 2.732272;
0.5293198, 0.7778737, 3.012681;0.5940993, 0.5960453, 2.977557;0.5440814, 0.2273355, 2.939445;0.4532598, 0.4469552, 3.074925;0.6649616, 0.4506168, 2.83699;0.37147, -0.1741772, 2.986858;0.6194134, -0.1363081, 2.652033;0.5341669, 0.153654, 2.935266;0.4764739, 0.0740592, 2.984754;0.572428, 0.08430643, 2.867275;0.5167756, -0.3930813, 3.000197;0.6561771, -0.3640835, 2.772722;0.5534008, -0.7467751, 3.045377;0.7314919, -0.7522776, 2.758018;0.494569, -0.779911, 2.99182;0.7045021, -0.826822, 2.732244;
0.5271049, 0.773746, 3.007534;0.5932059, 0.5943787, 2.97649;0.5447602, 0.2272583, 2.93957;0.4534916, 0.4482591, 3.075593;0.6647343, 0.4503077, 2.836154;0.3575442, -0.2072306, 2.982663;0.6171124, -0.1393566, 2.647557;0.5354052, 0.1537757, 2.935644;0.4787935, 0.07429497, 2.985246;0.5738003, 0.08447986, 2.868014;0.5164008, -0.3928082, 2.999948;0.656211, -0.3640972, 2.772727;0.5531852, -0.746703, 3.045176;0.7313665, -0.7519384, 2.757209;0.4942561, -0.7798842, 2.991882;0.7044199, -0.8267272, 2.731936;
0.5261641, 0.7726725, 3.006758;0.5911704, 0.5945404, 2.975495;0.5450887, 0.2269609, 2.93952;0.451658, 0.4478135, 3.072472;0.6628731, 0.4501407, 2.83498;0.3625285, -0.1682878, 2.989742;0.6160832, -0.1399326, 2.645629;0.5362086, 0.1532348, 2.9357;0.4801531, 0.07440691, 2.984746;0.5755131, 0.08430848, 2.869263;0.5161899, -0.3928076, 2.999739;0.6562454, -0.3644443, 2.772241;0.5520931, -0.7467124, 3.045249;0.7301267, -0.7526329, 2.756077;0.4934473, -0.779955, 2.991815;0.7044107, -0.8266839, 2.731842;
0.5223187, 0.7714818, 3.002485;0.5873291, 0.5927938, 2.974587;0.5462406, 0.226355, 2.93947;0.4479987, 0.4449703, 3.069953;0.6595584, 0.4519373, 2.834561;0.3568373, -0.1669765, 2.987372;0.6154397, -0.1395804, 2.64359;0.5386584, 0.1525331, 2.935787;0.4841626, 0.07414187, 2.983942;0.5798846, 0.08451249, 2.870694;0.5161917, -0.3931445, 2.999709;0.6560116, -0.3642928, 2.771671;0.5519992, -0.7468264, 3.045021;0.7277466, -0.7535105, 2.754745;0.4937131, -0.7801616, 2.991627;0.7043085, -0.8265946, 2.731145;
0.5157052, 0.7715089, 3.001781;0.584418, 0.5932518, 2.971748;0.547731, 0.2257468, 2.93939;0.4449123, 0.4439636, 3.069351;0.6553556, 0.4496999, 2.831098;0.3519528, -0.1676284, 2.986356;0.6127787, -0.1386694, 2.637776;0.5414143, 0.1515992, 2.936177;0.4880148, 0.07332109, 2.984374;0.5838927, 0.08385719, 2.872256;0.5149528, -0.3934233, 2.998823;0.6551899, -0.3666044, 2.769994;0.5509241, -0.7455299, 3.044251;0.7261524, -0.7544559, 2.753531;0.4924056, -0.7790852, 2.991484;0.7042071, -0.8267432, 2.730678;
0.5108736, 0.7719482, 2.997257;0.5809786, 0.5936742, 2.969559;0.551044, 0.2246087, 2.940703;0.4418188, 0.4422415, 3.067148;0.6534219, 0.4487289, 2.83182;0.3319631, -0.1928647, 2.971596;0.612054, -0.1396223, 2.638284;0.5472067, 0.1499102, 2.938908;0.4958663, 0.07263217, 2.986302;0.5928152, 0.08353487, 2.879558;0.5128596, -0.3945732, 2.998022;0.6548689, -0.368486, 2.77463;0.5496734, -0.7456418, 3.04287;0.7260837, -0.7494472, 2.759162;0.4915257, -0.7797824, 2.989532;0.667936, -0.7835878, 2.705825;
0.5046639, 0.7631058, 2.992071;0.572135, 0.5853556, 2.964321;0.5534412, 0.2218224, 2.941996;0.4374001, 0.439175, 3.065378;0.6504673, 0.4453749, 2.831292;0.3290985, -0.1721633, 2.973412;0.6080208, -0.1446225, 2.638005;0.550853, 0.1474439, 2.941144;0.4999211, 0.07125854, 2.987856;0.5981999, 0.08156016, 2.884349;0.5108578, -0.396019, 2.996972;0.6542522, -0.3708508, 2.776716;0.548786, -0.7463562, 3.042315;0.7256455, -0.7452922, 2.762883;0.4909914, -0.7813203, 2.988632;0.6678509, -0.7802563, 2.709199;
0.4980057, 0.755587, 2.981008;0.5641306, 0.5797008, 2.962293;0.5568848, 0.2165449, 2.94607;0.4295876, 0.4285353, 3.057691;0.6436911, 0.4399447, 2.828946;0.3117353, -0.1907769, 2.974363;0.6033835, -0.1528057, 2.632119;0.5566988, 0.1420255, 2.947119;0.5082235, 0.0673506, 2.993449;0.6057957, 0.07705598, 2.893962;0.5087538, -0.3966896, 2.995711;0.6541539, -0.3741303, 2.777236;0.5464739, -0.7452503, 3.040904;0.7252946, -0.7452197, 2.763025;0.4894911, -0.7812476, 2.986575;0.6683119, -0.781217, 2.708696;
0.4760729, 0.7362322, 2.953443;0.5554976, 0.569997, 2.957544;0.5604011, 0.2090692, 2.949101;0.4244268, 0.4164831, 3.050833;0.6365786, 0.4298573, 2.825513;0.3080921, -0.1903501, 2.969695;0.5972269, -0.1610094, 2.621738;0.5620419, 0.1350383, 2.951386;0.5164401, 0.06032044, 3.000108;0.6123322, 0.06943389, 2.898443;0.5026498, -0.4008619, 2.994016;0.6550201, -0.377926, 2.777034;0.5453103, -0.7454749, 3.03951;0.7248176, -0.7454742, 2.762971;0.4887243, -0.7826855, 2.985159;0.6682317, -0.7826847, 2.70862;
0.4620171, 0.7028103, 2.943747;0.5318044, 0.530821, 2.936425;0.5649036, 0.1948834, 2.949908;0.421416, 0.4059055, 3.046145;0.6250899, 0.4135069, 2.818371;0.2987915, -0.2029456, 2.965461;0.5896537, -0.1786672, 2.608639;0.5693806, 0.1237506, 2.954264;0.5298439, 0.04882255, 3.006407;0.6208039, 0.05858614, 2.902208;0.4978263, -0.4050735, 2.992881;0.6548599, -0.3819795, 2.775231;0.541845, -0.743762, 3.039181;0.7243708, -0.7458125, 2.763272;0.4850614, -0.7844109, 2.987163;0.6675872, -0.7864615, 2.711255;
0.4585766, 0.6931636, 2.939226;0.5282788, 0.5221673, 2.931635;0.5711009, 0.1655656, 2.94895;0.4131788, 0.379455, 3.037316;0.6166309, 0.3918238, 2.806772;0.2876369, -0.2255159, 2.960004;0.5818555, -0.200335, 2.601089;0.5800262, 0.09354068, 2.956178;0.5410507, 0.02600476, 3.006989;0.633366, 0.0342492, 2.908868;0.4956865, -0.4088485, 2.992686;0.6548378, -0.3928854, 2.773932;0.5392087, -0.7413203, 3.036433;0.7236081, -0.7490102, 2.763971;0.482544, -0.7832682, 2.984975;0.6669434, -0.7909581, 2.712513;
0.4436772, 0.6625041, 2.917481;0.5159405, 0.4931473, 2.911225;0.574387, 0.1473624, 2.946783;0.4070168, 0.3601469, 3.032642;0.6108341, 0.3772658, 2.802193;0.282812, -0.2439193, 2.956563;0.5824828, -0.1947097, 2.599801;0.5853544, 0.0766349, 2.956257;0.5521644, 0.002754524, 3.006827;0.6392241, 0.02054155, 2.912895;0.489526, -0.4165739, 2.992809;0.653653, -0.3975413, 2.769555;0.5377222, -0.7407445, 3.035674;0.722523, -0.7491511, 2.763581;0.4825913, -0.7852548, 2.985006;0.6673921, -0.7936615, 2.712913;
0.4295034, 0.6336903, 2.907074;0.5030735, 0.4550305, 2.898984;0.5782473, 0.1215265, 2.944778;0.4020421, 0.3402297, 3.023692;0.5979289, 0.3435422, 2.790799;0.2802811, -0.2714816, 2.949641;0.5736011, -0.2605735, 2.588268;0.5921888, 0.05395492, 2.95655;0.5618305, -0.01443688, 3.007633;0.647009, 0.0002547386, 2.916699;0.4873892, -0.4196115, 2.993394;0.6516134, -0.4013301, 2.774205;0.5367875, -0.7396951, 3.034712;0.7224471, -0.7493145, 2.763518;0.4815728, -0.7867146, 2.987131;0.6672325, -0.796334, 2.715937;
0.4149395, 0.5988575, 2.898655;0.4993283, 0.4366491, 2.889059;0.5834866, 0.100701, 2.940473;0.3962168, 0.2915355, 3.017507;0.5924888, 0.3209728, 2.786253;0.2746871, -0.301127, 2.945406;0.576406, -0.2803765, 2.586293;0.6000839, 0.03294837, 2.953907;0.5730264, -0.03731207, 3.006521;0.656278, -0.01701479, 2.915839;0.4847482, -0.4249339, 2.994609;0.6535999, -0.4232463, 2.761639;0.5366028, -0.738436, 3.033935;0.7220144, -0.7491002, 2.763313;0.4835257, -0.7864709, 2.985574;0.6689373, -0.7971352, 2.714952;
0.4042879, 0.567002, 2.877812;0.4915569, 0.4075631, 2.879852;0.5893493, 0.08088523, 2.938843;0.3880944, 0.2632306, 3.017712;0.5863761, 0.2859037, 2.778576;0.2726637, -0.328409, 2.945157;0.5761719, -0.2947379, 2.585201;0.608448, 0.01443826, 2.953632;0.5823697, -0.05476938, 3.008184;0.6699241, -0.03748438, 2.91626;0.4805283, -0.4344293, 2.995328;0.6464937, -0.4423063, 2.741633;0.5359643, -0.7414532, 3.033897;0.7214574, -0.7487153, 2.763071;0.4832357, -0.7917749, 2.987197;0.6687288, -0.7990371, 2.716371;
0.402672, 0.5612369, 2.877238;0.4790054, 0.3792123, 2.868793;0.5894174, 0.05865008, 2.936397;0.3816685, 0.2378754, 3.017765;0.5796852, 0.2583951, 2.776299;0.2684899, -0.3777218, 2.949236;0.5742042, -0.3106861, 2.582495;0.6108037, -0.00593147, 2.952845;0.5863322, -0.07255766, 3.010731;0.674144, -0.05740971, 2.914988;0.4718096, -0.4479771, 2.993222;0.6415142, -0.4538831, 2.728315;0.5343388, -0.7522447, 3.034051;0.722279, -0.7552007, 2.762806;0.4824843, -0.804796, 2.988526;0.6704245, -0.8077521, 2.717281;
0.3818792, 0.4909227, 2.85129;0.4724786, 0.3326601, 2.861972;0.5918997, 0.02854451, 2.93377;0.3771505, 0.1992069, 3.012113;0.5766807, 0.2239172, 2.771188;0.2693285, -0.4192725, 2.934894;0.5828006, -0.3075734, 2.588497;0.6151293, -0.03277683, 2.951251;0.5925626, -0.09878514, 3.01052;0.680228, -0.08096242, 2.914255;0.4639834, -0.4689755, 2.993168;0.6383806, -0.4531774, 2.71699;0.5289713, -0.771857, 3.03414;0.7187988, -0.7578893, 2.760555;0.4787909, -0.8264453, 2.988855;0.7047812, -0.8286639, 2.744795;
0.3793861, 0.4655945, 2.843476;0.4695477, 0.2996667, 2.862958;0.6058144, -0.02322509, 2.958642;0.3715571, 0.148826, 3.003657;0.5719581, 0.1920578, 2.764125;0.2713009, -0.4622331, 2.929677;0.5782441, -0.4289877, 2.576118;0.6332016, -0.0862966, 2.981158;0.6215314, -0.1442734, 3.036048;0.6919975, -0.1368481, 2.956085;0.4497095, -0.4936848, 2.989431;0.6335406, -0.4807242, 2.710273;0.5220003, -0.7931189, 3.033442;0.7229258, -0.7727329, 2.76488;0.4749454, -0.8501521, 2.987523;0.6985259, -0.8387377, 2.742049;
0.3685845, 0.4134046, 2.833113;0.4613905, 0.2556659, 2.8527;0.6022264, -0.0391595, 2.959137;0.3699326, 0.1280495, 3.002657;0.5729388, 0.1614891, 2.759068;0.2762999, -0.4753862, 2.935953;0.5813773, -0.4557524, 2.575334;0.6300242, -0.100029, 2.982878;0.6191995, -0.1610448, 3.040524;0.6897786, -0.1521658, 2.959125;0.4476498, -0.5089902, 2.990408;0.6297525, -0.4900725, 2.704173;0.5266646, -0.8050066, 3.036786;0.7227432, -0.7775459, 2.766331;0.5284591, -0.8387423, 3.102456;0.698016, -0.8425165, 2.741404;
0.3666083, 0.3986097, 2.829547;0.4577012, 0.2285953, 2.848995;0.6055219, -0.08509772, 2.961334;0.3687267, 0.091673, 2.994494;0.5701819, 0.1321878, 2.758913;0.293203, -0.4960221, 2.946897;0.5836921, -0.4550149, 2.577627;0.635368, -0.147032, 2.987476;0.6233358, -0.1991776, 3.041926;0.695399, -0.1868564, 2.966417;0.4342997, -0.5361945, 2.987651;0.6301949, -0.4942235, 2.701733;0.5163458, -0.8299984, 3.034734;0.7228987, -0.7795718, 2.766953;0.4718993, -0.8894616, 2.989879;0.6974275, -0.8402683, 2.733744;
0.3582832, 0.3714764, 2.826201;0.4473722, 0.1854631, 2.845908;0.6050226, -0.09903644, 2.961019;0.366036, 0.03959442, 2.994181;0.5654398, 0.1023596, 2.757046;0.2946507, -0.5319396, 2.943256;0.5890081, -0.4514269, 2.581928;0.6357296, -0.1579168, 2.98733;0.6270636, -0.2191171, 3.046827;0.6983871, -0.2054842, 2.964458;0.425091, -0.5462707, 2.98481;0.6298863, -0.4991412, 2.700753;0.5127583, -0.8371835, 3.032485;0.7246611, -0.7820622, 2.767807;0.4719846, -0.8991221, 2.987208;0.6903812, -0.8385946, 2.734896;
0.3544543, 0.3209472, 2.822287;0.4498556, 0.1629601, 2.844983;0.6053457, -0.1192326, 2.958635;0.3647456, 0.02554017, 2.99131;0.5653787, 0.06973834, 2.75281;0.3022392, -0.6070365, 2.945698;0.6107024, -0.5480186, 2.582597;0.6361402, -0.1752947, 2.984911;0.627934, -0.2397082, 3.050432;0.7029462, -0.2246167, 2.958524;0.4550368, -0.5300195, 2.990898;0.6273152, -0.5081127, 2.692906;0.5304075, -0.7472073, 3.028388;0.7201255, -0.7908283, 2.758855;0.4883069, -0.8091423, 2.985044;0.6791741, -0.8423869, 2.726081;
0.3432663, 0.270543, 2.820133;0.4472759, 0.1219992, 2.840244;0.607856, -0.1446001, 2.94875;0.3658293, 0.005967613, 2.983474;0.5654231, 0.05343685, 2.750248;0.3011119, -0.6078865, 2.951521;0.6209881, -0.5501758, 2.603321;0.6397207, -0.1988532, 2.973959;0.6356567, -0.2634858, 3.042087;0.7078685, -0.2458418, 2.945512;0.4521077, -0.5287414, 2.990044;0.6202844, -0.5225412, 2.677579;0.5261598, -0.7465794, 3.027069;0.7137337, -0.80408, 2.743425;0.4855981, -0.8095263, 2.983465;0.6647708, -0.7592333, 2.77531;
0.33759, 0.2653042, 2.823765;0.4449046, 0.1114144, 2.838442;0.6107622, -0.1579541, 2.946267;0.361438, -0.009937171, 2.977957;0.5618849, 0.02239335, 2.751639;0.3018798, -0.6377515, 2.972767;0.6215208, -0.5489204, 2.603842;0.6439184, -0.2121488, 2.971307;0.6408386, -0.2757001, 3.037712;0.7113758, -0.2542187, 2.944188;0.4519221, -0.5298465, 2.989918;0.6179829, -0.5262375, 2.674675;0.5146332, -0.7449815, 3.025742;0.7087166, -0.8102068, 2.732375;0.4735895, -0.8082705, 2.982892;0.6830747, -0.8045874, 2.801285;
0.3192738, 0.2198579, 2.824706;0.4398699, 0.08397975, 2.837526;0.6169962, -0.1761413, 2.945482;0.3716558, -0.06946094, 2.978339;0.5553113, -0.001826916, 2.747435;0.305408, -0.6349837, 2.983633;0.623282, -0.5782171, 2.606177;0.6521442, -0.2290123, 2.97049;0.6524894, -0.2937867, 3.036786;0.7186317, -0.2652169, 2.942672;0.4492887, -0.5261872, 2.987375;0.596517, -0.5179813, 2.666954;0.5077643, -0.7424074, 3.024593;0.6925025, -0.8004127, 2.721141;0.4693778, -0.8069617, 2.980985;0.7284703, -0.8209096, 2.78226;
0.323925, 0.2104692, 2.822513;0.4392387, 0.06225973, 2.835276;0.6203511, -0.195649, 2.942857;0.3688748, -0.08955172, 2.977349;0.5581824, -0.02505986, 2.747232;0.3188311, -0.6514539, 2.992397;0.630355, -0.5798535, 2.601141;0.6563441, -0.2472059, 2.967839;0.6564776, -0.3137027, 3.034236;0.7256817, -0.2815978, 2.939693;0.4376687, -0.5022096, 2.972413;0.5880123, -0.522143, 2.661681;0.5028937, -0.744819, 3.024283;0.7092632, -0.8025652, 2.737246;0.4652067, -0.8098502, 2.980581;0.6715763, -0.8675963, 2.693544;
0.3310263, 0.1850235, 2.820436;0.4354125, 0.03653362, 2.833127;0.6197901, -0.2173071, 2.942175;0.3689632, -0.0919022, 2.97654;0.5583004, -0.04080369, 2.748476;0.320448, -0.6521419, 2.995249;0.5998604, -0.588494, 2.624051;0.6565166, -0.2681755, 2.967379;0.6572347, -0.3287099, 3.032721;0.7250863, -0.3020638, 2.940164;0.3582958, -0.5560074, 2.950176;0.5815162, -0.5266519, 2.652949;0.4595847, -0.8329298, 3.012533;0.6488031, -0.8202267, 2.560195;0.4216249, -0.8986065, 2.970533;0.6108432, -0.8859034, 2.518196;
0.3132607, 0.1510624, 2.823246;0.4328022, 0.01895579, 2.831582;0.6226147, -0.234912, 2.942872;0.3666693, -0.09726461, 2.978855;0.5562439, -0.05891591, 2.748962;0.3465569, -0.7174724, 3.00382;0.6076774, -0.6028732, 2.613875;0.6605612, -0.2859157, 2.968539;0.6610985, -0.3427896, 3.030331;0.7265402, -0.3147756, 2.942962;0.3494293, -0.5518185, 2.94708;0.5766111, -0.528846, 2.650962;0.4219182, -0.8355544, 3.0138;0.6463538, -0.8208326, 2.556717;0.3831582, -0.9020556, 2.973701;0.6075939, -0.8873338, 2.516618;
0.3134388, 0.1510377, 2.823035;0.4316715, 0.01283378, 2.82899;0.6199759, -0.2497854, 2.938771;0.3638215, -0.1017634, 2.980978;0.5552695, -0.06686772, 2.749228;0.3500716, -0.7169231, 3.005922;0.6223819, -0.6362249, 2.593319;0.6575738, -0.3027523, 2.964139;0.6582786, -0.3604226, 3.02233;0.7204741, -0.334501, 2.94027;0.3355158, -0.554333, 2.946947;0.6034341, -0.493142, 2.704591;0.3637595, -0.8392254, 3.030029;0.6596671, -0.7208697, 2.624482;0.3238459, -0.9048314, 2.989809;0.6197535, -0.7864757, 2.584262;
0.318573, 0.1408314, 2.822616;0.4306138, -0.003825809, 2.829709;0.6203663, -0.2542825, 2.937988;0.3687183, -0.1751384, 2.970506;0.5526106, -0.08235808, 2.74409;0.3552722, -0.7275781, 3.012457;0.645074, -0.637476, 2.593618;0.6580559, -0.305592, 2.963292;0.6589615, -0.3671756, 3.022337;0.7218491, -0.3353873, 2.938993;0.411208, -0.6198109, 3.011571;0.6018092, -0.49415, 2.70462;0.4743671, -0.7463529, 3.027656;0.6589532, -0.7215639, 2.624434;0.4452466, -0.8095114, 3.052252;0.6251109, -0.7869419, 2.578471;
0.3161199, 0.1306827, 2.819898;0.4297019, -0.01692798, 2.827569;0.6201587, -0.2672049, 2.935582;0.3661333, -0.1759156, 2.97099;0.553286, -0.08933149, 2.744692;0.3618403, -0.7363724, 3.01087;0.6586567, -0.7385026, 2.608183;0.6581187, -0.31731, 2.960806;0.6604487, -0.3844152, 3.020355;0.7233512, -0.3435565, 2.936939;0.4130361, -0.6115119, 3.009992;0.5998466, -0.4956012, 2.706307;0.5374648, -0.7925738, 3.031073;0.6577461, -0.7228425, 2.625827;0.4602342, -0.7756745, 3.036211;0.6236712, -0.7884775, 2.580242;
0.3139225, 0.1253814, 2.81956;0.4298719, -0.01920762, 2.825881;0.619964, -0.269943, 2.934931;0.3644539, -0.1759446, 2.972513;0.5535055, -0.09503689, 2.745339;0.3589745, -0.7511438, 3.018511;0.6575586, -0.7376992, 2.603175;0.6578773, -0.3201827, 2.960295;0.6605215, -0.3863761, 3.020646;0.7233601, -0.3475816, 2.936087;0.3863353, -0.564658, 3.011171;0.5359811, -0.5222241, 2.642726;0.5163699, -0.7750543, 3.026927;0.6112975, -0.8104562, 2.547816;0.4435861, -0.7843319, 3.034139;0.5768225, -0.8761247, 2.502845;
0.3156211, 0.1230373, 2.81946;0.4287537, -0.02341632, 2.827282;0.6200867, -0.270246, 2.934641;0.3580526, -0.1760776, 2.976495;0.5514575, -0.09775497, 2.744249;0.3600067, -0.7527447, 3.022052;0.654464, -0.7216175, 2.600841;0.6581116, -0.3203082, 2.959842;0.6617473, -0.3863132, 3.019933;0.7236471, -0.3475322, 2.935448;0.4499288, -0.6229868, 2.991918;0.5400916, -0.5319552, 2.646866;0.5257688, -0.7600193, 3.023505;0.6153827, -0.8200077, 2.551974;0.4554139, -0.7806025, 3.032065;0.580721, -0.8860435, 2.507515;
0.3169402, 0.122326, 2.819223;0.4290564, -0.02623441, 2.827244;0.6200756, -0.2718283, 2.934497;0.3573405, -0.1764987, 2.975835;0.5503489, -0.1015522, 2.743906;0.3598107, -0.7551103, 3.027941;0.6550261, -0.7133551, 2.597512;0.6580983, -0.3214701, 2.959627;0.6619939, -0.3869148, 3.020043;0.7236602, -0.3490729, 2.934987;0.4486486, -0.6194261, 2.988007;0.5335705, -0.5272252, 2.646781;0.5271952, -0.760057, 3.023576;0.6088085, -0.8151575, 2.552014;0.4608493, -0.7917447, 3.031357;0.5738666, -0.8814673, 2.507877;
0.3174768, 0.1217374, 2.819345;0.4293007, -0.02721011, 2.827422;0.6188179, -0.274707, 2.934227;0.3570451, -0.1765028, 2.975507;0.5484999, -0.1043467, 2.743666;0.3595309, -0.7570693, 3.027935;0.650621, -0.6742166, 2.609542;0.6564332, -0.324679, 2.959117;0.658483, -0.390186, 3.019709;0.7228999, -0.3520182, 2.934156;0.4337989, -0.7021159, 2.979368;0.5326586, -0.5260141, 2.644233;0.6507819, -0.8374786, 3.118683;0.6078697, -0.813825, 2.549557;0.5657965, -0.8102742, 3.073529;0.572255, -0.8799335, 2.505696;
0.3212252, 0.1192894, 2.818824;0.4292348, -0.03053208, 2.828511;0.6180354, -0.2755373, 2.933402;0.3559918, -0.1801642, 2.976902;0.5485381, -0.1055254, 2.742643;0.3222707, -0.7323201, 3.040036;0.6506694, -0.6773337, 2.60872;0.6554825, -0.3252271, 2.957891;0.6581575, -0.3908075, 3.01931;0.7224545, -0.3531984, 2.931812;0.4400601, -0.6440507, 2.972863;0.5358994, -0.5328012, 2.643955;0.505293, -0.7522451, 3.028352;0.6110828, -0.8204789, 2.549374;0.4638872, -0.8133072, 3.027453;0.5756114, -0.8864328, 2.505481;
0.3229128, 0.117146, 2.819638;0.4294786, -0.03144415, 2.829054;0.6175455, -0.2765574, 2.932756;0.355782, -0.1814592, 2.976617;0.5485761, -0.106452, 2.741692;0.3194034, -0.7189342, 3.033954;0.6458644, -0.7317263, 2.598484;0.6548437, -0.326229, 2.956906;0.6577594, -0.3919033, 3.018662;0.7219602, -0.354879, 2.930099;0.440149, -0.6440807, 2.972935;0.5269455, -0.5299971, 2.646234;0.5142734, -0.7517176, 3.026085;0.6020907, -0.8175162, 2.551749;0.466333, -0.8075538, 3.030073;0.5664846, -0.883257, 2.507834;
0.316716, 0.1061693, 2.82405;0.4293053, -0.03310246, 2.828824;0.6159764, -0.2779519, 2.93183;0.3537899, -0.1801435, 2.977145;0.5478286, -0.1083057, 2.74171;0.3248449, -0.733407, 3.034579;0.6446553, -0.7316089, 2.596588;0.6530116, -0.3274168, 2.955798;0.6570415, -0.3925998, 3.018586;0.7195135, -0.3576746, 2.927883;0.4297532, -0.5536346, 2.975413;0.5293198, -0.537593, 2.643861;0.5153353, -0.7520732, 3.023705;0.6043315, -0.8245774, 2.549555;0.4662766, -0.8067381, 3.02812;0.568422, -0.890163, 2.505929;
0.3175186, 0.1048744, 2.824593;0.4294544, -0.03419197, 2.829372;0.6152644, -0.2782844, 2.931277;0.3529482, -0.1820207, 2.978398;0.5486096, -0.1102454, 2.740947;0.3223705, -0.7296955, 3.030986;0.646627, -0.6986709, 2.602589;0.6520183, -0.3275933, 2.954919;0.6568257, -0.3929473, 3.018456;0.718745, -0.3586901, 2.926335;0.4296499, -0.5535976, 2.975231;0.5094785, -0.5093821, 2.638616;0.5078496, -0.7528245, 3.026026;0.5843517, -0.7958095, 2.544491;0.4686564, -0.8150444, 3.026819;0.5483003, -0.8612826, 2.500916;
0.3176536, 0.1037184, 2.824125;0.4298881, -0.03634688, 2.830047;0.6151544, -0.2790187, 2.930923;0.3529149, -0.1843396, 2.978405;0.5484643, -0.1119168, 2.739985;0.3271291, -0.7358234, 3.034383;0.6466093, -0.7018381, 2.600618;0.6519014, -0.3281006, 2.954472;0.6570706, -0.3935717, 3.018032;0.718615, -0.3593383, 2.925901;0.4299554, -0.5449715, 2.971876;0.5864838, -0.5058517, 2.708515;0.5074438, -0.7531489, 3.026391;0.6459533, -0.7333503, 2.628267;0.4700922, -0.8165337, 3.02679;0.6933276, -0.8111979, 2.668312;
0.3205988, 0.1047262, 2.82478;0.430487, -0.03666018, 2.83007;0.6153902, -0.2801143, 2.930292;0.3531269, -0.184826, 2.978511;0.5479514, -0.113157, 2.740425;0.3237469, -0.7334359, 3.032631;0.6464574, -0.7307546, 2.594038;0.6520853, -0.3293357, 2.953639;0.6577028, -0.3953325, 3.017464;0.7185332, -0.3607699, 2.924627;0.3298065, -0.5796241, 3.012645;0.5109904, -0.5258963, 2.644122;0.502418, -0.8228596, 3.036644;0.5856067, -0.8113337, 2.550306;0.4845574, -0.7534359, 3.019959;0.5492586, -0.8767664, 2.506774;
0.326415, 0.1064958, 2.826287;0.4314661, -0.0368621, 2.829822;0.6155913, -0.2813236, 2.929476;0.3534875, -0.1854812, 2.978475;0.5500834, -0.1152027, 2.73858;0.3226302, -0.7366138, 3.031285;0.6449156, -0.7347059, 2.592885;0.6521484, -0.3307692, 2.952643;0.6574467, -0.3975647, 3.016395;0.7186683, -0.3619373, 2.923653;0.432568, -0.5566802, 2.97296;0.5120934, -0.5240952, 2.640705;0.5237064, -0.7573563, 3.026213;0.5865679, -0.8089905, 2.547056;0.4656319, -0.8026232, 3.027036;0.549862, -0.8743191, 2.503583;
0.3311393, 0.1085059, 2.825056;0.4322046, -0.03700171, 2.830954;0.6156117, -0.2820095, 2.929594;0.3536192, -0.1845045, 2.977849;0.5508105, -0.1152696, 2.738475;0.3312609, -0.7403613, 3.032801;0.6455984, -0.7331541, 2.590742;0.6520988, -0.3315303, 2.952639;0.6570308, -0.3982251, 3.015909;0.7186165, -0.3624829, 2.923842;0.4328094, -0.5572018, 2.972939;0.5119311, -0.5233886, 2.640326;0.511425, -0.7546258, 3.023968;0.5862491, -0.8076854, 2.546857;0.4753138, -0.8187419, 3.028154;0.5493377, -0.8729233, 2.503263;
0.3379602, 0.1151369, 2.825327;0.433886, -0.03447659, 2.830591;0.6187611, -0.2800875, 2.931116;0.3544017, -0.1830776, 2.977304;0.5507445, -0.1151186, 2.738665;0.3246653, -0.7410629, 3.029661;0.6487241, -0.7269627, 2.592233;0.6558704, -0.3294814, 2.954734;0.6618507, -0.3941591, 3.018117;0.7211978, -0.3599063, 2.926432;0.3500801, -0.6032681, 3.01738;0.5844554, -0.5069186, 2.708474;0.5347303, -0.8361154, 3.037266;0.6439257, -0.7344183, 2.62838;0.5013831, -0.7720653, 3.022186;0.6879361, -0.7824947, 2.662929;
0.3470398, 0.1221149, 2.825427;0.4368895, -0.02999164, 2.831621;0.6185494, -0.2795419, 2.930501;0.3537194, -0.1797801, 2.980454;0.5521693, -0.1137075, 2.739723;0.3226899, -0.744288, 3.030997;0.6536933, -0.7250645, 2.590527;0.6552728, -0.3290513, 2.953758;0.6587548, -0.3937767, 3.015481;0.7210097, -0.3596857, 2.925719;0.3329585, -0.5729212, 2.949359;0.5849862, -0.5061532, 2.708131;0.434487, -0.8376925, 3.02146;0.6444565, -0.733653, 2.628083;0.3969476, -0.9026033, 2.97807;0.6813807, -0.7965562, 2.695947;
0.357928, 0.1359312, 2.825455;0.4403791, -0.018906, 2.832401;0.6214134, -0.2741161, 2.932543;0.3557369, -0.1777967, 2.979845;0.5519896, -0.1100305, 2.740364;0.3216, -0.7420301, 3.032492;0.6539832, -0.6974235, 2.598294;0.6578192, -0.3247281, 2.955835;0.6591662, -0.3895144, 3.017133;0.7248595, -0.353247, 2.928545;0.4225732, -0.5274395, 2.967196;0.5441575, -0.5366737, 2.641792;0.5138978, -0.7582674, 3.025367;0.618074, -0.8194369, 2.548806;0.475989, -0.8228226, 2.981628;0.5801651, -0.8839921, 2.505067;
0.3598186, 0.1441497, 2.826621;0.4461657, -0.006945958, 2.835617;0.6256281, -0.2671801, 2.93564;0.3583819, -0.1727657, 2.978822;0.5551113, -0.1004976, 2.73984;0.3214849, -0.738716, 3.031165;0.6351448, -0.6248641, 2.599382;0.6616018, -0.3189065, 2.958835;0.6605862, -0.385006, 3.018105;0.7290477, -0.3453738, 2.933356;0.4246935, -0.5284752, 2.967528;0.5496218, -0.5341078, 2.649429;0.5074061, -0.7544719, 3.025166;0.6233979, -0.8163336, 2.556606;0.4694188, -0.818431, 2.980626;0.5854107, -0.8802927, 2.512066;
0.3613756, 0.1525736, 2.832082;0.4492756, 0.007510005, 2.83715;0.6181251, -0.2492402, 2.934944;0.3551407, -0.1565653, 2.982462;0.5590641, -0.08706699, 2.743693;0.2939906, -0.6908353, 3.023296;0.6538161, -0.6793298, 2.584402;0.6513004, -0.2998958, 2.957658;0.6488491, -0.3704218, 3.024043;0.7254179, -0.3391678, 2.929724;0.4241555, -0.5264855, 2.968052;0.5406592, -0.5310612, 2.651801;0.5206789, -0.7578508, 3.025689;0.6958315, -0.776929, 2.725662;0.4823139, -0.821135, 2.980384;0.6911299, -0.8505178, 2.72725;
0.3766571, 0.2028299, 2.833843;0.4526398, 0.04014183, 2.846058;0.6128316, -0.2394496, 2.935239;0.356668, -0.08869796, 2.987687;0.5582086, -0.06666003, 2.745946;0.2803294, -0.6732348, 3.036928;0.6384721, -0.5728397, 2.596441;0.6454726, -0.292958, 2.957114;0.6413873, -0.3594097, 3.021488;0.7133275, -0.3334821, 2.92747;0.426371, -0.5291522, 2.96905;0.5460188, -0.5372616, 2.646875;0.5220569, -0.7573856, 3.02536;0.6521558, -0.8158333, 2.621804;0.4769892, -0.8187287, 2.983613;0.607088, -0.8771763, 2.580057;
0.3767155, 0.2154932, 2.839995;0.4559995, 0.05469701, 2.848769;0.6069522, -0.2363947, 2.933682;0.3637163, -0.0783477, 2.986672;0.5620153, -0.04720144, 2.745031;0.275396, -0.6581608, 3.034877;0.6349841, -0.5541317, 2.601012;0.6362057, -0.2919625, 2.954119;0.6260874, -0.3586297, 3.012329;0.6968725, -0.3342081, 2.923938;0.4385091, -0.5333139, 2.977995;0.5578995, -0.5514436, 2.637808;0.5219089, -0.7555708, 3.024074;0.7081079, -0.7679302, 2.75106;0.4755401, -0.8149239, 2.980739;0.7102489, -0.8415565, 2.745582;
0.3780995, 0.230657, 2.844338;0.4636159, 0.08468694, 2.851588;0.6184042, -0.1808507, 2.944204;0.3639852, -0.04939062, 2.989914;0.5676799, -0.01380318, 2.746283;0.3044931, -0.6526339, 3.025074;0.6341937, -0.5385263, 2.60089;0.6489528, -0.2355686, 2.965866;0.6397871, -0.3067853, 3.031121;0.7208479, -0.2767105, 2.934848;0.4402134, -0.540278, 2.981656;0.5800875, -0.5260795, 2.67993;0.5243829, -0.7560701, 3.025525;0.7082028, -0.7674864, 2.751269;0.4806552, -0.8178219, 2.982632;0.7051951, -0.8401178, 2.737797;
0.3844298, 0.2841125, 2.854059;0.4709512, 0.1126413, 2.853737;0.6218133, -0.1732664, 2.945494;0.3676203, -0.0282212, 2.990986;0.5700092, 0.005846018, 2.750066;0.3248252, -0.5911415, 3.005902;0.6324663, -0.5203103, 2.603769;0.652132, -0.2293821, 2.967129;0.6461192, -0.2950336, 3.03149;0.7211675, -0.273137, 2.936053;0.4421005, -0.5393599, 2.983153;0.5911934, -0.5292605, 2.683286;0.5230089, -0.7542922, 3.026793;0.6964872, -0.7970968, 2.727753;0.4778747, -0.8145173, 2.983003;0.651353, -0.8573219, 2.683963;
0.3868044, 0.2955661, 2.858373;0.4752532, 0.1463507, 2.859217;0.6238642, -0.1599149, 2.946581;0.3732837, 0.000203785, 2.997864;0.5733468, 0.04677139, 2.752658;0.3263144, -0.5767828, 3.007094;0.632686, -0.5110294, 2.606009;0.6536846, -0.2199263, 2.96765;0.6469141, -0.2848811, 3.029047;0.7198863, -0.2645077, 2.937394;0.4455968, -0.5314631, 2.989372;0.6108941, -0.5371675, 2.693769;0.5229468, -0.7531779, 3.027317;0.7069568, -0.8072969, 2.739379;0.4765798, -0.8116589, 2.98228;0.67811, -0.8750473, 2.747592;
0.400933, 0.3478466, 2.874036;0.4762502, 0.1851661, 2.864178;0.6303514, -0.1077462, 2.956628;0.3839879, 0.03813915, 2.99617;0.5739236, 0.06589868, 2.75946;0.3128998, -0.518056, 2.976808;0.6328653, -0.5095723, 2.606919;0.6611457, -0.1673394, 2.978279;0.6531209, -0.2352456, 3.037073;0.7260787, -0.2095619, 2.950284;0.4404695, -0.5387378, 2.9861;0.624741, -0.5145988, 2.71931;0.5247751, -0.8109866, 3.035301;0.7192517, -0.7851205, 2.762397;0.5802549, -0.8530883, 3.060763;0.6908591, -0.8399042, 2.721269;
0.4022592, 0.3691344, 2.878984;0.4803367, 0.2125563, 2.869574;0.6311705, -0.1001684, 2.957847;0.3839166, 0.0644154, 2.996027;0.5737391, 0.1025891, 2.762138;0.3210251, -0.5312874, 3.01117;0.6277511, -0.4830878, 2.615757;0.6616379, -0.161574, 2.979108;0.6531286, -0.2273012, 3.03468;0.7249469, -0.2018629, 2.953158;0.4439166, -0.5329814, 2.98838;0.625925, -0.5152193, 2.72177;0.527182, -0.8053042, 3.035294;0.7216147, -0.7845581, 2.764422;0.4800922, -0.86384, 2.990781;0.6932973, -0.8478051, 2.737828;
0.4113879, 0.4210506, 2.887907;0.491057, 0.2501231, 2.870169;0.6229973, -0.08340775, 2.963059;0.3919258, 0.1124536, 2.995352;0.5757245, 0.1297262, 2.763851;0.3415577, -0.4655292, 3.012208;0.6287744, -0.4462565, 2.620474;0.650253, -0.1476031, 2.985021;0.634621, -0.2053136, 3.037478;0.705654, -0.1894193, 2.962909;0.4512973, -0.5265342, 2.992959;0.627606, -0.5103967, 2.729295;0.5248236, -0.802682, 3.032533;0.7210476, -0.7816934, 2.763587;0.4741312, -0.8591653, 2.989201;0.6963396, -0.8516955, 2.760842;
0.424318, 0.4595254, 2.901274;0.4946857, 0.2871732, 2.873902;0.6234277, -0.02863772, 2.97727;0.3930087, 0.1518275, 3.001317;0.5823026, 0.1707847, 2.771024;0.3426141, -0.4649706, 3.011144;0.6252659, -0.4253763, 2.614095;0.6490629, -0.09295635, 3.001122;0.6348155, -0.1537652, 3.058306;0.7067252, -0.1410751, 2.97588;0.4710589, -0.4928766, 2.993838;0.6308309, -0.5051757, 2.737815;0.5344301, -0.7709554, 3.032755;0.7227248, -0.7776807, 2.76534;0.5203136, -0.835908, 3.06605;0.7059188, -0.850001, 2.769078;
0.4303658, 0.4793644, 2.90296;0.5055258, 0.3278356, 2.890325;0.6220829, -0.02460888, 2.977956;0.3962598, 0.1795415, 3.003468;0.5847772, 0.1973029, 2.778872;0.3444935, -0.4021957, 3.008132;0.6316932, -0.3499492, 2.616368;0.6472327, -0.09078725, 3.001003;0.6301287, -0.1522337, 3.05514;0.7033529, -0.1360817, 2.976294;0.4724124, -0.483285, 2.990926;0.6357557, -0.4978816, 2.74556;0.5259829, -0.7632024, 3.028071;0.7220055, -0.7729973, 2.765382;0.4748145, -0.8173974, 2.98213;0.708279, -0.8444557, 2.749765;
0.4450718, 0.517974, 2.914868;0.5186252, 0.3191533, 2.894529;0.6229094, -0.01099042, 2.981116;0.4023329, 0.1949443, 3.007262;0.5885575, 0.223952, 2.781551;0.3464608, -0.3661589, 3.010965;0.629375, -0.3362796, 2.617357;0.6444834, -0.07292322, 3.003094;0.6245155, -0.135576, 3.056761;0.7003168, -0.1195918, 2.977515;0.478687, -0.4715858, 2.992594;0.6455285, -0.4926706, 2.755641;0.529561, -0.7512623, 3.030324;0.7209848, -0.77193, 2.764524;0.4787184, -0.8050219, 2.984067;0.7097954, -0.8444136, 2.753452;
0.4472263, 0.5315175, 2.915905;0.53877, 0.3355796, 2.907279;0.6283684, 0.02934025, 2.977245;0.4092391, 0.250915, 3.016548;0.5928422, 0.2677662, 2.789322;0.3498002, -0.3421818, 3.011619;0.6291753, -0.2973722, 2.617238;0.6456226, -0.03125301, 2.993993;0.6242871, -0.09998352, 3.040412;0.6972052, -0.07025978, 2.968629;0.4864913, -0.458988, 2.995422;0.659362, -0.4415453, 2.768006;0.5304785, -0.7423756, 3.029679;0.7171514, -0.7531997, 2.76202;0.4771642, -0.794229, 2.983961;0.6638371, -0.8050531, 2.716302;
0.465901, 0.5859998, 2.937907;0.537038, 0.4312321, 2.921071;0.6279795, 0.06871136, 2.982258;0.4147973, 0.2781791, 3.025475;0.5974761, 0.2845469, 2.791954;0.3668025, -0.3112847, 3.018792;0.6262288, -0.28337, 2.619943;0.6459501, -0.008944664, 2.997055;0.6247877, -0.06669975, 3.046965;0.6970013, -0.06341462, 2.967653;0.4905245, -0.449614, 2.997513;0.6600262, -0.4394541, 2.767318;0.5304791, -0.7412758, 3.029797;0.7174662, -0.7532702, 2.762493;0.474225, -0.7904274, 2.984369;0.6612122, -0.8024219, 2.717065;
0.4839915, 0.6183227, 2.951761;0.5472365, 0.4501368, 2.926979;0.6266428, 0.08185802, 2.980862;0.4225746, 0.2978008, 3.024546;0.605971, 0.3168833, 2.796766;0.3672619, -0.2881921, 3.014849;0.6291727, -0.2532862, 2.630022;0.6422644, 0.009692069, 2.994397;0.6187308, -0.05307471, 3.043877;0.6917686, -0.04162172, 2.960486;0.4953267, -0.4431297, 3.000794;0.6615277, -0.4190678, 2.787563;0.530677, -0.74076, 3.030038;0.7180756, -0.7537028, 2.763291;0.4748816, -0.7882156, 2.982735;0.6622803, -0.8011583, 2.715989;
0.4906826, 0.6432524, 2.965118;0.5491638, 0.480867, 2.939393;0.6190835, 0.1100369, 2.97864;0.4226976, 0.3152672, 3.027045;0.6131576, 0.3452628, 2.803258;0.3716683, -0.2582008, 3.01565;0.6265627, -0.2141611, 2.632985;0.6331699, 0.03618684, 2.989886;0.6075559, -0.0339963, 3.039953;0.6849161, -0.02243198, 2.952332;0.4991615, -0.4338268, 3.001388;0.6634673, -0.4108776, 2.789394;0.531952, -0.7398805, 3.029768;0.7192224, -0.7508388, 2.762393;0.4768824, -0.7852634, 2.980031;0.6641528, -0.7962217, 2.712656;
0.5122526, 0.6692818, 2.977401;0.5700132, 0.4670677, 2.947955;0.6186776, 0.1194436, 2.977548;0.4353863, 0.3603722, 3.033882;0.6209843, 0.3654158, 2.811906;0.3734533, -0.242491, 3.020844;0.6295749, -0.2047955, 2.638129;0.6288973, 0.05424659, 2.986533;0.5987999, -0.00880868, 3.035898;0.6776758, -0.008347438, 2.945601;0.5020577, -0.429076, 3.00217;0.6645004, -0.401237, 2.789127;0.5327939, -0.7402954, 3.032834;0.7204498, -0.7514625, 2.763412;0.4757198, -0.7836682, 2.98389;0.6633757, -0.7948353, 2.714468;
0.5248385, 0.7010369, 2.996364;0.5800231, 0.5383248, 2.956751;0.6138793, 0.1712028, 2.972368;0.4372833, 0.3664975, 3.035216;0.6281955, 0.3844797, 2.819294;0.3762691, -0.2288447, 3.020097;0.6361212, -0.1783853, 2.646376;0.6214787, 0.09340724, 2.979574;0.5862528, 0.02250491, 3.03477;0.6711034, 0.02630019, 2.927919;0.5086095, -0.4149112, 3.003281;0.6655669, -0.4011368, 2.788331;0.5343139, -0.7407103, 3.03366;0.7210261, -0.7513282, 2.763307;0.4776104, -0.7816317, 2.981956;0.6643226, -0.7922496, 2.711603;
0.5316861, 0.7094073, 3.000437;0.5818338, 0.543276, 2.959489;0.6128516, 0.1753103, 2.972541;0.4424419, 0.3822864, 3.038976;0.6368524, 0.4028171, 2.821426;0.3795529, -0.2090142, 3.015261;0.6342973, -0.1647743, 2.646953;0.6190954, 0.10059, 2.97893;0.5818611, 0.02988218, 3.033267;0.6681972, 0.03496557, 2.926483;0.5103671, -0.4119538, 3.003841;0.6667526, -0.4005732, 2.787979;0.536058, -0.7400188, 3.034632;0.7249674, -0.7554341, 2.764659;0.4793552, -0.7805544, 2.98239;0.6682645, -0.7959697, 2.712417;
0.5390697, 0.7266163, 3.009901;0.5893952, 0.5589029, 2.96848;0.6090075, 0.1878199, 2.972041;0.4454137, 0.4037688, 3.044256;0.6490811, 0.4221572, 2.82813;0.3834845, -0.2019637, 3.02315;0.6358856, -0.1555995, 2.650937;0.6126044, 0.1149955, 2.976371;0.570995, 0.04143378, 3.029414;0.661734, 0.04894727, 2.921729;0.5148112, -0.4064121, 3.004108;0.669116, -0.394327, 2.788788;0.5366228, -0.7402173, 3.034803;0.7262084, -0.7536679, 2.764835;0.4805028, -0.7792708, 2.980618;0.6700885, -0.7927214, 2.71065;
0.5546904, 0.7404758, 3.013577;0.5960802, 0.5728381, 2.975749;0.6068989, 0.1943126, 2.970343;0.4530131, 0.4175242, 3.04783;0.654043, 0.4328768, 2.833218;0.3846386, -0.1911609, 3.021932;0.637157, -0.1430584, 2.653174;0.6093111, 0.1205193, 2.973257;0.565631, 0.04781427, 3.023961;0.6562381, 0.05642965, 2.916822;0.5189274, -0.4043552, 3.004902;0.6706432, -0.3897697, 2.787985;0.54001, -0.7412419, 3.036833;0.7287069, -0.748942, 2.766459;0.4831802, -0.7792614, 2.982465;0.671877, -0.7869614, 2.712091;
0.5647725, 0.7535002, 3.027252;0.603129, 0.5844451, 2.984199;0.6054316, 0.2028915, 2.968798;0.4563171, 0.4254211, 3.052029;0.6630273, 0.4445367, 2.838413;0.3916702, -0.1571037, 3.022454;0.6417793, -0.1323049, 2.657045;0.6063546, 0.1283964, 2.969806;0.5608769, 0.05301528, 3.019629;0.6528435, 0.06480534, 2.911252;0.5257054, -0.401831, 3.009235;0.6722369, -0.388221, 2.788284;0.5415765, -0.7422297, 3.037204;0.7301027, -0.752615, 2.766345;0.4850689, -0.7791979, 2.981585;0.6735951, -0.7895832, 2.710726;
0.566922, 0.76318, 3.030757;0.6122338, 0.5966026, 2.992836;0.6036343, 0.2096634, 2.966389;0.4585139, 0.4326038, 3.055327;0.6681519, 0.4514772, 2.840766;0.3924832, -0.1534742, 3.023206;0.6463756, -0.1209963, 2.660912;0.602513, 0.1347678, 2.965092;0.5531954, 0.05899341, 3.012176;0.6479708, 0.07143517, 2.904058;0.5278985, -0.4002506, 3.009729;0.6748624, -0.3833707, 2.790191;0.5440196, -0.7424762, 3.038367;0.7320083, -0.750723, 2.769307;0.4872108, -0.7783581, 2.982135;0.7104306, -0.8215126, 2.760959;
0.5842699, 0.7742256, 3.038492;0.618551, 0.6047509, 2.996263;0.6015455, 0.2177701, 2.964135;0.4646632, 0.444715, 3.063834;0.6747509, 0.4635436, 2.847625;0.3954857, -0.1503874, 3.023809;0.6477867, -0.1180962, 2.663071;0.598492, 0.1422519, 2.961364;0.5478425, 0.0645396, 3.008501;0.6422876, 0.07898176, 2.898218;0.5288545, -0.3985868, 3.009766;0.6774868, -0.3794692, 2.7931;0.5464644, -0.7414129, 3.039381;0.7334171, -0.7492431, 2.771463;0.4893554, -0.7765434, 2.983299;0.676308, -0.7843736, 2.715382;
0.5850416, 0.7770402, 3.038257;0.6218919, 0.6078187, 2.99958;0.5994693, 0.221563, 2.963585;0.4666628, 0.4487443, 3.065712;0.6767417, 0.4674733, 2.849217;0.3941699, -0.1665182, 3.030701;0.6489297, -0.1164159, 2.664685;0.5949177, 0.1461306, 2.959848;0.5425087, 0.06832498, 3.00666;0.6375791, 0.08231253, 2.895347;0.5341197, -0.3943973, 3.012082;0.6794064, -0.3767803, 2.795417;0.5532498, -0.7413937, 3.041891;0.7352276, -0.7436106, 2.770755;0.4959849, -0.776074, 2.985825;0.7122917, -0.8173007, 2.768408;
0.5846407, 0.7854035, 3.037366;0.6420699, 0.6241564, 3.025329;0.5985658, 0.2243513, 2.96377;0.4716049, 0.456266, 3.067738;0.6790318, 0.4704156, 2.85155;0.3950113, -0.1664976, 3.029357;0.6502246, -0.1147706, 2.666604;0.5924576, 0.1483324, 2.958416;0.537575, 0.07229736, 3.002692;0.632669, 0.0853976, 2.892017;0.5351622, -0.3942095, 3.012196;0.6829984, -0.3714405, 2.798672;0.5562521, -0.7410585, 3.043505;0.7375054, -0.7417488, 2.772661;0.4983958, -0.7744433, 2.987528;0.7145961, -0.816614, 2.765962;
0.5889065, 0.7877179, 3.044448;0.6418155, 0.6234761, 3.024536;0.5959036, 0.2274665, 2.962139;0.4745744, 0.4596215, 3.068019;0.6801544, 0.4726462, 2.855332;0.3952396, -0.1658632, 3.027474;0.6534644, -0.1068817, 2.670835;0.5876269, 0.1518745, 2.95501;0.5327039, 0.07555578, 2.998521;0.625095, 0.09017753, 2.88726;0.5367551, -0.394394, 3.013284;0.6860528, -0.361331, 2.805558;0.5580225, -0.7432404, 3.04416;0.7424873, -0.7359815, 2.776542;0.5004238, -0.7764125, 2.987994;0.7146307, -0.8158679, 2.768753;
0.5955299, 0.7802542, 3.04923;0.6369455, 0.5747467, 3.016309;0.5944145, 0.2266996, 2.960541;0.4753587, 0.4603067, 3.067242;0.6820034, 0.4749287, 2.85876;0.3958867, -0.1642115, 3.028533;0.6536591, -0.107093, 2.671;0.5855592, 0.1523492, 2.952677;0.529595, 0.07595904, 2.994787;0.6229981, 0.09061679, 2.884616;0.5387422, -0.3943158, 3.013677;0.6866569, -0.3596967, 2.806496;0.5591507, -0.7441748, 3.046096;0.7431089, -0.734272, 2.775766;0.5022661, -0.7771467, 2.989402;0.6862243, -0.767244, 2.719072;
0.5987148, 0.7825619, 3.053209;0.63707, 0.5748202, 3.016479;0.5926215, 0.2264652, 2.959295;0.4785529, 0.4627221, 3.066566;0.6821524, 0.4756502, 2.860059;0.3995174, -0.1563971, 3.033463;0.6536806, -0.1086408, 2.671273;0.5828447, 0.1531878, 2.950667;0.5273116, 0.07624546, 2.993338;0.6180245, 0.09167877, 2.880089;0.5393218, -0.3938804, 3.013406;0.6865141, -0.3595179, 2.806463;0.5626904, -0.7475946, 3.050331;0.7430854, -0.7304665, 2.775448;0.5057985, -0.7804211, 2.993826;0.6861935, -0.763293, 2.718943;
0.595918, 0.7857144, 3.061435;0.6458545, 0.6191186, 3.029814;0.5908158, 0.2270927, 2.958653;0.4797524, 0.4626435, 3.064963;0.6824036, 0.475768, 2.861281;0.4000358, -0.158101, 3.034779;0.6537298, -0.109067, 2.671482;0.5797122, 0.1527044, 2.949005;0.5234852, 0.07530057, 2.991881;0.6140186, 0.09057228, 2.877005;0.5394974, -0.393405, 3.01296;0.6862077, -0.3647852, 2.805513;0.5626169, -0.7475975, 3.050348;0.7429979, -0.7328276, 2.777261;0.5059901, -0.7802203, 2.993685;0.686371, -0.7654504, 2.720598;
0.5984452, 0.7869627, 3.06775;0.645977, 0.6191832, 3.029806;0.5888734, 0.2278296, 2.957569;0.4806071, 0.4627576, 3.06367;0.6823774, 0.4753243, 2.862424;0.401091, -0.156746, 3.036019;0.6538461, -0.1080254, 2.671904;0.5767837, 0.1526532, 2.947124;0.5200678, 0.07493711, 2.990327;0.6103574, 0.09024823, 2.873935;0.5394922, -0.3933834, 3.012935;0.6840088, -0.3622847, 2.805335;0.5610015, -0.7457995, 3.048374;0.7426064, -0.7327285, 2.777114;0.504689, -0.7783169, 2.991575;0.6862938, -0.7652458, 2.720315;
0.6011625, 0.7778162, 3.069278;0.6415818, 0.5746856, 3.022282;0.5856742, 0.2262032, 2.955849;0.4812033, 0.4626229, 3.062993;0.6830556, 0.4756722, 2.863695;0.4017392, -0.1555324, 3.036897;0.6538979, -0.10703, 2.672192;0.5735064, 0.1524715,