0.5909495, 0.8136467, 3.032781;0.6445162, 0.5948941, 2.999388;0.5848131, 0.2274733, 2.936172;0.4956686, 0.4435943, 3.068551;0.7080579, 0.4624643, 2.855439;0.3923903, -0.1615336, 2.964242;0.678837, -0.1381544, 2.662442;0.5728725, 0.1539891, 2.927007;0.5137289, 0.07985703, 2.967129;0.6093041, 0.08834853, 2.859428;0.5447493, -0.3970738, 2.988013;0.699817, -0.3804328, 2.800554;0.5685501, -0.7432317, 3.034636;0.7655768, -0.7524569, 2.763076;0.5200639, -0.8330679, 3.027934;0.735989, -0.8369051, 2.744733;
0.5905021, 0.8141014, 3.033784;0.6447154, 0.5950692, 2.998828;0.5846704, 0.227667, 2.936254;0.4957411, 0.4436692, 3.068614;0.7080613, 0.4618021, 2.8552;0.3929199, -0.1612994, 2.964554;0.6789545, -0.1382013, 2.66199;0.5725996, 0.1542673, 2.927299;0.5131974, 0.08032358, 2.968128;0.6089392, 0.08832558, 2.859597;0.5446551, -0.3971222, 2.987707;0.7000145, -0.3781707, 2.800467;0.5686548, -0.7434338, 3.034758;0.7656327, -0.7524134, 2.76336;0.5223169, -0.8324229, 3.027035;0.7360042, -0.837041, 2.744784;
0.5911694, 0.8134782, 3.032299;0.6448718, 0.5942475, 2.997695;0.5848016, 0.2275547, 2.936204;0.4956999, 0.4436385, 3.068729;0.7083585, 0.4597782, 2.853781;0.392975, -0.1612566, 2.963138;0.6792633, -0.1378779, 2.661704;0.5727229, 0.1542056, 2.927334;0.5132594, 0.08028328, 2.968255;0.6092356, 0.08780587, 2.859423;0.5442387, -0.3971125, 2.987357;0.7000173, -0.3791693, 2.800467;0.5685855, -0.7436233, 3.034693;0.7659262, -0.7527199, 2.76488;0.5230646, -0.8320649, 3.027186;0.7362444, -0.8372722, 2.744952;
0.5906565, 0.8134809, 3.030135;0.6447484, 0.594353, 2.99753;0.5848495, 0.2276097, 2.935975;0.49558, 0.4437554, 3.068606;0.7088541, 0.4593981, 2.853531;0.3932926, -0.161002, 2.962764;0.6793988, -0.1377771, 2.661592;0.5728167, 0.1542562, 2.927075;0.5133306, 0.08052142, 2.967675;0.6094615, 0.08777738, 2.859272;0.543768, -0.3966215, 2.986838;0.7002857, -0.3795724, 2.800471;0.568819, -0.7437771, 3.034222;0.766125, -0.7527957, 2.765628;0.5225986, -0.8310353, 3.02215;0.736201, -0.8373578, 2.744943;
0.5885934, 0.8128883, 3.027483;0.6445739, 0.5942841, 2.99726;0.584796, 0.227746, 2.935951;0.4956668, 0.4436106, 3.068169;0.7088141, 0.4586533, 2.852623;0.3932908, -0.1609775, 2.961633;0.6790556, -0.1375707, 2.660656;0.5727703, 0.1544789, 2.927109;0.5132796, 0.0807073, 2.968034;0.6094198, 0.08778433, 2.859174;0.5437819, -0.3965793, 2.986606;0.7004272, -0.3795424, 2.800478;0.5687058, -0.7438498, 3.034288;0.7661579, -0.7530085, 2.765603;0.5227813, -0.831104, 3.022322;0.73755, -0.8369852, 2.74586;
0.5896974, 0.8131971, 3.026661;0.6449974, 0.594456, 2.997109;0.5848135, 0.2277877, 2.935974;0.4956222, 0.4437437, 3.068211;0.709751, 0.4578009, 2.851208;0.3932072, -0.1611733, 2.95957;0.6790841, -0.1375937, 2.660633;0.5727676, 0.1545149, 2.927145;0.5131212, 0.08076758, 2.968205;0.6094182, 0.08765112, 2.859142;0.5437306, -0.3966132, 2.986618;0.7005717, -0.380289, 2.800245;0.5686943, -0.7445676, 3.033758;0.7664307, -0.7523626, 2.766037;0.5232275, -0.8311184, 3.022865;0.7372603, -0.8373195, 2.745413;
0.5896422, 0.8130584, 3.026702;0.6449274, 0.5943469, 2.997006;0.5848794, 0.2278782, 2.935909;0.4955721, 0.4448239, 3.068815;0.7096818, 0.4576086, 2.851146;0.3927269, -0.1606132, 2.960078;0.6790928, -0.1375879, 2.660599;0.5728835, 0.1546725, 2.927074;0.5132381, 0.08089285, 2.968346;0.6096141, 0.08724911, 2.858419;0.5437351, -0.3966505, 2.986615;0.7011099, -0.3810547, 2.80014;0.5689002, -0.7444323, 3.033634;0.7660406, -0.7525248, 2.765997;0.525762, -0.8301222, 3.022941;0.7370403, -0.8376063, 2.74542;
0.5895281, 0.8128267, 3.026373;0.6448972, 0.5941907, 2.997054;0.5848818, 0.2278924, 2.935916;0.4954761, 0.4446477, 3.068793;0.7096583, 0.4575723, 2.851101;0.392597, -0.1608152, 2.95939;0.6791251, -0.1376763, 2.660517;0.5728905, 0.1547117, 2.927089;0.5132287, 0.0808872, 2.968403;0.6096154, 0.08724929, 2.858399;0.54354, -0.3968487, 2.986442;0.7010885, -0.3809882, 2.800057;0.5690296, -0.7443718, 3.033731;0.7660447, -0.7525839, 2.76597;0.5270551, -0.8273281, 3.022989;0.7369909, -0.8385879, 2.746625;
0.5871785, 0.8125229, 3.023283;0.6462007, 0.5949735, 2.996521;0.5850548, 0.2280179, 2.935866;0.4951473, 0.4444669, 3.069974;0.7096699, 0.4574507, 2.851109;0.3930773, -0.1609514, 2.958814;0.6791461, -0.1375459, 2.660387;0.5729623, 0.1547685, 2.927077;0.5132315, 0.08091725, 2.968413;0.6096423, 0.08724995, 2.8584;0.5435854, -0.3969207, 2.986406;0.701304, -0.3812619, 2.80023;0.568844, -0.7438636, 3.03351;0.7660435, -0.7525726, 2.765982;0.5272148, -0.8274375, 3.022472;0.7370855, -0.8385552, 2.746947;
0.58739, 0.8126897, 3.023675;0.6462156, 0.5950564, 2.996437;0.584834, 0.2279299, 2.93598;0.495528, 0.4447537, 3.069292;0.7096579, 0.457451, 2.851114;0.3929974, -0.160951, 2.958906;0.6791379, -0.1374876, 2.660258;0.5725845, 0.1545776, 2.927313;0.512823, 0.08076254, 2.968655;0.6090069, 0.08733632, 2.859071;0.5434765, -0.3972788, 2.986279;0.7011684, -0.380937, 2.800066;0.5688353, -0.7440489, 3.033406;0.7659578, -0.7535883, 2.766381;0.527339, -0.8275371, 3.022299;0.737075, -0.8388801, 2.747468;
0.5883241, 0.8131726, 3.024343;0.6463044, 0.5952049, 2.995775;0.5849305, 0.2280096, 2.935839;0.4953649, 0.4443176, 3.069183;0.7095652, 0.4573301, 2.850991;0.3930317, -0.1610843, 2.958862;0.6791257, -0.1374822, 2.660184;0.5726735, 0.1546413, 2.927235;0.5128877, 0.08064953, 2.968663;0.6091223, 0.08747882, 2.858924;0.5431326, -0.397285, 2.986188;0.701133, -0.3809689, 2.799999;0.5688916, -0.7439665, 3.033394;0.7659157, -0.7534509, 2.767246;0.5276248, -0.8281279, 3.023991;0.7371354, -0.8387077, 2.747504;
0.5881054, 0.8131152, 3.02291;0.6457974, 0.5951585, 2.995673;0.5848687, 0.2279888, 2.935866;0.4954875, 0.4445665, 3.069386;0.7094153, 0.4572213, 2.850919;0.3933409, -0.1611554, 2.958814;0.6789014, -0.1373063, 2.65998;0.5726463, 0.1546244, 2.927275;0.5129123, 0.08056049, 2.968681;0.6090302, 0.08760418, 2.859064;0.5431601, -0.3971993, 2.986429;0.7019696, -0.3818209, 2.799881;0.5690268, -0.7438843, 3.033492;0.766569, -0.7528956, 2.768575;0.5279633, -0.8281198, 3.024158;0.7370985, -0.8386102, 2.747718;
0.5877169, 0.8129141, 3.023529;0.6462168, 0.5951107, 2.995337;0.5848947, 0.227861, 2.936224;0.4955027, 0.4448227, 3.069653;0.709249, 0.4567765, 2.850997;0.393388, -0.1611036, 2.958847;0.6787172, -0.1370343, 2.659623;0.5726151, 0.1544088, 2.927901;0.512933, 0.07954761, 2.970025;0.6087149, 0.08741499, 2.859867;0.5429472, -0.3968002, 2.986452;0.7017388, -0.381405, 2.799954;0.5690597, -0.7435212, 3.033521;0.7665714, -0.7529011, 2.768638;0.5286912, -0.8278652, 3.023811;0.7370429, -0.838629, 2.747755;
0.5873874, 0.8122844, 3.021118;0.6463929, 0.5947459, 2.994972;0.5849001, 0.2278322, 2.936209;0.4954715, 0.4448403, 3.06956;0.7092153, 0.4561857, 2.850317;0.3933838, -0.1611013, 2.958846;0.6781735, -0.1370486, 2.659497;0.572614, 0.1544014, 2.927907;0.5128884, 0.07947975, 2.970058;0.6087094, 0.08738901, 2.859844;0.542807, -0.3968725, 2.986403;0.7016451, -0.3814425, 2.799964;0.5690807, -0.7433434, 3.033532;0.766565, -0.7526441, 2.768758;0.529036, -0.8277649, 3.024081;0.7369885, -0.8387412, 2.747742;
0.5873538, 0.8125196, 3.021691;0.6462951, 0.5948941, 2.9946;0.584792, 0.2277012, 2.936112;0.4954955, 0.4450081, 3.069604;0.7088567, 0.456194, 2.850439;0.3932029, -0.1611318, 2.958268;0.6778654, -0.137006, 2.65902;0.572481, 0.1542031, 2.927837;0.5128239, 0.07946185, 2.96986;0.6085594, 0.08744369, 2.860094;0.5428217, -0.3968843, 2.986399;0.7018052, -0.3813964, 2.800162;0.5689282, -0.7438617, 3.033743;0.7664973, -0.7526889, 2.768718;0.5279208, -0.8282975, 3.023648;0.7373723, -0.8390712, 2.74885;
0.5870274, 0.8125489, 3.023252;0.6462958, 0.5948927, 2.994617;0.5848047, 0.2276815, 2.936105;0.4950275, 0.4443454, 3.069173;0.70901, 0.4561418, 2.850711;0.3940186, -0.160575, 2.960187;0.6774341, -0.1367082, 2.65873;0.5724978, 0.1541796, 2.927824;0.5127499, 0.07909615, 2.969754;0.6086425, 0.08746173, 2.86002;0.5426135, -0.3978994, 2.986731;0.7018553, -0.3810505, 2.800608;0.5681307, -0.7463828, 3.032433;0.7669222, -0.752634, 2.768763;0.5278353, -0.830864, 3.024113;0.7373442, -0.8390153, 2.748868;
0.5874479, 0.8120865, 3.021168;0.6461749, 0.5944169, 2.994392;0.5847066, 0.2274892, 2.936164;0.4949926, 0.4444371, 3.069048;0.7087416, 0.4559278, 2.850734;0.3940347, -0.1605549, 2.960142;0.6773679, -0.13671, 2.658703;0.5723994, 0.1540187, 2.927923;0.5126505, 0.07886761, 2.969913;0.6085156, 0.08736148, 2.860134;0.5425954, -0.3979259, 2.986711;0.7017855, -0.3812252, 2.800521;0.5681455, -0.7460591, 3.032227;0.766992, -0.7526356, 2.76895;0.5278976, -0.8308035, 3.024508;0.7372286, -0.8389371, 2.748304;
0.5879868, 0.8133718, 3.025695;0.6458305, 0.5951284, 2.993209;0.5845242, 0.2276674, 2.936057;0.4945498, 0.4448923, 3.069157;0.708716, 0.4559032, 2.850636;0.3941865, -0.1603882, 2.960667;0.6770464, -0.1368675, 2.658592;0.5722299, 0.1541612, 2.927906;0.512331, 0.07898968, 2.97;0.6084388, 0.08740848, 2.860144;0.5420848, -0.39733, 2.986293;0.7018135, -0.3812483, 2.800557;0.5673742, -0.7446589, 3.030706;0.7670248, -0.7526628, 2.768923;0.5278056, -0.8306335, 3.023736;0.7370744, -0.8391185, 2.748335;
0.5881094, 0.8138024, 3.026859;0.6451358, 0.5953136, 2.99377;0.5844174, 0.2277572, 2.936136;0.4945402, 0.4448919, 3.06912;0.7086136, 0.4562997, 2.850594;0.3942128, -0.160477, 2.96052;0.676738, -0.1366415, 2.658744;0.572175, 0.1542364, 2.927953;0.5123245, 0.0789993, 2.970009;0.6083962, 0.08753216, 2.860167;0.5419482, -0.3978178, 2.986454;0.7016892, -0.3807196, 2.800857;0.567622, -0.745066, 3.030789;0.767055, -0.7527376, 2.769016;0.5279217, -0.8313375, 3.023818;0.7368621, -0.8392597, 2.747936;
0.5901535, 0.8146075, 3.026565;0.6449762, 0.5955915, 2.993838;0.5842987, 0.227691, 2.936121;0.495227, 0.445876, 3.068687;0.7085211, 0.4563928, 2.850617;0.3941577, -0.160478, 2.960397;0.6767325, -0.1366299, 2.658732;0.5720347, 0.1540975, 2.927927;0.5123029, 0.07897896, 2.969936;0.608212, 0.08754627, 2.86027;0.5423917, -0.3991849, 2.987227;0.7017363, -0.3809507, 2.800815;0.5678766, -0.7466817, 3.032158;0.7670028, -0.7527636, 2.769006;0.5276079, -0.8319622, 3.024039;0.7367121, -0.8393821, 2.748051;
0.5893396, 0.8144255, 3.032294;0.6446007, 0.5953591, 2.9938;0.5841139, 0.2277448, 2.936168;0.4949208, 0.446574, 3.069412;0.708353, 0.4565564, 2.85084;0.3942293, -0.1603507, 2.960453;0.6765229, -0.1365709, 2.658727;0.5718676, 0.1541962, 2.927998;0.5121393, 0.07898779, 2.970053;0.6080685, 0.08763898, 2.860289;0.5417071, -0.3978545, 2.987226;0.701817, -0.3808812, 2.800821;0.5680346, -0.7462844, 3.032261;0.7667734, -0.7520651, 2.768893;0.5266521, -0.8319132, 3.024851;0.7366878, -0.8394716, 2.747901;
0.5958526, 0.8088351, 3.039302;0.6446838, 0.5955406, 2.994153;0.5840089, 0.2276954, 2.936252;0.4949415, 0.4465454, 3.069234;0.7081662, 0.4563343, 2.850576;0.3943862, -0.1610078, 2.958631;0.6764442, -0.1364905, 2.658802;0.5717231, 0.1541061, 2.928074;0.5119978, 0.07892156, 2.970113;0.6079076, 0.08762065, 2.860349;0.542014, -0.4006198, 2.988102;0.7018602, -0.3809945, 2.80078;0.5679978, -0.7478989, 3.032998;0.7665445, -0.7521235, 2.768649;0.526613, -0.8320868, 3.024698;0.7366059, -0.8395152, 2.747352;
0.593627, 0.8084011, 3.03705;0.6447977, 0.5953554, 2.993783;0.5839713, 0.2274025, 2.936038;0.4949583, 0.4461697, 3.069238;0.7079808, 0.4560118, 2.850515;0.3939061, -0.161104, 2.959517;0.6762592, -0.136317, 2.658756;0.5716695, 0.153788, 2.927891;0.5119538, 0.07847486, 2.969893;0.6078717, 0.0875703, 2.860305;0.5419759, -0.4003848, 2.987864;0.7017607, -0.3810673, 2.800811;0.5680904, -0.7479653, 3.033321;0.7664838, -0.7521846, 2.768788;0.5267006, -0.831959, 3.025279;0.7367002, -0.8394439, 2.74741;
0.5933389, 0.8088227, 3.037559;0.6446499, 0.5955421, 2.993945;0.5839263, 0.227347, 2.936049;0.4950947, 0.446736, 3.068658;0.7076874, 0.4559462, 2.850628;0.39399, -0.1611433, 2.959579;0.6761756, -0.136212, 2.6587;0.5716269, 0.153682, 2.927892;0.511969, 0.07847639, 2.969842;0.6078325, 0.08755863, 2.860387;0.5417993, -0.4005317, 2.987781;0.7016418, -0.3808365, 2.800711;0.5678077, -0.7490737, 3.032317;0.7664771, -0.7522286, 2.768738;0.5268584, -0.83279, 3.024932;0.7365281, -0.8391722, 2.746982;
0.5926695, 0.8087918, 3.035784;0.6445681, 0.5954058, 2.994055;0.5838152, 0.227326, 2.936149;0.4950469, 0.4466349, 3.068679;0.7074257, 0.4559256, 2.850649;0.3934795, -0.1615188, 2.958693;0.6759118, -0.1361483, 2.658533;0.571516, 0.1536822, 2.927995;0.5118726, 0.07845087, 2.970017;0.6076503, 0.08752532, 2.860422;0.5417095, -0.4004761, 2.987506;0.7016258, -0.3809406, 2.800865;0.5677313, -0.748894, 3.032541;0.766492, -0.7518041, 2.768439;0.5270815, -0.8322924, 3.024804;0.7365069, -0.839245, 2.747145;
0.5892344, 0.8077967, 3.035472;0.6442557, 0.5949731, 2.994455;0.5839012, 0.2268517, 2.936208;0.4950075, 0.4465899, 3.069214;0.7072323, 0.4557578, 2.8506;0.3934562, -0.1615095, 2.958702;0.6758646, -0.1361356, 2.65857;0.5717038, 0.1531479, 2.927997;0.5125561, 0.07756919, 2.969605;0.6077128, 0.08734348, 2.860545;0.5419774, -0.4000586, 2.987773;0.7018296, -0.3788123, 2.800902;0.5676708, -0.748356, 3.032116;0.765789, -0.7499098, 2.768143;0.527277, -0.8317474, 3.024665;0.7355776, -0.8351568, 2.746087;
0.5890975, 0.8084841, 3.035549;0.6441705, 0.5954599, 2.994975;0.5834949, 0.2271941, 2.936515;0.4948088, 0.4466186, 3.069217;0.7070162, 0.4557285, 2.851181;0.3934264, -0.1614531, 2.958723;0.6757014, -0.1360845, 2.658668;0.5712351, 0.1534856, 2.928282;0.511844, 0.07787035, 2.97007;0.6072915, 0.08751848, 2.860613;0.5419822, -0.3996312, 2.987633;0.700892, -0.3782153, 2.801121;0.5673557, -0.7470256, 3.031234;0.7659866, -0.7509464, 2.767561;0.527474, -0.8316612, 3.024671;0.7356521, -0.8350961, 2.745981;
0.5894673, 0.8093027, 3.03516;0.6441811, 0.5959872, 2.995155;0.5833808, 0.2270992, 2.936521;0.4947816, 0.446604, 3.069168;0.7067772, 0.4556832, 2.851034;0.3932435, -0.1612853, 2.95922;0.6754891, -0.1360268, 2.65849;0.5710477, 0.1532493, 2.928263;0.5117247, 0.07785314, 2.969958;0.6071277, 0.08742925, 2.860753;0.5415491, -0.3987649, 2.987153;0.70103, -0.3786039, 2.800966;0.5672933, -0.7466732, 3.031097;0.7660199, -0.7509308, 2.767574;0.5274378, -0.8315895, 3.024853;0.7357858, -0.8352004, 2.745918;
0.5982189, 0.8066121, 3.044794;0.6441797, 0.5959855, 2.995202;0.583266, 0.2270679, 2.936661;0.4943321, 0.4471369, 3.069602;0.7067771, 0.4556551, 2.851055;0.3931111, -0.1610731, 2.959593;0.6753611, -0.1358808, 2.658444;0.5709101, 0.1532141, 2.928426;0.5114937, 0.07786654, 2.970063;0.6070023, 0.08740477, 2.861083;0.5418299, -0.3987138, 2.987281;0.70099, -0.3787946, 2.800948;0.5673038, -0.7466469, 3.031253;0.7657119, -0.7512357, 2.767504;0.527311, -0.8303097, 3.022408;0.7369516, -0.8357489, 2.746143;
0.5976076, 0.8023419, 3.045336;0.6442394, 0.5960417, 2.995105;0.5832642, 0.2270508, 2.936672;0.4939073, 0.4467645, 3.069513;0.706448, 0.4555369, 2.851278;0.3926634, -0.1604182, 2.960536;0.6747683, -0.1357362, 2.658475;0.5709054, 0.1531799, 2.928451;0.5114658, 0.07776805, 2.970128;0.6069992, 0.08738887, 2.861108;0.5419103, -0.3984449, 2.987138;0.701061, -0.3805189, 2.801421;0.5675954, -0.7455988, 3.031322;0.7656553, -0.7512262, 2.767448;0.5272126, -0.830237, 3.02236;0.7371798, -0.8358178, 2.745917;
0.5979458, 0.7989675, 3.041656;0.6441972, 0.5961989, 2.995027;0.5831338, 0.2269936, 2.936656;0.4935836, 0.446738, 3.069884;0.7058223, 0.4550406, 2.850817;0.3924534, -0.1607144, 2.960307;0.6744624, -0.1358516, 2.658573;0.5707422, 0.1530721, 2.928445;0.5113261, 0.07779544, 2.970058;0.6068106, 0.08730857, 2.861245;0.5416895, -0.3978698, 2.986642;0.7009869, -0.380476, 2.801275;0.5672653, -0.7450039, 3.03161;0.7656733, -0.751174, 2.76732;0.5280188, -0.8261446, 3.024199;0.736949, -0.8361081, 2.745852;
0.5977235, 0.7953035, 3.042125;0.644213, 0.5961078, 2.994936;0.58311, 0.2269462, 2.93663;0.4935976, 0.4466204, 3.068946;0.7058093, 0.4550504, 2.850829;0.3923985, -0.1607554, 2.960392;0.6744038, -0.1358148, 2.658592;0.570721, 0.1530357, 2.928429;0.5113025, 0.07776667, 2.970047;0.606793, 0.08729637, 2.86124;0.5416656, -0.3977059, 2.986514;0.7008718, -0.3806337, 2.801097;0.5671747, -0.7447235, 3.031583;0.7655292, -0.7513177, 2.767401;0.5288178, -0.826912, 3.025301;0.7367706, -0.8368127, 2.745899;
0.5977883, 0.792109, 3.043112;0.6440064, 0.5959386, 2.995113;0.5829126, 0.2268035, 2.936806;0.4935728, 0.4466165, 3.069103;0.7056381, 0.4549697, 2.850791;0.3924417, -0.1605709, 2.960871;0.6738769, -0.1358589, 2.658075;0.5705445, 0.1529086, 2.928603;0.5111853, 0.0777268, 2.970197;0.6065713, 0.08713021, 2.861424;0.5415174, -0.397476, 2.986187;0.700721, -0.3801737, 2.801195;0.5672856, -0.7444906, 3.031393;0.765816, -0.751879, 2.767866;0.5290844, -0.8275788, 3.025492;0.7368935, -0.837369, 2.746767;
0.596037, 0.7920711, 3.041416;0.6439098, 0.595637, 2.995297;0.5828942, 0.2267631, 2.936829;0.4930711, 0.4464697, 3.069479;0.7053165, 0.4549321, 2.850397;0.3918077, -0.1595194, 2.958588;0.6735574, -0.1358121, 2.657964;0.5705382, 0.1528939, 2.928616;0.5111584, 0.077659, 2.970212;0.606569, 0.08711001, 2.861411;0.5414041, -0.3970762, 2.985995;0.7007731, -0.3803745, 2.800934;0.5673928, -0.7444316, 3.03144;0.7659034, -0.7524998, 2.767854;0.5291321, -0.8276576, 3.025638;0.7369762, -0.8374885, 2.746918;
0.5921409, 0.7919139, 3.036164;0.6439909, 0.5958487, 2.995349;0.5829585, 0.2267264, 2.936742;0.4916844, 0.4459663, 3.069344;0.7051596, 0.4550648, 2.849883;0.3908492, -0.1596005, 2.956785;0.6731129, -0.1360309, 2.65773;0.5706323, 0.1528025, 2.928466;0.5111746, 0.07751932, 2.969791;0.6067854, 0.08705028, 2.861333;0.5413659, -0.3970883, 2.985979;0.7009132, -0.3812295, 2.800824;0.5672914, -0.7447271, 3.031767;0.7659079, -0.7524878, 2.767768;0.5291436, -0.8277115, 3.025305;0.7368901, -0.837631, 2.747011;
0.5910335, 0.7924961, 3.032111;0.6436388, 0.5961166, 2.995315;0.5829812, 0.2267675, 2.936768;0.4915856, 0.4456229, 3.06876;0.7050882, 0.4552652, 2.849685;0.3908936, -0.1594732, 2.957198;0.6730465, -0.1359924, 2.657706;0.5707074, 0.1528506, 2.928508;0.5113514, 0.07744903, 2.969987;0.6069084, 0.08702381, 2.861269;0.5411792, -0.3970816, 2.985843;0.7003754, -0.3803403, 2.800232;0.5673239, -0.7446948, 3.03199;0.7657154, -0.7527114, 2.767739;0.529019, -0.8278423, 3.025256;0.7371334, -0.8373891, 2.745899;
0.589498, 0.791674, 3.030416;0.6430324, 0.5949826, 2.993366;0.5831201, 0.2266136, 2.936993;0.4894561, 0.4451642, 3.069671;0.7049805, 0.4553759, 2.849542;0.3908171, -0.1596718, 2.957868;0.6721269, -0.1363972, 2.657163;0.5710467, 0.1526863, 2.929094;0.5117763, 0.07683065, 2.971037;0.6076021, 0.0862375, 2.862413;0.5410823, -0.3971927, 2.985793;0.7003526, -0.3802797, 2.80007;0.5668475, -0.745966, 3.031682;0.7656971, -0.7527159, 2.767746;0.5289539, -0.827975, 3.025343;0.7369173, -0.8374165, 2.745381;
0.5876018, 0.791716, 3.026441;0.6422579, 0.5949242, 2.993158;0.5836484, 0.2263471, 2.937496;0.4871479, 0.4443448, 3.067979;0.7048482, 0.4553486, 2.849462;0.3895115, -0.1603821, 2.959231;0.670981, -0.1364439, 2.65623;0.5721467, 0.1523045, 2.930002;0.5128431, 0.07623135, 2.971916;0.6101544, 0.08567725, 2.864194;0.5399173, -0.3992175, 2.984445;0.6981201, -0.3801096, 2.798708;0.5667004, -0.7497485, 3.030826;0.7655119, -0.7530516, 2.767725;0.5271429, -0.8297647, 3.023887;0.7369068, -0.8375133, 2.745417;
0.5862929, 0.7916129, 3.024534;0.6402068, 0.5941277, 2.991822;0.5842067, 0.2255492, 2.938333;0.4853286, 0.4439608, 3.066456;0.7032312, 0.454805, 2.848267;0.3883545, -0.1616724, 2.95909;0.6697923, -0.1368467, 2.654142;0.5733628, 0.1512632, 2.931544;0.5145183, 0.0750739, 2.973976;0.6123173, 0.08444598, 2.866684;0.5384371, -0.3992932, 2.983429;0.6955067, -0.3798316, 2.797071;0.5659584, -0.7492476, 3.029985;0.7656066, -0.7536764, 2.76754;0.5276604, -0.8259969, 3.022973;0.7367365, -0.8375751, 2.745517;
0.5811314, 0.7890359, 3.023287;0.6345111, 0.5908171, 2.988031;0.5849774, 0.2230391, 2.938865;0.4831649, 0.4429508, 3.065001;0.7020646, 0.4533873, 2.846496;0.385286, -0.1658113, 2.95671;0.6676471, -0.1381492, 2.65219;0.5751092, 0.1484046, 2.932688;0.5165718, 0.072477, 2.974813;0.615842, 0.08168047, 2.869557;0.5374556, -0.3996102, 2.982912;0.6917505, -0.3816396, 2.793093;0.5650733, -0.7491179, 3.028887;0.7647372, -0.7541499, 2.767186;0.5275546, -0.8260898, 3.022483;0.7362525, -0.8378884, 2.745736;
0.5584936, 0.7813845, 3.006341;0.6286533, 0.5891495, 2.986339;0.5861111, 0.2205056, 2.940273;0.4788905, 0.4404385, 3.061259;0.6948292, 0.4491885, 2.841617;0.3776033, -0.1691103, 2.94769;0.6628842, -0.143178, 2.646109;0.5777854, 0.1452764, 2.935005;0.521929, 0.069097, 2.977198;0.6192812, 0.07927583, 2.873601;0.5345781, -0.3996332, 2.981205;0.6895788, -0.3824296, 2.791395;0.5646178, -0.7493522, 3.028243;0.7642577, -0.7550007, 2.767021;0.5260092, -0.8271523, 3.021745;0.7357039, -0.8383667, 2.745344;
0.5556195, 0.7729532, 3.005108;0.614829, 0.5787996, 2.974799;0.5862409, 0.2158515, 2.941503;0.4685153, 0.4306871, 3.061549;0.684795, 0.4420802, 2.835957;0.3762787, -0.1784594, 2.945279;0.6583884, -0.1489932, 2.639279;0.5792763, 0.140987, 2.937557;0.5245456, 0.06522609, 2.980303;0.6223399, 0.07511682, 2.878682;0.5311807, -0.4024553, 2.980271;0.6864924, -0.3839011, 2.788592;0.5639877, -0.7487696, 3.026766;0.7628667, -0.7551175, 2.766032;0.5259979, -0.8272393, 3.021785;0.73357, -0.8377117, 2.744676;
0.5421196, 0.7664798, 2.994955;0.6094133, 0.5749564, 2.970284;0.5875136, 0.2111628, 2.94308;0.4599618, 0.4207646, 3.057368;0.6808999, 0.4370887, 2.832434;0.3651381, -0.2062847, 2.937628;0.6568565, -0.1553257, 2.637075;0.5824742, 0.1360707, 2.940835;0.5299982, 0.05944566, 2.984817;0.6278489, 0.06869996, 2.884771;0.528179, -0.4063707, 2.979418;0.6835335, -0.3852284, 2.785193;0.5635559, -0.7502921, 3.026325;0.7606297, -0.7574003, 2.764385;0.5241473, -0.8290103, 3.01721;0.7327958, -0.8382342, 2.743099;
0.5384516, 0.7637215, 2.991485;0.5998588, 0.5693736, 2.961818;0.5889126, 0.2041614, 2.944092;0.4571113, 0.4168787, 3.055319;0.6728437, 0.4269997, 2.827853;0.3669025, -0.1908285, 2.939898;0.6553175, -0.1640732, 2.632914;0.5860872, 0.1287234, 2.943612;0.5376927, 0.05164023, 2.987967;0.6312431, 0.06294034, 2.889771;0.5228022, -0.4100119, 2.977687;0.6816524, -0.385547, 2.78065;0.5628726, -0.7526203, 3.025398;0.7600304, -0.7587208, 2.763999;0.5240978, -0.8297911, 3.016731;0.7327706, -0.8386487, 2.744457;
0.5065883, 0.7397175, 2.951923;0.5901656, 0.5581968, 2.954035;0.5904826, 0.1927469, 2.94521;0.4473801, 0.3993999, 3.044466;0.6626801, 0.4101377, 2.817259;0.3607362, -0.2132073, 2.935704;0.6527972, -0.1869806, 2.623375;0.5899296, 0.1179305, 2.946485;0.5427973, 0.04200627, 2.991102;0.6366565, 0.05507968, 2.894741;0.5181891, -0.4141403, 2.977745;0.6800584, -0.3898769, 2.77741;0.5624869, -0.7513496, 3.025206;0.7598005, -0.7638282, 2.763849;0.5251645, -0.8298202, 3.021708;0.7340075, -0.8381689, 2.744508;
0.4932019, 0.7165835, 2.939856;0.5766786, 0.5338784, 2.93877;0.5912176, 0.1812682, 2.944762;0.4423769, 0.3879766, 3.03811;0.6564384, 0.3934315, 2.808002;0.3551731, -0.2279374, 2.937441;0.6524528, -0.1908465, 2.621391;0.592492, 0.1087749, 2.947869;0.5471681, 0.03258354, 2.995704;0.6420938, 0.04243846, 2.896863;0.5146478, -0.4188137, 2.978256;0.6800197, -0.3913057, 2.775101;0.5608251, -0.7490059, 3.026391;0.7590806, -0.765075, 2.763589;0.5248862, -0.829255, 3.021486;0.7335665, -0.8390152, 2.74501;
0.4919581, 0.7047361, 2.937025;0.5684202, 0.5199665, 2.929505;0.5924498, 0.1606838, 2.944829;0.437546, 0.3747167, 3.028437;0.6483328, 0.3786407, 2.801013;0.350711, -0.2495757, 2.936277;0.6525432, -0.198316, 2.619383;0.5968726, 0.08771686, 2.950997;0.5534415, 0.01717952, 3.001124;0.6483734, 0.02265038, 2.902148;0.513445, -0.4195547, 2.978687;0.6794921, -0.3969147, 2.774426;0.5603787, -0.7487622, 3.026366;0.7599334, -0.7676364, 2.762717;0.5247596, -0.828797, 3.020798;0.733355, -0.8392124, 2.744675;
0.4843638, 0.6698007, 2.925238;0.5503713, 0.4824992, 2.916465;0.5913311, 0.1401338, 2.945271;0.4278299, 0.3480594, 3.018694;0.642633, 0.3633621, 2.795732;0.3466119, -0.2726407, 2.928204;0.6494323, -0.2188213, 2.615087;0.5981538, 0.07033563, 2.953366;0.5566943, -0.002618132, 3.004355;0.651967, 0.01005684, 2.907212;0.512247, -0.4213711, 2.979179;0.6796924, -0.4017106, 2.770861;0.5591911, -0.7486724, 3.027036;0.7597406, -0.7681964, 2.762706;0.5248016, -0.8286486, 3.020703;0.7332343, -0.8396104, 2.744672;
0.4645653, 0.6451177, 2.915166;0.5430956, 0.4634112, 2.901377;0.5928747, 0.1173109, 2.944713;0.4232956, 0.3343028, 3.014642;0.6304405, 0.3357366, 2.784307;0.3423555, -0.2931291, 2.927404;0.6442569, -0.2725853, 2.597773;0.6024177, 0.04690849, 2.956414;0.5632467, -0.02253552, 3.009537;0.6584865, -0.01151571, 2.914603;0.5099875, -0.4288821, 2.98;0.6804472, -0.4091218, 2.764484;0.5571333, -0.7533537, 3.02601;0.7591428, -0.7685585, 2.762144;0.5244996, -0.8297503, 3.019892;0.7329972, -0.8399443, 2.744404;
0.4595998, 0.6224468, 2.906671;0.5338114, 0.4400527, 2.891085;0.5958213, 0.09495606, 2.942233;0.4185633, 0.2919211, 3.002876;0.6227901, 0.3152198, 2.777919;0.3409597, -0.3153369, 2.930449;0.645972, -0.2744656, 2.598419;0.6078764, 0.02535821, 2.955623;0.5723106, -0.04208953, 3.009365;0.6645165, -0.03111162, 2.916179;0.5053965, -0.43788, 2.981057;0.6784582, -0.4129403, 2.758272;0.5570307, -0.7549411, 3.026433;0.7583845, -0.7693525, 2.761415;0.5247129, -0.8304073, 3.019273;0.7336336, -0.8407574, 2.742706;
0.4485724, 0.5988832, 2.897707;0.522404, 0.4174797, 2.881582;0.5985214, 0.07658391, 2.940403;0.4146923, 0.2783377, 2.998841;0.6117819, 0.2858643, 2.772986;0.3397029, -0.3408902, 2.92956;0.6609792, -0.3313967, 2.592649;0.613246, 0.007347449, 2.955196;0.5828234, -0.06597162, 3.013329;0.6715633, -0.04743163, 2.914907;0.4959723, -0.4530715, 2.980822;0.6727993, -0.4273363, 2.747244;0.5561237, -0.7523979, 3.026905;0.758252, -0.769512, 2.761343;0.5262262, -0.8277243, 3.016764;0.732901, -0.8403803, 2.742294;
0.4441605, 0.5748102, 2.890275;0.5140661, 0.3871953, 2.869732;0.6039532, 0.05142871, 2.939586;0.4013243, 0.2289646, 2.998249;0.6063339, 0.255687, 2.765928;0.3334766, -0.3704855, 2.927538;0.6662813, -0.3414017, 2.603694;0.6215246, -0.01660496, 2.956597;0.5924284, -0.08454529, 3.016257;0.6835573, -0.07561249, 2.918801;0.491336, -0.4668274, 2.980178;0.6673354, -0.4362507, 2.740326;0.5562981, -0.7548357, 3.026883;0.757649, -0.7696406, 2.760885;0.5255476, -0.8302157, 3.017038;0.7325407, -0.8406085, 2.742709;
0.4170506, 0.5259728, 2.848136;0.5080788, 0.362863, 2.862978;0.6017289, 0.03771207, 2.940036;0.3981629, 0.2241247, 2.994797;0.6026778, 0.2347885, 2.760755;0.3346911, -0.3993353, 2.92703;0.6657907, -0.3614349, 2.597698;0.6200869, -0.02793181, 2.958184;0.5907045, -0.09383529, 3.018451;0.6834092, -0.08407262, 2.921318;0.4869158, -0.4743107, 2.979264;0.6620052, -0.439383, 2.731551;0.55175, -0.7678974, 3.025484;0.7568929, -0.7691609, 2.760944;0.5219862, -0.8388276, 3.018194;0.7315823, -0.8400038, 2.743315;
0.4138333, 0.4904847, 2.840409;0.5000634, 0.3211906, 2.850695;0.6015592, 0.02091748, 2.938247;0.3906252, 0.1933953, 2.980262;0.5989674, 0.2016198, 2.753966;0.3533773, -0.4364606, 2.924268;0.6674105, -0.4178352, 2.591441;0.6209601, -0.04067089, 2.957983;0.5924019, -0.1099624, 3.02176;0.6863091, -0.09378503, 2.921627;0.4794842, -0.4866831, 2.977171;0.6589171, -0.4472037, 2.723675;0.5479022, -0.7787126, 3.024271;0.7561122, -0.7704669, 2.760962;0.5173216, -0.849107, 3.017051;0.7314267, -0.8413309, 2.743311;
0.4068078, 0.4695429, 2.834113;0.493102, 0.2986034, 2.844071;0.6040569, -0.0379656, 2.951893;0.3852371, 0.1718778, 2.974725;0.5953157, 0.1781552, 2.746816;0.3271106, -0.4568299, 2.931924;0.6684783, -0.4199656, 2.590229;0.6268423, -0.1033506, 2.977481;0.6081836, -0.1607895, 3.032737;0.6849626, -0.1591502, 2.957473;0.463361, -0.5228449, 2.970701;0.6551155, -0.4694019, 2.704162;0.5356801, -0.8124061, 3.02127;0.7557097, -0.7715324, 2.761504;0.4960885, -0.8780876, 3.015482;0.7322567, -0.8421251, 2.741966;
0.3967063, 0.4317129, 2.824876;0.4833983, 0.2607225, 2.82868;0.6049851, -0.04466347, 2.948775;0.3825927, 0.1204902, 2.975443;0.5945319, 0.1498739, 2.742855;0.3085819, -0.4857264, 2.936637;0.6741115, -0.45823, 2.58745;0.62831, -0.1081762, 2.97518;0.6107614, -0.1679726, 3.031352;0.6873101, -0.1624661, 2.955538;0.4566513, -0.5245474, 2.969389;0.6538038, -0.4716345, 2.703759;0.5339372, -0.8122209, 3.019748;0.7553021, -0.7722651, 2.761679;0.4982065, -0.8800776, 3.021944;0.7321559, -0.8426296, 2.741701;
0.3922712, 0.4176024, 2.81979;0.4795778, 0.2458864, 2.822382;0.6040902, -0.06030815, 2.944226;0.3788278, 0.1091081, 2.975343;0.5904097, 0.1315967, 2.73824;0.3174986, -0.4903279, 2.932123;0.6743382, -0.4742864, 2.58909;0.6285393, -0.1213429, 2.971898;0.6122113, -0.1825069, 3.031221;0.689271, -0.174435, 2.952349;0.445646, -0.5315183, 2.966676;0.6558731, -0.4803919, 2.698699;0.5338464, -0.8141512, 3.020936;0.7542435, -0.7722541, 2.761432;0.4873715, -0.8736194, 3.008282;0.7323058, -0.8431534, 2.742763;
0.3879538, 0.4019086, 2.817422;0.4705907, 0.2172153, 2.816829;0.5930589, -0.0931386, 2.941041;0.3699345, 0.07569102, 2.968612;0.58312, 0.1049104, 2.734858;0.3553227, -0.5579534, 2.933356;0.6702825, -0.5073475, 2.584772;0.6174395, -0.155275, 2.96935;0.6000296, -0.2151042, 3.030526;0.6799956, -0.2070305, 2.950233;0.4292614, -0.5596262, 2.961401;0.6534974, -0.4997351, 2.682129;0.5212047, -0.8400747, 3.016425;0.7536287, -0.7722827, 2.761236;0.5197532, -0.7651963, 3.031334;0.7323939, -0.8432871, 2.742836;
0.3750884, 0.3413881, 2.806853;0.4658757, 0.1807751, 2.81418;0.5932499, -0.1112545, 2.940961;0.3663772, 0.05741996, 2.965759;0.5826052, 0.08633775, 2.732254;0.3190373, -0.5670644, 2.940852;0.6732519, -0.5223685, 2.586301;0.6183189, -0.1704918, 2.969594;0.6032481, -0.2347904, 3.034583;0.6822301, -0.2256044, 2.949735;0.4566907, -0.502983, 2.971577;0.6507953, -0.5151215, 2.678568;0.5471812, -0.7511754, 3.020012;0.7528594, -0.7723464, 2.761677;0.5211228, -0.8290917, 3.018463;0.7319694, -0.8433113, 2.743418;
0.3755108, 0.3378548, 2.806768;0.4672171, 0.1671802, 2.808822;0.5946754, -0.1251118, 2.93784;0.367088, 0.03039023, 2.961708;0.5799264, 0.06535876, 2.722945;0.3110778, -0.5737237, 2.94108;0.6804935, -0.547124, 2.587791;0.6199321, -0.183592, 2.967074;0.6052536, -0.2457477, 3.033447;0.6836355, -0.2360441, 2.947517;0.4556856, -0.5047417, 2.970261;0.647447, -0.5207264, 2.6716;0.5348848, -0.7443666, 3.016043;0.7526439, -0.7721326, 2.761517;0.5216239, -0.8286166, 3.018198;0.7319366, -0.8430764, 2.74356;
0.3712874, 0.3065788, 2.794609;0.4642671, 0.1365987, 2.801059;0.6093163, -0.1430172, 2.932093;0.3649784, 0.01099983, 2.95805;0.578304, 0.04660859, 2.716986;0.3199511, -0.5739713, 2.947966;0.6818713, -0.5566481, 2.590434;0.6390666, -0.2005497, 2.961268;0.6368421, -0.268722, 3.02563;0.7021727, -0.2466314, 2.943231;0.4532508, -0.5227363, 2.969582;0.6434905, -0.5240479, 2.665356;0.5154867, -0.7304578, 3.008757;0.7517057, -0.7723382, 2.760453;0.4726197, -0.7950478, 2.964124;0.7309166, -0.8436421, 2.744184;
0.3695037, 0.2896861, 2.783543;0.4611747, 0.117092, 2.795687;0.6022637, -0.1611969, 2.932831;0.3600067, -0.003730108, 2.954724;0.5731547, 0.01445569, 2.713136;0.3044098, -0.5568689, 2.975754;0.683951, -0.5784249, 2.588591;0.6309372, -0.2171566, 2.963449;0.6233143, -0.2807881, 3.03089;0.695163, -0.2665068, 2.946052;0.449416, -0.5278798, 2.968086;0.641538, -0.5304159, 2.653603;0.5385366, -0.7460598, 3.01401;0.7505455, -0.7746701, 2.76018;0.5168929, -0.8242477, 3.020402;0.7297475, -0.8461391, 2.745531;
0.3680415, 0.2680216, 2.781324;0.4574073, 0.09724078, 2.795744;0.6077706, -0.1703731, 2.929047;0.3541747, -0.03697873, 2.95131;0.57083, 0.001011624, 2.71258;0.3068645, -0.5838892, 2.965949;0.6234701, -0.6048489, 2.651074;0.637929, -0.2250921, 2.959;0.6338807, -0.2909584, 3.026467;0.7040583, -0.2717233, 2.940546;0.4506732, -0.5343886, 2.964912;0.6377895, -0.5321975, 2.647524;0.540836, -0.7483019, 3.013891;0.7484573, -0.7788801, 2.75665;0.5175292, -0.8244116, 3.019464;0.7284826, -0.8509601, 2.745202;
0.3663944, 0.2507723, 2.777787;0.4561418, 0.07374736, 2.795312;0.6119087, -0.1871974, 2.925254;0.352873, -0.04345644, 2.951233;0.569667, -0.02363645, 2.709203;0.3122173, -0.6534659, 2.954907;0.6800794, -0.6328217, 2.585463;0.6427952, -0.2396872, 2.954838;0.639599, -0.3032295, 3.023729;0.7097386, -0.2852219, 2.935305;0.4490572, -0.5384948, 2.962391;0.6321225, -0.5379943, 2.638088;0.54455, -0.7573082, 3.013794;0.745926, -0.7898315, 2.751462;0.51616, -0.8274612, 3.017035;0.7242771, -0.8621686, 2.745413;
0.3554459, 0.2115155, 2.769372;0.4540972, 0.06341043, 2.791658;0.6140989, -0.1970609, 2.922184;0.3522996, -0.08275266, 2.94954;0.5653343, -0.03605272, 2.707361;0.3168589, -0.6042411, 2.9431;0.6947848, -0.6848269, 2.571263;0.6459649, -0.2494383, 2.951771;0.6446394, -0.3148018, 3.021158;0.7125227, -0.2915903, 2.932257;0.4486403, -0.5379272, 2.957542;0.6269428, -0.538445, 2.63206;0.5421511, -0.7535651, 3.009495;0.7400235, -0.7992084, 2.740516;0.5160812, -0.824633, 3.013959;0.7221004, -0.8719568, 2.752205;
0.3568921, 0.2095161, 2.768337;0.4502654, 0.04552468, 2.786728;0.6171947, -0.2113497, 2.918491;0.3541746, -0.1004705, 2.947053;0.5647726, -0.04687972, 2.70829;0.3076068, -0.6824484, 2.953739;0.6960728, -0.7072499, 2.575623;0.650396, -0.2631113, 2.948225;0.6506431, -0.3298329, 3.017366;0.7170621, -0.3010026, 2.929019;0.450951, -0.5473281, 2.952873;0.6442639, -0.487617, 2.691437;0.5446955, -0.7304859, 2.997107;0.70363, -0.7370842, 2.634325;0.5147682, -0.8239077, 3.012784;0.7186847, -0.8080764, 2.707298;
0.3580939, 0.2076296, 2.766865;0.4489731, 0.03081394, 2.78178;0.6237208, -0.2275013, 2.917062;0.3542655, -0.09826636, 2.944906;0.5615465, -0.06238215, 2.707009;0.3425493, -0.6360373, 2.931997;0.636214, -0.6032807, 2.628772;0.65887, -0.2796531, 2.947569;0.6567242, -0.337177, 3.012638;0.7217233, -0.3118158, 2.930248;0.4447593, -0.626068, 2.976059;0.6444174, -0.4872124, 2.690598;0.5466528, -0.7536914, 3.006055;0.7018734, -0.7304358, 2.624542;0.5136878, -0.822109, 3.011879;0.7156363, -0.8068171, 2.692335;
0.355267, 0.1918154, 2.764073;0.4470213, 0.01621111, 2.780881;0.6250887, -0.2282418, 2.917377;0.3541996, -0.09890985, 2.943217;0.5619332, -0.07593826, 2.707813;0.3216297, -0.676327, 2.976504;0.64268, -0.6501405, 2.63731;0.6608396, -0.2794653, 2.948088;0.6616186, -0.3356022, 3.014592;0.7251253, -0.3120122, 2.930325;0.444259, -0.5487406, 2.941345;0.6186648, -0.5385535, 2.621597;0.5458419, -0.7545954, 3.006964;0.6868859, -0.8278749, 2.54994;0.5035499, -0.8180887, 3.007592;0.7048874, -0.8326541, 2.651464;
0.349294, 0.1550274, 2.758561;0.4434746, 0.007757526, 2.781828;0.6229472, -0.2336046, 2.917654;0.3538498, -0.1006055, 2.940813;0.5598903, -0.08375025, 2.706443;0.3117744, -0.7091137, 2.930346;0.6438669, -0.657885, 2.642785;0.6591434, -0.2830171, 2.948226;0.660585, -0.3384102, 3.015023;0.7238979, -0.3188028, 2.930107;0.4441157, -0.5491338, 2.941527;0.6425779, -0.4872568, 2.690498;0.5455175, -0.7540421, 3.006085;0.699649, -0.7359809, 2.628121;0.4997619, -0.819239, 3.006305;0.7120234, -0.811928, 2.697205;
0.3492432, 0.150868, 2.759365;0.4439713, 0.001685284, 2.778786;0.6218938, -0.2441652, 2.916919;0.3538541, -0.1024705, 2.939063;0.5580752, -0.09409745, 2.706339;0.3171351, -0.7116535, 2.937175;0.6425968, -0.6670774, 2.645251;0.6576011, -0.2937449, 2.948106;0.6591802, -0.3471262, 3.015268;0.7215441, -0.3322361, 2.929904;0.4406564, -0.5449045, 2.941799;0.6421703, -0.5088147, 2.690254;0.5439451, -0.7561012, 3.005652;0.7001113, -0.7395083, 2.631537;0.4895703, -0.8164487, 3.004483;0.7121683, -0.815222, 2.701221;
0.3491867, 0.1493357, 2.759129;0.4418525, -0.009444062, 2.781193;0.621877, -0.2494225, 2.917555;0.3545715, -0.1071345, 2.935811;0.5590839, -0.09847422, 2.706109;0.321355, -0.725608, 2.949548;0.6418755, -0.6595727, 2.637922;0.6578016, -0.2978808, 2.948443;0.6597466, -0.3511644, 3.015781;0.7223876, -0.3359146, 2.929778;0.4599914, -0.6289347, 2.966667;0.6425151, -0.5136482, 2.690539;0.5430861, -0.7579125, 3.006624;0.6996962, -0.7425817, 2.641425;0.4871776, -0.812412, 3.004653;0.7140109, -0.8174375, 2.711888;
0.349393, 0.1479509, 2.758977;0.4414572, -0.01302297, 2.780103;0.6208335, -0.2530347, 2.917337;0.3557262, -0.1089352, 2.933284;0.5602534, -0.1005031, 2.706836;0.3236811, -0.7266025, 2.948777;0.6415408, -0.6576191, 2.636338;0.6566774, -0.3012894, 2.94834;0.6584132, -0.355029, 3.016451;0.7218869, -0.3394362, 2.929413;0.455442, -0.6181026, 2.964334;0.5811746, -0.5153493, 2.602981;0.5413435, -0.7573242, 3.006059;0.6542134, -0.8051856, 2.561679;0.4844088, -0.8121158, 3.003801;0.688989, -0.8271061, 2.657034;
0.3502228, 0.1491446, 2.75978;0.4412513, -0.01327173, 2.779755;0.6206397, -0.2544913, 2.917164;0.355599, -0.1101509, 2.932714;0.5599382, -0.1017524, 2.706866;0.326465, -0.7213174, 2.945103;0.6423565, -0.6550798, 2.637301;0.6565129, -0.3030609, 2.948217;0.6581361, -0.3567089, 3.016038;0.7217404, -0.3407734, 2.929367;0.4423535, -0.5617409, 2.947664;0.5798203, -0.5126138, 2.601367;0.5406765, -0.7575789, 3.005989;0.6636283, -0.7989154, 2.557169;0.4836037, -0.8113149, 3.003051;0.6930014, -0.8241029, 2.653688;
0.351004, 0.1476544, 2.757867;0.4415208, -0.01408197, 2.779844;0.6212222, -0.2548034, 2.917751;0.3558576, -0.1106452, 2.931953;0.5597621, -0.1031656, 2.706977;0.3415125, -0.6978868, 2.94491;0.6424536, -0.6549066, 2.637187;0.6571963, -0.303232, 2.948922;0.6589396, -0.3565215, 3.016811;0.7225674, -0.3409253, 2.930197;0.4441467, -0.604152, 2.963628;0.5809281, -0.5105817, 2.601722;0.5397086, -0.7675051, 3.007831;0.664063, -0.7965194, 2.557044;0.4871268, -0.8233601, 3.0018;0.69314, -0.8230519, 2.653421;
0.3520601, 0.1455967, 2.756096;0.4421516, -0.01384337, 2.779852;0.6211599, -0.255033, 2.917772;0.3561085, -0.1107227, 2.93187;0.5599558, -0.1035584, 2.706779;0.2984616, -0.7234654, 2.978314;0.7057694, -0.7635495, 2.583366;0.6569939, -0.3036006, 2.948971;0.6584514, -0.3571869, 3.017136;0.7223524, -0.3415472, 2.930132;0.4624543, -0.6235458, 2.972268;0.5815552, -0.5102209, 2.601695;0.5397105, -0.770725, 3.009485;0.6644692, -0.79557, 2.556299;0.4916956, -0.8308921, 3.006685;0.6932669, -0.8224915, 2.65277;
0.3524721, 0.1466183, 2.755725;0.44308, -0.01316489, 2.779736;0.621673, -0.2560855, 2.917392;0.3562716, -0.1100709, 2.932424;0.5600637, -0.1028912, 2.706131;0.2911095, -0.6513374, 2.972253;0.6966607, -0.7062103, 2.600666;0.6575041, -0.3052392, 2.94842;0.658556, -0.3592627, 3.014642;0.7223086, -0.3421833, 2.930017;0.4267944, -0.6358839, 2.987847;0.5804457, -0.5098309, 2.602401;0.5406487, -0.770627, 3.00985;0.6629082, -0.7946221, 2.556206;0.4921874, -0.8304827, 3.005875;0.6917301, -0.8211722, 2.652902;
0.3578197, 0.1522942, 2.753495;0.4463797, -0.008124668, 2.780095;0.6216967, -0.2560651, 2.917337;0.3559375, -0.1090013, 2.933311;0.5619811, -0.09999729, 2.705001;0.2931085, -0.6502396, 2.972795;0.6960877, -0.7044788, 2.598461;0.6574585, -0.3053035, 2.948367;0.65789, -0.3597712, 3.014406;0.7222589, -0.3423189, 2.930075;0.3342752, -0.582926, 3.024176;0.5803268, -0.5093292, 2.602871;0.553655, -0.7823769, 3.010233;0.6625819, -0.7938522, 2.556534;0.4966168, -0.8343756, 3.008162;0.6913254, -0.8205667, 2.653345;
0.3599943, 0.1561003, 2.755373;0.4507169, -0.00197545, 2.780732;0.6222315, -0.2563761, 2.916955;0.3573314, -0.1123926, 2.932746;0.5629199, -0.09808677, 2.704769;0.3201046, -0.660517, 2.958966;0.6978539, -0.6955545, 2.596953;0.6578681, -0.3063768, 2.947703;0.6571352, -0.363221, 3.012493;0.722634, -0.3429616, 2.929418;0.436773, -0.5668347, 2.95575;0.5840673, -0.5228214, 2.607965;0.5285598, -0.759519, 3.008865;0.7055738, -0.7603402, 2.648391;0.5003866, -0.8313895, 3.006165;0.6917402, -0.6877947, 2.62576;
0.3626713, 0.1622334, 2.759116;0.4546811, 0.006082678, 2.778854;0.622376, -0.2550665, 2.91601;0.358055, -0.1139045, 2.933666;0.5643712, -0.0921436, 2.702943;0.3266271, -0.7154619, 2.942644;0.6955829, -0.6920185, 2.596954;0.6575605, -0.3057895, 2.946902;0.6568608, -0.3633466, 3.012282;0.7222576, -0.3427291, 2.928363;0.4394855, -0.5598181, 2.953861;0.5896863, -0.5295127, 2.608577;0.5206038, -0.7514394, 3.003696;0.7092257, -0.7648201, 2.648347;0.5090709, -0.8273541, 3.012233;0.6913006, -0.6923385, 2.628497;
0.3704659, 0.1766852, 2.761389;0.4557136, 0.01224876, 2.779329;0.6218773, -0.2498331, 2.916205;0.3582565, -0.1132249, 2.934889;0.5672272, -0.08425605, 2.701982;0.3575845, -0.6696931, 2.945842;0.69521, -0.6746454, 2.579236;0.656343, -0.301495, 2.947005;0.6555368, -0.3613192, 3.012855;0.7215637, -0.3396834, 2.928563;0.4596745, -0.6228461, 2.971554;0.6019142, -0.536286, 2.610814;0.5434127, -0.7674173, 3.013715;0.7441975, -0.8047907, 2.754853;0.5045895, -0.8340815, 3.008957;0.710934, -0.8695689, 2.728944;
0.3727494, 0.1901248, 2.76909;0.4581414, 0.023544, 2.781549;0.6219026, -0.2406191, 2.916859;0.3580113, -0.1074708, 2.939088;0.570133, -0.07367723, 2.701057;0.3465871, -0.6873313, 2.919861;0.6949694, -0.6735103, 2.579076;0.6554585, -0.2931897, 2.947353;0.6541839, -0.3559928, 3.01483;0.7217444, -0.3344959, 2.928297;0.459381, -0.6229306, 2.972882;0.6095142, -0.5402589, 2.613744;0.5422441, -0.7626854, 3.011961;0.7451557, -0.8053334, 2.756728;0.5079111, -0.8319834, 3.013064;0.7146847, -0.8725041, 2.733451;
0.3823815, 0.2219102, 2.776112;0.4627155, 0.04378752, 2.785158;0.6214545, -0.2309795, 2.91807;0.3627024, -0.08720858, 2.941315;0.5717337, -0.06094456, 2.702492;0.3044418, -0.6462977, 2.92344;0.694289, -0.6663033, 2.575738;0.6540759, -0.2852451, 2.948204;0.6516575, -0.3467678, 3.016577;0.7198737, -0.3290161, 2.928322;0.441581, -0.5445188, 2.957831;0.6149848, -0.541959, 2.616187;0.5433631, -0.7620939, 3.013117;0.7455132, -0.8010781, 2.754215;0.5083706, -0.8311068, 3.012779;0.7161155, -0.8705741, 2.737085;
0.3820272, 0.2302388, 2.779258;0.4661041, 0.05751395, 2.787769;0.6223521, -0.2182423, 2.920992;0.3653839, -0.0683711, 2.943308;0.5751317, -0.04293344, 2.702823;0.3336103, -0.6347587, 2.906974;0.6736476, -0.6374171, 2.582243;0.6540593, -0.273352, 2.951018;0.6493793, -0.3337443, 3.017713;0.7193366, -0.3164004, 2.932302;0.4413227, -0.5445559, 2.958537;0.6211718, -0.5381474, 2.625697;0.5456003, -0.7623022, 3.013673;0.7452487, -0.798262, 2.754787;0.5104334, -0.8312439, 3.012186;0.7160962, -0.8672093, 2.735082;
0.3862275, 0.2560869, 2.78895;0.4716178, 0.08221789, 2.790075;0.6204048, -0.1925059, 2.923425;0.3659982, -0.04686653, 2.947011;0.5777023, -0.01827245, 2.703384;0.3019889, -0.5816544, 2.919199;0.6917326, -0.6094283, 2.590707;0.6502314, -0.2471606, 2.953493;0.6438996, -0.3100766, 3.022748;0.7164871, -0.2969774, 2.933501;0.4420156, -0.5440981, 2.96056;0.6285194, -0.5331442, 2.636407;0.5455094, -0.7591131, 3.013345;0.7458078, -0.7878048, 2.753562;0.5129811, -0.8293917, 3.013359;0.7212638, -0.859937, 2.739716;
0.3909398, 0.2733203, 2.792289;0.4728712, 0.09638999, 2.790281;0.6203012, -0.1847398, 2.925614;0.3657646, -0.02274483, 2.947464;0.5805474, -0.0008259793, 2.703607;0.3296831, -0.5830336, 2.911538;0.6850284, -0.5876236, 2.59132;0.649913, -0.2405605, 2.955903;0.6418986, -0.3018338, 3.02367;0.7156546, -0.2864765, 2.938448;0.4031029, -0.5898873, 2.954782;0.6329075, -0.5264139, 2.644287;0.52328, -0.8416753, 3.018235;0.7457358, -0.7829826, 2.753752;0.4945621, -0.773974, 2.994782;0.7231966, -0.8557125, 2.74108;
0.3983237, 0.2978297, 2.794344;0.4840794, 0.1406671, 2.796241;0.6244467, -0.1557538, 2.930147;0.3781658, 0.01126035, 2.943251;0.5834277, 0.03922859, 2.702326;0.316014, -0.5820889, 2.928767;0.693243, -0.5347791, 2.588818;0.6528153, -0.2147689, 2.960232;0.6421291, -0.2744638, 3.025651;0.7167722, -0.2610115, 2.942134;0.4169518, -0.5733058, 2.962904;0.6434826, -0.5186722, 2.662565;0.5309297, -0.8299644, 3.018751;0.7463112, -0.7807165, 2.754684;0.4595425, -0.814826, 2.994385;0.7250523, -0.8539786, 2.744698;
0.4062337, 0.347636, 2.809315;0.4826362, 0.1600081, 2.797806;0.6137995, -0.1418798, 2.937598;0.3774098, 0.03072589, 2.945764;0.5846273, 0.05289779, 2.706;0.3605073, -0.5729336, 2.92961;0.6931739, -0.5281901, 2.591315;0.6395476, -0.2015162, 2.969309;0.6213267, -0.2556799, 3.033825;0.7010287, -0.2500153, 2.953449;0.4166337, -0.566562, 2.963953;0.655193, -0.51354, 2.674826;0.5186206, -0.8301911, 3.011367;0.746879, -0.7788663, 2.755255;0.4721761, -0.8935796, 2.966971;0.726264, -0.8518636, 2.743765;
0.4111294, 0.3626468, 2.811046;0.4828864, 0.1930833, 2.803635;0.6077576, -0.1226827, 2.940667;0.3823327, 0.06631497, 2.946984;0.5884042, 0.08000845, 2.710162;0.3308897, -0.556137, 2.912175;0.6912303, -0.5042393, 2.594863;0.6330572, -0.1853243, 2.97166;0.6158664, -0.2411231, 3.035022;0.6945535, -0.2390257, 2.954615;0.4270526, -0.5611519, 2.967405;0.6622941, -0.508965, 2.681885;0.521584, -0.8274099, 3.013354;0.747524, -0.7783031, 2.756013;0.5146426, -0.8268467, 3.089532;0.7277119, -0.8507206, 2.741354;
0.4173515, 0.3983147, 2.818871;0.4909158, 0.2314426, 2.805725;0.6066533, -0.09707028, 2.946143;0.3849791, 0.08559325, 2.946938;0.5882267, 0.1046829, 2.71552;0.3467149, -0.502898, 2.923074;0.688258, -0.4572436, 2.594824;0.630316, -0.1623349, 2.977453;0.6109872, -0.212919, 3.037959;0.6880496, -0.2139054, 2.961769;0.4434287, -0.5431212, 2.967958;0.6660014, -0.4908721, 2.696849;0.5208343, -0.8152993, 3.01048;0.7479435, -0.7768165, 2.757137;0.4726178, -0.8755231, 2.964579;0.7289265, -0.8493157, 2.742833;
0.4233869, 0.4220289, 2.825147;0.4947864, 0.2518133, 2.808172;0.6071906, -0.06021413, 2.949022;0.3858233, 0.1219419, 2.948325;0.5915713, 0.132661, 2.719353;0.3533048, -0.4568833, 2.933412;0.6897613, -0.4322125, 2.592731;0.6294523, -0.1222666, 2.980503;0.609612, -0.1859894, 3.039217;0.68756, -0.171506, 2.966758;0.4565985, -0.522595, 2.971587;0.6683339, -0.4760325, 2.707909;0.5299931, -0.7953536, 3.014459;0.7475251, -0.7700982, 2.757834;0.5087526, -0.8679146, 3.023591;0.7294962, -0.8426337, 2.743232;
0.4341508, 0.4499955, 2.829036;0.5023636, 0.2859012, 2.813336;0.6086831, -0.04907668, 2.94974;0.3928096, 0.1647817, 2.952524;0.5970769, 0.1632283, 2.720696;0.34527, -0.4344214, 2.931284;0.6895908, -0.4054968, 2.596073;0.6303208, -0.1144549, 2.980764;0.6098052, -0.1719889, 3.03855;0.6879193, -0.1658491, 2.966714;0.4654663, -0.5116769, 2.972726;0.6720219, -0.4585661, 2.716692;0.5314881, -0.7861451, 3.014818;0.747637, -0.7701743, 2.757863;0.5055985, -0.8571119, 3.023464;0.7297812, -0.8426137, 2.743199;
0.4350634, 0.4868315, 2.833085;0.5086758, 0.3264458, 2.821434;0.6101806, -0.01721209, 2.946352;0.394943, 0.1871809, 2.953592;0.5996276, 0.1914385, 2.729673;0.3423357, -0.4048333, 2.930047;0.690151, -0.3562251, 2.603499;0.630692, -0.08617607, 2.975286;0.6087894, -0.143966, 3.031888;0.6871896, -0.142232, 2.958795;0.4767788, -0.4890872, 2.976164;0.6735656, -0.4512733, 2.720225;0.5398974, -0.7639856, 3.017992;0.7484225, -0.7701583, 2.757904;0.5150645, -0.8357068, 3.020018;0.7303495, -0.8425099, 2.743645;
0.4425303, 0.516345, 2.842117;0.5157733, 0.3573083, 2.835608;0.6115183, 0.01753595, 2.947694;0.4028185, 0.2343271, 2.957659;0.6082218, 0.2258335, 2.736256;0.3470833, -0.3520815, 2.935406;0.6917169, -0.3464106, 2.607113;0.6307002, -0.04948984, 2.973528;0.6054013, -0.1149496, 3.03078;0.6893682, -0.101201, 2.951402;0.4891898, -0.468002, 2.977357;0.6769036, -0.4423271, 2.727847;0.5465928, -0.74896, 3.01981;0.7509565, -0.7720158, 2.758062;0.5192864, -0.8258095, 3.017728;0.7310016, -0.8435038, 2.742673;
0.4626766, 0.5558013, 2.869358;0.5277563, 0.3917498, 2.852023;0.6114419, 0.02960725, 2.947917;0.4058788, 0.2447269, 2.966189;0.6078448, 0.2473603, 2.739084;0.3453831, -0.3425463, 2.933021;0.6906147, -0.3145347, 2.614534;0.629465, -0.04061024, 2.972182;0.6031072, -0.1019344, 3.027577;0.6865486, -0.0950603, 2.948793;0.5006468, -0.4624313, 2.978969;0.6828004, -0.4351527, 2.739053;0.548828, -0.753022, 3.021309;0.7511033, -0.7719294, 2.75806;0.5181893, -0.829401, 3.014775;0.73189, -0.8434147, 2.74237;
0.4756214, 0.5867018, 2.877633;0.5339682, 0.4208946, 2.862521;0.6078353, 0.05992785, 2.947252;0.4122803, 0.2842299, 2.976336;0.6124349, 0.287723, 2.748962;0.3538436, -0.3022632, 2.930784;0.6884546, -0.2956791, 2.612924;0.6230357, -0.01223839, 2.968063;0.5940126, -0.07525833, 3.021588;0.6774315, -0.06808911, 2.940663;0.5082863, -0.4558511, 2.981372;0.6880376, -0.4276977, 2.750538;0.5489336, -0.7484035, 3.021712;0.7526414, -0.7635982, 2.758472;0.5188519, -0.8286469, 3.013924;0.7322115, -0.8369416, 2.745493;
0.5015066, 0.6232404, 2.898091;0.5473486, 0.4507651, 2.869933;0.6109833, 0.07439337, 2.94483;0.415878, 0.2949753, 2.977938;0.6154148, 0.3070977, 2.754724;0.3628182, -0.2875496, 2.938508;0.6855644, -0.2663544, 2.618229;0.6246841, 0.0003080596, 2.964149;0.594662, -0.06417654, 3.017368;0.6777128, -0.05646354, 2.934466;0.5147197, -0.4461409, 2.981983;0.6943284, -0.4194207, 2.760998;0.5500978, -0.7471566, 3.021585;0.7532283, -0.7644859, 2.758856;0.5188781, -0.8285812, 3.013601;0.7337385, -0.8363386, 2.744391;
0.503315, 0.6545166, 2.906074;0.5573066, 0.4858672, 2.8781;0.6082634, 0.1033277, 2.937777;0.4242236, 0.3383813, 2.97779;0.6249148, 0.3437862, 2.763594;0.368012, -0.2673899, 2.936464;0.6838703, -0.2450944, 2.625087;0.6188505, 0.02799579, 2.953416;0.5829489, -0.03277845, 3.002639;0.6709725, -0.03049678, 2.919978;0.5205188, -0.4383194, 2.981004;0.6994398, -0.4163789, 2.767046;0.5542419, -0.7529215, 3.020437;0.7538009, -0.7649836, 2.759075;0.5189811, -0.8298372, 3.013096;0.7338299, -0.8369184, 2.744668;
0.5172676, 0.6725261, 2.917298;0.5639005, 0.5011678, 2.884994;0.6084149, 0.1235472, 2.934348;0.426972, 0.3493117, 2.981922;0.6299592, 0.3607052, 2.767394;0.3699369, -0.2485155, 2.937767;0.6831389, -0.2376516, 2.626922;0.6173297, 0.04883645, 2.947453;0.5786227, -0.01853761, 3.001294;0.6716135, -0.01315836, 2.907075;0.5280629, -0.4255828, 2.983862;0.7065548, -0.4038418, 2.774565;0.5567989, -0.750473, 3.020661;0.7551898, -0.7656115, 2.760061;0.5199962, -0.8290028, 3.012684;0.7341716, -0.8375025, 2.744946;
0.5458876, 0.6957703, 2.933862;0.5726317, 0.5203604, 2.89542;0.6067382, 0.1415112, 2.933281;0.4320223, 0.3731259, 2.99044;0.6363589, 0.3822585, 2.770629;0.3647802, -0.2321164, 2.939349;0.6832678, -0.1976628, 2.638385;0.6137347, 0.06676655, 2.944393;0.5721167, -0.0007959055, 2.999079;0.6678567, 0.001662285, 2.900446;0.5306909, -0.4222629, 2.984128;0.7096505, -0.4007432, 2.777563;0.5582094, -0.7499782, 3.021421;0.7551544, -0.7640665, 2.761199;0.5217661, -0.8271372, 3.016055;0.7341884, -0.8372928, 2.743753;
0.5568087, 0.7265203, 2.953529;0.5875081, 0.5515732, 2.907179;0.6058953, 0.1667807, 2.929904;0.4394269, 0.3948541, 3.002177;0.6423432, 0.4018637, 2.779016;0.369935, -0.2022205, 2.940314;0.6844804, -0.1787647, 2.643314;0.6101275, 0.09103201, 2.938285;0.5665767, 0.02541377, 2.990584;0.6608673, 0.02442801, 2.891286;0.5383359, -0.4116645, 2.986734;0.7162108, -0.3934273, 2.785054;0.5652092, -0.7470368, 3.024673;0.7563193, -0.7641727, 2.76155;0.5232154, -0.825651, 3.016995;0.7341199, -0.8372784, 2.743667;
0.5652859, 0.7428327, 2.956029;0.5943382, 0.5673852, 2.921764;0.6065331, 0.1754708, 2.930363;0.447164, 0.4165599, 3.002656;0.6535591, 0.4207198, 2.78443;0.369378, -0.2089747, 2.941142;0.6861552, -0.1690719, 2.646751;0.6098342, 0.09841628, 2.936936;0.5651982, 0.03250248, 2.98783;0.6601933, 0.03082419, 2.888448;0.5436767, -0.4087759, 2.989241;0.7185355, -0.3893262, 2.789045;0.5663733, -0.7466476, 3.025936;0.7589643, -0.7656796, 2.762023;0.5237659, -0.8262695, 3.01762;0.7341868, -0.8373094, 2.743673;
0.5806679, 0.7542275, 2.964646;0.5995458, 0.5770224, 2.926651;0.607321, 0.1823889, 2.929263;0.4508285, 0.4253146, 3.005081;0.6594318, 0.4329297, 2.789239;0.3758262, -0.1754686, 2.947413;0.6877449, -0.1548207, 2.650632;0.6096625, 0.1045637, 2.934386;0.5637335, 0.03682838, 2.984414;0.6596879, 0.04047679, 2.883461;0.5547812, -0.4007551, 2.993491;0.7217064, -0.3876509, 2.793108;0.567668, -0.7456672, 3.026669;0.7623881, -0.7662616, 2.764968;0.5238352, -0.8264586, 3.017386;0.7347683, -0.8375678, 2.744239;
0.5869126, 0.7680838, 2.979172;0.6079318, 0.5908049, 2.939239;0.605438, 0.1976345, 2.928516;0.4554732, 0.435667, 3.010074;0.6641058, 0.4454576, 2.794985;0.382455, -0.160497, 2.94913;0.6885841, -0.1448507, 2.652651;0.6052669, 0.1207616, 2.930405;0.5576168, 0.05003377, 2.978731;0.652723, 0.05688236, 2.875967;0.556368, -0.3976416, 2.994346;0.7256489, -0.3820987, 2.797713;0.5692393, -0.7460082, 3.028766;0.7636088, -0.7669539, 2.765775;0.5255053, -0.8230736, 3.017814;0.7350944, -0.8375559, 2.744247;
0.5934168, 0.7769545, 2.98197;0.6160944, 0.599727, 2.94778;0.6048189, 0.2063195, 2.926883;0.4632576, 0.4440663, 3.013401;0.6743222, 0.4574329, 2.799436;0.3838043, -0.1563954, 2.948285;0.6880026, -0.1468147, 2.654208;0.6030198, 0.1294597, 2.926676;0.5537125, 0.05588176, 2.975777;0.6493137, 0.06417979, 2.867385;0.5590156, -0.3948632, 2.995988;0.7276894, -0.3820782, 2.799736;0.5694497, -0.7455155, 3.029855;0.7672082, -0.7625432, 2.767566;0.5274856, -0.82427, 3.020133;0.7352898, -0.8374897, 2.744335;
0.6295221, 0.7837765, 2.999631;0.6244009, 0.6049296, 2.951372;0.6040214, 0.2129, 2.923262;0.4673434, 0.4494131, 3.016068;0.6826437, 0.4632672, 2.80371;0.3864968, -0.151784, 2.947011;0.6875013, -0.1440657, 2.654402;0.6001329, 0.1365964, 2.920798;0.5473791, 0.06281603, 2.966518;0.6448581, 0.07144675, 2.859908;0.56026, -0.3926892, 2.997114;0.7280378, -0.3808533, 2.801079;0.5700531, -0.7448187, 3.030823;0.7724524, -0.755959, 2.770276;0.5274042, -0.8244893, 3.019391;0.7360253, -0.8367875, 2.744375;
0.633326, 0.7886604, 3.003765;0.6331396, 0.609435, 2.956499;0.6039737, 0.2157258, 2.92148;0.4721155, 0.4549139, 3.018624;0.6863768, 0.4671086, 2.806762;0.3839133, -0.1720546, 2.94815;0.6882089, -0.1383168, 2.6545;0.5989504, 0.1392002, 2.917865;0.5453097, 0.06401188, 2.964495;0.6422275, 0.07387541, 2.852877;0.5606278, -0.3918333, 2.997273;0.7283254, -0.3806889, 2.801569;0.570904, -0.7448098, 3.032123;0.7724904, -0.7559107, 2.770278;0.5275738, -0.824497, 3.019146;0.7359632, -0.8370663, 2.74444;
0.6328256, 0.7903072, 3.005949;0.6391782, 0.6108521, 2.961543;0.6038382, 0.2193906, 2.920529;0.4751036, 0.4574346, 3.023626;0.6933256, 0.4692962, 2.811688;0.385044, -0.1735727, 2.94975;0.6876469, -0.1403375, 2.653905;0.5975918, 0.1432023, 2.91581;0.5424584, 0.06656155, 2.962199;0.6402862, 0.07647971, 2.849641;0.560858, -0.3912889, 2.996754;0.7269125, -0.3808185, 2.801681;0.5713788, -0.744821, 3.033454;0.7729411, -0.7550669, 2.770161;0.5286789, -0.8227935, 3.020431;0.7360615, -0.8367766, 2.744323;
0.6327009, 0.7912742, 3.008773;0.6449904, 0.6118455, 2.965344;0.6037071, 0.2204592, 2.919426;0.4792101, 0.4591984, 3.02786;0.6954488, 0.4704053, 2.814593;0.3854678, -0.173339, 2.949322;0.6882128, -0.1388314, 2.654378;0.5964438, 0.144296, 2.913504;0.5401943, 0.06770666, 2.958088;0.6375117, 0.078013, 2.84626;0.5601221, -0.3906055, 2.995908;0.7240299, -0.3792115, 2.800671;0.5713797, -0.7448658, 3.033506;0.7724702, -0.7547231, 2.769763;0.5278484, -0.8237177, 3.019192;0.7360843, -0.8367724, 2.744304;
0.6353563, 0.7911438, 3.01374;0.6469103, 0.6114706, 2.967216;0.6029085, 0.2208031, 2.9187;0.4826123, 0.4596885, 3.030713;0.6974791, 0.4697532, 2.816585;0.3871385, -0.1742215, 2.949907;0.6914856, -0.1286922, 2.656485;0.5943484, 0.1445107, 2.911785;0.5371331, 0.06747019, 2.956455;0.633499, 0.07748742, 2.842364;0.5598861, -0.3909802, 2.9948;0.7224452, -0.3789036, 2.800505;0.5714111, -0.7448406, 3.03355;0.7720072, -0.7542903, 2.76915;0.5275226, -0.8243919, 3.019226;0.7367728, -0.8357939, 2.743399;
0.6374885, 0.7904423, 3.016064;0.6534823, 0.6107926, 2.971876;0.6028059, 0.2209758, 2.918498;0.4851874, 0.4596771, 3.032746;0.7027324, 0.4700015, 2.819706;0.3873385, -0.1743241, 2.948974;0.6960431, -0.1245172, 2.657773;0.5935907, 0.1446746, 2.911022;0.534951, 0.06751915, 2.955089;0.6324309, 0.0774153, 2.841115;0.5596298, -0.3905905, 2.994157;0.7212442, -0.3792095, 2.800225;0.5715355, -0.7446917, 3.033974;0.7722828, -0.754132, 2.769442;0.5284768, -0.8229863, 3.020014;0.7369519, -0.8358343, 2.74375;
0.6391595, 0.7893638, 3.018529;0.6562688, 0.6095521, 2.974715;0.6025461, 0.2211734, 2.918099;0.4885008, 0.4592378, 3.037928;0.7036618, 0.4688507, 2.821223;0.3879004, -0.174709, 2.948269;0.6968964, -0.1236147, 2.658078;0.5925314, 0.1449412, 2.909833;0.5333077, 0.06775342, 2.953413;0.6305639, 0.07799645, 2.839182;0.5588638, -0.3905699, 2.992902;0.7200597, -0.3788899, 2.799471;0.5715321, -0.7446863, 3.033989;0.7718331, -0.7536845, 2.769215;0.5298553, -0.8239663, 3.020739;0.7375337, -0.8356282, 2.743806;
0.6489051, 0.788533, 3.031983;0.6589703, 0.608506, 2.976236;0.6025301, 0.221243, 2.917971;0.491985, 0.4593579, 3.038477;0.706955, 0.4697208, 2.824362;0.387713, -0.174444, 2.947793;0.6979291, -0.1232598, 2.659188;0.5921934, 0.1450195, 2.909429;0.5328273, 0.06777939, 2.953027;0.6296692, 0.07787555, 2.838293;0.5582453, -0.3906997, 2.992115;0.7183017, -0.3783939, 2.798548;0.571541, -0.7446731, 3.034008;0.7718104, -0.7537585, 2.769336;0.5304459, -0.8249694, 3.021986;0.7377064, -0.8356035, 2.744016;
0.6501728, 0.7872826, 3.032263;0.659825, 0.6068802, 2.977783;0.6025642, 0.221266, 2.917827;0.49368, 0.4590777, 3.03876;0.7104704, 0.4693801, 2.826131;0.3936847, -0.1398381, 2.951276;0.698257, -0.1233371, 2.659235;0.5920883, 0.1450889, 2.909011;0.5324773, 0.06776451, 2.95244;0.629611, 0.07778829, 2.837516;0.5578075, -0.390865, 2.991339;0.7181622, -0.3784406, 2.798587;0.5715603, -0.7445222, 3.033847;0.7714413, -0.7531022, 2.769246;0.5305936, -0.8225437, 3.021016;0.7376316, -0.835696, 2.744209;
0.652222, 0.7865033, 3.033752;0.6612446, 0.6058059, 2.979423;0.6024061, 0.221524, 2.917848;0.4947931, 0.4590155, 3.038597;0.7134088, 0.4690362, 2.829699;0.3942208, -0.1388649, 2.954237;0.6995272, -0.1225898, 2.659417;0.5914907, 0.1455981, 2.908866;0.5311143, 0.06842965, 2.952116;0.6289767, 0.07825071, 2.837286;0.556766, -0.3908151, 2.990749;0.717676, -0.3787245, 2.798329;0.5714222, -0.7446496, 3.033755;0.7701358, -0.7533641, 2.768446;0.5304527, -0.8239516, 3.022208;0.7371953, -0.836279, 2.744382;
0.6522091, 0.7862008, 3.032386;0.6620097, 0.605122, 2.980716;0.6024103, 0.2215404, 2.91784;0.4962222, 0.4585116, 3.038705;0.7157685, 0.4694289, 2.830963;0.3943218, -0.1389255, 2.954373;0.6977185, -0.1417637, 2.655512;0.5913843, 0.1456303, 2.908692;0.5307458, 0.06840442, 2.951746;0.6289046, 0.07822914, 2.836969;0.5565859, -0.3906994, 2.990471;0.717126, -0.3787951, 2.798285;0.5714145, -0.7444939, 3.034242;0.7697945, -0.7530282, 2.768326;0.5302722, -0.8248748, 3.0228;0.7372503, -0.836275, 2.744344;
0.6520459, 0.7864873, 3.032088;0.6624765, 0.6051629, 2.981094;0.6022993, 0.2219005, 2.917717;0.4963912, 0.4583106, 3.041179;0.7165483, 0.4705485, 2.833243;0.3955222, -0.1365285, 2.961269;0.7007539, -0.1229101, 2.659441;0.5910123, 0.1460802, 2.908412;0.5299315, 0.06857287, 2.951556;0.6285822, 0.07857388, 2.836384;0.5563335, -0.3909177, 2.990596;0.7166761, -0.3788206, 2.798191;0.5718331, -0.7447356, 3.034529;0.7698929, -0.7532126, 2.768279;0.5301365, -0.8236354, 3.02276;0.7372425, -0.8360828, 2.744194;
0.6521901, 0.7866323, 3.031892;0.6634502, 0.6050426, 2.982364;0.602238, 0.2227008, 2.917822;0.4959081, 0.4585608, 3.042698;0.7179762, 0.471182, 2.83445;0.3956607, -0.1363344, 2.961966;0.7028355, -0.1223507, 2.660254;0.5906585, 0.1470833, 2.908349;0.5287653, 0.06958703, 2.950994;0.6284947, 0.07951057, 2.836458;0.5558932, -0.3911857, 2.990375;0.7164382, -0.3787647, 2.798145;0.5716711, -0.7446602, 3.034644;0.7686468, -0.7557199, 2.767114;0.5303167, -0.8244705, 3.023303;0.7371804, -0.8362995, 2.744301;
0.6522126, 0.7865446, 3.0324;0.6641243, 0.6047751, 2.982402;0.602209, 0.222847, 2.9178;0.4957875, 0.4585458, 3.043383;0.7195925, 0.469121, 2.835079;0.3950747, -0.1345975, 2.965393;0.7043099, -0.1220621, 2.660456;0.5904759, 0.1472904, 2.908293;0.5279555, 0.06975845, 2.950793;0.6284583, 0.07960483, 2.836479;0.5557141, -0.3916334, 2.990252;0.7161667, -0.379028, 2.798032;0.5718065, -0.7446907, 3.034378;0.7682481, -0.7568361, 2.766495;0.5313497, -0.8197534, 3.018793;0.7372479, -0.8363652, 2.744535;
0.6548366, 0.7866505, 3.037669;0.6641271, 0.6048049, 2.982596;0.602152, 0.2230784, 2.91785;0.4954717, 0.4588121, 3.044256;0.7193864, 0.4688736, 2.835404;0.3953665, -0.1349329, 2.967531;0.7060282, -0.1217811, 2.661129;0.5903606, 0.1475062, 2.908309;0.5277843, 0.06975146, 2.950918;0.6284057, 0.07973534, 2.836339;0.5556048, -0.3917107, 2.990184;0.7160507, -0.3789521, 2.797972;0.5717708, -0.7446519, 3.034441;0.7684712, -0.7545463, 2.765875;0.5311967, -0.8207163, 3.019022;0.7372068, -0.8362817, 2.744407;
0.6555147, 0.7865333, 3.03833;0.6638932, 0.6044286, 2.982975;0.6020456, 0.2231437, 2.917933;0.495983, 0.4591697, 3.045792;0.7193951, 0.4691258, 2.836196;0.3954724, -0.1349542, 2.967508;0.707571, -0.1215406, 2.661599;0.5902011, 0.147594, 2.908374;0.5276593, 0.06975416, 2.95101;0.6282663, 0.07975823, 2.836347;0.5553324, -0.3919652, 2.990156;0.7156364, -0.3787855, 2.798118;0.5718265, -0.7446635, 3.034474;0.7681814, -0.7546387, 2.765836;0.5310947, -0.8231305, 3.021314;0.7372631, -0.8365138, 2.74466;
0.6549952, 0.7868195, 3.038872;0.6637625, 0.6045163, 2.983296;0.6019812, 0.2232615, 2.918059;0.4958612, 0.459067, 3.04615;0.7194001, 0.469069, 2.836276;0.3956137, -0.1346525, 2.968649;0.7093953, -0.1181599, 2.66328;0.5901234, 0.1476718, 2.908469;0.5275635, 0.06966915, 2.951149;0.6282369, 0.07977643, 2.836389;0.5553201, -0.3920124, 2.990228;0.7153707, -0.378948, 2.798085;0.5718235, -0.7446659, 3.034488;0.7684895, -0.7544619, 2.766196;0.5311457, -0.8242341, 3.022707;0.7374287, -0.8363745, 2.744948;
0.654317, 0.787124, 3.039033;0.6637426, 0.6046076, 2.983639;0.6018156, 0.2232714, 2.918092;0.4951028, 0.4585891, 3.046465;0.7186776, 0.4688649, 2.837073;0.3959162, -0.1351564, 2.968567;0.7107893, -0.1154422, 2.663059;0.5898107, 0.1476174, 2.908443;0.52693, 0.06944895, 2.951145;0.6280768, 0.07975498, 2.836322;0.5557184, -0.39305, 2.990591;0.7