0.5926207, 0.8320903, 3.028823;0.6187952, 0.6048127, 2.994313;0.5698546, 0.2349692, 2.940157;0.4805206, 0.4473839, 3.069923;0.6963551, 0.4708216, 2.859002;0.4155375, -0.1689855, 3.013145;0.6937329, -0.1317367, 2.673929;0.5600665, 0.1610005, 2.932804;0.5020592, 0.08435407, 2.974897;0.5991847, 0.09490108, 2.866352;0.543477, -0.4089688, 2.995852;0.6938219, -0.3763625, 2.802173;0.5653979, -0.7588885, 3.036767;0.7645552, -0.7567976, 2.774496;0.5157472, -0.8422936, 3.024105;0.7351677, -0.8404163, 2.74662;
0.5907454, 0.8324981, 3.02845;0.6199973, 0.6060962, 2.995872;0.570003, 0.2354246, 2.940146;0.4828854, 0.4500973, 3.066872;0.6963962, 0.4706843, 2.859093;0.4124093, -0.1638022, 3.001283;0.6924536, -0.1464033, 2.669176;0.5601312, 0.1613978, 2.932661;0.5022227, 0.08500933, 2.974991;0.5989553, 0.0949784, 2.86551;0.5432636, -0.4073114, 2.994966;0.6939603, -0.3764302, 2.802253;0.5662135, -0.7557954, 3.036098;0.7630578, -0.7556816, 2.772554;0.5151308, -0.8407351, 3.025641;0.7353316, -0.8406036, 2.74699;
0.5863355, 0.8310492, 3.027148;0.6202391, 0.6057824, 2.995868;0.5700034, 0.2353426, 2.940215;0.4830241, 0.4502043, 3.067011;0.6965883, 0.4701471, 2.859398;0.4128719, -0.1835843, 3.003838;0.6921881, -0.1426001, 2.670812;0.5601004, 0.1613241, 2.932728;0.5021864, 0.08506089, 2.97503;0.5988444, 0.09479743, 2.865576;0.5427817, -0.4052496, 2.994192;0.6941422, -0.3768139, 2.802552;0.5662821, -0.7518433, 3.03544;0.7632389, -0.755136, 2.772995;0.5158238, -0.8391508, 3.025405;0.7373521, -0.8391201, 2.747563;
0.5862229, 0.8310125, 3.027005;0.6202827, 0.6056519, 2.995851;0.5700136, 0.2354059, 2.940165;0.4829203, 0.4499725, 3.067146;0.6969724, 0.4693789, 2.859012;0.4121421, -0.1630931, 3.000657;0.6963549, -0.1274572, 2.671586;0.560102, 0.1614514, 2.932667;0.5021195, 0.0852951, 2.974935;0.5988542, 0.09483486, 2.865511;0.5414928, -0.4009985, 2.993159;0.6946558, -0.3774527, 2.802464;0.5681894, -0.7482795, 3.035402;0.7633365, -0.7540801, 2.772352;0.5088985, -0.7830693, 2.974663;0.7372886, -0.8392033, 2.747663;
0.5839686, 0.8313888, 3.026825;0.6238668, 0.6073045, 2.997048;0.5705035, 0.2359419, 2.940398;0.4831994, 0.4506633, 3.068664;0.6967413, 0.468418, 2.858859;0.4131911, -0.1780804, 3.00277;0.6954159, -0.1275916, 2.672144;0.5603036, 0.1618237, 2.932804;0.5022316, 0.08572294, 2.975693;0.5987238, 0.09453496, 2.864722;0.5413427, -0.3999203, 2.993111;0.6945677, -0.3758537, 2.802167;0.5683182, -0.7479848, 3.035157;0.7632192, -0.7542511, 2.772501;0.536059, -0.823343, 3.02281;0.7373456, -0.8392299, 2.747769;
0.5821854, 0.8311769, 3.027999;0.6239364, 0.6073914, 2.996993;0.570798, 0.2363162, 2.940151;0.4830759, 0.4505647, 3.068907;0.696792, 0.4682831, 2.858901;0.412124, -0.1626341, 2.99923;0.6953233, -0.1276198, 2.672205;0.5605967, 0.1622471, 2.932492;0.5023099, 0.08580726, 2.975706;0.5990917, 0.09459259, 2.863653;0.5414955, -0.3988198, 2.993062;0.6943986, -0.3754571, 2.802249;0.5693327, -0.7465697, 3.034683;0.7631415, -0.7541922, 2.772319;0.5441518, -0.8180399, 3.024086;0.7373933, -0.8393228, 2.748367;
0.5843496, 0.8317054, 3.03205;0.6240215, 0.6073663, 2.996316;0.5708992, 0.2366205, 2.939998;0.4825464, 0.4503883, 3.071912;0.6964886, 0.4668119, 2.858461;0.4121301, -0.162327, 2.999393;0.6920193, -0.1406694, 2.670506;0.5606752, 0.1626282, 2.93238;0.5023519, 0.08628291, 2.975814;0.5990919, 0.09462313, 2.863501;0.5419068, -0.3975952, 2.992918;0.694489, -0.375461, 2.802619;0.5700174, -0.7455214, 3.035197;0.7631116, -0.7540232, 2.772318;0.5489631, -0.8174923, 3.025868;0.7373112, -0.8390663, 2.748053;
0.5845783, 0.831424, 3.031954;0.6244537, 0.6072697, 2.996833;0.5709556, 0.2366881, 2.940131;0.4828722, 0.450746, 3.071248;0.6964217, 0.4667333, 2.858544;0.4121405, -0.1623269, 3.000722;0.691472, -0.1420319, 2.670868;0.5606816, 0.1626936, 2.932469;0.5023594, 0.08641432, 2.976084;0.5989582, 0.0945518, 2.863406;0.541697, -0.3968171, 2.992346;0.6946993, -0.3757089, 2.802988;0.5701343, -0.7456226, 3.035104;0.7630407, -0.7546899, 2.772496;0.537511, -0.8231925, 3.02367;0.7372345, -0.8391286, 2.748046;
0.5841838, 0.8304751, 3.032499;0.6250694, 0.6065636, 2.994969;0.571107, 0.2370007, 2.939965;0.4831197, 0.4514385, 3.072538;0.6964486, 0.466712, 2.858495;0.4120338, -0.1624673, 2.998235;0.6906225, -0.1435526, 2.671215;0.5607885, 0.1631855, 2.932409;0.502376, 0.08680169, 2.976485;0.5989177, 0.09459011, 2.863157;0.5417073, -0.3968255, 2.992367;0.6934935, -0.3740048, 2.802682;0.5700845, -0.7456158, 3.035103;0.7630556, -0.7540535, 2.772273;0.5285127, -0.8271784, 3.024545;0.7373512, -0.8391293, 2.748102;
0.5821139, 0.8301558, 3.032109;0.625024, 0.6065388, 2.994878;0.571105, 0.2370405, 2.940067;0.4833826, 0.4519105, 3.072907;0.6965206, 0.4667351, 2.85865;0.4119751, -0.1625227, 2.998373;0.694303, -0.1284986, 2.672956;0.5607672, 0.1632521, 2.932608;0.502353, 0.08689285, 2.976801;0.598841, 0.09469523, 2.86349;0.5417364, -0.3968452, 2.992353;0.6937342, -0.3743697, 2.802655;0.5701324, -0.7456695, 3.035211;0.762917, -0.7541508, 2.771748;0.5207198, -0.832456, 3.033316;0.7372386, -0.8390496, 2.74822;
0.5823065, 0.8298838, 3.031943;0.6252712, 0.6061299, 2.994253;0.5711099, 0.2370982, 2.940099;0.4833642, 0.4519308, 3.072807;0.6967714, 0.4667118, 2.85855;0.4119481, -0.1626152, 2.998621;0.6895015, -0.1439232, 2.670319;0.5607241, 0.1634099, 2.932734;0.5021795, 0.08692347, 2.977067;0.5987533, 0.09484139, 2.863626;0.5416873, -0.3947303, 2.992162;0.6934985, -0.3736608, 2.802691;0.5702874, -0.7446563, 3.035026;0.7628967, -0.7545311, 2.771376;0.511843, -0.7779652, 2.976676;0.7378542, -0.8388509, 2.748127;
0.5863324, 0.8200371, 3.035387;0.6250282, 0.6062574, 2.993992;0.5711061, 0.2371096, 2.940092;0.4837264, 0.4523233, 3.072579;0.6966087, 0.4667976, 2.858592;0.412095, -0.1619657, 3.000287;0.6894444, -0.143493, 2.67063;0.5607222, 0.1634151, 2.932734;0.502241, 0.08694835, 2.97707;0.5986489, 0.09506049, 2.863773;0.5415572, -0.3947381, 2.992116;0.6929822, -0.3730426, 2.802754;0.5701728, -0.7441552, 3.034961;0.7631395, -0.7544026, 2.771695;0.5306741, -0.819532, 3.025896;0.7381425, -0.8388208, 2.748939;
0.5883458, 0.8113561, 3.035279;0.6253611, 0.6063176, 2.99297;0.571106, 0.237115, 2.940063;0.4836456, 0.4522848, 3.072421;0.6964074, 0.466588, 2.858513;0.4120128, -0.1620369, 3.000549;0.6890706, -0.1440354, 2.670639;0.5607029, 0.1634199, 2.932729;0.5021787, 0.08694224, 2.977144;0.5985457, 0.09511407, 2.863855;0.5414842, -0.3947297, 2.992094;0.6936247, -0.3742432, 2.802943;0.5701826, -0.7442626, 3.034982;0.7627237, -0.7549489, 2.772032;0.5255652, -0.824809, 3.025867;0.7382099, -0.8387574, 2.74929;
0.5875783, 0.805364, 3.034086;0.6254331, 0.6065538, 2.992415;0.571093, 0.2377862, 2.94028;0.485303, 0.4574913, 3.079254;0.6963378, 0.4665062, 2.858607;0.4121405, -0.1617918, 3.000917;0.6885015, -0.1448285, 2.671066;0.5606007, 0.1643064, 2.933226;0.5021924, 0.08765945, 2.978235;0.5981539, 0.09575457, 2.864173;0.5414439, -0.3947381, 2.99203;0.6934535, -0.3739289, 2.802959;0.5699967, -0.7439712, 3.034884;0.7626194, -0.7547833, 2.771921;0.5262252, -0.8211044, 3.022299;0.7380213, -0.8387724, 2.749083;
0.5880436, 0.8015645, 3.034095;0.6251799, 0.6075351, 2.991849;0.5709829, 0.2378743, 2.940356;0.4854891, 0.4570799, 3.075889;0.6962176, 0.466249, 2.858487;0.4121905, -0.1616631, 3.000899;0.687686, -0.1455879, 2.671057;0.5604348, 0.1643257, 2.933403;0.502008, 0.08774574, 2.978673;0.5978696, 0.09571654, 2.864437;0.541282, -0.3950469, 2.991978;0.693216, -0.3731495, 2.802792;0.5701113, -0.7452328, 3.036166;0.7625722, -0.7552353, 2.77217;0.5275994, -0.8244868, 3.026541;0.7380271, -0.8387752, 2.749082;
0.5888007, 0.7973624, 3.031824;0.6251843, 0.6076531, 2.992121;0.5709776, 0.2378679, 2.940462;0.485361, 0.4569094, 3.075769;0.6962057, 0.4662324, 2.858524;0.4121869, -0.1616619, 3.000885;0.692534, -0.1285532, 2.673108;0.5604151, 0.1642877, 2.933509;0.5019919, 0.08769175, 2.97876;0.597837, 0.09569473, 2.864533;0.5412882, -0.3951252, 2.992021;0.6947792, -0.3763089, 2.802888;0.5701453, -0.7451357, 3.035935;0.7625638, -0.7552513, 2.772144;0.5270437, -0.8250502, 3.024528;0.7380206, -0.8387846, 2.749073;
0.587595, 0.7970015, 3.031851;0.6263433, 0.6061449, 2.99129;0.5711099, 0.2375778, 2.94034;0.4855074, 0.4567556, 3.07558;0.6961641, 0.4662195, 2.858533;0.4121043, -0.1617671, 3.000941;0.6922293, -0.1293721, 2.673259;0.5604475, 0.1640855, 2.933456;0.5020307, 0.08745784, 2.978736;0.597775, 0.09563784, 2.864522;0.5410702, -0.3950306, 2.991679;0.6951022, -0.3780545, 2.803086;0.5698751, -0.7448698, 3.035652;0.7625381, -0.7551711, 2.772167;0.5267385, -0.825591, 3.024116;0.737878, -0.8390764, 2.749331;
0.59042, 0.7944261, 3.033146;0.6258691, 0.6061013, 2.990767;0.5710906, 0.2376664, 2.940319;0.4858436, 0.4563751, 3.074246;0.6963726, 0.4662232, 2.858472;0.4122266, -0.161552, 3.000955;0.6919119, -0.13169, 2.672702;0.5604419, 0.1641906, 2.933477;0.5020486, 0.08742408, 2.978924;0.5977525, 0.09565913, 2.864463;0.5411078, -0.3950198, 2.991677;0.6949422, -0.3772204, 2.803133;0.5708373, -0.7453673, 3.036004;0.7639129, -0.7536308, 2.773152;0.5236535, -0.828392, 3.026406;0.7378318, -0.8390534, 2.749261;
0.5910612, 0.7916766, 3.032974;0.6261862, 0.6062824, 2.99044;0.5711671, 0.2372853, 2.940276;0.4863797, 0.4567097, 3.071679;0.6957693, 0.465136, 2.858262;0.4118835, -0.1616445, 3.001082;0.6911039, -0.1303589, 2.673082;0.5604526, 0.1635317, 2.93351;0.502136, 0.08711525, 2.978974;0.597617, 0.09527215, 2.864667;0.5410792, -0.39507, 2.99162;0.6949661, -0.3771131, 2.803121;0.5708066, -0.7452722, 3.035942;0.7639171, -0.7536334, 2.773128;0.5215842, -0.8290089, 3.025121;0.7378538, -0.8390609, 2.749265;
0.5893012, 0.7887721, 3.032922;0.6253932, 0.6060609, 2.990116;0.5711321, 0.2372884, 2.940232;0.4862632, 0.4566016, 3.071486;0.6956505, 0.4652761, 2.858153;0.4118817, -0.1615224, 3.001031;0.6906451, -0.1304872, 2.673275;0.5604452, 0.1635388, 2.93349;0.5021557, 0.08710179, 2.978952;0.5976082, 0.0953157, 2.864653;0.5409598, -0.3949605, 2.991755;0.6949362, -0.3774962, 2.802974;0.5703226, -0.7456375, 3.035732;0.7639275, -0.7536459, 2.773183;0.5201299, -0.8302849, 3.025942;0.7378902, -0.8390643, 2.749314;
0.5890684, 0.7871929, 3.032542;0.6251103, 0.6064734, 2.990058;0.5709681, 0.2376989, 2.940374;0.4854095, 0.4556421, 3.073532;0.6957719, 0.4653009, 2.858035;0.4121341, -0.1613903, 3.000896;0.6905855, -0.1301105, 2.673491;0.5602788, 0.1639724, 2.933706;0.5019668, 0.0872516, 2.979268;0.5975188, 0.09543356, 2.864716;0.5407561, -0.3948979, 2.991825;0.6949542, -0.3773605, 2.803223;0.5701317, -0.7458225, 3.035309;0.763835, -0.7535645, 2.773153;0.5199875, -0.8305442, 3.026197;0.7378105, -0.8391751, 2.749463;
0.5898334, 0.7847869, 3.031462;0.6252278, 0.6059895, 2.989647;0.5709741, 0.2376353, 2.940301;0.4848846, 0.4552322, 3.074017;0.6960184, 0.4646071, 2.857657;0.4114992, -0.1621569, 3.002855;0.6883273, -0.1407302, 2.671745;0.5602741, 0.1639469, 2.933674;0.5018788, 0.08717878, 2.979171;0.5975299, 0.09542383, 2.864726;0.5407903, -0.3948773, 2.991722;0.6949318, -0.3774105, 2.803238;0.5701826, -0.7459224, 3.035284;0.7637833, -0.7535541, 2.773088;0.5222262, -0.8299705, 3.024348;0.7378151, -0.8391562, 2.749494;
0.5900568, 0.7859362, 3.030302;0.6248673, 0.6056125, 2.989756;0.5708553, 0.2374701, 2.940308;0.4849685, 0.4551647, 3.071856;0.6960322, 0.4646484, 2.857724;0.4115299, -0.1616852, 3.002244;0.6903391, -0.1301918, 2.673582;0.5601758, 0.1638096, 2.933682;0.5018305, 0.08714341, 2.979122;0.5974551, 0.09536959, 2.864832;0.54097, -0.3954861, 2.992015;0.6940217, -0.3758068, 2.803255;0.5705724, -0.7456709, 3.034832;0.7629971, -0.7547024, 2.772838;0.5226973, -0.8298032, 3.024115;0.7388482, -0.838705, 2.749893;
0.5895801, 0.7873111, 3.03013;0.624642, 0.6057011, 2.989671;0.570923, 0.2373943, 2.940098;0.4844329, 0.4542538, 3.068586;0.6964304, 0.4647232, 2.857699;0.4114915, -0.1617746, 3.002508;0.6902903, -0.1301933, 2.673562;0.5603102, 0.163687, 2.933426;0.5020071, 0.08684578, 2.978476;0.5977243, 0.09538548, 2.864742;0.5410556, -0.395638, 2.991925;0.6940668, -0.3757336, 2.803238;0.5705131, -0.7456474, 3.034546;0.7628099, -0.7548156, 2.773082;0.5219842, -0.8302436, 3.024654;0.7399645, -0.8383671, 2.75017;
0.5908067, 0.7854849, 3.029742;0.6245224, 0.6055071, 2.989706;0.5708802, 0.2372565, 2.940049;0.4842884, 0.4539099, 3.067812;0.6965509, 0.4641373, 2.857273;0.4114763, -0.1617806, 3.002502;0.6901785, -0.1301529, 2.67363;0.5602726, 0.1635612, 2.933378;0.5019357, 0.08668277, 2.978417;0.5977135, 0.09526034, 2.864693;0.5398524, -0.3941874, 2.991488;0.6952266, -0.3800842, 2.803539;0.5706551, -0.7431512, 3.033439;0.7626168, -0.7550588, 2.773039;0.5117121, -0.7771474, 2.973483;0.7398333, -0.8388902, 2.750599;
0.5890924, 0.7866019, 3.028971;0.6244908, 0.6057488, 2.989369;0.5708497, 0.2372537, 2.940007;0.484299, 0.453905, 3.067871;0.6965984, 0.4643822, 2.85709;0.4115039, -0.1618075, 3.002515;0.6895317, -0.1299545, 2.673475;0.5602372, 0.1635439, 2.933358;0.5018962, 0.08670085, 2.978377;0.5976512, 0.09528234, 2.864786;0.5399202, -0.3941924, 2.991485;0.6944907, -0.3789414, 2.803177;0.5706192, -0.7428873, 3.033467;0.7625914, -0.7550788, 2.772993;0.5118877, -0.7767487, 2.973803;0.7396213, -0.8390419, 2.750363;
0.5882061, 0.7884254, 3.028201;0.6234601, 0.6064206, 2.989701;0.5704809, 0.2375982, 2.940278;0.4842314, 0.4537502, 3.067536;0.6973535, 0.4640749, 2.856781;0.4111779, -0.1623022, 3.002507;0.6895043, -0.1298211, 2.673546;0.5599337, 0.1638549, 2.933653;0.5014002, 0.08683988, 2.978949;0.5975898, 0.09529675, 2.864832;0.5399611, -0.3937949, 2.991588;0.694495, -0.3790176, 2.803178;0.5706603, -0.7427793, 3.033361;0.7625184, -0.7550969, 2.773074;0.5123107, -0.7765061, 2.973834;0.7395982, -0.8392636, 2.750995;
0.5870609, 0.789374, 3.027516;0.6235024, 0.6065028, 2.988878;0.5704031, 0.2375045, 2.940095;0.4840946, 0.4536071, 3.067578;0.6967068, 0.4645805, 2.857225;0.4111909, -0.1623182, 3.002353;0.6894743, -0.129839, 2.673664;0.5598426, 0.1637446, 2.933547;0.5013518, 0.08675536, 2.978851;0.5974822, 0.09530962, 2.864865;0.539951, -0.3937106, 2.991511;0.6936367, -0.3778002, 2.802654;0.5706456, -0.7425922, 3.03336;0.7626422, -0.7552925, 2.773166;0.5124821, -0.7762026, 2.974105;0.7403072, -0.8392389, 2.751056;
0.5858698, 0.7901942, 3.029362;0.6236999, 0.6065329, 2.988455;0.5704377, 0.2376341, 2.939903;0.4842315, 0.4534161, 3.068067;0.6970509, 0.465021, 2.857268;0.4112253, -0.1623493, 3.00226;0.6893578, -0.1296959, 2.673798;0.5598512, 0.1638794, 2.933408;0.5013417, 0.08679067, 2.978753;0.5974593, 0.09552123, 2.864781;0.540099, -0.3941553, 2.991686;0.6934716, -0.3771739, 2.802262;0.5706779, -0.7427849, 3.033443;0.7625803, -0.754556, 2.772508;0.5295274, -0.8254287, 3.017574;0.7395567, -0.8394727, 2.750385;
0.5822805, 0.789885, 3.026711;0.6235499, 0.606011, 2.988147;0.5704396, 0.2375868, 2.939739;0.4835657, 0.4532362, 3.067791;0.6969778, 0.4641318, 2.856779;0.4105226, -0.1625554, 3.00216;0.6892489, -0.1297621, 2.673916;0.5598633, 0.1638753, 2.933277;0.5012895, 0.08671029, 2.978668;0.5975682, 0.09540932, 2.864494;0.5398872, -0.3938403, 2.991326;0.6934976, -0.3771386, 2.802271;0.5707247, -0.7416539, 3.032737;0.7630228, -0.7541177, 2.773177;0.5472639, -0.8139653, 3.019727;0.7406959, -0.8388661, 2.750973;
0.5835725, 0.7894818, 3.026442;0.6245568, 0.6045589, 2.986554;0.5704507, 0.2375036, 2.939562;0.4835886, 0.4533762, 3.068101;0.6967224, 0.4640241, 2.856595;0.4101902, -0.162705, 3.001773;0.6890751, -0.1296708, 2.674073;0.5598369, 0.1638658, 2.933211;0.5012683, 0.08670712, 2.97865;0.5974258, 0.09541418, 2.864456;0.5397996, -0.3938647, 2.991313;0.6920267, -0.3754808, 2.801891;0.5709854, -0.7429662, 3.033365;0.7629159, -0.7540677, 2.772963;0.5399557, -0.8196251, 3.022079;0.7405537, -0.839067, 2.751117;
0.5833117, 0.79079, 3.026721;0.6244653, 0.6049835, 2.986399;0.5704131, 0.2374441, 2.939488;0.4835795, 0.4534062, 3.068122;0.6965139, 0.4640825, 2.856522;0.4101839, -0.1625469, 3.001313;0.6890919, -0.1296796, 2.674071;0.5597806, 0.1637421, 2.933145;0.5012544, 0.0866827, 2.97859;0.5973685, 0.09537131, 2.864501;0.5398497, -0.3939834, 2.991344;0.6919072, -0.3755255, 2.801796;0.5707484, -0.7432973, 3.033517;0.7639569, -0.7532815, 2.775976;0.5271772, -0.8277093, 3.027719;0.7406822, -0.839168, 2.752214;
0.587458, 0.790145, 3.028555;0.6256096, 0.6054859, 2.985918;0.5704132, 0.2374873, 2.939456;0.4840644, 0.4541044, 3.066872;0.696578, 0.4641142, 2.856606;0.4092135, -0.1630292, 3.002947;0.6889815, -0.1296564, 2.674123;0.5597182, 0.1637902, 2.933141;0.50104, 0.08670995, 2.978771;0.5970851, 0.09538013, 2.864444;0.539587, -0.3942021, 2.991324;0.691857, -0.3754575, 2.801783;0.5704295, -0.7437792, 3.033283;0.7639403, -0.7532952, 2.775942;0.5197357, -0.8315361, 3.029384;0.7405582, -0.8392304, 2.75224;
0.5872098, 0.791283, 3.028548;0.6256431, 0.6057987, 2.986115;0.5704247, 0.2375787, 2.93939;0.4841501, 0.4546272, 3.067576;0.6967776, 0.4645149, 2.856805;0.4088851, -0.1626817, 3.001924;0.6890451, -0.1297212, 2.674109;0.5597121, 0.1638684, 2.933065;0.5010265, 0.08676232, 2.978647;0.5970605, 0.09550979, 2.86439;0.5396514, -0.3945027, 2.991448;0.6910134, -0.3740562, 2.80129;0.5706314, -0.7445117, 3.033762;0.7635022, -0.7529431, 2.775249;0.5196983, -0.8316698, 3.029271;0.7402582, -0.839148, 2.751688;
0.5895204, 0.7903048, 3.029967;0.6256399, 0.6058087, 2.985947;0.5704045, 0.2376014, 2.939245;0.4841408, 0.4546195, 3.067549;0.6966497, 0.4645644, 2.856701;0.4089084, -0.1625437, 3.001969;0.6889576, -0.1296851, 2.674058;0.5596763, 0.1638933, 2.932964;0.5010117, 0.08676466, 2.978632;0.5969612, 0.09548974, 2.864219;0.5396249, -0.3942108, 2.991796;0.6911417, -0.3745764, 2.801137;0.5706677, -0.7440642, 3.033545;0.7634606, -0.7529668, 2.775301;0.512315, -0.7777571, 2.974178;0.7401813, -0.839186, 2.751611;
0.5903202, 0.7888226, 3.030057;0.6257628, 0.6055968, 2.985985;0.5704001, 0.2375944, 2.939238;0.4841311, 0.4546199, 3.067544;0.6967165, 0.4647079, 2.856656;0.4081868, -0.1617982, 3.001293;0.6884738, -0.1297614, 2.674025;0.5596524, 0.1638937, 2.932962;0.5009192, 0.08676758, 2.978641;0.5969109, 0.09547953, 2.864235;0.5392182, -0.3931603, 2.991473;0.6912614, -0.3742727, 2.801143;0.5704831, -0.7433082, 3.033038;0.763478, -0.7542831, 2.775689;0.5122724, -0.7769133, 2.973818;0.7401729, -0.8393179, 2.752185;
0.5890356, 0.7871175, 3.028552;0.6237459, 0.6049265, 2.98673;0.5702176, 0.2377053, 2.939242;0.4839464, 0.4550687, 3.067936;0.6965158, 0.4647518, 2.85652;0.4076028, -0.1615831, 3.000539;0.6884909, -0.1297163, 2.674097;0.5595357, 0.1640758, 2.932948;0.500906, 0.08681644, 2.97866;0.5968212, 0.0955593, 2.86411;0.5389835, -0.3925442, 2.991301;0.690979, -0.3733165, 2.801075;0.5706413, -0.7423776, 3.033386;0.7634652, -0.7542859, 2.775678;0.5125571, -0.7758978, 2.974406;0.7402192, -0.8395758, 2.75241;
0.5907375, 0.7873104, 3.028146;0.6233212, 0.6057994, 2.98711;0.5699911, 0.2380443, 2.939275;0.4838035, 0.4552434, 3.067767;0.6967728, 0.4650348, 2.855984;0.4077353, -0.1615781, 3.00047;0.6882945, -0.1302337, 2.673912;0.5593284, 0.164371, 2.932963;0.5005378, 0.08731817, 2.978623;0.5967553, 0.09568656, 2.864142;0.5391832, -0.3944612, 2.991787;0.6913229, -0.3733413, 2.801302;0.5696886, -0.7523794, 3.033824;0.7634746, -0.7543421, 2.775746;0.5382777, -0.8253425, 3.022215;0.7401529, -0.8396642, 2.752373;
0.589486, 0.786163, 3.027809;0.6231936, 0.6058791, 2.987113;0.569931, 0.2380503, 2.939188;0.4838079, 0.4548719, 3.068205;0.6966914, 0.4653115, 2.855953;0.4064392, -0.1616077, 2.996943;0.6881961, -0.130227, 2.673888;0.5592766, 0.1643706, 2.932867;0.5005186, 0.08732517, 2.978495;0.5967149, 0.09571388, 2.864083;0.5393912, -0.3938251, 2.991194;0.6920795, -0.3786504, 2.800921;0.5697045, -0.7485577, 3.033664;0.7635341, -0.7543392, 2.775764;0.5449985, -0.8191297, 3.022695;0.7401013, -0.8395828, 2.752283;
0.5881783, 0.7871868, 3.025718;0.6229047, 0.6063085, 2.98667;0.569659, 0.2383609, 2.93917;0.4838758, 0.4555973, 3.066529;0.6967304, 0.4660395, 2.855554;0.4049998, -0.160745, 2.992287;0.6881959, -0.1302318, 2.673879;0.5589838, 0.1646997, 2.932938;0.5001979, 0.08773147, 2.978745;0.5964411, 0.09587994, 2.864172;0.5393672, -0.3937947, 2.991235;0.6919402, -0.3784445, 2.800961;0.5704467, -0.7481781, 3.033764;0.7627611, -0.7547935, 2.774691;0.5336604, -0.8221891, 3.023804;0.7397264, -0.8396519, 2.75201;
0.5924904, 0.7919008, 3.031824;0.6229491, 0.6064104, 2.986592;0.5697516, 0.2386202, 2.938894;0.4830165, 0.4553586, 3.06727;0.697036, 0.466027, 2.85489;0.4046299, -0.1603259, 2.992227;0.6877185, -0.1300961, 2.67359;0.5590885, 0.1650006, 2.932632;0.5001568, 0.08784884, 2.978451;0.5966958, 0.09610505, 2.863845;0.5393698, -0.3938274, 2.991244;0.6922333, -0.3783863, 2.801126;0.5705928, -0.7481073, 3.033569;0.7625439, -0.754894, 2.77442;0.5253335, -0.8284227, 3.027324;0.7397913, -0.839659, 2.751893;
0.592595, 0.7915688, 3.031938;0.6234162, 0.6083634, 2.98824;0.5697877, 0.2386684, 2.938915;0.4823523, 0.4552695, 3.067337;0.696651, 0.4669216, 2.854661;0.4044465, -0.1603789, 2.992609;0.6866031, -0.1298593, 2.673257;0.5591045, 0.1649999, 2.932622;0.5001716, 0.08784595, 2.978324;0.5967677, 0.09615397, 2.863845;0.5393362, -0.3937736, 2.991293;0.6920006, -0.3768408, 2.801574;0.5705993, -0.7480914, 3.03356;0.7625765, -0.7548265, 2.774472;0.5253463, -0.8285489, 3.027204;0.7396651, -0.8397115, 2.751629;
0.596128, 0.7990745, 3.035847;0.6228841, 0.6089637, 2.988082;0.5697381, 0.2386398, 2.93891;0.4823332, 0.4567835, 3.065859;0.6964376, 0.4669634, 2.854511;0.4043684, -0.1603763, 2.992639;0.68556, -0.1292479, 2.672903;0.5590584, 0.1648928, 2.932616;0.5001841, 0.08786735, 2.978275;0.5967479, 0.09606315, 2.863991;0.5393819, -0.393734, 2.991307;0.6920263, -0.3759289, 2.801838;0.5697943, -0.747619, 3.033345;0.7623535, -0.7550319, 2.774042;0.5253003, -0.8287065, 3.027243;0.7394635, -0.8399339, 2.751671;
0.5963644, 0.7986612, 3.035228;0.62319, 0.6094046, 2.987836;0.5697763, 0.2386531, 2.938857;0.4813532, 0.4574001, 3.066341;0.6951552, 0.4670525, 2.85382;0.4023162, -0.159881, 2.992542;0.6797237, -0.1286187, 2.668728;0.5590836, 0.1648711, 2.932572;0.5002185, 0.08792838, 2.978165;0.5967755, 0.09606773, 2.864004;0.5399034, -0.3932723, 2.991387;0.6925144, -0.3744751, 2.802112;0.5703532, -0.7449908, 3.033432;0.7624508, -0.7549127, 2.773834;0.5488039, -0.8170522, 3.026218;0.7390658, -0.8395372, 2.751109;
0.5917246, 0.7948282, 3.033791;0.6218845, 0.6082913, 2.987236;0.5699736, 0.238532, 2.938631;0.4800507, 0.4574817, 3.067262;0.6923708, 0.4673747, 2.852322;0.3996919, -0.1593509, 2.995036;0.6751645, -0.1286695, 2.666435;0.5595341, 0.164768, 2.932279;0.5013094, 0.08752359, 2.977847;0.5974079, 0.09593973, 2.863514;0.5402955, -0.3932981, 2.991516;0.6948969, -0.3730869, 2.803568;0.5702426, -0.7450227, 3.033165;0.7625356, -0.7546897, 2.773122;0.5386703, -0.8204374, 3.022345;0.7390515, -0.839541, 2.751109;
0.5900228, 0.7931905, 3.026416;0.6206101, 0.6090912, 2.985595;0.57021, 0.2383356, 2.938004;0.4790741, 0.4585144, 3.06703;0.6902567, 0.4671779, 2.851413;0.3946663, -0.1578094, 2.999005;0.6711187, -0.1285838, 2.662986;0.5600207, 0.1643777, 2.931655;0.50245, 0.08737027, 2.976833;0.5978449, 0.09582658, 2.863392;0.5413502, -0.3937595, 2.992041;0.6959811, -0.3727096, 2.80338;0.5707421, -0.745359, 3.033741;0.7626185, -0.7546932, 2.77305;0.5315233, -0.8246671, 3.024088;0.7388168, -0.8396639, 2.751006;
0.5857139, 0.787305, 3.020629;0.6190127, 0.6081898, 2.985659;0.5712258, 0.237384, 2.936911;0.475307, 0.4559245, 3.06445;0.6883338, 0.4675826, 2.850536;0.383267, -0.1836925, 3.000211;0.6632907, -0.1283279, 2.657132;0.5619855, 0.1631123, 2.930052;0.5055266, 0.08581021, 2.97408;0.6009486, 0.09509487, 2.861999;0.5417663, -0.3932304, 2.992575;0.6978084, -0.3727445, 2.80352;0.5706594, -0.7452861, 3.033706;0.7626083, -0.7542487, 2.772127;0.5218561, -0.8292853, 3.025167;0.7386932, -0.8395865, 2.750844;
0.5772312, 0.7828019, 3.018443;0.6170279, 0.6075282, 2.98479;0.5718352, 0.2371143, 2.936428;0.4742628, 0.4573438, 3.065283;0.6865276, 0.4680667, 2.849553;0.3835773, -0.1513047, 2.997909;0.6582898, -0.1215549, 2.651918;0.5631546, 0.162824, 2.929549;0.5079441, 0.08581068, 2.972894;0.6024957, 0.09532405, 2.862188;0.5430225, -0.392836, 2.992788;0.6997869, -0.3740551, 2.803671;0.5703454, -0.7429432, 3.033733;0.7626978, -0.7540848, 2.771987;0.5497718, -0.8142685, 3.020399;0.7392254, -0.8384285, 2.750123;
0.5705132, 0.7813103, 3.018657;0.6124858, 0.6058727, 2.983898;0.5724407, 0.2370013, 2.936188;0.4708573, 0.4563066, 3.064832;0.6842576, 0.467546, 2.847467;0.3677437, -0.1496642, 2.994077;0.6522074, -0.1194254, 2.645211;0.5647366, 0.1628395, 2.929321;0.5103858, 0.08522534, 2.972881;0.6056066, 0.09538147, 2.86188;0.545702, -0.3924729, 2.993663;0.7007853, -0.3709244, 2.802704;0.5708251, -0.7417895, 3.033938;0.7628145, -0.7400271, 2.770874;0.5517114, -0.8138931, 3.021929;0.7044778, -0.7741919, 2.713163;
0.5660535, 0.7799902, 3.012846;0.6096026, 0.6045291, 2.981868;0.573625, 0.2367345, 2.936107;0.4670789, 0.4563437, 3.061939;0.6818534, 0.4672626, 2.843894;0.3617751, -0.1499041, 2.992718;0.6405579, -0.1244406, 2.628185;0.5671487, 0.1626877, 2.929691;0.5134764, 0.085055, 2.973599;0.6099081, 0.09495545, 2.863246;0.5466473, -0.3922118, 2.994794;0.703059, -0.3716038, 2.802638;0.5709018, -0.7417169, 3.033727;0.7627507, -0.741887, 2.770034;0.5523896, -0.8138253, 3.022144;0.7047507, -0.7761307, 2.712413;
0.5466849, 0.7732079, 3.000604;0.6032819, 0.6009642, 2.970321;0.5748428, 0.2349327, 2.935519;0.4640155, 0.4555053, 3.060144;0.6759707, 0.4656137, 2.83886;0.3461024, -0.1829901, 2.982881;0.6338626, -0.1261013, 2.618336;0.5692341, 0.1606633, 2.930142;0.5162404, 0.0836747, 2.974635;0.6130611, 0.09290256, 2.865906;0.5471104, -0.392157, 2.995143;0.7037679, -0.3710755, 2.802514;0.5710291, -0.7412443, 3.033808;0.7630304, -0.7385747, 2.770475;0.5526822, -0.8131543, 3.021961;0.7046311, -0.7733273, 2.713914;
0.5485997, 0.7748744, 2.999513;0.5981454, 0.5997229, 2.966354;0.5775605, 0.230778, 2.935231;0.4567437, 0.4514857, 3.058141;0.6623454, 0.4559847, 2.830744;0.3332208, -0.1832207, 2.974174;0.63079, -0.1275465, 2.613941;0.5743223, 0.155196, 2.931302;0.5242115, 0.0797403, 2.97536;0.6190821, 0.08897395, 2.870845;0.5473569, -0.392121, 2.995262;0.7052829, -0.3727594, 2.802491;0.5712569, -0.7407086, 3.033282;0.7630215, -0.7385778, 2.770559;0.5531207, -0.8126435, 3.022433;0.7035165, -0.7738556, 2.715833;
0.5410448, 0.7702011, 2.993789;0.5928452, 0.5951068, 2.960547;0.5796653, 0.2240494, 2.936096;0.4477974, 0.445514, 3.055442;0.6565132, 0.4500801, 2.826665;0.3340009, -0.1579677, 2.970188;0.6264071, -0.1316761, 2.607929;0.5777211, 0.1480485, 2.934028;0.5277871, 0.0748795, 2.978501;0.6244779, 0.08094689, 2.876755;0.5474572, -0.3925919, 2.995539;0.7079228, -0.3735073, 2.80275;0.5712236, -0.7407057, 3.033287;0.762601, -0.7402598, 2.770465;0.5534582, -0.8125753, 3.022516;0.703688, -0.7761301, 2.715792;
0.5351714, 0.761225, 2.986491;0.5785052, 0.5833573, 2.954325;0.5808295, 0.2198046, 2.937132;0.439447, 0.437208, 3.050072;0.648964, 0.4398607, 2.818993;0.3195336, -0.182751, 2.966232;0.6216201, -0.139482, 2.601902;0.5804182, 0.1444531, 2.936172;0.5334631, 0.07051431, 2.981852;0.6284243, 0.07773261, 2.88048;0.5474581, -0.3929556, 2.995792;0.7081804, -0.3755094, 2.800946;0.5711933, -0.7398198, 3.033758;0.7624754, -0.7403259, 2.770372;0.5126207, -0.7767348, 2.979684;0.7039028, -0.7772409, 2.716297;
0.512645, 0.7423558, 2.960516;0.5636377, 0.5666055, 2.935756;0.582776, 0.2131816, 2.936633;0.4340532, 0.4255625, 3.039498;0.6462862, 0.4323367, 2.814153;0.3185515, -0.1686549, 2.964585;0.616836, -0.1505616, 2.595185;0.5845397, 0.1391105, 2.937764;0.5404584, 0.06434619, 2.985449;0.6352147, 0.07290333, 2.884536;0.5461152, -0.3937768, 2.996554;0.7102218, -0.3804387, 2.79912;0.5705397, -0.7399507, 3.033194;0.7613815, -0.7450948, 2.771395;0.5138146, -0.7787556, 2.978801;0.7046565, -0.7838997, 2.717001;
0.4984922, 0.7220411, 2.944767;0.5556324, 0.5488046, 2.928756;0.5853297, 0.1974823, 2.937399;0.4264111, 0.4035475, 3.026283;0.6355864, 0.4095925, 2.803081;0.302478, -0.2062184, 2.944274;0.6102117, -0.1669163, 2.589762;0.5899696, 0.1258036, 2.941201;0.5469847, 0.05475909, 2.989829;0.6429315, 0.06090661, 2.890646;0.5432319, -0.3965808, 2.996602;0.7109237, -0.3862164, 2.796384;0.5704141, -0.7400531, 3.033217;0.7600226, -0.7493336, 2.770305;0.5142144, -0.7802093, 2.979543;0.7038229, -0.7894898, 2.71663;
0.489412, 0.6938565, 2.934049;0.5418927, 0.5186956, 2.906968;0.5908924, 0.1722287, 2.933981;0.4222054, 0.3838755, 3.023076;0.6290185, 0.3941557, 2.794482;0.3002675, -0.2137575, 2.9412;0.6053122, -0.197962, 2.586775;0.5999034, 0.1011848, 2.941651;0.5629731, 0.02766188, 2.994461;0.6547945, 0.04013089, 2.89389;0.5415322, -0.3993091, 2.997811;0.7098338, -0.3921932, 2.791835;0.5690919, -0.7396496, 3.031909;0.7594839, -0.7495307, 2.770114;0.5134248, -0.7827733, 2.980268;0.7038168, -0.7926544, 2.718473;
0.4736206, 0.6693909, 2.922128;0.5335374, 0.4978231, 2.898989;0.5931891, 0.151956, 2.934119;0.4183339, 0.3699487, 3.020868;0.6196042, 0.3713483, 2.78791;0.2950003, -0.2577603, 2.949219;0.6041299, -0.2057763, 2.584231;0.6046351, 0.082137, 2.944021;0.5703306, 0.0110597, 2.99839;0.6603478, 0.02288322, 2.898256;0.5392344, -0.40211, 2.998783;0.7088877, -0.4024201, 2.786225;0.5679421, -0.7397488, 3.030933;0.7583649, -0.7512649, 2.769602;0.5117719, -0.7844945, 2.981536;0.7021947, -0.7960107, 2.720205;
0.465892, 0.6433825, 2.910851;0.5260212, 0.4731287, 2.891771;0.6004164, 0.1208338, 2.944087;0.4065325, 0.3325452, 3.009579;0.6114642, 0.3446577, 2.780994;0.2947407, -0.2664567, 2.948644;0.6018755, -0.2349204, 2.57874;0.6161818, 0.04851142, 2.959123;0.5869772, -0.01494437, 3.007217;0.6714637, -0.01143581, 2.928888;0.5335756, -0.4171568, 2.999923;0.7097284, -0.4129409, 2.782026;0.5663318, -0.7397653, 3.029915;0.7581259, -0.7516032, 2.769382;0.51276, -0.7869803, 2.98022;0.7045541, -0.7988183, 2.719687;
0.4600884, 0.6308952, 2.9069;0.5180452, 0.4450185, 2.879969;0.6045253, 0.1067127, 2.933648;0.4049933, 0.2972922, 3.003592;0.6075681, 0.3146121, 2.77339;0.2941883, -0.306786, 2.934695;0.5996281, -0.2694997, 2.581474;0.6215208, 0.0374828, 2.948256;0.5942019, -0.03194056, 2.998958;0.6809797, -0.0191111, 2.910114;0.5246459, -0.4305701, 2.999091;0.7063274, -0.41623, 2.775262;0.5611606, -0.7374353, 3.029589;0.7569828, -0.7607347, 2.768964;0.5082839, -0.78599, 2.980853;0.7041061, -0.8092894, 2.720227;
0.4462709, 0.5816794, 2.890022;0.5073185, 0.4034116, 2.870425;0.6132147, 0.06617986, 2.955135;0.3995395, 0.2816338, 2.996739;0.6026281, 0.2829207, 2.764819;0.2948857, -0.3434494, 2.935781;0.5983998, -0.2959577, 2.579574;0.6349015, -0.002429921, 2.976575;0.617732, -0.06289563, 3.03058;0.6906918, -0.06331971, 2.950446;0.5163605, -0.4529912, 2.998227;0.7031879, -0.4261815, 2.760314;0.5590195, -0.7371904, 3.028275;0.7559303, -0.7605613, 2.767508;0.5077897, -0.7899504, 2.982608;0.7047005, -0.8133213, 2.72184;
0.4318262, 0.5378203, 2.867723;0.5032454, 0.3762155, 2.862781;0.6274233, 0.04529439, 2.952127;0.3990396, 0.232167, 2.991124;0.5991942, 0.2544627, 2.761612;0.3011015, -0.3608049, 2.936812;0.5990434, -0.3313644, 2.580187;0.6527687, -0.02197677, 2.973607;0.6439328, -0.08557278, 3.026487;0.706192, -0.07583258, 2.948702;0.5060578, -0.4629019, 2.996247;0.7010438, -0.4401521, 2.752792;0.5508152, -0.7664222, 3.028405;0.7555865, -0.7616647, 2.766894;0.5022018, -0.8211132, 2.982538;0.7417944, -0.8325895, 2.753932;
0.4216256, 0.4940366, 2.861152;0.4965664, 0.3310979, 2.852992;0.6377349, 0.0121887, 2.953762;0.3942519, 0.2105624, 2.986767;0.6013699, 0.2154596, 2.751737;0.2952185, -0.4105117, 2.934082;0.5854844, -0.3811078, 2.576857;0.6655529, -0.05226324, 2.977058;0.6525027, -0.1079964, 3.029324;0.7244079, -0.1026012, 2.95465;0.4973531, -0.476999, 2.994545;0.6941561, -0.4478217, 2.739033;0.5528945, -0.7771403, 3.031228;0.7541167, -0.7581816, 2.765236;0.556517, -0.8482397, 3.013969;0.7401108, -0.829688, 2.757699;
0.4192137, 0.4783593, 2.851377;0.4936376, 0.3114833, 2.850426;0.6353427, 0.0004507909, 2.952134;0.389022, 0.1830502, 2.981374;0.6005111, 0.1877777, 2.745054;0.2949969, -0.420842, 2.933472;0.5964169, -0.3993979, 2.572806;0.6635377, -0.06202184, 2.975792;0.6506992, -0.1240632, 3.030421;0.7243512, -0.1134817, 2.952949;0.4927284, -0.4905161, 2.995035;0.6918774, -0.4571257, 2.731351;0.5496397, -0.7894733, 3.032453;0.7530849, -0.7599831, 2.764954;0.5728732, -0.8528291, 3.004362;0.7402647, -0.8315459, 2.757387;
0.4083967, 0.4460074, 2.839748;0.480672, 0.2646502, 2.833323;0.6220273, -0.03659418, 2.952751;0.3841316, 0.1262167, 2.982335;0.595461, 0.1593508, 2.743629;0.2947645, -0.4798996, 2.927798;0.5906399, -0.4365053, 2.571524;0.6502613, -0.09720828, 2.979627;0.6338291, -0.1577292, 3.040748;0.7167007, -0.1443908, 2.956817;0.4792385, -0.5233536, 2.991136;0.6835333, -0.4786089, 2.714952;0.5459449, -0.8182894, 3.033247;0.7554417, -0.7696112, 2.767585;0.5889671, -0.770907, 2.998298;0.7357808, -0.8380171, 2.751725;
0.4030977, 0.4143831, 2.834333;0.4818399, 0.2317712, 2.835319;0.622887, -0.06743909, 2.95404;0.3830969, 0.107668, 2.977865;0.5944583, 0.1156469, 2.73803;0.2992775, -0.4938111, 2.930311;0.6139216, -0.4638854, 2.595379;0.6510832, -0.1271059, 2.981143;0.640017, -0.1845735, 3.043677;0.7135146, -0.1862849, 2.959269;0.4670671, -0.5395631, 2.985717;0.6748698, -0.4943674, 2.697201;0.5383353, -0.8315732, 3.031615;0.7539814, -0.7787889, 2.76226;0.493124, -0.8911311, 2.989984;0.7324606, -0.8471137, 2.749593;
0.4020745, 0.3994057, 2.835219;0.473818, 0.2038378, 2.826786;0.6259132, -0.08416854, 2.95016;0.3864349, 0.06395243, 2.971815;0.5922611, 0.1030844, 2.73835;0.2996495, -0.5320978, 2.926224;0.6135836, -0.5058179, 2.595757;0.6558138, -0.1426324, 2.977935;0.6486439, -0.2034193, 3.043245;0.7184941, -0.1947075, 2.955642;0.486931, -0.4967676, 2.991875;0.6720618, -0.499907, 2.693141;0.5505297, -0.7435226, 3.026366;0.754174, -0.7818307, 2.760587;0.5093899, -0.804577, 2.983089;0.7258699, -0.8478891, 2.750369;
0.3871477, 0.3178705, 2.815464;0.4793139, 0.1532501, 2.825176;0.6283603, -0.1377118, 2.94369;0.3780623, 0.030734, 2.978846;0.5946428, 0.05906083, 2.734344;0.2984034, -0.5806569, 2.934597;0.6087548, -0.5518837, 2.581047;0.6581696, -0.1959042, 2.970864;0.651076, -0.2592033, 3.035703;0.7234658, -0.2462259, 2.948814;0.4738021, -0.5291854, 2.994771;0.6647031, -0.5288296, 2.664924;0.5490373, -0.7470989, 3.025507;0.7478881, -0.8091286, 2.733294;0.5063569, -0.8076444, 2.982763;0.7137267, -0.8536075, 2.779547;
0.3885467, 0.3125203, 2.817548;0.4762846, 0.1373654, 2.82396;0.629113, -0.141825, 2.944289;0.3770794, 0.01116107, 2.978737;0.5930536, 0.04835097, 2.732209;0.316699, -0.6083708, 2.932865;0.6087933, -0.5740684, 2.576056;0.6592122, -0.1987531, 2.971585;0.6530526, -0.2630098, 3.037849;0.725134, -0.2482923, 2.949293;0.4735565, -0.5292469, 2.994117;0.6682962, -0.5396121, 2.675853;0.5490965, -0.7497965, 3.025331;0.7547407, -0.8133097, 2.756764;0.5077651, -0.8114926, 2.982652;0.698785, -0.8556519, 2.737359;
0.3883502, 0.2741701, 2.818474;0.4764428, 0.0959781, 2.819884;0.6336079, -0.1762418, 2.942582;0.3799609, -0.02544301, 2.973196;0.588688, -0.004410028, 2.730867;0.3170234, -0.663072, 2.926821;0.6118345, -0.5755455, 2.577061;0.6647332, -0.2302491, 2.970522;0.6614079, -0.2920229, 3.039126;0.7300533, -0.2769699, 2.947153;0.4731704, -0.5297032, 2.992723;0.661366, -0.5503592, 2.659012;0.548885, -0.7528542, 3.025093;0.7480045, -0.8236133, 2.738822;0.5068998, -0.8158245, 2.984835;0.6916554, -0.8459834, 2.779243;
0.3826772, 0.2409734, 2.816559;0.4729528, 0.07101404, 2.818003;0.6322851, -0.1824552, 2.941889;0.376538, -0.05173165, 2.971191;0.5866995, -0.01998196, 2.730482;0.3038365, -0.6602732, 2.919174;0.6204091, -0.6176547, 2.576109;0.663806, -0.234449, 2.969994;0.6605171, -0.2963144, 3.041083;0.7309282, -0.2822265, 2.945223;0.4702505, -0.531644, 2.986814;0.6724043, -0.5172312, 2.694617;0.5490304, -0.753763, 3.024748;0.7439914, -0.7668509, 2.752942;0.5095745, -0.8182054, 2.984125;0.7379895, -0.8395131, 2.754211;
0.381715, 0.2272919, 2.814174;0.4690856, 0.0493801, 2.812939;0.6358651, -0.1920434, 2.938929;0.3713877, -0.08094016, 2.973882;0.5846151, -0.04080574, 2.732303;0.3002133, -0.6931604, 2.91811;0.6250421, -0.6459579, 2.573669;0.6683801, -0.2417294, 2.96742;0.6664034, -0.3054661, 3.040313;0.7393712, -0.2860705, 2.942085;0.4539429, -0.5282481, 2.98004;0.6708769, -0.5146101, 2.695184;0.5583396, -0.789188, 3.026415;0.7470104, -0.7727985, 2.755959;0.535322, -0.8581738, 3.020232;0.7375211, -0.8451178, 2.75332;
0.3803952, 0.214726, 2.81119;0.4667935, 0.03695345, 2.809958;0.636981, -0.2105874, 2.937488;0.3714628, -0.09996131, 2.970613;0.5826421, -0.05622023, 2.733142;0.2972829, -0.707359, 2.929793;0.6262986, -0.6488292, 2.572947;0.6707776, -0.2601145, 2.966497;0.6691471, -0.3214666, 3.039103;0.7412589, -0.2977669, 2.942135;0.4528181, -0.5327799, 2.976815;0.6332788, -0.5281654, 2.631993;0.553564, -0.7714344, 3.023914;0.7443142, -0.7913758, 2.751294;0.5530214, -0.8444611, 3.025862;0.7019753, -0.8486757, 2.735135;
0.3734693, 0.1894796, 2.805429;0.4627309, 0.01339172, 2.805297;0.638029, -0.218135, 2.933996;0.3677915, -0.1172693, 2.972687;0.5837501, -0.07221214, 2.733426;0.3091012, -0.7039077, 2.936652;0.631907, -0.6521983, 2.571091;0.6724131, -0.2657361, 2.963209;0.6725665, -0.3285, 3.037751;0.7453507, -0.304476, 2.937091;0.4573463, -0.5459042, 2.973876;0.6107615, -0.506265, 2.61803;0.5494912, -0.7559756, 3.019084;0.7371781, -0.7847455, 2.749486;0.4925225, -0.7966068, 2.99789;0.679678, -0.8250242, 2.729069;
0.3693038, 0.1673505, 2.796626;0.4620587, -0.001753592, 2.805869;0.6457213, -0.2323029, 2.931544;0.3683822, -0.1638377, 2.961835;0.5826066, -0.08872248, 2.734912;0.3270825, -0.723441, 2.922428;0.6406423, -0.6592622, 2.573065;0.6823649, -0.2791243, 2.960065;0.686442, -0.3450739, 3.031631;0.753073, -0.3100711, 2.935508;0.3824294, -0.5859778, 2.988113;0.608376, -0.508374, 2.619676;0.5506616, -0.8297715, 3.029754;0.7357464, -0.7881464, 2.749838;0.5559682, -0.7640024, 2.998128;0.6786186, -0.8290413, 2.729394;
0.3632452, 0.1241224, 2.784261;0.4629446, -0.0250378, 2.808353;0.6455391, -0.2435466, 2.929985;0.3685912, -0.1644436, 2.961757;0.5841143, -0.1008894, 2.735643;0.333998, -0.721257, 2.926786;0.6446672, -0.6613585, 2.573792;0.6820973, -0.2879842, 2.958091;0.6856528, -0.3534686, 3.030341;0.7552322, -0.3187115, 2.933243;0.3851192, -0.5972565, 2.983482;0.6025733, -0.5058766, 2.615077;0.5666646, -0.8281043, 3.033882;0.7336451, -0.7843771, 2.751337;0.5360318, -0.7725303, 2.997303;0.6977444, -0.7699558, 2.660105;
0.3630932, 0.123635, 2.784206;0.463325, -0.03175841, 2.806768;0.5819244, -0.3136811, 2.936913;0.3672236, -0.1652063, 2.962641;0.5846544, -0.1106959, 2.736318;0.3362504, -0.7237497, 2.929672;0.6469029, -0.663539, 2.575277;0.6055154, -0.3677887, 2.966865;0.5737948, -0.4404352, 3.042647;0.6873643, -0.4101152, 2.943698;0.4709681, -0.5839424, 2.980552;0.6141206, -0.4833266, 2.555524;0.5528474, -0.7823985, 3.017441;0.7339111, -0.7810134, 2.751152;0.5133711, -0.842695, 2.970022;0.6980467, -0.7753851, 2.658822;
0.3585446, 0.1130668, 2.783182;0.4628406, -0.0340823, 2.805735;0.5819414, -0.3137261, 2.93673;0.370612, -0.1691439, 2.960631;0.5841861, -0.115515, 2.736468;0.3404176, -0.7273492, 2.933038;0.6500111, -0.6650804, 2.575568;0.6055681, -0.3678686, 2.966661;0.574076, -0.4404782, 3.042694;0.6873309, -0.4104297, 2.94295;0.4669334, -0.5795113, 2.978538;0.6143107, -0.481392, 2.554475;0.4970356, -0.7451696, 3.005122;0.7339386, -0.7797412, 2.750969;0.4793012, -0.8154531, 2.99359;0.6990581, -0.7797489, 2.657994;
0.3583582, 0.1113538, 2.782864;0.4627219, -0.03696379, 2.806392;0.5821604, -0.3144048, 2.936804;0.3746641, -0.1768155, 2.962539;0.5841515, -0.1178616, 2.736505;0.3457047, -0.7296475, 2.932628;0.6535729, -0.6706286, 2.577078;0.605894, -0.3686823, 2.966667;0.5745109, -0.4414097, 3.04301;0.687612, -0.4110121, 2.942474;0.4622328, -0.5764531, 2.979035;0.6212983, -0.4420773, 2.547564;0.5064625, -0.7408823, 3.00658;0.7373053, -0.7548006, 2.744112;0.4762372, -0.806342, 2.992535;0.6992435, -0.7742491, 2.654391;
0.3581915, 0.1101576, 2.782908;0.4624623, -0.03855444, 2.806602;0.5823277, -0.3154182, 2.93669;0.3752207, -0.1765728, 2.962018;0.5840898, -0.1188452, 2.736634;0.3468588, -0.7291511, 2.933625;0.6551026, -0.6717106, 2.577905;0.6061947, -0.3699796, 2.966433;0.5749283, -0.442033, 3.042282;0.6874452, -0.4116063, 2.942145;0.4621356, -0.5762128, 2.97882;0.6243273, -0.4311811, 2.546105;0.5035804, -0.7423694, 3.007101;0.7391083, -0.7479485, 2.743252;0.4749143, -0.8088281, 2.994462;0.698401, -0.7924218, 2.664218;
0.3582895, 0.1091556, 2.783226;0.4624724, -0.0390797, 2.806802;0.5822411, -0.3151124, 2.936416;0.3742673, -0.1762425, 2.96201;0.5845066, -0.1195074, 2.736531;0.3467613, -0.7316, 2.934257;0.6572149, -0.6731802, 2.579685;0.6060668, -0.3694781, 2.965967;0.5749777, -0.4419071, 3.042119;0.6873938, -0.4114923, 2.941465;0.4979351, -0.6071007, 2.993192;0.607669, -0.459789, 2.551293;0.5048246, -0.7410536, 3.005907;0.650919, -0.7535393, 2.470999;0.563586, -0.8047248, 3.025192;0.6113098, -0.8142869, 2.42404;
0.3585946, 0.1095957, 2.784863;0.4623801, -0.0391467, 2.806708;0.5822245, -0.3148883, 2.936223;0.3736621, -0.1759272, 2.961985;0.584165, -0.1195509, 2.736321;0.3471929, -0.7308877, 2.934268;0.6610498, -0.708544, 2.585356;0.6060828, -0.3692308, 2.965723;0.5751743, -0.4416372, 3.041831;0.6873158, -0.4111775, 2.941118;0.4977616, -0.6070214, 2.993194;0.6034608, -0.463792, 2.552601;0.4887549, -0.7448773, 3.000709;0.648985, -0.7562822, 2.470574;0.4491095, -0.8056766, 2.953756;0.6093396, -0.8170815, 2.423621;
0.3599899, 0.109925, 2.78575;0.4626882, -0.03959956, 2.806828;0.5822785, -0.314807, 2.936113;0.3722925, -0.1779098, 2.963137;0.5842833, -0.1198907, 2.736312;0.3538758, -0.7257874, 2.932054;0.6594432, -0.7034705, 2.585242;0.6061304, -0.3691254, 2.96558;0.5751675, -0.441623, 3.041622;0.6874845, -0.4107431, 2.941036;0.4961418, -0.6046946, 2.994307;0.6003295, -0.4656125, 2.553809;0.5521395, -0.7512579, 3.011707;0.6468914, -0.7571695, 2.470542;0.4833503, -0.7845818, 3.004366;0.607455, -0.8178867, 2.423505;
0.3617418, 0.1110038, 2.786584;0.4630767, -0.03967906, 2.806978;0.5921028, -0.3028636, 2.937058;0.3723896, -0.1792417, 2.964095;0.5844566, -0.1199927, 2.73614;0.3510275, -0.7302729, 2.933891;0.6600768, -0.6850275, 2.584534;0.6194196, -0.3527748, 2.966422;0.5929815, -0.4232806, 3.045535;0.7054033, -0.3894957, 2.93949;0.5102556, -0.5242844, 2.990744;0.5984141, -0.4781007, 2.564318;0.5550461, -0.7870693, 3.017691;0.6420517, -0.7701403, 2.482599;0.4834015, -0.7836371, 3.000706;0.6043577, -0.8325989, 2.436599;
0.3664582, 0.1132717, 2.788557;0.4647066, -0.03946192, 2.807403;0.5904536, -0.3091058, 2.936739;0.3722115, -0.1790338, 2.963971;0.585008, -0.1200765, 2.735796;0.3499576, -0.7301207, 2.934772;0.6605359, -0.6848427, 2.584976;0.6149644, -0.3648622, 2.965683;0.5822439, -0.4405278, 3.037083;0.6962311, -0.4046731, 2.942027;0.4939871, -0.6124017, 2.992651;0.6012626, -0.4721379, 2.559165;0.4824249, -0.7428511, 2.997708;0.6483611, -0.764127, 2.480866;0.5581408, -0.804453, 3.015615;0.6095325, -0.8254359, 2.434172;
0.3711976, 0.1186426, 2.79256;0.4664038, -0.03830237, 2.807816;0.5901076, -0.3115596, 2.936255;0.3722152, -0.1766634, 2.963024;0.5856676, -0.1203017, 2.735792;0.353706, -0.7244112, 2.935176;0.6592303, -0.6827206, 2.586159;0.6142212, -0.368091, 2.964993;0.5816529, -0.4422691, 3.036321;0.6946062, -0.4089956, 2.941082;0.4942524, -0.6123613, 2.992361;0.6015425, -0.4704508, 2.556823;0.4823452, -0.742824, 2.997874;0.6488562, -0.7625108, 2.479838;0.5579363, -0.8046126, 3.015973;0.6094917, -0.8233764, 2.432924;
0.3739633, 0.1228877, 2.792988;0.4693285, -0.03560071, 2.807519;0.6361372, -0.2952129, 2.918499;0.3757108, -0.1728885, 2.961376;0.5872582, -0.1198422, 2.735753;0.3547411, -0.7233664, 2.935302;0.6535043, -0.7054687, 2.585846;0.6680126, -0.3485083, 2.944176;0.6593736, -0.4171154, 3.001844;0.7361595, -0.3793977, 2.924917;0.647662, -0.5873585, 2.940051;0.5808334, -0.4857101, 2.573261;0.4850723, -0.743139, 2.999405;0.632753, -0.7782828, 2.507456;0.558989, -0.8055823, 3.017374;0.5954614, -0.8417479, 2.46226;
0.3764385, 0.1257371, 2.794374;0.4711487, -0.03301249, 2.807534;0.6339919, -0.2909825, 2.917438;0.3769166, -0.1724916, 2.961767;0.5886524, -0.1189368, 2.735808;0.3552893, -0.7227094, 2.93588;0.6547157, -0.7125365, 2.587618;0.6650328, -0.3428517, 2.942656;0.6583893, -0.4147879, 3.003838;0.7352381, -0.3777052, 2.922262;0.6500605, -0.5891043, 2.941201;0.5798762, -0.4873925, 2.571837;0.5441597, -0.7640134, 3.019224;0.637953, -0.7802601, 2.524381;0.4831541, -0.7920272, 2.989715;0.6005613, -0.8434604, 2.479102;
0.384604, 0.1402554, 2.796503;0.4745946, -0.02657502, 2.808355;0.6342999, -0.2895897, 2.917204;0.3794388, -0.1686657, 2.961407;0.5916841, -0.1151738, 2.736955;0.3529923, -0.704249, 2.930405;0.6476352, -0.6630961, 2.596233;0.6653081, -0.3418753, 2.942366;0.658663, -0.4139329, 3.003898;0.7355537, -0.3771851, 2.921627;0.6541933, -0.5895465, 2.942836;0.5853386, -0.5089781, 2.576962;0.5441047, -0.7639929, 3.019103;0.7015772, -0.7587278, 2.656208;0.5583307, -0.8359238, 3.021985;0.6637833, -0.8213552, 2.610357;
0.3914555, 0.1523928, 2.79922;0.4788957, -0.0166846, 2.808289;0.6359107, -0.2680903, 2.919257;0.3791538, -0.1368633, 2.968241;0.5969246, -0.1044634, 2.735147;0.3538014, -0.7050803, 2.930194;0.6494451, -0.6630275, 2.59536;0.6667157, -0.3177202, 2.944968;0.6615076, -0.383231, 3.013382;0.7376741, -0.3608708, 2.921644;0.6759752, -0.5258473, 2.948443;0.5842074, -0.4991331, 2.581297;0.5158635, -0.7513849, 3.010619;0.6400853, -0.7890788, 2.510315;0.5557169, -0.8122528, 3.020956;0.6008793, -0.8530285, 2.467333;
0.3961329, 0.1630555, 2.799695;0.4872743, 0.0008509397, 2.809;0.6370882, -0.2631402, 2.920796;0.3824872, -0.1307346, 2.969919;0.6006179, -0.09463625, 2.7333;0.3520107, -0.7047991, 2.92979;0.6499947, -0.6649777, 2.592766;0.667311, -0.3145493, 2.946354;0.6611145, -0.3812628, 3.01424;0.7382407, -0.3572411, 2.923181;0.491372, -0.6273994, 2.992129;0.5993316, -0.5178794, 2.58666;0.5164649, -0.7507134, 3.010169;0.655279, -0.8076783, 2.515275;0.4760131, -0.8134418, 2.966203;0.6148272, -0.8704067, 2.471309;
0.4075435, 0.1942823, 2.810237;0.4902251, 0.01948894, 2.815739;0.6356443, -0.2484808, 2.926707;0.3832563, -0.1044045, 2.978984;0.6024564, -0.07670292, 2.736598;0.3486942, -0.7022356, 2.929534;0.6506369, -0.6664134, 2.58904;0.665045, -0.3018394, 2.951981;0.6572467, -0.3696532, 3.019655;0.7358097, -0.3472315, 2.927872;0.4449125, -0.5426873, 2.975031;0.6151717, -0.5392244, 2.60137;0.5177447, -0.7479118, 3.009704;0.692528, -0.8214033, 2.630535;0.4756057, -0.809877, 2.966557;0.6503891, -0.8833684, 2.587388;
0.4158612, 0.221629, 2.814837;0.49648, 0.04497814, 2.822707;0.6376096, -0.23012, 2.933866;0.3857739, -0.07575353, 2.986395;0.6022224, -0.0613353, 2.739205;0.3330147, -0.6269212, 2.925274;0.6397189, -0.6560836, 2.587805;0.6660979, -0.2849072, 2.959287;0.6571391, -0.3497572, 3.026379;0.7343194, -0.3308781, 2.935349;0.4548443, -0.5365309, 2.9742;0.6259519, -0.5400158, 2.615472;0.5182343, -0.7435206, 3.010583;0.7460887, -0.7753715, 2.754904;0.4737056, -0.8048386, 2.968787;0.7423887, -0.8482241, 2.745414;
0.4181137, 0.2357343, 2.81718;0.5002756, 0.06526233, 2.82578;0.6369949, -0.2163515, 2.938386;0.3890968, -0.05865877, 2.991399;0.6069301, -0.03353253, 2.740679;0.325392, -0.6264894, 2.932753;0.648097, -0.5726094, 2.607241;0.6646357, -0.2723248, 2.964115;0.6540653, -0.3403255, 3.030384;0.7326663, -0.3187558, 2.940673;0.4539263, -0.5377896, 2.975475;0.6311857, -0.5363167, 2.624375;0.535297, -0.7466391, 3.016295;0.7459046, -0.7731075, 2.754158;0.4908118, -0.807276, 2.973327;0.7414252, -0.8457435, 2.743014;
0.4285361, 0.289314, 2.823259;0.5030593, 0.095534, 2.828932;0.6415656, -0.1777745, 2.952666;0.3981428, -0.008941623, 2.992297;0.610612, -0.00981636, 2.742049;0.3572525, -0.5956101, 2.935091;0.6510725, -0.5362474, 2.597719;0.6693292, -0.232316, 2.981096;0.6544898, -0.2952745, 3.049551;0.7392868, -0.2745523, 2.960223;0.4586772, -0.5313671, 2.977429;0.6458805, -0.5163417, 2.661224;0.5402859, -0.7487785, 3.017973;0.7464987, -0.7717366, 2.754346;0.4945879, -0.8111046, 2.978741;0.739966, -0.8442513, 2.743103;
0.4274165, 0.2941799, 2.825259;0.5104552, 0.1202131, 2.835007;0.6445143, -0.1676303, 2.953084;0.3996833, 0.008804118, 2.993968;0.6117083, 0.03106322, 2.745837;0.3538203, -0.5803719, 2.934951;0.6507227, -0.5213193, 2.602903;0.6716102, -0.2243448, 2.980714;0.6561148, -0.289936, 3.047846;0.7406228, -0.2678419, 2.959218;0.4686991, -0.53043, 2.979772;0.6546988, -0.5204365, 2.668433;0.5418393, -0.7496402, 3.018478;0.7470766, -0.7709885, 2.754826;0.4966693, -0.8102354, 2.975962;0.7386465, -0.8432623, 2.74306;
0.4388036, 0.3465965, 2.84458;0.5158598, 0.1611163, 2.84794;0.6260626, -0.1437326, 2.962884;0.3997769, 0.05195192, 2.998218;0.6137715, 0.05106238, 2.750718;0.3597878, -0.5395225, 2.937333;0.6467379, -0.5037767, 2.622048;0.6476719, -0.2027784, 2.989967;0.6176648, -0.2625108, 3.053295;0.7146457, -0.252688, 2.969035;0.4754329, -0.5144243, 2.98125;0.6708946, -0.5213898, 2.684914;0.543839, -0.7521904, 3.02013;0.7472733, -0.7942483, 2.740869;0.4947836, -0.8095323, 2.977217;0.6982179, -0.8515903, 2.697955;
0.4458369, 0.373023, 2.84989;0.5184838, 0.193022, 2.8525;0.6234531, -0.1213444, 2.967533;0.4071816, 0.08587468, 2.996292;0.6191139, 0.08081879, 2.755988;0.3622009, -0.506493, 2.939598;0.6515244, -0.4980669, 2.618738;0.6446935, -0.1844649, 2.993863;0.6176939, -0.2496859, 3.05423;0.7089367, -0.2336947, 2.974028;0.480598, -0.5123296, 2.981478;0.6767966, -0.5098113, 2.697093;0.5452515, -0.7505754, 3.020255;0.7472244, -0.7865667, 2.742493;0.4956057, -0.8068689, 2.976499;0.7363642, -0.8596114, 2.742184;
0.454147, 0.4178746, 2.862409;0.5264877, 0.2501951, 2.861246;0.633773, -0.07993893, 2.973396;0.4126381, 0.1150877, 2.996399;0.6238893, 0.1208121, 2.76487;0.3672454, -0.4789851, 2.937041;0.6659345, -0.4050174, 2.618268;0.6548703, -0.1469757, 2.999036;0.6339407, -0.1969393, 3.055236;0.7131901, -0.2055019, 2.977744;0.4813519, -0.5418491, 2.980344;0.6802288, -0.4918405, 2.71326;0.5364485, -0.8221017, 3.023179;0.7512634, -0.768954, 2.754196;0.5639775, -0.7569708, 3.001649;0.7399766, -0.8404206, 2.739077;
0.459917, 0.4528776, 2.875952;0.5296354, 0.2720318, 2.867208;0.639429, -0.04976342, 2.975848;0.4168919, 0.1577085, 3.000261;0.6284881, 0.1509184, 2.771181;0.3593986, -0.4232376, 2.934793;0.6704249, -0.353536, 2.604795;0.6615795, -0.1131764, 3.000789;0.6395079, -0.1754165, 3.059058;0.7215881, -0.1692037, 2.976534;0.4921241, -0.521534, 2.982768;0.6871365, -0.4751429, 2.730447;0.5400329, -0.8031358, 3.02312;0.7521703, -0.761642, 2.757314;0.5851668, -0.7998441, 2.964622;0.7409114, -0.8327027, 2.740183;
0.4684141, 0.4870136, 2.885834;0.534579, 0.3174131, 2.873666;0.6428854, -0.02675939, 2.976792;0.4203362, 0.1906743, 3.006015;0.6321835, 0.1824607, 2.778625;0.3612131, -0.4074585, 2.94089;0.6704248, -0.3332953, 2.609468;0.6645374, -0.0948718, 3.00106;0.6445127, -0.1527026, 3.058069;0.7230141, -0.1524277, 2.977188;0.5216778, -0.5254501, 3.000742;0.6903239, -0.4559214, 2.735815;0.5550613, -0.8098507, 3.03551;0.7539563, -0.761912, 2.758465;0.5222662, -0.7897559, 2.972278;0.7400069, -0.8320569, 2.739421;
0.4737821, 0.5137967, 2.906136;0.5460664, 0.3536454, 2.88391;0.6386586, 0.01265741, 2.979139;0.4229103, 0.2138921, 3.010777;0.6388679, 0.2265231, 2.787338;0.3711009, -0.3591849, 2.94347;0.6586477, -0.3277446, 2.642554;0.6571, -0.05514241, 3.001552;0.6344228, -0.1167572, 3.054848;0.7129993, -0.1154263, 2.97879;0.5106685, -0.4724694, 2.990846;0.6941547, -0.4479777, 2.744855;0.5480847, -0.7445242, 3.022698;0.754153, -0.761227, 2.758759;0.4991682, -0.7970672, 2.973304;0.7389649, -0.8312696, 2.740062;
0.4908002, 0.5600924, 2.914656;0.5525556, 0.3900253, 2.892673;0.6381685, 0.0329186, 2.979604;0.4352972, 0.2562647, 3.022578;0.6411145, 0.2520183, 2.794803;0.372563, -0.3336297, 2.942053;0.657025, -0.3172005, 2.645748;0.6557189, -0.03774051, 3.00087;0.6333563, -0.09633815, 3.053308;0.7089487, -0.09960547, 2.976649;0.5182565, -0.4545389, 2.992815;0.7009771, -0.436974, 2.753361;0.5501296, -0.7418607, 3.024699;0.7550565, -0.7618429, 2.760436;0.4976743, -0.7926877, 2.977037;0.7401299, -0.8316855, 2.740562;
0.503167, 0.5920581, 2.926874;0.5610163, 0.4176242, 2.903446;0.6355215, 0.06414677, 2.976728;0.4411021, 0.2870581, 3.028523;0.6491416, 0.2854876, 2.800605;0.3738541, -0.2984041, 2.94321;0.6523513, -0.2884984, 2.650859;0.6503553, -0.005629341, 2.994656;0.6227891, -0.06498422, 3.044172;0.7030993, -0.06468071, 2.966706;0.5261982, -0.4365205, 2.993976;0.7053963, -0.4215789, 2.76095;0.5510071, -0.7396518, 3.025244;0.7562505, -0.7604142, 2.761603;0.4980639, -0.7884444, 2.976339;0.7408036, -0.8292767, 2.73941;
0.5123527, 0.6148407, 2.94328;0.5725363, 0.4516436, 2.927527;0.6361727, 0.09048347, 2.974051;0.4446219, 0.3096147, 3.036538;0.6545941, 0.3116347, 2.808866;0.3797586, -0.2714575, 2.958831;0.6607168, -0.2698711, 2.657871;0.6493796, 0.02005101, 2.987708;0.6204492, -0.04892079, 3.039121;0.7026854, -0.04265111, 2.953029;0.5293286, -0.4315126, 2.995023;0.707176, -0.4184175, 2.765338;0.5520813, -0.7390329, 3.025419;0.7580122, -0.7579633, 2.762346;0.4981933, -0.7846524, 2.974825;0.7412563, -0.8270854, 2.739856;
0.5168346, 0.6488683, 2.951881;0.5842203, 0.4924226, 2.942785;0.6324092, 0.1211336, 2.96986;0.4490292, 0.3281766, 3.040278;0.6610153, 0.3465247, 2.82058;0.3818917, -0.2494555, 2.961119;0.6645368, -0.2353843, 2.658976;0.6426767, 0.04806719, 2.97951;0.6039748, -0.0192208, 3.028755;0.6976078, -0.007204341, 2.935367;0.5304682, -0.4279636, 2.994661;0.7091013, -0.4139194, 2.770544;0.5537602, -0.7382585, 3.024764;0.7581367, -0.7583429, 2.762733;0.5002379, -0.7808337, 2.971493;0.7424067, -0.8282882, 2.740355;
0.5553753, 0.6859889, 2.992505;0.5914932, 0.5060458, 2.94875;0.631095, 0.1363746, 2.968242;0.460683, 0.3588534, 3.04155;0.6657684, 0.3677745, 2.829762;0.3799328, -0.2313306, 2.953427;0.6730468, -0.1811286, 2.670304;0.6392629, 0.06345525, 2.975833;0.5998405, -0.004677443, 3.025184;0.6934468, 0.001694032, 2.930821;0.5320691, -0.4241665, 2.994578;0.7100704, -0.4065505, 2.775278;0.5560868, -0.7378329, 3.025615;0.7583138, -0.7585618, 2.762857;0.5020311, -0.7791049, 2.97212;0.7406678, -0.8300475, 2.739125;
0.5615458, 0.6978174, 2.996886;0.602366, 0.5295206, 2.961993;0.627995, 0.1651517, 2.965808;0.4652548, 0.384391, 3.054249;0.6730037, 0.3867436, 2.837467;0.386537, -0.2146491, 2.958762;0.6730459, -0.1796174, 2.669763;0.6329256, 0.09373838, 2.969754;0.5924386, 0.0166899, 3.018777;0.6833243, 0.03427504, 2.918961;0.5332126, -0.4207618, 2.994422;0.7103987, -0.4038673, 2.777052;0.5586656, -0.7370389, 3.026926;0.758473, -0.7586479, 2.763239;0.5035169, -0.7761505, 2.97315;0.7405887, -0.8314512, 2.739386;
0.5784561, 0.721588, 3.00717;0.6210832, 0.5516734, 2.976307;0.643737, 0.1768788, 2.981268;0.4717207, 0.3947502, 3.055426;0.6863546, 0.4047387, 2.84303;0.3935005, -0.185448, 2.964011;0.6754302, -0.1670663, 2.671409;0.6311209, 0.1042555, 2.967962;0.5884526, 0.02872527, 3.014839;0.6799418, 0.04014101, 2.916186;0.5350292, -0.4148764, 2.993511;0.7105922, -0.3960242, 2.780866;0.5597715, -0.7357923, 3.028171;0.7593097, -0.7572957, 2.76382;0.5054159, -0.7728086, 2.972363;0.7449521, -0.8263056, 2.743662;
0.5866737, 0.7346221, 3.014027;0.631556, 0.5669101, 2.981203;0.6437744, 0.1887411, 2.980707;0.4787482, 0.4135137, 3.062653;0.6917946, 0.4195034, 2.849633;0.3955315, -0.1673161, 2.966124;0.6795899, -0.1510268, 2.673045;0.6287485, 0.1154675, 2.966125;0.5841619, 0.03877579, 3.012221;0.6744721, 0.05119105, 2.912107;0.5387001, -0.4092831, 2.993687;0.7112612, -0.3935584, 2.782894;0.5607129, -0.7361693, 3.028733;0.7598217, -0.7570459, 2.765231;0.5058582, -0.7722236, 2.972995;0.7437564, -0.8248845, 2.742923;
0.5976439, 0.7526829, 3.024182;0.6409006, 0.5844309, 2.99371;0.6408606, 0.2002949, 2.981532;0.4840206, 0.4282795, 3.070703;0.7002209, 0.4376201, 2.856626;0.3984002, -0.1568537, 2.971453;0.6806083, -0.1414766, 2.674661;0.6232536, 0.1275995, 2.96482;0.5743399, 0.05155779, 3.00972;0.6672117, 0.06196427, 2.907594;0.5431961, -0.4051473, 2.994036;0.7117754, -0.3914789, 2.786172;0.563031, -0.736617, 3.029784;0.7603, -0.7577457, 2.765589;0.5080765, -0.7714413, 2.973563;0.7442284, -0.8255148, 2.742915;
0.6149109, 0.7666197, 3.047198;0.6479103, 0.5955279, 3.004267;0.6387635, 0.2080082, 2.982898;0.4886625, 0.4358951, 3.075081;0.7051438, 0.4466193, 2.86048;0.3945454, -0.1757029, 2.970333;0.6830137, -0.1369605, 2.677729;0.6193669, 0.1353431, 2.964612;0.5682413, 0.05871776, 3.009218;0.6619371, 0.06917998, 2.90451;0.5457952, -0.4014918, 2.994645;0.713076, -0.3810968, 2.792661;0.5641549, -0.7374129, 3.030207;0.7603489, -0.756592, 2.765128;0.5089523, -0.7714458, 2.97393;0.7430784, -0.8252047, 2.742588;
0.6210124, 0.7805943, 3.052164;0.664471, 0.6116343, 3.015628;0.6385339, 0.2168588, 2.9813;0.5002577, 0.4511693, 3.084733;0.7157227, 0.4609781, 2.868377;0.3962426, -0.1674681, 2.970802;0.6843387, -0.1302991, 2.679536;0.6165082, 0.1447868, 2.960928;0.5625032, 0.0681828, 3.003886;0.6563308, 0.08025632, 2.89698;0.5497302, -0.3980666, 2.997496;0.7138472, -0.3778971, 2.794883;0.5649872, -0.7377757, 3.030743;0.7618369, -0.7552578, 2.765898;0.5091975, -0.7708628, 2.97465;0.7420977, -0.8252386, 2.743068;
0.6331343, 0.7853748, 3.061949;0.6700625, 0.6145598, 3.020136;0.6379427, 0.221989, 2.979545;0.5046056, 0.4548417, 3.085874;0.7221482, 0.4649408, 2.871239;0.3975711, -0.1651489, 2.971736;0.6873192, -0.116047, 2.678657;0.6141626, 0.1510763, 2.956997;0.5567673, 0.07623811, 2.996695;0.6533239, 0.08779538, 2.891807;0.5546288, -0.3935332, 2.997776;0.7171075, -0.3749699, 2.798784;0.5674693, -0.7374158, 3.031934;0.7647914, -0.7479374, 2.76628;0.5120716, -0.7701147, 2.975335;0.7411951, -0.8247874, 2.742394;
0.6606158, 0.7909592, 3.072096;0.6780457, 0.6169033, 3.025844;0.6372489, 0.2243316, 2.97913;0.5148449, 0.4634803, 3.085886;0.7277999, 0.4698929, 2.875251;0.4031193, -0.1605887, 2.979622;0.6908591, -0.1041361, 2.680066;0.6120579, 0.1541153, 2.95565;0.5534272, 0.08043419, 2.994427;0.6496031, 0.09136866, 2.889907;0.5560182, -0.3926098, 2.998236;0.7187085, -0.3704649, 2.802058;0.5676849, -0.737396, 3.032054;0.7667027, -0.7474095, 2.768453;0.5122992, -0.7698181, 2.975363;0.7410602, -0.8248939, 2.742548;
0.6587776, 0.791592, 3.07135;0.6854425, 0.6183814, 3.032478;0.6366048, 0.2266381, 2.979165;0.5208184, 0.4672678, 3.095098;0.7325212, 0.4712363, 2.879749;0.4106122, -0.1392467, 2.984524;0.6915379, -0.1032908, 2.680465;0.609798, 0.157164, 2.955045;0.5500114, 0.08254677, 2.994555;0.6455604, 0.09352229, 2.886529;0.5565126, -0.393325, 2.999168;0.7189108, -0.3707952, 2.802429;0.5689384, -0.7397578, 3.033585;0.7684383, -0.7448115, 2.769124;0.5308969, -0.8237313, 3.015965;0.7478014, -0.8161625, 2.745705;
0.6600044, 0.7892593, 3.073484;0.6912605, 0.6166074, 3.036846;0.6350584, 0.2280588, 2.979242;0.5258016, 0.467934, 3.099549;0.7388237, 0.4699039, 2.883188;0.4102907, -0.1423627, 2.986228;0.6953856, -0.1006303, 2.680189;0.606078, 0.1599894, 2.954218;0.5437957, 0.08595868, 2.993146;0.639583, 0.09591893, 2.884342;0.5552931, -0.393673, 2.998435;0.718315, -0.3707868, 2.801848;0.5690757, -0.7396443, 3.033564;0.7679356, -0.7466399, 2.768363;0.5466452, -0.8145994, 3.021427;0.7451444, -0.8234539, 2.745719;
0.6644562, 0.7873489, 3.078411;0.6950886, 0.6143243, 3.041169;0.6338133, 0.2273713, 2.979356;0.5318797, 0.4656953, 3.098634;0.7435793, 0.4694118, 2.886599;0.4124681, -0.1302383, 2.985178;0.6973706, -0.1008803, 2.679807;0.6033119, 0.1590794, 2.953559;0.54015, 0.08533327, 2.992364;0.6356761, 0.0945818, 2.882725;0.5548398, -0.393919, 2.997739;0.7171239, -0.3708743, 2.801158;0.5694414, -0.739392, 3.034055;0.7669513, -0.7469697, 2.768378;0.5138487, -0.7716162, 2.977587;0.7445366, -0.8233064, 2.745338;
0.6684455, 0.7859702, 3.083667;0.697619, 0.6124195, 3.044427;0.6326765, 0.2264871, 2.979061;0.5336523, 0.4635924, 3.099232;0.7447549, 0.4684554, 2.888341;0.4095012, -0.1593535, 2.978886;0.7005662, -0.1028146, 2.676899;0.6010384, 0.1579504, 2.952353;0.5373712, 0.08528406, 2.989861;0.6335725, 0.09412451, 2.882105;0.5544835, -0.3939239, 2.996464;0.7144254, -0.3702347, 2.799132;0.5697978, -0.7397346, 3.033832;0.7673233, -0.7455408, 2.768816;0.5142909, -0.7719908, 2.977434;0.7473457, -0.8179961, 2.746228;
0.6741269, 0.7838448, 3.086929;0.7027953, 0.6099522, 3.046111;0.6319002, 0.2251247, 2.978806;0.5392197, 0.4617924, 3.100709;0.7485073, 0.4646416, 2.89013;0.4132338, -0.1612095, 2.981811;0.7014935, -0.1030093, 2.676109;0.59934, 0.1563521, 2.951679;0.5351837, 0.08418612, 2.989784;0.630356, 0.09110928, 2.879801;0.5505773, -0.3918002, 2.993101;0.7093431, -0.3691955, 2.796076;0.5702834, -0.7396647, 3.033378;0.7672087, -0.74664, 2.76877;0.5147732, -0.7720033, 2.977123;0.7421966, -0.8263252, 2.746365;
0.6774732, 0.7799837, 3.0876;0.7078574, 0.606146, 3.04815;0.6313936, 0.2230303, 2.978029;0.5409207, 0.4595027, 3.104429;0.7500848, 0.4629796, 2.891561;0.4131764, -0.1639837, 2.982289;0.7011158, -0.1077903, 2.673269;0.5980679, 0.1543442, 2.950407;0.5332981, 0.08251321, 2.987355;0.6293682, 0.09044488, 2.879412;0.5491662, -0.3914215, 2.991536;0.706587, -0.3655004, 2.794067;0.5709278, -0.7395759, 3.033269;0.7690895, -0.7374597, 2.77056;0.515057, -0.7721187, 2.977341;0.7132187, -0.7700025, 2.714631;
0.6815044, 0.778394, 3.091291;0.7098338, 0.603969, 3.049736;0.6311685, 0.2218273, 2.977784;0.5445266, 0.456908, 3.103743;0.7518893, 0.4616528, 2.892674;0.4142841, -0.1537462, 2.988035;0.7021921, -0.1044006, 2.673183;0.5975866, 0.1533977, 2.949912;0.532822, 0.08160758, 2.986953;0.6282851, 0.0895187