0.5533518, 0.8122333, 3.049928;0.6132069, 0.595557, 3.022176;0.5586303, 0.2213844, 2.950719;0.4740605, 0.4461514, 3.078252;0.6648438, 0.4505103, 2.862228;0.390785, -0.180506, 3.009771;0.6489999, -0.1393485, 2.673229;0.547715, 0.1465499, 2.939968;0.4945688, 0.07550191, 2.983171;0.5804213, 0.07746343, 2.866588;0.5258468, -0.3935677, 3.002987;0.6720345, -0.3838728, 2.803059;0.5623567, -0.7387798, 3.047665;0.7407733, -0.7545474, 2.784878;0.5462603, -0.7991222, 3.037907;0.7133938, -0.8313057, 2.758953;
0.5533676, 0.8118922, 3.049822;0.6131337, 0.5956381, 3.021948;0.5585182, 0.2216168, 2.950568;0.4740098, 0.4461461, 3.07847;0.6651981, 0.4505974, 2.861888;0.3907461, -0.1790393, 3.00954;0.6458713, -0.1462122, 2.670853;0.5475938, 0.1468258, 2.939832;0.4943551, 0.0757663, 2.982987;0.5803771, 0.07779438, 2.866564;0.5272589, -0.3958592, 3.004182;0.6721633, -0.3837777, 2.802672;0.560767, -0.7399043, 3.047711;0.7406936, -0.7539504, 2.782969;0.545529, -0.8004355, 3.03788;0.7134975, -0.8310329, 2.75792;
0.5531985, 0.8119947, 3.049057;0.6131122, 0.5956216, 3.021961;0.5585328, 0.2216635, 2.950576;0.4740264, 0.4461545, 3.078362;0.6651192, 0.4506253, 2.861748;0.3905004, -0.1813765, 3.009459;0.6488407, -0.1378192, 2.673253;0.5476245, 0.1469046, 2.939838;0.4944014, 0.07581259, 2.983023;0.5803963, 0.07784819, 2.866516;0.5272571, -0.3962147, 3.004308;0.6718111, -0.3824415, 2.801692;0.5603907, -0.7411489, 3.047488;0.7410548, -0.7536843, 2.782569;0.5209837, -0.8248647, 3.050974;0.712625, -0.8334673, 2.757083;
0.5556507, 0.8124659, 3.045074;0.613194, 0.5957114, 3.021673;0.5585718, 0.2216821, 2.950399;0.4742588, 0.4463087, 3.078026;0.6651672, 0.4508407, 2.861449;0.3907251, -0.179969, 3.010063;0.6467746, -0.1463391, 2.671899;0.5476563, 0.1469101, 2.93968;0.4944731, 0.07585896, 2.982808;0.5804023, 0.07789518, 2.866451;0.5278572, -0.3967202, 3.004494;0.6718844, -0.38255, 2.801649;0.5604386, -0.7427701, 3.048;0.7409787, -0.7533937, 2.781609;0.5054072, -0.7724475, 2.998771;0.7131811, -0.8326643, 2.756262;
0.5552474, 0.8123189, 3.042579;0.6130805, 0.5957499, 3.021792;0.558578, 0.2214717, 2.950474;0.4741091, 0.446041, 3.077975;0.6650857, 0.451003, 2.861385;0.389927, -0.1811814, 3.007813;0.6491196, -0.1364492, 2.673546;0.5477026, 0.1465833, 2.939729;0.4945677, 0.07502983, 2.982949;0.5805151, 0.07743959, 2.86624;0.5279978, -0.3967424, 3.004868;0.671985, -0.3825448, 2.801704;0.5604329, -0.745741, 3.049501;0.7413744, -0.7522163, 2.781412;0.5058098, -0.7751945, 3.000659;0.7127367, -0.8323869, 2.756024;
0.5533761, 0.8117374, 3.040205;0.6132362, 0.595885, 3.021518;0.5586142, 0.2215611, 2.950243;0.474254, 0.4464172, 3.078525;0.6646799, 0.4508641, 2.860967;0.3888802, -0.190902, 3.00738;0.6459874, -0.1464658, 2.671496;0.5477174, 0.1466681, 2.939505;0.4946377, 0.07519707, 2.982797;0.5804104, 0.07746011, 2.865884;0.5283498, -0.3969085, 3.00484;0.671979, -0.382517, 2.801687;0.5591427, -0.7471346, 3.048838;0.7414806, -0.7524726, 2.781296;0.5193595, -0.8289887, 3.051489;0.7127761, -0.8323075, 2.755628;
0.5523282, 0.8110262, 3.03594;0.6131654, 0.5959159, 3.021347;0.5586147, 0.2215245, 2.95019;0.4743729, 0.4466767, 3.078487;0.6647083, 0.4508502, 2.860734;0.389479, -0.187961, 3.007649;0.6459789, -0.1463477, 2.67149;0.5477254, 0.1466228, 2.939464;0.494683, 0.07525092, 2.982697;0.5804163, 0.07744257, 2.865908;0.5281924, -0.3984411, 3.005478;0.6719643, -0.3825182, 2.801695;0.5575546, -0.7494036, 3.049115;0.7415134, -0.7524853, 2.781296;0.518779, -0.8311506, 3.052785;0.7128147, -0.8324229, 2.754912;
0.552036, 0.8110538, 3.03534;0.6132157, 0.5960566, 3.021052;0.5586761, 0.2216751, 2.95004;0.474479, 0.4467238, 3.078385;0.6646532, 0.4507943, 2.860724;0.3881757, -0.1968003, 3.006299;0.6459555, -0.1463554, 2.67144;0.5477884, 0.1467792, 2.939336;0.4948198, 0.07549723, 2.982625;0.5804268, 0.07754165, 2.865783;0.5284783, -0.3990051, 3.005575;0.6718517, -0.3824061, 2.801451;0.5576077, -0.7493977, 3.049141;0.7412642, -0.752475, 2.781189;0.5010657, -0.779779, 2.99911;0.7126042, -0.8321027, 2.753698;
0.557472, 0.812784, 3.037581;0.6133739, 0.5960329, 3.02093;0.558742, 0.2218033, 2.949938;0.4745462, 0.4467731, 3.078419;0.6645422, 0.4508535, 2.860413;0.3889576, -0.1915894, 3.00681;0.6456364, -0.1470847, 2.67122;0.5478418, 0.1469552, 2.939229;0.4948653, 0.07559602, 2.98262;0.5803992, 0.0776713, 2.865515;0.5284848, -0.3989885, 3.005542;0.6718422, -0.3816546, 2.80066;0.5568946, -0.7495447, 3.047632;0.7413136, -0.7526624, 2.780955;0.4997393, -0.7802225, 2.997184;0.7119933, -0.8329475, 2.747679;
0.5570922, 0.8125481, 3.036184;0.6135985, 0.596006, 3.020096;0.5587294, 0.2218655, 2.949881;0.4746069, 0.4469995, 3.079301;0.664156, 0.4509429, 2.859917;0.3895682, -0.1855007, 3.006579;0.6452227, -0.1501634, 2.670455;0.5478038, 0.1470566, 2.939222;0.4948148, 0.07525721, 2.982817;0.5800633, 0.07891934, 2.865659;0.5286147, -0.3988352, 3.005388;0.6718218, -0.3816322, 2.800394;0.5567381, -0.7483512, 3.046483;0.7413147, -0.7526849, 2.780849;0.4995373, -0.7789541, 2.996409;0.7120237, -0.8330798, 2.748239;
0.5563939, 0.8123223, 3.03573;0.6136074, 0.5959656, 3.019676;0.5587295, 0.2219712, 2.94986;0.4746527, 0.4469512, 3.079098;0.6648555, 0.4514561, 2.859446;0.391226, -0.1692563, 3.007679;0.6446118, -0.1525867, 2.669427;0.5478001, 0.1472112, 2.93925;0.4947179, 0.07482278, 2.982969;0.5801102, 0.07975378, 2.865668;0.5286296, -0.3985459, 3.005077;0.6722148, -0.3813561, 2.800354;0.5561129, -0.7480877, 3.045716;0.7410972, -0.7525794, 2.780419;0.499048, -0.7786365, 2.995699;0.7127243, -0.8338237, 2.750403;
0.5555882, 0.8119578, 3.034506;0.613768, 0.5959967, 3.019438;0.5587023, 0.2219941, 2.949849;0.4747343, 0.4469674, 3.07784;0.664817, 0.4516607, 2.859215;0.3912454, -0.1692919, 3.007727;0.6450006, -0.1515971, 2.669582;0.5477384, 0.1472439, 2.93926;0.4944627, 0.07412659, 2.983184;0.5798277, 0.0802989, 2.865616;0.528949, -0.3987947, 3.005066;0.6724064, -0.3818036, 2.800685;0.5563798, -0.7471298, 3.045256;0.7412586, -0.7531874, 2.780313;0.4995042, -0.7776225, 2.995223;0.7132344, -0.8333849, 2.751954;
0.5461693, 0.8080068, 3.023008;0.6137819, 0.5964177, 3.018316;0.5586958, 0.2220623, 2.949762;0.4745049, 0.4476277, 3.078836;0.6647763, 0.4516748, 2.858829;0.3913102, -0.1691442, 3.007695;0.6445739, -0.154649, 2.668987;0.5477318, 0.1472785, 2.939231;0.4944493, 0.07396995, 2.983147;0.5798693, 0.08102434, 2.865907;0.5293219, -0.3993037, 3.005116;0.6724491, -0.3818642, 2.800706;0.5563055, -0.7496843, 3.046081;0.7412336, -0.7526183, 2.779891;0.4991623, -0.7802804, 2.996018;0.7133004, -0.8332421, 2.751867;
0.5468856, 0.8080896, 3.025025;0.6132845, 0.5956602, 3.017339;0.5585776, 0.2219501, 2.949454;0.4745285, 0.4473528, 3.078449;0.6647788, 0.4516799, 2.858821;0.3915749, -0.1689169, 3.007885;0.6445811, -0.1542621, 2.669094;0.5476589, 0.1472291, 2.939047;0.4943254, 0.07310583, 2.982862;0.5798175, 0.0812647, 2.865656;0.5292014, -0.3998198, 3.005083;0.6726055, -0.382064, 2.800791;0.5563038, -0.749671, 3.04609;0.7415538, -0.7524226, 2.780182;0.4990556, -0.7803468, 2.995879;0.7133588, -0.8330879, 2.75025;
0.5478412, 0.8090896, 3.026634;0.6140713, 0.5964464, 3.017992;0.558539, 0.2220123, 2.949513;0.4745488, 0.4474398, 3.0784;0.6647319, 0.4517845, 2.858738;0.3918031, -0.1696435, 3.008218;0.6447234, -0.1536954, 2.669273;0.5475556, 0.1472646, 2.939107;0.4941613, 0.07297035, 2.982934;0.5795339, 0.08160608, 2.865789;0.5288103, -0.40007, 3.00553;0.6724779, -0.3819614, 2.800702;0.5562064, -0.7497118, 3.04598;0.7414767, -0.7524295, 2.780159;0.4989926, -0.7803498, 2.995826;0.7131097, -0.8324575, 2.747035;
0.5474886, 0.8095257, 3.026525;0.6141436, 0.5968781, 3.017216;0.5584793, 0.222151, 2.949554;0.474663, 0.4476079, 3.078588;0.6644928, 0.4518093, 2.858451;0.3915569, -0.1683479, 3.007986;0.6490202, -0.1357579, 2.673162;0.5474625, 0.1474015, 2.939237;0.4941449, 0.07270827, 2.983348;0.5792043, 0.0819334, 2.865918;0.529132, -0.4000216, 3.005837;0.6724154, -0.3817002, 2.80081;0.5568722, -0.7500933, 3.046237;0.7410977, -0.7518011, 2.77916;0.4997097, -0.7806654, 2.996314;0.7127258, -0.8319524, 2.746784;
0.545351, 0.8122073, 3.026289;0.6161368, 0.6008199, 3.016601;0.5586237, 0.2225024, 2.949413;0.4749053, 0.4479788, 3.077193;0.6644837, 0.4524696, 2.858543;0.3915777, -0.1683323, 3.007895;0.6446351, -0.1554157, 2.669132;0.5474837, 0.1474853, 2.939194;0.4941665, 0.07268921, 2.983292;0.5792127, 0.0826291, 2.866039;0.5293809, -0.3998574, 3.00579;0.6722901, -0.3815438, 2.800727;0.556724, -0.749374, 3.044893;0.7410076, -0.7519519, 2.778972;0.4997753, -0.7798893, 2.994915;0.7128338, -0.8320168, 2.747123;
0.5457019, 0.8121257, 3.025241;0.6162563, 0.6008011, 3.016622;0.558588, 0.2223567, 2.949418;0.4749843, 0.4480447, 3.077162;0.6636624, 0.4522373, 2.858046;0.3915092, -0.1686789, 3.007511;0.6444241, -0.1566484, 2.668937;0.5473526, 0.1471838, 2.939203;0.4941528, 0.07235008, 2.98325;0.5789844, 0.0826244, 2.86621;0.5298284, -0.3992037, 3.005412;0.6720111, -0.3812391, 2.800721;0.5563431, -0.7493268, 3.044919;0.7411327, -0.7518312, 2.778927;0.4993728, -0.7797739, 2.995234;0.7138343, -0.8313801, 2.74881;
0.5450736, 0.8112211, 3.025743;0.6163554, 0.5997549, 3.014835;0.5585284, 0.2223404, 2.949389;0.4750371, 0.4480754, 3.077475;0.6635181, 0.4519363, 2.857703;0.3914511, -0.1688759, 3.005604;0.6441295, -0.1581556, 2.668566;0.5472454, 0.1471839, 2.939254;0.4939566, 0.07218513, 2.983506;0.5787609, 0.08265416, 2.86635;0.5298741, -0.3994423, 3.005263;0.6720821, -0.3812659, 2.800688;0.5563326, -0.7493534, 3.045079;0.7411323, -0.7518531, 2.778781;0.4993975, -0.779751, 2.995593;0.7134957, -0.8316525, 2.747849;
0.545432, 0.8111873, 3.026188;0.616621, 0.5995095, 3.014588;0.558564, 0.2224221, 2.949188;0.4753581, 0.4492208, 3.078612;0.6636677, 0.4521399, 2.856973;0.391555, -0.1688037, 3.004828;0.6486158, -0.14225, 2.672021;0.5472317, 0.1472856, 2.939104;0.4939471, 0.0722212, 2.983216;0.5786943, 0.08303349, 2.866326;0.5298495, -0.3995217, 3.005273;0.6725529, -0.3825349, 2.800878;0.5562091, -0.7496058, 3.045205;0.7408233, -0.7531517, 2.779333;0.4992011, -0.779946, 2.996031;0.7139497, -0.8330329, 2.748992;
0.5456878, 0.811339, 3.026314;0.6167843, 0.5994992, 3.013662;0.5585588, 0.2224258, 2.94916;0.4753348, 0.4492862, 3.078875;0.6633891, 0.452012, 2.856848;0.3914241, -0.1690226, 3.004287;0.6441454, -0.1595078, 2.66794;0.5472181, 0.147284, 2.939114;0.4939287, 0.0721525, 2.983336;0.5786294, 0.08305761, 2.866403;0.529945, -0.3993184, 3.005295;0.6726783, -0.3828157, 2.801114;0.5565035, -0.7474313, 3.045064;0.7410246, -0.7525902, 2.779088;0.4995643, -0.7777087, 2.996083;0.7140784, -0.8323645, 2.747619;
0.5468267, 0.8117706, 3.026602;0.6168165, 0.5994995, 3.013397;0.558578, 0.2226061, 2.949015;0.4753333, 0.4493227, 3.078859;0.6632934, 0.4518203, 2.856401;0.3915611, -0.1689812, 3.004158;0.644016, -0.1602551, 2.667714;0.5472152, 0.1474699, 2.939039;0.4939236, 0.0721972, 2.98333;0.5786299, 0.08327162, 2.866328;0.5299402, -0.399323, 3.005271;0.6725217, -0.3827576, 2.801088;0.556147, -0.7474508, 3.044941;0.7404814, -0.7528728, 2.778421;0.4992439, -0.7776856, 2.996089;0.7153122, -0.8347301, 2.756322;
0.5482549, 0.8122264, 3.02551;0.6166236, 0.59952, 3.013288;0.5583957, 0.2228552, 2.948925;0.475816, 0.4496219, 3.077465;0.6635124, 0.4520804, 2.856077;0.3913993, -0.1685995, 3.0039;0.6490877, -0.1349941, 2.672997;0.5470091, 0.1477606, 2.939007;0.4937803, 0.07233731, 2.983363;0.5784198, 0.08359104, 2.866301;0.5299373, -0.3993672, 3.00522;0.6725312, -0.3827195, 2.800868;0.5591758, -0.7500911, 3.050986;0.7408901, -0.7530448, 2.778212;0.5369465, -0.8148906, 3.048294;0.7154716, -0.83416, 2.756162;
0.5470076, 0.8138141, 3.024704;0.6163061, 0.601348, 3.012319;0.5581988, 0.2237789, 2.948647;0.4758522, 0.4504814, 3.078659;0.6634166, 0.4521372, 2.856004;0.3913491, -0.1686936, 3.003978;0.649133, -0.1350593, 2.672984;0.5468081, 0.1484834, 2.938903;0.493723, 0.07249933, 2.983458;0.5781067, 0.08431978, 2.866106;0.5299575, -0.3993976, 3.005222;0.6727611, -0.3828677, 2.800907;0.5596995, -0.7499492, 3.050609;0.7410119, -0.7530982, 2.779145;0.5030811, -0.7800275, 3.002078;0.7157745, -0.8319055, 2.757839;
0.5469539, 0.8138975, 3.024614;0.6164979, 0.601418, 3.012173;0.5582445, 0.223803, 2.948635;0.4758537, 0.4503922, 3.07856;0.6632244, 0.4521664, 2.855499;0.3913178, -0.1677188, 3.003652;0.6490592, -0.1349136, 2.672998;0.546824, 0.1484916, 2.93892;0.4937613, 0.07249323, 2.983485;0.5781159, 0.08440751, 2.866199;0.529923, -0.3993553, 3.005231;0.6727843, -0.3826178, 2.800696;0.5592846, -0.7494644, 3.05016;0.7410344, -0.7530534, 2.779294;0.5027807, -0.779446, 3.001872;0.7149249, -0.832234, 2.757547;
0.547912, 0.8140355, 3.024961;0.6166308, 0.6011691, 3.011934;0.5581926, 0.223678, 2.948538;0.476432, 0.4508424, 3.076795;0.6631418, 0.4521495, 2.855479;0.3917466, -0.1685416, 3.0062;0.644131, -0.1594091, 2.668481;0.5467312, 0.1483648, 2.938869;0.4937347, 0.07244599, 2.983452;0.5779524, 0.08440997, 2.86628;0.5299815, -0.3995219, 3.005297;0.6724597, -0.3816448, 2.800438;0.559203, -0.7492598, 3.04962;0.7413027, -0.7533432, 2.780131;0.502903, -0.7791914, 3.001264;0.7145748, -0.8328943, 2.758724;
0.5476747, 0.8143946, 3.024959;0.6166573, 0.6014712, 3.011144;0.558165, 0.2237141, 2.948465;0.4765725, 0.4514998, 3.076919;0.6629918, 0.4522466, 2.85536;0.3917562, -0.1685313, 3.00621;0.6439808, -0.1591341, 2.6683;0.5467064, 0.1483725, 2.938873;0.4937424, 0.07244828, 2.983458;0.5777679, 0.0846343, 2.866523;0.5301908, -0.3994145, 3.005376;0.6720694, -0.3809159, 2.799782;0.5588675, -0.7489679, 3.049052;0.7414002, -0.7534228, 2.78086;0.5026146, -0.7788627, 3.000819;0.7151539, -0.832338, 2.759413;
0.5477519, 0.8144514, 3.025142;0.6166973, 0.6014689, 3.011191;0.5581407, 0.2241455, 2.948408;0.4762661, 0.451917, 3.076606;0.6631291, 0.4522671, 2.855387;0.3902544, -0.1838084, 3.006265;0.6440272, -0.1586565, 2.668419;0.5466208, 0.1489517, 2.93883;0.4935722, 0.07259855, 2.983568;0.5777121, 0.08487195, 2.866237;0.5300639, -0.3994035, 3.005323;0.6718677, -0.3805947, 2.799366;0.559631, -0.7490928, 3.050628;0.7414664, -0.7535344, 2.780872;0.5036126, -0.7789121, 3.002379;0.7152342, -0.8329275, 2.759708;
0.5473745, 0.8141073, 3.024241;0.6163681, 0.6012555, 3.01125;0.5578756, 0.2240209, 2.948298;0.4763157, 0.4517875, 3.076354;0.6627256, 0.4522668, 2.855235;0.3917949, -0.1688103, 3.007117;0.6441778, -0.1557804, 2.669583;0.5463414, 0.1488164, 2.938731;0.4934689, 0.07252979, 2.983527;0.5772978, 0.08480053, 2.866139;0.5300142, -0.3991247, 3.005315;0.6718442, -0.3805367, 2.799429;0.5598755, -0.7487399, 3.050523;0.7416513, -0.753636, 2.780441;0.5039394, -0.7784883, 3.002448;0.7152082, -0.8328007, 2.759316;
0.5474151, 0.8140085, 3.024784;0.6153075, 0.6005164, 3.009492;0.5578082, 0.2241749, 2.948096;0.4763212, 0.4518833, 3.076363;0.6628301, 0.45237, 2.855241;0.3924575, -0.1678771, 3.009686;0.6440241, -0.156041, 2.669561;0.5463245, 0.1490111, 2.938657;0.493468, 0.07254643, 2.983564;0.5773174, 0.08489724, 2.866064;0.529931, -0.3990279, 3.005327;0.6717721, -0.3803292, 2.799321;0.560178, -0.7474245, 3.049313;0.7417133, -0.7537426, 2.780531;0.5412112, -0.8120008, 3.045028;0.7152214, -0.8327689, 2.755617;
0.5478913, 0.8139099, 3.025845;0.6160886, 0.600382, 3.009053;0.5577724, 0.2242118, 2.948083;0.4769609, 0.4540367, 3.074718;0.6627725, 0.4523947, 2.855189;0.3923859, -0.1670162, 3.010567;0.6439676, -0.1558595, 2.669616;0.5461661, 0.149104, 2.938723;0.4932005, 0.07273541, 2.983838;0.5768794, 0.08502731, 2.866229;0.5298873, -0.3994493, 3.005434;0.671989, -0.3811732, 2.79983;0.5600479, -0.7474995, 3.049169;0.7416429, -0.7537442, 2.780083;0.5042616, -0.7772756, 3.000868;0.7151129, -0.8330398, 2.755959;
0.5493643, 0.8144399, 3.025884;0.616188, 0.6005477, 3.009243;0.5577254, 0.2241354, 2.948033;0.4769396, 0.4539398, 3.074306;0.6623567, 0.4522507, 2.854774;0.3918, -0.1674498, 3.009237;0.6484072, -0.1351913, 2.67258;0.546064, 0.1489354, 2.938649;0.4931666, 0.07272138, 2.983787;0.5767773, 0.08492507, 2.866221;0.5297758, -0.3995635, 3.005349;0.6717572, -0.3815471, 2.800606;0.559307, -0.7480168, 3.048961;0.7415715, -0.7538741, 2.78044;0.5033402, -0.7778612, 3.0006;0.7146573, -0.8326696, 2.754994;
0.5488185, 0.8138505, 3.02511;0.6161477, 0.6002632, 3.009205;0.5579294, 0.2240485, 2.947794;0.4763517, 0.4534749, 3.071083;0.6622748, 0.4521273, 2.854366;0.3901106, -0.1662331, 3.003327;0.6483876, -0.1352313, 2.672578;0.5463241, 0.1488836, 2.93842;0.4935246, 0.07238114, 2.983647;0.5772065, 0.08477987, 2.865638;0.5296984, -0.3998109, 3.005532;0.6715853, -0.3812161, 2.800388;0.5563046, -0.7479427, 3.048388;0.7412377, -0.7544143, 2.779835;0.5006851, -0.7777813, 2.999611;0.7141325, -0.8330861, 2.753773;
0.5496246, 0.8139967, 3.025278;0.6161324, 0.6001897, 3.009217;0.5579432, 0.2240785, 2.947738;0.4763571, 0.4534635, 3.069824;0.6623012, 0.4521433, 2.854261;0.3889914, -0.1659988, 3.002058;0.648271, -0.1351992, 2.672509;0.5463427, 0.1489323, 2.938372;0.4935318, 0.072366, 2.983668;0.5772284, 0.08471394, 2.865325;0.5297027, -0.3998034, 3.005535;0.6723211, -0.382153, 2.800854;0.5563972, -0.7467458, 3.047792;0.7414124, -0.7541649, 2.779953;0.5354067, -0.8109865, 3.043412;0.7138392, -0.8334779, 2.754143;
0.5504802, 0.8143123, 3.025771;0.6159871, 0.600199, 3.009298;0.5579761, 0.2240477, 2.947677;0.4755859, 0.4547013, 3.068266;0.6612723, 0.4515696, 2.853387;0.3880021, -0.1651405, 3.001427;0.648001, -0.1347011, 2.67211;0.5464133, 0.1488821, 2.938299;0.4937029, 0.07234418, 2.983569;0.5773149, 0.08465377, 2.865271;0.5300072, -0.4000109, 3.005908;0.6723737, -0.3819485, 2.800858;0.557247, -0.7459421, 3.048177;0.7413691, -0.7540215, 2.779688;0.5369589, -0.8103347, 3.043974;0.7138235, -0.8335236, 2.753945;
0.5510666, 0.8147826, 3.025734;0.6152273, 0.6002342, 3.008987;0.5582607, 0.2238402, 2.947411;0.4745607, 0.4545812, 3.065842;0.6608636, 0.451634, 2.852619;0.3861073, -0.1633037, 3.000073;0.6470991, -0.1389685, 2.67068;0.5469855, 0.1485506, 2.938021;0.4947207, 0.07221989, 2.982911;0.5783558, 0.08452138, 2.865505;0.5301993, -0.399862, 3.005975;0.6729401, -0.3820524, 2.80128;0.5573017, -0.7458985, 3.047994;0.7413303, -0.7540436, 2.779683;0.5023627, -0.7756433, 2.998814;0.7136654, -0.8335815, 2.754121;
0.5505782, 0.8144493, 3.02372;0.6149752, 0.6001976, 3.008957;0.5596423, 0.2233577, 2.946447;0.4721059, 0.4539891, 3.068092;0.6587416, 0.4502095, 2.849742;0.3839338, -0.1618099, 3.000068;0.6466392, -0.1415165, 2.669833;0.5491166, 0.1478779, 2.936787;0.4978978, 0.07163527, 2.9807;0.5811449, 0.08419155, 2.864821;0.5307043, -0.3996151, 3.006171;0.6737153, -0.3810676, 2.801109;0.5572386, -0.745329, 3.047398;0.7413008, -0.7541099, 2.779654;0.5382199, -0.8099013, 3.042175;0.7129872, -0.8347693, 2.754733;
0.5498809, 0.815059, 3.022131;0.613246, 0.6004162, 3.007215;0.5605427, 0.2236901, 2.945922;0.4695194, 0.4529603, 3.069466;0.6572427, 0.4502595, 2.847779;0.3828675, -0.1610474, 3.000292;0.6444724, -0.1407731, 2.66561;0.5506065, 0.1483455, 2.936432;0.4996815, 0.07189429, 2.980555;0.5835444, 0.08467744, 2.864702;0.5308465, -0.3997315, 3.006306;0.6744289, -0.3814819, 2.800902;0.5573716, -0.7450869, 3.047344;0.7409641, -0.753916, 2.778992;0.5017654, -0.7748863, 2.999122;0.7111549, -0.8327688, 2.744236;
0.5475627, 0.815962, 3.021354;0.6111556, 0.6008818, 3.00307;0.5616294, 0.2237344, 2.944941;0.4673246, 0.4535847, 3.071692;0.6554295, 0.4492158, 2.844554;0.3818388, -0.160505, 3.000367;0.6420182, -0.1404517, 2.661555;0.5521172, 0.1483463, 2.935821;0.5018313, 0.07196686, 2.979937;0.5854861, 0.08452918, 2.864794;0.5309262, -0.4000599, 3.00655;0.6760458, -0.3822353, 2.801179;0.5558253, -0.7453068, 3.047194;0.7410426, -0.7534863, 2.779411;0.4997544, -0.7752339, 2.99953;0.7115675, -0.8332927, 2.750687;
0.547268, 0.8149382, 3.023731;0.6053838, 0.5973958, 2.995131;0.5626794, 0.2232615, 2.943271;0.464772, 0.4522042, 3.070503;0.6520171, 0.4493925, 2.842187;0.3779677, -0.1602637, 2.99806;0.6410708, -0.138735, 2.661044;0.5538136, 0.1480756, 2.93472;0.5043441, 0.07163358, 2.979186;0.5879492, 0.0843965, 2.864224;0.5309789, -0.4002234, 3.006593;0.6766275, -0.3825265, 2.801391;0.5550676, -0.7451516, 3.045897;0.7410479, -0.7533833, 2.779329;0.5332186, -0.8089344, 3.043528;0.7114688, -0.8334545, 2.751135;
0.5407946, 0.8136601, 3.022587;0.6035308, 0.5972685, 2.991969;0.565101, 0.2222486, 2.941964;0.462286, 0.4497814, 3.067961;0.6462904, 0.4490395, 2.837945;0.3769125, -0.1603973, 2.998325;0.6394383, -0.1383426, 2.659884;0.5578268, 0.1467372, 2.934013;0.5110593, 0.07067078, 2.978944;0.5927023, 0.08323134, 2.864852;0.5312591, -0.4007065, 3.00705;0.6771488, -0.3825991, 2.802109;0.5550178, -0.7452963, 3.045907;0.7406943, -0.7534189, 2.778862;0.498243, -0.7756199, 2.999555;0.7113087, -0.8330125, 2.751036;
0.5318884, 0.8106078, 3.014465;0.5999501, 0.5961939, 2.989099;0.5662804, 0.2214941, 2.941501;0.4606559, 0.4494627, 3.067487;0.6452473, 0.448343, 2.835938;0.3673386, -0.1618843, 2.991391;0.6368308, -0.1391516, 2.657364;0.5600599, 0.1458436, 2.934046;0.5137513, 0.07050865, 2.978824;0.5968303, 0.08206312, 2.866726;0.530932, -0.4010635, 3.007555;0.6792, -0.3835133, 2.80358;0.554634, -0.7455157, 3.045576;0.7403551, -0.7538708, 2.778055;0.4978788, -0.7760341, 2.999397;0.7105568, -0.8327739, 2.743438;
0.5317063, 0.8100164, 3.015366;0.590423, 0.5925022, 2.984494;0.5671144, 0.2206563, 2.942029;0.4546318, 0.4460894, 3.066347;0.6385574, 0.4456174, 2.832307;0.367643, -0.1660556, 2.991871;0.6345812, -0.1417837, 2.654465;0.5625627, 0.1448235, 2.935954;0.5189841, 0.06897581, 2.98251;0.6005532, 0.08078564, 2.870278;0.5308176, -0.401089, 3.007624;0.6790629, -0.3831817, 2.803374;0.5530881, -0.7441013, 3.042884;0.7391399, -0.7544007, 2.776118;0.4961708, -0.775127, 2.997289;0.709849, -0.8339271, 2.743631;
0.5122406, 0.7990524, 3.002802;0.583936, 0.5860986, 2.980452;0.5696966, 0.2182065, 2.942842;0.4453758, 0.4343966, 3.058511;0.6340871, 0.440948, 2.828615;0.3605857, -0.1718767, 2.984229;0.6308142, -0.1538519, 2.64827;0.5674143, 0.1425968, 2.938183;0.5267985, 0.06475013, 2.987083;0.6074302, 0.07703894, 2.872845;0.5308685, -0.4016672, 3.008624;0.6786147, -0.3849407, 2.802645;0.5518679, -0.7439937, 3.042225;0.7373665, -0.7613719, 2.774725;0.4960185, -0.7754956, 2.995801;0.7095348, -0.8333385, 2.743333;
0.5032046, 0.7893682, 2.996989;0.5712554, 0.5747665, 2.967914;0.5725452, 0.2091962, 2.943824;0.4404458, 0.4275372, 3.055213;0.6241032, 0.4286666, 2.823796;0.3559048, -0.1791148, 2.97879;0.627584, -0.1569509, 2.642188;0.5726583, 0.1335513, 2.941583;0.5321037, 0.06026786, 2.990328;0.6151659, 0.06554268, 2.880361;0.5299469, -0.4034994, 3.010502;0.6774154, -0.3866228, 2.803599;0.5478336, -0.7424221, 3.039948;0.7364017, -0.7629591, 2.774299;0.4918333, -0.7752131, 2.994766;0.7095851, -0.8334599, 2.743431;
0.4637678, 0.7595077, 2.96104;0.5612838, 0.5609796, 2.962183;0.5758511, 0.1968664, 2.944116;0.4332933, 0.4102396, 3.054573;0.6144207, 0.4154009, 2.816127;0.3564903, -0.1904958, 2.976702;0.6230074, -0.1706448, 2.632759;0.5783526, 0.122417, 2.943377;0.5414436, 0.04789362, 2.994048;0.6211017, 0.05773474, 2.882362;0.5264082, -0.4075755, 3.011252;0.6761778, -0.3959929, 2.797006;0.5476574, -0.7425538, 3.039619;0.7344236, -0.762751, 2.773169;0.4911844, -0.776438, 2.996011;0.7096512, -0.8335195, 2.743349;
0.4691955, 0.7506245, 2.967669;0.5453811, 0.5396944, 2.947535;0.5762995, 0.184001, 2.945834;0.4250105, 0.3936761, 3.051136;0.6038476, 0.3925989, 2.811768;0.3532436, -0.2280072, 2.980275;0.6171701, -0.2008803, 2.622665;0.5811675, 0.1106613, 2.947671;0.5477142, 0.03295547, 3.003381;0.6259632, 0.04500912, 2.887867;0.5246475, -0.4107304, 3.012998;0.6751479, -0.4011541, 2.791657;0.5475816, -0.7427943, 3.039643;0.7335687, -0.7625996, 2.772637;0.491567, -0.7785621, 2.997123;0.7093517, -0.8338353, 2.74275;
0.4520384, 0.7188668, 2.959755;0.5353746, 0.5143211, 2.938282;0.5820957, 0.1448005, 2.948437;0.4183793, 0.3571037, 3.034274;0.598893, 0.3764313, 2.807034;0.3488088, -0.2428442, 2.982281;0.6152003, -0.2433404, 2.613584;0.5919913, 0.07025326, 2.954392;0.5614793, 0.0001702313, 3.007576;0.638037, 0.01300576, 2.900946;0.5205488, -0.4177038, 3.01522;0.6730165, -0.4066976, 2.786418;0.547614, -0.7434755, 3.039695;0.7293769, -0.7681857, 2.774925;0.4940086, -0.7810097, 2.995889;0.7094903, -0.8346427, 2.744593;
0.4505453, 0.6871734, 2.945082;0.5245271, 0.4823953, 2.925096;0.5818777, 0.1331754, 2.948963;0.415106, 0.3426591, 3.034888;0.5873241, 0.3438974, 2.794013;0.3423382, -0.2707633, 2.970201;0.6140938, -0.2514215, 2.603564;0.5926099, 0.06143935, 2.95609;0.5643495, -0.01060039, 3.011573;0.6397082, 0.001038822, 2.904289;0.5169325, -0.4218487, 3.016152;0.672363, -0.4102576, 2.782307;0.5469792, -0.7434898, 3.040805;0.728245, -0.7696445, 2.774065;0.4920594, -0.7829096, 3.000729;0.7095212, -0.8347718, 2.745146;
0.4475109, 0.6695395, 2.940663;0.5188926, 0.4660778, 2.915794;0.5919498, 0.1131349, 2.944212;0.4115094, 0.2951526, 3.023712;0.5835009, 0.3269545, 2.789964;0.338008, -0.2984338, 2.962719;0.6140354, -0.2717745, 2.599684;0.6069776, 0.04141787, 2.953079;0.5867814, -0.03548861, 3.010319;0.6554531, -0.01341632, 2.902668;0.5093026, -0.4317107, 3.016498;0.6721168, -0.4177693, 2.774995;0.5459659, -0.7437167, 3.041044;0.7274506, -0.7693189, 2.774;0.493258, -0.7846017, 2.999759;0.7094644, -0.8355772, 2.746788;
0.4472151, 0.6277125, 2.933443;0.5019045, 0.4201209, 2.893423;0.5995146, 0.09166198, 2.937567;0.4082932, 0.2840569, 3.024779;0.5763683, 0.2933007, 2.784168;0.3405633, -0.3285642, 2.966964;0.6134728, -0.2951743, 2.599706;0.6174092, 0.02392396, 2.948706;0.5998886, -0.05113343, 3.00637;0.667064, -0.02508775, 2.901121;0.5059786, -0.4398096, 3.016428;0.6703605, -0.4361646, 2.765957;0.5453221, -0.744411, 3.040419;0.7267089, -0.7705296, 2.773134;0.5256423, -0.8226647, 3.081145;0.7090769, -0.8358165, 2.745805;
0.4380067, 0.6053584, 2.927872;0.499579, 0.4017577, 2.894857;0.613677, 0.07397532, 2.93681;0.400754, 0.2356492, 3.025804;0.570089, 0.269052, 2.780243;0.3394646, -0.3570307, 2.960659;0.6131852, -0.2967051, 2.599399;0.6374378, 0.006926573, 2.948267;0.6334753, -0.07954106, 3.013957;0.6968164, -0.04203229, 2.895414;0.494031, -0.4512066, 3.014461;0.6714066, -0.4462847, 2.758177;0.5444173, -0.7510102, 3.041717;0.7252777, -0.7703053, 2.772093;0.4938831, -0.7970803, 3.00332;0.7091209, -0.8357573, 2.74552;
0.4141904, 0.5490726, 2.903019;0.4860106, 0.3523862, 2.885114;0.6164165, 0.05113847, 2.936604;0.3933645, 0.2210273, 3.026331;0.5722805, 0.2320272, 2.775025;0.3393917, -0.406617, 2.962156;0.6108983, -0.3290439, 2.59426;0.6413925, -0.01042208, 2.949463;0.6327512, -0.09089075, 3.015168;0.702311, -0.05271702, 2.89798;0.4890296, -0.4604706, 3.011607;0.6595006, -0.4600746, 2.730522;0.5446954, -0.7579177, 3.042575;0.7242661, -0.7692232, 2.770352;0.5223008, -0.832018, 3.089008;0.7085466, -0.8350905, 2.743052;
0.4102753, 0.534608, 2.900249;0.4840057, 0.3407261, 2.881936;0.6227887, 0.02258364, 2.937263;0.3906153, 0.1932195, 3.01632;0.5640529, 0.1968779, 2.768551;0.3404616, -0.4353642, 2.961714;0.6084628, -0.3482237, 2.589475;0.6510853, -0.04196686, 2.952117;0.6447645, -0.1178563, 3.013217;0.7087865, -0.08010563, 2.908101;0.4800679, -0.4777039, 3.009278;0.662086, -0.4700508, 2.728533;0.5396529, -0.7729506, 3.043515;0.723704, -0.7715116, 2.770056;0.5221931, -0.8322464, 3.08966;0.7084699, -0.8364681, 2.745101;
0.4009331, 0.4711322, 2.885555;0.4766275, 0.2802243, 2.87086;0.6220894, -0.03458095, 2.958261;0.3819952, 0.1498729, 3.020843;0.5623738, 0.1693797, 2.763276;0.339242, -0.4546677, 2.960407;0.6122846, -0.4456833, 2.589741;0.6511818, -0.097542, 2.979249;0.645456, -0.1649372, 3.033546;0.7080951, -0.1409256, 2.952528;0.4565072, -0.511188, 3.007878;0.6606492, -0.4767445, 2.723876;0.5242479, -0.8036952, 3.042899;0.7231036, -0.7724336, 2.769211;0.5173727, -0.837863, 3.10007;0.7083839, -0.836201, 2.744733;
0.3866208, 0.4318134, 2.87005;0.4690106, 0.2484948, 2.870236;0.6189604, -0.05218627, 2.960588;0.3796147, 0.1130802, 3.0207;0.5634378, 0.1398254, 2.76111;0.3388054, -0.4908859, 2.95647;0.609037, -0.4773439, 2.590098;0.648729, -0.1128904, 2.981947;0.6442429, -0.1811882, 3.037374;0.7068963, -0.1587975, 2.956394;0.448738, -0.521845, 3.004398;0.6568915, -0.4934089, 2.717658;0.5247687, -0.8104178, 3.043565;0.7248018, -0.7802966, 2.771176;0.5687539, -0.8573472, 3.06162;0.7075417, -0.8386611, 2.74363;
0.3871634, 0.4094694, 2.873543;0.4637128, 0.2237334, 2.866804;0.6125244, -0.08466747, 2.959509;0.3785106, 0.09066773, 3.014629;0.5616786, 0.1066581, 2.759362;0.3354109, -0.5304731, 2.948976;0.6075436, -0.5265912, 2.588215;0.642325, -0.1461167, 2.98161;0.6403165, -0.2116564, 3.036937;0.6993893, -0.1929742, 2.957416;0.4315135, -0.5425404, 3.001168;0.6546957, -0.5049846, 2.710269;0.5185351, -0.8261743, 3.043795;0.7240114, -0.7900952, 2.765408;0.5200063, -0.8371092, 3.109793;0.7039237, -0.8479519, 2.738453;
0.3720716, 0.3590952, 2.869353;0.4636597, 0.1819654, 2.8626;0.6133146, -0.1100704, 2.951758;0.377189, 0.0510623, 3.013216;0.5579647, 0.08160248, 2.755596;0.3168355, -0.5744335, 2.944881;0.6113073, -0.5401626, 2.588102;0.6432176, -0.1691906, 2.973274;0.6423648, -0.2420617, 3.031847;0.7021639, -0.2162063, 2.944272;0.4162886, -0.5600307, 3.002522;0.6515904, -0.5246948, 2.696013;0.506451, -0.8425145, 3.041699;0.720734, -0.8089272, 2.750871;0.4616615, -0.8966611, 3.005804;0.6926027, -0.8679402, 2.735882;
0.3759341, 0.3320541, 2.864081;0.4588268, 0.1524311, 2.859194;0.6122035, -0.1334865, 2.948374;0.3704734, 0.01736825, 3.016305;0.557381, 0.05901866, 2.750247;0.3199709, -0.5986256, 2.969676;0.6135285, -0.5367473, 2.591554;0.6427804, -0.1905918, 2.969846;0.6418359, -0.2629116, 3.029244;0.7041277, -0.2329127, 2.941943;0.4508833, -0.5352978, 3.004867;0.647471, -0.5348371, 2.686532;0.5214586, -0.7373167, 3.029234;0.7173954, -0.8180076, 2.740716;0.477764, -0.7922344, 2.992695;0.6857616, -0.8761375, 2.752687;
0.3754354, 0.29954, 2.856776;0.4574535, 0.1195106, 2.855904;0.6103896, -0.1646044, 2.946515;0.3669429, -0.005129519, 3.016381;0.5539827, 0.01613742, 2.748998;0.3236459, -0.6045272, 2.976015;0.6127993, -0.5231558, 2.600499;0.6409551, -0.2214858, 2.968152;0.6400377, -0.292081, 3.027588;0.7027323, -0.2638359, 2.941159;0.4507679, -0.5367745, 3.003796;0.6262119, -0.545434, 2.667273;0.5084174, -0.735607, 3.0266;0.7113876, -0.8212354, 2.728549;0.4634642, -0.7909694, 2.99185;0.7006499, -0.8646652, 2.779002;
0.3721185, 0.2695782, 2.853604;0.453859, 0.09304171, 2.855093;0.6135694, -0.1747225, 2.946481;0.3651966, -0.04454511, 3.019221;0.5476192, -0.01063674, 2.751573;0.3626613, -0.5891834, 2.931124;0.616025, -0.5902145, 2.596295;0.6448957, -0.2295718, 2.968195;0.6454327, -0.3006338, 3.029624;0.7076567, -0.2699355, 2.939839;0.4517193, -0.5393909, 3.002001;0.6131633, -0.5397922, 2.659446;0.5075829, -0.7356061, 3.026033;0.7209302, -0.7776883, 2.766373;0.4642814, -0.7926, 2.991364;0.7068847, -0.8391197, 2.7419;
0.3656378, 0.2438143, 2.854711;0.4512612, 0.06948914, 2.852606;0.6209115, -0.1887746, 2.947657;0.370719, -0.07390282, 3.011637;0.5452457, -0.02859879, 2.751475;0.3084469, -0.664802, 2.95968;0.617956, -0.5899645, 2.598868;0.6543552, -0.2416951, 2.970018;0.6566131, -0.3113097, 3.033162;0.7180351, -0.2776006, 2.940811;0.4530227, -0.5534029, 2.997528;0.6168199, -0.5464096, 2.663425;0.5100547, -0.7438143, 3.025519;0.7181644, -0.7865526, 2.765215;0.4688955, -0.8024848, 2.990683;0.7052477, -0.8471996, 2.737959;
0.3284703, 0.1983792, 2.847991;0.4422414, 0.043717, 2.849829;0.6204097, -0.2056756, 2.946025;0.3698553, -0.09286164, 3.008912;0.5438405, -0.04992932, 2.751694;0.3146255, -0.6880901, 2.969562;0.6138338, -0.5918615, 2.599283;0.6553652, -0.2559119, 2.96868;0.6585723, -0.3240052, 3.032887;0.7208045, -0.2884751, 2.938964;0.4447078, -0.5411073, 2.988444;0.6147757, -0.5526205, 2.660319;0.5018814, -0.746478, 3.025827;0.719245, -0.7902608, 2.756617;0.4620554, -0.8066196, 2.991642;0.703466, -0.8534209, 2.737502;
0.330797, 0.184836, 2.848758;0.4426548, 0.02935782, 2.847256;0.6287899, -0.2401081, 2.952224;0.3699433, -0.09567589, 3.006887;0.5411336, -0.0721865, 2.750328;0.3283473, -0.7128103, 2.993942;0.6042745, -0.6084896, 2.606709;0.6667151, -0.2953626, 2.977646;0.6671, -0.3465009, 3.032937;0.7252596, -0.3224159, 2.954063;0.4424844, -0.5502565, 2.988;0.5929114, -0.5367776, 2.645038;0.4898167, -0.7462834, 3.02166;0.7231049, -0.8203158, 2.743151;0.4480896, -0.8064933, 2.989583;0.6779879, -0.8671396, 2.723336;
0.3334676, 0.1660229, 2.845418;0.4407455, 0.008294348, 2.842227;0.6294868, -0.2435479, 2.951914;0.3691512, -0.1054421, 3.003625;0.5421181, -0.0859846, 2.749191;0.325612, -0.7305536, 2.994212;0.6470068, -0.7138911, 2.599899;0.6672245, -0.296674, 2.977459;0.6701498, -0.3517651, 3.034705;0.7269151, -0.3253432, 2.953605;0.4467342, -0.611061, 2.996284;0.5567886, -0.474944, 2.62545;0.4941687, -0.74701, 3.023819;0.7108327, -0.7650045, 2.749542;0.4681635, -0.8098465, 3.026976;0.7083827, -0.8380625, 2.737123;
0.342051, 0.149694, 2.848904;0.4374432, -0.01511407, 2.843658;0.6270232, -0.273332, 2.944025;0.3681836, -0.1742516, 2.993469;0.5420741, -0.101881, 2.749886;0.3289617, -0.7378737, 2.998664;0.6535628, -0.7588881, 2.591272;0.6650962, -0.3240584, 2.96784;0.6671292, -0.397773, 3.021417;0.7280031, -0.346061, 2.94418;0.4226109, -0.6274704, 3.023897;0.5494896, -0.4759554, 2.612954;0.5445294, -0.7571846, 3.027662;0.7120307, -0.7653157, 2.749681;0.4821043, -0.7843776, 3.028269;0.6813803, -0.7951209, 2.668076;
0.3398062, 0.1382014, 2.8461;0.4366186, -0.02431123, 2.842865;0.6269017, -0.2733768, 2.944045;0.3672125, -0.1754072, 2.993472;0.5445396, -0.1117056, 2.751793;0.3361744, -0.749328, 3.00294;0.6570687, -0.7716464, 2.588516;0.6649144, -0.3238352, 2.967959;0.6677099, -0.3959512, 3.025917;0.7286316, -0.3461484, 2.944027;0.4228586, -0.6295755, 3.023376;0.5495658, -0.4760689, 2.613978;0.5004455, -0.7499337, 3.027807;0.7115114, -0.765955, 2.749173;0.4694592, -0.8106719, 3.028258;0.6791303, -0.782365, 2.664362;
0.317624, 0.1084915, 2.835873;0.4347944, -0.03604398, 2.841922;0.6270108, -0.288131, 2.943492;0.3682925, -0.1764973, 2.989984;0.5461154, -0.1193797, 2.752241;0.3346064, -0.7492836, 3.003289;0.6517451, -0.7726393, 2.584395;0.6654754, -0.3385748, 2.96738;0.6686328, -0.4020661, 3.024977;0.729781, -0.3665678, 2.943688;0.4464538, -0.6645173, 3.040359;0.5474222, -0.4701992, 2.606633;0.5383769, -0.8003699, 3.02942;0.7128114, -0.7650545, 2.748251;0.4722749, -0.7818927, 3.026576;0.6844941, -0.7900144, 2.66394;
0.3217664, 0.09893401, 2.836816;0.4349032, -0.04748577, 2.843852;0.5609725, -0.3454126, 2.953471;0.3670192, -0.1908128, 2.994998;0.5466558, -0.1275698, 2.751931;0.3315293, -0.7578532, 3.006308;0.6517373, -0.7738051, 2.584274;0.586163, -0.4025402, 2.978404;0.5617993, -0.4758635, 3.039916;0.6568558, -0.4342832, 2.953136;0.2420844, -0.722848, 3.057978;0.5657494, -0.4481351, 2.565632;0.5380916, -0.7562546, 3.028569;0.713784, -0.7653944, 2.746698;0.4720342, -0.7826566, 3.026481;0.6779951, -0.7774746, 2.662165;
0.3228105, 0.09419825, 2.839313;0.4348768, -0.05319796, 2.842914;0.5621952, -0.3429059, 2.955194;0.3667194, -0.1929492, 2.994989;0.5466425, -0.1322729, 2.751498;0.3408318, -0.7634732, 3.005105;0.6550439, -0.7731608, 2.585432;0.5880725, -0.3983481, 2.981462;0.5647616, -0.4706131, 3.046753;0.6599676, -0.4293239, 2.956322;0.2391655, -0.7190464, 3.056427;0.571192, -0.4486992, 2.569038;0.5347837, -0.7532398, 3.02774;0.7168428, -0.7644838, 2.743321;0.4662361, -0.7951388, 3.047445;0.6802871, -0.7812665, 2.65975;
0.3248764, 0.08954972, 2.841024;0.4353148, -0.05839463, 2.843738;0.5658692, -0.3425615, 2.958162;0.3638183, -0.1974494, 2.996384;0.5478807, -0.1377244, 2.750209;0.3455963, -0.7697738, 3.009901;0.6548789, -0.7520805, 2.59202;0.5928213, -0.397637, 2.985196;0.568819, -0.4700691, 3.048911;0.6673935, -0.4272727, 2.96319;0.2385136, -0.7191913, 3.056294;0.5701443, -0.4494185, 2.578663;0.5314988, -0.7698456, 3.031739;0.7161047, -0.7648697, 2.743229;0.5849386, -0.8115248, 3.020193;0.6773909, -0.7760856, 2.659404;
0.3254614, 0.08842092, 2.841553;0.435287, -0.05931974, 2.843397;0.5658323, -0.3413648, 2.958208;0.362204, -0.2038252, 2.996657;0.5481424, -0.1398702, 2.750701;0.3544447, -0.7834706, 3.020743;0.6587026, -0.7680734, 2.588726;0.5926273, -0.3960634, 2.985234;0.568729, -0.4695608, 3.049044;0.667264, -0.4255856, 2.963087;0.2391765, -0.7191403, 3.054923;0.5710155, -0.4497645, 2.578891;0.5326005, -0.7652089, 3.032071;0.7163922, -0.7647033, 2.742291;0.5120447, -0.700465, 3.020374;0.6771341, -0.77617, 2.658482;
0.3272073, 0.08604596, 2.840778;0.4359623, -0.06174173, 2.842154;0.5652835, -0.3410904, 2.958639;0.3635274, -0.1947194, 2.989496;0.5497117, -0.1439192, 2.748287;0.3541358, -0.7841229, 3.021116;0.6613384, -0.7759394, 2.588654;0.5914921, -0.395545, 2.986096;0.5666249, -0.4670359, 3.050956;0.6652062, -0.4260013, 2.964196;0.2383287, -0.7195199, 3.05505;0.5720459, -0.4495203, 2.579666;0.5314433, -0.7655932, 3.033171;0.7162548, -0.7647198, 2.742089;0.578717, -0.8158287, 3.031239;0.6769187, -0.7790343, 2.658634;
0.3280928, 0.08404002, 2.839106;0.4365652, -0.06283409, 2.841339;0.5691633, -0.3409285, 2.959293;0.3657514, -0.2008739, 2.99164;0.5498547, -0.1446328, 2.74842;0.3580634, -0.7850907, 3.016368;0.6627004, -0.7815008, 2.589059;0.5964074, -0.3953659, 2.987046;0.5742689, -0.467069, 3.052103;0.6696836, -0.4255012, 2.965076;0.23898, -0.7198578, 3.054131;0.5705255, -0.4497911, 2.582582;0.5465927, -0.7577689, 3.027064;0.7159194, -0.7648975, 2.742588;0.4622802, -0.7969101, 3.037126;0.6763461, -0.7786304, 2.658998;
0.3289928, 0.08280415, 2.838354;0.4370274, -0.06339578, 2.841019;0.5711229, -0.339612, 2.958987;0.3664331, -0.2032194, 2.991811;0.5500621, -0.1450904, 2.748596;0.3518757, -0.7766129, 3.014305;0.6629152, -0.7807339, 2.589242;0.5985983, -0.3937237, 2.986581;0.5771884, -0.4659173, 3.052204;0.6721445, -0.4239495, 2.964035;0.2404184, -0.7175934, 3.051391;0.5696621, -0.4065186, 2.58253;0.5442038, -0.7554567, 3.025568;0.7141303, -0.7328774, 2.735691;0.4648212, -0.7943857, 3.031158;0.6752385, -0.766219, 2.657074;
0.3300321, 0.08142114, 2.835625;0.4374738, -0.06356383, 2.84104;0.5733796, -0.3389533, 2.959586;0.3667927, -0.2034946, 2.991232;0.5502692, -0.1455439, 2.74877;0.3532982, -0.7747609, 3.013237;0.6645957, -0.7823347, 2.590493;0.6010336, -0.3930905, 2.987149;0.5797732, -0.4648218, 3.051812;0.6741216, -0.4228287, 2.964874;0.2412976, -0.7158403, 3.049876;0.562746, -0.4300055, 2.586033;0.5358899, -0.7478905, 3.029767;0.7107161, -0.7499086, 2.742473;0.4506555, -0.7872571, 3.032671;0.6752654, -0.7921339, 2.666425;
0.3312011, 0.08050089, 2.835482;0.4380715, -0.06421603, 2.840692;0.5700337, -0.3402763, 2.960012;0.3658799, -0.2063869, 2.993518;0.5505363, -0.1456027, 2.748639;0.3434894, -0.7977438, 3.016123;0.6648499, -0.7846327, 2.591079;0.5953761, -0.3951321, 2.987836;0.5680906, -0.469625, 3.052563;0.6688603, -0.42511, 2.9662;0.2314573, -0.7277917, 3.055132;0.5646374, -0.4337695, 2.585731;0.5336601, -0.755082, 3.028977;0.7111381, -0.753234, 2.744288;0.4675933, -0.7942063, 3.033116;0.6756192, -0.7938403, 2.667259;
0.3325429, 0.08005034, 2.834561;0.4383548, -0.06447945, 2.840453;0.5704314, -0.3400056, 2.960132;0.3648412, -0.2087487, 2.995551;0.5508249, -0.1464635, 2.748385;0.3345207, -0.7745564, 3.02029;0.6656139, -0.7840744, 2.591981;0.5960323, -0.3946931, 2.988036;0.5695528, -0.468807, 3.052631;0.6698679, -0.4243128, 2.96676;0.2311685, -0.7237917, 3.054901;0.5716057, -0.4233312, 2.585012;0.5423488, -0.7970576, 3.022697;0.7155991, -0.7454323, 2.740709;0.4631474, -0.8183133, 3.069193;0.6771694, -0.7916884, 2.668113;
0.3352194, 0.08158275, 2.835578;0.4392874, -0.06401697, 2.839705;0.5670758, -0.3433685, 2.955017;0.3661478, -0.2075064, 2.994382;0.5516527, -0.1463044, 2.748416;0.3341169, -0.7666928, 3.023899;0.666509, -0.7826567, 2.592798;0.5909034, -0.4001185, 2.980646;0.5630697, -0.4737034, 3.041551;0.6614878, -0.4319941, 2.956987;0.2328787, -0.7202648, 3.051992;0.572044, -0.4179834, 2.57383;0.5262547, -0.7606359, 3.026118;0.7161591, -0.7439296, 2.740133;0.463334, -0.8165104, 3.069033;0.6773564, -0.7912357, 2.668167;
0.3568746, 0.09328872, 2.830534;0.4408975, -0.06336317, 2.838924;0.5680884, -0.3381452, 2.954919;0.3664024, -0.2073734, 2.994365;0.553408, -0.1454274, 2.749148;0.3360128, -0.7739826, 3.020088;0.6680977, -0.7815365, 2.595536;0.5924054, -0.3924101, 2.981155;0.5647801, -0.4662003, 3.045145;0.6656034, -0.4224699, 2.957057;0.2282441, -0.6717326, 3.047091;0.5680625, -0.440764, 2.576513;0.5110176, -0.7591526, 3.026543;0.7150248, -0.7571544, 2.743895;0.4655736, -0.8197774, 3.069183;0.6766847, -0.7950206, 2.666137;
0.3554211, 0.09438014, 2.830169;0.4436951, -0.05999357, 2.835086;0.5770704, -0.3223872, 2.955077;0.3668625, -0.2067761, 2.994113;0.5557278, -0.1453851, 2.749645;0.3194305, -0.725638, 3.010314;0.6707025, -0.7695486, 2.602721;0.6041077, -0.3730584, 2.983113;0.5814281, -0.4432492, 3.05232;0.6799201, -0.4007917, 2.959293;0.4610126, -0.6521744, 3.026905;0.5590737, -0.4512562, 2.588937;0.52869, -0.7896065, 3.027126;0.7113525, -0.758742, 2.748552;0.4911176, -0.8507219, 3.063589;0.6785725, -0.7969053, 2.668308;
0.3555137, 0.09426102, 2.830159;0.4460368, -0.05803055, 2.835828;0.5661818, -0.3387643, 2.949281;0.3691019, -0.2053446, 2.992733;0.556767, -0.14406, 2.749233;0.3214353, -0.7335051, 3.015202;0.6708054, -0.7699499, 2.602649;0.5847989, -0.4021214, 2.972764;0.5509564, -0.4796814, 3.030208;0.650297, -0.4404853, 2.947252;0.4407857, -0.7294279, 3.030207;0.5682148, -0.439424, 2.562667;0.5311433, -0.7924396, 3.025528;0.7147258, -0.7616343, 2.750137;0.4932247, -0.8527897, 3.06194;0.6794703, -0.7970347, 2.669539;
0.3563257, 0.09450861, 2.830267;0.4476045, -0.05687527, 2.835674;0.6171983, -0.3223688, 2.930881;0.3718073, -0.2043127, 2.992442;0.5568936, -0.1427676, 2.749032;0.3322172, -0.7478093, 3.009199;0.6745204, -0.7761862, 2.605645;0.6498423, -0.3764069, 2.953341;0.6438701, -0.4478424, 3.002707;0.7119243, -0.3978541, 2.933824;0.3162332, -0.6180765, 3.075479;0.5459317, -0.4648199, 2.585742;0.5386982, -0.8113706, 3.033231;0.7169592, -0.7652289, 2.751008;0.4781774, -0.7767195, 3.026383;0.6807985, -0.801131, 2.671061;
0.3577917, 0.09649157, 2.831942;0.4496869, -0.05437749, 2.835977;0.559982, -0.3428832, 2.948936;0.3754345, -0.1955226, 2.992349;0.5580229, -0.1395761, 2.748462;0.3455519, -0.7494708, 3.003987;0.6770822, -0.7729578, 2.60186;0.5808309, -0.4020357, 2.974644;0.5511536, -0.4720055, 3.034918;0.6475464, -0.4371503, 2.951005;0.215118, -0.5556223, 2.866762;0.5745966, -0.4478563, 2.565357;0.5372061, -0.7749357, 3.028264;0.7175705, -0.7660175, 2.751484;0.4676181, -0.7820992, 3.025684;0.6994479, -0.8404819, 2.712258;
0.3663783, 0.1045183, 2.833195;0.4538584, -0.04848687, 2.836993;0.6201566, -0.3096017, 2.933645;0.3784797, -0.1885107, 2.990746;0.5589763, -0.1340967, 2.748323;0.343118, -0.7674692, 3.009652;0.6777858, -0.7706562, 2.600638;0.6520672, -0.3637298, 2.955975;0.6479018, -0.4345934, 3.008453;0.7139582, -0.3907833, 2.934702;0.4988518, -0.6382601, 2.711842;0.5495108, -0.4714859, 2.589068;0.5374222, -0.7751085, 3.028129;0.719322, -0.7678528, 2.75218;0.4678496, -0.7816728, 3.026093;0.6901726, -0.8201208, 2.696131;
0.3705739, 0.1189485, 2.83468;0.4571294, -0.03895263, 2.84053;0.6200438, -0.3084852, 2.933748;0.3781848, -0.1859771, 2.990763;0.5590273, -0.1290383, 2.749466;0.3414305, -0.7677653, 3.009558;0.6802562, -0.7722793, 2.593761;0.6519376, -0.362832, 2.955923;0.647651, -0.434026, 3.008143;0.7138403, -0.3894687, 2.934686;0.4947634, -0.6295354, 2.707924;0.5514443, -0.4732965, 2.588884;0.5003013, -0.7545921, 3.031016;0.7209258, -0.768513, 2.752737;0.4798797, -0.8198867, 3.016208;0.7113973, -0.834624, 2.729915;
0.3701697, 0.1308412, 2.834707;0.4601502, -0.01841605, 2.842405;0.6201878, -0.3067337, 2.93451;0.3786687, -0.181298, 2.992309;0.5622992, -0.1171415, 2.753694;0.3456857, -0.7338624, 3.021885;0.6845495, -0.6862999, 2.601648;0.6520183, -0.362225, 2.956399;0.6473681, -0.4338286, 3.007977;0.7139707, -0.3882322, 2.936131;0.4954098, -0.6349714, 2.711232;0.5531827, -0.4746137, 2.590244;0.5009755, -0.7532917, 3.030061;0.7222228, -0.7689819, 2.754293;0.5291396, -0.816485, 3.018854;0.710328, -0.8355621, 2.73204;
0.3763894, 0.1477398, 2.842725;0.462947, -0.00371115, 2.847811;0.6289949, -0.2730335, 2.946719;0.3777296, -0.1714013, 3.000529;0.5634228, -0.1042491, 2.752778;0.3640198, -0.7206581, 2.993905;0.6854954, -0.702853, 2.58989;0.6621164, -0.3273382, 2.969589;0.6583091, -0.4023978, 3.024334;0.726503, -0.3564258, 2.946834;0.5135565, -0.5852247, 2.711794;0.5973366, -0.5407296, 2.628123;0.5003116, -0.7529671, 3.029935;0.7138292, -0.7986322, 2.747512;0.5290041, -0.816223, 3.019831;0.7073553, -0.8651513, 2.726066;
0.3805811, 0.1633537, 2.846654;0.4630646, 0.01007191, 2.851401;0.6297127, -0.2662858, 2.947952;0.3797177, -0.1241235, 3.004487;0.5634502, -0.08720286, 2.756081;0.3312415, -0.6798117, 3.015879;0.6884703, -0.7112759, 2.589928;0.6629426, -0.3213681, 2.970595;0.6587544, -0.3911775, 3.022914;0.7261134, -0.346129, 2.949574;0.483532, -0.53884, 2.707376;0.6006502, -0.5391098, 2.634824;0.4955961, -0.7471858, 3.030558;0.6668295, -0.8238893, 2.64461;0.5271035, -0.8094455, 3.02338;0.6239039, -0.8832738, 2.606647;
0.3725231, 0.1827188, 2.846575;0.4626085, 0.03450058, 2.854549;0.6231866, -0.2401224, 2.947473;0.3810979, -0.117253, 3.005907;0.5664835, -0.06971273, 2.757373;0.3405011, -0.6558506, 3.019746;0.6858433, -0.7112706, 2.586542;0.6551942, -0.294929, 2.969349;0.6517546, -0.3714696, 3.025237;0.721841, -0.3297072, 2.946064;0.3267584, -0.5604056, 2.963199;0.6011512, -0.5388271, 2.640251;0.4003734, -0.8307253, 3.026236;0.7117469, -0.7800878, 2.750082;0.3577065, -0.8894637, 2.986754;0.7074531, -0.8478179, 2.731957;
0.3880047, 0.2174067, 2.872287;0.4711639, 0.05737077, 2.856809;0.6250889, -0.221308, 2.948738;0.3805335, -0.07548358, 3.02318;0.5675248, -0.05319105, 2.755532;0.3341777, -0.6401646, 3.027561;0.6855043, -0.6972666, 2.586585;0.6560208, -0.2768496, 2.970469;0.6542004, -0.3468156, 3.028092;0.7195518, -0.3146922, 2.946014;0.4336233, -0.5525432, 3.001984;0.6036894, -0.5371342, 2.648053;0.4962111, -0.7437578, 3.03212;0.7127842, -0.778749, 2.752896;0.4498429, -0.8021001, 2.996085;0.7069216, -0.8459152, 2.732768;
0.3882586, 0.2324603, 2.87424;0.4746827, 0.07795595, 2.86156;0.6330584, -0.1935521, 2.952642;0.3804507, -0.07087968, 3.023626;0.5642869, -0.0199657, 2.75465;0.333639, -0.6396477, 3.027291;0.6795153, -0.6566628, 2.59404;0.6648628, -0.2477974, 2.974119;0.6618516, -0.3200181, 3.03188;0.7292581, -0.2774563, 2.947726;0.4355811, -0.5528461, 3.001717;0.6111888, -0.5245141, 2.673061;0.4980022, -0.7435423, 3.031785;0.7143673, -0.778329, 2.757672;0.4537917, -0.8025709, 2.993933;0.7057146, -0.844475, 2.734986;
0.3929335, 0.2589525, 2.87962;0.4802037, 0.1049233, 2.863659;0.6310816, -0.1856085, 2.955167;0.3853565, -0.01698733, 3.027715;0.569906, 0.002856869, 2.76017;0.3333282, -0.6220798, 3.02826;0.6686252, -0.5563788, 2.618371;0.6621224, -0.2419377, 2.97666;0.6583702, -0.3123053, 3.034121;0.7247289, -0.2750776, 2.950855;0.4384317, -0.5507473, 3.002427;0.6126593, -0.5312999, 2.683781;0.5008653, -0.7400228, 3.030429;0.7152877, -0.7778019, 2.759224;0.4533967, -0.7974386, 2.994457;0.7053934, -0.8429945, 2.734797;
0.4051239, 0.2941326, 2.889104;0.4878041, 0.1351995, 2.866696;0.6349778, -0.1621431, 2.959079;0.385582, -0.01620554, 3.026729;0.5748274, 0.02768789, 2.7633;0.3279483, -0.5823057, 3.019296;0.6733246, -0.5323841, 2.619183;0.6646477, -0.2220301, 2.980577;0.6580981, -0.2952221, 3.03682;0.7270252, -0.259519, 2.955106;0.4443621, -0.5368683, 3.002967;0.6175574, -0.5245805, 2.69736;0.5109933, -0.7406895, 3.029542;0.7159519, -0.7780391, 2.759818;0.4648824, -0.797155, 2.990169;0.7048947, -0.8427417, 2.7343;
0.4087238, 0.3229563, 2.895192;0.4887175, 0.1604463, 2.870041;0.6224205, -0.1498371, 2.965014;0.3890608, 0.009466043, 3.023898;0.5759318, 0.0539699, 2.766132;0.35671, -0.5682076, 3.017166;0.6699319, -0.528606, 2.619017;0.6481606, -0.2105373, 2.987806;0.6286988, -0.2736331, 3.046987;0.7087871, -0.252566, 2.962218;0.4453872, -0.5282146, 3.001588;0.6223923, -0.526965, 2.707079;0.5210114, -0.7470501, 3.028725;0.7119004, -0.7954578, 2.747231;0.4736925, -0.8019537, 2.988332;0.7022356, -0.8633186, 2.730619;
0.4109377, 0.3526896, 2.899184;0.4922639, 0.1958435, 2.876939;0.6121826, -0.1273482, 2.971563;0.3932157, 0.05506862, 3.025397;0.5798126, 0.09119154, 2.773805;0.3626827, -0.5464476, 3.012324;0.6496468, -0.4622856, 2.624463;0.6365877, -0.1914445, 2.99386;0.6213259, -0.2576958, 3.048482;0.6928365, -0.236213, 2.970577;0.4164311, -0.5684496, 2.992672;0.6285498, -0.5192315, 2.720122;0.5059513, -0.8363582, 3.031976;0.716365, -0.7883877, 2.756579;0.4570747, -0.8895177, 2.990891;0.7021743, -0.8520423, 2.729486;
0.4275011, 0.3995982, 2.908163;0.4984215, 0.2260081, 2.879526;0.6109744, -0.1130206, 2.974487;0.4003638, 0.07723295, 3.024186;0.5781189, 0.1104855, 2.773783;0.3682476, -0.4920531, 3.013308;0.6587263, -0.4479078, 2.631399;0.6342874, -0.1798423, 2.99671;0.6188872, -0.2405595, 3.049177;0.6871874, -0.225049, 2.974247;0.4253315, -0.5570415, 2.991726;0.6315179, -0.5124841, 2.728626;0.5048767, -0.827574, 3.030147;0.7170887, -0.7782026, 2.761668;0.4539932, -0.8795095, 2.989724;0.7045998, -0.8417996, 2.733393;
0.4298269, 0.4459128, 2.913678;0.5105032, 0.2216342, 2.888689;0.6136105, -0.09337728, 2.977235;0.4078263, 0.1250753, 3.02698;0.5830727, 0.1565192, 2.785079;0.3662049, -0.4695767, 3.013219;0.6552675, -0.4434529, 2.627343;0.634209, -0.1511686, 2.99826;0.6185183, -0.2136377, 3.047639;0.6852493, -0.1988748, 2.976552;0.4373344, -0.536687, 2.993906;0.6364545, -0.5002117, 2.738412;0.5122519, -0.8083501, 3.030365;0.7173726, -0.7772428, 2.761606;0.4616264, -0.8602961, 2.989468;0.7046742, -0.8409497, 2.7335;
0.4257436, 0.466783, 2.916142;0.5111464, 0.3113617, 2.889808;0.6120372, -0.02774405, 2.980876;0.4117734, 0.1695439, 3.022314;0.586689, 0.1772272, 2.787144;0.3582993, -0.4178971, 3.015553;0.6555517, -0.4024406, 2.611184;0.6322153, -0.09556521, 3.002419;0.6163815, -0.1591771, 3.057886;0.6821665, -0.1466259, 2.974849;0.4606234, -0.4935018, 2.996869;0.6394964, -0.4926484, 2.745522;0.5308284, -0.765844, 3.033384;0.7177475, -0.7769048, 2.761774;0.4784661, -0.8165359, 2.992898;0.7046931, -0.8406848, 2.733783;
0.446931, 0.4993901, 2.932626;0.5286064, 0.3028164, 2.9064;0.6129929, -0.0240632, 2.982028;0.4123083, 0.1900219, 3.026861;0.5904253, 0.2259817, 2.793307;0.3650394, -0.3776966, 3.020232;0.6522865, -0.3274145, 2.622798;0.6319206, -0.08903106, 3.00251;0.6151197, -0.149735, 3.057049;0.6812763, -0.1431341, 2.974302;0.4657766, -0.486496, 2.999818;0.6478525, -0.4764937, 2.756374;0.5313441, -0.7497326, 3.033827;0.7178135, -0.7755687, 2.76194;0.4797109, -0.7986669, 2.990234;0.705293, -0.8391693, 2.733173;
0.4499731, 0.5148373, 2.937736;0.5363501, 0.3179966, 2.917613;0.6170473, -0.003632457, 2.985672;0.4192939, 0.2151257, 3.029719;0.5917439, 0.2428347, 2.795499;0.3687892, -0.3282641, 3.018224;0.6541317, -0.3112555, 2.628064;0.6338866, -0.06775196, 3.003285;0.6165108, -0.126736, 3.055815;0.6811788, -0.1245908, 2.972968;0.4767398, -0.4670082, 3.001555;0.6528826, -0.4626229, 2.767052;0.5323718, -0.7484581, 3.033731;0.7183989, -0.7757246, 2.763999;0.479018, -0.7965484, 2.991179;0.705189, -0.8400424, 2.737082;
0.4650985, 0.5618238, 2.955436;0.5523753, 0.3639398, 2.940946;0.6114906, 0.05698251, 2.991818;0.4226573, 0.2672547, 3.049715;0.599952, 0.2908069, 2.807162;0.3708143, -0.3179599, 3.019004;0.649784, -0.2901523, 2.630341;0.6233137, -0.004408941, 3.005322;0.6046285, -0.07035334, 3.056047;0.6661653, -0.0639496, 2.971887;0.4843314, -0.4488317, 3.001597;0.6579973, -0.4527693, 2.767631;0.5322725, -0.7471966, 3.033123;0.719394, -0.7753298, 2.763397;0.47666, -0.7923039, 2.990066;0.7053432, -0.8397466, 2.736995;
0.4827473, 0.6190958, 2.978539;0.5492678, 0.4547238, 2.94911;0.6099831, 0.07857964, 2.988801;0.4294651, 0.3060528, 3.052384;0.6025757, 0.3079376, 2.809899;0.3774001, -0.2764233, 3.024718;0.6483203, -0.2507215, 2.640187;0.6223695, 0.004984509, 3.002166;0.6008481, -0.05991141, 3.052177;0.6658897, -0.05105776, 2.964473;0.4890643, -0.4411011, 3.002076;0.6679792, -0.4326636, 2.77271;0.5333817, -0.7448915, 3.034636;0.7204996, -0.7737069, 2.764411;0.4754702, -0.7879815, 2.992344;0.7057015, -0.8380063, 2.737888;
0.4857647, 0.63424, 2.985627;0.5563917, 0.4721864, 2.957407;0.6111444, 0.1103103, 2.984155;0.4316255, 0.3157991, 3.050576;0.6087601, 0.3468595, 2.816333;0.3762064, -0.2616045, 3.023401;0.6430323, -0.2333473, 2.637866;0.6217611, 0.0390484, 2.992366;0.5920929, -0.02992209, 3.044476;0.6703593, -0.01220199, 2.943988;0.4938275, -0.4343224, 3.005598;0.6691793, -0.4269884, 2.774796;0.5338794, -0.7436425, 3.034139;0.7219541, -0.7719936, 2.764768;0.4772976, -0.7852993, 2.989066;0.7063157, -0.8362757, 2.739118;
0.5144528, 0.6741606, 2.99686;0.5697509, 0.5062417, 2.958504;0.6041929, 0.1433481, 2.979183;0.4371201, 0.3394947, 3.045735;0.61349, 0.3633568, 2.824498;0.3803376, -0.2333703, 3.025837;0.6445951, -0.2201048, 2.643379;0.611043, 0.07141533, 2.986536;0.5777371, -0.0009903391, 3.041974;0.6597193, 0.007412267, 2.936702;0.4969488, -0.4315348, 3.006474;0.6712128, -0.4174405, 2.77879;0.5346631, -0.7435524, 3.034611;0.7244893, -0.7705327, 2.765183;0.4780504, -0.7831221, 2.987826;0.7071883, -0.8341945, 2.739014;
0.5147228, 0.6907992, 3.00142;0.5775332, 0.525306, 2.96295;0.6022574, 0.1564193, 2.976793;0.4414321, 0.3731535, 3.053838;0.6197476, 0.383023, 2.826896;0.3829687, -0.2308291, 3.041619;0.6394264, -0.2120405, 2.649531;0.6075363, 0.08358756, 2.983054;0.5719306, 0.01216583, 3.03801;0.653093, 0.02111677, 2.929956;0.5025954, -0.4255194, 3.007701;0.6728201, -0.4106869, 2.778527;0.5358679, -0.743854, 3.034879;0.7263588, -0.7689745, 2.765;0.4781882, -0.7822829, 2.988415;0.7072018, -0.8340289, 2.738319;
0.5131992, 0.7101403, 3.004313;0.5839959, 0.5479288, 2.973692;0.5976237, 0.172484, 2.975128;0.4449759, 0.3864927, 3.063658;0.6349618, 0.4074276, 2.833226;0.3874186, -0.191687, 3.034273;0.649096, -0.1623999, 2.655468;0.6006686, 0.09882925, 2.979191;0.5607238, 0.02708267, 3.030799;0.6452382, 0.0372853, 2.924931;0.5086943, -0.416361, 3.006094;0.6748972, -0.4050062, 2.780388;0.536909, -0.7437767, 3.0345;0.7271991, -0.768395, 2.765915;0.4796974, -0.7806385, 2.986227;0.7079205, -0.8353595, 2.742651;
0.5403208, 0.7303202, 3.018661;0.589502, 0.5597612, 2.97886;0.5974966, 0.1854349, 2.972348;0.4479563, 0.3954845, 3.066068;0.641427, 0.4204172, 2.83655;0.3874439, -0.1841194, 3.035086;0.6500592, -0.152517, 2.659726;0.5992675, 0.1114636, 2.974574;0.5577657, 0.03719992, 3.025519;0.6437916, 0.0487875, 2.918477;0.5120587, -0.4119006, 3.005643;0.6766932, -0.3982534, 2.781878;0.5390693, -0.7434169, 3.036012;0.7300854, -0.7671311, 2.768043;0.4820755, -0.7793773, 2.987029;0.7083703, -0.8349414, 2.740843;
0.542399, 0.7522507, 3.027574;0.6050469, 0.5862384, 2.998025;0.5962422, 0.1979127, 2.970821;0.4524363, 0.42274, 3.076329;0.6452497, 0.4318946, 2.838549;0.3884605, -0.1644677, 3.039617;0.6518978, -0.1429348, 2.662716;0.5958401, 0.1228513, 2.970378;0.5517519, 0.04938197, 3.01699;0.6375564, 0.06351562, 2.911996;0.5169669, -0.4079901, 3.004763;0.6771455, -0.3943872, 2.785597;0.5413599, -0.7441777, 3.036487;0.732278, -0.7667082, 2.770432;0.4828805, -0.778313, 2.988174;0.7109031, -0.8331622, 2.743427;
0.546901, 0.7560015, 3.032118;0.606848, 0.5885367, 2.999585;0.5945578, 0.2074561, 2.968392;0.4560362, 0.433057, 3.080259;0.6512716, 0.4435276, 2.842212;0.3879926, -0.1574901, 3.03943;0.6536644, -0.1347279, 2.66699;0.5922955, 0.1331818, 2.965804;0.5468519, 0.05708811, 3.012387;0.6332375, 0.07274607, 2.904788;0.521758, -0.4013344, 3.004317;0.678437, -0.3915499, 2.787658;0.5439885, -0.7425473, 3.035904;0.7327768, -0.7672541, 2.770745;0.4856505, -0.7761518, 2.987234;0.7109082, -0.8340183, 2.744793;
0.5694653, 0.7720643, 3.045074;0.6109627, 0.5986272, 3.003729;0.5909055, 0.2164142, 2.965253;0.4587394, 0.4375626, 3.079279;0.6575024, 0.4551035, 2.84577;0.3836453, -0.177125, 3.039874;0.6541994, -0.1398898, 2.667464;0.5868119, 0.1415402, 2.960901;0.5385278, 0.0648529, 3.006757;0.6266946, 0.08038741, 2.896859;0.5246241, -0.4005187, 3.004988;0.6809658, -0.3885458, 2.790593;0.5476447, -0.7433959, 3.037706;0.73331, -0.7663591, 2.770613;0.4898872, -0.7762659, 2.988061;0.7107213, -0.8340878, 2.745435;
0.5711929, 0.7810013, 3.053535;0.6240148, 0.610377, 3.013687;0.5890752, 0.2216384, 2.963727;0.4659579, 0.4513019, 3.078393;0.6633644, 0.4634914, 2.85073;0.3818554, -0.1717556, 3.044621;0.6570708, -0.1084539, 2.670425;0.5828218, 0.1465574, 2.957644;0.5319631, 0.07124989, 3.000952;0.6200923, 0.08499204, 2.892085;0.5260003, -0.3985629, 3.004553;0.6834919, -0.3827597, 2.796474;0.5491202, -0.7433518, 3.038958;0.7349901, -0.7623055, 2.770661;0.4916447, -0.7753225, 2.988562;0.7107862, -0.8342727, 2.745656;
0.5729153, 0.7822118, 3.05497;0.6271995, 0.6118013, 3.018663;0.5875217, 0.2249711, 2.962394;0.4719386, 0.4561508, 3.077255;0.6657789, 0.4675162, 2.852609;0.3826281, -0.1621619, 3.043351;0.6579404, -0.1030398, 2.67149;0.5796932, 0.1502178, 2.954532;0.5284113, 0.07455408, 2.997153;0.6145508, 0.0902999, 2.886258;0.5275949, -0.3973333, 3.003358;0.6842391, -0.3794671, 2.798136;0.5496554, -0.7437789, 3.039968;0.7393082, -0.7489734, 2.774896;0.4919623, -0.7754142, 2.989638;0.7132488, -0.8313953, 2.758607;
0.5759881, 0.7854007, 3.05656;0.6310114, 0.6150552, 3.023641;0.5847719, 0.2281595, 2.96085;0.4750681, 0.4578152, 3.077237;0.6685494, 0.4697592, 2.854037;0.3818592, -0.1634651, 3.045623;0.6594458, -0.09989352, 2.672308;0.5749547, 0.1532487, 2.951318;0.5220371, 0.07784369, 2.992803;0.6082672, 0.0931031, 2.881614;0.5292859, -0.3967422, 3.00316;0.6835212, -0.3775245, 2.799167;0.5516143, -0.744235, 3.041113;0.7399615, -0.7485477, 2.77515;0.4938965, -0.7755655, 2.990633;0.7133393, -0.8309467, 2.75688;
0.5779768, 0.7858923, 3.062176;0.6334738, 0.6153264, 3.027097;0.5808527, 0.2300507, 2.959575;0.4776695, 0.4576911, 3.07884;0.6697997, 0.47045, 2.856459;0.3811685, -0.1632709, 3.049038;0.6599539, -0.09848792, 2.672552;0.5686397, 0.1550876, 2.948612;0.5144848, 0.07918265, 2.990448;0.5989556, 0.09411297, 2.875809;0.5291259, -0.3964463, 3.002912;0.6833704, -0.3771186, 2.799617;0.5524822, -0.743827, 3.041113;0.7399947, -0.74858, 2.775178;0.4945804, -0.7749512, 2.990761;0.7143211, -0.8305449, 2.757409;
0.5827954, 0.7871624, 3.064946;0.6356371, 0.6154563, 3.029127;0.5781561, 0.2299801, 2.95917;0.4812707, 0.4579369, 3.084327;0.6712344, 0.4710743, 2.85895;0.3809793, -0.1663416, 3.050486;0.6611823, -0.09656138, 2.672483;0.5645937, 0.1543435, 2.947739;0.5100931, 0.07918193, 2.988781;0.5944083, 0.09354284, 2.875958;0.529489, -0.3966119, 3.002932;0.6803335, -0.3738334, 2.799167;0.5528962, -0.7438548, 3.041514;0.7398274, -0.7483938, 2.775224;0.494359, -0.7749146, 2.991893;0.7133686, -0.8299726, 2.758032;
0.5849779, 0.7877155, 3.066841;0.6371224, 0.6155034, 3.030638;0.5757242, 0.2307732, 2.958054;0.4816675, 0.4552484, 3.08573;0.672215, 0.4709997, 2.861174;0.3809677, -0.1666595, 3.04788;0.661195, -0.09644154, 2.672415;0.5614034, 0.1550276, 2.946004;0.5055885, 0.07900438, 2.987232;0.5907431, 0.09394126, 2.872723;0.5293212, -0.396619, 3.002805;0.6791517, -0.3766025, 2.798965;0.5527524, -0.7439458, 3.041831;0.7401417, -0.748494, 2.775231;0.4942471, -0.7749466, 2.992172;0.7141584, -0.829731, 2.754784;
0.589448, 0.7877995, 3.070484;0.6393139, 0.6146097, 3.033004;0.5736465, 0.2306285, 2.95679;0.4821938, 0.4547862, 3.085433;0.6727422, 0.4695773, 2.862693;0.3803031, -0.1703471, 3.049475;0.6612876, -0.09626213, 2.672112;0.5584406, 0.1546773, 2.943874;0.5018625, 0.07811385, 2.985132;0.5869173, 0.09349311, 2.8689;0.5279221, -0.3958477, 3.00118;0.6751374, -0.3776606, 2.796897;0.554079, -0.7460945, 3.043221;0.7392023, -0.750854, 2.776889;0.4958089, -0.7770424, 2.993331;0.7132935, -0.8308597, 2.753389;
0.590888, 0.7869925, 3.071122;0.6402863, 0.6134139, 3.03436;0.5720339, 0.2300512, 2.955148;0.483194, 0.4521506, 3.084011;0.6738051, 0.4694701, 2.864253;0.3836071, -0.1376669, 3.04359;0.6613688, -0.09610181, 2.671114;0.5565001, 0.1539697, 2.941528;0.4993133, 0.07759405, 2.981081;0.5857455, 0.09367649, 2.867699;0.5279243, -0.3960909, 3.000887;0.6730211, -0.3763056, 2.795259;0.554116, -0.7459641, 3.043129;0.739043, -0.7513179, 2.776169;0.4960124, -0.7769197, 2.992994;0.7129274, -0.8327707, 2.754617;
0.5912419, 0.7871602, 3.071262;0.6417932, 0.6136833, 3.036287;0.5711957, 0.2305138, 2.95472;0.48238, 0.4526946, 3.089095;0.6748414, 0.4694485, 2.865993;0.3834771, -0.1374281, 3.042872;0.6614881, -0.09577081, 2.670617;0.5554398, 0.1544629, 2.94083;0.4975896, 0.07785291, 2.98024;0.5847615, 0.09405828, 2.866587;0.5275843, -0.3962832, 3.000644;0.6692338, -0.3735231, 2.79449;0.5540206, -0.7456971, 3.043119;0.7380561, -0.7524626, 2.774504;0.4958166, -0.7766669, 2.993117;0.7127174, -0.8328516, 2.752715;
0.5934818, 0.7863579, 3.071277;0.6441308, 0.6127196, 3.038603;0.5702461, 0.2296448, 2.953611;0.4865585, 0.4482699, 3.075637;0.675715, 0.4687092, 2.866108;0.3843688, -0.1395499, 3.039757;0.6616965, -0.0958816, 2.67005;0.5539659, 0.153185, 2.938936;0.4959279, 0.07650068, 2.978768;0.5824094, 0.09201187, 2.862441;0.5260854, -0.3963332, 2.999997;0.6671109, -0.3721582, 2.794727;0.5538979, -0.7457478, 3.042804;0.7381293, -0.7530451, 2.774869;0.4966001, -0.7767062, 2.991863;0.712331, -0.833041, 2.75219;
0.5936691, 0.7855384, 3.071665;0.6448556, 0.6118157, 3.039321;0.5692858, 0.228893, 2.952959;0.4888508, 0.4541175, 3.07719;0.6758145, 0.468205, 2.866462;0.3845529, -0.1405496, 3.03839;0.6613771, -0.0955036, 2.668295;0.5528349, 0.1523836, 2.93812;0.495142, 0.07598144, 2.978031;0.581