0.5742316, 0.8173809, 3.039907;0.6383644, 0.5952746, 3.00593;0.5822672, 0.2237995, 2.938311;0.4812696, 0.4387918, 3.070129;0.701934, 0.4494902, 2.855627;0.3904688, -0.1952387, 2.969367;0.5973374, -0.1146147, 2.658308;0.5710477, 0.1495045, 2.928322;0.5103679, 0.07405445, 2.969925;0.6096668, 0.07886869, 2.856547;0.5413807, -0.4127589, 2.992419;0.6896602, -0.3702628, 2.788143;0.571479, -0.7718377, 3.028949;0.7532768, -0.750948, 2.751206;0.5313138, -0.8456264, 3.023068;0.6979457, -0.7829652, 2.69406;
0.5752671, 0.8163795, 3.039701;0.6382464, 0.5951635, 3.005614;0.5821927, 0.2239712, 2.938316;0.4812283, 0.4387284, 3.070129;0.7023351, 0.4507324, 2.85582;0.390732, -0.1951942, 2.969302;0.6621482, -0.1237834, 2.676644;0.5709619, 0.1498104, 2.928467;0.5101708, 0.07402418, 2.970294;0.6096299, 0.0791993, 2.856618;0.5414343, -0.4123691, 2.992197;0.6895444, -0.3715717, 2.788333;0.5689979, -0.7651951, 3.028517;0.7538814, -0.7508113, 2.751011;0.5258947, -0.8450681, 3.025373;0.7325473, -0.8352486, 2.724615;
0.5772154, 0.8149832, 3.040116;0.6365304, 0.5930632, 3.001187;0.581891, 0.2240741, 2.938034;0.4811141, 0.4387189, 3.072277;0.7020227, 0.4503994, 2.855319;0.3905655, -0.1953911, 2.96877;0.6622704, -0.1237806, 2.676633;0.5705855, 0.1501211, 2.928484;0.5098325, 0.07467007, 2.970482;0.6089382, 0.07986842, 2.857783;0.5412314, -0.4111088, 2.991836;0.6896837, -0.3719072, 2.788189;0.5699826, -0.763884, 3.02963;0.7540587, -0.7504731, 2.750632;0.5267372, -0.84314, 3.024565;0.7329441, -0.8349354, 2.72689;
0.5888696, 0.7899756, 3.049874;0.6365494, 0.5936723, 3.001598;0.5817565, 0.2241015, 2.938052;0.480819, 0.4387116, 3.072285;0.7018511, 0.4505322, 2.855196;0.3908132, -0.1953438, 2.969605;0.6625112, -0.1216361, 2.676681;0.5704383, 0.1501086, 2.928495;0.5096437, 0.07468646, 2.970386;0.6088045, 0.07994802, 2.857906;0.5407981, -0.410089, 2.991715;0.6896417, -0.3718424, 2.788159;0.5699046, -0.7619013, 3.02949;0.7538241, -0.7500976, 2.750153;0.5267471, -0.8424493, 3.024333;0.7328417, -0.8349171, 2.726991;
0.5902754, 0.7745205, 3.04584;0.6365293, 0.5933557, 3.001848;0.5816627, 0.2237157, 2.938313;0.4808567, 0.439037, 3.073316;0.7004457, 0.4507042, 2.855648;0.3908332, -0.1950118, 2.969796;0.6620931, -0.1211956, 2.676777;0.5703619, 0.1497143, 2.928797;0.509773, 0.0743133, 2.970828;0.608586, 0.07954078, 2.858111;0.5401049, -0.4090259, 2.991168;0.6902121, -0.374292, 2.788658;0.5699375, -0.7615116, 3.029616;0.7539205, -0.7500666, 2.750211;0.5265195, -0.8418287, 3.024219;0.732493, -0.8355598, 2.724988;
0.5917813, 0.767159, 3.04567;0.6363107, 0.5931234, 3.002001;0.5816162, 0.2236571, 2.93833;0.4807731, 0.4390846, 3.073949;0.6999542, 0.4508647, 2.855862;0.3911052, -0.1934141, 2.969837;0.6633331, -0.1127681, 2.677697;0.5703459, 0.1496818, 2.92881;0.5098045, 0.07427423, 2.97085;0.6085691, 0.07952667, 2.858108;0.5399592, -0.4088812, 2.991139;0.6902393, -0.3725361, 2.788518;0.5694064, -0.7598504, 3.028963;0.754503, -0.7493442, 2.750347;0.5260278, -0.8408016, 3.022921;0.7326121, -0.8353918, 2.725126;
0.5902205, 0.7704858, 3.046589;0.6364514, 0.5930932, 3.002567;0.5815447, 0.221728, 2.938636;0.4804106, 0.4386588, 3.074063;0.700019, 0.4511539, 2.856082;0.3924196, -0.1932639, 2.972919;0.6632922, -0.1124578, 2.678203;0.570248, 0.1469769, 2.929044;0.5095388, 0.0707658, 2.970701;0.6087208, 0.07765225, 2.8585;0.5398644, -0.4095857, 2.991691;0.6894962, -0.3715809, 2.788762;0.5706845, -0.7634901, 3.030004;0.7544971, -0.7493066, 2.75044;0.5253643, -0.8419231, 3.020824;0.732597, -0.8355005, 2.726246;
0.5885598, 0.773433, 3.046273;0.6355345, 0.5921615, 3.002403;0.5812399, 0.2199094, 2.938542;0.4804115, 0.4386482, 3.074006;0.6999018, 0.4510964, 2.856357;0.3920031, -0.1926205, 2.972853;0.663129, -0.1120803, 2.678571;0.5701581, 0.1450877, 2.929044;0.5097932, 0.06895908, 2.970972;0.6087389, 0.07516557, 2.858281;0.5398542, -0.409393, 2.991802;0.689535, -0.3713648, 2.789178;0.5714198, -0.7614995, 3.031996;0.7546891, -0.7492503, 2.750554;0.5252024, -0.8408057, 3.020788;0.7325683, -0.8354345, 2.726197;
0.5872499, 0.7761459, 3.045736;0.6350701, 0.5917708, 3.002222;0.5811747, 0.2199218, 2.938449;0.4802653, 0.4384104, 3.073679;0.6995158, 0.4507232, 2.856175;0.3922348, -0.1927816, 2.972558;0.6625534, -0.1146494, 2.678339;0.5701212, 0.1451411, 2.92896;0.5098408, 0.06939124, 2.970652;0.608686, 0.0754557, 2.858451;0.5400829, -0.4080333, 2.991602;0.689549, -0.3707708, 2.789057;0.5725572, -0.7550967, 3.034584;0.7547766, -0.7490537, 2.750593;0.5258663, -0.8359926, 3.018952;0.7326931, -0.8349488, 2.726631;
0.5864955, 0.7794011, 3.045567;0.6352031, 0.5924273, 3.002592;0.5802167, 0.2205704, 2.93914;0.4801913, 0.4384835, 3.073704;0.6993808, 0.4508365, 2.855689;0.3923842, -0.1927714, 2.97276;0.6627588, -0.1132462, 2.678463;0.5688345, 0.1459042, 2.92984;0.5083132, 0.06946756, 2.971632;0.6067628, 0.07772046, 2.859869;0.5391614, -0.4041922, 2.989858;0.6887012, -0.369642, 2.789268;0.5707991, -0.7496457, 3.034117;0.7549937, -0.7490336, 2.750401;0.527068, -0.8348691, 3.019972;0.7330202, -0.8350427, 2.727528;
0.5864403, 0.7817703, 3.043652;0.6350521, 0.59236, 3.002711;0.5797659, 0.2207999, 2.939409;0.4803056, 0.4387865, 3.073552;0.6990733, 0.4503341, 2.854991;0.3930612, -0.1897504, 2.972198;0.6634616, -0.1138967, 2.677054;0.5683413, 0.1462638, 2.930164;0.5078884, 0.06950356, 2.972039;0.6061575, 0.0785181, 2.860123;0.5392518, -0.4037589, 2.989691;0.6885648, -0.3695833, 2.789157;0.5709344, -0.7486138, 3.033984;0.7552612, -0.7486405, 2.750365;0.5285524, -0.8259682, 3.01862;0.733007, -0.8351208, 2.728158;
0.5864557, 0.7839093, 3.044717;0.6350464, 0.5923827, 3.002657;0.5794287, 0.2207031, 2.939413;0.4802405, 0.4385279, 3.073696;0.6982347, 0.450666, 2.854972;0.3932719, -0.1890937, 2.972486;0.6635374, -0.1135388, 2.677656;0.5679293, 0.146138, 2.930205;0.5076228, 0.06935539, 2.971968;0.605446, 0.07911917, 2.860634;0.5388206, -0.4022949, 2.989033;0.6894406, -0.3701999, 2.789307;0.5702408, -0.7477326, 3.033379;0.7552472, -0.7487207, 2.750154;0.5290579, -0.8238723, 3.019472;0.7327626, -0.83517, 2.728927;
0.5867429, 0.786573, 3.043928;0.6352699, 0.593179, 3.00229;0.5791011, 0.2205154, 2.939561;0.4802575, 0.4386208, 3.073647;0.6978597, 0.4505928, 2.855033;0.3940684, -0.1890227, 2.973165;0.6623349, -0.1128329, 2.676106;0.5674074, 0.1457263, 2.930479;0.5074391, 0.06928359, 2.972009;0.604488, 0.07901461, 2.861908;0.5388896, -0.4023569, 2.989114;0.6889262, -0.3696314, 2.789776;0.5702604, -0.74752, 3.033502;0.7553634, -0.7485721, 2.750041;0.5291787, -0.8241881, 3.019628;0.7327254, -0.8351674, 2.729074;
0.5854758, 0.7895901, 3.042901;0.6345465, 0.594687, 3.001339;0.5785294, 0.2209, 2.939565;0.4801359, 0.4386989, 3.073733;0.6962188, 0.4517408, 2.855947;0.3940768, -0.1889401, 2.973173;0.6627759, -0.1111739, 2.678018;0.5668948, 0.1460182, 2.930597;0.5071568, 0.06946916, 2.972097;0.6037545, 0.0800647, 2.862476;0.5388391, -0.4022025, 2.988897;0.6885335, -0.3691197, 2.789898;0.5702938, -0.7474559, 3.033431;0.7556861, -0.7480672, 2.750257;0.529299, -0.8243656, 3.019848;0.7326183, -0.8348093, 2.728847;
0.5850384, 0.7908734, 3.043434;0.634415, 0.594559, 3.001976;0.5782914, 0.2202792, 2.939791;0.4799865, 0.4380468, 3.07232;0.6954292, 0.4519436, 2.856186;0.3942986, -0.1897374, 2.975043;0.6629633, -0.1096919, 2.678152;0.5666692, 0.14525, 2.930751;0.50735, 0.06824519, 2.971748;0.6035541, 0.07997079, 2.862782;0.5388394, -0.4022076, 2.989023;0.6885448, -0.3691286, 2.790029;0.569995, -0.7489035, 3.032946;0.7555887, -0.7480575, 2.75039;0.529032, -0.8265574, 3.020149;0.7328999, -0.8350676, 2.729488;
0.5852413, 0.7911835, 3.043896;0.6335835, 0.5933117, 3.001248;0.5777858, 0.2200096, 2.939553;0.4798008, 0.4379956, 3.07246;0.6946474, 0.4519634, 2.855964;0.3947315, -0.1900082, 2.975854;0.6629104, -0.1104855, 2.67833;0.5662836, 0.1451224, 2.930594;0.5070537, 0.06817652, 2.971535;0.6032878, 0.0801084, 2.862786;0.5388398, -0.4022137, 2.989002;0.6885161, -0.3691444, 2.790002;0.5691056, -0.7471464, 3.03215;0.7556413, -0.7475926, 2.750298;0.529078, -0.827279, 3.020916;0.7328225, -0.8345966, 2.728987;
0.5848316, 0.7920884, 3.043106;0.6333266, 0.5930681, 3.001162;0.5774203, 0.2196065, 2.939453;0.4797437, 0.4380775, 3.072622;0.6939424, 0.451458, 2.855946;0.3947251, -0.1898111, 2.975878;0.6625667, -0.1103376, 2.678288;0.5659577, 0.1447385, 2.930511;0.5068591, 0.06791275, 2.97135;0.6031282, 0.08013002, 2.862864;0.538834, -0.4021837, 2.989234;0.6885415, -0.3692593, 2.789867;0.5700726, -0.7483377, 3.032389;0.7556173, -0.7476246, 2.750357;0.5286759, -0.8280261, 3.020051;0.7328794, -0.8344431, 2.729161;
0.5838966, 0.7928496, 3.042789;0.6335359, 0.5930228, 3.001004;0.577298, 0.2195404, 2.939327;0.4793372, 0.4378578, 3.072964;0.6938404, 0.4512843, 2.85575;0.3950412, -0.1898493, 2.975707;0.6624445, -0.1101678, 2.67834;0.565765, 0.1446661, 2.930379;0.5063999, 0.06780558, 2.971068;0.6030299, 0.08019189, 2.862832;0.5386637, -0.4027587, 2.989047;0.6886727, -0.3693489, 2.789815;0.5701002, -0.749878, 3.031979;0.7555357, -0.7475913, 2.750413;0.5283486, -0.8294286, 3.019886;0.7329406, -0.8342035, 2.729165;
0.5837132, 0.7931943, 3.04211;0.6335635, 0.5924183, 3.000739;0.5772666, 0.2193773, 2.939302;0.4793042, 0.4382003, 3.072996;0.6931653, 0.4512821, 2.85572;0.3950433, -0.1898544, 2.975965;0.6623614, -0.1101971, 2.67827;0.5657479, 0.1445763, 2.930399;0.506527, 0.06762447, 2.971046;0.6029458, 0.08018161, 2.862892;0.5385865, -0.4025628, 2.989054;0.6878955, -0.3688361, 2.790204;0.5699744, -0.7496964, 3.032351;0.7555856, -0.7476763, 2.75058;0.5292029, -0.8256655, 3.02223;0.7329857, -0.8341997, 2.729593;
0.5834196, 0.7943109, 3.042003;0.6336715, 0.592706, 3.000808;0.577158, 0.2193478, 2.939277;0.4792005, 0.438319, 3.072404;0.6928072, 0.451168, 2.855589;0.3952033, -0.1885694, 2.976011;0.6624679, -0.1098109, 2.678212;0.5655822, 0.1444997, 2.930375;0.5063866, 0.06761799, 2.971003;0.6027719, 0.08025181, 2.862938;0.5388613, -0.403197, 2.989398;0.6877486, -0.3683208, 2.789895;0.5703976, -0.7507366, 3.032751;0.7556158, -0.7475416, 2.75055;0.5298636, -0.8288942, 3.023989;0.7330266, -0.8342047, 2.72973;
0.584412, 0.7959306, 3.04245;0.6335249, 0.5931991, 3.00107;0.5771055, 0.2193342, 2.93924;0.4787684, 0.4381172, 3.070467;0.6924172, 0.4510615, 2.85562;0.3949597, -0.1882911, 2.97584;0.6619287, -0.1129072, 2.677455;0.5655296, 0.1444527, 2.930317;0.5063539, 0.06763957, 2.970829;0.6027407, 0.0803789, 2.863009;0.538809, -0.4016314, 2.988633;0.6877936, -0.3683975, 2.789864;0.5704426, -0.7485817, 3.032654;0.7555969, -0.7474235, 2.750518;0.5299552, -0.8289796, 3.023914;0.7328212, -0.8344567, 2.729444;
0.5840352, 0.7966822, 3.041866;0.6329162, 0.5931184, 3.000877;0.5770217, 0.219311, 2.939286;0.4786103, 0.4379623, 3.06991;0.6923375, 0.4510596, 2.855619;0.3948182, -0.1881456, 2.975094;0.6619689, -0.112651, 2.677609;0.5655047, 0.1444429, 2.930381;0.506388, 0.0675939, 2.970873;0.6026887, 0.08040692, 2.863149;0.5387634, -0.4015599, 2.98868;0.6877378, -0.3682954, 2.789951;0.5703045, -0.7485145, 3.032746;0.7555963, -0.7474115, 2.750555;0.529769, -0.8297821, 3.025165;0.7327249, -0.83442, 2.729461;
0.5862603, 0.7946448, 3.043404;0.6324404, 0.5943274, 3.000189;0.5768635, 0.2194049, 2.939128;0.4785929, 0.4377956, 3.069586;0.6917786, 0.451363, 2.85584;0.3948542, -0.1880592, 2.975193;0.6622112, -0.1127751, 2.677174;0.5654105, 0.1444607, 2.930281;0.5063789, 0.06759457, 2.970835;0.6025817, 0.08057997, 2.86307;0.5388175, -0.4012492, 2.98857;0.6878101, -0.3680309, 2.789857;0.5701329, -0.7480869, 3.032711;0.7555104, -0.7474696, 2.750444;0.5296278, -0.8286171, 3.022937;0.7327931, -0.8345121, 2.729578;
0.5860181, 0.7918665, 3.041205;0.632962, 0.5956727, 3.00083;0.5768543, 0.2194314, 2.939135;0.4786639, 0.437844, 3.069381;0.6918099, 0.451403, 2.855647;0.394937, -0.1879962, 2.975464;0.663078, -0.1081495, 2.678074;0.5653963, 0.1444491, 2.93027;0.5063527, 0.06765591, 2.970774;0.6026075, 0.08073167, 2.863284;0.5386766, -0.4010943, 2.98838;0.6879134, -0.3679293, 2.789978;0.5700899, -0.7496116, 3.032968;0.7554634, -0.7474274, 2.750394;0.5292131, -0.8299601, 3.023587;0.7327789, -0.8342757, 2.72915;
0.5814874, 0.7904644, 3.036967;0.63277, 0.5945348, 3.000031;0.5767797, 0.2193886, 2.939122;0.4786069, 0.4378872, 3.069362;0.6915296, 0.4513381, 2.855379;0.3950939, -0.1878966, 2.973742;0.6628316, -0.1092562, 2.677767;0.5653311, 0.1444436, 2.930294;0.5063123, 0.06765395, 2.970809;0.602505, 0.08080386, 2.863402;0.5387196, -0.401025, 2.988438;0.6877605, -0.367492, 2.790015;0.5703488, -0.7486905, 3.033466;0.7557052, -0.7471608, 2.750472;0.5292881, -0.829701, 3.023963;0.7326116, -0.8343408, 2.729152;
0.5810306, 0.7905172, 3.036409;0.6325502, 0.5938183, 3.000083;0.5766829, 0.2192716, 2.939093;0.4783009, 0.4378972, 3.069111;0.6911322, 0.4513299, 2.855156;0.3951575, -0.1879787, 2.973817;0.662083, -0.1138834, 2.677087;0.5652683, 0.1443824, 2.930268;0.5062734, 0.06762014, 2.970705;0.6024593, 0.08089353, 2.863486;0.5385797, -0.4011183, 2.988475;0.6878273, -0.3681458, 2.789997;0.5702407, -0.7502468, 3.033959;0.7555953, -0.7473392, 2.750555;0.5292937, -0.8306903, 3.023828;0.7326957, -0.8344836, 2.729423;
0.5804706, 0.791181, 3.036314;0.6322757, 0.5937806, 3.00029;0.5765733, 0.2192552, 2.939198;0.4782542, 0.4378583, 3.069107;0.6910324, 0.4513471, 2.855011;0.3952862, -0.1877324, 2.974095;0.6627184, -0.1139671, 2.676965;0.5651956, 0.1443681, 2.930363;0.5062389, 0.06760287, 2.970783;0.6024343, 0.0809425, 2.863591;0.5388249, -0.4009455, 2.988672;0.6878876, -0.3684096, 2.790215;0.5694191, -0.7493017, 3.033448;0.7551932, -0.7473981, 2.75044;0.5294306, -0.8307342, 3.024078;0.7334381, -0.8349741, 2.731511;
0.5798384, 0.7917269, 3.03555;0.6321242, 0.5937595, 3.00023;0.5765155, 0.2192855, 2.939177;0.4781683, 0.4379583, 3.06904;0.6905358, 0.451347, 2.854718;0.3952969, -0.1877248, 2.973788;0.6626338, -0.1142387, 2.676835;0.5651578, 0.1444038, 2.930349;0.5062383, 0.06766709, 2.970749;0.602391, 0.08124862, 2.863746;0.5388298, -0.4009332, 2.988648;0.6882982, -0.3693958, 2.789666;0.5691277, -0.7486675, 3.033041;0.7552125, -0.7468586, 2.750216;0.5272767, -0.8311559, 3.024819;0.6953052, -0.7810746, 2.690617;
0.5786915, 0.792351, 3.035177;0.6322712, 0.5940704, 3.000371;0.5763654, 0.2196454, 2.939417;0.4781939, 0.4383796, 3.068929;0.6905177, 0.4516059, 2.854755;0.3956436, -0.1880396, 2.974352;0.6628386, -0.1146863, 2.676763;0.5649552, 0.1447895, 2.930638;0.5059819, 0.06804053, 2.971182;0.6021887, 0.08170421, 2.863974;0.5390994, -0.4005894, 2.988966;0.6885142, -0.3693181, 2.789823;0.5693323, -0.7482823, 3.033207;0.7553154, -0.7469088, 2.749955;0.527734, -0.8310371, 3.02505;0.7329353, -0.8350598, 2.729953;
0.5784482, 0.7923499, 3.034967;0.6314364, 0.5932683, 2.999808;0.5762991, 0.2196309, 2.939407;0.4781878, 0.4383743, 3.068902;0.6899949, 0.4507225, 2.854627;0.3955659, -0.1881376, 2.973964;0.6629943, -0.1146856, 2.676788;0.5649328, 0.1448021, 2.930647;0.5060276, 0.0680398, 2.971298;0.6021686, 0.08169786, 2.863959;0.5389963, -0.4002329, 2.989113;0.6883636, -0.3691705, 2.789822;0.5688274, -0.7464889, 3.033541;0.7553933, -0.7468454, 2.749957;0.5289539, -0.8307687, 3.026164;0.7339078, -0.8344674, 2.730031;
0.577671, 0.7924236, 3.035008;0.6312229, 0.5928874, 2.999597;0.5762629, 0.2194379, 2.939298;0.4780147, 0.4381973, 3.068583;0.6898757, 0.4506595, 2.854462;0.3952495, -0.1879814, 2.973025;0.6628128, -0.1158463, 2.676708;0.5649393, 0.1446516, 2.930567;0.5061195, 0.0680501, 2.970947;0.6022757, 0.08171465, 2.86416;0.5389886, -0.4002244, 2.989075;0.6880752, -0.3690529, 2.7898;0.5691476, -0.7464516, 3.033526;0.7553693, -0.7468348, 2.749933;0.5289797, -0.8307615, 3.026116;0.7331082, -0.8340399, 2.727573;
0.57758, 0.7929198, 3.035489;0.6312607, 0.5928147, 2.998944;0.5762545, 0.219467, 2.939264;0.4779018, 0.4381943, 3.068476;0.6898689, 0.4506724, 2.854531;0.3953511, -0.1872253, 2.973573;0.6628767, -0.115888, 2.676831;0.5649351, 0.144706, 2.930569;0.5061181, 0.06805947, 2.970966;0.6022961, 0.08185981, 2.864244;0.539046, -0.400257, 2.989006;0.6880472, -0.3689607, 2.789764;0.5692099, -0.7463405, 3.033496;0.7553744, -0.7469996, 2.749386;0.5283514, -0.8300112, 3.024115;0.7330473, -0.83403, 2.727618;
0.5776471, 0.7939681, 3.035007;0.6308736, 0.5932412, 2.999337;0.5760437, 0.2195819, 2.939459;0.4779776, 0.4384498, 3.068483;0.6896738, 0.4505068, 2.854347;0.3951589, -0.1870774, 2.972944;0.6629546, -0.1149985, 2.677424;0.5647731, 0.144787, 2.930755;0.5060518, 0.06818569, 2.971288;0.6021557, 0.08187974, 2.86432;0.5392002, -0.400455, 2.989056;0.6880445, -0.3690155, 2.78975;0.5689589, -0.7458135, 3.033147;0.7554549, -0.7470048, 2.7492;0.5285623, -0.8299953, 3.024047;0.7329935, -0.8340411, 2.72751;
0.5785911, 0.7946711, 3.037066;0.6306148, 0.5930569, 2.999112;0.5760806, 0.2195578, 2.939466;0.477844, 0.438172, 3.068542;0.6897579, 0.4505229, 2.854444;0.3950782, -0.1877758, 2.973931;0.6630174, -0.1156468, 2.677276;0.564876, 0.1447677, 2.930781;0.5064417, 0.06797484, 2.971181;0.6023135, 0.08189054, 2.864456;0.5390992, -0.4003909, 2.989047;0.6882114, -0.3686295, 2.789922;0.5692562, -0.7456928, 3.033534;0.7554462, -0.7472985, 2.749185;0.5285422, -0.8298714, 3.024045;0.7329236, -0.8340601, 2.727603;
0.5793443, 0.7954834, 3.037545;0.6306216, 0.5931926, 2.99947;0.5760801, 0.2195798, 2.939473;0.4778594, 0.4382425, 3.068636;0.6898941, 0.4505062, 2.854477;0.3948147, -0.1877004, 2.974705;0.6633958, -0.1151757, 2.677548;0.5648817, 0.1447842, 2.930774;0.5064406, 0.06797723, 2.971159;0.6023646, 0.08194896, 2.864446;0.5385708, -0.399105, 2.988333;0.6882958, -0.3684603, 2.789897;0.5690053, -0.7452695, 3.033177;0.7555777, -0.7462972, 2.749144;0.5290409, -0.830062, 3.024605;0.7327433, -0.8342429, 2.728369;
0.5793244, 0.7955811, 3.03667;0.6307493, 0.5928801, 2.999296;0.576089, 0.2195714, 2.939465;0.4778827, 0.4382552, 3.068619;0.6898614, 0.4506214, 2.854584;0.3947439, -0.187739, 2.974643;0.6640072, -0.111163, 2.678238;0.5648988, 0.144792, 2.930793;0.5064709, 0.06799196, 2.971306;0.6023756, 0.08195078, 2.864436;0.5381332, -0.3985899, 2.988783;0.6882604, -0.3686812, 2.789861;0.5686146, -0.7455911, 3.032386;0.7558596, -0.7465723, 2.749146;0.5290837, -0.8301747, 3.02454;0.7326385, -0.8344668, 2.728851;
0.5793704, 0.7960284, 3.036854;0.630888, 0.5928975, 2.999064;0.5761396, 0.2195088, 2.939373;0.4780887, 0.4380342, 3.06812;0.6899086, 0.4505035, 2.854581;0.3948699, -0.1886881, 2.975417;0.6640464, -0.1134614, 2.67812;0.5649508, 0.1447236, 2.930725;0.5065038, 0.06797811, 2.971256;0.6024475, 0.08192297, 2.864412;0.5381477, -0.3985551, 2.988771;0.6882788, -0.3683718, 2.789879;0.5685501, -0.7453164, 3.032218;0.7558363, -0.7465652, 2.749136;0.5289969, -0.829175, 3.022346;0.732684, -0.8343036, 2.728564;
0.5793707, 0.7963104, 3.036928;0.6309278, 0.5927674, 2.999383;0.5761006, 0.219639, 2.939488;0.4781298, 0.4383762, 3.068539;0.6901201, 0.4504843, 2.854499;0.3945287, -0.1887301, 2.975181;0.6644351, -0.1134895, 2.6788;0.5649066, 0.144937, 2.930853;0.5064139, 0.06815681, 2.971373;0.6024365, 0.08202976, 2.864443;0.5381781, -0.3992546, 2.988887;0.6882707, -0.3682859, 2.789926;0.5684794, -0.7467321, 3.031939;0.755835, -0.7465973, 2.749179;0.5286998, -0.8312839, 3.022424;0.7327594, -0.8344358, 2.729096;
0.5801913, 0.7959448, 3.037193;0.6315324, 0.5919376, 2.999447;0.5761277, 0.2196485, 2.939548;0.4785121, 0.4398271, 3.07038;0.6900963, 0.4501713, 2.854553;0.3946402, -0.1890147, 2.974298;0.6645546, -0.1131404, 2.678844;0.5649158, 0.1450232, 2.930968;0.5064043, 0.0682758, 2.971561;0.6023958, 0.08211568, 2.864531;0.5381918, -0.399264, 2.988851;0.6881503, -0.3682072, 2.789886;0.5685639, -0.7465968, 3.032164;0.7561144, -0.7469495, 2.748994;0.5292234, -0.8309839, 3.02292;0.7331545, -0.8339679, 2.728081;
0.5867854, 0.7943222, 3.042636;0.6322589, 0.5916444, 2.99912;0.5762404, 0.2196657, 2.939606;0.4785683, 0.4398879, 3.070328;0.6906282, 0.4501111, 2.854642;0.3943728, -0.1891346, 2.973346;0.6646644, -0.112829, 2.679352;0.5650117, 0.1450856, 2.931093;0.5064074, 0.06838466, 2.971662;0.6025865, 0.08222713, 2.864906;0.5381591, -0.3992738, 2.988805;0.688273, -0.3683998, 2.789973;0.5688124, -0.7465399, 3.032042;0.7561151, -0.7469065, 2.74898;0.5291852, -0.8304151, 3.022124;0.7334613, -0.8341311, 2.729424;
0.5876265, 0.7917992, 3.042824;0.6322588, 0.5914863, 2.999269;0.5762759, 0.2195532, 2.939781;0.4785724, 0.4397948, 3.070375;0.6906734, 0.4498819, 2.8547;0.3945179, -0.1883649, 2.972969;0.6649199, -0.1126306, 2.679528;0.5650562, 0.1449918, 2.931284;0.5065258, 0.0682815, 2.971767;0.6025539, 0.08211315, 2.86526;0.5382021, -0.3993999, 2.988844;0.6881952, -0.3684975, 2.790108;0.5688946, -0.7461412, 3.031839;0.7561545, -0.7468491, 2.749016;0.5309026, -0.8223975, 3.021362;0.7336117, -0.8342663, 2.730057;
0.5896469, 0.7903352, 3.044201;0.6320333, 0.5917113, 2.998548;0.5763322, 0.2196056, 2.939838;0.4787322, 0.4397337, 3.070308;0.6911849, 0.4498049, 2.855858;0.3947658, -0.1906165, 2.97237;0.6585079, -0.1455455, 2.668613;0.5651993, 0.1450812, 2.931523;0.5067317, 0.06840259, 2.972273;0.6028644, 0.08223157, 2.865711;0.5382638, -0.3994099, 2.988889;0.6887147, -0.3683482, 2.792228;0.5690565, -0.7459173, 3.031868;0.7602423, -0.7470329, 2.759248;0.5305583, -0.8235362, 3.021724;0.7345437, -0.834934, 2.736646;
0.5899662, 0.7883571, 3.044373;0.6320264, 0.5917215, 2.998581;0.5765654, 0.2196892, 2.939864;0.4787892, 0.4398624, 3.070265;0.6920387, 0.4499034, 2.856861;0.3947534, -0.1911537, 2.972306;0.6583681, -0.1455242, 2.66887;0.565546, 0.1452026, 2.931547;0.5072939, 0.06847251, 2.972064;0.603228, 0.08232144, 2.865848;0.5382648, -0.3993568, 2.988863;0.6895933, -0.3695493, 2.794502;0.5689923, -0.7457209, 3.031808;0.7607927, -0.7489065, 2.763364;0.5299571, -0.8250622, 3.022341;0.7352514, -0.8367513, 2.739539;
0.5896347, 0.7885368, 3.046276;0.6318418, 0.5914819, 2.998608;0.5765823, 0.2196008, 2.940139;0.4787431, 0.4398177, 3.070292;0.6929843, 0.4493241, 2.857253;0.3944732, -0.1914226, 2.972062;0.6582512, -0.1451249, 2.669416;0.5656061, 0.1451419, 2.931935;0.5072131, 0.06844452, 2.972339;0.6036193, 0.08211096, 2.866627;0.5384852, -0.3994334, 2.989142;0.6896986, -0.3722044, 2.795574;0.5687915, -0.7458093, 3.031865;0.7607019, -0.7494175, 2.764469;0.5297473, -0.825643, 3.022679;0.7358246, -0.8386029, 2.743101;
0.5885029, 0.7886395, 3.046132;0.6315028, 0.5912998, 2.998057;0.5767106, 0.2197324, 2.940205;0.4787632, 0.4399564, 3.07047;0.6934731, 0.4489835, 2.857407;0.3943737, -0.1914044, 2.971482;0.6582506, -0.1448846, 2.670079;0.56589, 0.1454208, 2.932162;0.5074622, 0.06854314, 2.972945;0.6039932, 0.08207689, 2.866641;0.5385148, -0.3991021, 2.989121;0.691015, -0.373897, 2.796693;0.568882, -0.7455539, 3.031834;0.7606531, -0.7502205, 2.765352;0.5296838, -0.825856, 3.022246;0.7356479, -0.8386718, 2.743003;
0.5883023, 0.7891298, 3.046105;0.6314993, 0.5913711, 2.998072;0.5769188, 0.2195369, 2.940318;0.4785622, 0.4394698, 3.070058;0.6937638, 0.4489317, 2.857743;0.3944013, -0.1919277, 2.971827;0.6583832, -0.1450051, 2.670016;0.5661839, 0.1450989, 2.932318;0.5075678, 0.06847221, 2.972877;0.6048343, 0.08180282, 2.867437;0.5388042, -0.3997543, 2.989417;0.6918471, -0.3735468, 2.797809;0.5691574, -0.747474, 3.03125;0.7605524, -0.7507772, 2.765891;0.527267, -0.8300959, 3.020755;0.7356755, -0.8386956, 2.74304;
0.5886682, 0.7887135, 3.045647;0.6309991, 0.5903425, 2.996857;0.5770237, 0.2194503, 2.940431;0.4786043, 0.4394579, 3.070098;0.6937965, 0.4488566, 2.85782;0.3939188, -0.1920273, 2.972206;0.6583915, -0.1449169, 2.670114;0.5664034, 0.145053, 2.932642;0.5079589, 0.06830301, 2.973738;0.605077, 0.08159067, 2.867704;0.5388706, -0.3997259, 2.989353;0.6918486, -0.3735131, 2.797983;0.5692673, -0.7471486, 3.031406;0.7607263, -0.7515552, 2.766887;0.5272546, -0.8300719, 3.020697;0.7367341, -0.8396661, 2.747685;
0.5853254, 0.7884184, 3.04352;0.6309776, 0.5902867, 2.996841;0.5776753, 0.2192241, 2.940897;0.4786526, 0.4397292, 3.070226;0.6938041, 0.44886, 2.857829;0.3931739, -0.1927774, 2.974067;0.6581559, -0.1447037, 2.670477;0.5673244, 0.1448099, 2.933329;0.5093838, 0.06791507, 2.974345;0.6060127, 0.0813724, 2.868759;0.5388232, -0.4000568, 2.989481;0.6919189, -0.3733059, 2.798079;0.5691634, -0.748221, 3.031656;0.76074, -0.7523272, 2.767556;0.5272884, -0.8301663, 3.020462;0.7367339, -0.8396251, 2.748492;
0.5850608, 0.78887, 3.042929;0.6308191, 0.5903242, 2.996857;0.5779769, 0.2188725, 2.941113;0.4785554, 0.4395886, 3.07012;0.693599, 0.4488232, 2.857765;0.3918954, -0.1924553, 2.97273;0.6581349, -0.1447622, 2.670418;0.5677867, 0.1443136, 2.933619;0.5097808, 0.06768271, 2.974495;0.6067801, 0.08100048, 2.869273;0.5387602, -0.4004377, 2.989419;0.6920685, -0.3735301, 2.79835;0.5694919, -0.7484867, 3.031899;0.7606907, -0.7524323, 2.767553;0.5270506, -0.8312736, 3.020059;0.7363073, -0.8396821, 2.747592;
0.5773879, 0.7862222, 3.032892;0.6270814, 0.5882924, 2.996901;0.5780655, 0.2185154, 2.941476;0.4780474, 0.4393142, 3.070414;0.6927783, 0.448423, 2.856981;0.3909919, -0.192686, 2.973158;0.6580009, -0.1448699, 2.67023;0.5681661, 0.144019, 2.934102;0.5105674, 0.06731666, 2.975232;0.6075445, 0.08049192, 2.869769;0.5391222, -0.4015725, 2.989764;0.6923108, -0.3742667, 2.798113;0.5697045, -0.7490256, 3.032047;0.7606152, -0.7525864, 2.7677;0.5269161, -0.8325666, 3.020356;0.7381331, -0.8387144, 2.744693;
0.574472, 0.7851017, 3.031226;0.6255395, 0.5871474, 2.995489;0.5785455, 0.2182731, 2.941895;0.4772067, 0.4388839, 3.070629;0.6926417, 0.4483902, 2.856637;0.3881413, -0.1927368, 2.972596;0.6575961, -0.1463538, 2.667425;0.5692568, 0.1438718, 2.935032;0.5119234, 0.06701226, 2.97647;0.6097464, 0.08015767, 2.871373;0.5391586, -0.4009022, 2.98997;0.6938521, -0.3763717, 2.79871;0.5698752, -0.7486261, 3.031871;0.7610196, -0.7520733, 2.768017;0.5279082, -0.8307266, 3.020176;0.7385998, -0.8382775, 2.745373;
0.5716274, 0.7852124, 3.030889;0.6242199, 0.5872408, 2.993653;0.5791687, 0.2179105, 2.942149;0.4766357, 0.4388657, 3.070618;0.6924179, 0.4482015, 2.856094;0.3824538, -0.1931756, 2.970716;0.6566259, -0.1472002, 2.666089;0.5705055, 0.1433544, 2.935711;0.5134436, 0.06685787, 2.976923;0.612161, 0.07952109, 2.873504;0.5386554, -0.4007004, 2.989537;0.6938757, -0.3765021, 2.79865;0.5690171, -0.7476273, 3.031769;0.7617972, -0.7529038, 2.768511;0.5285515, -0.8309109, 3.02155;0.7385613, -0.8390918, 2.746351;
0.5678788, 0.7850634, 3.029945;0.6207235, 0.5867912, 2.99192;0.5800253, 0.2170647, 2.942942;0.474719, 0.4380045, 3.068228;0.6906317, 0.4481243, 2.854792;0.3824221, -0.1759778, 2.972078;0.6557965, -0.1480668, 2.665132;0.5724059, 0.1422071, 2.937224;0.5163325, 0.06638009, 2.978225;0.6153521, 0.07859494, 2.876859;0.5386583, -0.4006919, 2.989506;0.6938776, -0.3766877, 2.798529;0.5698374, -0.7453017, 3.032479;0.7618136, -0.7528407, 2.768664;0.5287619, -0.8304891, 3.02162;0.7384742, -0.8394229, 2.746761;
0.5573795, 0.7838308, 3.018173;0.6149294, 0.5869046, 2.988609;0.5806118, 0.217028, 2.943683;0.4691404, 0.437403, 3.067857;0.6893663, 0.447835, 2.852751;0.3810454, -0.1771558, 2.971638;0.6553025, -0.1493871, 2.663913;0.5741062, 0.1423254, 2.938932;0.518286, 0.06662627, 2.979663;0.6194591, 0.07879657, 2.881014;0.5383778, -0.4006505, 2.989183;0.6934578, -0.3771286, 2.798505;0.5695534, -0.7455626, 3.031988;0.7618067, -0.7529896, 2.768528;0.5289107, -0.8302161, 3.021509;0.7380003, -0.8394411, 2.746515;
0.5536212, 0.782936, 3.015319;0.6107924, 0.5855129, 2.984886;0.6177949, 0.2088843, 2.981943;0.4657057, 0.4365678, 3.06498;0.6874048, 0.4460328, 2.850605;0.3792703, -0.1774667, 2.970198;0.6542745, -0.1544788, 2.660736;0.5755357, 0.1421721, 2.940572;0.5204566, 0.06632394, 2.982139;0.6216744, 0.07850698, 2.883286;0.5370589, -0.4006302, 2.988502;0.6927585, -0.377399, 2.797709;0.5687554, -0.7455234, 3.031444;0.7616282, -0.7532858, 2.768775;0.529214, -0.8297152, 3.021567;0.7383848, -0.8396978, 2.747211;
0.5512449, 0.7810246, 3.012668;0.6050327, 0.5821982, 2.979622;0.6206917, 0.208361, 2.982791;0.4630799, 0.4345748, 3.062092;0.6816988, 0.4434187, 2.846239;0.3773591, -0.1798322, 2.968225;0.6535791, -0.1585807, 2.657969;0.5801461, 0.1398647, 2.942831;0.5283175, 0.0644163, 2.984987;0.6274277, 0.07663086, 2.887232;0.5362856, -0.4006468, 2.988546;0.6927325, -0.3784862, 2.797018;0.5679761, -0.7456144, 3.030483;0.7615875, -0.7533534, 2.768782;0.5282666, -0.8294877, 3.020265;0.7383311, -0.8396868, 2.747209;
0.5393822, 0.775504, 3.006163;0.6002515, 0.5784876, 2.974204;0.623054, 0.2070006, 2.984078;0.4598466, 0.4330823, 3.058913;0.6771302, 0.440751, 2.843468;0.3650079, -0.1887726, 2.955357;0.6519681, -0.1660367, 2.651284;0.5837653, 0.1370932, 2.945191;0.5343044, 0.06166761, 2.987941;0.6312133, 0.07381539, 2.891083;0.5344008, -0.4004574, 2.987437;0.6936492, -0.3818504, 2.795577;0.5674582, -0.7456539, 3.030074;0.7608031, -0.754399, 2.768844;0.5285138, -0.8292381, 3.020576;0.7387909, -0.8401046, 2.748259;
0.5375511, 0.7682366, 3.001032;0.5933182, 0.5713938, 2.96543;0.6259533, 0.2042884, 2.984626;0.4504623, 0.4240208, 3.056706;0.6661149, 0.4299089, 2.837205;0.3630012, -0.1895692, 2.956841;0.6511621, -0.1716365, 2.647851;0.5874816, 0.1327282, 2.947374;0.5385626, 0.05835713, 2.989901;0.6363399, 0.07032537, 2.89585;0.5329448, -0.4016173, 2.987751;0.6925871, -0.3862859, 2.792897;0.5657403, -0.7506851, 3.028369;0.76042, -0.7546446, 2.769046;0.5267331, -0.8298844, 3.01877;0.7388341, -0.8400878, 2.748235;
0.5303563, 0.7631184, 3.000272;0.5826814, 0.5667239, 2.959829;0.6266947, 0.2007779, 2.986772;0.4469095, 0.4160074, 3.052352;0.6606362, 0.4252658, 2.834824;0.3572597, -0.2040485, 2.956444;0.6506677, -0.1756219, 2.641197;0.5898662, 0.1269701, 2.951025;0.5436614, 0.053338, 2.994798;0.6391288, 0.06433614, 2.901188;0.531173, -0.4040302, 2.988071;0.6915108, -0.387301, 2.790384;0.564216, -0.7477081, 3.025746;0.7590863, -0.7579581, 2.768773;0.526669, -0.829671, 3.018752;0.7383814, -0.8400464, 2.748464;
0.5014514, 0.7424299, 2.960755;0.575045, 0.5556416, 2.9517;0.63183, 0.1863109, 2.989325;0.4429649, 0.4071028, 3.04595;0.6523053, 0.413094, 2.826763;0.3500508, -0.2140362, 2.952692;0.6481219, -0.1844964, 2.637449;0.597681, 0.1091948, 2.956807;0.5533741, 0.04018327, 3.001797;0.6489465, 0.04642924, 2.909585;0.5297434, -0.4092591, 2.987365;0.6911532, -0.3940131, 2.788734;0.5632879, -0.7516676, 3.025406;0.7588107, -0.7581534, 2.768671;0.5265, -0.8304109, 3.018756;0.7380049, -0.8401706, 2.74815;
0.5025452, 0.7279338, 2.960316;0.560028, 0.5350714, 2.93706;0.6320484, 0.1846245, 2.988732;0.438871, 0.3922265, 3.040646;0.6463598, 0.4022361, 2.821236;0.345948, -0.2238887, 2.962006;0.6457071, -0.1842133, 2.633761;0.5986781, 0.1066989, 2.957225;0.5565555, 0.03683989, 3.003576;0.6502431, 0.044249, 2.910474;0.5283437, -0.4109903, 2.986861;0.6899427, -0.3940429, 2.784467;0.5620111, -0.7474645, 3.024703;0.7573215, -0.7588331, 2.767313;0.526437, -0.8297032, 3.018993;0.7376979, -0.840282, 2.747816;
0.4942805, 0.7112975, 2.953145;0.5554816, 0.5207767, 2.929606;0.6341562, 0.170937, 2.988515;0.4303215, 0.3794695, 3.033513;0.6415557, 0.391578, 2.816132;0.3390821, -0.2425658, 2.957927;0.6459324, -0.188969, 2.6315;0.6036375, 0.09346361, 2.958648;0.5647771, 0.01832726, 3.0081;0.6571944, 0.03361407, 2.913202;0.5267935, -0.4162641, 2.988203;0.6897581, -0.3949347, 2.78199;0.5616417, -0.7512039, 3.026073;0.7568108, -0.7612042, 2.766398;0.5259395, -0.8303061, 3.018544;0.7376534, -0.8403268, 2.747883;
0.4653947, 0.6819177, 2.930331;0.5404987, 0.4987035, 2.915081;0.6352652, 0.1543188, 2.993212;0.4264324, 0.3674899, 3.030217;0.6333733, 0.3760563, 2.81021;0.3361207, -0.2498386, 2.957685;0.6431543, -0.2017969, 2.622589;0.6082863, 0.07158871, 2.969169;0.5753372, 0.002040762, 3.016906;0.6604789, 0.01063826, 2.934332;0.524694, -0.4189383, 2.987933;0.6908989, -0.4040031, 2.778467;0.5619467, -0.7528834, 3.026774;0.7571683, -0.7621714, 2.766529;0.5250028, -0.8313375, 3.017051;0.7374136, -0.8402911, 2.747952;
0.4632124, 0.6706223, 2.921449;0.5370024, 0.488393, 2.908767;0.6362563, 0.1477491, 2.99136;0.4211469, 0.3525954, 3.02498;0.6300277, 0.364821, 2.803971;0.3330312, -0.2677799, 2.951056;0.6415403, -0.2540157, 2.61103;0.6103377, 0.06598242, 2.96802;0.5766788, -0.00332614, 3.017541;0.6651024, 0.006341208, 2.931857;0.5198177, -0.4258966, 2.989394;0.6904345, -0.4059732, 2.776638;0.5595238, -0.7489398, 3.02538;0.757735, -0.7645372, 2.766106;0.5248342, -0.831148, 3.018974;0.7376668, -0.8394893, 2.747267;
0.4456105, 0.6405123, 2.90431;0.5266923, 0.46316, 2.893875;0.638045, 0.1257531, 2.994361;0.4166729, 0.3267646, 3.017993;0.6210184, 0.3454085, 2.798975;0.3285239, -0.3089382, 2.940848;0.6420068, -0.2806288, 2.604823;0.6157173, 0.0406408, 2.975089;0.5852726, -0.02444206, 3.024579;0.6699933, -0.01258548, 2.942742;0.5190051, -0.4286095, 2.990623;0.6886796, -0.4105704, 2.772711;0.5577052, -0.746196, 3.026618;0.7573578, -0.765128, 2.765843;0.524026, -0.8294997, 3.016972;0.7372821, -0.8394007, 2.746739;
0.449688, 0.6261011, 2.906888;0.5206481, 0.4441108, 2.888252;0.6399271, 0.1084695, 2.996406;0.4142278, 0.305552, 3.011175;0.6166703, 0.3162049, 2.788868;0.3286499, -0.3097542, 2.939865;0.642278, -0.2883195, 2.603278;0.6189002, 0.02278972, 2.979812;0.5898292, -0.03932118, 3.029234;0.6745856, -0.03209323, 2.951298;0.5165259, -0.435637, 2.993029;0.6880575, -0.4181882, 2.764423;0.5574769, -0.7499856, 3.026929;0.7573501, -0.7660432, 2.765378;0.5233567, -0.831152, 3.016306;0.7368001, -0.83959, 2.746503;
0.429204, 0.5984955, 2.894732;0.5144227, 0.4247003, 2.882229;0.6422124, 0.1026589, 2.993793;0.4107001, 0.2844786, 3.008167;0.6098857, 0.2978215, 2.786214;0.3271818, -0.3312741, 2.938017;0.6492327, -0.3203797, 2.597448;0.6225625, 0.01688579, 2.978133;0.594538, -0.04642179, 3.030409;0.6810112, -0.03768428, 2.947302;0.5121537, -0.4429428, 2.993714;0.6816016, -0.4206699, 2.749165;0.5558304, -0.7478771, 3.026435;0.7570665, -0.7670068, 2.764651;0.5244254, -0.8307068, 3.019427;0.7367318, -0.8396465, 2.746619;
0.4200072, 0.5535337, 2.876903;0.5004509, 0.3793377, 2.869405;0.6431401, 0.06242817, 3.004911;0.405019, 0.2491669, 3.001496;0.6078558, 0.2693425, 2.77964;0.3277485, -0.3461474, 2.940779;0.6513308, -0.3256786, 2.601796;0.6294525, -0.02668223, 2.994851;0.6097136, -0.08170924, 3.043863;0.6834985, -0.08226394, 2.976097;0.503282, -0.456841, 2.991233;0.6740065, -0.4284005, 2.736722;0.5534688, -0.7583297, 3.026092;0.7571705, -0.7674069, 2.764973;0.5249163, -0.8300365, 3.019363;0.7365571, -0.8395817, 2.746473;
0.4093298, 0.5351074, 2.86112;0.5001101, 0.3711099, 2.868084;0.6434991, 0.05692495, 3.003527;0.4013763, 0.237145, 3.001212;0.6055399, 0.2524992, 2.77688;0.3245783, -0.3811069, 2.935072;0.6519478, -0.3358013, 2.598701;0.6296499, -0.03127575, 2.993925;0.6103042, -0.08751493, 3.043636;0.6841271, -0.08710424, 2.974714;0.4971557, -0.4595703, 2.990274;0.6715643, -0.4301095, 2.73192;0.5524838, -0.7596749, 3.025513;0.7574563, -0.7681479, 2.764857;0.5236472, -0.8310179, 3.016334;0.7360595, -0.8399448, 2.746228;
0.4099601, 0.5036138, 2.853101;0.4952164, 0.3383148, 2.862649;0.6555365, 0.02622876, 3.006672;0.3921604, 0.1950983, 2.993919;0.6021394, 0.2247028, 2.772125;0.3262565, -0.3946163, 2.93346;0.6631602, -0.402536, 2.588353;0.6484881, -0.06473622, 2.99782;0.6309827, -0.119917, 3.050914;0.7070762, -0.1172112, 2.977265;0.4864592, -0.4784874, 2.985962;0.667454, -0.4392703, 2.723484;0.5443154, -0.7771584, 3.023699;0.7568173, -0.7703194, 2.764713;0.5166401, -0.848545, 3.014704;0.7359254, -0.8418483, 2.744964;
0.3992918, 0.4637901, 2.840701;0.4916049, 0.3048658, 2.855296;0.6567079, 0.01510269, 3.005497;0.3908165, 0.170356, 2.988195;0.6016495, 0.2029494, 2.768632;0.3290266, -0.4227881, 2.940658;0.6685907, -0.4210308, 2.589329;0.6511282, -0.07423417, 2.997483;0.6342343, -0.132781, 3.052038;0.7111555, -0.1241948, 2.977166;0.4776453, -0.4846811, 2.98303;0.66496, -0.4457279, 2.720694;0.5439736, -0.7802613, 3.024565;0.7563298, -0.771432, 2.764482;0.5141874, -0.850296, 3.013103;0.7353017, -0.842752, 2.744614;
0.3975158, 0.4546357, 2.836365;0.4868878, 0.2843187, 2.84894;0.6542224, -0.009385601, 3.002405;0.3918547, 0.1428439, 2.988068;0.5956058, 0.1782289, 2.764293;0.3255927, -0.4729833, 2.933236;0.6747825, -0.4393856, 2.588347;0.6488463, -0.09814087, 2.996399;0.6322762, -0.1538728, 3.050741;0.7092831, -0.1426454, 2.977736;0.4632051, -0.4983818, 2.978259;0.6626899, -0.4533476, 2.715663;0.5360429, -0.7915798, 3.021323;0.7557301, -0.7713552, 2.764384;0.511037, -0.8636211, 3.011879;0.7352387, -0.8429885, 2.74559;
0.3873162, 0.4006374, 2.827114;0.482689, 0.2447853, 2.84143;0.6479272, -0.02937118, 3.002042;0.3912776, 0.1210755, 2.983619;0.598883, 0.1481436, 2.758399;0.3454337, -0.4831038, 2.932365;0.6766948, -0.4701489, 2.589566;0.6427267, -0.1175032, 2.997982;0.6254869, -0.1731926, 3.054837;0.7036012, -0.1691222, 2.980743;0.4472986, -0.5097662, 2.970389;0.660817, -0.4610552, 2.709959;0.5341294, -0.7967683, 3.02055;0.7540698, -0.768133, 2.762625;0.509782, -0.8692029, 3.013571;0.7360176, -0.8410881, 2.747135;
0.3869364, 0.3952726, 2.826435;0.479749, 0.226709, 2.840636;0.6456251, -0.05691155, 3.002562;0.3883458, 0.09162407, 2.982178;0.5982895, 0.1330816, 2.756488;0.3287971, -0.4903169, 2.94137;0.6806557, -0.4681856, 2.59659;0.6416136, -0.1452154, 2.997785;0.6263974, -0.2015109, 3.055405;0.702738, -0.1935067, 2.980721;0.4338681, -0.5282416, 2.967696;0.6599115, -0.4724644, 2.702694;0.5250407, -0.8139561, 3.015514;0.7536187, -0.7681997, 2.762101;0.4810737, -0.8759295, 2.967035;0.7360214, -0.8413265, 2.747527;
0.37656, 0.3567591, 2.82162;0.4787066, 0.2071819, 2.837287;0.6538333, -0.06739603, 2.998741;0.3872546, 0.06640614, 2.981823;0.5918685, 0.1005084, 2.75107;0.3119947, -0.5315034, 2.936053;0.6800013, -0.4626968, 2.606391;0.6510502, -0.1563652, 2.995691;0.6423163, -0.2180718, 3.056287;0.7128478, -0.2035321, 2.976881;0.4249913, -0.5279382, 2.96871;0.6651531, -0.4850826, 2.701287;0.5184835, -0.8122463, 3.016291;0.7527617, -0.7685566, 2.761243;0.4738334, -0.8754438, 2.970225;0.7358348, -0.8419062, 2.747368;
0.3765166, 0.3524576, 2.82126;0.4700458, 0.1831598, 2.833867;0.6569349, -0.07678808, 2.996317;0.3879888, 0.05113399, 2.982744;0.5908578, 0.09233262, 2.751024;0.3338418, -0.5755278, 2.909958;0.6790687, -0.4746161, 2.608644;0.6572297, -0.1658386, 2.993822;0.6497487, -0.2268777, 3.055466;0.719786, -0.2104941, 2.974565;0.4213156, -0.5277754, 2.967978;0.6633432, -0.4907567, 2.700517;0.5183771, -0.8094547, 3.017997;0.7532327, -0.7715187, 2.761641;0.4757482, -0.8743996, 2.972627;0.735171, -0.8443599, 2.74696;
0.3726394, 0.3115878, 2.810864;0.4699638, 0.1589673, 2.826854;0.6514027, -0.103246, 2.995888;0.3859441, 0.03224889, 2.982096;0.5890313, 0.06676605, 2.748007;0.3304374, -0.6227872, 2.930948;0.7007892, -0.5379527, 2.604574;0.6505782, -0.191017, 2.995691;0.6408142, -0.2492166, 3.060174;0.7140726, -0.2374903, 2.976923;0.410059, -0.5445007, 2.962154;0.6605265, -0.5012916, 2.688793;0.5111644, -0.8247611, 3.009656;0.7501889, -0.7818954, 2.748487;0.4678563, -0.8897669, 2.965273;0.732779, -0.8562359, 2.74714;
0.3676057, 0.2945093, 2.809044;0.4684199, 0.1352534, 2.822261;0.6554024, -0.1100279, 2.993563;0.3870318, 0.007448998, 2.975241;0.5871957, 0.05286454, 2.745126;0.3247805, -0.5723692, 2.949816;0.7035691, -0.5473413, 2.605496;0.6577351, -0.1979933, 2.993256;0.6521989, -0.2600737, 3.059138;0.7229856, -0.2421178, 2.974203;0.4178318, -0.5531747, 2.967126;0.6601906, -0.5034649, 2.686738;0.5286136, -0.8277636, 3.019044;0.7519149, -0.7704621, 2.760194;0.4733306, -0.7835943, 2.990653;0.7356579, -0.8437502, 2.746861;
0.3675212, 0.2853655, 2.805304;0.4674059, 0.122425, 2.819451;0.6541449, -0.1302334, 2.994852;0.3847115, -0.004183135, 2.971252;0.5845875, 0.02523264, 2.739815;0.3246537, -0.5549629, 2.947456;0.6683602, -0.5315584, 2.639522;0.6549653, -0.2183058, 2.997215;0.6474969, -0.2750694, 3.062679;0.7197392, -0.2609442, 2.979589;0.4126326, -0.564703, 2.963233;0.6623437, -0.5092659, 2.68011;0.5244606, -0.8376808, 3.016768;0.7453141, -0.7917991, 2.735544;0.5113212, -0.7667248, 2.99266;0.731006, -0.8646362, 2.752236;
0.3645385, 0.2512259, 2.802038;0.4625941, 0.09725225, 2.815842;0.6551573, -0.1364002, 2.992745;0.3905092, -0.05831415, 2.970186;0.5820516, 0.01315096, 2.739666;0.321701, -0.601214, 2.939571;0.712163, -0.602271, 2.575752;0.6613759, -0.2243116, 2.992736;0.6586558, -0.2868802, 3.060916;0.7296923, -0.2660521, 2.972474;0.4431206, -0.5226982, 2.973414;0.6624111, -0.5132955, 2.67519;0.496795, -0.7325523, 3.008349;0.7401907, -0.7978511, 2.726285;0.4599499, -0.8002227, 2.963046;0.7033456, -0.8655215, 2.680981;
0.3596871, 0.2367698, 2.798856;0.4614529, 0.08672909, 2.81405;0.6583172, -0.1406609, 2.991023;0.3905021, -0.05896972, 2.969738;0.5819492, 0.003859131, 2.740729;0.3236066, -0.6024731, 2.943675;0.7046188, -0.5351408, 2.622708;0.6652612, -0.2279178, 2.992048;0.6619502, -0.2897919, 3.061445;0.734261, -0.2679234, 2.971862;0.4463821, -0.5242414, 2.971488;0.6640376, -0.5138896, 2.675084;0.4894561, -0.7226341, 3.008208;0.7369164, -0.800974, 2.718988;0.452716, -0.791091, 2.964144;0.7341188, -0.8623657, 2.763566;
0.3318159, 0.1952799, 2.794661;0.460098, 0.07300225, 2.81191;0.6620342, -0.145669, 2.989063;0.3876045, -0.06298961, 2.968683;0.5779992, -0.01892422, 2.739883;0.3912486, -0.5834718, 2.878506;0.7042177, -0.5481861, 2.623226;0.6688948, -0.2324402, 2.992404;0.6654993, -0.2929458, 3.062632;0.7380805, -0.2707764, 2.972481;0.4474181, -0.5249842, 2.970842;0.6639434, -0.5138974, 2.675093;0.4895033, -0.7227717, 3.007982;0.7308375, -0.8048275, 2.705516;0.4517916, -0.7923743, 2.966762;0.7361871, -0.8535849, 2.76339;
0.3334781, 0.1862063, 2.797842;0.4583211, 0.05644124, 2.809113;0.663459, -0.1534116, 2.987389;0.3868207, -0.07162661, 2.964843;0.5779746, -0.02809429, 2.739254;0.361354, -0.6123486, 2.931059;0.7025045, -0.5487725, 2.622795;0.6720353, -0.2391064, 2.991307;0.6688802, -0.2975477, 3.062588;0.7415279, -0.2759897, 2.971429;0.4452731, -0.5441517, 2.973313;0.6620886, -0.5152206, 2.672924;0.488253, -0.7241375, 3.007168;0.7461998, -0.8019727, 2.749971;0.4520239, -0.794578, 2.966403;0.7246029, -0.8744807, 2.746803;
0.3344887, 0.183286, 2.796399;0.4580433, 0.04292878, 2.808355;0.6698173, -0.1703098, 2.990095;0.386087, -0.08192804, 2.959329;0.5765986, -0.03718816, 2.738788;0.3615237, -0.6193696, 2.931941;0.7019683, -0.5553621, 2.622936;0.681473, -0.2566286, 2.994704;0.6758739, -0.309052, 3.059791;0.7458726, -0.2827814, 2.975883;0.4508979, -0.5476618, 2.970552;0.6608343, -0.5131917, 2.672456;0.5483613, -0.7794357, 3.019213;0.7469399, -0.8028893, 2.750022;0.5072463, -0.8414515, 3.005105;0.7234901, -0.874818, 2.746585;
0.336757, 0.1731647, 2.793356;0.4554251, 0.0317151, 2.806373;0.6698531, -0.1781559, 2.984904;0.3852777, -0.09005953, 2.957747;0.5783564, -0.04886242, 2.73709;0.3725133, -0.6179212, 2.896064;0.6454962, -0.6130536, 2.645194;0.6819965, -0.2639818, 2.989197;0.6779718, -0.3194029, 3.053023;0.7482491, -0.2914535, 2.970533;0.4529067, -0.5484977, 2.968414;0.6581374, -0.5192394, 2.667321;0.5481895, -0.7757188, 3.01894;0.7459264, -0.8018099, 2.748101;0.5042892, -0.8362973, 3.007107;0.7249087, -0.8745341, 2.75064;
0.3341084, 0.1501585, 2.786808;0.4552148, 0.02305488, 2.803609;0.6691978, -0.1820103, 2.982502;0.3835997, -0.09658325, 2.959313;0.5788832, -0.05745934, 2.735422;0.3455509, -0.6378735, 2.963173;0.6982804, -0.6861594, 2.598129;0.6813809, -0.2673701, 2.987434;0.6783894, -0.3219798, 3.052926;0.7479488, -0.2975602, 2.968134;0.4582013, -0.5500824, 2.966811;0.6149001, -0.4841387, 2.652956;0.5483765, -0.7737657, 3.017572;0.7170826, -0.7443731, 2.751986;0.5041572, -0.833562, 3.003095;0.7040191, -0.8159356, 2.773168;
0.3370279, 0.1472562, 2.789301;0.4545535, 0.0149572, 2.803833;0.6652532, -0.1855824, 2.984967;0.3686691, -0.154602, 2.965783;0.5795817, -0.06987046, 2.733441;0.3492495, -0.6858262, 2.953696;0.6981379, -0.6867995, 2.597941;0.6817936, -0.2696995, 2.985902;0.6800351, -0.3293138, 3.051642;0.749575, -0.2984787, 2.967224;0.4578888, -0.5510006, 2.965573;0.6135886, -0.484759, 2.653161;0.5476221, -0.7719789, 3.017736;0.7166014, -0.7447208, 2.752543;0.505076, -0.8336069, 3.006284;0.7095675, -0.7288561, 2.651526;
0.3377421, 0.1453141, 2.791337;0.455478, 0.008743675, 2.802537;0.6690196, -0.1897824, 2.981833;0.3806959, -0.16191, 2.958915;0.5799978, -0.07374231, 2.732767;0.3529439, -0.6905311, 2.950326;0.6978922, -0.6875049, 2.596882;0.6867454, -0.2735072, 2.982053;0.6870278, -0.3352122, 3.048872;0.7569385, -0.3001718, 2.962736;0.4599915, -0.5522493, 2.965225;0.6381924, -0.5137782, 2.6605;0.5470719, -0.7694358, 3.017346;0.7306705, -0.7809135, 2.740417;0.5058389, -0.8322599, 3.007402;0.7018446, -0.8520363, 2.694992;
0.3401093, 0.1425042, 2.790021;0.4551976, 0.00086796, 2.802263;0.6675642, -0.1920518, 2.980368;0.3743028, -0.1613816, 2.962354;0.5810757, -0.07813055, 2.732516;0.3534787, -0.6913893, 2.948596;0.6972377, -0.6877995, 2.596116;0.6850808, -0.2753785, 2.980946;0.684742, -0.3380049, 3.048942;0.7568557, -0.3017097, 2.962223;0.4601386, -0.5524145, 2.965045;0.6163145, -0.4940578, 2.654867;0.4964778, -0.759659, 3.005113;0.7179438, -0.7559465, 2.748169;0.467583, -0.8312044, 2.960295;0.7083498, -0.732834, 2.64865;
0.3404542, 0.1416862, 2.789743;0.4543259, -0.001468526, 2.800921;0.6686653, -0.196007, 2.978017;0.376829, -0.1622784, 2.959885;0.5807815, -0.08067113, 2.732564;0.3489399, -0.7083573, 2.965625;0.6865101, -0.6925321, 2.602073;0.6863837, -0.2792899, 2.978436;0.6863775, -0.3415007, 3.047414;0.7586817, -0.3053671, 2.959236;0.4600517, -0.5526621, 2.96492;0.6363544, -0.5226753, 2.662022;0.5481812, -0.7682992, 3.01891;0.7293907, -0.789198, 2.74141;0.5089773, -0.8325994, 3.009676;0.7284378, -0.8650599, 2.742305;
0.3417993, 0.1399662, 2.789433;0.4550522, -0.00313655, 2.79985;0.6663444, -0.2004141, 2.975241;0.3728308, -0.1613514, 2.959856;0.5817353, -0.08389047, 2.731883;0.3518994, -0.7134188, 2.95972;0.6960071, -0.6814481, 2.59251;0.6820785, -0.28378, 2.974921;0.6759346, -0.3517683, 3.042145;0.7574921, -0.3079543, 2.957603;0.3708329, -0.5480592, 2.924424;0.6077696, -0.4988765, 2.654574;0.5476255, -0.7685243, 3.018301;0.7112164, -0.7608836, 2.747371;0.5105247, -0.8342302, 3.010058;0.7040863, -0.7321954, 2.649022;
0.3444505, 0.1392034, 2.790275;0.4555926, -0.004389276, 2.799444;0.6660631, -0.2039927, 2.974812;0.3765982, -0.1633511, 2.958114;0.5818367, -0.08470679, 2.731358;0.3519988, -0.7133877, 2.958387;0.6956131, -0.6877334, 2.594355;0.6814363, -0.2874219, 2.974431;0.6754721, -0.3563727, 3.042965;0.7575327, -0.3116842, 2.956729;0.3687178, -0.5482763, 2.921859;0.6107762, -0.504788, 2.653601;0.4279576, -0.8279871, 2.988492;0.7133002, -0.7668762, 2.74572;0.5140771, -0.8280311, 3.010555;0.7051938, -0.7330289, 2.648978;
0.3451593, 0.1391551, 2.789314;0.4568895, -0.006803878, 2.79958;0.6675833, -0.2036235, 2.973912;0.3776241, -0.1633223, 2.956821;0.5825706, -0.0854451, 2.730655;0.3533917, -0.7137374, 2.957505;0.6953399, -0.6870997, 2.59429;0.6836253, -0.2865847, 2.97333;0.6813457, -0.3526329, 3.041113;0.7591735, -0.3109043, 2.95565;0.3740531, -0.546477, 2.925131;0.6121275, -0.5086914, 2.655851;0.4671022, -0.8163859, 2.992315;0.7145563, -0.770119, 2.747107;0.536903, -0.8324867, 3.01791;0.705282, -0.7338009, 2.651259;
0.3492878, 0.1401064, 2.788156;0.457343, -0.007003694, 2.799852;0.6676715, -0.2036589, 2.973878;0.3798511, -0.1641861, 2.955745;0.582436, -0.08578033, 2.730515;0.4027656, -0.7083255, 3.004421;0.6966493, -0.6841588, 2.593021;0.683654, -0.2865766, 2.973266;0.6815595, -0.3522371, 3.041477;0.7590838, -0.3109897, 2.955498;0.4533051, -0.5279125, 2.954962;0.609728, -0.500218, 2.65117;0.5403916, -0.7584217, 3.011717;0.7144223, -0.7608736, 2.746877;0.5126873, -0.8292257, 3.008106;0.7049438, -0.7313016, 2.648689;
0.3516958, 0.1398149, 2.785384;0.4600601, -0.005269703, 2.799386;0.6685522, -0.1998122, 2.97218;0.3796113, -0.1630582, 2.956216;0.5823733, -0.08601574, 2.7302;0.4041079, -0.7061306, 3.003689;0.6967505, -0.6836537, 2.592663;0.6839089, -0.2818865, 2.971419;0.6825379, -0.3476062, 3.042689;0.7598399, -0.3091753, 2.952948;0.4524337, -0.5500878, 2.961287;0.6247562, -0.5157001, 2.654194;0.5409478, -0.7584096, 3.012062;0.7582558, -0.8202451, 2.763077;0.5120025, -0.8287159, 3.007798;0.7041714, -0.8551192, 2.722362;
0.3612435, 0.1500596, 2.785122;0.4604377, -0.004211944, 2.799025;0.6712735, -0.1983788, 2.972418;0.3820928, -0.1624919, 2.954885;0.5831142, -0.08542922, 2.730043;0.3673179, -0.6934015, 2.989251;0.6983985, -0.6812194, 2.591254;0.6876851, -0.2806613, 2.972091;0.6865264, -0.3458992, 3.042983;0.7635131, -0.3068113, 2.953581;0.4880805, -0.6287006, 2.982785;0.6268178, -0.5149716, 2.657398;0.5154529, -0.7392372, 3.00685;0.7582291, -0.8200607, 2.76313;0.5132901, -0.8251467, 3.006752;0.7040342, -0.8557716, 2.723551;
0.3622349, 0.1516652, 2.785343;0.4628286, -0.0001580014, 2.801062;0.6714221, -0.1937821, 2.972017;0.3808545, -0.161078, 2.95818;0.5832722, -0.08390728, 2.729519;0.3387457, -0.7072904, 2.999723;0.7002752, -0.6673483, 2.593648;0.6867514, -0.2755069, 2.971316;0.6860173, -0.3429234, 3.043715;0.7637085, -0.3039115, 2.952227;0.4877794, -0.6274561, 2.982769;0.6279341, -0.5150172, 2.658402;0.5124273, -0.7398063, 3.008082;0.7583417, -0.8190859, 2.763305;0.5141408, -0.8236845, 3.009006;0.7052712, -0.8603439, 2.727724;
0.3689898, 0.1623996, 2.789134;0.4685116, 0.008991389, 2.797986;0.6741477, -0.1898305, 2.971053;0.3812813, -0.1584878, 2.958142;0.5850015, -0.08178443, 2.727985;0.3470177, -0.6969647, 3.009307;0.698895, -0.6665457, 2.59032;0.6884063, -0.2721304, 2.970558;0.6878541, -0.3389955, 3.043612;0.764699, -0.3017264, 2.951464;0.4656823, -0.5583954, 2.972615;0.6317952, -0.5141135, 2.657946;0.5126156, -0.7400644, 3.009907;0.756206, -0.8144782, 2.761732;0.4813627, -0.8107895, 2.965224;0.7069973, -0.85897, 2.724838;
0.3792718, 0.190342, 2.793745;0.4703777, 0.01764924, 2.797575;0.6767197, -0.1887054, 2.968246;0.3844897, -0.1082362, 2.954037;0.5862223, -0.07484543, 2.726841;0.3587664, -0.6826271, 2.976059;0.6978461, -0.6640035, 2.586228;0.6864076, -0.2715612, 2.971081;0.6833289, -0.3359489, 3.044157;0.7600634, -0.3028594, 2.952111;0.4619767, -0.5590833, 2.973776;0.6327522, -0.5139717, 2.655776;0.5407843, -0.7485706, 3.016775;0.7559736, -0.8140198, 2.762955;0.5139529, -0.8208345, 3.007653;0.7080051, -0.8599837, 2.726605;
0.3794264, 0.191241, 2.793808;0.4726873, 0.0266185, 2.799888;0.6760375, -0.1864127, 2.970625;0.3850429, -0.1069609, 2.953912;0.587678, -0.06729668, 2.726192;0.3418222, -0.6799963, 2.991729;0.6938565, -0.6449912, 2.586328;0.6853895, -0.2696483, 2.972377;0.6812915, -0.3320712, 3.044406;0.7580174, -0.3015034, 2.953705;0.4605603, -0.5548973, 2.973753;0.6389276, -0.5151005, 2.656425;0.5353168, -0.745662, 3.014807;0.7486782, -0.7988138, 2.756942;0.5145668, -0.819788, 3.007341;0.7186901, -0.8658451, 2.739195;
0.3807133, 0.1951344, 2.795897;0.4757405, 0.03794615, 2.803317;0.6746641, -0.1815444, 2.971944;0.3872657, -0.08833194, 2.954634;0.5884955, -0.05646262, 2.727237;0.3385826, -0.6725725, 2.991041;0.6995085, -0.634589, 2.583029;0.6816455, -0.2651337, 2.973766;0.6765924, -0.3260187, 3.046317;0.7542083, -0.3004425, 2.954075;0.4669923, -0.6271771, 3.002954;0.6418689, -0.5162277, 2.656326;0.5294691, -0.7404584, 3.01514;0.7482529, -0.7965363, 2.756254;0.5171623, -0.8195831, 3.011214;0.720195, -0.8633162, 2.735361;
0.3885735, 0.2193655, 2.799571;0.4784106, 0.05115364, 2.805223;0.6724449, -0.1726095, 2.977304;0.3851725, -0.0737242, 2.961548;0.5920522, -0.04596437, 2.727598;0.3666692, -0.6235979, 2.975266;0.7032162, -0.6240296, 2.585601;0.6773688, -0.2569821, 2.980008;0.6701045, -0.3160831, 3.052957;0.7495172, -0.2958642, 2.960386;0.46219, -0.5368516, 2.981726;0.6450027, -0.5128099, 2.661344;0.5382748, -0.7473946, 3.014419;0.747631, -0.7940505, 2.75746;0.5162873, -0.823862, 3.009547;0.7229267, -0.8621899, 2.737376;
0.3931502, 0.2337499, 2.801946;0.4832963, 0.07310645, 2.811261;0.6715083, -0.1649572, 2.982326;0.3865794, -0.05875139, 2.9651;0.5931156, -0.02384532, 2.72946;0.3715176, -0.579874, 2.96161;0.7022408, -0.6128443, 2.578963;0.6749357, -0.2500322, 2.983513;0.6674778, -0.3097096, 3.054898;0.7451823, -0.2907636, 2.964299;0.4608964, -0.5353847, 2.981838;0.6488622, -0.5102812, 2.665162;0.5387329, -0.7466825, 3.014528;0.7477822, -0.7901093, 2.758085;0.5166485, -0.8240696, 3.009684;0.7257749, -0.8594193, 2.739536;
0.4010542, 0.2611582, 2.811985;0.4876072, 0.08966749, 2.810653;0.6622924, -0.1560796, 2.987678;0.3868471, -0.02646875, 2.964332;0.5954113, -0.005087356, 2.730102;0.3867922, -0.5588238, 2.93865;0.6950988, -0.5843446, 2.593484;0.6590627, -0.2408274, 2.991212;0.6437358, -0.2964475, 3.062567;0.7219815, -0.2856081, 2.975503;0.4586068, -0.5334958, 2.981745;0.6553481, -0.5069036, 2.670213;0.5404102, -0.7479309, 3.01557;0.7487041, -0.7840661, 2.758657;0.5174551, -0.8229142, 3.009655;0.7287621, -0.8541001, 2.741145;
0.4041546, 0.2769557, 2.811818;0.4903308, 0.110103, 2.817515;0.6663233, -0.1376836, 2.987683;0.386347, -0.01027586, 2.966715;0.6017821, 0.02715485, 2.72786;0.3632859, -0.5715486, 2.954951;0.6919875, -0.5483692, 2.59752;0.6651579, -0.223325, 2.98763;0.6530808, -0.2831814, 3.055422;0.7305815, -0.2674684, 2.970983;0.4281821, -0.5704973, 2.972505;0.659843, -0.5033796, 2.67918;0.5315767, -0.8373555, 3.021371;0.7492252, -0.7835754, 2.759016;0.4882518, -0.7897599, 2.982986;0.7303744, -0.8540044, 2.741689;
0.4068482, 0.3053241, 2.820765;0.4953113, 0.1372196, 2.818608;0.6626433, -0.129639, 2.992127;0.3904083, 0.007401305, 2.969872;0.6049323, 0.03947649, 2.729322;0.3636198, -0.5610288, 2.9546;0.6866289, -0.5360379, 2.597474;0.6589024, -0.2158278, 2.99229;0.6438609, -0.2738049, 3.059153;0.7234044, -0.2623407, 2.976231;0.4181164, -0.5574341, 2.967714;0.663776, -0.5016494, 2.685585;0.5113072, -0.8292698, 3.010278;0.7493868, -0.7799374, 2.759653;0.4683751, -0.892031, 2.966047;0.7316338, -0.8505734, 2.742728;
0.4109394, 0.3413788, 2.828461;0.4967763, 0.1615025, 2.820609;0.6554304, -0.09665544, 2.993544;0.3938751, 0.05188508, 2.976234;0.6068597, 0.06164336, 2.733953;0.361373, -0.5491383, 2.954205;0.6872749, -0.5045103, 2.594862;0.647499, -0.1830233, 2.995274;0.6305766, -0.235267, 3.060971;0.7111419, -0.2378262, 2.979042;0.4372098, -0.5415514, 2.970889;0.6689371, -0.4964977, 2.696317;0.5280877, -0.8132232, 3.015338;0.7495416, -0.7778313, 2.759805;0.4848969, -0.8715786, 2.99809;0.7328115, -0.8492872, 2.746296;
0.4166289, 0.3636807, 2.833048;0.5016075, 0.1955483, 2.829935;0.6538218, -0.08566736, 3.000237;0.3953542, 0.06614378, 2.976724;0.6064059, 0.08344292, 2.737943;0.3563589, -0.529221, 2.969111;0.684921, -0.466963, 2.604875;0.6446458, -0.1722741, 3.000113;0.6270257, -0.2256955, 3.064668;0.706159, -0.2259001, 2.984046;0.4402114, -0.5347124, 2.972039;0.6748551, -0.4950659, 2.702771;0.5266774, -0.8083725, 3.012535;0.7528474, -0.7731388, 2.759054;0.5057687, -0.8795721, 3.019218;0.7337383, -0.8441617, 2.747146;
0.4256455, 0.3885548, 2.834405;0.5049129, 0.2206185, 2.835259;0.6532333, -0.07114054, 3.004518;0.4001984, 0.09577084, 2.969309;0.6112013, 0.1133844, 2.746463;0.3663188, -0.4517069, 2.963741;0.6877561, -0.4474999, 2.597023;0.6439735, -0.1596155, 3.00217;0.6248863, -0.2127757, 3.064385;0.7044549, -0.2136928, 2.985861;0.4473582, -0.5265459, 2.971973;0.6751584, -0.4870437, 2.708639;0.5273923, -0.8017474, 3.012477;0.753613, -0.7724974, 2.75906;0.5095834, -0.8734303, 3.021532;0.7346649, -0.8433511, 2.746479;
0.4310193, 0.4395767, 2.84834;0.517259, 0.2689409, 2.84595;0.6587152, -0.04619702, 3.006727;0.4050078, 0.1199305, 2.970063;0.6135707, 0.1381249, 2.75149;0.3653248, -0.4391111, 2.951915;0.6859447, -0.4321449, 2.595506;0.6470551, -0.13596, 3.001997;0.6267204, -0.1896725, 3.060303;0.7049325, -0.1900934, 2.984732;0.459504, -0.5106253, 2.977713;0.6756924, -0.4744045, 2.713913;0.5306174, -0.7887125, 3.014874;0.7538898, -0.7723588, 2.759012;0.5132502, -0.8608752, 3.018712;0.7346904, -0.8430612, 2.746508;
0.4399691, 0.4542344, 2.854604;0.5178638, 0.2926694, 2.854546;0.6594971, -0.02666327, 3.009752;0.4092352, 0.1712571, 2.972662;0.6185097, 0.1756001, 2.759594;0.3659148, -0.4131947, 2.942666;0.6871812, -0.4119517, 2.605389;0.6469721, -0.1169861, 3.003655;0.6254355, -0.1668111, 3.058362;0.7036712, -0.1733566, 2.985872;0.4716199, -0.4943033, 2.978773;0.6793271, -0.4673066, 2.721119;0.548488, -0.7539761, 3.02185;0.7544155, -0.772237, 2.758893;0.5202552, -0.8307918, 3.015699;0.7346824, -0.8427008, 2.746443;
0.4394118, 0.4935283, 2.864098;0.5252323, 0.3416681, 2.861956;0.6627346, 0.01611628, 3.008254;0.4115248, 0.1876884, 2.97682;0.6219715, 0.1973346, 2.76498;0.3673348, -0.3618537, 2.948839;0.6689606, -0.3630557, 2.61403;0.6492721, -0.07338182, 2.999137;0.626594, -0.1330402, 3.056923;0.7064191, -0.1355235, 2.976703;0.4861293, -0.4672378, 2.984504;0.6808841, -0.4586468, 2.726271;0.5493478, -0.7519337, 3.022644;0.7557144, -0.7714099, 2.758514;0.5208942, -0.8302458, 3.016068;0.7349172, -0.8415254, 2.746279;
0.4572459, 0.5305464, 2.888392;0.5318849, 0.3686422, 2.868739;0.6649398, 0.02869232, 3.007236;0.419682, 0.2354111, 2.993081;0.6242077, 0.2384778, 2.772916;0.366666, -0.3588294, 2.946996;0.6701862, -0.3357567, 2.622109;0.6486285, -0.06126291, 2.998231;0.6250987, -0.1117664, 3.053527;0.7039764, -0.1219567, 2.974534;0.4940422, -0.4535035, 2.984626;0.6856675, -0.4494051, 2.73885;0.5496392, -0.7512654, 3.023085;0.755479, -0.7711865, 2.758655;0.5209929, -0.8301688, 3.016146;0.7350041, -0.8410528, 2.744988;
0.4787205, 0.5649118, 2.902283;0.5378686, 0.3957098, 2.882667;0.6603164, 0.0697882, 3.005903;0.4234274, 0.2629516, 3.003572;0.6250219, 0.2531883, 2.775495;0.3698235, -0.3136399, 2.958089;0.6683975, -0.2970638, 2.622715;0.6385543, -0.0145941, 2.993859;0.6157595, -0.08332093, 3.047283;0.6912131, -0.06850161, 2.968164;0.5020376, -0.445163, 2.986591;0.6904348, -0.4356536, 2.751029;0.5500267, -0.7504311, 3.022988;0.7555336, -0.7704638, 2.758367;0.5210909, -0.8300116, 3.016238;0.7347986, -0.8400865, 2.74422;
0.490071, 0.5985663, 2.921426;0.5533602, 0.4328201, 2.893393;0.6584174, 0.08003888, 3.009611;0.4289131, 0.2813589, 3.007307;0.6399528, 0.3109494, 2.78587;0.3720704, -0.3019515, 2.951701;0.6617277, -0.2822505, 2.623314;0.6373801, -0.005274593, 2.99343;0.6097903, -0.06810986, 3.043875;0.6902323, -0.06049119, 2.968028;0.5083361, -0.4400968, 2.98733;0.6929834, -0.4314258, 2.756703;0.5493256, -0.7479998, 3.023018;0.7555176, -0.7696323, 2.758823;0.521452, -0.8297774, 3.016449;0.734999, -0.8391511, 2.744141;
0.4987288, 0.6140962, 2.924106;0.5573463, 0.4476781, 2.902869;0.6594079, 0.09348147, 3.008536;0.4332077, 0.3081214, 3.006588;0.639796, 0.3185124, 2.791076;0.3723975, -0.2786432, 2.952691;0.656664, -0.2647836, 2.622892;0.6362453, 0.008202283, 2.990511;0.6068187, -0.0544283, 3.039377;0.6886765, -0.04947478, 2.963193;0.5118361, -0.4356293, 2.986508;0.6968211, -0.4250638, 2.763182;0.5495801, -0.7462982, 3.02325;0.7555524, -0.7695161, 2.758979;0.5217565, -0.829363, 3.016891;0.7351058, -0.8389865, 2.744229;
0.5163767, 0.6632838, 2.947633;0.5716788, 0.4949851, 2.921218;0.6580223, 0.1182736, 3.00678;0.4379426, 0.3307219, 3.012053;0.6449487, 0.3430501, 2.798872;0.3750407, -0.2492495, 2.953941;0.6593428, -0.2292177, 2.632236;0.6315864, 0.03390782, 2.984502;0.5985759, -0.02822411, 3.031607;0.6826952, -0.028551, 2.9531;0.5137528, -0.4301988, 2.985852;0.6972654, -0.4201002, 2.765154;0.5510612, -0.7460428, 3.023036;0.7555824, -0.7694808, 2.759055;0.5218078, -0.8288919, 3.016925;0.735149, -0.8388533, 2.744075;
0.5239382, 0.6715701, 2.960106;0.5781946, 0.502337, 2.928832;0.6597692, 0.1302356, 3.004875;0.4435328, 0.3468756, 3.013789;0.6501298, 0.3579839, 2.803283;0.3739667, -0.2404526, 2.951197;0.6583927, -0.2064203, 2.643615;0.6317713, 0.04851128, 2.9793;0.5964915, -0.01779686, 3.02699;0.6829073, -0.01070645, 2.941519;0.5168332, -0.4226351, 2.986214;0.6959761, -0.412415, 2.768131;0.5513347, -0.745489, 3.022868;0.7557603, -0.7688038, 2.759364;0.5242846, -0.8287809, 3.019247;0.7353605, -0.8384421, 2.743191;
0.558305, 0.7111831, 2.988732;0.590881, 0.5319607, 2.948179;0.6558353, 0.1466213, 3.000645;0.4513412, 0.3702481, 3.015581;0.6582335, 0.3783253, 2.810838;0.377095, -0.2128267, 2.95456;0.6604253, -0.1819224, 2.647783;0.629666, 0.06656494, 2.975134;0.5896423, 0.001592366, 3.021679;0.681456, 0.00608246, 2.933353;0.5183963, -0.4193468, 2.985509;0.6961607, -0.4067511, 2.771636;0.5556472, -0.7511699, 3.025709;0.7556521, -0.7681398, 2.759583;0.5243367, -0.8298577, 3.019429;0.7356645, -0.8379118, 2.742233;
0.5604244, 0.7122266, 2.991393;0.595861, 0.5383624, 2.952228;0.6504651, 0.1539424, 2.996497;0.4549933, 0.3851259, 3.019269;0.6655394, 0.3976595, 2.819118;0.3772448, -0.1974986, 2.955415;0.6573917, -0.1772782, 2.650124;0.6263123, 0.07576065, 2.971876;0.5842379, 0.01043827, 3.01607;0.6768191, 0.01515099, 2.929335;0.5216897, -0.413206, 2.985313;0.6955354, -0.4035671, 2.774401;0.5560875, -0.7506057, 3.02531;0.7557115, -0.7680609, 2.759841;0.525183, -0.8273421, 3.019127;0.7358491, -0.8378373, 2.741733;
0.5734048, 0.7313188, 3.000845;0.611345, 0.5578332, 2.964975;0.6479028, 0.17148, 2.990908;0.4571607, 0.3986763, 3.027842;0.6713463, 0.4100147, 2.824698;0.3764311, -0.1816424, 2.949744;0.6595142, -0.1529373, 2.656845;0.6225333, 0.09638898, 2.964903;0.5770499, 0.02908122, 3.004311;0.6710585, 0.03831256, 2.921189;0.5231993, -0.4111463, 2.985838;0.6946973, -0.4003348, 2.776899;0.5573007, -0.7486787, 3.024237;0.7558579, -0.7679464, 2.760039;0.5254148, -0.827548, 3.019503;0.7357111, -0.8375552, 2.740172;
0.579082, 0.7424921, 3.005916;0.6176776, 0.5690436, 2.973118;0.6452317, 0.1784609, 2.989034;0.4592391, 0.4084817, 3.034265;0.6783503, 0.4229013, 2.828953;0.3765851, -0.1671601, 2.951521;0.6581599, -0.1426309, 2.659482;0.6197237, 0.1036039, 2.962603;0.5724574, 0.03438431, 3.001744;0.6682614, 0.04396517, 2.917171;0.5271738, -0.4053595, 2.985013;0.6946961, -0.3975997, 2.778683;0.5581319, -0.7475609, 3.023851;0.7564241, -0.7677737, 2.761485;0.5256913, -0.8276669, 3.019265;0.7361653, -0.8378841, 2.741196;
0.5914202, 0.7530097, 3.024609;0.6270124, 0.5785705, 2.977641;0.643855, 0.1837227, 2.987757;0.4615671, 0.4182468, 3.03738;0.6804672, 0.43322, 2.831782;0.3721219, -0.1699676, 2.948034;0.6553043, -0.1421638, 2.659185;0.6172013, 0.1092452, 2.961053;0.5681115, 0.03965533, 2.999574;0.6641771, 0.05011042, 2.914327;0.5287872, -0.4038489, 2.985377;0.6939824, -0.3955884, 2.779999;0.5604891, -0.7476383, 3.025803;0.7568672, -0.7673716, 2.762604;0.5259008, -0.8275532, 3.019097;0.7364556, -0.8378478, 2.741262;
0.5941756, 0.7574556, 3.024581;0.6292996, 0.5826302, 2.979854;0.6412627, 0.1928643, 2.986285;0.464071, 0.4278092, 3.042093;0.687994, 0.4456679, 2.836953;0.3714173, -0.1577539, 2.954826;0.6562788, -0.1350247, 2.661893;0.61329, 0.1198258, 2.958035;0.5614313, 0.0479081, 2.996915;0.6607983, 0.05919345, 2.908924;0.5310568, -0.404138, 2.98644;0.6941776, -0.3935187, 2.782136;0.5631552, -0.7469766, 3.026959;0.7570174, -0.7674496, 2.76305;0.5263291, -0.8276004, 3.019429;0.7369931, -0.8379906, 2.742422;
0.5978716, 0.769307, 3.027752;0.6357244, 0.5948463, 2.99123;0.6403044, 0.1986056, 2.986047;0.4653589, 0.4329358, 3.043946;0.6904156, 0.4529166, 2.841789;0.3701783, -0.1542334, 2.952502;0.6574082, -0.1267894, 2.66428;0.6105003, 0.1265665, 2.954976;0.5568849, 0.05357087, 2.993415;0.6569834, 0.06651208, 2.9021;0.534113, -0.4011257, 2.986655;0.6949007, -0.3908817, 2.785648;0.5640883, -0.746161, 3.026534;0.7580301, -0.7675, 2.763902;0.5263613, -0.8277824, 3.019255;0.7378437, -0.8375393, 2.741986;
0.6021644, 0.775122, 3.03669;0.6381204, 0.5999606, 2.996086;0.6376829, 0.2048069, 2.985494;0.4692969, 0.4438998, 3.046634;0.6940515, 0.4593638, 2.84507;0.37081, -0.149872, 2.952911;0.6560715, -0.1176189, 2.661916;0.6053492, 0.1341487, 2.951659;0.5492449, 0.06130671, 2.989752;0.6509193, 0.07271559, 2.895677;0.5375348, -0.3990392, 2.986809;0.6950874, -0.3880172, 2.787404;0.5645115, -0.7460146, 3.026866;0.7603922, -0.7625747, 2.765015;0.5263978, -0.8278447, 3.019308;0.7377756, -0.8375069, 2.741898;
0.6052142, 0.7845117, 3.042201;0.6451536, 0.6100974, 3.007028;0.637336, 0.2070954, 2.984745;0.4713895, 0.4488739, 3.048282;0.6974052, 0.467498, 2.850926;0.3712985, -0.1471379, 2.953167;0.6555786, -0.1075149, 2.664584;0.6037129, 0.1374715, 2.948136;0.5465586, 0.06456301, 2.984343;0.6482463, 0.07700581, 2.889813;0.5403317, -0.4004129, 2.987831;0.6969322, -0.3859142, 2.789306;0.5682412, -0.7498602, 3.029424;0.7614108, -0.7520835, 2.766393;0.5265027, -0.8297011, 3.020192;0.736912, -0.8355736, 2.743353;
0.6186597, 0.7902248, 3.060223;0.6479229, 0.6135827, 3.010278;0.6367175, 0.2094685, 2.98318;0.4737614, 0.4524678, 3.051337;0.6987691, 0.4706676, 2.853781;0.3715611, -0.1436782, 2.953691;0.6560414, -0.1041617, 2.66512;0.6011769, 0.1405018, 2.94424;0.5432369, 0.06763464, 2.979053;0.6444017, 0.08055107, 2.884468;0.5431589, -0.4011705, 2.988813;0.6978447, -0.3842786, 2.791089;0.568329, -0.7505513, 3.029835;0.7614365, -0.7518781, 2.766465;0.5249963, -0.8315151, 3.017569;0.7373012, -0.8355848, 2.74355;
0.6202255, 0.7920384, 3.061465;0.6524212, 0.6155545, 3.014745;0.6359218, 0.2120061, 2.981255;0.4767738, 0.4553908, 3.051295;0.703313, 0.4729093, 2.856222;0.3734613, -0.1121497, 2.956804;0.6563164, -0.1011897, 2.665119;0.5988135, 0.14466, 2.939399;0.539302, 0.07154344, 2.97368;0.6412123, 0.0838096, 2.87641;0.5450263, -0.3985343, 2.990113;0.6983222, -0.3834262, 2.792427;0.5690284, -0.7496574, 3.030687;0.7624665, -0.7511241, 2.766805;0.5270797, -0.8300676, 3.019276;0.7370348, -0.8358877, 2.743777;
0.6257115, 0.7949216, 3.069086;0.6571157, 0.6180872, 3.021734;0.6342533, 0.2125528, 2.979726;0.4785466, 0.4567055, 3.052221;0.7041601, 0.4735497, 2.857392;0.3732165, -0.1113553, 2.956882;0.6559604, -0.1008686, 2.664707;0.5947847, 0.1464545, 2.935486;0.5336881, 0.0739301, 2.96782;0.6355059, 0.08622991, 2.871239;0.5454428, -0.3987304, 2.990578;0.6992513, -0.3826033, 2.793606;0.5698949, -0.7501127, 3.03105;0.7625253, -0.7511662, 2.766705;0.526589, -0.8302113, 3.018114;0.7369739, -0.8364967, 2.744793;
0.627973, 0.7954648, 3.070248;0.6588482, 0.6182514, 3.025242;0.6326119, 0.2131503, 2.9784;0.4795307, 0.4576881, 3.052421;0.7050018, 0.4745075, 2.85879;0.3732752, -0.1111592, 2.957332;0.6552041, -0.09937045, 2.66425;0.5917589, 0.147945, 2.932321;0.5305277, 0.07486011, 2.96439;0.6310306, 0.08764538, 2.866191;0.5455224, -0.3984714, 2.990934;0.6998531, -0.3814626, 2.79436;0.5709026, -0.7494299, 3.032838;0.7628451, -0.7513442, 2.767334;0.5265867, -0.8301685, 3.018378;0.7375877, -0.8361597, 2.745172;
0.6284051, 0.7963439, 3.069827;0.6621343, 0.6193943, 3.029524;0.6311735, 0.2133136, 2.976785;0.48205, 0.4581196, 3.051545;0.7067583, 0.4736314, 2.859822;0.3729437, -0.1098979, 2.95826;0.6541759, -0.09952621, 2.663377;0.5890442, 0.1489239, 2.928804;0.5269858, 0.07596628, 2.960447;0.6274509, 0.08822812, 2.860775;0.5456964, -0.3954309, 2.990629;0.6997848, -0.3806969, 2.794799;0.5712619, -0.7489712, 3.033259;0.7627974, -0.7510448, 2.767485;0.5272523, -0.8295869, 3.018888;0.7372975, -0.8366147, 2.745214;
0.6308835, 0.7765476, 3.068122;0.6570598, 0.5629134, 3.024201;0.6281052, 0.2085305, 2.973073;0.4824167, 0.4584206, 3.05149;0.7070975, 0.4735925, 2.860849;0.3692307, -0.1357572, 2.952217;0.6527621, -0.1023485, 2.662326;0.5865719, 0.1483171, 2.92565;0.5242348, 0.07504044, 2.95586;0.6246938, 0.08817157, 2.857903;0.5458287, -0.3956201, 2.990616;0.6998339, -0.3811847, 2.794798;0.571407, -0.7497341, 3.033438;0.7628081, -0.7509434, 2.7675;0.5268528, -0.8301376, 3.018279;0.7370937, -0.8369154, 2.745479;
0.6318254, 0.793951, 3.067021;0.6658376, 0.6171535, 3.036697;0.6261501, 0.2089319, 2.971017;0.4830077, 0.4579462, 3.050877;0.7070236, 0.4734746, 2.861905;0.370487, -0.1363665, 2.953109;0.6523747, -0.1009184, 2.661911;0.5828972, 0.1480744, 2.921282;0.5203207, 0.07491823, 2.951549;0.6205055, 0.08831792, 2.852572;0.5457948, -0.3956057, 2.990593;0.6996214, -0.381258, 2.795007;0.5715756, -0.7493882, 3.033826;0.7627758, -0.7509042, 2.767519;0.5274332, -0.8296814, 3.018909;0.7370432, -0.8371573, 2.745803;
0.6352586, 0.7752311, 3.068894;0.6591721, 0.5612808, 3.021402;0.6246217, 0.2062429, 2.967951;0.4830796, 0.4580367, 3.050868;0.7077408, 0.4726758, 2.86246;0.3708916, -0.1368186, 2.954648;0.6519759, -0.09913869, 2.660919;0.581642, 0.1479148, 2.918578;0.5184882, 0.07472477, 2.947267;0.6193157, 0.08827425, 2.850412;0.5455462, -0.3954853, 2.990299;0.6990212, -0.3815826, 2.795301;0.5715348, -0.7492921, 3.033598;0.7626415, -0.7510953, 2.767616;0.5274372, -0.8296547, 3.018881;0.7371088, -0.8381155, 2.746897;
0.6313451, 0.7978841, 3.06895;0.6648637, 0.620713, 3.038007;0.624134, 0.2072878, 2.967099;0.4837301, 0.4584556, 3.051985;0.7076147, 0.4728603, 2.863602;0.3720155, -0.1358371, 2.951903;0.6512979, -0.09848718, 2.659854;0.5804083, 0.147966, 2.916534;0.517464, 0.0749973, 2.945263;0.6181359, 0.0886939, 2.848425;0.545431, -0.395451, 2.990039;0.6986683, -0.3808857, 2.796519;0.5716984, -0.7482675, 3.033917;0.762621, -0.7510966, 2.767657;0.5281346, -0.8295391, 3.019404;0.7367932, -0.8384693, 2.746898;
0.6384925, 0.7737545, 3.071235;0.6541213, 0.5581769, 3.018111;0.6230112, 0.2045029, 2.96531;0.4843077, 0.4578988, 3.049651;0.7079948, 0.471995, 2.863816;0.3747638, -0.1366695, 2.952978;0.6506176, -0.09775405, 2.658085;0.5798557, 0.1471575, 2.91521;0.5171097, 0.0740625, 2.943849;0.6174589, 0.08778769, 2.847103;0.5449381, -0.3953622, 2.989703;0.6967763, -0.3801588, 2.796533;0.5721517, -0.7478229, 3.034005;0.762614, -0.7510508, 2.7677;0.5286316, -0.8290206, 3.01958;0.7368278, -0.8389986, 2.747567;
0.6385666, 0.7735437, 3.071517;0.6549926, 0.5584815, 3.018479;0.6224691, 0.2031531, 2.964717;0.4843678, 0.4575348, 3.049899;0.7081341, 0.4717714, 2.864044;0.3737452, -0.1443823, 2.952504;0.650394, -0.09744903, 2.657269;0.5790873, 0.1467295, 2.9145;0.5161616, 0.07366359, 2.943011;0.6164058, 0.08732324, 2.846402;0.5447472, -0.3961639, 2.989443;0.6967748, -0.3802126, 2.796927;0.5718194, -0.748629, 3.033615;0