0.5771171, 0.8184242, 3.038777;0.6377037, 0.598425, 2.995462;0.5748451, 0.2313717, 2.933218;0.4787494, 0.4419124, 3.064277;0.6923068, 0.4562206, 2.84866;0.3955396, -0.1654072, 2.959013;0.678062, -0.1346409, 2.66897;0.5622733, 0.1579611, 2.924268;0.501762, 0.08197844, 2.96785;0.5978628, 0.08841716, 2.852436;0.5354024, -0.3971616, 2.983036;0.6883487, -0.3769368, 2.791653;0.569299, -0.7450218, 3.038217;0.762175, -0.7497758, 2.769567;0.524503, -0.8292674, 3.018812;0.7373761, -0.8402811, 2.752332;
0.5781292, 0.8179513, 3.034153;0.636961, 0.5973691, 2.995358;0.5747883, 0.231225, 2.933226;0.4789209, 0.4417682, 3.063576;0.6930413, 0.4565061, 2.848956;0.3951966, -0.1656618, 2.959399;0.6783457, -0.134199, 2.668973;0.5622625, 0.1578933, 2.924282;0.5017309, 0.08186451, 2.967787;0.5979235, 0.08838739, 2.852525;0.5355273, -0.3969414, 2.982809;0.6881981, -0.3766958, 2.79167;0.5691338, -0.7453251, 3.038008;0.7620431, -0.7498991, 2.76949;0.5248765, -0.82913, 3.019383;0.7374595, -0.8401449, 2.752443;
0.5775423, 0.8182592, 3.031787;0.6371722, 0.597501, 2.995186;0.5747772, 0.2312202, 2.933213;0.4792618, 0.4421182, 3.063442;0.6931469, 0.4564867, 2.84883;0.3953841, -0.166331, 2.960227;0.6791726, -0.1347779, 2.66899;0.5622204, 0.157873, 2.924314;0.5016621, 0.08189557, 2.967885;0.5978146, 0.08831476, 2.852646;0.5356716, -0.3967147, 2.982927;0.6878026, -0.376353, 2.791961;0.5684665, -0.7455476, 3.036778;0.7617124, -0.7499415, 2.769114;0.5245504, -0.8294574, 3.019683;0.7378308, -0.839706, 2.750811;
0.5786841, 0.8182608, 3.029515;0.6373314, 0.5972734, 2.994879;0.5747399, 0.2312618, 2.933173;0.4803577, 0.4440089, 3.06309;0.6936005, 0.4565618, 2.848355;0.3953909, -0.1672817, 2.959112;0.6798489, -0.1348344, 2.669185;0.5621279, 0.1579954, 2.924355;0.5014613, 0.08224484, 2.968159;0.5976753, 0.08829221, 2.852659;0.5356358, -0.3958918, 2.982905;0.6876575, -0.3763235, 2.791967;0.5679914, -0.7458156, 3.036627;0.7613136, -0.7500619, 2.768898;0.5252095, -0.8270705, 3.020502;0.7374621, -0.8396628, 2.750376;
0.5779561, 0.8194168, 3.027774;0.6378349, 0.5986636, 2.99425;0.5747537, 0.2314113, 2.933174;0.4805586, 0.4445736, 3.063633;0.6940472, 0.4569547, 2.848637;0.3953978, -0.1671724, 2.959721;0.6805335, -0.1352342, 2.668688;0.5621175, 0.1580822, 2.924395;0.5014235, 0.08249107, 2.968139;0.5977067, 0.0886374, 2.853387;0.5356101, -0.3958323, 2.982809;0.6875262, -0.3760721, 2.79198;0.5678266, -0.7464212, 3.036339;0.7610981, -0.7504644, 2.768755;0.5253398, -0.8270462, 3.02039;0.7382562, -0.8388875, 2.748728;
0.578242, 0.8193305, 3.026142;0.6378396, 0.5985121, 2.99523;0.5747117, 0.2314032, 2.933326;0.4805573, 0.4444132, 3.063856;0.6940343, 0.4571386, 2.848662;0.3953576, -0.1672557, 2.959872;0.6807286, -0.1354357, 2.668358;0.5620819, 0.1580784, 2.9245;0.5013426, 0.08235763, 2.968298;0.597611, 0.0886144, 2.85333;0.5356079, -0.3958115, 2.982899;0.6874438, -0.3765209, 2.792219;0.5678306, -0.746254, 3.03589;0.760771, -0.7516587, 2.768392;0.5254985, -0.8271719, 3.020575;0.7386444, -0.8384848, 2.747325;
0.5783479, 0.8195751, 3.025621;0.6377472, 0.598675, 2.995234;0.5746918, 0.2317109, 2.933421;0.4811566, 0.4454499, 3.064693;0.6951178, 0.4575239, 2.848186;0.3953192, -0.1675007, 2.959761;0.6804805, -0.1352661, 2.667834;0.5620828, 0.1584096, 2.924612;0.5012857, 0.08261929, 2.968537;0.59763, 0.08863869, 2.853277;0.5356531, -0.3958155, 2.983119;0.6873819, -0.376288, 2.792211;0.5676184, -0.7451134, 3.035122;0.7607114, -0.7515901, 2.768197;0.5255804, -0.8273253, 3.02073;0.7384671, -0.8385438, 2.747483;
0.5778093, 0.8194924, 3.024029;0.637718, 0.598779, 2.995208;0.5746333, 0.231809, 2.933475;0.4811831, 0.4454934, 3.064801;0.6952648, 0.4577015, 2.848232;0.3953993, -0.1677171, 2.959533;0.6803848, -0.1356983, 2.667273;0.562017, 0.1585032, 2.924681;0.5011951, 0.08267587, 2.968631;0.5975937, 0.08868225, 2.853299;0.5356945, -0.39567, 2.983044;0.6874803, -0.3763303, 2.792257;0.5677396, -0.7450548, 3.035186;0.7607599, -0.7520155, 2.768152;0.5258543, -0.8272148, 3.020838;0.7381483, -0.8383523, 2.746787;
0.5778289, 0.8196326, 3.023118;0.6376529, 0.5989528, 2.995703;0.5746266, 0.2317649, 2.933553;0.4813873, 0.4456913, 3.0642;0.6952627, 0.457685, 2.848108;0.395494, -0.1682658, 2.958899;0.6799751, -0.1368032, 2.666066;0.5620137, 0.1584308, 2.924734;0.501227, 0.08269289, 2.968603;0.5975958, 0.08864204, 2.853405;0.5357867, -0.3980845, 2.983616;0.6872547, -0.3760194, 2.792297;0.5674194, -0.7484159, 3.03442;0.7605121, -0.7520453, 2.767928;0.5250415, -0.8309408, 3.023094;0.737819, -0.8383356, 2.746353;
0.5783517, 0.8195436, 3.020249;0.6373413, 0.5988008, 2.995256;0.574566, 0.2317644, 2.933547;0.4813496, 0.4455134, 3.064593;0.6952599, 0.457664, 2.848099;0.3955386, -0.1683932, 2.95888;0.6794636, -0.1418357, 2.664638;0.5619667, 0.158436, 2.924751;0.501152, 0.08251584, 2.968637;0.5975097, 0.08889799, 2.853502;0.535917, -0.3978324, 2.983522;0.6869426, -0.3754759, 2.792397;0.5674518, -0.7483168, 3.034399;0.7603762, -0.7521176, 2.767326;0.5253186, -0.8315, 3.024672;0.7374805, -0.838535, 2.74624;
0.5784519, 0.819706, 3.020391;0.6371902, 0.5988545, 2.995034;0.5744341, 0.2317688, 2.933671;0.4815282, 0.4457492, 3.064534;0.6952299, 0.4577529, 2.847993;0.3955864, -0.1681543, 2.958754;0.6789546, -0.1412681, 2.664156;0.5618035, 0.158427, 2.924964;0.500966, 0.08213745, 2.969183;0.5972825, 0.08900707, 2.853671;0.53591, -0.3977586, 2.983558;0.6870537, -0.3754218, 2.792582;0.5672928, -0.7483793, 3.034298;0.7601199, -0.7532009, 2.767311;0.5251991, -0.8315234, 3.024813;0.7381685, -0.8387643, 2.746536;
0.5788574, 0.8188083, 3.021029;0.6364422, 0.5975459, 2.993984;0.5742167, 0.2314316, 2.933736;0.4816606, 0.4459967, 3.064893;0.6954595, 0.4573086, 2.847961;0.3957264, -0.1685751, 2.958671;0.6786201, -0.1414872, 2.663759;0.5616302, 0.1581546, 2.925126;0.5008364, 0.08188351, 2.969225;0.5971746, 0.08900701, 2.854228;0.5358956, -0.397923, 2.983531;0.6869535, -0.3758788, 2.792557;0.5673003, -0.7475948, 3.033947;0.7601119, -0.7535786, 2.76734;0.5254841, -0.8313063, 3.024855;0.7384574, -0.8387924, 2.746333;
0.5788859, 0.8188439, 3.021008;0.6365622, 0.5976083, 2.993842;0.5742309, 0.2313814, 2.933705;0.4818733, 0.4457736, 3.064354;0.6953138, 0.4575602, 2.847922;0.3958275, -0.168972, 2.959324;0.6787687, -0.1394238, 2.664079;0.5616414, 0.1580687, 2.925113;0.500887, 0.08180322, 2.969172;0.5971823, 0.08911139, 2.854347;0.5359333, -0.3975172, 2.983464;0.6869579, -0.375874, 2.792504;0.5671513, -0.7475021, 3.033881;0.7598467, -0.7533746, 2.767015;0.5256532, -0.8301824, 3.022608;0.7382621, -0.8389134, 2.746983;
0.5790383, 0.8189546, 3.02092;0.6366311, 0.5977597, 2.994143;0.5742248, 0.2313743, 2.933734;0.4819228, 0.4458164, 3.064405;0.6950127, 0.4579236, 2.848295;0.3959012, -0.1688348, 2.960648;0.6787001, -0.139137, 2.664172;0.5616336, 0.1580551, 2.925133;0.5009344, 0.08163787, 2.969179;0.5971144, 0.08922315, 2.854329;0.5360803, -0.3989637, 2.983593;0.6869606, -0.3758578, 2.792596;0.5671607, -0.7479603, 3.033816;0.7597245, -0.7533312, 2.766877;0.5258652, -0.8308208, 3.022518;0.7379607, -0.8392419, 2.746912;
0.5787838, 0.8186049, 3.020819;0.6369111, 0.5975574, 2.99364;0.574214, 0.2313588, 2.933742;0.4820581, 0.4461305, 3.064996;0.6950209, 0.4579278, 2.848134;0.3959005, -0.1688426, 2.960662;0.6785971, -0.1384499, 2.664077;0.561596, 0.1580366, 2.925184;0.5008836, 0.08154804, 2.969267;0.5969972, 0.08931904, 2.854486;0.53604, -0.3988322, 2.983626;0.686819, -0.3758942, 2.792598;0.5669997, -0.7473699, 3.033557;0.7598027, -0.7536198, 2.766903;0.5262893, -0.8313839, 3.023693;0.7372547, -0.8392621, 2.746314;
0.5781604, 0.8188772, 3.020417;0.6370114, 0.5980656, 2.993623;0.574201, 0.2313861, 2.933745;0.4820125, 0.4460624, 3.064231;0.6950081, 0.458121, 2.848197;0.3960338, -0.1681902, 2.960466;0.6786066, -0.1382653, 2.664053;0.5615813, 0.1580443, 2.925187;0.5008762, 0.08153488, 2.969254;0.596951, 0.0895358, 2.854587;0.5362079, -0.3986325, 2.983879;0.6867225, -0.3756873, 2.79265;0.5669703, -0.7473719, 3.03355;0.7598035, -0.7539375, 2.766956;0.5265779, -0.8301956, 3.022566;0.7372274, -0.8392403, 2.74632;
0.5780178, 0.8189102, 3.020284;0.6370356, 0.5981622, 2.993642;0.5742021, 0.2313758, 2.933757;0.4820457, 0.4461156, 3.064194;0.695032, 0.4583323, 2.84824;0.3962054, -0.168386, 2.961004;0.6785055, -0.1382468, 2.663852;0.5615817, 0.1580147, 2.925194;0.500922, 0.08142424, 2.969158;0.5969507, 0.0895595, 2.854615;0.5362432, -0.3987897, 2.983768;0.686632, -0.3757059, 2.792817;0.5672598, -0.7479944, 3.033236;0.7598148, -0.7539495, 2.766992;0.5261245, -0.8309276, 3.021657;0.7369891, -0.839396, 2.746363;
0.5779076, 0.8189331, 3.020185;0.6370261, 0.5982177, 2.993612;0.574195, 0.2313791, 2.933765;0.4821617, 0.4453305, 3.062342;0.6953526, 0.4582038, 2.84813;0.3958108, -0.1688164, 2.957829;0.6784683, -0.1372554, 2.66412;0.5615724, 0.158013, 2.925214;0.5008922, 0.08133823, 2.969186;0.5969634, 0.08962841, 2.854672;0.5362884, -0.3987906, 2.983838;0.6865586, -0.3751783, 2.792862;0.5673112, -0.7476853, 3.033423;0.7599858, -0.7539895, 2.767027;0.5261944, -0.8303956, 3.020968;0.736724, -0.8395958, 2.746351;
0.5778279, 0.8190495, 3.0192;0.6372575, 0.5984848, 2.99381;0.5741117, 0.2319026, 2.933954;0.4821346, 0.4453861, 3.062338;0.6954442, 0.4585687, 2.848106;0.3958659, -0.1682503, 2.957824;0.6783372, -0.1374197, 2.663867;0.561411, 0.1586287, 2.925419;0.500654, 0.08147427, 2.969534;0.5967327, 0.09013499, 2.854457;0.5362722, -0.398831, 2.983777;0.6867191, -0.3754409, 2.792919;0.5678838, -0.7487479, 3.035282;0.7600341, -0.7540273, 2.767119;0.5276427, -0.8255134, 3.024541;0.7365431, -0.8397769, 2.746484;
0.5781575, 0.8188289, 3.019477;0.6370278, 0.5980291, 2.993255;0.5737973, 0.2316135, 2.933984;0.4821145, 0.445423, 3.062317;0.695465, 0.4585311, 2.847971;0.3959289, -0.1683119, 2.957692;0.6783042, -0.1372679, 2.663884;0.5610543, 0.1583291, 2.92555;0.5003448, 0.08134066, 2.969562;0.5963709, 0.08996327, 2.854918;0.535915, -0.3982081, 2.983458;0.6866962, -0.3754576, 2.792792;0.5677952, -0.7482745, 3.034929;0.7599773, -0.7542376, 2.766893;0.5276253, -0.8257455, 3.024389;0.7361807, -0.8399764, 2.746001;
0.5782798, 0.8188131, 3.019861;0.6366915, 0.5977867, 2.992521;0.5737696, 0.2316004, 2.933946;0.4821921, 0.4454043, 3.062464;0.6958332, 0.4582379, 2.847643;0.3958448, -0.1678551, 2.9577;0.6783043, -0.1372549, 2.663846;0.5610495, 0.1583277, 2.925549;0.5003201, 0.08122436, 2.969608;0.5963735, 0.08996604, 2.854912;0.535952, -0.3982797, 2.983438;0.6866404, -0.3750114, 2.792628;0.5676073, -0.7484459, 3.03487;0.7600965, -0.7540334, 2.766979;0.527037, -0.8274901, 3.023263;0.7361462, -0.8400377, 2.745993;
0.5859696, 0.8213078, 3.018654;0.637065, 0.5985441, 2.992554;0.5737609, 0.2316719, 2.93392;0.4821844, 0.4454244, 3.062391;0.6955338, 0.458712, 2.847756;0.3958831, -0.1676405, 2.957789;0.6782121, -0.1376355, 2.663778;0.5610297, 0.1583582, 2.925528;0.5003099, 0.08121359, 2.969611;0.5962735, 0.09010594, 2.854777;0.5354769, -0.39878, 2.98302;0.6866876, -0.374949, 2.792609;0.5668798, -0.7492789, 3.034397;0.7603476, -0.7533035, 2.766954;0.5232762, -0.8322007, 3.02426;0.7361703, -0.8399922, 2.745976;
0.5857812, 0.8213834, 3.019375;0.6370757, 0.5986214, 2.992707;0.5736862, 0.2316616, 2.933985;0.4823899, 0.4458836, 3.062338;0.6952798, 0.4586218, 2.847651;0.3958156, -0.1675304, 2.957666;0.6779615, -0.1374701, 2.663349;0.5609313, 0.1583282, 2.925597;0.5002543, 0.08115035, 2.969742;0.5960694, 0.09011053, 2.854774;0.5366711, -0.4005189, 2.9836;0.6866267, -0.3750931, 2.792649;0.5669572, -0.7503691, 3.033844;0.7598814, -0.7534947, 2.766732;0.5233259, -0.8326875, 3.023064;0.7361252, -0.8401247, 2.746086;
0.5842127, 0.8208696, 3.017725;0.6370929, 0.5985729, 2.992568;0.573643, 0.2317874, 2.933978;0.4823942, 0.4458881, 3.062321;0.6958019, 0.4585843, 2.847238;0.3958025, -0.1672346, 2.957904;0.6777624, -0.1376376, 2.663096;0.5608668, 0.1585261, 2.925629;0.5001243, 0.08114521, 2.969876;0.5960238, 0.09023428, 2.854701;0.5361906, -0.3992855, 2.983084;0.6867657, -0.3751969, 2.792672;0.5664623, -0.7504857, 3.032964;0.7599427, -0.7534389, 2.766776;0.5240359, -0.8318263, 3.022629;0.7360449, -0.8400666, 2.74592;
0.5855588, 0.821368, 3.019797;0.6371059, 0.5985935, 2.992615;0.5735915, 0.2317353, 2.933986;0.4822749, 0.4456877, 3.062208;0.6957173, 0.4585632, 2.847262;0.3957719, -0.1671598, 2.957874;0.677325, -0.1385584, 2.662263;0.5607868, 0.1584335, 2.925628;0.5000404, 0.08098611, 2.96981;0.5959569, 0.09025466, 2.854733;0.5364439, -0.4010892, 2.983696;0.6867726, -0.3749656, 2.792822;0.5663733, -0.7521782, 3.0339;0.7599235, -0.7534838, 2.766873;0.5241132, -0.8328965, 3.023074;0.7360765, -0.8400763, 2.746002;
0.5840441, 0.8210111, 3.019089;0.6372645, 0.5986692, 2.992796;0.5736787, 0.2316918, 2.933965;0.4822014, 0.44568, 3.062345;0.695581, 0.4586039, 2.847248;0.3957664, -0.167128, 2.958002;0.6769368, -0.1383922, 2.661847;0.5608932, 0.1583549, 2.925574;0.5002883, 0.08077249, 2.969574;0.5960404, 0.09031047, 2.854716;0.5364454, -0.4010867, 2.983712;0.6866924, -0.3749516, 2.792788;0.5659007, -0.7529519, 3.033016;0.7598307, -0.7535437, 2.766819;0.5240899, -0.8328816, 3.023017;0.7360778, -0.8400691, 2.74602;
0.5833461, 0.820419, 3.018586;0.6370317, 0.5981919, 2.992492;0.5736628, 0.2314936, 2.933949;0.4825696, 0.4455671, 3.061497;0.6955861, 0.4586042, 2.84727;0.3957749, -0.1670959, 2.957953;0.6768934, -0.1384972, 2.661896;0.5609044, 0.1581879, 2.925601;0.5005018, 0.0801924, 2.969679;0.5959581, 0.09008612, 2.854664;0.536328, -0.4009022, 2.983758;0.686745, -0.375046, 2.792846;0.5660381, -0.7521518, 3.032952;0.7597999, -0.7535576, 2.766791;0.5284671, -0.8238995, 3.023501;0.7356626, -0.8406126, 2.746313;
0.5839068, 0.8208797, 3.01949;0.6370907, 0.5984828, 2.992873;0.5735919, 0.2314087, 2.933947;0.4825942, 0.4457826, 3.061299;0.6951853, 0.458791, 2.8474;0.3957818, -0.1668281, 2.958196;0.6768536, -0.1383004, 2.661812;0.560778, 0.1579963, 2.925552;0.5004316, 0.0800953, 2.969647;0.5958149, 0.08999912, 2.854564;0.5357071, -0.3994632, 2.983264;0.6869614, -0.3753182, 2.792982;0.5659893, -0.7508179, 3.03247;0.7597675, -0.7535681, 2.76678;0.5285501, -0.8241303, 3.023447;0.7353529, -0.840565, 2.745747;
0.5831426, 0.8206221, 3.018624;0.6371168, 0.5984948, 2.99299;0.5735741, 0.2313908, 2.933855;0.4828749, 0.4461353, 3.060678;0.695685, 0.4586092, 2.84654;0.3957256, -0.1670279, 2.958195;0.6767212, -0.138187, 2.661787;0.5607492, 0.1579639, 2.925379;0.5003411, 0.08009138, 2.96938;0.5958258, 0.08998863, 2.854258;0.5356525, -0.3993619, 2.983167;0.6870012, -0.3752548, 2.793025;0.5661075, -0.7489926, 3.03248;0.7596968, -0.7535283, 2.766721;0.5287011, -0.8233576, 3.0234;0.7352108, -0.8407254, 2.745942;
0.5831814, 0.8207129, 3.018937;0.6372123, 0.5985543, 2.991998;0.573567, 0.2312597, 2.933288;0.4825597, 0.4458559, 3.060628;0.6957436, 0.4587683, 2.846642;0.395678, -0.1670213, 2.95825;0.6766282, -0.1381799, 2.66171;0.5607395, 0.1578104, 2.924903;0.5001854, 0.07996728, 2.968617;0.5958994, 0.090021, 2.854149;0.5360268, -0.398269, 2.983099;0.6871477, -0.3751842, 2.793205;0.5665769, -0.7481451, 3.032729;0.7598321, -0.7490146, 2.76644;0.5291958, -0.818854, 3.020017;0.7360161, -0.8339939, 2.745312;
0.5806162, 0.8199147, 3.017754;0.6372221, 0.5985293, 2.992024;0.5734484, 0.2312539, 2.933401;0.4822382, 0.4460433, 3.061969;0.6955562, 0.4587369, 2.846231;0.3957094, -0.1669588, 2.958482;0.6765317, -0.1386422, 2.661632;0.5605738, 0.1578137, 2.925059;0.4999121, 0.079861, 2.968941;0.5956998, 0.0900771, 2.85426;0.5361001, -0.3983859, 2.983107;0.6871573, -0.3751366, 2.793066;0.5665977, -0.748083, 3.032709;0.7595297, -0.7480285, 2.766256;0.5293708, -0.8215398, 3.022013;0.7353877, -0.8331391, 2.745464;
0.5802948, 0.8194239, 3.017401;0.6367773, 0.5980642, 2.991766;0.57335, 0.2311319, 2.933362;0.4822237, 0.4460385, 3.06196;0.6954929, 0.4586725, 2.846087;0.3957293, -0.166795, 2.957625;0.6762826, -0.13881, 2.661504;0.5605209, 0.1577345, 2.925046;0.4998774, 0.07979085, 2.968933;0.5956935, 0.09006908, 2.854263;0.53611, -0.3983638, 2.983063;0.6870519, -0.3744592, 2.793077;0.5670835, -0.7475613, 3.033127;0.7594895, -0.7482039, 2.766122;0.5293251, -0.8220224, 3.021874;0.7349142, -0.8346885, 2.746183;
0.5797796, 0.8193051, 3.017198;0.6367588, 0.5981146, 2.991779;0.5733307, 0.2311397, 2.933369;0.4820363, 0.4460905, 3.062525;0.6955044, 0.4586776, 2.846154;0.3957877, -0.1670561, 2.955838;0.6761006, -0.1394538, 2.661379;0.5605044, 0.1577376, 2.925055;0.4998548, 0.07978394, 2.968931;0.5956819, 0.09012548, 2.854316;0.5361431, -0.3986771, 2.983048;0.68699, -0.3743767, 2.793167;0.5669815, -0.7497108, 3.033;0.7597154, -0.748579, 2.766572;0.5271245, -0.8269026, 3.018795;0.7347664, -0.8354872, 2.74652;
0.5797475, 0.8193557, 3.017815;0.6367555, 0.5981553, 2.99175;0.5732744, 0.230961, 2.933253;0.4829131, 0.4468265, 3.061618;0.69527, 0.4587137, 2.846173;0.3957452, -0.1671108, 2.955842;0.6759936, -0.1381931, 2.661446;0.5604357, 0.1574586, 2.924912;0.4999117, 0.07971147, 2.968825;0.5956092, 0.09008019, 2.854288;0.5360489, -0.3984012, 2.982675;0.6870174, -0.3742493, 2.792933;0.5668372, -0.7492824, 3.032577;0.7599964, -0.747758, 2.766739;0.5269006, -0.826736, 3.018419;0.7348287, -0.8345523, 2.748314;
0.5794144, 0.8188269, 3.017254;0.6367766, 0.597721, 2.990949;0.5732542, 0.2309195, 2.933204;0.4828309, 0.4467647, 3.061617;0.6953039, 0.4586195, 2.845891;0.3953422, -0.1661558, 2.953731;0.6758233, -0.1390509, 2.661154;0.5604254, 0.1574462, 2.924903;0.4998747, 0.0796936, 2.968842;0.5956064, 0.09005807, 2.854297;0.5359017, -0.3978224, 2.982672;0.6868453, -0.3740953, 2.79286;0.5662051, -0.7487546, 3.032181;0.7602765, -0.7486072, 2.766777;0.5264981, -0.8273168, 3.019527;0.734721, -0.8349116, 2.747411;
0.5853967, 0.8214739, 3.020504;0.6367679, 0.5987229, 2.991233;0.5732464, 0.2309213, 2.933179;0.4826523, 0.4465809, 3.061512;0.6952124, 0.4584856, 2.845904;0.3952864, -0.1659185, 2.953608;0.6758351, -0.1389505, 2.6611;0.5604149, 0.1574022, 2.924849;0.4998685, 0.07961126, 2.968718;0.5956152, 0.09007353, 2.85428;0.5358952, -0.3977949, 2.982657;0.6869591, -0.3748095, 2.792897;0.5663211, -0.7481009, 3.032411;0.760105, -0.7501452, 2.767928;0.5267411, -0.8274084, 3.019742;0.7349747, -0.8352152, 2.747267;
0.5837155, 0.8206515, 3.020202;0.6372036, 0.5983921, 2.99063;0.5733779, 0.2308705, 2.932921;0.482729, 0.4466923, 3.06193;0.6947533, 0.4583278, 2.845945;0.3952528, -0.1662131, 2.954096;0.6753917, -0.1410585, 2.660267;0.5605129, 0.1573816, 2.924662;0.5000168, 0.07953842, 2.968643;0.5956123, 0.09010002, 2.853976;0.5356286, -0.3974715, 2.982503;0.6867836, -0.3748567, 2.792774;0.5667911, -0.7475097, 3.032423;0.7606657, -0.7509545, 2.767853;0.5264188, -0.8276799, 3.019819;0.7344257, -0.835695, 2.745867;
0.583646, 0.8205395, 3.020161;0.6369801, 0.5982589, 2.990719;0.573347, 0.230868, 2.932921;0.482663, 0.4466715, 3.062013;0.6948795, 0.4584868, 2.846011;0.3954993, -0.1668275, 2.954239;0.6754775, -0.1405228, 2.660413;0.5604997, 0.1573855, 2.924659;0.49998, 0.07957678, 2.968611;0.5956327, 0.09012753, 2.854018;0.5357664, -0.3974634, 2.982558;0.6867402, -0.3747553, 2.792728;0.5668554, -0.7474419, 3.032601;0.7606189, -0.7510561, 2.767843;0.5263904, -0.8277023, 3.019795;0.7344331, -0.8357047, 2.745842;
0.5825237, 0.8203629, 3.020055;0.6373789, 0.5984873, 2.99102;0.5733877, 0.2309159, 2.932957;0.4823687, 0.4462101, 3.062264;0.6946127, 0.4583949, 2.846056;0.3952298, -0.1662431, 2.954091;0.6753168, -0.1393607, 2.660702;0.5605186, 0.157417, 2.924682;0.4999999, 0.07954641, 2.968712;0.5956242, 0.09015408, 2.853973;0.5355877, -0.3968461, 2.982491;0.6867361, -0.374773, 2.79274;0.5666813, -0.747259, 3.032434;0.7601206, -0.750455, 2.767456;0.5260921, -0.8277319, 3.019088;0.7344782, -0.8345878, 2.746526;
0.5804812, 0.8195003, 3.018203;0.6373999, 0.5982548, 2.990952;0.5733837, 0.2308655, 2.932958;0.4823008, 0.4459423, 3.062097;0.6946439, 0.4582552, 2.846129;0.3949694, -0.1675879, 2.954713;0.6749308, -0.1409085, 2.660191;0.560515, 0.1573855, 2.924693;0.4999697, 0.07935235, 2.968792;0.5956185, 0.09012864, 2.853963;0.535435, -0.3963073, 2.982255;0.6859843, -0.3734278, 2.792153;0.5665733, -0.7465901, 3.032108;0.7603419, -0.7509756, 2.767262;0.5260412, -0.8278556, 3.019231;0.7341846, -0.8352541, 2.746065;
0.5799812, 0.8189378, 3.018211;0.6374031, 0.5978277, 2.991153;0.5733672, 0.2307206, 2.932983;0.4823374, 0.4459983, 3.06129;0.6946453, 0.4582517, 2.846133;0.3953007, -0.1675718, 2.953316;0.6746673, -0.1419642, 2.659805;0.5605007, 0.1572764, 2.924706;0.4999619, 0.07931812, 2.968784;0.5956124, 0.09006377, 2.853984;0.5355105, -0.398097, 2.983002;0.6860963, -0.3737466, 2.792116;0.5663253, -0.7494738, 3.031383;0.7605432, -0.7509748, 2.767143;0.5257753, -0.8303258, 3.019195;0.7346079, -0.8361602, 2.746997;
0.5797322, 0.8188905, 3.018596;0.6374357, 0.5978259, 2.991242;0.5733826, 0.2307018, 2.932978;0.4822955, 0.4459614, 3.061445;0.6947694, 0.4585947, 2.846414;0.3952776, -0.1676525, 2.953254;0.6746157, -0.141917, 2.659539;0.5605208, 0.1572499, 2.924692;0.499974, 0.07925837, 2.968743;0.5956544, 0.09005474, 2.853959;0.535524, -0.398093, 2.982986;0.6861036, -0.3737594, 2.792101;0.566334, -0.7492797, 3.031744;0.7604557, -0.7510859, 2.767074;0.525886, -0.8305852, 3.019706;0.7342726, -0.8374538, 2.746451;
0.5793374, 0.8185513, 3.018992;0.637417, 0.5975676, 2.991524;0.5734106, 0.2305863, 2.933004;0.4829761, 0.4450579, 3.059814;0.6948297, 0.4586382, 2.846412;0.3953787, -0.1680727, 2.953901;0.6742251, -0.1447435, 2.658679;0.5605569, 0.1571478, 2.924697;0.5000541, 0.0791226, 2.968732;0.59567, 0.09003446, 2.853949;0.5355394, -0.398, 2.982982;0.6860928, -0.3739118, 2.792113;0.5662905, -0.7488917, 3.031811;0.760305, -0.7519352, 2.766935;0.5269681, -0.8251885, 3.022964;0.7342429, -0.8375354, 2.746156;
0.5787104, 0.8182118, 3.018305;0.6376675, 0.5975186, 2.991767;0.5734749, 0.2304964, 2.932997;0.4830196, 0.4442527, 3.059343;0.6948218, 0.4586253, 2.846465;0.3953897, -0.1680436, 2.953871;0.6741806, -0.1445936, 2.658801;0.560612, 0.1570401, 2.924662;0.5001383, 0.07893648, 2.968678;0.5956893, 0.08997098, 2.853869;0.5355552, -0.3979895, 2.982986;0.6861072, -0.3745219, 2.792269;0.5664009, -0.7488398, 3.031906;0.760357, -0.7522115, 2.767398;0.5267314, -0.8281839, 3.026815;0.7344925, -0.8376464, 2.746998;
0.5788069, 0.8183292, 3.018207;0.6376415, 0.5976475, 2.992252;0.5734755, 0.230423, 2.933055;0.4829405, 0.4441396, 3.059099;0.6948423, 0.4586029, 2.846476;0.3952461, -0.1683939, 2.954396;0.6739506, -0.1444536, 2.658889;0.5606163, 0.1569318, 2.924697;0.5001451, 0.07879443, 2.968672;0.595704, 0.08991686, 2.853885;0.5354437, -0.3992845, 2.983528;0.6863413, -0.3747165, 2.79216;0.5664506, -0.749271, 3.031924;0.7603664, -0.7522401, 2.767449;0.5260314, -0.8308276, 3.02618;0.7345269, -0.8380105, 2.747281;
0.5791969, 0.8181548, 3.019562;0.6374718, 0.5972382, 2.992475;0.5734076, 0.2302574, 2.933125;0.4824666, 0.4435589, 3.058388;0.6949283, 0.4584308, 2.846485;0.3953335, -0.1687099, 2.954547;0.6737099, -0.1443381, 2.658892;0.5605654, 0.1568062, 2.924746;0.5000347, 0.07866444, 2.968681;0.5957137, 0.08981188, 2.853936;0.535486, -0.3990141, 2.98369;0.686381, -0.374576, 2.792098;0.5664051, -0.7493654, 3.032055;0.7609574, -0.7525939, 2.767725;0.5262095, -0.8306365, 3.026309;0.734634, -0.8380687, 2.747116;
0.5789472, 0.8181806, 3.019961;0.6376604, 0.597353, 2.992421;0.5734251, 0.230147, 2.933095;0.4825146, 0.4435218, 3.058379;0.694976, 0.4582408, 2.846459;0.3932111, -0.1887983, 2.953026;0.673605, -0.1446798, 2.658986;0.5605596, 0.1566183, 2.92471;0.5000251, 0.0785635, 2.968632;0.5957039, 0.08973739, 2.853954;0.5357885, -0.3992434, 2.983832;0.6867127, -0.3753529, 2.791913;0.5663246, -0.7490951, 3.032224;0.7609522, -0.7526054, 2.76772;0.5261617, -0.830722, 3.026519;0.7346039, -0.8383271, 2.746736;
0.5785844, 0.8183318, 3.020643;0.6378189, 0.5976074, 2.99263;0.5734374, 0.2300586, 2.933069;0.4825265, 0.4435241, 3.058367;0.6944428, 0.4582291, 2.846872;0.3933309, -0.188911, 2.953998;0.6735784, -0.1437293, 2.659056;0.5605588, 0.156428, 2.924633;0.5000736, 0.07851333, 2.968531;0.5956807, 0.08968078, 2.85393;0.5353538, -0.3977741, 2.982945;0.6867244, -0.3753502, 2.791926;0.5662071, -0.7489721, 3.032084;0.7607457, -0.7524694, 2.767388;0.5262151, -0.8306585, 3.026553;0.7345372, -0.8385382, 2.746331;
0.5788575, 0.8180281, 3.020254;0.6372049, 0.5970808, 2.992502;0.573447, 0.2300696, 2.933046;0.4825538, 0.4435242, 3.058572;0.6946796, 0.4581621, 2.846959;0.392773, -0.1935863, 2.954347;0.6734123, -0.1445065, 2.658834;0.5606254, 0.1564971, 2.924587;0.5001508, 0.07848351, 2.968501;0.5958526, 0.08976715, 2.853767;0.5356601, -0.3974774, 2.983292;0.6867588, -0.3752844, 2.792091;0.5659832, -0.7486082, 3.032012;0.7608251, -0.7524803, 2.767149;0.5262082, -0.8302848, 3.026015;0.7343207, -0.8387086, 2.746296;
0.5785947, 0.8182073, 3.020025;0.6373529, 0.5973725, 2.992368;0.5735154, 0.2301326, 2.932953;0.4825519, 0.4435409, 3.05863;0.6958052, 0.4588785, 2.84721;0.3932538, -0.1891654, 2.95503;0.6730971, -0.1464926, 2.658487;0.5606892, 0.1565431, 2.9245;0.5001574, 0.07853276, 2.968286;0.5960004, 0.08982752, 2.853745;0.535682, -0.3973068, 2.983104;0.6871108, -0.3753513, 2.792359;0.5659273, -0.7485223, 3.031997;0.7609127, -0.7523108, 2.767137;0.5263061, -0.8300159, 3.025528;0.7346163, -0.8387589, 2.746541;
0.5784472, 0.8184282, 3.019375;0.6375687, 0.5978525, 2.993979;0.5734919, 0.2300995, 2.933183;0.4825437, 0.4435533, 3.058621;0.6955727, 0.4588011, 2.847229;0.3934742, -0.1876993, 2.955163;0.6738126, -0.1392395, 2.660211;0.5606585, 0.1564929, 2.924623;0.5001326, 0.07849284, 2.968433;0.5959563, 0.08976423, 2.85375;0.5358926, -0.3978331, 2.983124;0.6871099, -0.3753401, 2.792366;0.5660343, -0.748819, 3.032107;0.760737, -0.7521915, 2.766964;0.5262382, -0.830556, 3.024923;0.734771, -0.8389527, 2.746572;
0.5763168, 0.8177553, 3.022412;0.6369032, 0.5973118, 2.993338;0.5734825, 0.2301462, 2.933224;0.4824288, 0.4435336, 3.058723;0.6955928, 0.4588395, 2.847207;0.3923084, -0.1885887, 2.95798;0.6732333, -0.1390374, 2.660228;0.5606984, 0.1566482, 2.924766;0.5001849, 0.07847407, 2.968737;0.5960128, 0.08981621, 2.853803;0.5359598, -0.3976983, 2.983206;0.6877161, -0.3744623, 2.792694;0.5661026, -0.7489465, 3.032208;0.761855, -0.7529948, 2.767269;0.5263306, -0.8306856, 3.02602;0.7348091, -0.8389537, 2.746587;
0.5746331, 0.8175586, 3.021985;0.6368183, 0.5975809, 2.993166;0.5735167, 0.2300696, 2.933263;0.4822504, 0.4435406, 3.059527;0.6954378, 0.458944, 2.847142;0.3940068, -0.1674961, 2.961226;0.6727768, -0.1398794, 2.659309;0.560781, 0.1564696, 2.924837;0.5005046, 0.07836536, 2.968563;0.5960957, 0.0896899, 2.854388;0.5361273, -0.3974077, 2.983089;0.689297, -0.3765656, 2.793303;0.5659046, -0.7482644, 3.03189;0.7615322, -0.753283, 2.7674;0.5242023, -0.8284174, 3.018397;0.7350203, -0.8391715, 2.746839;
0.573008, 0.817169, 3.019765;0.6341859, 0.5968953, 2.990718;0.5733085, 0.2301674, 2.933296;0.4820971, 0.443478, 3.059519;0.6947405, 0.4592624, 2.846704;0.3937549, -0.1675894, 2.961578;0.6721511, -0.1405782, 2.658567;0.5606576, 0.1566457, 2.925018;0.5004927, 0.07843528, 2.969167;0.596029, 0.0897874, 2.854511;0.5364305, -0.3976214, 2.983067;0.6891233, -0.3766049, 2.793422;0.5659103, -0.7480802, 3.031836;0.7616314, -0.754164, 2.767423;0.5247421, -0.8288367, 3.019845;0.7351228, -0.8391652, 2.746834;
0.567194, 0.8163292, 3.01868;0.6328016, 0.5973573, 2.990011;0.5732955, 0.2301062, 2.933228;0.481451, 0.4434657, 3.05911;0.6924495, 0.4587056, 2.845853;0.389912, -0.1692124, 2.959322;0.6710176, -0.1402405, 2.657892;0.5607484, 0.1565325, 2.924973;0.5010164, 0.07824399, 2.96903;0.5961866, 0.08979835, 2.854593;0.5365061, -0.3977166, 2.98304;0.6892207, -0.3765374, 2.793525;0.5661799, -0.7480268, 3.032013;0.7614753, -0.7543494, 2.767312;0.525254, -0.8287221, 3.020409;0.7352486, -0.8390793, 2.746744;
0.5698931, 0.8196548, 3.025339;0.6290444, 0.5984957, 2.988261;0.5733498, 0.2298608, 2.933008;0.4808565, 0.4433498, 3.059178;0.69149, 0.4581034, 2.844872;0.3875458, -0.169923, 2.961881;0.6679383, -0.1401815, 2.654905;0.5612338, 0.1560185, 2.924771;0.5023344, 0.07773718, 2.968499;0.5973427, 0.0894143, 2.854961;0.5365588, -0.3977083, 2.983046;0.6895669, -0.3774623, 2.793322;0.5662376, -0.7479972, 3.031911;0.7612694, -0.7542142, 2.767073;0.5251905, -0.8286487, 3.020264;0.7352353, -0.8391759, 2.746561;
0.5593486, 0.8164005, 3.020193;0.625789, 0.5974792, 2.987511;0.5734498, 0.229651, 2.932923;0.479395, 0.4440687, 3.060995;0.6894035, 0.4573655, 2.842569;0.3856689, -0.1709561, 2.962619;0.665397, -0.140574, 2.652211;0.5618288, 0.1557092, 2.924742;0.5041441, 0.07731294, 2.968335;0.5984735, 0.08910279, 2.855246;0.5365423, -0.3976977, 2.983056;0.6896144, -0.3782929, 2.793134;0.5662988, -0.7480407, 3.032077;0.7613387, -0.7548376, 2.76716;0.5258442, -0.8284805, 3.020591;0.7358078, -0.8393664, 2.7471;
0.5568669, 0.8151367, 3.017043;0.6207698, 0.5985545, 2.986759;0.5735759, 0.229481, 2.93309;0.4777573, 0.4440889, 3.060393;0.6867444, 0.457188, 2.841722;0.381644, -0.1671215, 2.961462;0.6603979, -0.1468172, 2.646755;0.5628508, 0.1552136, 2.925381;0.5066321, 0.07737724, 2.968875;0.6010479, 0.08882298, 2.857766;0.5367542, -0.3979039, 2.983259;0.6896545, -0.3785557, 2.793213;0.5662571, -0.7480791, 3.032128;0.7613088, -0.7547876, 2.7672;0.5262095, -0.8282748, 3.020557;0.735724, -0.8392975, 2.746929;
0.5333331, 0.8096204, 3.001932;0.6123356, 0.5989224, 2.98231;0.5737152, 0.2284267, 2.933787;0.4730971, 0.4445054, 3.059539;0.679301, 0.4547228, 2.838235;0.3795952, -0.1672738, 2.962999;0.6594512, -0.1442183, 2.644844;0.5644028, 0.1532964, 2.927322;0.5098506, 0.07607155, 2.971315;0.6043103, 0.08673351, 2.862441;0.5366571, -0.3983131, 2.983749;0.6895266, -0.3789431, 2.792994;0.5660284, -0.7482698, 3.031896;0.7611734, -0.7549093, 2.767165;0.5268403, -0.8283722, 3.021361;0.7356589, -0.8395076, 2.746769;
0.5313531, 0.8079623, 3.001382;0.6073457, 0.5958177, 2.978725;0.5744873, 0.2265176, 2.93466;0.4658015, 0.443157, 3.057852;0.6747633, 0.4529607, 2.834773;0.3731711, -0.1711924, 2.957569;0.6569611, -0.1446502, 2.641294;0.5667997, 0.151044, 2.929295;0.5137166, 0.07392965, 2.973918;0.6084198, 0.08361321, 2.866031;0.5372449, -0.3985692, 2.984452;0.6891026, -0.3798736, 2.791934;0.5660046, -0.7482412, 3.031716;0.7607847, -0.7568131, 2.766885;0.5277877, -0.827959, 3.021357;0.7364824, -0.8376842, 2.744831;
0.5248888, 0.8056302, 2.997414;0.6017127, 0.5933897, 2.970412;0.5755318, 0.2238838, 2.935719;0.4614875, 0.443007, 3.057203;0.6678706, 0.4492189, 2.830472;0.3616409, -0.177992, 2.951392;0.653487, -0.1469457, 2.635525;0.56959, 0.1477794, 2.932144;0.5180769, 0.07161234, 2.977496;0.6125032, 0.08056307, 2.871892;0.5370984, -0.3995011, 2.984795;0.6889527, -0.3802718, 2.791086;0.5658994, -0.7483207, 3.031188;0.7597019, -0.7579869, 2.766225;0.526736, -0.8279548, 3.020314;0.736262, -0.8386499, 2.7458;
0.519201, 0.8028957, 2.994022;0.5924502, 0.5891684, 2.964233;0.5759118, 0.2208957, 2.937006;0.4555494, 0.4395218, 3.055691;0.6557803, 0.4418737, 2.824013;0.3597508, -0.1836278, 2.951452;0.6500504, -0.1510919, 2.630331;0.57144, 0.1448126, 2.934707;0.5230415, 0.06783935, 2.982328;0.6143907, 0.0782987, 2.874887;0.5348009, -0.4025855, 2.986051;0.6884574, -0.3810491, 2.789923;0.5646181, -0.7508538, 3.029366;0.7590423, -0.7618584, 2.765676;0.5262753, -0.8288384, 3.020135;0.7357326, -0.8386568, 2.745101;
0.4956739, 0.7836284, 2.972063;0.5786813, 0.5742221, 2.951421;0.576885, 0.2161583, 2.93825;0.4429444, 0.4199685, 3.046721;0.6524251, 0.4354841, 2.820272;0.3580399, -0.186997, 2.951535;0.647713, -0.161143, 2.626709;0.5744113, 0.1410335, 2.937662;0.5279084, 0.06331819, 2.988205;0.6207575, 0.07197583, 2.879533;0.5332389, -0.40314, 2.986275;0.686815, -0.3834584, 2.786841;0.563239, -0.7494431, 3.02786;0.7583482, -0.7626834, 2.765475;0.5262757, -0.8287836, 3.020007;0.7353634, -0.8388298, 2.74527;
0.4822945, 0.7673497, 2.950768;0.5697393, 0.5618015, 2.944585;0.5793497, 0.2027597, 2.940007;0.4389107, 0.4112546, 3.042804;0.6437908, 0.418461, 2.809546;0.3520326, -0.2013325, 2.95347;0.6462548, -0.1759324, 2.620416;0.5801623, 0.1289084, 2.941816;0.5352975, 0.05486675, 2.991767;0.6282058, 0.06126018, 2.886773;0.5317283, -0.4078447, 2.989138;0.6877081, -0.3910398, 2.784338;0.5618541, -0.7522802, 3.025624;0.7576391, -0.7649324, 2.764984;0.5260336, -0.8298377, 3.019799;0.7350854, -0.8388841, 2.744942;
0.4827364, 0.7523192, 2.947183;0.5569675, 0.5427308, 2.931968;0.5823814, 0.1918465, 2.940291;0.4342241, 0.3978096, 3.035871;0.6375713, 0.4049924, 2.801873;0.3488574, -0.2270314, 2.944791;0.6423869, -0.2012541, 2.607391;0.5861009, 0.119144, 2.944223;0.5453359, 0.04564125, 2.996337;0.6365982, 0.05072724, 2.891193;0.5305488, -0.4101461, 2.989273;0.6885155, -0.3933837, 2.782335;0.5599758, -0.7489977, 3.024204;0.757417, -0.7633818, 2.763509;0.5260228, -0.8296151, 3.019744;0.7348598, -0.8392255, 2.745106;
0.4457501, 0.715553, 2.926216;0.5397136, 0.5169357, 2.914052;0.5830578, 0.1753184, 2.939619;0.4244233, 0.3742654, 3.030467;0.6276716, 0.3882649, 2.79529;0.3421794, -0.2417988, 2.943935;0.6442099, -0.2066417, 2.608986;0.58981, 0.1051515, 2.946417;0.5523416, 0.02984511, 3.002188;0.642192, 0.03959331, 2.894768;0.5308043, -0.4114286, 2.98996;0.68793, -0.4026799, 2.777302;0.5594394, -0.7477061, 3.023893;0.7571209, -0.7660669, 2.762963;0.5256181, -0.8288848, 3.018771;0.735516, -0.8387012, 2.744671;
0.4463735, 0.7040579, 2.919189;0.5341365, 0.5046247, 2.906665;0.5845817, 0.1539583, 2.941929;0.4212113, 0.3659702, 3.027072;0.6205378, 0.3760784, 2.792107;0.3382466, -0.2528746, 2.944869;0.6442226, -0.206987, 2.608755;0.5944527, 0.08249263, 2.952428;0.5590841, 0.01147004, 3.009302;0.6482351, 0.0204595, 2.904674;0.5291031, -0.4175749, 2.990552;0.6877946, -0.4034471, 2.775696;0.5589243, -0.7510011, 3.023382;0.7568472, -0.7664631, 2.762414;0.5245101, -0.8300066, 3.016993;0.7349213, -0.8397305, 2.745095;
0.4313885, 0.6710272, 2.897523;0.5251296, 0.4783107, 2.895449;0.5878547, 0.1383794, 2.943204;0.4139394, 0.3428046, 3.018697;0.6155762, 0.3567334, 2.785206;0.3383774, -0.274384, 2.940541;0.6442001, -0.2510979, 2.604556;0.599637, 0.06887116, 2.95551;0.5662806, -0.002255108, 3.013444;0.656018, 0.007378241, 2.911086;0.5250907, -0.4237716, 2.990974;0.6862606, -0.4101222, 2.770264;0.5588726, -0.7506509, 3.023216;0.7565477, -0.7663512, 2.761917;0.5241874, -0.8297683, 3.016906;0.7345397, -0.8400142, 2.745378;
0.432555, 0.6486969, 2.893603;0.5177416, 0.4529149, 2.886295;0.5935427, 0.1085781, 2.941952;0.4092385, 0.3056563, 3.008342;0.604318, 0.322987, 2.777948;0.3332441, -0.30787, 2.944299;0.642423, -0.2836597, 2.592429;0.6086786, 0.03931896, 2.956492;0.5792885, -0.02981124, 3.015031;0.6650324, -0.01647169, 2.914696;0.5207793, -0.4323058, 2.991585;0.6861696, -0.4148785, 2.764667;0.5577655, -0.7491493, 3.024215;0.7549914, -0.7637852, 2.761095;0.5240898, -0.829618, 3.01821;0.7345183, -0.8400065, 2.744934;
0.4174977, 0.6247079, 2.879064;0.5082809, 0.4341744, 2.876944;0.5959517, 0.09090559, 2.946591;0.4067448, 0.2945837, 3.004704;0.601294, 0.3116791, 2.774858;0.3342524, -0.3126118, 2.940775;0.6444397, -0.2934272, 2.596364;0.6135718, 0.0205804, 2.964243;0.589027, -0.04656668, 3.020106;0.6690416, -0.0363254, 2.931373;0.5185518, -0.4405551, 2.990863;0.6836928, -0.4239578, 2.755978;0.5576825, -0.748666, 3.024352;0.7540953, -0.7646897, 2.760056;0.5240397, -0.8293747, 3.018345;0.7352601, -0.8392719, 2.743855;
0.3986401, 0.5778852, 2.84963;0.5024779, 0.4019463, 2.868256;0.601153, 0.0645904, 2.956616;0.4010525, 0.2574546, 2.997874;0.5918199, 0.2739575, 2.762617;0.3347064, -0.3410534, 2.942332;0.6479657, -0.3107641, 2.594424;0.6208485, -0.003925044, 2.977754;0.6021658, -0.06669534, 3.032475;0.6739304, -0.06246426, 2.952173;0.5120058, -0.4548397, 2.991418;0.6774081, -0.4275645, 2.742414;0.5556758, -0.7598792, 3.024444;0.7536888, -0.765906, 2.759419;0.5238459, -0.8293635, 3.018561;0.7349771, -0.8394765, 2.743845;
0.4013603, 0.557197, 2.847861;0.4965837, 0.3762869, 2.861408;0.6064438, 0.04644644, 2.958775;0.3988692, 0.2495095, 2.996943;0.5941367, 0.2599423, 2.759696;0.3334334, -0.3747548, 2.936402;0.6545029, -0.3330912, 2.599722;0.6281009, -0.02052176, 2.98145;0.6142749, -0.08575419, 3.038028;0.682623, -0.0792752, 2.957541;0.5051787, -0.4672217, 2.990339;0.6766115, -0.4313647, 2.737849;0.5531831, -0.7708952, 3.024719;0.7536238, -0.7660778, 2.759542;0.5188165, -0.8389061, 3.017521;0.7345257, -0.8396274, 2.743796;
0.3804766, 0.5171984, 2.827943;0.4910614, 0.3509122, 2.852047;0.6180037, 0.01203105, 2.955875;0.3904491, 0.1989501, 2.991081;0.5897371, 0.2341943, 2.754902;0.3210462, -0.3823168, 2.934713;0.6647355, -0.3783972, 2.590728;0.6441377, -0.05654883, 2.980325;0.6270361, -0.1110098, 3.036316;0.6990903, -0.1050591, 2.956638;0.4969516, -0.4846565, 2.987883;0.6711539, -0.4422341, 2.727268;0.5472904, -0.7870608, 3.024264;0.7530082, -0.7670616, 2.75932;0.5095565, -0.8531617, 3.017243;0.7341633, -0.8401105, 2.744683;
0.3803122, 0.499323, 2.82733;0.4855585, 0.3275478, 2.841127;0.6146196, 0.002311423, 2.954333;0.3887371, 0.1898302, 2.990354;0.5887643, 0.2121626, 2.751252;0.3135787, -0.4387942, 2.938462;0.6723698, -0.415299, 2.593217;0.6408715, -0.06391025, 2.979831;0.6236969, -0.1252834, 3.036471;0.6973449, -0.1133398, 2.957266;0.4899318, -0.4963441, 2.986575;0.6704183, -0.4494009, 2.721865;0.5443155, -0.7972369, 3.024426;0.7523328, -0.767884, 2.758895;0.4994467, -0.8578146, 3.012499;0.7337987, -0.840454, 2.744226;
0.380654, 0.459123, 2.822034;0.4752106, 0.2810405, 2.831643;0.6101122, -0.0227355, 2.949838;0.3824234, 0.1388605, 2.979969;0.5878915, 0.1736036, 2.740169;0.3512872, -0.4662205, 2.937476;0.6748947, -0.4267869, 2.592391;0.6371043, -0.08395333, 2.976657;0.622276, -0.1463801, 3.035886;0.6971767, -0.1355553, 2.954697;0.4770231, -0.5114803, 2.981478;0.6659337, -0.4611841, 2.715333;0.5418193, -0.8084201, 3.025021;0.7521051, -0.7680153, 2.758798;0.4888177, -0.8620383, 3.013859;0.7338364, -0.8406232, 2.744549;
0.3790233, 0.4469554, 2.817022;0.472277, 0.2701049, 2.829696;0.6092447, -0.03533849, 2.947352;0.3821055, 0.1289288, 2.979462;0.5855348, 0.1600946, 2.739369;0.3525254, -0.4994954, 2.936379;0.6812434, -0.4619465, 2.567307;0.6366806, -0.09646291, 2.974257;0.6233805, -0.1583869, 3.036046;0.6986052, -0.148602, 2.951194;0.4701694, -0.5188926, 2.979471;0.6639695, -0.4678625, 2.708646;0.5392103, -0.8138831, 3.024789;0.7520921, -0.7693039, 2.759211;0.4809183, -0.8603904, 3.009567;0.7331898, -0.8415614, 2.744578;
0.3714778, 0.3986211, 2.806003;0.4680853, 0.2262821, 2.823493;0.6108404, -0.06181372, 2.945133;0.3845901, 0.1035894, 2.974754;0.5811074, 0.1276837, 2.733348;0.3390104, -0.5079751, 2.939977;0.6708061, -0.4692876, 2.589939;0.6390731, -0.1200445, 2.972728;0.6271329, -0.1782111, 3.037942;0.7025181, -0.1708623, 2.948193;0.4591281, -0.5301641, 2.974481;0.6629618, -0.4810804, 2.695758;0.5348408, -0.8219671, 3.023582;0.7517074, -0.7695177, 2.758899;0.4680874, -0.8547052, 3.007818;0.7331128, -0.8417746, 2.744425;
0.3707508, 0.3881966, 2.807241;0.4673608, 0.2146844, 2.818108;0.6180512, -0.07923932, 2.940862;0.385446, 0.07494575, 2.969139;0.5789862, 0.1071883, 2.731574;0.3146821, -0.548295, 2.931786;0.6704958, -0.4398338, 2.59989;0.6484995, -0.138503, 2.968904;0.6433829, -0.202129, 3.033925;0.7102026, -0.1846951, 2.945718;0.4390005, -0.5337471, 2.973455;0.6626775, -0.4941243, 2.695064;0.5337194, -0.8184468, 3.025746;0.7517133, -0.7782879, 2.755355;0.4772335, -0.8630028, 3.001565;0.7305016, -0.8502197, 2.743673;
0.3595241, 0.349489, 2.798294;0.4614413, 0.1814734, 2.813397;0.6244932, -0.1036682, 2.93611;0.384699, 0.04965064, 2.967509;0.5781685, 0.08945257, 2.730968;0.3425492, -0.5677196, 2.930541;0.6684976, -0.4483419, 2.59908;0.6568673, -0.1612456, 2.964117;0.6530254, -0.2232566, 3.031387;0.7219515, -0.2085495, 2.938815;0.4315019, -0.5427049, 2.971093;0.6608401, -0.5101513, 2.682587;0.5269126, -0.8260213, 3.025193;0.7515326, -0.7904093, 2.751237;0.4711245, -0.8404297, 2.97596;0.7255061, -0.8610215, 2.742271;
0.3468174, 0.3149668, 2.794339;0.4608175, 0.1570676, 2.812197;0.6232044, -0.1227995, 2.932143;0.3849657, 0.05003243, 2.964202;0.5776322, 0.06951542, 2.726262;0.3428805, -0.5687146, 2.930052;0.6650057, -0.4687476, 2.598117;0.6556287, -0.1788028, 2.959757;0.6533388, -0.2360688, 3.027388;0.7188644, -0.2275718, 2.934038;0.4266761, -0.5517017, 2.97203;0.6581595, -0.5216359, 2.669705;0.5373216, -0.8275647, 3.029999;0.7485234, -0.8006573, 2.740267;0.4729517, -0.8292027, 2.990237;0.7208775, -0.870683, 2.747967;
0.3382354, 0.2897433, 2.787358;0.4603654, 0.1400061, 2.806907;0.6230074, -0.1345311, 2.930146;0.3699886, -0.008153418, 2.962835;0.5749867, 0.05425231, 2.724204;0.3654823, -0.550476, 2.933766;0.6877954, -0.5520383, 2.584976;0.6554979, -0.1895982, 2.958224;0.6529047, -0.2580283, 3.027436;0.7209489, -0.2350643, 2.93344;0.4610168, -0.5278792, 2.977729;0.6563318, -0.5240421, 2.665475;0.5506343, -0.7527797, 3.023552;0.7464926, -0.8022839, 2.736426;0.5191727, -0.8256049, 3.017741;0.7207083, -0.8710349, 2.754186;
0.3475047, 0.2782107, 2.788669;0.4615375, 0.1210881, 2.802763;0.6247776, -0.1468339, 2.929528;0.3708012, -0.008779214, 2.961743;0.5720285, 0.02171464, 2.722334;0.3449904, -0.5798165, 2.93199;0.6873609, -0.555285, 2.589662;0.6573548, -0.2006645, 2.958174;0.6547676, -0.2638772, 3.028793;0.7236232, -0.2467624, 2.933137;0.4616635, -0.5293762, 2.976563;0.6539213, -0.5280401, 2.659097;0.5487671, -0.7532729, 3.022358;0.7419465, -0.8076303, 2.726437;0.5200667, -0.8241258, 3.017421;0.724607, -0.8704397, 2.764364;
0.3505225, 0.2694806, 2.789464;0.458355, 0.09910048, 2.800082;0.6273131, -0.1640589, 2.927546;0.3759118, -0.04513315, 2.959129;0.571973, 0.01290032, 2.721438;0.3660365, -0.6063636, 2.934045;0.6870931, -0.5530612, 2.590768;0.6609192, -0.2169173, 2.956422;0.6582171, -0.2810538, 3.026157;0.7278376, -0.2557473, 2.932493;0.4635117, -0.5323514, 2.975785;0.6480799, -0.5289103, 2.653877;0.5482052, -0.7547667, 3.020973;0.7336929, -0.8114222, 2.712746;0.5198411, -0.8243489, 3.017385;0.7322397, -0.8602805, 2.769928;
0.3326713, 0.2301621, 2.780456;0.454818, 0.08222202, 2.797609;0.6289691, -0.1744158, 2.926498;0.3809462, -0.06495661, 2.952994;0.5696021, -0.008145366, 2.719211;0.3320135, -0.6183492, 2.952363;0.6898943, -0.6446028, 2.593562;0.6634276, -0.2261938, 2.955627;0.6618973, -0.2901221, 3.026805;0.7318935, -0.2646081, 2.930934;0.4638864, -0.5592901, 2.977293;0.6457516, -0.531358, 2.648787;0.5507728, -0.7565433, 3.026063;0.7477531, -0.7993798, 2.760075;0.5187191, -0.8239918, 3.0167;0.722438, -0.8663584, 2.736893;
0.3229327, 0.2022123, 2.775419;0.454069, 0.06515588, 2.796574;0.6299403, -0.18245, 2.926416;0.3788299, -0.07212847, 2.954727;0.5710378, -0.02282112, 2.717354;0.3457502, -0.6189675, 2.94371;0.6905001, -0.6552914, 2.595121;0.6646987, -0.2325698, 2.955705;0.6634958, -0.2957788, 3.027592;0.7344106, -0.2703737, 2.931148;0.4677128, -0.558984, 2.974851;0.6414562, -0.5315279, 2.646632;0.5504627, -0.7575496, 3.024029;0.7474332, -0.8003473, 2.760112;0.517846, -0.8250993, 3.017423;0.7219841, -0.8670259, 2.736096;
0.3236318, 0.1939432, 2.77329;0.4526639, 0.05528156, 2.792594;0.6295553, -0.1882214, 2.925013;0.3767222, -0.07762268, 2.954518;0.5695838, -0.03362327, 2.716634;0.3630895, -0.6713607, 2.938793;0.6102514, -0.5705805, 2.671389;0.6646002, -0.2372915, 2.954761;0.6639861, -0.2996913, 3.028256;0.7353261, -0.275857, 2.929859;0.4857786, -0.6262543, 2.988349;0.6389539, -0.5325344, 2.642963;0.5498524, -0.7581559, 3.022722;0.7479633, -0.8012721, 2.759417;0.5149107, -0.8243865, 3.014426;0.7212972, -0.8675377, 2.735458;
0.3241771, 0.1856282, 2.772526;0.4510406, 0.04551503, 2.79072;0.6285999, -0.2048063, 2.921539;0.3754659, -0.08332548, 2.94939;0.5675015, -0.04174538, 2.71533;0.3490118, -0.6681464, 2.951447;0.6948549, -0.6998398, 2.605807;0.6640519, -0.2550031, 2.951079;0.6649341, -0.3154654, 3.024314;0.7338681, -0.2940657, 2.92651;0.4858102, -0.6260782, 2.988388;0.6351179, -0.5398721, 2.631427;0.4932075, -0.7335395, 3.005806;0.7464041, -0.8031124, 2.757099;0.5359753, -0.7955486, 3.014011;0.7208945, -0.8706959, 2.73558;
0.3239725, 0.1779448, 2.774473;0.4482288, 0.03461763, 2.788316;0.6287702, -0.2050078, 2.920762;0.3743814, -0.08809944, 2.950146;0.5691423, -0.04993924, 2.715344;0.3558393, -0.6663986, 2.947227;0.693747, -0.6859508, 2.605117;0.6644585, -0.254629, 2.950183;0.6657509, -0.3153219, 3.024333;0.7363625, -0.2931048, 2.92428;0.490084, -0.6227094, 2.989245;0.6331093, -0.5400496, 2.632482;0.4934659, -0.7346095, 3.00655;0.7452233, -0.8024365, 2.753378;0.455651, -0.8043469, 2.966829;0.7223897, -0.8730859, 2.740183;
0.323688, 0.1730848, 2.772864;0.4477942, 0.03064963, 2.78716;0.6287816, -0.2060103, 2.920465;0.3733615, -0.09009469, 2.949126;0.5693535, -0.05251906, 2.714925;0.3552268, -0.6661254, 2.948028;0.6934758, -0.6807442, 2.605926;0.6645249, -0.2549497, 2.950052;0.6658261, -0.3154654, 3.024282;0.7365067, -0.2932472, 2.924317;0.4914589, -0.6215796, 2.988191;0.6332812, -0.53996, 2.632973;0.4938653, -0.7349341, 3.006719;0.7464949, -0.802069, 2.75373;0.4564869, -0.8050278, 2.967117;0.7233424, -0.8715312, 2.73553;
0.3223958, 0.1653727, 2.769879;0.4471502, 0.02586463, 2.787855;0.6304373, -0.2086327, 2.919612;0.3721729, -0.09156096, 2.948905;0.5701364, -0.0569992, 2.712105;0.3698141, -0.6250653, 2.942055;0.6086032, -0.5864768, 2.684093;0.6666597, -0.2568538, 2.949079;0.6685112, -0.3168162, 3.021529;0.7377578, -0.29347, 2.924154;0.4914992, -0.6209776, 2.987786;0.6331373, -0.539849, 2.633681;0.5116936, -0.7467929, 3.011423;0.7487336, -0.804197, 2.759692;0.4742147, -0.8172252, 2.972416;0.7218995, -0.8687401, 2.731189;
0.3223823, 0.1626392, 2.768404;0.4466062, 0.02401913, 2.787658;0.6296976, -0.2088131, 2.919355;0.3701019, -0.09365711, 2.949062;0.5699258, -0.059521, 2.710564;0.3746255, -0.6723078, 2.980068;0.6968662, -0.7065185, 2.603393;0.6658765, -0.2566662, 2.948837;0.6678891, -0.3167044, 3.022274;0.7376779, -0.293525, 2.923964;0.4935538, -0.6210824, 2.988027;0.631976, -0.5396251, 2.634326;0.508105, -0.7471086, 3.01147;0.7435626, -0.7947104, 2.750917;0.4707121, -0.8177116, 2.972577;0.7277796, -0.8677295, 2.739794;
0.3224429, 0.1617196, 2.767727;0.4463083, 0.02361994, 2.787041;0.6289597, -0.2105438, 2.916972;0.3699342, -0.09437146, 2.947876;0.5693949, -0.06168124, 2.709856;0.3717744, -0.6726999, 2.98103;0.6963161, -0.7083929, 2.603354;0.6652082, -0.258292, 2.946248;0.6677458, -0.3185011, 3.020812;0.7376266, -0.2963648, 2.920344;0.42469, -0.6426468, 3.008163;0.6301644, -0.5426244, 2.632144;0.5063213, -0.7451615, 3.010732;0.7499782, -0.8048021, 2.761853;0.509536, -0.8304529, 3.021369;0.7214074, -0.8676518, 2.73112;
0.3224338, 0.1606531, 2.768556;0.4459616, 0.02245809, 2.786703;0.6285108, -0.212058, 2.915721;0.3696623, -0.09431867, 2.947254;0.5692537, -0.06189061, 2.709545;0.3731777, -0.6719815, 2.97778;0.6965552, -0.704836, 2.600835;0.6648229, -0.2596, 2.94489;0.6676513, -0.3199635, 3.019274;0.7373478, -0.2975715, 2.919289;0.4944608, -0.6262747, 2.991374;0.627223, -0.5430107, 2.632125;0.507417, -0.7487461, 3.010727;0.7491539, -0.8048085, 2.76153;0.4695499, -0.819163, 2.971735;0.7217175, -0.8681903, 2.730756;
0.3226314, 0.160428, 2.768531;0.4458744, 0.02230417, 2.785668;0.6282981, -0.210747, 2.914547;0.3667656, -0.09491497, 2.947766;0.5692866, -0.06207777, 2.709295;0.3844696, -0.6658526, 2.955158;0.6725932, -0.6336371, 2.608304;0.6645918, -0.2575507, 2.943576;0.6675668, -0.3189607, 3.019226;0.7384501, -0.2956721, 2.917862;0.4956595, -0.6251229, 2.990334;0.6272646, -0.5427154, 2.63326;0.5058404, -0.7458514, 3.008784;0.7488887, -0.8050255, 2.761954;0.4683018, -0.8164105, 2.969624;0.7220248, -0.8683879, 2.730543;
0.3234386, 0.1599904, 2.768025;0.4459107, 0.02211532, 2.785681;0.6278988, -0.2113562, 2.913686;0.366854, -0.09503981, 2.947157;0.5694587, -0.06224199, 2.70894;0.3863826, -0.6653802, 2.955528;0.6554039, -0.612785, 2.619582;0.6640562, -0.2582574, 2.942405;0.6672445, -0.3197939, 3.018319;0.7380145, -0.2971447, 2.916188;0.4933134, -0.6274405, 2.991166;0.6262442, -0.5436283, 2.632029;0.507226, -0.7511057, 3.010034;0.7494464, -0.8055484, 2.762073;0.4695449, -0.82157, 2.970725;0.7211166, -0.8683767, 2.730773;
0.3249236, 0.1605449, 2.767253;0.4458616, 0.02221852, 2.785353;0.6275663, -0.2116937, 2.913306;0.366487, -0.09495176, 2.94653;0.5693034, -0.06227853, 2.708695;0.3838334, -0.661762, 2.965045;0.6912669, -0.6997401, 2.589878;0.6636702, -0.2586998, 2.942047;0.6669111, -0.3203453, 3.01806;0.7375485, -0.2978334, 2.915931;0.4929659, -0.62727, 2.990735;0.6256136, -0.5431068, 2.631443;0.5058876, -0.7493108, 3.010472;0.7411424, -0.7940699, 2.748157;0.4681569, -0.8197526, 2.971057;0.72844, -0.8684369, 2.741503;
0.3251426, 0.1603035, 2.767552;0.4458584, 0.02222595, 2.785207;0.6274095, -0.2115834, 2.913197;0.3666481, -0.09513886, 2.946266;0.5692396, -0.06225741, 2.708619;0.3793806, -0.6614832, 2.964777;0.6903883, -0.6932693, 2.59094;0.6634694, -0.2585323, 2.941971;0.6665635, -0.3200662, 3.018374;0.7374851, -0.2977589, 2.915811;0.4941486, -0.6255766, 2.989074;0.6222264, -0.5387387, 2.629548;0.5073172, -0.7479063, 3.009766;0.7404578, -0.7934728, 2.747819;0.4695908, -0.8183878, 2.970312;0.7287521, -0.8680931, 2.741748;
0.3251084, 0.1652569, 2.769631;0.4463632, 0.02672426, 2.78339;0.6276691, -0.2119636, 2.913172;0.3672024, -0.09663393, 2.945104;0.5687882, -0.06014394, 2.707707;0.3722983, -0.6600807, 2.964438;0.657865, -0.5683351, 2.634063;0.6639965, -0.2597729, 2.942228;0.6667581, -0.3212413, 3.017556;0.7371813, -0.2983059, 2.916658;0.4945214, -0.6255214, 2.988906;0.6225342, -0.5386459, 2.630378;0.5444306, -0.7772981, 3.0178;0.74125, -0.7930997, 2.747652;0.5026574, -0.840286, 3.012049;0.7281544, -0.867608, 2.742902;
0.3249312, 0.1675415, 2.768963;0.4482031, 0.03169899, 2.783185;0.6276167, -0.2118014, 2.913154;0.36849, -0.09600956, 2.944628;0.5683367, -0.05802619, 2.707031;0.3633936, -0.6621728, 2.96943;0.6873063, -0.6737261, 2.590854;0.663874, -0.2597582, 2.942233;0.6664922, -0.3212484, 3.017537;0.7363918, -0.2984454, 2.91684;0.4933787, -0.6256854, 2.987712;0.6222109, -0.5380471, 2.630419;0.513339, -0.7536518, 3.008259;0.7416384, -0.7929446, 2.748458;0.4751129, -0.8234219, 2.967904;0.7282416, -0.8674374, 2.743903;
0.3337236, 0.1802793, 2.772588;0.4506552, 0.03808615, 2.783025;0.627705, -0.2098517, 2.91409;0.3704637, -0.09429222, 2.942924;0.5674793, -0.05299786, 2.708523;0.3545551, -0.6554513, 2.967144;0.686964, -0.6677871, 2.590098;0.663649, -0.2584507, 2.943312;0.6652249, -0.3195849, 3.018592;0.7356017, -0.2967919, 2.918256;0.4578543, -0.5616673, 2.968711;0.6219884, -0.5347539, 2.630997;0.5390869, -0.7592086, 3.016575;0.7426686, -0.7924008, 2.748822;0.5119091, -0.8298892, 3.012247;0.7276312, -0.8662998, 2.740704;
0.3454053, 0.1967142, 2.778822;0.4541, 0.04570606, 2.784456;0.6277608, -0.2096746, 2.914336;0.3745355, -0.08840705, 2.939294;0.5694591, -0.04741607, 2.708025;0.3350725, -0.6424007, 2.97481;0.6867619, -0.662823, 2.588327;0.6635108, -0.2586644, 2.943639;0.6643718, -0.3196886, 3.017967;0.7340011, -0.2973181, 2.919752;0.4801459, -0.6280029, 2.984952;0.6207907, -0.5328704, 2.631025;0.5416932, -0.7632971, 3.017591;0.7429755, -0.7919801, 2.749571;0.5116466, -0.8327704, 3.012331;0.7272733, -0.8657339, 2.741154;
0.3567729, 0.2194898, 2.783083;0.45784, 0.05962367, 2.786262;0.6292075, -0.1985406, 2.917809;0.3770384, -0.07080491, 2.939835;0.5698863, -0.03340642, 2.709225;0.3189065, -0.5929131, 2.975163;0.6879709, -0.649161, 2.587029;0.6640241, -0.2497817, 2.947138;0.6630219, -0.3103284, 3.020279;0.7338153, -0.2890997, 2.92337;0.4535861, -0.5449513, 2.969811;0.6215999, -0.527487, 2.637554;0.5418844, -0.7628084, 3.01759;0.7441097, -0.7892008, 2.751812;0.5131544, -0.8329959, 3.014566;0.7270421, -0.8622189, 2.74007;
0.3559159, 0.226691, 2.782797;0.4615375, 0.07697102, 2.791831;0.6284647, -0.1887523, 2.919822;0.3774475, -0.01690778, 2.937962;0.573688, -0.01745667, 2.710955;0.3481409, -0.6011987, 2.952009;0.6820911, -0.6315046, 2.586585;0.662459, -0.241364, 2.948789;0.6597906, -0.3002373, 3.020851;0.7320623, -0.2842508, 2.924468;0.4537309, -0.5449421, 2.969799;0.6228272, -0.5257554, 2.641056;0.5425575, -0.7611951, 3.01818;0.7439867, -0.784986, 2.750704;0.5149728, -0.8318553, 3.014976;0.7272668, -0.8583521, 2.740609;
0.3769655, 0.2731806, 2.791132;0.4679246, 0.1009349, 2.796031;0.6289811, -0.1799712, 2.92219;0.3784417, -0.01798331, 2.938699;0.5761554, 0.005290274, 2.715333;0.3515372, -0.5998019, 2.950565;0.6867173, -0.6180126, 2.58488;0.6621082, -0.2350039, 2.950799;0.6582116, -0.2954487, 3.020543;0.7296215, -0.2758758, 2.927811;0.4531661, -0.5462574, 2.971529;0.6249872, -0.5230247, 2.648652;0.5424408, -0.759383, 3.017903;0.7443582, -0.7837235, 2.750969;0.5159682, -0.8305212, 3.015533;0.7275239, -0.8570746, 2.740807;
0.3777781, 0.2799744, 2.793313;0.4723431, 0.1187577, 2.800129;0.6270898, -0.1586736, 2.922902;0.3754387, -0.01011035, 2.94668;0.5769681, 0.02790502, 2.71519;0.3474517, -0.546625, 2.944308;0.669239, -0.5938001, 2.600544;0.6583058, -0.2140439, 2.950798;0.6522151, -0.2794292, 3.019884;0.7265985, -0.2595443, 2.927009;0.4230761, -0.5760787, 2.968389;0.6387151, -0.5218323, 2.65734;0.5356522, -0.8365362, 3.028816;0.746473, -0.7786669, 2.753992;0.4835731, -0.7951976, 2.992061;0.7300529, -0.8517386, 2.741227;
0.3846396, 0.2979162, 2.802639;0.4778798, 0.1385411, 2.80392;0.628184, -0.1474441, 2.925105;0.3792711, 0.01514788, 2.954317;0.5859058, 0.04266515, 2.717287;0.3369437, -0.5329325, 2.954002;0.6788184, -0.570598, 2.591651;0.6586442, -0.2042833, 2.952762;0.6503389, -0.2670579, 3.019844;0.7262621, -0.2493573, 2.929902;0.4279603, -0.5683799, 2.970428;0.6491466, -0.5208656, 2.667289;0.5403956, -0.8287728, 3.029643;0.7468727, -0.777652, 2.75351;0.474352, -0.8151741, 2.99455;0.729886, -0.8508326, 2.741921;
0.3917424, 0.3309513, 2.810807;0.4804736, 0.1624907, 2.810539;0.6207407, -0.1361171, 2.931915;0.3826406, 0.03184845, 2.958171;0.5898161, 0.06674585, 2.723061;0.3108105, -0.5304366, 2.925665;0.6654781, -0.5406744, 2.598802;0.6489744, -0.1945066, 2.959978;0.6360542, -0.2532003, 3.025573;0.7123671, -0.242189, 2.93891;0.4258928, -0.5613586, 2.968232;0.6607464, -0.5236247, 2.681789;0.5233687, -0.828995, 3.021699;0.748611, -0.7918547, 2.743853;0.4802512, -0.7780194, 2.985738;0.7239274, -0.8635587, 2.744158;
0.4073962, 0.3816206, 2.827168;0.488418, 0.2083587, 2.818235;0.6103339, -0.1042172, 2.944912;0.3860792, 0.07354093, 2.961591;0.5921571, 0.08525787, 2.725458;0.3579978, -0.496991, 2.930852;0.6779333, -0.5123804, 2.64534;0.6352469, -0.165994, 2.973605;0.6168104, -0.2213026, 3.035954;0.6966788, -0.2178661, 2.954145;0.4357192, -0.5447944, 2.96638;0.6648836, -0.5088712, 2.694385;0.5212302, -0.8173966, 3.015073;0.7515948, -0.777467, 2.755037;0.5159032, -0.881991, 3.054121;0.7296097, -0.848612, 2.7416;
0.4079295, 0.3885272, 2.827785;0.4938012, 0.2228299, 2.823619;0.6156328, -0.08609137, 2.948106;0.3876865, 0.09261221, 2.961857;0.595991, 0.1116199, 2.730659;0.3545823, -0.4693003, 2.935048;0.6567824, -0.4330267, 2.617422;0.6400723, -0.1479822, 2.976277;0.6202102, -0.2042096, 3.035842;0.7021763, -0.1972468, 2.957347;0.4465449, -0.5316722, 2.969431;0.6717647, -0.5000463, 2.698733;0.5276613, -0.8053081, 3.017619;0.753347, -0.7735974, 2.754164;0.502346, -0.8758293, 3.027017;0.7309095, -0.8447641, 2.742577;
0.4164097, 0.4307975, 2.83778;0.4996133, 0.2615891, 2.833626;0.6185757, -0.06275072, 2.949142;0.3924316, 0.1142369, 2.964977;0.5998949, 0.1332066, 2.737944;0.3573367, -0.4626811, 2.935228;0.653061, -0.4326236, 2.606966;0.6425313, -0.1269717, 2.976091;0.6234723, -0.1842196, 3.034724;0.7032885, -0.1819024, 2.956025;0.4601738, -0.5169098, 2.972424;0.677512, -0.4807021, 2.706568;0.5321031, -0.7930139, 3.0195;0.7544963, -0.7726951, 2.754432;0.4842348, -0.8512629, 2.972398;0.731557, -0.8437734, 2.742965;
0.4269764, 0.465207, 2.850692;0.5071691, 0.2951775, 2.84904;0.6175221, -0.03964634, 2.953042;0.3982024, 0.1695671, 2.973669;0.6054307, 0.1724131, 2.745453;0.3622314, -0.4345467, 2.927856;0.6508957, -0.4331535, 2.602792;0.6400988, -0.106144, 2.977934;0.6204636, -0.1627786, 3.036508;0.6997116, -0.1661234, 2.95478;0.4717465, -0.5016406, 2.974983;0.6791234, -0.4774388, 2.710025;0.5330974, -0.7810023, 3.018011;0.7559798, -0.7728858, 2.754811;0.4826917, -0.836993, 2.971238;0.7317789, -0.8432806, 2.742971;
0.4289796, 0.4822333, 2.851837;0.511535, 0.3210399, 2.856709;0.6233072, -0.01763915, 2.957339;0.4017619, 0.1828321, 2.973718;0.6069772, 0.2003498, 2.757984;0.3647179, -0.3952007, 2.93228;0.6398239, -0.3820561, 2.587067;0.6456893, -0.08556354, 2.981097;0.6262932, -0.1435513, 3.036403;0.7038014, -0.1389356, 2.958321;0.4798718, -0.483386, 2.979277;0.6802179, -0.4669536, 2.712869;0.5475302, -0.7511272, 3.024028;0.7572803, -0.7729966, 2.755451;0.4990515, -0.8064952, 2.974923;0.7319982, -0.8427111, 2.742969;
0.4397207, 0.5152563, 2.879972;0.5228294, 0.350275, 2.864118;0.631058, 0.0061195, 2.959472;0.4119712, 0.2215302, 2.985169;0.6147428, 0.2224412, 2.762245;0.3651071, -0.3717458, 2.938729;0.6401832, -0.335644, 2.600942;0.6528411, -0.06251806, 2.982168;0.6345395, -0.1183642, 3.038462;0.7080567, -0.1244409, 2.956685;0.4936515, -0.4602878, 2.983867;0.6822623, -0.4631088, 2.718302;0.5482298, -0.7518485, 3.024808;0.7580569, -0.7728252, 2.755518;0.5302148, -0.824706, 3.02598;0.7322368, -0.8421725, 2.742933;
0.4495617, 0.5252509, 2.89081;0.5520129, 0.3246623, 2.889648;0.6312884, 0.01077333, 2.96114;0.4182126, 0.2415409, 2.997348;0.6202334, 0.2462188, 2.768486;0.3632624, -0.3257337, 2.940912;0.6409575, -0.3285066, 2.599096;0.6503447, -0.05177248, 2.982567;0.6325211, -0.111959, 3.036762;0.7024339, -0.1112553, 2.957619;0.4985535, -0.4565152, 2.984215;0.6887828, -0.4514417, 2.730491;0.5483621, -0.7514353, 3.025591;0.7586555, -0.7726542, 2.755891;0.5293594, -0.824511, 3.024487;0.732456, -0.8414273, 2.741773;
0.4622983, 0.5748606, 2.905317;0.5492465, 0.4113266, 2.888028;0.6241082, 0.05764216, 2.962464;0.4241123, 0.2592971, 3.002246;0.6225744, 0.2681618, 2.775446;0.3649453, -0.3227228, 2.941081;0.6449352, -0.3092831, 2.60187;0.640729, -0.01815978, 2.981089;0.6143519, -0.07883725, 3.033716;0.692298, -0.07222684, 2.95117;0.5062524, -0.452199, 2.98538;0.6908836, -0.4462808, 2.742774;0.5488861, -0.7505605, 3.025733;0.7588032, -0.772539, 2.756026;0.5265667, -0.8264161, 3.023554;0.7326128, -0.8411112, 2.741471;
0.4813755, 0.5974574, 2.918874;0.5545197, 0.4270616, 2.895812;0.6227468, 0.07131673, 2.958251;0.4328443, 0.2880169, 3.020242;0.6377947, 0.3050568, 2.79194;0.3720897, -0.2960188, 2.944664;0.6487457, -0.2749662, 2.603451;0.636418, 0.002257575, 2.97284;0.6053805, -0.06615944, 3.027293;0.692053, -0.05043334, 2.93625;0.5111488, -0.443272, 2.985695;0.6944348, -0.434599, 2.757089;0.5498689, -0.7508438, 3.026457;0.7589316, -0.7722089, 2.756066;0.5243919, -0.8276149, 3.022192;0.7327762, -0.8407003, 2.741547;
0.5008, 0.6278774, 2.949698;0.5731583, 0.4567677, 2.915603;0.623727, 0.08504699, 2.960052;0.4361495, 0.3013931, 3.023218;0.6399624, 0.3131018, 2.794497;0.3794492, -0.2666082, 2.965563;0.6559248, -0.252183, 2.608472;0.6355352, 0.01248332, 2.973291;0.6029193, -0.05600768, 3.026446;0.6902111, -0.04540972, 2.93573;0.5133609, -0.4405789, 2.985741;0.6941997, -0.4257077, 2.764899;0.5508538, -0.750172, 3.026859;0.7595004, -0.7722483, 2.756511;0.5238187, -0.8279004, 3.021638;0.7329124, -0.8404115, 2.741676;
0.5058811, 0.6439811, 2.948273;0.5777249, 0.474062, 2.926543;0.6233107, 0.1076184, 2.958215;0.4453178, 0.3244063, 3.023553;0.6555436, 0.3486043, 2.808124;0.381135, -0.2574522, 2.965315;0.6580594, -0.2433796, 2.613612;0.6329052, 0.03513526, 2.968093;0.5933478, -0.03161374, 3.017525;0.688723, -0.02098004, 2.926136;0.5169328, -0.4338613, 2.985466;0.6917946, -0.4220029, 2.768421;0.551735, -0.7497848, 3.02667;0.7602189, -0.7713133, 2.756897;0.5234506, -0.82797, 3.021141;0.7333879, -0.8391269, 2.741297;
0.5201674, 0.6677153, 2.959685;0.5872982, 0.496801, 2.941448;0.6224182, 0.1248825, 2.95924;0.4540136, 0.3541303, 3.032359;0.6578055, 0.3574565, 2.812541;0.3911701, -0.2241564, 2.971529;0.6640286, -0.2172476, 2.621325;0.6301228, 0.05153983, 2.966951;0.5897697, -0.0188268, 3.016247;0.6842858, -0.006430089, 2.922102;0.5206477, -0.428095, 2.983816;0.6918565, -0.4158571, 2.774201;0.5538433, -0.7485871, 3.026611;0.7606773, -0.7713243, 2.757361;0.5244864, -0.8273298, 3.020176;0.7336435, -0.8389197, 2.741285;
0.5489914, 0.7016428, 2.995768;0.5998268, 0.5238498, 2.955392;0.6219047, 0.1409678, 2.959498;0.4586678, 0.3664108, 3.035125;0.6661441, 0.3763291, 2.822042;0.394013, -0.2189452, 2.972621;0.6661033, -0.1979426, 2.628578;0.6275012, 0.06574781, 2.964982;0.5845839, -0.003679201, 3.013568;0.6803873, 0.004376462, 2.917235;0.5249263, -0.4204589, 2.983146;0.6944274, -0.4069072, 2.779994;0.5540234, -0.7476721, 3.026337;0.7603012, -0.768874, 2.757928;0.5245784, -0.8272772, 3.020034;0.7336442, -0.8389496, 2.741179;
0.5582113, 0.7110137, 2.999161;0.6130762, 0.5352024, 2.965551;0.6234488, 0.1529779, 2.95919;0.4677953, 0.388067, 3.037325;0.6741861, 0.3934882, 2.827061;0.3990824, -0.1960751, 2.982772;0.6734737, -0.1768153, 2.643121;0.6267103, 0.07789788, 2.962382;0.5814679, 0.008355841, 3.009009;0.6773515, 0.01796795, 2.911883;0.5268819, -0.417707, 2.982208;0.6945055, -0.4049513, 2.78142;0.5559753, -0.747255, 3.02527;0.7611071, -0.7686904, 2.758411;0.5241965, -0.827582, 3.019859;0.7336777, -0.8389676, 2.741106;
0.5660555, 0.7214155, 3.002292;0.6206378, 0.5459276, 2.968182;0.6237979, 0.1718239, 2.958108;0.4716272, 0.3931846, 3.040271;0.6797441, 0.4011704, 2.830142;0.400539, -0.190391, 2.98052;0.6770663, -0.1652642, 2.647148;0.6245332, 0.0977726, 2.959717;0.5781655, 0.02300032, 3.006737;0.6727092, 0.03520098, 2.906703;0.5285129, -0.4153429, 2.98226;0.6945777, -0.4044788, 2.782024;0.5566921, -0.7462699, 3.024524;0.7623604, -0.7693767, 2.760081;0.5247045, -0.827545, 3.019873;0.7336156, -0.8388678, 2.740742;
0.5757325, 0.7345477, 3.007392;0.6307677, 0.5597205, 2.974824;0.6452541, 0.1828602, 2.979621;0.4775872, 0.4111558, 3.050428;0.6932576, 0.4195222, 2.838085;0.4015141, -0.177696, 2.978525;0.6812338, -0.1600614, 2.653342;0.623402, 0.1103597, 2.958863;0.5759609, 0.03326263, 3.005043;0.6698421, 0.04454484, 2.904439;0.5299636, -0.4124978, 2.982013;0.6953308, -0.4017458, 2.783972;0.55713, -0.7458177, 3.024143;0.7622216, -0.7677622, 2.761612;0.5248978, -0.8274538, 3.019546;0.7339271, -0.8384582, 2.740873;
0.5827428, 0.7406085, 3.011313;0.636703, 0.565208, 2.978009;0.6451306, 0.1868674, 2.979518;0.4863074, 0.4227577, 3.053652;0.6996571, 0.4296809, 2.842566;0.406563, -0.1674455, 2.984672;0.6846211, -0.1505672, 2.657083;0.6218186, 0.1150102, 2.957874;0.5726706, 0.03955864, 3.003345;0.6665771, 0.0502262, 2.902078;0.5303519, -0.4121951, 2.981484;0.6959875, -0.396928, 2.786317;0.5577476, -0.7459644, 3.024144;0.7622193, -0.7677713, 2.761613;0.5245998, -0.827238, 3.018853;0.7338589, -0.8384452, 2.740749;
0.5888413, 0.7489904, 3.016874;0.6449544, 0.5741537, 2.98555;0.6435006, 0.1911281, 2.979262;0.4900388, 0.4297856, 3.060397;0.7061473, 0.438834, 2.84606;0.4064692, -0.157545, 2.983971;0.6871496, -0.1442301, 2.659297;0.6184375, 0.1201635, 2.956567;0.5647186, 0.04596649, 3.001224;0.6627804, 0.05623566, 2.898741;0.5322899, -0.4085985, 2.980828;0.6965232, -0.3927294, 2.787276;0.5597382, -0.7448518, 3.023812;0.7621896, -0.7676513, 2.761664;0.5277056, -0.8217094, 3.020247;0.7339854, -0.8386238, 2.740578;
0.5977426, 0.7604233, 3.026727;0.6566731, 0.5861757, 2.993009;0.6423738, 0.1982495, 2.978306;0.4931855, 0.4360741, 3.066269;0.7111056, 0.4455427, 2.850838;0.4076363, -0.1512567, 2.986707;0.6891998, -0.1387674, 2.661495;0.6152705, 0.1278395, 2.954182;0.5588098, 0.05383116, 2.99791;0.6586519, 0.06381156, 2.894418;0.534518, -0.404941, 2.980433;0.699947, -0.3898794, 2.788602;0.5610589, -0.7451316, 3.023849;0.7643089, -0.7609352, 2.764834;0.5270951, -0.8225513, 3.019326;0.7344324, -0.837971, 2.741396;
0.615436, 0.7720477, 3.038675;0.6635398, 0.5941948, 3.002292;0.641108, 0.2051473, 2.977348;0.4953201, 0.4400296, 3.066582;0.7157106, 0.4499708, 2.85259;0.4086002, -0.1469016, 2.984168;0.6934637, -0.1374979, 2.662828;0.6124294, 0.1357525, 2.95105;0.5539292, 0.06100197, 2.994001;0.6548384, 0.07076148, 2.887944;0.5371932, -0.4028768, 2.980652;0.7010248, -0.3828647, 2.789974;0.5611967, -0.7451654, 3.024001;0.7644908, -0.7606723, 2.764666;0.5270919, -0.8236589, 3.019964;0.7344398, -0.8378328, 2.741151;
0.6237392, 0.7760311, 3.043207;0.6664442, 0.5965229, 3.003646;0.6379468, 0.2127863, 2.975535;0.5011555, 0.447731, 3.068157;0.7253187, 0.4565305, 2.854703;0.4068963, -0.1413765, 2.985281;0.6965933, -0.1262257, 2.663291;0.6071684, 0.1452137, 2.947612;0.5457119, 0.07004991, 2.990632;0.6484277, 0.07788156, 2.881792;0.5421488, -0.400385, 2.982751;0.7037849, -0.3785149, 2.790613;0.5616668, -0.7454052, 3.024616;0.7650175, -0.76082, 2.76497;0.5269896, -0.8243757, 3.020178;0.7348186, -0.8379475, 2.742247;
0.6297409, 0.7827408, 3.049927;0.6738024, 0.6033453, 3.006069;0.6362052, 0.2169913, 2.973711;0.5049945, 0.4524539, 3.070003;0.7282537, 0.4590902, 2.856637;0.4039208, -0.1626472, 2.98668;0.7007632, -0.1153248, 2.664635;0.6040951, 0.1495872, 2.945122;0.5408733, 0.07624315, 2.985915;0.6435624, 0.0834716, 2.879406;0.5433235, -0.4004514, 2.984069;0.7060525, -0.3749369, 2.791263;0.5637308, -0.7462205, 3.027754;0.7681334, -0.7587936, 2.766568;0.5272223, -0.825487, 3.021104;0.7351769, -0.8375227, 2.742318;
0.6331161, 0.7831864, 3.054922;0.6779997, 0.6037685, 3.010658;0.6346132, 0.2179069, 2.973351;0.5078008, 0.4516976, 3.068636;0.7332909, 0.4620008, 2.859049;0.4038203, -0.1654821, 2.982194;0.7018486, -0.1121269, 2.664658;0.6014378, 0.1513967, 2.943676;0.5370882, 0.07709159, 2.984728;0.6389236, 0.08505061, 2.87498;0.5453349, -0.3981952, 2.98498;0.706654, -0.3728477, 2.791477;0.5656798, -0.7434643, 3.029966;0.7696995, -0.7610627, 2.768575;0.5449093, -0.8143792, 3.023427;0.7365531, -0.8362902, 2.741725;
0.6349353, 0.780342, 3.053942;0.6837729, 0.6017252, 3.015567;0.6339328, 0.2177679, 2.972708;0.5114226, 0.4513942, 3.070505;0.736494, 0.462543, 2.860194;0.4084325, -0.1366822, 2.981428;0.7031997, -0.1101451, 2.664019;0.5995737, 0.1521711, 2.942247;0.5340423, 0.07718788, 2.983487;0.6350936, 0.08508649, 2.870286;0.5458239, -0.3978574, 2.985255;0.7072216, -0.3729092, 2.791568;0.5658031, -0.7433822, 3.03006;0.7699457, -0.7607827, 2.768678;0.5340199, -0.8224158, 3.021331;0.7366331, -0.8361793, 2.741591;
0.6365794, 0.7800455, 3.053247;0.6874338, 0.6018725, 3.018891;0.6330481, 0.2178015, 2.972373;0.5169148, 0.4540864, 3.071478;0.7410395, 0.463016, 2.862166;0.4077902, -0.136454, 2.979216;0.703683, -0.1090071, 2.662753;0.5977444, 0.1526153, 2.941256;0.5312802, 0.07774374, 2.981945;0.6327076, 0.0854153, 2.868982;0.5457404, -0.3979043, 2.985378;0.7075214, -0.3730104, 2.791604;0.5658476, -0.743481, 3.030059;0.7700402, -0.761214, 2.768514;0.531566, -0.8253127, 3.021196;0.7366019, -0.8361775, 2.741609;
0.6413754, 0.7807146, 3.054834;0.6908934, 0.6020421, 3.022731;0.6318896, 0.2179096, 2.971984;0.5197842, 0.4542956, 3.070875;0.7445488, 0.4632496, 2.861684;0.4077445, -0.1365092, 2.978275;0.7043984, -0.1085079, 2.661411;0.5955401, 0.1531873, 2.940125;0.5280331, 0.07843214, 2.980477;0.6294328, 0.08545713, 2.866692;0.5452157, -0.3978783, 2.985153;0.707619, -0.3737117, 2.791559;0.5659208, -0.7436319, 3.030102;0.7699603, -0.7601271, 2.768162;0.5315124, -0.826279, 3.022634;0.736685, -0.8361213, 2.741813;
0.6428078, 0.7816702, 3.055305;0.6918326, 0.6026559, 3.02355;0.6304992, 0.2184683, 2.970918;0.5232426, 0.4570884, 3.072615;0.7455561, 0.4623972, 2.861725;0.4074436, -0.1362739, 2.978627;0.7050317, -0.1084554, 2.660305;0.5932618, 0.1537954, 2.938542;0.5256135, 0.07930678, 2.978646;0.6266571, 0.08607094, 2.864882;0.5452605, -0.3979054, 2.985125;0.7058942, -0.3723314, 2.790638;0.5660081, -0.7436616, 3.030238;0.7701449, -0.7596672, 2.768416;0.5314006, -0.8265128, 3.023082;0.7367613, -0.836135, 2.74192;
0.6499599, 0.7837223, 3.059484;0.6938753, 0.6030371, 3.024853;0.6296165, 0.2184261, 2.969878;0.5253127, 0.4600638, 3.074286;0.7446334, 0.4618953, 2.862451;0.4076288, -0.1361321, 2.974591;0.704999, -0.1081845, 2.659744;0.5915551, 0.1537863, 2.93692;0.5243495, 0.07996789, 2.976715;0.6237618, 0.08643505, 2.863065;0.5448912, -0.3980679, 2.984352;0.70574, -0.3729672, 2.790016;0.5661687, -0.7437058, 3.030224;0.7695788, -0.7607394, 2.767696;0.5297271, -0.8273934, 3.023111;0.7367777, -0.8360897, 2.741975;
0.6516153, 0.7831609, 3.059584;0.6939391, 0.6018935, 3.025284;0.6288106, 0.2180479, 2.968708;0.5256436, 0.4600411, 3.074179;0.7465017, 0.4610885, 2.861674;0.4078533, -0.1359644, 2.971733;0.704879, -0.1071563, 2.658204;0.5907782, 0.1535159, 2.935287;0.5234135, 0.07940105, 2.974088;0.6230652, 0.08597886, 2.861428;0.5444296, -0.3976064, 2.984201;0.7055081, -0.3744788, 2.789395;0.5662034, -0.7437003, 3.030218;0.7697789, -0.7598424, 2.767412;0.5290483, -0.8277271, 3.022642;0.7367753, -0.8361201, 2.741929;
0.652084, 0.7821518, 3.058438;0.694241, 0.6006813, 3.025277;0.6280235, 0.2176038, 2.96756;0.5259917, 0.46023, 3.074429;0.7460481, 0.4602023, 2.861691;0.4058977, -0.1349674, 2.966082;0.7049483, -0.1066332, 2.657986;0.5898825, 0.1532014, 2.933991;0.5228993, 0.07901541, 2.972848;0.6216076, 0.08574221, 2.859866;0.5443316, -0.3973635, 2.983716;0.7052834, -0.3749921, 2.78885;0.5661557, -0.7433881, 3.030043;0.769721, -0.7596229, 2.767306;0.5106388, -0.7761108, 2.971227;0.736686, -0.8361344, 2.741968;
0.6519195, 0.7824341, 3.058365;0.6943018, 0.600812, 3.025339;0.6269564, 0.2174857, 2.966747;0.5264084, 0.4606856, 3.074369;0.7439896, 0.459222, 2.86171;0.405993, -0.1345765, 2.964629;0.7040909, -0.1060465, 2.65745;0.5885099, 0.1529313, 2.933125;0.5222061, 0.07906765, 2.97234;0.6197265, 0.08573992, 2.858986;0.5440487, -0.3977338, 2.98341;0.7052484, -0.3745457, 2.788489;0.5660287, -0.7434768, 3.029968;0.7694794, -0.7594637, 2.767129;0.5342581, -0.8259817, 3.025851;0.7365713, -0.836174, 2.742151;
0.651864, 0.7815396, 3.05565;0.6941036, 0.5997977, 3.024937;0.6263382, 0.2171596, 2.965765;0.5264569, 0.4606532, 3.074479;0.7441207, 0.4592034, 2.86154;0.4060135, -0.1346617, 2.964543;0.6998732, -0.1115253, 2.655566;0.5879723, 0.1527284, 2.932184;0.5215593, 0.07886179, 2.971021;0.6194547, 0.08571849, 2.858476;0.5441326, -0.3977276, 2.983392;0.704911, -0.3747128, 2.788172;0.5659791, -0.7439887, 3.031314;0.7703953, -0.7580625, 2.767279;0.5329238, -0.8262899, 3.024775;0.7369187, -0.8359826, 2.742755;
0.6510713, 0.7813544, 3.0539;0.6942039, 0.599719, 3.024821;0.6257949, 0.2173361, 2.96544;0.5268943, 0.4610332, 3.073427;0.7443849, 0.4592766, 2.861383;0.4061234, -0.1350835, 2.96521;0.6978518, -0.1138749, 2.653566;0.5874148, 0.1529699, 2.931851;0.5207771, 0.07901914, 2.970917;0.6188526, 0.08581133, 2.857867;0.544165, -0.3979997, 2.983296;0.7048886, -0.3745568, 2.787946;0.5661911, -0.7449436, 3.031711;0.7704343, -0.7577892, 2.767248;0.5322642, -0.8267499, 3.024934;0.7368737, -0.8359421, 2.742793;
0.6509492, 0.7809273, 3.052206;0.6944532, 0.5992597, 3.02436;0.6252708, 0.217045, 2.964731;0.5269756, 0.4604219, 3.072428;0.7439355, 0.4589749, 2.860795;0.4062192, -0.1353521, 2.9641;0.6948495, -0.1155512, 2.650876;0.5868124, 0.1527124, 2.931178;0.5202942, 0.07894263, 2.970243;0.6182594, 0.08579836, 2.857494;0.5441343, -0.3979975, 2.983322;0.7047585, -0.3748729, 2.78792;0.566128, -0.7450525, 3.031888;0.7694072, -0.760805, 2.766596;0.5317618, -0.8267288, 3.024335;0.7368086, -0.836012, 2.742788;
0.6504285, 0.7808137, 3.051214;0.6945577, 0.5991445, 3.024062;0.6250671, 0.2171603, 2.964411;0.5266454, 0.4599606, 3.072001;0.7441152, 0.4591959, 2.859969;0.4062355, -0.1355, 2.963952;0.6926741, -0.1169045, 2.649408;0.586606, 0.1528498, 2.930927;0.5199496, 0.07887091, 2.97014;0.6180661, 0.08588137, 2.857001;0.5442035, -0.398025, 2.98334;0.7047234, -0.3749311, 2.78814;0.5662775, -0.7449192, 3.032059;0.7699293, -0.7599662, 2.767;0.5312659, -0.8240857, 3.023885;0.7372081, -0.8358863, 2.742903;
0.6483923, 0.7802061, 3.050844;0.6943895, 0.5986497, 3.021699;0.6246271, 0.2174882, 2.963715;0.5263369, 0.4600501, 3.072291;0.7438368, 0.4588729, 2.859493;0.405982, -0.1352413, 2.963702;0.6919278, -0.1166492, 2.648711;0.58619, 0.153145, 2.930502;0.5194978, 0.07897382, 2.970015;0.6176959, 0.08602612, 2.856583;0.5440955, -0.3977596, 2.982795;0.7046405, -0.3745178, 2.788142;0.5665447, -0.7449333, 3.03209;0.76995, -0.759823, 2.767128;0.5297555, -0.8253229, 3.022664;0.7372305, -0.836122, 2.743506;
0.648559, 0.7797176, 3.050544;0.6940184, 0.5977647, 3.020482;0.6241515, 0.2172626, 2.963186;0.5263337, 0.4603017, 3.071834;0.7428852, 0.4588169, 2.858581;0.4057729, -0.1338565, 2.966441;0.6913557, -0.117254, 2.647955;0.5857115, 0.1529697, 2.930196;0.5192028, 0.07902377, 2.969903;0.617213, 0.08585137, 2.856424;0.5440316, -0.397778, 2.982749;0.7036604, -0.3735758, 2.787929;0.5666367, -0.7448628, 3.032151;0.7699128, -0.7594075, 2.767144;0.5297706, -0.8253454, 3.022557;0.7371689, -0.8361248, 2.743435;
0.6447461, 0.7778497, 3.046547;0.6935414, 0.5967222, 3.018769;0.6239936, 0.2172107, 2.962706;0.5256934, 0.4599281, 3.071869;0.7436017, 0.4589415, 2.857506;0.4059635, -0.1342097, 2.965616;0.6919299, -0.1127168, 2.647804;0.585621, 0.1529399, 2.929917;0.5188697, 0.07883925, 2.969566;0.6172785, 0.08579696, 2.856313;0.544006, -0.3977925, 2.982826;0.7036338, -0.3739467, 2.787714;0.5667046, -0.744954, 3.032446;0.7699801, -0.7589728, 2.767038;0.5236169, -0.8308242, 3.030797;0.7375509, -0.8359566, 2.744425;
0.6447454, 0.7781903, 3.046579;0.6936033, 0.5968565, 3.018456;0.6237387, 0.2174383, 2.962524;0.525053, 0.459594, 3.071047;0.7440568, 0.4599105, 2.857152;0.4061099, -0.1340972, 2.965391;0.6914043, -0.1141655, 2.647101;0.5853926, 0.1531817, 2.929758;0.5183441, 0.07903153, 2.969494;0.6172028, 0.08587652, 2.856214;0.5440401, -0.3977417, 2.982903;0.7037096, -0.3750183, 2.787636;0.5667529, -0.7450256, 3.0325;0.7702096, -0.7588767, 2.767388;0.5236571, -0.8307852, 3.029942;0.7375136, -0.8359211, 2.744461;
0.6412646, 0.7764671, 3.041175;0.6933327,