0.5654043, 0.8245143, 3.025654;0.6164405, 0.6025082, 2.999779;0.5640985, 0.2277727, 2.943895;0.4793075, 0.45367, 3.062733;0.67244, 0.45961, 2.847509;0.3935442, -0.1621798, 3.007455;0.6379158, -0.1241792, 2.669816;0.5536302, 0.1528256, 2.936231;0.5004168, 0.0816238, 2.980983;0.5873264, 0.08429679, 2.867267;0.5300426, -0.3964405, 3.001893;0.6762726, -0.3691476, 2.796522;0.5623757, -0.7536957, 3.053424;0.7419862, -0.7383083, 2.780491;0.5050841, -0.7854511, 3.001075;0.708447, -0.8232777, 2.758777;
0.5597441, 0.8237237, 3.027053;0.6161864, 0.6024403, 2.999973;0.5639729, 0.2273882, 2.943866;0.4790769, 0.4536091, 3.063177;0.6720579, 0.4595029, 2.848085;0.3934643, -0.1618584, 3.007409;0.6377333, -0.1247686, 2.670108;0.5535355, 0.1523201, 2.936126;0.5004315, 0.08134517, 2.980508;0.5873132, 0.08417986, 2.867479;0.5299881, -0.3962158, 3.002153;0.6743104, -0.3643479, 2.796455;0.5619479, -0.7533032, 3.052827;0.7414609, -0.7369238, 2.778888;0.5329652, -0.824959, 3.04287;0.678813, -0.7716463, 2.721651;
0.5551817, 0.8228102, 3.024603;0.6162605, 0.6029277, 3.000505;0.5639306, 0.2274434, 2.943952;0.4778508, 0.4520341, 3.064625;0.6719945, 0.4594874, 2.848608;0.3939539, -0.161597, 3.008037;0.6370097, -0.1262673, 2.670195;0.5534881, 0.1523498, 2.936188;0.5001678, 0.08110993, 2.980691;0.5872712, 0.08419216, 2.867413;0.5302383, -0.3961678, 3.002135;0.6748624, -0.365649, 2.797224;0.5618449, -0.7534097, 3.053245;0.7415217, -0.7371326, 2.778756;0.5014446, -0.7868704, 2.998094;0.6811213, -0.7705933, 2.723606;
0.5551422, 0.8238436, 3.023124;0.6162656, 0.6041031, 3.001193;0.5639932, 0.2275094, 2.943863;0.4788091, 0.4541548, 3.067643;0.6722496, 0.4595631, 2.848616;0.3939183, -0.1617046, 3.008019;0.6357986, -0.1275261, 2.669941;0.5535854, 0.1523581, 2.935988;0.5003666, 0.08134267, 2.98018;0.5874271, 0.08414771, 2.867191;0.5304015, -0.3960204, 3.002248;0.6743606, -0.365126, 2.797201;0.5618807, -0.7533641, 3.053171;0.7415338, -0.736862, 2.778698;0.533132, -0.8217233, 3.076978;0.678509, -0.7715654, 2.721955;
0.5518265, 0.8223097, 3.02468;0.615383, 0.6032218, 3.000871;0.563883, 0.2274951, 2.943804;0.4786968, 0.4534057, 3.067328;0.6720335, 0.459533, 2.848802;0.3936908, -0.1616791, 3.007411;0.6358604, -0.1265731, 2.67005;0.5535216, 0.1523828, 2.935946;0.5003404, 0.081283, 2.980201;0.5873065, 0.08417965, 2.86696;0.5308799, -0.3961427, 3.002947;0.6745396, -0.3656625, 2.797275;0.5623115, -0.7527511, 3.052772;0.7414228, -0.7369711, 2.778323;0.5345783, -0.8192669, 3.069249;0.6816237, -0.7699215, 2.72445;
0.5515952, 0.8219482, 3.02456;0.6156594, 0.6039109, 3.001108;0.5638811, 0.2274952, 2.943833;0.4786855, 0.45339, 3.067332;0.6722966, 0.4597084, 2.849107;0.3936431, -0.1619073, 3.007947;0.6357025, -0.1255381, 2.670594;0.5535002, 0.1523507, 2.935964;0.5002549, 0.08120659, 2.980169;0.5873049, 0.08417411, 2.866994;0.5309593, -0.396267, 3.003026;0.6757802, -0.3683536, 2.797817;0.5619109, -0.7521209, 3.052567;0.7416285, -0.7370029, 2.778525;0.5040302, -0.7840418, 3.000293;0.6837479, -0.7689238, 2.726252;
0.5509202, 0.8210945, 3.023315;0.6155524, 0.6034672, 3.00245;0.5638869, 0.2273137, 2.943812;0.4797204, 0.4561518, 3.069303;0.6722207, 0.4596094, 2.849207;0.3936973, -0.162021, 3.008007;0.6359019, -0.1259749, 2.670235;0.5535229, 0.1520864, 2.935767;0.5004525, 0.08132092, 2.979726;0.5872557, 0.0836485, 2.866632;0.5309679, -0.3962164, 3.003002;0.6754507, -0.3683485, 2.797938;0.563188, -0.7524838, 3.054379;0.7413396, -0.7375471, 2.778513;0.5374547, -0.8163703, 3.069734;0.7169714, -0.8165829, 2.764913;
0.5493479, 0.8202161, 3.023312;0.6152393, 0.6031603, 3.002496;0.5638343, 0.2273372, 2.943851;0.4782671, 0.4525353, 3.066787;0.6721994, 0.4595624, 2.849187;0.3938882, -0.1616785, 3.008577;0.6355758, -0.1259502, 2.670391;0.5534827, 0.1521421, 2.935807;0.5002915, 0.08106565, 2.979981;0.5872499, 0.08369425, 2.866557;0.5309389, -0.395887, 3.002877;0.6743742, -0.3665015, 2.797203;0.560581, -0.7476034, 3.047879;0.7407156, -0.7368849, 2.777823;0.5039523, -0.7788584, 2.996564;0.7155345, -0.8165898, 2.765977;
0.5490702, 0.8199503, 3.023151;0.6153772, 0.603182, 3.002463;0.5638503, 0.2273008, 2.943789;0.4786533, 0.454663, 3.068076;0.6723723, 0.4597287, 2.849429;0.3938853, -0.1616853, 3.008576;0.6354939, -0.1258672, 2.670449;0.5534826, 0.1520885, 2.935713;0.5002707, 0.08105068, 2.979949;0.5872443, 0.08337864, 2.866225;0.5307275, -0.3956322, 3.002681;0.6743836, -0.3666124, 2.797287;0.5603415, -0.7474707, 3.047637;0.7407268, -0.7368909, 2.777834;0.5033654, -0.7788776, 2.996153;0.7135506, -0.8184354, 2.763631;
0.5493272, 0.819849, 3.02361;0.6153849, 0.6030612, 3.002751;0.5634093, 0.226901, 2.944685;0.4781894, 0.4545826, 3.068968;0.672147, 0.459751, 2.849432;0.3937089, -0.1617943, 3.008633;0.6354132, -0.1254243, 2.670646;0.5529144, 0.1516228, 2.936744;0.4995344, 0.07972699, 2.981135;0.5864902, 0.08383714, 2.86778;0.530693, -0.3956167, 3.002682;0.6740418, -0.3661501, 2.796996;0.5602733, -0.7478549, 3.047955;0.7405406, -0.7373405, 2.777409;0.5332663, -0.8121712, 3.042779;0.7095507, -0.8204914, 2.757002;
0.5480539, 0.8192214, 3.022954;0.6154084, 0.602837, 3.002643;0.5633295, 0.2269629, 2.944793;0.4771945, 0.4536891, 3.07062;0.6722134, 0.4597838, 2.849377;0.3939444, -0.1610814, 3.008575;0.6351618, -0.1254818, 2.670675;0.552788, 0.1517744, 2.936934;0.4990737, 0.07906302, 2.981632;0.5863861, 0.08441788, 2.867962;0.5306271, -0.3956394, 3.002854;0.6737007, -0.3654305, 2.796993;0.5617269, -0.7506279, 3.051285;0.7406249, -0.7368709, 2.777053;0.5342392, -0.8137663, 3.042601;0.7110429, -0.8178276, 2.759219;
0.5482415, 0.8193617, 3.022779;0.6155415, 0.6029065, 3.002452;0.5633236, 0.2269395, 2.944765;0.4774281, 0.453677, 3.070614;0.6721959, 0.4598085, 2.849385;0.3943085, -0.1611155, 3.009325;0.6346397, -0.1275281, 2.670326;0.5527716, 0.151735, 2.936907;0.4990911, 0.07879902, 2.98156;0.5863258, 0.0845736, 2.86795;0.5305987, -0.3943052, 3.002212;0.6739889, -0.3670961, 2.797012;0.5612098, -0.7503083, 3.050242;0.7407521, -0.7380227, 2.777229;0.5379693, -0.8149514, 3.043306;0.7091589, -0.8202726, 2.757374;
0.5530509, 0.8200981, 3.025003;0.6147701, 0.6016403, 3.001705;0.5632759, 0.2267754, 2.944895;0.4783706, 0.4541101, 3.069836;0.6720873, 0.4597454, 2.849253;0.3943102, -0.1611886, 3.009297;0.6342841, -0.1285781, 2.670151;0.5527737, 0.1516273, 2.937099;0.4995472, 0.07772452, 2.982471;0.5862912, 0.08457831, 2.868011;0.5306201, -0.3943638, 3.002311;0.6738038, -0.3671286, 2.797192;0.5607128, -0.7497402, 3.050375;0.7402692, -0.7395308, 2.77704;0.5386329, -0.8143933, 3.04304;0.7091982, -0.8205087, 2.757335;
0.5590458, 0.8101012, 3.02765;0.6147837, 0.6016428, 3.001617;0.5633042, 0.2269096, 2.944793;0.4789071, 0.4554697, 3.070361;0.6721106, 0.4598018, 2.849227;0.3945532, -0.1606202, 3.010679;0.6340716, -0.1260418, 2.670505;0.5528235, 0.1518323, 2.936983;0.4996055, 0.07769684, 2.982404;0.5863034, 0.08525376, 2.867628;0.5305985, -0.3944019, 3.002245;0.6743347, -0.3679432, 2.797451;0.5605377, -0.7496642, 3.052173;0.7400608, -0.7402459, 2.776708;0.5386887, -0.8138211, 3.042634;0.7089453, -0.821028, 2.756989;
0.5649018, 0.8051337, 3.031252;0.6160962, 0.6036698, 3.002466;0.5632953, 0.2269637, 2.944937;0.4791319, 0.4571028, 3.076547;0.6721356, 0.4599754, 2.849572;0.3943273, -0.1607296, 3.01014;0.6342328, -0.1264776, 2.670622;0.5527652, 0.1518112, 2.937106;0.4995672, 0.07764207, 2.982376;0.585977, 0.08604032, 2.868487;0.5305858, -0.3944598, 3.002345;0.6735405, -0.3632839, 2.797038;0.5601014, -0.7508692, 3.053422;0.7410185, -0.7379445, 2.778305;0.5039951, -0.7813349, 3.004567;0.7087434, -0.8203363, 2.76343;
0.5648522, 0.8060247, 3.030733;0.6161187, 0.6036159, 3.002605;0.5632075, 0.2268926, 2.945156;0.4789896, 0.4562011, 3.075304;0.6721754, 0.4599559, 2.849557;0.3944942, -0.1603429, 3.010663;0.6342397, -0.1264347, 2.67086;0.5526459, 0.151722, 2.937335;0.4992968, 0.07723769, 2.982708;0.5859289, 0.08605725, 2.868566;0.5306626, -0.3944725, 3.002419;0.6734748, -0.3632489, 2.797131;0.5602552, -0.749149, 3.053068;0.7410676, -0.7367799, 2.777765;0.5036187, -0.7799623, 3.003507;0.6844311, -0.7675931, 2.728204;
0.558411, 0.8054765, 3.026189;0.6160066, 0.6041841, 3.003462;0.5631422, 0.2269987, 2.945338;0.4787952, 0.4556043, 3.074516;0.6721612, 0.4600712, 2.849585;0.394741, -0.1602537, 3.010825;0.6342322, -0.1264172, 2.670865;0.5525953, 0.1517679, 2.937429;0.4992326, 0.07712797, 2.982782;0.5858932, 0.08622751, 2.868561;0.5306536, -0.3942828, 3.002304;0.6733023, -0.3626315, 2.797072;0.5606741, -0.7487782, 3.052546;0.7413747, -0.7363421, 2.778188;0.5034856, -0.779927, 3.00233;0.6841862, -0.767491, 2.727972;
0.5546933, 0.8051346, 3.026143;0.6159039, 0.6040205, 3.004074;0.5631465, 0.227031, 2.945411;0.4790931, 0.4566945, 3.074348;0.6720943, 0.4611158, 2.850038;0.3947418, -0.1602328, 3.01093;0.6341602, -0.1264705, 2.671027;0.5526035, 0.1518005, 2.937467;0.4993133, 0.07712674, 2.982712;0.5858855, 0.08654445, 2.868594;0.5307643, -0.3946357, 3.002459;0.6731721, -0.3629748, 2.797226;0.561477, -0.7494152, 3.052477;0.7412651, -0.736277, 2.778214;0.5423248, -0.8172362, 3.047918;0.7181141, -0.8089584, 2.763544;
0.5548888, 0.8057802, 3.028536;0.6153065, 0.6031938, 3.003232;0.5630625, 0.2268578, 2.945441;0.4793116, 0.4556377, 3.070428;0.6715734, 0.4606862, 2.850103;0.3947437, -0.160263, 3.01093;0.6341093, -0.1265742, 2.671086;0.5525522, 0.1516578, 2.937544;0.4994129, 0.07642906, 2.983097;0.5858043, 0.08647282, 2.868573;0.5309138, -0.394697, 3.002575;0.6731196, -0.3628531, 2.79727;0.5627049, -0.7540384, 3.055553;0.7412277, -0.7349293, 2.777552;0.5405551, -0.8213752, 3.047776;0.683233, -0.766705, 2.725924;
0.554635, 0.8066196, 3.028009;0.6154975, 0.6033872, 3.002891;0.5630215, 0.2268448, 2.945452;0.4789268, 0.4549872, 3.070376;0.6711666, 0.4607974, 2.850315;0.3947822, -0.1600979, 3.011043;0.6340333, -0.1266795, 2.671097;0.5524512, 0.1516059, 2.937613;0.4992422, 0.07625368, 2.983246;0.585683, 0.08651012, 2.868631;0.5309346, -0.3948663, 3.002623;0.672949, -0.3623817, 2.797299;0.5625687, -0.7513527, 3.0535;0.741106, -0.7342951, 2.777036;0.5049473, -0.7829252, 3.002209;0.7174968, -0.810622, 2.772318;
0.5544111, 0.8072205, 3.027952;0.6155829, 0.6033717, 3.003035;0.5630054, 0.226779, 2.945518;0.4791455, 0.4558541, 3.070511;0.6707384, 0.4607331, 2.850293;0.3951844, -0.1600907, 3.010566;0.6340554, -0.1264972, 2.67115;0.5524198, 0.1515191, 2.937669;0.4992933, 0.07613218, 2.983256;0.5855685, 0.08654664, 2.868672;0.5309219, -0.3949337, 3.002664;0.6729752, -0.3623191, 2.797302;0.5623553, -0.7514861, 3.053459;0.7411136, -0.73426, 2.777038;0.5041683, -0.7833315, 3.0018;0.6829266, -0.7661054, 2.725379;
0.551353, 0.807392, 3.025492;0.615238, 0.6038724, 3.003006;0.5630133, 0.2268086, 2.945464;0.4785111, 0.4543343, 3.068888;0.6706613, 0.4609313, 2.850356;0.3951391, -0.160075, 3.010892;0.6340148, -0.1269444, 2.671109;0.55246, 0.151522, 2.93759;0.4994079, 0.07592716, 2.983073;0.5857607, 0.08674563, 2.8684;0.5310721, -0.3948288, 3.002619;0.6729645, -0.362417, 2.797164;0.5622699, -0.7517012, 3.053648;0.7400444, -0.7390243, 2.77592;0.5046951, -0.7833206, 3.002131;0.7153102, -0.8132712, 2.761009;
0.5516958, 0.80803, 3.026058;0.6152667, 0.6037675, 3.003127;0.5630352, 0.2269516, 2.945639;0.4783085, 0.4547841, 3.070241;0.6706561, 0.4609827, 2.850429;0.3949915, -0.1602585, 3.011151;0.6340377, -0.1270041, 2.671085;0.5524908, 0.1517403, 2.93779;0.4994328, 0.07584854, 2.983456;0.5857488, 0.08676676, 2.868356;0.5310668, -0.3948041, 3.002647;0.6747572, -0.3653046, 2.797699;0.5613338, -0.7492821, 3.050951;0.7396625, -0.739513, 2.775293;0.5036592, -0.7809026, 2.999556;0.7126906, -0.8184764, 2.761279;
0.5516222, 0.8086959, 3.025908;0.6152324, 0.6039186, 3.003212;0.5630476, 0.226976, 2.94569;0.4782614, 0.4548247, 3.070307;0.6707282, 0.4611078, 2.850487;0.3953373, -0.1604635, 3.011055;0.6341028, -0.1264606, 2.671356;0.5525117, 0.1517454, 2.937833;0.4994486, 0.07586188, 2.983428;0.5859001, 0.08699088, 2.868657;0.5311652, -0.3945626, 3.002751;0.6744066, -0.365294, 2.797331;0.5625219, -0.7507289, 3.052633;0.7396289, -0.7394602, 2.775521;0.5048576, -0.7823507, 3.001225;0.7110626, -0.8191912, 2.759304;
0.5507914, 0.8089263, 3.024935;0.6152499, 0.6040673, 3.00393;0.5628355, 0.2273209, 2.946282;0.4781665, 0.4540647, 3.06651;0.6707155, 0.4613074, 2.850555;0.3955428, -0.1612105, 3.010501;0.6341986, -0.1262949, 2.671455;0.5522685, 0.1521064, 2.93838;0.4991106, 0.0759808, 2.984258;0.5857286, 0.08707178, 2.868693;0.5309948, -0.3942504, 3.002681;0.6744187, -0.3651011, 2.797312;0.5624471, -0.7507356, 3.05266;0.7397994, -0.7371005, 2.775155;0.5054054, -0.7822195, 3.00097;0.6827577, -0.7685844, 2.723465;
0.5592115, 0.8130292, 3.027326;0.6164038, 0.6055426, 3.006273;0.5629598, 0.2272444, 2.946295;0.4794031, 0.454832, 3.064056;0.6707435, 0.4613987, 2.850739;0.3956445, -0.1609088, 3.010147;0.6340418, -0.1262718, 2.671632;0.5524288, 0.1518495, 2.938217;0.49946, 0.07575823, 2.983689;0.5857917, 0.08703101, 2.868514;0.5309629, -0.3942785, 3.002688;0.6745954, -0.3655057, 2.797396;0.5627534, -0.7506426, 3.053125;0.7399279, -0.7374325, 2.776174;0.5058111, -0.7821175, 3.001173;0.7122054, -0.8175377, 2.761765;
0.5557379, 0.8134602, 3.02684;0.616796, 0.6067176, 3.007059;0.5629935, 0.2274559, 2.946404;0.479346, 0.4557109, 3.064531;0.670715, 0.4614255, 2.850727;0.3957514, -0.1610304, 3.009993;0.6340894, -0.1261613, 2.671628;0.5524275, 0.1519351, 2.938243;0.4994586, 0.07581685, 2.983669;0.5857462, 0.08732741, 2.868487;0.5311009, -0.3909273, 3.000932;0.6729912, -0.3608537, 2.79596;0.5617279, -0.7481989, 3.051141;0.7400042, -0.7364291, 2.77605;0.5049645, -0.7795535, 2.999391;0.6832408, -0.7677838, 2.724301;
0.5542561, 0.8132347, 3.028113;0.615992, 0.6061075, 3.00702;0.5629299, 0.2274957, 2.946435;0.4789767, 0.4548398, 3.06459;0.6706513, 0.4614676, 2.850752;0.3955628, -0.161309, 3.010575;0.6340947, -0.1262259, 2.671591;0.5523871, 0.1520053, 2.938264;0.4994323, 0.07580022, 2.98372;0.5857041, 0.08737767, 2.868314;0.5312417, -0.3907132, 3.000977;0.6741625, -0.3645581, 2.79639;0.5616208, -0.7481894, 3.050893;0.7393433, -0.7420393, 2.776144;0.5047396, -0.7795839, 2.999374;0.7102199, -0.8233502, 2.74574;
0.5606289, 0.811178, 3.065349;0.6158935, 0.6061323, 3.007837;0.5627206, 0.2272578, 2.94663;0.4790108, 0.4551105, 3.064325;0.6700791, 0.461325, 2.850908;0.3957593, -0.1618098, 3.011632;0.6339793, -0.1262604, 2.671522;0.5521181, 0.151665, 2.938361;0.4993418, 0.07571263, 2.983691;0.5853314, 0.08718759, 2.868378;0.531143, -0.3906225, 3.000935;0.6761897, -0.3721784, 2.79723;0.5616054, -0.748162, 3.050745;0.7395725, -0.7450474, 2.776569;0.5045853, -0.779615, 2.99913;0.7102504, -0.824071, 2.745906;
0.5551924, 0.8104592, 3.04997;0.6158268, 0.6058989, 3.008253;0.5626447, 0.2270799, 2.946702;0.4789467, 0.4550152, 3.064462;0.6698519, 0.4615296, 2.85086;0.3958713, -0.1616274, 3.01207;0.6339759, -0.1262447, 2.671579;0.5520286, 0.1514589, 2.938363;0.4992778, 0.07555507, 2.983546;0.5852736, 0.08715986, 2.868394;0.5310697, -0.3908123, 3.000986;0.6759545, -0.3722483, 2.797171;0.5615866, -0.7480289, 3.050599;0.7397055, -0.7457323, 2.776401;0.5389218, -0.8145049, 3.040789;0.7096301, -0.8253374, 2.744706;
0.5562563, 0.8111601, 3.046121;0.6156347, 0.6058113, 3.00846;0.562519, 0.2267366, 2.94668;0.4787852, 0.4542288, 3.063678;0.6694912, 0.4613244, 2.85082;0.395927, -0.1617421, 3.012088;0.6340764, -0.1262542, 2.67156;0.5518991, 0.150976, 2.938227;0.4992261, 0.07502536, 2.98334;0.5851056, 0.08674629, 2.868083;0.5311874, -0.3910894, 3.000969;0.6759229, -0.3723686, 2.797307;0.5599618, -0.7481297, 3.048933;0.7396863, -0.7465445, 2.776687;0.5029276, -0.7795731, 2.997343;0.7094671, -0.8267436, 2.745537;
0.5538564, 0.8102846, 3.043135;0.615469, 0.6053616, 3.008452;0.5624425, 0.2265715, 2.946643;0.4771736, 0.4539796, 3.066433;0.668916, 0.461132, 2.85078;0.3956864, -0.161973, 3.012124;0.6340906, -0.1262095, 2.671591;0.5518314, 0.1508378, 2.938164;0.4991092, 0.07488654, 2.983148;0.5850864, 0.08671121, 2.868062;0.5312538, -0.3914399, 3.001175;0.6772556, -0.3774835, 2.800087;0.5601628, -0.7468047, 3.046777;0.7399648, -0.7471486, 2.777548;0.5368786, -0.8130018, 3.03884;0.7091593, -0.8274544, 2.745532;
0.5536237, 0.8104271, 3.042383;0.6153193, 0.6051904, 3.008795;0.5623111, 0.2266205, 2.946733;0.476914, 0.4535407, 3.066941;0.6687145, 0.4608946, 2.850903;0.3956545, -0.1616539, 3.012636;0.6338912, -0.1268018, 2.671556;0.5516905, 0.1509181, 2.93821;0.4988881, 0.07479201, 2.983301;0.5847796, 0.08667242, 2.867698;0.531266, -0.3915045, 3.001612;0.6769316, -0.3772201, 2.799695;0.560416, -0.7469813, 3.047128;0.7401931, -0.7476789, 2.777554;0.5370675, -0.8129787, 3.038714;0.708928, -0.8283225, 2.745488;
0.5533581, 0.8105384, 3.042307;0.6145257, 0.6048735, 3.009573;0.5620533, 0.2265331, 2.947105;0.4763985, 0.4531349, 3.068355;0.6679788, 0.4606858, 2.850783;0.3957703, -0.1616149, 3.0129;0.6319342, -0.1314162, 2.671388;0.5515186, 0.1508634, 2.938472;0.498812, 0.07474933, 2.983491;0.5846383, 0.08661671, 2.867834;0.531339, -0.3918087, 3.001865;0.6770927, -0.3775782, 2.799577;0.5604373, -0.7483359, 3.049794;0.7387238, -0.7485799, 2.776487;0.537357, -0.8140575, 3.039337;0.7086517, -0.8287572, 2.74497;
0.5531557, 0.8105013, 3.041502;0.6137823, 0.6043977, 3.008873;0.5616457, 0.2263803, 2.947054;0.4761063, 0.4532073, 3.06846;0.6671162, 0.4599967, 2.850652;0.3956557, -0.1616939, 3.01341;0.6317558, -0.1388525, 2.669094;0.5511502, 0.1507471, 2.938468;0.4984235, 0.07458466, 2.983637;0.5841879, 0.0863264, 2.867674;0.5310195, -0.3922916, 3.001745;0.6767284, -0.3775585, 2.799288;0.5605255, -0.7480883, 3.04944;0.7387875, -0.7486246, 2.776483;0.5381414, -0.8138262, 3.038077;0.708667, -0.8288949, 2.74491;
0.5500245, 0.8098749, 3.039442;0.613432, 0.6044379, 3.008751;0.5614728, 0.2264796, 2.94704;0.4757292, 0.4528151, 3.068517;0.6666327, 0.4597574, 2.850529;0.395555, -0.1617663, 3.013284;0.6320936, -0.1364556, 2.669666;0.5510051, 0.1508572, 2.938455;0.4982939, 0.07459516, 2.983723;0.5840256, 0.08633755, 2.867455;0.5310674, -0.3924885, 3.0018;0.6766244, -0.3775501, 2.799242;0.5609515, -0.7485721, 3.050093;0.7389333, -0.7484984, 2.776213;0.538056, -0.8139362, 3.038021;0.7084414, -0.8289185, 2.744524;
0.5446606, 0.8087343, 3.037549;0.6130139, 0.6047527, 3.008883;0.5612729, 0.2270432, 2.946892;0.4748948, 0.4530925, 3.070749;0.6673974, 0.4610638, 2.851251;0.3954248, -0.1616895, 3.012966;0.6322658, -0.1358599, 2.669754;0.5508505, 0.1515228, 2.938205;0.4980496, 0.07484538, 2.983457;0.5841027, 0.08691894, 2.866993;0.5310347, -0.3929046, 3.001947;0.6766244, -0.3775495, 2.799238;0.5606388, -0.7486659, 3.05029;0.739484, -0.749216, 2.777257;0.5387811, -0.814412, 3.038727;0.708355, -0.8287471, 2.743392;
0.5413561, 0.8078514, 3.033674;0.6123915, 0.6047631, 3.008164;0.5609435, 0.227464, 2.946892;0.4732853, 0.452839, 3.071043;0.6671615, 0.4622095, 2.851656;0.3945656, -0.1619056, 3.012693;0.631971, -0.1341331, 2.66952;0.5505264, 0.1520749, 2.938305;0.4975132, 0.0750185, 2.983752;0.5840281, 0.08711065, 2.866946;0.5304717, -0.3934911, 3.002135;0.6765479, -0.3774257, 2.799221;0.5599333, -0.7461834, 3.048402;0.7392807, -0.7504946, 2.778446;0.539199, -0.8128894, 3.038675;0.7083448, -0.8287672, 2.743403;
0.5389715, 0.807815, 3.030697;0.6121534, 0.6054538, 3.007347;0.560774, 0.2276894, 2.946612;0.4728824, 0.4531739, 3.070393;0.6675643, 0.4633597, 2.852046;0.3934665, -0.1621278, 3.011022;0.632089, -0.1329511, 2.669874;0.5503832, 0.1522337, 2.938085;0.4970733, 0.075336, 2.983248;0.5840443, 0.08728753, 2.866899;0.5304372, -0.3934457, 3.002139;0.6765463, -0.3774291, 2.799222;0.5596666, -0.7465112, 3.04845;0.7391434, -0.7506708, 2.777996;0.5401397, -0.8132949, 3.039416;0.7082388, -0.8293362, 2.741905;
0.5386544, 0.8080045, 3.030007;0.6113012, 0.6051799, 3.006194;0.560734, 0.2275521, 2.946032;0.470515, 0.4521869, 3.066249;0.6672128, 0.462856, 2.851686;0.390873, -0.1596623, 3.008179;0.6312342, -0.1334289, 2.668823;0.5504549, 0.1520976, 2.937544;0.4970826, 0.07507551, 2.982647;0.5844273, 0.08713143, 2.866326;0.5305047, -0.3935811, 3.002223;0.6765494, -0.3774172, 2.799253;0.5594497, -0.7464632, 3.048331;0.7392752, -0.7505668, 2.77772;0.5032532, -0.7777355, 2.996599;0.7080007, -0.8298585, 2.742228;
0.5380293, 0.8085698, 3.030051;0.6105752, 0.6052343, 3.004035;0.5606521, 0.2274241, 2.945815;0.4701264, 0.4525191, 3.064755;0.665278, 0.4621647, 2.849313;0.3885427, -0.1566465, 3.008171;0.6300634, -0.1323705, 2.66589;0.5504261, 0.1519734, 2.937454;0.4970908, 0.07504837, 2.98264;0.5844323, 0.0870543, 2.866319;0.5305296, -0.3935879, 3.002267;0.6757801, -0.3764477, 2.799112;0.5591599, -0.7457341, 3.047354;0.7391503, -0.7514154, 2.777587;0.5027814, -0.7770158, 2.995977;0.7088483, -0.8290963, 2.744548;
0.5368797, 0.8086922, 3.029635;0.6085151, 0.6046618, 3.002381;0.5606524, 0.2274152, 2.945538;0.4693293, 0.4523607, 3.0645;0.6641637, 0.4632837, 2.848824;0.3854007, -0.1539281, 3.008028;0.629243, -0.1275884, 2.664614;0.5505654, 0.1519898, 2.937263;0.4974424, 0.07513185, 2.982358;0.584797, 0.08706246, 2.866256;0.5305734, -0.3936122, 3.002325;0.6757616, -0.3762777, 2.799072;0.5594858, -0.746371, 3.048089;0.7383777, -0.7516451, 2.776227;0.5029736, -0.7776163, 2.996968;0.7084743, -0.8290076, 2.743856;
0.5357396, 0.8090475, 3.028906;0.607532, 0.6047851, 3.001154;0.5609759, 0.2273618, 2.945188;0.4684959, 0.453741, 3.066815;0.6618707, 0.4638728, 2.847969;0.3801354, -0.1531288, 3.007618;0.6262429, -0.1283889, 2.661506;0.5512532, 0.1518892, 2.93696;0.4993675, 0.07544643, 2.98164;0.58568, 0.08724292, 2.866502;0.5312892, -0.3940189, 3.003021;0.6757689, -0.3757674, 2.799038;0.559487, -0.746372, 3.048091;0.7388171, -0.7498735, 2.776436;0.5025188, -0.7776521, 2.997596;0.7073935, -0.8287613, 2.745796;
0.5351961, 0.8103265, 3.031681;0.603436, 0.6041675, 2.994747;0.5613729, 0.2272943, 2.944523;0.4672223, 0.4537175, 3.067698;0.6596479, 0.4646472, 2.847171;0.3732714, -0.1535554, 3.008379;0.6205112, -0.1296201, 2.65558;0.5521206, 0.1518416, 2.936609;0.501301, 0.07581079, 2.981032;0.5873951, 0.08764558, 2.867311;0.5311888, -0.3939893, 3.003034;0.6768895, -0.3802868, 2.799573;0.5590305, -0.7469497, 3.048542;0.7394971, -0.750034, 2.777741;0.5017983, -0.7784411, 2.99845;0.7075968, -0.8293344, 2.74588;
0.5229873, 0.8075389, 3.026063;0.600575, 0.6045916, 2.991659;0.562346, 0.2266509, 2.943146;0.463664, 0.4524555, 3.068729;0.6554213, 0.4651795, 2.845681;0.3578614, -0.18745, 3.005041;0.6167765, -0.129392, 2.650108;0.5541283, 0.1508817, 2.935452;0.5047401, 0.07568056, 2.978604;0.590588, 0.08789557, 2.868271;0.5309289, -0.3944288, 3.003241;0.6773464, -0.3808375, 2.799717;0.5591584, -0.7472444, 3.048493;0.7393998, -0.7515181, 2.77753;0.5015915, -0.7788975, 2.998914;0.707428, -0.8299847, 2.745818;
0.5211246, 0.8071158, 3.025365;0.5956316, 0.6027718, 2.989758;0.5623003, 0.2266594, 2.943121;0.4611305, 0.452622, 3.067054;0.6502459, 0.4645616, 2.843329;0.3533346, -0.1869911, 3.00083;0.6130275, -0.1283029, 2.643272;0.5542455, 0.1509897, 2.935594;0.5054829, 0.07585222, 2.979634;0.5907558, 0.08787677, 2.868436;0.53057, -0.3950012, 3.003446;0.6773853, -0.3809262, 2.799448;0.5581887, -0.7470955, 3.048079;0.7391952, -0.7521759, 2.777484;0.5003276, -0.7789102, 2.998996;0.7073558, -0.830528, 2.746159;
0.5123949, 0.8030392, 3.017409;0.5874035, 0.5987992, 2.984533;0.562514, 0.2263905, 2.943236;0.4570394, 0.4516, 3.067007;0.6445491, 0.4623822, 2.839037;0.3547974, -0.1550503, 3.001458;0.6091078, -0.1297864, 2.637366;0.5558534, 0.150677, 2.936791;0.5092289, 0.07549147, 2.982755;0.5941311, 0.08690581, 2.871132;0.5305659, -0.3957226, 3.003808;0.676985, -0.3813809, 2.798874;0.5574512, -0.7477875, 3.047563;0.7383403, -0.7533835, 2.776606;0.4991911, -0.7800246, 2.999324;0.7070628, -0.8314079, 2.74581;
0.5002865, 0.7976224, 3.011665;0.5809176, 0.5953059, 2.978017;0.5628315, 0.2242908, 2.943497;0.4499195, 0.4451483, 3.064794;0.637644, 0.4548641, 2.831185;0.3347461, -0.1896752, 2.989981;0.6038359, -0.1328876, 2.629469;0.5575346, 0.148238, 2.938413;0.5114594, 0.07398029, 2.983989;0.59748, 0.08477294, 2.876696;0.5305502, -0.3957763, 3.003806;0.6771509, -0.3815125, 2.798114;0.5564926, -0.7480435, 3.047615;0.737157, -0.7543092, 2.776042;0.4979651, -0.7807815, 3.000144;0.7068403, -0.8317004, 2.745182;
0.4928983, 0.7880849, 3.003673;0.5664873, 0.5860033, 2.968473;0.5638705, 0.2222661, 2.944433;0.4420922, 0.4343531, 3.057478;0.6323224, 0.449276, 2.827807;0.3292344, -0.1928474, 2.988377;0.6013313, -0.1359816, 2.626257;0.5615098, 0.146202, 2.941726;0.5207762, 0.06931673, 2.992723;0.6038785, 0.0816725, 2.880733;0.5293975, -0.3967508, 3.003799;0.6773123, -0.3819239, 2.797048;0.5550054, -0.7482405, 3.04607;0.7360749, -0.7551683, 2.775192;0.4976114, -0.7820721, 2.998116;0.7067837, -0.8318363, 2.744983;
0.4761844, 0.7786103, 2.991663;0.558849, 0.5802435, 2.963331;0.5667024, 0.2155188, 2.946088;0.4361118, 0.4243307, 3.0524;0.6227133, 0.4379268, 2.82062;0.3217852, -0.1948457, 2.98624;0.5989671, -0.1422949, 2.622359;0.5677164, 0.1394527, 2.945648;0.5286765, 0.06404676, 2.996719;0.6120943, 0.07481676, 2.886768;0.5279288, -0.400251, 3.003381;0.677018, -0.382208, 2.796965;0.5543546, -0.7477936, 3.045672;0.7361799, -0.7552016, 2.775115;0.4968184, -0.7826547, 2.998765;0.7065818, -0.8322282, 2.743937;
0.4630224, 0.7630343, 2.981689;0.5485445, 0.5657711, 2.954427;0.5692071, 0.2091014, 2.946898;0.4255714, 0.4033472, 3.047019;0.6113899, 0.4237812, 2.81444;0.315885, -0.2037731, 2.98422;0.5984905, -0.1547621, 2.619233;0.5721455, 0.13463, 2.947868;0.5370675, 0.05617257, 3.002514;0.6177583, 0.06959801, 2.888529;0.5248016, -0.4036584, 3.004155;0.6768899, -0.3875849, 2.790877;0.5529402, -0.7477221, 3.044478;0.7353173, -0.762775, 2.773657;0.4958808, -0.7838209, 2.998131;0.7062911, -0.832136, 2.743116;
0.435352, 0.7402328, 2.963768;0.5354624, 0.5507887, 2.945313;0.5707464, 0.2009177, 2.947231;0.4220294, 0.3936261, 3.04327;0.6010976, 0.4105225, 2.809237;0.3092049, -0.2088293, 2.988333;0.5955275, -0.1697743, 2.614029;0.5759495, 0.1281895, 2.949748;0.5443668, 0.04860098, 3.007029;0.622404, 0.06296574, 2.890191;0.5218844, -0.4084498, 3.00485;0.6747639, -0.3911634, 2.784725;0.5503684, -0.7477484, 3.043292;0.7345076, -0.7629258, 2.772988;0.4931849, -0.7854465, 2.998568;0.7064862, -0.8321921, 2.743307;
0.4292368, 0.7002355, 2.953215;0.5138637, 0.5048693, 2.922328;0.5812765, 0.1587278, 2.945214;0.4135142, 0.358303, 3.031508;0.5894465, 0.38522, 2.801373;0.3085112, -0.2160045, 2.988722;0.5934513, -0.1933119, 2.610749;0.5944112, 0.0885594, 2.952923;0.5702442, 0.01396647, 3.010444;0.6435276, 0.02850274, 2.899934;0.5166537, -0.4155536, 3.007299;0.6711078, -0.3934464, 2.786153;0.54875, -0.7457098, 3.041484;0.7323476, -0.7636746, 2.77311;0.4939367, -0.7875495, 2.997569;0.7063793, -0.8322865, 2.743075;
0.4192088, 0.6768772, 2.932902;0.5060147, 0.4862552, 2.914799;0.5787724, 0.1446201, 2.949685;0.4070534, 0.3480621, 3.03209;0.5812165, 0.3611122, 2.794245;0.3005535, -0.2560807, 2.984698;0.5883066, -0.2441463, 2.598438;0.5929055, 0.07522023, 2.95978;0.5672575, 0.0005638702, 3.022161;0.6454203, 0.01504604, 2.907721;0.5119179, -0.4219407, 3.008537;0.6697602, -0.4016789, 2.774663;0.5480625, -0.7463102, 3.041081;0.7298342, -0.7643884, 2.772608;0.4928475, -0.7895548, 2.999278;0.7064402, -0.8328706, 2.743174;
0.4243419, 0.6557118, 2.931937;0.4952511, 0.4592912, 2.900822;0.5910933, 0.1194578, 2.944741;0.3957245, 0.313542, 3.031467;0.5701807, 0.3226174, 2.784064;0.3029452, -0.2749102, 2.982413;0.5973824, -0.2779448, 2.597588;0.6109007, 0.04966526, 2.956622;0.5955585, -0.02579799, 3.014864;0.662039, -0.001915133, 2.91002;0.5084817, -0.4274783, 3.009319;0.670541, -0.4079544, 2.769426;0.5455979, -0.7442743, 3.039669;0.7287217, -0.7642105, 2.77224;0.4912121, -0.7902894, 3.000078;0.7063949, -0.8328362, 2.742999;
0.4093606, 0.6197456, 2.911386;0.4876436, 0.4287121, 2.889746;0.599049, 0.07988036, 2.952304;0.3938953, 0.2732401, 3.022033;0.5660888, 0.2968421, 2.779073;0.305978, -0.326255, 2.987;0.5935805, -0.2914569, 2.595047;0.6218499, 0.00953673, 2.968857;0.6019973, -0.05142049, 3.026851;0.6784134, -0.04067944, 2.926962;0.5042918, -0.4350244, 3.009623;0.6716146, -0.4178903, 2.760814;0.5453591, -0.7443285, 3.039603;0.7275809, -0.7648767, 2.772101;0.4931936, -0.792527, 2.999919;0.706487, -0.8329468, 2.743073;
0.4101703, 0.578092, 2.906662;0.472636, 0.381824, 2.878272;0.6011112, 0.07277269, 2.948145;0.3859995, 0.2555458, 3.024122;0.5610591, 0.2676896, 2.774419;0.306888, -0.339213, 2.982714;0.5918799, -0.3110322, 2.591432;0.6247506, 0.005849195, 2.965299;0.6106635, -0.06277484, 3.0244;0.6829385, -0.04303269, 2.922562;0.5014213, -0.4426882, 3.011398;0.6682478, -0.4583581, 2.743805;0.5437036, -0.7481884, 3.038321;0.7254955, -0.7694023, 2.773256;0.4931403, -0.7996114, 3.001057;0.7063746, -0.8336204, 2.742385;
0.3720582, 0.5434072, 2.888825;0.4675385, 0.3619072, 2.871786;0.6155995, 0.04663518, 2.935823;0.3746007, 0.2105464, 3.027107;0.5597332, 0.2344541, 2.769882;0.3052392, -0.3813659, 2.983269;0.5835115, -0.3785222, 2.579671;0.6453717, -0.01689835, 2.952141;0.6395545, -0.08941069, 3.01248;0.7068668, -0.05969505, 2.91028;0.4948422, -0.4564773, 3.012979;0.6687406, -0.4584775, 2.74265;0.5445853, -0.7600622, 3.040463;0.7244318, -0.7681101, 2.77126;0.4960598, -0.8126988, 3.002354;0.7059711, -0.8328829, 2.740913;
0.3752857, 0.4997173, 2.873517;0.4622097, 0.3185438, 2.871887;0.6133365, -0.002459005, 2.96222;0.3705678, 0.1925283, 3.026318;0.556943, 0.1989857, 2.76203;0.3073122, -0.4151699, 2.981258;0.5876505, -0.321831, 2.594184;0.6436362, -0.06605435, 2.983786;0.637386, -0.1313444, 3.036246;0.7022945, -0.1099182, 2.959002;0.4827377, -0.4933782, 3.014701;0.6624925, -0.4654624, 2.725224;0.5349724, -0.7956539, 3.042798;0.7230003, -0.7682982, 2.768219;0.4864861, -0.8499764, 3.007379;0.7051144, -0.8312646, 2.736316;
0.3690689, 0.4510336, 2.859836;0.4573591, 0.2720044, 2.858884;0.6148893, -0.0235241, 2.957039;0.3650095, 0.1374141, 3.01285;0.5538986, 0.164942, 2.760135;0.300497, -0.4693644, 2.96227;0.5950915, -0.4086677, 2.58283;0.645914, -0.08403632, 2.979647;0.6402525, -0.1457692, 3.033791;0.7048098, -0.126779, 2.954869;0.4766196, -0.502659, 3.013926;0.6596732, -0.4750577, 2.717818;0.5398141, -0.8014936, 3.044024;0.7225503, -0.7699256, 2.767989;0.495968, -0.8543662, 3.044494;0.7052478, -0.8313758, 2.736584;
0.3733299, 0.4221827, 2.85259;0.4476385, 0.2377063, 2.853393;0.6123554, -0.05363917, 2.953229;0.3665504, 0.1191614, 3.012931;0.5541714, 0.1327082, 2.756614;0.296676, -0.515864, 2.965126;0.5996587, -0.4675039, 2.590073;0.6450799, -0.111322, 2.97665;0.6420546, -0.1769589, 3.035877;0.7071504, -0.1555181, 2.949672;0.4629747, -0.5251318, 3.013303;0.6552489, -0.4988921, 2.711001;0.5285293, -0.8223697, 3.043974;0.7256064, -0.7875708, 2.77131;0.5357491, -0.7541065, 3.038842;0.7020493, -0.8381608, 2.73101;
0.357159, 0.37929, 2.833689;0.446011, 0.2073742, 2.84867;0.6151729, -0.07535066, 2.954596;0.3658175, 0.06649156, 3.008902;0.5522105, 0.1077933, 2.754864;0.3060321, -0.5072764, 2.964269;0.598972, -0.4737611, 2.588941;0.6488562, -0.1325015, 2.979102;0.6485013, -0.199335, 3.040495;0.7121844, -0.1747785, 2.953487;0.4553133, -0.5385275, 3.011113;0.658564, -0.5035607, 2.715004;0.5306025, -0.8319755, 3.044122;0.7262842, -0.7928567, 2.77197;0.5272058, -0.763379, 3.037713;0.7003303, -0.8393303, 2.728099;
0.3434421, 0.3274035, 2.84134;0.4463889, 0.1617947, 2.847973;0.6179789, -0.1187256, 2.952487;0.3642974, 0.04939777, 3.007106;0.5553591, 0.07758096, 2.750289;0.3109492, -0.5338117, 2.965215;0.5998471, -0.4723119, 2.588889;0.6522301, -0.1743533, 2.976911;0.6532025, -0.2390947, 3.037781;0.7165985, -0.21631, 2.952527;0.4669675, -0.5070397, 3.010925;0.6544378, -0.5191449, 2.701144;0.5373153, -0.7511092, 3.03654;0.7219925, -0.8077013, 2.757545;0.4948881, -0.8103223, 3.000384;0.6892735, -0.851679, 2.715429;
0.3268764, 0.2907925, 2.837844;0.4442993, 0.1347798, 2.839463;0.6153566, -0.1277209, 2.949587;0.3605609, 0.01747656, 3.003274;0.5510584, 0.05039592, 2.750272;0.319291, -0.5655679, 2.973538;0.6064435, -0.5430175, 2.592375;0.649682, -0.1813025, 2.974695;0.6514848, -0.2468792, 3.038764;0.7148234, -0.2245591, 2.948852;0.4574966, -0.5274964, 3.01234;0.6522135, -0.5250909, 2.696387;0.5263488, -0.7447002, 3.037503;0.7208778, -0.8122793, 2.75314;0.4859512, -0.8051271, 3.001509;0.6843376, -0.8545378, 2.712738;
0.3350197, 0.2792046, 2.840139;0.4431012, 0.1163402, 2.837042;0.6174489, -0.1483905, 2.948488;0.3592168, -0.002812036, 2.998645;0.5472925, 0.01544985, 2.747863;0.2962115, -0.5783713, 3.010462;0.6089963, -0.5245921, 2.595964;0.6523196, -0.2011149, 2.97416;0.6551735, -0.2651056, 3.040186;0.7179929, -0.2416624, 2.948149;0.4575483, -0.533, 3.010561;0.6493602, -0.5369264, 2.692394;0.5102684, -0.743032, 3.035485;0.7186991, -0.824515, 2.743759;0.4690701, -0.8036776, 3.001264;0.6637878, -0.8491234, 2.710459;
0.3438648, 0.2585934, 2.834635;0.4391113, 0.08711199, 2.835745;0.6216921, -0.1730069, 2.947021;0.3692754, -0.06217957, 2.989351;0.5468689, -0.009019624, 2.748188;0.3187499, -0.6144917, 2.980932;0.6086531, -0.541886, 2.594755;0.6581506, -0.2254526, 2.972712;0.6616126, -0.2894444, 3.038643;0.7234436, -0.2590948, 2.946102;0.4589366, -0.550912, 3.007897;0.6391457, -0.5438864, 2.684335;0.5045488, -0.7406487, 3.03348;0.7140132, -0.8292311, 2.735484;0.466881, -0.8016505, 2.996375;0.6464958, -0.8411933, 2.732892;
0.3244376, 0.2169036, 2.818418;0.4390613, 0.06595875, 2.83222;0.6210079, -0.1958475, 2.944173;0.3730828, -0.1016174, 2.990976;0.5494853, -0.02548195, 2.74604;0.3068484, -0.6470031, 3.000346;0.6162077, -0.5920398, 2.596083;0.6573831, -0.2480704, 2.970068;0.6604532, -0.3214811, 3.037202;0.7250789, -0.2812139, 2.943228;0.4526384, -0.5601411, 3.000892;0.649552, -0.5099282, 2.717652;0.4964644, -0.7395903, 3.032209;0.7173663, -0.77996, 2.758095;0.4601552, -0.8003834, 2.993116;0.7021873, -0.8407039, 2.729693;
0.3198513, 0.1919555, 2.822523;0.4350196, 0.03964636, 2.827394;0.6195507, -0.2102816, 2.943595;0.3731497, -0.1018391, 2.990205;0.5474403, -0.04912648, 2.744947;0.3157743, -0.6560922, 2.992717;0.6281459, -0.6552693, 2.58225;0.6563076, -0.2607463, 2.970063;0.660078, -0.3265728, 3.037655;0.7237931, -0.294242, 2.943258;0.4775364, -0.6349606, 3.01969;0.6254765, -0.5602475, 2.667278;0.4833924, -0.7397299, 3.031804;0.7244015, -0.7965893, 2.758037;0.5239892, -0.808332, 3.046323;0.6966122, -0.8485679, 2.722936;
0.3157559, 0.1684284, 2.823735;0.4334051, 0.01808937, 2.825607;0.6207924, -0.229187, 2.945;0.3661944, -0.1038955, 2.989207;0.5494743, -0.06737642, 2.745295;0.2929818, -0.6882224, 3.01484;0.6356838, -0.6748339, 2.588853;0.658151, -0.2787012, 2.972184;0.6608828, -0.3385865, 3.035908;0.7243696, -0.3075848, 2.948642;0.4435889, -0.562713, 2.988104;0.6229637, -0.5607842, 2.662507;0.4801846, -0.7423832, 3.031083;0.7162417, -0.8277864, 2.72522;0.4431954, -0.8053626, 2.99644;0.6712928, -0.8592036, 2.76662;
0.3183057, 0.1477106, 2.822474;0.4292292, -0.00800501, 2.819814;0.6214556, -0.2479165, 2.939999;0.3634152, -0.1086641, 2.98645;0.5496285, -0.08562671, 2.744092;0.2875347, -0.6987556, 3.020781;0.6378248, -0.6832318, 2.591177;0.6596745, -0.2961151, 2.967428;0.6647184, -0.3546863, 3.033568;0.7265468, -0.3305014, 2.941668;0.4431455, -0.5639611, 2.988812;0.6258595, -0.5108032, 2.712782;0.4760958, -0.7397429, 3.030341;0.6559804, -0.7213337, 2.614193;0.4392278, -0.8037378, 2.99741;0.6817498, -0.7963727, 2.662701;
0.3184459, 0.1309808, 2.820793;0.4288979, -0.02581408, 2.821798;0.6211202, -0.2536798, 2.939327;0.3529913, -0.1698017, 2.99385;0.5500624, -0.09889662, 2.741174;0.2889109, -0.7045606, 3.02037;0.6394453, -0.6853384, 2.593195;0.6594313, -0.3001873, 2.966558;0.6658095, -0.3656361, 3.035025;0.7280174, -0.3327168, 2.94074;0.4438588, -0.57054, 2.992171;0.5204341, -0.4775141, 2.636469;0.4751674, -0.7403377, 3.030203;0.5770338, -0.761126, 2.515762;0.4431391, -0.8045644, 2.992327;0.630544, -0.7821792, 2.589264;
0.3132654, 0.112015, 2.818048;0.4291455, -0.03670187, 2.821648;0.6217772, -0.2582738, 2.940005;0.3546342, -0.1720071, 2.986839;0.5519186, -0.1079786, 2.742378;0.2973855, -0.7296876, 3.020398;0.6606169, -0.7223818, 2.602575;0.6601045, -0.303392, 2.967171;0.6663154, -0.3690962, 3.036547;0.7301378, -0.3340543, 2.941429;0.4386117, -0.5730195, 2.992588;0.5428711, -0.4899508, 2.629394;0.4744134, -0.7406659, 3.030308;0.599441, -0.7734128, 2.50879;0.4429899, -0.8056039, 2.992682;0.643881, -0.7890114, 2.58964;
0.3155721, 0.1052327, 2.818616;0.428792, -0.04570484, 2.818895;0.6220199, -0.259436, 2.939821;0.3548686, -0.1748981, 2.983761;0.5517244, -0.115113, 2.741421;0.2976536, -0.7295314, 3.020082;0.6095024, -0.673803, 2.617574;0.6603187, -0.3037809, 2.967097;0.6667271, -0.3693191, 3.037034;0.7310741, -0.3336346, 2.941447;0.4258056, -0.5590038, 2.987989;0.5463619, -0.4902705, 2.628445;0.4719415, -0.7457983, 3.032623;0.6028984, -0.7735647, 2.50795;0.4410698, -0.8117191, 2.995698;0.645847, -0.7892394, 2.589927;
0.3149506, 0.09512807, 2.815029;0.4288348, -0.05355179, 2.818672;0.6198196, -0.2630807, 2.938767;0.3540493, -0.1894484, 2.98373;0.5501684, -0.1254397, 2.739383;0.2920769, -0.7320616, 3.021577;0.6652846, -0.7312042, 2.612705;0.6580648, -0.3062031, 2.966077;0.6634284, -0.3734176, 3.038698;0.7309088, -0.3342252, 2.940127;0.3958637, -0.5521122, 2.980266;0.5565864, -0.4883491, 2.620546;0.4722626, -0.750244, 3.03411;0.6130159, -0.7711072, 2.50029;0.4417777, -0.81654, 2.996988;0.6498699, -0.7880874, 2.585246;
0.3131926, 0.08866055, 2.814502;0.4286729, -0.05790341, 2.818349;0.5610287, -0.3248528, 2.951584;0.354506, -0.1919611, 2.983228;0.5489269, -0.1300133, 2.740306;0.369056, -0.7483068, 3.013709;0.6646214, -0.7308406, 2.611542;0.5875772, -0.3761653, 2.981755;0.5663731, -0.4504072, 3.060676;0.6662092, -0.4129196, 2.956843;0.257151, -0.6788636, 3.025757;0.5835175, -0.4197523, 2.568387;0.5388173, -0.7768487, 3.047448;0.6398381, -0.7019657, 2.448363;0.4803814, -0.8118012, 3.062146;0.6549887, -0.7429667, 2.531859;
0.315091, 0.08599519, 2.813806;0.4280297, -0.0612767, 2.819344;0.5616372, -0.3232294, 2.952403;0.3527173, -0.1881486, 2.981405;0.5481787, -0.1331885, 2.740836;0.3705901, -0.7499362, 3.011171;0.6558359, -0.7331487, 2.602871;0.5885542, -0.3737126, 2.982777;0.5681387, -0.4442954, 3.062363;0.6673356, -0.4109988, 2.957689;0.2483548, -0.6539424, 3.028495;0.5854965, -0.4200274, 2.569737;0.5119665, -0.793631, 3.046022;0.6417149, -0.7017288, 2.449939;0.5740762, -0.7713619, 3.023511;0.6560723, -0.7432443, 2.533406;
0.3132978, 0.0823764, 2.813704;0.4274963, -0.06297933, 2.820008;0.6135262, -0.2805423, 2.940839;0.353286, -0.1927597, 2.979803;0.5479968, -0.1342314, 2.741297;0.3736005, -0.7537603, 3.011583;0.6550978, -0.7313378, 2.602814;0.6511644, -0.3226748, 2.967769;0.6565772, -0.3914864, 3.044253;0.7291159, -0.3471819, 2.939459;0.3953437, -0.5787641, 2.979867;0.5716529, -0.4781978, 2.602791;0.4713069, -0.7625414, 3.038043;0.627766, -0.7593714, 2.483224;0.5313432, -0.7977505, 3.031934;0.6534204, -0.7838426, 2.570848;
0.3142942, 0.08229131, 2.813895;0.4273334, -0.06315091, 2.820469;0.6150736, -0.2787886, 2.941402;0.3529389, -0.189238, 2.979062;0.5478259, -0.1344945, 2.741153;0.3742331, -0.7538899, 3.012044;0.6551623, -0.731436, 2.602112;0.6531968, -0.3205964, 2.968464;0.6620338, -0.3857225, 3.045354;0.7301855, -0.3466863, 2.940095;0.4424469, -0.5891877, 2.996579;0.5696187, -0.4487771, 2.595497;0.4716889, -0.7639654, 3.039909;0.6256954, -0.7297677, 2.476039;0.5093228, -0.8208984, 3.024095;0.6499151, -0.7657777, 2.560301;
0.3138509, 0.08196723, 2.814142;0.4270565, -0.06257293, 2.821028;0.6186455, -0.278188, 2.942238;0.3544745, -0.1916156, 2.979978;0.5477289, -0.1345967, 2.741153;0.3756996, -0.7537579, 3.012407;0.6549509, -0.7291892, 2.604485;0.6581352, -0.320448, 2.969531;0.6671111, -0.3850068, 3.043452;0.7328581, -0.3456423, 2.942158;0.4426363, -0.5885851, 2.996336;0.5778042, -0.4805906, 2.607635;0.468977, -0.751919, 3.038139;0.6338417, -0.7613853, 2.488288;0.4984232, -0.8150811, 3.029674;0.6573025, -0.7872, 2.576629;
0.3138309, 0.08272479, 2.81602;0.4274381, -0.06112557, 2.82196;0.6185619, -0.2778818, 2.942013;0.354747, -0.1919896, 2.980625;0.5481981, -0.1339411, 2.741407;0.3769834, -0.7497823, 3.013557;0.6572972, -0.7283022, 2.603516;0.6579108, -0.3202736, 2.969222;0.6659052, -0.3854285, 3.042573;0.7326679, -0.3453469, 2.941911;0.4080133, -0.5760737, 2.979403;0.5766004, -0.4607233, 2.601199;0.4713776, -0.7523905, 3.036728;0.6325183, -0.7409184, 2.482104;0.5147756, -0.8069329, 3.027932;0.6542941, -0.7742487, 2.568413;
0.3163008, 0.08667149, 2.82378;0.4276684, -0.06069534, 2.823339;0.6217699, -0.2730209, 2.944171;0.35614, -0.1882318, 2.979656;0.5486023, -0.1339807, 2.741398;0.377967, -0.7492031, 3.013296;0.6572596, -0.6969167, 2.5983;0.6614946, -0.3145972, 2.971453;0.6723671, -0.375605, 3.046425;0.735893, -0.3417954, 2.943767;0.4521278, -0.5663446, 3.002808;0.5774844, -0.4727896, 2.610894;0.471976, -0.7520273, 3.035969;0.6332907, -0.7524263, 2.492024;0.5144593, -0.8074474, 3.028065;0.656419, -0.7824336, 2.579229;
0.3166983, 0.08673451, 2.823946;0.4279452, -0.06000157, 2.824044;0.5674586, -0.325873, 2.956137;0.3557987, -0.1831597, 2.982271;0.5489659, -0.1339041, 2.74124;0.3769756, -0.7475572, 3.01216;0.6726565, -0.7510461, 2.597996;0.5950454, -0.3798389, 2.985004;0.5704408, -0.446572, 3.0474;0.6696703, -0.4109565, 2.965641;0.2611351, -0.6668129, 3.020514;0.5949739, -0.4564457, 2.583;0.5340778, -0.7762552, 3.04739;0.6506861, -0.7356112, 2.464332;0.4718667, -0.7912838, 3.017892;0.6640136, -0.7690031, 2.552637;
0.317889, 0.08832081, 2.824129;0.4297548, -0.05686011, 2.824355;0.5825344, -0.2867908, 2.957384;0.3557373, -0.1799739, 2.983656;0.5494663, -0.1314789, 2.742303;0.387691, -0.7366348, 3.004965;0.6764615, -0.7218007, 2.601662;0.613782, -0.3301476, 2.987279;0.598666, -0.3967741, 3.071321;0.6948794, -0.3672999, 2.957692;0.2627686, -0.5699596, 3.037087;0.5873479, -0.4564309, 2.592106;0.468866, -0.7846154, 3.034057;0.6429774, -0.7351811, 2.473634;0.5389882, -0.7860602, 3.025008;0.6605129, -0.769603, 2.561166;
0.3206453, 0.09198478, 2.827097;0.4308049, -0.05495632, 2.824731;0.5673076, -0.3178962, 2.955327;0.3558242, -0.1788222, 2.983707;0.5497841, -0.1304708, 2.742898;0.3845255, -0.7363777, 3.00588;0.6826007, -0.7059504, 2.577518;0.5901571, -0.3793961, 2.983998;0.5653036, -0.449378, 3.053839;0.6652158, -0.4165131, 2.960563;0.2551679, -0.6700156, 3.033278;0.5991535, -0.4550579, 2.576526;0.5343347, -0.7691964, 3.038992;0.6546934, -0.7333596, 2.458241;0.4791232, -0.806595, 3.015281;0.667399, -0.7675895, 2.546762;
0.3267064, 0.1029633, 2.835188;0.435809, -0.04580182, 2.824267;0.6328067, -0.2728, 2.943893;0.3604263, -0.1788395, 2.982481;0.5507678, -0.1276428, 2.743283;0.3959062, -0.721503, 2.993304;0.674614, -0.7019815, 2.595297;0.6710168, -0.3203757, 2.971279;0.67698, -0.385445, 3.040199;0.7402836, -0.3489757, 2.94622;0.4503608, -0.5892338, 3.005958;0.5830466, -0.4760685, 2.613827;0.4810236, -0.7501561, 3.03261;0.6385609, -0.7542415, 2.49562;0.5318782, -0.799333, 3.028916;0.661717, -0.7838157, 2.583794;
0.3289468, 0.1114914, 2.836137;0.4381299, -0.03710086, 2.822472;0.6333602, -0.2725734, 2.943363;0.3666873, -0.1787969, 2.982368;0.5521941, -0.1228874, 2.743042;0.3914299, -0.7701429, 2.980589;0.6737773, -0.6971539, 2.600249;0.6717553, -0.3203281, 2.970706;0.6776955, -0.3851424, 3.038919;0.7406322, -0.3486285, 2.945746;0.4506221, -0.5840218, 3.005126;0.5809773, -0.4777158, 2.615465;0.4821579, -0.7477147, 3.032412;0.6364709, -0.7557847, 2.497331;0.5308468, -0.7989181, 3.028586;0.6022298, -0.821681, 2.459709;
0.3370081, 0.1262676, 2.832484;0.4420671, -0.02670737, 2.823977;0.6339504, -0.2707944, 2.943024;0.3709033, -0.176212, 2.982948;0.5550405, -0.1105556, 2.743011;0.3687577, -0.6341931, 3.06463;0.6756577, -0.6913142, 2.599917;0.6721745, -0.3191728, 2.970289;0.6775939, -0.38404, 3.03743;0.7408016, -0.3464054, 2.945583;0.4504658, -0.5838076, 3.004618;0.5791491, -0.479984, 2.618267;0.4820876, -0.7450924, 3.031216;0.6861227, -0.7514265, 2.668221;0.5285896, -0.7983882, 3.028255;0.6516004, -0.8163697, 2.629143;
0.3359048, 0.1398313, 2.833681;0.446522, -0.00431914, 2.829798;0.639788, -0.2468965, 2.945953;0.3742812, -0.1708597, 2.987071;0.5553111, -0.09724641, 2.743154;0.3680029, -0.6352266, 3.063899;0.6703627, -0.6947127, 2.586996;0.6783483, -0.2954923, 2.97253;0.6826252, -0.3636259, 3.038632;0.7471475, -0.317766, 2.94696;0.4590354, -0.6074715, 3.002442;0.583685, -0.4815419, 2.636031;0.4819973, -0.7447755, 3.030801;0.713948, -0.804487, 2.760691;0.5288556, -0.7978976, 3.028759;0.6943181, -0.85948, 2.720538;
0.3550847, 0.1682756, 2.827267;0.4494302, 0.01191409, 2.832806;0.634131, -0.2338669, 2.94687;0.3812788, -0.1069881, 2.982307;0.5597262, -0.08180106, 2.743844;0.3669151, -0.6266627, 3.0658;0.6703485, -0.6866775, 2.589206;0.6708701, -0.2824497, 2.973098;0.6713843, -0.3436313, 3.041897;0.7426996, -0.3141717, 2.946308;0.4630318, -0.6278017, 3.020568;0.5978469, -0.5303781, 2.661168;0.4819706, -0.7411207, 3.030658;0.7061527, -0.7840604, 2.747025;0.5257385, -0.7965717, 3.02856;0.7002824, -0.8527833, 2.731613;
0.3664646, 0.1981603, 2.839453;0.4558713, 0.03819498, 2.83542;0.6305395, -0.2274656, 2.946308;0.380197, -0.09843752, 2.989762;0.5635785, -0.05828913, 2.744769;0.3667729, -0.6144539, 3.059966;0.6478239, -0.6557819, 2.564376;0.6662925, -0.2780355, 2.972189;0.6671685, -0.3417435, 3.040001;0.7351403, -0.3113134, 2.945742;0.4512511, -0.5526564, 2.999883;0.5968636, -0.5318284, 2.66194;0.4895248, -0.7388885, 3.029773;0.707887, -0.782665, 2.749929;0.5264866, -0.7991922, 3.028228;0.7003991, -0.850486, 2.731238;
0.3723465, 0.215773, 2.835924;0.4598711, 0.05708066, 2.836708;0.6302222, -0.2048984, 2.949493;0.3827636, -0.08321123, 2.9985;0.5658288, -0.0368403, 2.747204;0.3715311, -0.5751903, 3.05581;0.6624607, -0.6105598, 2.599706;0.6645857, -0.2579141, 2.975308;0.6646351, -0.3255929, 3.043812;0.7328448, -0.2956094, 2.947694;0.4510099, -0.5535186, 3.002371;0.6020159, -0.5279686, 2.67132;0.5312738, -0.7560616, 3.033716;0.7096241, -0.779573, 2.755596;0.5258379, -0.8263362, 3.026775;0.7007396, -0.8455304, 2.731369;
0.3765585, 0.2677118, 2.845259;0.467502, 0.08550495, 2.832135;0.6316381, -0.1778562, 2.952646;0.3806732, -0.01800875, 3.001287;0.5655733, -0.008725602, 2.747152;0.3624336, -0.5692035, 3.021567;0.657374, -0.5553178, 2.609536;0.6646081, -0.2298287, 2.980137;0.663209, -0.2885076, 3.049953;0.7304456, -0.2703812, 2.954517;0.4498446, -0.5531, 3.003977;0.6130635, -0.5195441, 2.688422;0.5314296, -0.7564875, 3.033592;0.711031, -0.7771192, 2.757353;0.5310541, -0.827387, 3.032109;0.7009454, -0.8423887, 2.731522;
0.3784571, 0.2739162, 2.844056;0.4727903, 0.110639, 2.83472;0.6323033, -0.1638258, 2.953233;0.380754, -0.0154535, 3.001555;0.5697072, 0.01931589, 2.745497;0.3842539, -0.574512, 3.001422;0.6620319, -0.5521749, 2.611917;0.6645555, -0.2182523, 2.980402;0.6615394, -0.2821107, 3.048396;0.730059, -0.2549489, 2.95578;0.453362, -0.5507029, 3.008398;0.6204681, -0.5150489, 2.698334;0.5322524, -0.7568594, 3.033073;0.7133395, -0.7767256, 2.758784;0.5299835, -0.82779, 3.03154;0.7013934, -0.8425658, 2.735098;
0.3840277, 0.300075, 2.841343;0.4730499, 0.1453716, 2.842253;0.6323659, -0.1499223, 2.955622;0.3850397, 0.01408781, 3.005023;0.5736721, 0.0455603, 2.75124;0.3625932, -0.5642117, 3.001849;0.6633458, -0.5238174, 2.609781;0.6644317, -0.2078215, 2.982;0.6593788, -0.2701428, 3.045408;0.7285551, -0.245281, 2.958588;0.4300664, -0.5623938, 3.007721;0.6355684, -0.5208111, 2.712531;0.5194372, -0.8349717, 3.040284;0.7127932, -0.7956611, 2.751331;0.5436265, -0.7706064, 3.022357;0.6965891, -0.8603544, 2.726804;
0.3917943, 0.3469123, 2.846858;0.4769631, 0.1674211, 2.844987;0.6274616, -0.1130956, 2.964977;0.3867834, 0.05549263, 3.00693;0.5770794, 0.07690518, 2.751338;0.3626013, -0.5374181, 2.999653;0.6621761, -0.4791644, 2.605834;0.6571416, -0.1692941, 2.992491;0.649731, -0.2340211, 3.053106;0.7200716, -0.2118947, 2.971819;0.4410579, -0.5397925, 3.006805;0.6595813, -0.5223664, 2.732619;0.5180988, -0.8161453, 3.035797;0.7221708, -0.8012846, 2.766696;0.4733546, -0.8764754, 2.998839;0.694262, -0.8491689, 2.722073;
0.401025, 0.3778251, 2.855344;0.4752213, 0.2087899, 2.850947;0.6199927, -0.09793557, 2.971771;0.3875068, 0.0684185, 3.006118;0.5765191, 0.09573442, 2.75242;0.3710479, -0.5067145, 2.999305;0.6628491, -0.4614842, 2.608753;0.6492387, -0.1573741, 2.999256;0.6352633, -0.2123605, 3.060509;0.710556, -0.2011633, 2.97935;0.4523134, -0.5326977, 3.0072;0.6634984, -0.522746, 2.734222;0.5250285, -0.8097068, 3.035214;0.7228104, -0.8016858, 2.768255;0.4789943, -0.8681607, 2.996617;0.6945403, -0.848227, 2.722312;
0.4029069, 0.4047499, 2.85937;0.4804944, 0.2437056, 2.854629;0.624577, -0.07233632, 2.970988;0.3946466, 0.1059912, 3.007745;0.5782259, 0.1388314, 2.756239;0.3707535, -0.4770131, 2.995249;0.6599795, -0.4429561, 2.617549;0.6532568, -0.1359779, 2.997831;0.6407901, -0.1920427, 3.055698;0.7123283, -0.1793784, 2.976527;0.4663482, -0.5170783, 3.008005;0.6736054, -0.5104473, 2.742067;0.5260351, -0.7968934, 3.034233;0.7248899, -0.7917773, 2.769066;0.479314, -0.8541617, 2.995195;0.6984859, -0.8440231, 2.728805;
0.4107653, 0.4469801, 2.868059;0.48488, 0.270965, 2.860692;0.6268369, -0.04686185, 2.973989;0.396381, 0.1471488, 3.010824;0.5820979, 0.161271, 2.760631;0.3735936, -0.4297466, 3.004826;0.6581174, -0.402391, 2.6194;0.6552376, -0.1101981, 3.000117;0.6435221, -0.1635183, 3.054654;0.7120937, -0.156185, 2.979095;0.4811297, -0.4942603, 3.009412;0.686266, -0.4896311, 2.757289;0.533017, -0.775371, 3.034135;0.7235527, -0.7755321, 2.765716;0.4850934, -0.8321003, 2.996206;0.7036158, -0.8355193, 2.733654;
0.4167008, 0.4796947, 2.877464;0.4956707, 0.319762, 2.870904;0.6273605, -0.03113221, 2.975355;0.4005558, 0.184837, 3.012465;0.586377, 0.1987186, 2.767763;0.3747512, -0.3979212, 3.01216;0.6578547, -0.3500673, 2.619686;0.6547415, -0.09904663, 3.000477;0.6411657, -0.1568245, 3.054901;0.711984, -0.1443491, 2.977761;0.4941078, -0.4938273, 3.008854;0.6883351, -0.481667, 2.758676;0.5420789, -0.7485747, 3.034903;0.7240305, -0.7675006, 2.765691;0.4925191, -0.8022916, 2.995116;0.7049047, -0.8326656, 2.736591;
0.4221232, 0.5085868, 2.893315;0.4989619, 0.346314, 2.877208;0.6275293, 0.01380543, 2.980541;0.4049349, 0.2180686, 3.022894;0.5854551, 0.2283886, 2.772585;0.3807293, -0.364441, 3.009804;0.6573297, -0.3315186, 2.623114;0.6531107, -0.05417766, 3.004234;0.6382447, -0.1173635, 3.059695;0.7090935, -0.1034616, 2.97816;0.5056836, -0.4592751, 3.009913;0.6890909, -0.4733949, 2.762411;0.5435504, -0.7470755, 3.035182;0.7257864, -0.7621495, 2.765306;0.4931251, -0.8009884, 2.997105;0.7064362, -0.8322305, 2.738187;
0.4291133, 0.5210754, 2.897672;0.5243595, 0.3384369, 2.893063;0.6259797, 0.01922118, 2.979431;0.4092491, 0.2404608, 3.024426;0.5893811, 0.2520062, 2.775295;0.3805121, -0.334189, 3.014388;0.6596727, -0.3036712, 2.63113;0.6468093, -0.04208722, 3.000151;0.6294711, -0.1028081, 3.056727;0.701423, -0.09496166, 2.971719;0.5119889, -0.4497427, 3.00977;0.6937648, -0.4562887, 2.768312;0.545711, -0.7467616, 3.038265;0.7270853, -0.7603999, 2.765209;0.493639, -0.7980208, 2.998903;0.7063934, -0.8320318, 2.737203;
0.4473102, 0.5736785, 2.916066;0.5317252, 0.3470759, 2.902853;0.6264534, 0.03322256, 2.981647;0.4147969, 0.2665928, 3.02721;0.5950024, 0.2916779, 2.78229;0.3893191, -0.2887453, 3.022662;0.6574057, -0.2709751, 2.628431;0.6457035, -0.02865451, 3.000833;0.628702, -0.08555546, 3.053882;0.6975508, -0.08319263, 2.973039;0.5212468, -0.4354546, 3.012306;0.6970844, -0.4494568, 2.773058;0.546106, -0.7455196, 3.037836;0.7287365, -0.7596397, 2.765718;0.4944302, -0.7956945, 2.996782;0.7066019, -0.8323827, 2.737082;
0.4591385, 0.6062046, 2.932392;0.5401282, 0.3751387, 2.915535;0.6123585, 0.07539134, 2.978946;0.4197367, 0.3069666, 3.034632;0.5994524, 0.3141017, 2.78769;0.3863302, -0.2727365, 3.015833;0.6572887, -0.2525908, 2.625404;0.6253759, 0.01704007, 2.994142;0.6060363, -0.04150381, 3.046272;0.6743673, -0.04892376, 2.96339;0.5264379, -0.4229151, 3.0128;0.7013841, -0.4267482, 2.784456;0.546631, -0.7449098, 3.038367;0.7292185, -0.7592988, 2.765781;0.4921288, -0.7920833, 2.997583;0.7067833, -0.8329278, 2.737295;
0.4585555, 0.6460345, 2.940398;0.5391587, 0.4850647, 2.926891;0.6107474, 0.1094775, 2.972479;0.4282146, 0.3307068, 3.030282;0.6029098, 0.3458411, 2.792779;0.3891476, -0.248539, 3.017799;0.6656107, -0.2207799, 2.641411;0.62499, 0.03115902, 2.988209;0.6034669, -0.03056869, 3.040259;0.6723679, -0.02362709, 2.948643;0.5306261, -0.420854, 3.015929;0.7046395, -0.4196913, 2.787881;0.5470041, -0.7436821, 3.038201;0.7306603, -0.7581667, 2.766129;0.4912099, -0.787513, 2.99564;0.7079384, -0.8303231, 2.735833;
0.4735072, 0.6748592, 2.959488;0.5424471, 0.50658, 2.930924;0.6054502, 0.1395608, 2.965922;0.4325147, 0.3503394, 3.030972;0.6077173, 0.3704517, 2.802345;0.3881923, -0.223804, 3.017716;0.6663828, -0.1990069, 2.645923;0.6168091, 0.06989659, 2.975024;0.5912578, -0.005510558, 3.03406;0.6666107, 0.009915642, 2.925904;0.5338631, -0.416237, 3.018584;0.7047881, -0.4015431, 2.791878;0.5472345, -0.7434487, 3.038315;0.7332617, -0.7599441, 2.766359;0.4917125, -0.7857893, 2.994087;0.7092631, -0.8290679, 2.735641;
0.4850612, 0.7028534, 2.971376;0.5596835, 0.5366665, 2.941573;0.6013464, 0.1614804, 2.963074;0.4342621, 0.3870805, 3.044746;0.6118324, 0.3888057, 2.808657;0.3894702, -0.2143412, 3.019841;0.6671165, -0.1813904, 2.649954;0.6105482, 0.08742891, 2.971106;0.5756714, 0.02542545, 3.024664;0.658929, 0.02434015, 2.921166;0.5359926, -0.4148422, 3.020006;0.704142, -0.3999121, 2.792808;0.5502296, -0.7426196, 3.041822;0.7335016, -0.760084, 2.766515;0.4927644, -0.7824782, 2.997916;0.7096149, -0.8286932, 2.735483;
0.4945007, 0.7163649, 2.975846;0.5674162, 0.5491853, 2.946271;0.5999857, 0.1742143, 2.960146;0.4363486, 0.3900794, 3.043953;0.6209226, 0.4093263, 2.8151;0.3917466, -0.1974587, 3.023405;0.6684494, -0.1579939, 2.654052;0.6068842, 0.1004627, 2.966321;0.5720197, 0.03147687, 3.02095;0.6536819, 0.03864276, 2.913813;0.5387995, -0.4155805, 3.022325;0.7028056, -0.3933765, 2.79435;0.5512366, -0.7439146, 3.043209;0.7338418, -0.7596501, 2.767081;0.4950103, -0.7824676, 2.996757;0.7099241, -0.828178, 2.734968;
0.5279928, 0.7384934, 3.001755;0.5768527, 0.5630314, 2.953868;0.6008951, 0.1896536, 2.95848;0.4456909, 0.4101669, 3.045858;0.6295568, 0.4265938, 2.818477;0.3964859, -0.1873708, 3.020725;0.6680937, -0.1502066, 2.655984;0.6060182, 0.1158828, 2.962865;0.5695884, 0.04254957, 3.018234;0.652138, 0.05068854, 2.907151;0.5453193, -0.4074878, 3.026472;0.7025453, -0.3919539, 2.794961;0.5545675, -0.7424796, 3.043893;0.7339844, -0.7595158, 2.767455;0.4978751, -0.7798541, 2.997161;0.7095093, -0.8282779, 2.734953;
0.5309873, 0.75621, 3.013383;0.5867954, 0.5827569, 2.962098;0.5981147, 0.1993484, 2.95777;0.4493027, 0.4226477, 3.054694;0.6346551, 0.4376466, 2.821754;0.3986177, -0.1846505, 3.041502;0.6683534, -0.1385557, 2.659909;0.6012548, 0.1244952, 2.960889;0.561093, 0.052031, 3.014505;0.6453091, 0.06141834, 2.90323;0.5477657, -0.4051772, 3.028821;0.7001035, -0.3862993, 2.797439;0.557763, -0.7438451, 3.045683;0.7339975, -0.7594861, 2.767508;0.5001647, -0.7799017, 2.999139;0.7091781, -0.8277723, 2.734021;
0.5389523, 0.7625447, 3.018114;0.5902463, 0.5874002, 2.967451;0.5943917, 0.20712, 2.957084;0.4509512, 0.434541, 3.062167;0.6396163, 0.4458501, 2.823704;0.3988656, -0.1797779, 3.040976;0.6667196, -0.1327628, 2.663841;0.5950452, 0.1329834, 2.95842;0.5516152, 0.05996386, 3.010037;0.63822, 0.07026808, 2.899208;0.5496762, -0.4016065, 3.029936;0.6998659, -0.384192, 2.8;0.5588061, -0.7434742, 3.045838;0.7347286, -0.7600936, 2.767808;0.500771, -0.7786781, 2.999286;0.7095205, -0.8280075, 2.736017;
0.5449448, 0.7686164, 3.024446;0.5937536, 0.5926642, 2.97128;0.5895663, 0.2173733, 2.956198;0.4520904, 0.4393493, 3.064966;0.6492782, 0.458358, 2.827313;0.3993938, -0.1740562, 3.02748;0.6656091, -0.109971, 2.667655;0.5879807, 0.1438157, 2.956224;0.5419275, 0.06733397, 3.008686;0.6318525, 0.07742696, 2.894359;0.550745, -0.4009589, 3.030481;0.6965207, -0.3816528, 2.804158;0.5626242, -0.7468858, 3.048861;0.7386966, -0.756026, 2.769629;0.5053146, -0.781261, 3.00088;0.7088136, -0.8279936, 2.736995;
0.5770119, 0.7776132, 3.031674;0.5965428, 0.59643, 2.974506;0.5860535, 0.2241103, 2.953774;0.4542823, 0.4496985, 3.070688;0.6532373, 0.466098, 2.832311;0.3985969, -0.1701805, 3.030054;0.6661206, -0.1049811, 2.668831;0.5829432, 0.151072, 2.952316;0.5353947, 0.07264812, 3.004798;0.6247607, 0.08430743, 2.886711;0.5523008, -0.4005152, 3.030656;0.6955371, -0.3760171, 2.808533;0.5625858, -0.7470312, 3.048893;0.7402013, -0.7546437, 2.770161;0.5051803, -0.780753, 3.000613;0.7089831, -0.827805, 2.737238;
0.5791487, 0.7900784, 3.0315;0.6063781, 0.6091495, 2.992619;0.5841167, 0.2265934, 2.953147;0.4564714, 0.4520032, 3.072275;0.6631742, 0.4741213, 2.838293;0.3991752, -0.1630068, 3.028687;0.6659822, -0.1017167, 2.669787;0.5796645, 0.1530634, 2.950066;0.5270376, 0.07596622, 2.997869;0.6211945, 0.08693455, 2.883665;0.5521904, -0.4004233, 3.03032;0.6949272, -0.3745102, 2.80916;0.563524, -0.7480171, 3.050528;0.7413388, -0.7540438, 2.772008;0.5387027, -0.8149121, 3.043216;0.7094826, -0.828809, 2.738097;
0.5786979, 0.7905617, 3.033828;0.6069407, 0.6095126, 2.99269;0.5808318, 0.2299099, 2.950705;0.4591275, 0.4581655, 3.081532;0.6651756, 0.4753456, 2.840312;0.4000153, -0.1621122, 3.031929;0.6658125, -0.1001564, 2.670156;0.5746932, 0.1563413, 2.946048;0.5208906, 0.07879017, 2.992961;0.6151895, 0.09003423, 2.878543;0.5487201, -0.3925002, 3.023886;0.6925481, -0.3716546, 2.809969;0.5639026, -0.7475811, 3.049766;0.7419692, -0.7531349, 2.773102;0.5394232, -0.81456, 3.042444;0.7102237, -0.8288113, 2.74035;
0.5795238, 0.7915369, 3.036645;0.6082746, 0.6103048, 2.995523;0.5771939, 0.2312137, 2.949367;0.4595678, 0.4580117, 3.081006;0.6671557, 0.4767776, 2.842106;0.4001663, -0.1631581, 3.02716;0.6660249, -0.09942944, 2.670427;0.5692568, 0.1572205, 2.943134;0.5133249, 0.07941809, 2.988777;0.6087089, 0.09092444, 2.873995;0.5472086, -0.3917731, 3.020698;0.6917323, -0.3726612, 2.809662;0.56432, -0.7470465, 3.049375;0.7411878, -0.7519084, 2.772897;0.5401216, -0.8146259, 3.042914;0.7099622, -0.8289279, 2.740772;
0.5817676, 0.7903984, 3.046627;0.6108236, 0.6091073, 2.998586;0.5750794, 0.2315123, 2.948466;0.461599, 0.4586534, 3.081479;0.6689028, 0.4766864, 2.843812;0.4010143, -0.1554838, 3.0292;0.6664529, -0.09894576, 2.670306;0.5660207, 0.1574035, 2.941266;0.5096861, 0.07965267, 2.986544;0.6040283, 0.0911084, 2.870831;0.5416157, -0.3923296, 3.014001;0.6874708, -0.3744128, 2.806539;0.5635558, -0.7483947, 3.049508;0.7414225, -0.7511059, 2.774561;0.506325, -0.7800059, 2.999752;0.7102864, -0.8297477, 2.742954;
0.5817834, 0.7898812, 3.048144;0.6138455, 0.60878, 3.001759;0.5723814, 0.2316522, 2.947598;0.4638208, 0.4575226, 3.079832;0.6689, 0.4764687, 2.84498;0.3985495, -0.1621848, 3.033063;0.6673384, -0.09904622, 2.670581;0.5619072, 0.1572577, 2.939462;0.5055436, 0.07890925, 2.985538;0.5966821, 0.0906591, 2.865746;0.5366874, -0.392104, 3.009565;0.6833627, -0.3759789, 2.804283;0.5625344, -0.7481549, 3.048494;0.7410266, -0.7509367, 2.774473;0.5051856, -0.7795089, 2.998737;0.7099846, -0.8295265, 2.742468;
0.5819691, 0.7901115, 3.053068;0.6177869, 0.6095411, 3.00468;0.5709735, 0.2320135, 2.946387;0.4680656, 0.4603705, 3.078895;0.6686242, 0.4760352, 2.846313;0.3986261, -0.1634534, 3.036453;0.6686353, -0.09962291, 2.670758;0.5596507, 0.1574344, 2.937278;0.5037314, 0.07898419, 2.982919;0.5928894, 0.09215772, 2.863008;0.5347059, -0.3933452, 3.007552;0.6803071, -0.3776914, 2.801491;0.5603049, -0.7475232, 3.047268;0.7409012, -0.7510846, 2.774452;0.5026686, -0.778689, 2.997755;0.7100154, -0.8300198, 2.743092;
0.5823416, 0.791476, 3.054593;0.6214534, 0.6112498, 3.008852;0.5692336, 0.2315967, 2.945817;0.4724287, 0.4615754, 3.074872;0.6691309, 0.4758358, 2.84806;0.3992425, -0.159027, 3.037335;0.6711157, -0.09963745, 2.669754;0.5568086, 0.1562637, 2.935918;0.5009282, 0.07891408, 2.980459;0.5897128, 0.09188721, 2.862514;0.5336963, -0.3943017, 3.006848;0.678323, -0.3778819, 2.800001;0.559406, -0.7478703, 3.046626;0.7405285, -0.7513767, 2.774511;0.5018842, -0.7788759, 2.99692;0.70992, -0.8300768, 2.743114;
0.5823321, 0.7920561, 3.05632;0.6221921, 0.6117839, 3.009582;0.5677661, 0.2316123, 2.944777;0.4728549, 0.4617395, 3.074588;0.6698405, 0.4765514, 2.850114;0.400003, -0.1530914, 3.039569;0.6720874, -0.1000868, 2.669521;0.5550163, 0.1560007, 2.934422;0.4987329, 0.07887866, 2.977966;0.5880734, 0.09214553, 2.861573;0.5309113, -0.3954359, 3.005948;0.6750702, -0.3766993, 2.797827;0.5589619, -0.747883, 3.046784;0.7393805, -0.7514567, 2.773684;0.5016681, -0.7788379, 2.99677;0.7097489, -0.83012, 2.743228;
0.5818273, 0.7937044, 3.056705;0.6243759, 0.6137193, 3.013148;0.5666608, 0.231502, 2.94433;0.4725624, 0.4607857, 3.074236;0.6698811, 0.4764096, 2.850913;0.3999484, -0.1529314, 3.040882;0.6727262, -0.1001985, 2.669369;0.5533936, 0.1554893, 2.933395;0.4963054, 0.07787084, 2.976685;0.5861735, 0.09173099, 2.859695;0.5288214, -0.3960852, 3.004561;0.671609, -0.375103, 2.796166;0.5584986, -0.7479523, 3.046988;0.7390265, -0.751734, 2.773262;0.5013101, -0.7788343, 2.996842;0.7095379, -0.8305854, 2.743806;
0.5884075, 0.7670723, 3.057287;0.622173, 0.5710714, 3.009618;0.5641389, 0.2267835, 2.941435;0.4730565, 0.4582486, 3.069641;0.669463, 0.4763572, 2.851626;0.3994599, -0.1582507, 3.043375;0.6737204, -0.1002361, 2.668731;0.5516916, 0.1535316, 2.931119;0.4950755, 0.07657117, 2.972348;0.5845413, 0.09126279, 2.858931;0.5277648, -0.3961973, 3.003494;0.6695575, -0.3744969, 2.7