0.5368655, 0.8226726, 3.03002;0.6028852, 0.604413, 3.005509;0.5471327, 0.2315416, 2.938162;0.4537477, 0.4548578, 3.079088;0.6481055, 0.4561069, 2.849036;0.3891474, -0.1592593, 3.028966;0.6467804, -0.1289669, 2.671461;0.5359821, 0.1569673, 2.928217;0.4817617, 0.08653014, 2.971512;0.5692227, 0.08709221, 2.856164;0.524121, -0.4025912, 3.001873;0.6660802, -0.386794, 2.798335;0.5513653, -0.7495146, 3.047549;0.7437217, -0.7564828, 2.777343;0.5003773, -0.7767153, 3.003545;0.7156919, -0.8318372, 2.756686;
0.5360154, 0.8224369, 3.029593;0.6031984, 0.6038849, 3.005945;0.5472736, 0.2316297, 2.938137;0.4535074, 0.455515, 3.077466;0.6479764, 0.4561326, 2.848622;0.382878, -0.1627472, 3.016152;0.6467664, -0.1289096, 2.671327;0.5361274, 0.1571389, 2.928158;0.481897, 0.0867222, 2.971478;0.5692832, 0.08713108, 2.855967;0.5240509, -0.4025398, 3.001754;0.6662316, -0.3868651, 2.798147;0.5525756, -0.7509141, 3.049343;0.7431675, -0.7559981, 2.777204;0.5374224, -0.8206875, 3.038418;0.7151548, -0.8319967, 2.756435;
0.5359595, 0.8227592, 3.030075;0.6029124, 0.6039595, 3.006627;0.5473325, 0.2315388, 2.938224;0.4535799, 0.4555135, 3.077502;0.6482153, 0.4565727, 2.848819;0.3826123, -0.1607733, 3.014749;0.6467651, -0.1289942, 2.671387;0.536279, 0.1569602, 2.928084;0.4821484, 0.08633719, 2.971209;0.5696086, 0.08695586, 2.855596;0.5241702, -0.402384, 3.002039;0.6662616, -0.3856768, 2.798714;0.5543748, -0.7519209, 3.051299;0.7425395, -0.7567723, 2.778271;0.5365377, -0.8258553, 3.037396;0.7151848, -0.831942, 2.756512;
0.5376468, 0.8222845, 3.031081;0.6027071, 0.6029119, 3.005561;0.5475552, 0.230752, 2.937613;0.4536916, 0.4555376, 3.077402;0.6482027, 0.4565377, 2.848735;0.3826092, -0.1607724, 3.014801;0.6468018, -0.1288703, 2.671472;0.5365615, 0.1562289, 2.927551;0.4825478, 0.08579578, 2.970623;0.5698581, 0.08644438, 2.85537;0.5242343, -0.4023403, 3.002169;0.6663844, -0.3854623, 2.798948;0.5546419, -0.7518894, 3.051707;0.7424833, -0.7564571, 2.778348;0.4885779, -0.7872315, 2.994285;0.7149777, -0.8320731, 2.756184;
0.5363246, 0.8215034, 3.030415;0.6028739, 0.6027833, 3.005762;0.5477446, 0.2305915, 2.937434;0.453633, 0.4550024, 3.074578;0.6481079, 0.4564897, 2.848484;0.3827508, -0.1608655, 3.014421;0.6466885, -0.1288812, 2.6712;0.5367808, 0.1560455, 2.927246;0.4828016, 0.08555883, 2.970235;0.5701086, 0.08624591, 2.854843;0.5241042, -0.401453, 3.002208;0.6661062, -0.3845609, 2.798752;0.5557239, -0.7502441, 3.050132;0.7424891, -0.7564873, 2.778382;0.5365971, -0.8291789, 3.037764;0.7145625, -0.8323396, 2.755166;
0.5360189, 0.8212621, 3.030234;0.602642, 0.6026819, 3.005938;0.547758, 0.2305909, 2.937425;0.4537588, 0.4548348, 3.075588;0.6482877, 0.4566465, 2.848609;0.3828979, -0.1611398, 3.014575;0.6467637, -0.128897, 2.670927;0.5368258, 0.1560551, 2.927228;0.4828733, 0.08546474, 2.970263;0.5702646, 0.08621763, 2.854671;0.5240916, -0.4012739, 3.002192;0.6661913, -0.3844291, 2.798597;0.5558031, -0.7497895, 3.049755;0.7413301, -0.7567462, 2.778421;0.52272, -0.8246278, 3.048424;0.7124985, -0.8313258, 2.749444;
0.5344673, 0.82025, 3.029496;0.6031615, 0.6024856, 3.006717;0.5478957, 0.2306058, 2.937425;0.4537725, 0.4547712, 3.075521;0.6484141, 0.4568295, 2.848533;0.3829426, -0.1613153, 3.013729;0.6467262, -0.1289077, 2.670911;0.5369334, 0.1560896, 2.927173;0.4829301, 0.08546007, 2.970167;0.57041, 0.08633798, 2.854578;0.5240995, -0.4015894, 3.00208;0.6662852, -0.3841827, 2.798276;0.5557384, -0.7496881, 3.049685;0.7413287, -0.7560409, 2.778525;0.5305501, -0.8217633, 3.046624;0.7120997, -0.8319123, 2.749585;
0.5338507, 0.8201982, 3.030123;0.6031709, 0.6025155, 3.007005;0.5479218, 0.2305537, 2.937579;0.453526, 0.4530068, 3.07625;0.6484223, 0.4568579, 2.848562;0.3827817, -0.1614618, 3.012319;0.646733, -0.1289041, 2.670894;0.5369558, 0.1560356, 2.927296;0.482932, 0.0853196, 2.97022;0.5704826, 0.0865151, 2.8549;0.5240396, -0.4011308, 3.002151;0.6659948, -0.3833882, 2.798172;0.5558253, -0.7477661, 3.048493;0.7409262, -0.7562789, 2.778811;0.4942163, -0.7807273, 2.994864;0.7123314, -0.8333417, 2.751394;
0.5339239, 0.8199546, 3.030368;0.6033632, 0.6022552, 3.00714;0.5481103, 0.2303492, 2.937575;0.4535307, 0.4529692, 3.076208;0.6484741, 0.4568904, 2.848715;0.3827865, -0.1615349, 3.012345;0.6469169, -0.1287478, 2.671028;0.5371361, 0.1558516, 2.927263;0.4831043, 0.08495124, 2.970215;0.5707105, 0.08625124, 2.854687;0.5241495, -0.4003715, 3.002157;0.6663286, -0.3823695, 2.798496;0.5568953, -0.7456859, 3.04707;0.7406895, -0.756232, 2.778959;0.4962272, -0.7781543, 2.994208;0.7120341, -0.8335422, 2.75164;
0.5339109, 0.8200393, 3.030044;0.604297, 0.6026154, 3.007757;0.5480995, 0.2305717, 2.937941;0.4532517, 0.4531906, 3.077352;0.6489994, 0.4571831, 2.848869;0.3828087, -0.1615138, 3.012374;0.6472461, -0.1285836, 2.6712;0.5369925, 0.1560937, 2.927635;0.4824487, 0.08444684, 2.970701;0.5705256, 0.08746243, 2.855353;0.5239921, -0.4002507, 3.002098;0.6663487, -0.3823802, 2.798488;0.5578114, -0.7471895, 3.048412;0.7405623, -0.7561899, 2.778893;0.5361641, -0.8164116, 3.043658;0.7127278, -0.8350137, 2.754631;
0.5344533, 0.8201166, 3.030668;0.6044115, 0.6023972, 3.007808;0.5478871, 0.2303123, 2.938625;0.453317, 0.452211, 3.077075;0.6490539, 0.4571562, 2.849017;0.3828408, -0.1614904, 3.012443;0.6473177, -0.1285386, 2.671211;0.5366362, 0.1558345, 2.928535;0.4816089, 0.0827489, 2.972439;0.5700947, 0.08780995, 2.856197;0.5241553, -0.4001938, 3.002229;0.6664106, -0.38239, 2.798499;0.5587916, -0.7495068, 3.051598;0.7405734, -0.7562217, 2.778791;0.5362607, -0.8171799, 3.043061;0.7127272, -0.8350139, 2.754622;
0.5347196, 0.8200094, 3.031223;0.6041415, 0.6020021, 3.007725;0.547406, 0.2304414, 2.939526;0.4531664, 0.4512067, 3.074805;0.6491547, 0.4571257, 2.849121;0.3827964, -0.1617252, 3.013398;0.6473441, -0.1285743, 2.671206;0.5360422, 0.1561655, 2.929799;0.4805171, 0.08169584, 2.974941;0.5696118, 0.08820989, 2.856795;0.5244094, -0.4000468, 3.002447;0.6663015, -0.3815973, 2.798973;0.5586976, -0.7498693, 3.051661;0.74038, -0.7561811, 2.778469;0.5363527, -0.8168784, 3.043065;0.7127297, -0.8349874, 2.754535;
0.5378067, 0.8213605, 3.034561;0.6045989, 0.6022416, 3.008318;0.5473273, 0.2307771, 2.940067;0.4534811, 0.4519376, 3.076323;0.6492988, 0.4572169, 2.849213;0.382889, -0.1617528, 3.012887;0.6475289, -0.1286498, 2.671255;0.5358685, 0.1565165, 2.930288;0.4803497, 0.0817306, 2.975175;0.5692509, 0.08907813, 2.857356;0.5240542, -0.3998277, 3.00218;0.6661973, -0.3809181, 2.798602;0.5565965, -0.7492998, 3.050268;0.7402488, -0.7562223, 2.778489;0.5370412, -0.8163184, 3.040869;0.7126908, -0.8349692, 2.754521;
0.5443292, 0.8231022, 3.040667;0.6050739, 0.6020409, 3.009216;0.5474494, 0.2308732, 2.940313;0.4538087, 0.4512932, 3.076257;0.6509265, 0.4571216, 2.849434;0.3694206, -0.2025152, 3.007169;0.6483723, -0.129327, 2.672014;0.5359471, 0.1566271, 2.930427;0.4803333, 0.08152507, 2.975238;0.5694013, 0.08944196, 2.857359;0.5240938, -0.3996664, 3.001902;0.6661027, -0.3811377, 2.79853;0.5562659, -0.748719, 3.049389;0.7400204, -0.755908, 2.778081;0.4988749, -0.7795449, 2.998848;0.7119885, -0.8341873, 2.751433;
0.5444088, 0.8233353, 3.040174;0.6053798, 0.6025323, 3.009538;0.5475001, 0.2310383, 2.940406;0.4542927, 0.4507812, 3.076184;0.6518654, 0.4569881, 2.850287;0.3826488, -0.1617461, 3.01342;0.6484264, -0.1294155, 2.672029;0.5359677, 0.1567425, 2.930466;0.4803275, 0.08151026, 2.975226;0.5694356, 0.08979525, 2.857323;0.5239776, -0.3997004, 3.001965;0.6661369, -0.3811267, 2.798476;0.5543562, -0.7476146, 3.04902;0.7393037, -0.7557831, 2.777581;0.4973089, -0.7783232, 2.998499;0.7104266, -0.8322404, 2.745239;
0.5488261, 0.8211542, 3.030913;0.6064941, 0.6003052, 3.010245;0.5477172, 0.230781, 2.940724;0.4544003, 0.4506461, 3.076965;0.6530352, 0.4567653, 2.850629;0.3825658, -0.1622051, 3.012817;0.6486407, -0.1298988, 2.672158;0.5360897, 0.1566507, 2.930684;0.4803001, 0.08111998, 2.975294;0.5695881, 0.08984887, 2.857538;0.5238667, -0.3998157, 3.00211;0.6661093, -0.3804921, 2.798244;0.5546415, -0.7480894, 3.048774;0.7393323, -0.7558661, 2.777582;0.4975555, -0.7788463, 2.99804;0.7104526, -0.8326766, 2.745799;
0.5516729, 0.8214289, 3.028731;0.6067554, 0.6002009, 3.010429;0.5478276, 0.2307906, 2.940745;0.4547282, 0.4506338, 3.077576;0.6547434, 0.4569525, 2.851646;0.3819562, -0.1626522, 3.012886;0.6487175, -0.1299189, 2.672122;0.5361729, 0.1566807, 2.93067;0.4803083, 0.08093581, 2.975144;0.5698491, 0.09014886, 2.857483;0.5238732, -0.3998018, 3.002111;0.6661015, -0.3805029, 2.798214;0.5544239, -0.7479728, 3.049101;0.7380584, -0.7599342, 2.778111;0.4979367, -0.7785088, 2.998484;0.7106496, -0.8328417, 2.746713;
0.5526305, 0.8210397, 3.026964;0.6068283, 0.5997484, 3.01029;0.5479206, 0.2306656, 2.940697;0.4549028, 0.4487101, 3.080254;0.6565098, 0.4569213, 2.852379;0.3816912, -0.1629244, 3.01473;0.648716, -0.1299303, 2.672117;0.536256, 0.1566077, 2.930618;0.4802445, 0.08017797, 2.974606;0.5701225, 0.09031667, 2.857488;0.5240569, -0.3998604, 3.002341;0.6662343, -0.3811209, 2.797681;0.5546016, -0.7481627, 3.048995;0.7385395, -0.7605219, 2.779675;0.4983412, -0.7785282, 2.998769;0.7110332, -0.8327032, 2.747419;
0.5548267, 0.8211822, 3.026484;0.6070852, 0.5995216, 3.010428;0.5480146, 0.2305809, 2.94075;0.4557511, 0.4494981, 3.082583;0.6568545, 0.4571901, 2.852809;0.3852733, -0.1658345, 3.024474;0.6490052, -0.1337014, 2.671175;0.5363117, 0.1565624, 2.93064;0.480288, 0.08008273, 2.974479;0.5702272, 0.09049068, 2.857673;0.5238065, -0.3994409, 3.001921;0.6661291, -0.3808658, 2.798016;0.5545365, -0.7481712, 3.048075;0.7384731, -0.7601475, 2.779478;0.4983537, -0.778371, 2.998402;0.7127768, -0.8312079, 2.749557;
0.5531346, 0.820053, 3.025352;0.6072273, 0.5990721, 3.010924;0.5481216, 0.2300932, 2.940894;0.4564199, 0.4480844, 3.080703;0.6569114, 0.456929, 2.853056;0.3819784, -0.1665205, 3.01624;0.6492792, -0.1352684, 2.670873;0.5363998, 0.1561014, 2.930692;0.4803993, 0.07912508, 2.974351;0.5702408, 0.09046045, 2.857676;0.5238423, -0.3995769, 3.001976;0.6657661, -0.3803747, 2.797575;0.5545033, -0.748192, 3.048066;0.7392329, -0.7585919, 2.778793;0.4986921, -0.7782395, 2.99852;0.7130925, -0.8310878, 2.749686;
0.5529497, 0.8200732, 3.025726;0.6075512, 0.599139, 3.010782;0.5482827, 0.2302208, 2.940922;0.4564911, 0.4477174, 3.080823;0.658455, 0.458183, 2.854206;0.3812937, -0.1666086, 3.01373;0.6493225, -0.1301214, 2.672205;0.5365394, 0.1562599, 2.930731;0.4803987, 0.07912354, 2.974333;0.5705014, 0.09079702, 2.857739;0.5236214, -0.400503, 3.001608;0.66619, -0.3812076, 2.797547;0.5544638, -0.7480811, 3.048006;0.7392186, -0.7582059, 2.778511;0.4990949, -0.7780006, 2.998414;0.7128869, -0.831892, 2.751852;
0.552835, 0.819751, 3.025505;0.6079568, 0.5990496, 3.010721;0.5486773, 0.2296932, 2.940637;0.4608294, 0.4473544, 3.074655;0.6597421, 0.4574409, 2.854425;0.3782701, -0.1891384, 3.012615;0.6488848, -0.1371347, 2.67067;0.5369215, 0.1556251, 2.930345;0.4808639, 0.07870267, 2.973376;0.5706765, 0.0907498, 2.85775;0.5234944, -0.3999531, 3.001464;0.6663617, -0.3807341, 2.797077;0.5546281, -0.7476971, 3.048082;0.7391702, -0.75792, 2.778339;0.4997444, -0.7775211, 2.998263;0.7128369, -0.8322669, 2.752543;
0.5489933, 0.8180647, 3.022426;0.6080641, 0.5988623, 3.010704;0.5487798, 0.2294753, 2.940661;0.4609604, 0.44629, 3.07494;0.6597227, 0.457363, 2.854492;0.3800419, -0.1764172, 3.013301;0.6487871, -0.1397977, 2.670246;0.5370098, 0.155428, 2.930362;0.4810113, 0.07841915, 2.973289;0.5707043, 0.09075489, 2.857806;0.5235263, -0.399967, 3.00155;0.6662884, -0.3806408, 2.797238;0.5546293, -0.7474464, 3.048187;0.7382447, -0.7595212, 2.77823;0.4998361, -0.7771782, 2.99862;0.7125075, -0.8320578, 2.751634;
0.549325, 0.8179433, 3.022264;0.6083885, 0.5988112, 3.010785;0.5488726, 0.2294801, 2.940766;0.4607709, 0.4463039, 3.077559;0.6597594, 0.4573555, 2.854527;0.3821608, -0.1621673, 3.012949;0.6487011, -0.1403758, 2.67014;0.5370678, 0.1554477, 2.930457;0.4810176, 0.07840994, 2.973324;0.5707628, 0.09086459, 2.857957;0.5234416, -0.4004115, 3.001539;0.6661772, -0.379953, 2.796876;0.5546094, -0.7473913, 3.048029;0.738535, -0.7587602, 2.778583;0.4996994, -0.7770573, 2.99886;0.712283, -0.8321382, 2.752087;
0.5503122, 0.8183072, 3.023128;0.6083245, 0.5988085, 3.01083;0.5488276, 0.2293949, 2.941179;0.4607616, 0.4466514, 3.079333;0.6599227, 0.457258, 2.854835;0.3823917, -0.1629515, 3.011999;0.6493441, -0.1413441, 2.670187;0.5370302, 0.1553542, 2.930955;0.480934, 0.078284, 2.973828;0.5707735, 0.09081759, 2.85859;0.5236785, -0.400487, 3.001538;0.6659126, -0.3795187, 2.796843;0.5562313, -0.7489294, 3.049592;0.7386076, -0.7584348, 2.778786;0.5013673, -0.7785155, 3.000694;0.7124344, -0.8311171, 2.752584;
0.550684, 0.8181959, 3.023049;0.6083667, 0.5986481, 3.011047;0.5488532, 0.2292417, 2.9414;0.4601125, 0.4458356, 3.081155;0.6602618, 0.4568014, 2.855066;0.3827943, -0.1629648, 3.012585;0.6496211, -0.1423186, 2.670043;0.5370438, 0.1552235, 2.931148;0.480882, 0.07822308, 2.973844;0.5709242, 0.09080006, 2.859098;0.5237582, -0.4004692, 3.001487;0.6659203, -0.3794045, 2.796731;0.5567885, -0.7501853, 3.050347;0.7389588, -0.757588, 2.779147;0.5020054, -0.7796958, 3.001647;0.7123132, -0.8314813, 2.753325;
0.5508779, 0.8180172, 3.023921;0.6085232, 0.5983372, 3.011074;0.549152, 0.2289388, 2.941524;0.4600483, 0.4455928, 3.080994;0.6603375, 0.4566247, 2.855035;0.3854017, -0.1629117, 3.014241;0.6521776, -0.1316551, 2.672897;0.5373563, 0.1549448, 2.931276;0.4811738, 0.07780383, 2.973887;0.5712784, 0.09073087, 2.859286;0.5237167, -0.4000357, 3.001228;0.6660514, -0.379458, 2.796688;0.5548411, -0.7486892, 3.046471;0.7391939, -0.7572729, 2.779507;0.5001698, -0.7781551, 2.997814;0.7126464, -0.8312522, 2.753433;
0.5499896, 0.8174723, 3.022387;0.6084961, 0.5982413, 3.011058;0.5492212, 0.2287283, 2.941638;0.4614911, 0.445532, 3.080942;0.6604316, 0.4564189, 2.854851;0.3876652, -0.1635984, 3.017168;0.6507308, -0.1424158, 2.670434;0.537448, 0.1547161, 2.931416;0.4814182, 0.07762881, 2.974082;0.5712823, 0.09062451, 2.859395;0.5237362, -0.3999583, 3.001138;0.6664862, -0.3802367, 2.796624;0.558279, -0.7519841, 3.051464;0.7399267, -0.7566521, 2.779802;0.5033826, -0.7814881, 3.002948;0.71307, -0.8309863, 2.752067;
0.5533525, 0.8188744, 3.023829;0.6086265, 0.598627, 3.011084;0.549306, 0.2286977, 2.941674;0.4616521, 0.4457449, 3.080105;0.6606537, 0.4563921, 2.854895;0.3884131, -0.1650453, 3.018173;0.6536861, -0.1323961, 2.672409;0.5375466, 0.1546332, 2.93146;0.4814604, 0.07764205, 2.974035;0.5715889, 0.09070235, 2.859801;0.5239553, -0.3998951, 3.00144;0.667303, -0.3818303, 2.797335;0.5575217, -0.7508036, 3.052253;0.7403819, -0.7563228, 2.77984;0.5023611, -0.7805058, 3.003282;0.7128507, -0.8311546, 2.751945;
0.5520015, 0.8182615, 3.024276;0.6086437, 0.5983324, 3.011076;0.5494764, 0.2286623, 2.941894;0.4619232, 0.4457134, 3.079995;0.6606845, 0.4564036, 2.854936;0.3899059, -0.1661834, 3.020389;0.6524776, -0.1449113, 2.669581;0.5377669, 0.1546573, 2.93175;0.4818693, 0.07745737, 2.974673;0.5716529, 0.0906964, 2.859853;0.5239722, -0.4000539, 3.001367;0.6674007, -0.3819023, 2.797344;0.557084, -0.7502713, 3.050143;0.7403163, -0.7562916, 2.779678;0.5019937, -0.7799308, 3.001264;0.7136152, -0.8318979, 2.754241;
0.5520407, 0.8182476, 3.02421;0.6089218, 0.5984293, 3.01122;0.5495908, 0.2284951, 2.941981;0.4629389, 0.4455087, 3.079002;0.660626, 0.456332, 2.854788;0.3905995, -0.1663599, 3.020923;0.6560185, -0.1329001, 2.672312;0.5378554, 0.154431, 2.931825;0.4819712, 0.07744194, 2.974706;0.5716512, 0.09059123, 2.859916;0.5239655, -0.4000561, 3.001356;0.6674093, -0.3818989, 2.797322;0.5569311, -0.750662, 3.049791;0.7408304, -0.7547395, 2.779689;0.5018634, -0.7802846, 3.001028;0.713842, -0.8316733, 2.754316;
0.5518439, 0.8178443, 3.024618;0.6090009, 0.5980807, 3.011108;0.5496705, 0.2284003, 2.942021;0.4628043, 0.445573, 3.0789;0.660482, 0.4561055, 2.854667;0.3912341, -0.1673383, 3.022464;0.6542983, -0.1462593, 2.669536;0.5379283, 0.1543687, 2.931873;0.4820162, 0.07742247, 2.974716;0.5717332, 0.0905726, 2.860011;0.524208, -0.3994851, 3.001707;0.6677732, -0.3818414, 2.797395;0.5565319, -0.7493484, 3.047757;0.7408478, -0.7546365, 2.779677;0.5011422, -0.7791491, 2.99869;0.7140124, -0.8328732, 2.75578;
0.5507582, 0.8171077, 3.024368;0.6091989, 0.59773, 3.010874;0.5498465, 0.2280948, 2.942018;0.4638826, 0.4450041, 3.076521;0.6604788, 0.4559739, 2.854621;0.391506, -0.1674696, 3.022696;0.654374, -0.1469552, 2.669205;0.5380898, 0.1540802, 2.931896;0.4823382, 0.07695219, 2.974837;0.571757, 0.09052166, 2.860004;0.5243053, -0.4003864, 3.001372;0.6679755, -0.3812362, 2.79711;0.5572608, -0.7502329, 3.048506;0.7404256, -0.7543396, 2.778805;0.502147, -0.7799352, 2.999488;0.7135453, -0.8331164, 2.755464;
0.5512023, 0.8173301, 3.026859;0.6091973, 0.597561, 3.010864;0.5498925, 0.2275039, 2.942273;0.4637255, 0.4443503, 3.075544;0.660414, 0.4558367, 2.854512;0.3915621, -0.1677412, 3.022763;0.6544608, -0.1480165, 2.669011;0.5381365, 0.1533923, 2.932217;0.4824134, 0.07661558, 2.974986;0.5717703, 0.08992552, 2.860578;0.5245249, -0.4002044, 3.001546;0.6680312, -0.3812919, 2.797087;0.5572848, -0.7499985, 3.048521;0.7404565, -0.754482, 2.778794;0.5024171, -0.7796139, 2.999555;0.7135351, -0.8331403, 2.755381;
0.5509954, 0.8171555, 3.027445;0.6089959, 0.5973496, 3.010751;0.5500252, 0.2274439, 2.942223;0.4633583, 0.4441044, 3.076369;0.6603228, 0.4557199, 2.853833;0.3920617, -0.168009, 3.023232;0.6545457, -0.1484217, 2.668996;0.5383641, 0.1533462, 2.932152;0.4827667, 0.0764402, 2.974867;0.5721052, 0.08994859, 2.860487;0.5245091, -0.4000739, 3.001373;0.6684949, -0.3809629, 2.796815;0.5566373, -0.7494492, 3.047673;0.7403498, -0.7543634, 2.77919;0.5017984, -0.778986, 2.998996;0.7137383, -0.8333046, 2.755737;
0.5488986, 0.8163619, 3.025842;0.6089476, 0.5972106, 3.009585;0.5500787, 0.2273849, 2.942284;0.4641318, 0.4451124, 3.076468;0.6603339, 0.4557139, 2.853805;0.391957, -0.1676726, 3.023457;0.6574892, -0.1332365, 2.672231;0.5384615, 0.1532546, 2.932373;0.4830538, 0.07642379, 2.975235;0.5721184, 0.08989794, 2.861135;0.5249481, -0.3997621, 3.000951;0.6685985, -0.3810834, 2.796763;0.5568085, -0.7470137, 3.046197;0.7401899, -0.7545459, 2.779125;0.5020517, -0.7764855, 2.997717;0.7137236, -0.8333798, 2.755491;
0.5498878, 0.816595, 3.026068;0.6088974, 0.5971277, 3.009192;0.5501657, 0.227262, 2.942307;0.4635692, 0.4446694, 3.076877;0.6602575, 0.4556795, 2.853736;0.3924754, -0.1671755, 3.023853;0.6545247, -0.1486053, 2.668738;0.5385849, 0.1530998, 2.932469;0.483136, 0.07633253, 2.975289;0.5723791, 0.08981112, 2.861483;0.5251627, -0.3996218, 3.000986;0.6684853, -0.3797995, 2.79649;0.5567434, -0.7469142, 3.046153;0.739594, -0.7545877, 2.778317;0.5020729, -0.7763413, 2.997763;0.7129662, -0.833199, 2.752934;
0.5502381, 0.8165882, 3.025979;0.608906, 0.5970775, 3.009195;0.5503348, 0.2271539, 2.942303;0.4635083, 0.4446899, 3.076959;0.6600435, 0.4556427, 2.85363;0.3925746, -0.1669378, 3.024155;0.6543976, -0.1482457, 2.668885;0.5387856, 0.1529957, 2.932459;0.4834272, 0.07618292, 2.975316;0.5725513, 0.08974425, 2.861403;0.5252946, -0.3995477, 3.00102;0.6687745, -0.3797906, 2.796486;0.5567657, -0.7469468, 3.046174;0.7396415, -0.7544888, 2.778255;0.5021631, -0.7763211, 2.997916;0.7127202, -0.8333782, 2.752802;
0.5503502, 0.8166077, 3.025701;0.6089302, 0.5971357, 3.009159;0.5504372, 0.2271377, 2.942485;0.4635531, 0.4448406, 3.077338;0.6599855, 0.4556803, 2.853544;0.3926081, -0.1670475, 3.023875;0.6538188, -0.1482884, 2.668935;0.5389074, 0.1529607, 2.932731;0.4836091, 0.07627833, 2.975669;0.5726629, 0.08972954, 2.861804;0.5254136, -0.3989861, 3.001281;0.6688994, -0.3796731, 2.796486;0.5571362, -0.7466613, 3.04603;0.7397124, -0.7544469, 2.778409;0.5025731, -0.7759899, 2.997918;0.7127373, -0.8332568, 2.752745;
0.5495359, 0.81666, 3.027758;0.6089672, 0.597189, 3.008791;0.5505349, 0.2271657, 2.942531;0.4628972, 0.4455593, 3.078657;0.6598387, 0.4558459, 2.853514;0.3926156, -0.1657064, 3.022843;0.6533884, -0.1486898, 2.668849;0.5390456, 0.1530083, 2.932859;0.4837599, 0.07636822, 2.975809;0.5728567, 0.08978689, 2.862113;0.5260042, -0.3991283, 3.001581;0.6692453, -0.3799302, 2.796634;0.5567156, -0.7464529, 3.046263;0.7397233, -0.7545033, 2.778482;0.5021909, -0.7757378, 2.998297;0.7127424, -0.8332344, 2.752569;
0.5506687, 0.8183827, 3.02932;0.6088909, 0.5983511, 3.007601;0.5506909, 0.2271991, 2.942515;0.4625287, 0.4455632, 3.078036;0.6598067, 0.4559753, 2.852857;0.3916297, -0.165054, 3.019408;0.6528905, -0.1487194, 2.668612;0.5392641, 0.15298, 2.932924;0.4839769, 0.07641026, 2.975876;0.5733262, 0.08972798, 2.862475;0.5263986, -0.3990721, 3.001723;0.66947, -0.3799963, 2.796721;0.5568624, -0.7466123, 3.046777;0.7395142, -0.7547657, 2.778271;0.5024652, -0.7758623, 2.998854;0.7127859, -0.8334334, 2.752774;
0.5459864, 0.817035, 3.03282;0.6084592, 0.597845, 3.006725;0.5508556, 0.2273037, 2.942618;0.4615954, 0.4456553, 3.079023;0.6596367, 0.4561183, 2.852767;0.3907959, -0.1642737, 3.018186;0.652516, -0.1493391, 2.668247;0.5396165, 0.1532509, 2.933268;0.4843569, 0.07660087, 2.976465;0.573784, 0.08984651, 2.862835;0.5270085, -0.3985235, 3.002281;0.6705949, -0.380716, 2.797416;0.5569208, -0.7464515, 3.046228;0.7394881, -0.7547671, 2.778208;0.5025654, -0.7756854, 2.998381;0.7127312, -0.833401, 2.752692;
0.5414527, 0.8159665, 3.029837;0.6072831, 0.5978982, 3.004978;0.5512343, 0.2273706, 2.942513;0.4612425, 0.4455998, 3.07909;0.6588693, 0.4562492, 2.851857;0.3902523, -0.1640784, 3.017128;0.6516289, -0.1493184, 2.667773;0.540345, 0.1533479, 2.933319;0.4855436, 0.07669206, 2.976705;0.5749375, 0.08998071, 2.863106;0.5270609, -0.3985358, 3.002306;0.671096, -0.3803123, 2.797459;0.5570464, -0.7465508, 3.046423;0.7394873, -0.7548226, 2.778172;0.5026009, -0.7757965, 2.998799;0.7126662, -0.8331264, 2.751923;
0.5369549, 0.8143705, 3.027392;0.6067903, 0.5978152, 3.004941;0.551992, 0.2274079, 2.942641;0.4609771, 0.4459264, 3.079052;0.6576817, 0.4559894, 2.850317;0.3899964, -0.1636379, 3.01628;0.6547969, -0.1339263, 2.670731;0.5416478, 0.1534203, 2.933571;0.4877071, 0.07660723, 2.97725;0.5764735, 0.09002476, 2.863211;0.5274767, -0.3982149, 3.002313;0.6721787, -0.3802134, 2.798108;0.5565978, -0.7444782, 3.045298;0.7394868, -0.754868, 2.77807;0.5019494, -0.7737403, 2.997972;0.7125274, -0.8343995, 2.753148;
0.5334362, 0.8135755, 3.0248;0.6053997, 0.5977557, 3.002468;0.5529068, 0.2273737, 2.942577;0.460498, 0.4460676, 3.079144;0.6559819, 0.4555951, 2.849099;0.3885197, -0.1641612, 3.015691;0.6540393, -0.1341334, 2.669913;0.543179, 0.153359, 2.933864;0.4903926, 0.07624607, 2.978144;0.5782147, 0.08995923, 2.86376;0.5288143, -0.3979062, 3.002738;0.6732481, -0.3799357, 2.798576;0.55955, -0.7469954, 3.047702;0.7393463, -0.7550165, 2.777894;0.5046996, -0.776318, 3.000702;0.7124407, -0.8343416, 2.753112;
0.5323801, 0.8156801, 3.023381;0.60169, 0.5987273, 2.997642;0.5537609, 0.2274102, 2.942302;0.4594183, 0.4477797, 3.080038;0.6542974, 0.455206, 2.847268;0.3865789, -0.163721, 3.013692;0.6536952, -0.1339959, 2.66937;0.544803, 0.153307, 2.933962;0.493378, 0.07640367, 2.978346;0.5805452, 0.08996716, 2.864834;0.5303859, -0.3971815, 3.003377;0.675274, -0.3785115, 2.799041;0.5597507, -0.7464179, 3.047515;0.739327, -0.7546781, 2.777585;0.5046988, -0.7758943, 3.000863;0.7114399, -0.8341786, 2.751184;
0.5285648, 0.8156437, 3.026366;0.6010101, 0.599403, 2.995333;0.5558318, 0.2270558, 2.941564;0.4589221, 0.4478689, 3.079542;0.6525201, 0.4554722, 2.846935;0.3840292, -0.163117, 3.01513;0.6529179, -0.1331089, 2.668505;0.5476668, 0.1526298, 2.933636;0.497182, 0.07608624, 2.978094;0.5838322, 0.08968492, 2.865364;0.5325261, -0.3982337, 3.005026;0.676383, -0.3779663, 2.799608;0.5588059, -0.7454531, 3.046777;0.739352, -0.7553855, 2.777933;0.503652, -0.7750354, 3.000312;0.7113572, -0.8339323, 2.750695;
0.5183802, 0.812961, 3.022121;0.5997767, 0.6000808, 2.993186;0.5574409, 0.2269248, 2.941613;0.4565549, 0.4464411, 3.076318;0.6502276, 0.4557647, 2.845988;0.383473, -0.1632308, 3.014674;0.6522429, -0.1316382, 2.667219;0.5501812, 0.1522816, 2.934309;0.5004779, 0.07593489, 2.979323;0.5872681, 0.0891516, 2.866877;0.5340493, -0.3989331, 3.006542;0.6794171, -0.3765793, 2.800975;0.5590814, -0.7461771, 3.04713;0.7394307, -0.7550293, 2.777638;0.504153, -0.7758801, 3.00048;0.7113706, -0.8338324, 2.750647;
0.5134747, 0.8123165, 3.018358;0.5944265, 0.5992699, 2.988699;0.5590165, 0.2259696, 2.941679;0.4563461, 0.4464028, 3.076272;0.6473367, 0.4548802, 2.843867;0.3825299, -0.1634122, 3.01495;0.6514888, -0.1313075, 2.665739;0.5532112, 0.1508252, 2.935183;0.5056205, 0.07527015, 2.980379;0.5912902, 0.08782931, 2.86958;0.5354743, -0.4000696, 3.008356;0.6803246, -0.3762698, 2.801886;0.5588353, -0.7459294, 3.046731;0.7395881, -0.755039, 2.77772;0.5035326, -0.7759596, 3.000731;0.7113016, -0.8339927, 2.750615;
0.5104858, 0.8111907, 3.015576;0.5898008, 0.597656, 2.986862;0.559853, 0.2261563, 2.942065;0.4548775, 0.4468896, 3.07706;0.6434396, 0.4539514, 2.840894;0.3806526, -0.1631379, 3.01488;0.6505763, -0.1312791, 2.664257;0.5551237, 0.1514958, 2.936299;0.5091667, 0.07598414, 2.982843;0.5932668, 0.08798763, 2.870449;0.536132, -0.3998273, 3.009015;0.6806561, -0.3760496, 2.801846;0.5594123, -0.7453504, 3.046507;0.7396177, -0.7549866, 2.777489;0.5035894, -0.7756485, 3.001287;0.7112962, -0.83404, 2.750591;
0.4985526, 0.8053833, 3.005207;0.5850234, 0.5953178, 2.983479;0.5614848, 0.2253474, 2.943212;0.4538894, 0.4465834, 3.076294;0.6392449, 0.4523982, 2.837665;0.3721231, -0.1605351, 3.012771;0.6489178, -0.1317875, 2.663244;0.5582418, 0.1506371, 2.93885;0.5145741, 0.07544243, 2.987306;0.5972067, 0.08634998, 2.873963;0.5362539, -0.3997243, 3.009242;0.6825903, -0.3764138, 2.802047;0.5591472, -0.7453368, 3.046377;0.7396759, -0.7549528, 2.777448;0.5028245, -0.7760963, 3.001902;0.7113878, -0.8339313, 2.749385;
0.4963086, 0.8063158, 3.005307;0.581518, 0.5954859, 2.980099;0.5644281, 0.2241962, 2.945033;0.4485124, 0.4396172, 3.066744;0.6383919, 0.4516832, 2.836997;0.3672628, -0.1645064, 3.012062;0.6437147, -0.1359257, 2.659629;0.5631516, 0.1490408, 2.94242;0.5205995, 0.07308368, 2.992084;0.6045475, 0.08400804, 2.879484;0.536046, -0.4003554, 3.009808;0.6848323, -0.3790005, 2.80277;0.5576423, -0.7459021, 3.045475;0.7377856, -0.7572709, 2.775609;0.5027019, -0.7771186, 2.999554;0.7110361, -0.8349015, 2.750633;
0.4894527, 0.8035084, 2.998704;0.5764818, 0.5936342, 2.975488;0.5678371, 0.2216177, 2.947501;0.4478735, 0.4376553, 3.065814;0.6323384, 0.4441353, 2.832709;0.3626843, -0.1651099, 3.009108;0.6391501, -0.1392005, 2.655266;0.5683524, 0.1459855, 2.946636;0.5282644, 0.07141002, 2.998029;0.6103261, 0.07989764, 2.884989;0.5354872, -0.400204, 3.009983;0.6858366, -0.3811223, 2.800913;0.5563774, -0.7453049, 3.044662;0.737956, -0.761574, 2.776165;0.5008335, -0.7772704, 2.999972;0.7109802, -0.834912, 2.750479;
0.4727806, 0.7882322, 2.993505;0.5675023, 0.5817303, 2.96976;0.5715077, 0.2157155, 2.950511;0.4428032, 0.415842, 3.059829;0.6298585, 0.4372884, 2.828698;0.35593, -0.1684475, 3.003176;0.6319491, -0.1455986, 2.64572;0.573341, 0.1407923, 2.950741;0.5345944, 0.06557973, 3.003865;0.6175494, 0.07278387, 2.889803;0.5349076, -0.4043742, 3.01197;0.6864554, -0.3828163, 2.798351;0.5561112, -0.7454713, 3.044806;0.7369109, -0.763495, 2.774094;0.5013072, -0.778392, 2.999857;0.7101778, -0.8345814, 2.748344;
0.4623049, 0.7711203, 2.980504;0.5601916, 0.5707693, 2.966069;0.5744514, 0.2099177, 2.953103;0.4414051, 0.4119242, 3.059686;0.6259151, 0.4320762, 2.82731;0.3458002, -0.1832622, 2.9941;0.6269542, -0.1513762, 2.637048;0.5776542, 0.1359126, 2.954263;0.5408739, 0.06101479, 3.010142;0.6236046, 0.06492489, 2.892685;0.5343528, -0.4045235, 3.012185;0.6876505, -0.3899316, 2.793622;0.5522941, -0.7433727, 3.040437;0.7360624, -0.7636536, 2.772858;0.4974863, -0.7771896, 2.996144;0.7106628, -0.8359504, 2.749708;
0.4562568, 0.7556891, 2.972205;0.5492286, 0.556631, 2.961535;0.5768203, 0.2042585, 2.952919;0.4396358, 0.3993411, 3.052939;0.6175549, 0.4153653, 2.821626;0.343431, -0.1845979, 2.993187;0.614845, -0.1684986, 2.6255;0.5815691, 0.1314741, 2.954475;0.5495033, 0.05290311, 3.012396;0.6276368, 0.06150953, 2.891419;0.5339061, -0.4045603, 3.012024;0.6876057, -0.3918217, 2.791765;0.5504076, -0.7425918, 3.039241;0.7359625, -0.7636462, 2.772677;0.4954246, -0.7774972, 2.996025;0.7105889, -0.8359884, 2.749387;
0.4349355, 0.7297394, 2.954166;0.5433645, 0.5434816, 2.953241;0.5807942, 0.190327, 2.956038;0.4379829, 0.3936871, 3.051654;0.6094404, 0.3992098, 2.816056;0.3299431, -0.209364, 2.97902;0.6119046, -0.1744701, 2.617568;0.5881194, 0.1179771, 2.960125;0.557243, 0.04392571, 3.020149;0.6352816, 0.04657666, 2.898374;0.5332712, -0.4062269, 3.013188;0.6885202, -0.3940104, 2.79034;0.5493939, -0.7424341, 3.038988;0.7349289, -0.7636926, 2.771603;0.4938938, -0.7788242, 2.997724;0.70992, -0.8355826, 2.748826;
0.4290462, 0.7147033, 2.946547;0.5360425, 0.530144, 2.945501;0.58812, 0.1699087, 2.954873;0.43344, 0.3757749, 3.049501;0.6067331, 0.3889174, 2.81187;0.3253256, -0.2157116, 2.974697;0.6044934, -0.1978504, 2.607399;0.5992575, 0.09648368, 2.960473;0.570895, 0.02269041, 3.019522;0.6460183, 0.0353803, 2.901491;0.5321923, -0.4092331, 3.014036;0.6899436, -0.3997831, 2.786095;0.5473276, -0.7413845, 3.037921;0.7350689, -0.7638291, 2.771169;0.4926646, -0.7792654, 2.996895;0.7098048, -0.8355939, 2.74871;
0.4180245, 0.6759728, 2.918932;0.5264171, 0.4996554, 2.935334;0.5958802, 0.1508859, 2.958983;0.4237528, 0.3530535, 3.046894;0.6037986, 0.3687629, 2.803147;0.3163108, -0.2392655, 2.964414;0.6043159, -0.1987982, 2.605965;0.6096512, 0.07932225, 2.966879;0.5854259, 0.005088288, 3.023733;0.6620346, 0.01633239, 2.917401;0.530481, -0.4125367, 3.014942;0.6894332, -0.4007846, 2.7826;0.5475097, -0.741748, 3.038691;0.7348287, -0.7655407, 2.769706;0.4943018, -0.7819423, 2.997932;0.7098042, -0.8356439, 2.748733;
0.4235922, 0.6591128, 2.921876;0.5124431, 0.4681571, 2.91463;0.6024575, 0.1341323, 2.95898;0.4165852, 0.3296828, 3.045415;0.5994517, 0.3468672, 2.797194;0.3088799, -0.2732452, 2.961883;0.5966272, -0.2502959, 2.595388;0.6194975, 0.06450286, 2.969847;0.6010005, -0.009573621, 3.026506;0.6721255, 0.004993068, 2.924725;0.5295941, -0.413599, 3.015366;0.6896361, -0.4054728, 2.77903;0.5471447, -0.7418068, 3.038512;0.7338158, -0.7677794, 2.768237;0.4957552, -0.7852791, 2.998815;0.7098984, -0.8359961, 2.749235;
0.4060874, 0.6340022, 2.906623;0.5100673, 0.4547346, 2.908851;0.6070546, 0.1176837, 2.95693;0.4154916, 0.3007807, 3.043334;0.5913056, 0.3196173, 2.79252;0.3097885, -0.2854963, 2.962277;0.5964391, -0.2587384, 2.592113;0.625847, 0.04987795, 2.96952;0.6072493, -0.02027431, 3.026921;0.6779129, -0.003476961, 2.925539;0.5232489, -0.4297446, 3.018304;0.6901888, -0.4181767, 2.772135;0.546747, -0.7423897, 3.038844;0.7336636, -0.7672205, 2.768317;0.4950849, -0.7868311, 3.000584;0.7099981, -0.8362456, 2.749542;
0.4129388, 0.6145126, 2.905634;0.4994522, 0.4253395, 2.898256;0.6108891, 0.1023919, 2.954446;0.4118271, 0.2692577, 3.045109;0.5893844, 0.2974148, 2.784982;0.3087255, -0.3151028, 2.956297;0.5880165, -0.296809, 2.584149;0.6320771, 0.03625362, 2.96834;0.6168948, -0.0371609, 3.028002;0.6880097, -0.01621203, 2.924689;0.5230268, -0.4300748, 3.018405;0.6902673, -0.4256006, 2.768499;0.5463818, -0.7430634, 3.038656;0.7338402, -0.7668973, 2.768052;0.4960622, -0.7896888, 3.001297;0.7099744, -0.8362622, 2.749507;
0.3975962, 0.5818691, 2.88574;0.4949739, 0.4026315, 2.892423;0.6256292, 0.05596997, 2.952853;0.4112023, 0.2583909, 3.038792;0.5834877, 0.2704724, 2.782185;0.303246, -0.3433806, 2.962156;0.5892003, -0.3066268, 2.581844;0.6523905, -0.01204995, 2.968918;0.6325549, -0.06911229, 3.031489;0.7133433, -0.06073654, 2.923572;0.5156662, -0.4549709, 3.019402;0.688862, -0.4388008, 2.760413;0.5456596, -0.7429649, 3.038565;0.733628, -0.7670323, 2.76777;0.4953195, -0.790885, 3.003044;0.7099336, -0.8363518, 2.749788;
0.3619473, 0.5272448, 2.871751;0.4894167, 0.3716219, 2.884155;0.6272521, 0.05167533, 2.948762;0.40164, 0.2189065, 3.035545;0.578864, 0.2436042, 2.7776;0.2990645, -0.3702173, 2.960789;0.5847739, -0.3644278, 2.575765;0.65443, -0.01475562, 2.964883;0.6406292, -0.07865102, 3.024616;0.7150972, -0.06228121, 2.920271;0.512976, -0.4603161, 3.022948;0.6876271, -0.4419768, 2.756887;0.5433943, -0.7665613, 3.040869;0.7335603, -0.7678981, 2.766835;0.4952296, -0.8160762, 3.00467;0.7097576, -0.8361647, 2.749182;
0.3649791, 0.4914741, 2.85919;0.484071, 0.3330525, 2.877385;0.6374168, 0.0303922, 2.941126;0.4025142, 0.1967017, 3.029599;0.5794959, 0.2215761, 2.776466;0.3004482, -0.4109415, 2.962427;0.5851626, -0.3897879, 2.571653;0.6670652, -0.0315617, 2.95739;0.6621844, -0.09880927, 3.014312;0.7250725, -0.0727578, 2.916751;0.5078132, -0.4694085, 3.024106;0.6694655, -0.4601758, 2.72622;0.5372083, -0.7749683, 3.04343;0.7331206, -0.7678361, 2.766423;0.4909649, -0.8264928, 3.007666;0.7119567, -0.8386236, 2.751095;
0.3711289, 0.4758272, 2.856736;0.4813198, 0.312522, 2.877544;0.629826, -0.0215378, 2.961069;0.3973911, 0.1692584, 3.021833;0.577715, 0.1999413, 2.774369;0.2971995, -0.4368488, 2.951733;0.5834533, -0.4145879, 2.560517;0.6598319, -0.08607645, 2.981245;0.6557741, -0.1485626, 3.032849;0.7144867, -0.1324176, 2.954766;0.4860506, -0.5119668, 3.023643;0.6623476, -0.4800714, 2.710327;0.5206358, -0.8161972, 3.043689;0.7323766, -0.769926, 2.766849;0.4749594, -0.867116, 3.006318;0.7112708, -0.8385316, 2.750818;
0.3665882, 0.4125099, 2.842638;0.4767813, 0.2560936, 2.875303;0.6320813, -0.03263805, 2.962231;0.3960074, 0.1137526, 3.019518;0.5773975, 0.1660693, 2.772036;0.2968046, -0.4789694, 2.957922;0.5827222, -0.4250618, 2.561027;0.6623666, -0.0937121, 2.982611;0.6593409, -0.1587323, 3.03534;0.7185117, -0.1379782, 2.956508;0.4879815, -0.5201912, 3.033225;0.6627082, -0.4804462, 2.710092;0.548534, -0.8200006, 3.049357;0.7298484, -0.7702818, 2.766433;0.4842781, -0.8040537, 3.049573;0.7113081, -0.838544, 2.75091;
0.3684497, 0.4145784, 2.840136;0.4745075, 0.2440378, 2.871356;0.6354271, -0.0573329, 2.961273;0.3989728, 0.1005748, 3.015586;0.5751159, 0.1393543, 2.767314;0.2987449, -0.4881927, 2.955072;0.5937645, -0.4683006, 2.568062;0.6674674, -0.1172097, 2.9829;0.6657251, -0.1799692, 3.036968;0.7244263, -0.157857, 2.957208;0.481283, -0.5339718, 3.032021;0.6701043, -0.4980517, 2.712636;0.5422966, -0.8324262, 3.049926;0.7325094, -0.7869644, 2.771488;0.5070754, -0.7775578, 3.038887;0.7095358, -0.8414665, 2.741913;
0.3499979, 0.3424802, 2.831764;0.4770544, 0.2006026, 2.862479;0.6378802, -0.07264936, 2.962272;0.3932798, 0.07105014, 3.018679;0.5795473, 0.1115689, 2.764993;0.3005456, -0.5137998, 2.960026;0.5863968, -0.5358044, 2.557326;0.669903, -0.1292529, 2.984828;0.6686884, -0.1965415, 3.043332;0.7312171, -0.1724461, 2.959544;0.4751642, -0.5448272, 3.031136;0.6732562, -0.506005, 2.713886;0.5381541, -0.841769, 3.049826;0.7314578, -0.7950231, 2.771953;0.5263584, -0.7786351, 3.034581;0.7049888, -0.8487095, 2.744122;
0.3524498, 0.3373854, 2.831847;0.4719778, 0.1800038, 2.861315;0.640421, -0.1031747, 2.96326;0.3976922, 0.04767277, 3.016518;0.5798082, 0.08698032, 2.768128;0.299343, -0.5732103, 2.960776;0.5898904, -0.5621195, 2.559693;0.6742687, -0.159308, 2.986974;0.6733255, -0.2210629, 3.047201;0.7369034, -0.1980996, 2.96055;0.4819776, -0.5295591, 3.02732;0.6769718, -0.5157728, 2.711245;0.5417564, -0.7455988, 3.0388;0.7319478, -0.8031089, 2.773372;0.5307649, -0.8108164, 3.039638;0.7013227, -0.8508447, 2.739339;
0.3486111, 0.2867748, 2.823664;0.4732033, 0.1446675, 2.863328;0.6416859, -0.1286617, 2.961349;0.396785, 0.01327291, 3.017882;0.5789641, 0.06102959, 2.763743;0.3038468, -0.6127928, 2.971253;0.5897449, -0.5807229, 2.557527;0.6754411, -0.1837592, 2.984495;0.6754373, -0.2512112, 3.047815;0.7410197, -0.2292963, 2.954846;0.4820218, -0.5320918, 3.027218;0.7048509, -0.5152117, 2.745641;0.5390484, -0.7514507, 3.037825;0.7264611, -0.7750359, 2.764406;0.4990236, -0.807893, 3.001861;0.7092509, -0.8365834, 2.746818;
0.3492676, 0.2817607, 2.824564;0.4746627, 0.1287987, 2.863097;0.6398736, -0.1392301, 2.962143;0.3959581, 0.001046959, 3.017579;0.5798101, 0.02827803, 2.762395;0.2872864, -0.6345794, 2.976429;0.5916121, -0.5979304, 2.555784;0.6731204, -0.1931441, 2.985403;0.6736236, -0.2604951, 3.051202;0.7390559, -0.2378161, 2.955196;0.4831914, -0.540216, 3.023668;0.6426067, -0.5472824, 2.680921;0.5395215, -0.7519054, 3.037749;0.7357532, -0.8087614, 2.777917;0.4982734, -0.8088036, 3.003635;0.6993274, -0.8426774, 2.733963;
0.3515245, 0.2806982, 2.82564;0.4714683, 0.1079852, 2.863109;0.640624, -0.158433, 2.962919;0.3959904, -0.002700087, 3.017615;0.5805429, 0.01692311, 2.766783;0.3151662, -0.6506811, 2.982269;0.5976219, -0.6035939, 2.55864;0.6744841, -0.2117385, 2.986328;0.6754737, -0.2768359, 3.051985;0.7406052, -0.251947, 2.956455;0.4622433, -0.5359228, 3.013686;0.6426009, -0.577939, 2.674864;0.5410092, -0.7558141, 3.039146;0.7435619, -0.8274992, 2.787222;0.5243736, -0.8201937, 3.036961;0.7037622, -0.8357584, 2.734553;
0.3569665, 0.2636496, 2.8271;0.4651824, 0.07720537, 2.861685;0.6409665, -0.1769994, 2.960877;0.3955683, -0.0660241, 3.020332;0.5775926, -0.009878305, 2.765221;0.311404, -0.6652665, 2.979148;0.6174879, -0.6224309, 2.578244;0.6757755, -0.2283518, 2.984221;0.6784763, -0.298664, 3.050945;0.7434754, -0.2647629, 2.953921;0.4698774, -0.5592558, 3.01522;0.6598222, -0.5213273, 2.722509;0.5409015, -0.7557834, 3.038769;0.725419, -0.7870847, 2.761024;0.5254136, -0.8206241, 3.03794;0.7043454, -0.8450882, 2.735798;
0.3411985, 0.188732, 2.824948;0.4669978, 0.05238169, 2.860215;0.6421395, -0.197735, 2.959014;0.3980962, -0.09367062, 3.011449;0.5786949, -0.03725957, 2.765121;0.3072307, -0.6872591, 2.981039;0.6131194, -0.6948785, 2.572158;0.677032, -0.2476925, 2.982289;0.6808119, -0.3210651, 3.052154;0.7476255, -0.2850807, 2.950414;0.4556811, -0.5603141, 3.011124;0.5702569, -0.4971857, 2.655345;0.5416966, -0.7567015, 3.036051;0.7261705, -0.7923881, 2.757692;0.5238901, -0.8210564, 3.037653;0.7034844, -0.849847, 2.732295;
0.3460298, 0.1810578, 2.827704;0.4684818, 0.03620821, 2.85604;0.6430455, -0.2073899, 2.958374;0.4002853, -0.09890121, 3.007354;0.5804604, -0.04777378, 2.765046;0.3228469, -0.7006048, 2.991099;0.6203442, -0.6996175, 2.578902;0.6779045, -0.25636, 2.982133;0.6817051, -0.3271989, 3.053965;0.7492656, -0.2938542, 2.949635;0.3693509, -0.5585433, 2.980199;0.5938988, -0.5305419, 2.662587;0.4518091, -0.8363481, 3.037986;0.7255621, -0.8086381, 2.752012;0.4151362, -0.8958857, 3.001852;0.6962755, -0.8580319, 2.71768;
0.3472137, 0.1751883, 2.827162;0.4675284, 0.01453351, 2.853157;0.6429266, -0.216181, 2.958707;0.3989949, -0.1007933, 3.00753;0.5836603, -0.0674801, 2.766084;0.3270494, -0.6956337, 2.994251;0.6310385, -0.7005386, 2.588724;0.6779052, -0.2631379, 2.982852;0.6819575, -0.3314732, 3.055864;0.7502487, -0.3006046, 2.950561;0.3682559, -0.5592165, 2.98049;0.5818126, -0.4996324, 2.643115;0.439835, -0.8401879, 3.03713;0.7293166, -0.815151, 2.747542;0.4033216, -0.9011616, 3.003009;0.6934367, -0.8386272, 2.696044;
0.3454435, 0.1307449, 2.826925;0.4684326, -0.007061143, 2.859853;0.6466419, -0.2312886, 2.958673;0.398045, -0.1066951, 3.006127;0.5852879, -0.08382604, 2.76612;0.3465605, -0.7208787, 2.977553;0.6402035, -0.7063792, 2.596068;0.6820508, -0.2765269, 2.981969;0.6865153, -0.3412734, 3.05487;0.7541676, -0.3111266, 2.948557;0.366398, -0.5566077, 2.972946;0.6224325, -0.4604626, 2.711287;0.4370424, -0.8365681, 3.033264;0.7362936, -0.8408976, 2.743488;0.4003626, -0.8978846, 3.000186;0.6934053, -0.8091204, 2.681994;
0.3501901, 0.1375839, 2.822795;0.4660934, -0.0132169, 2.853083;0.644314, -0.2571953, 2.956283;0.3966168, -0.1109283, 3.004847;0.5846393, -0.0918304, 2.769572;0.332597, -0.6660739, 2.998077;0.6459757, -0.7090365, 2.595991;0.6800154, -0.3082534, 2.981219;0.6826845, -0.371051, 3.047695;0.7485093, -0.3394696, 2.954003;0.3607227, -0.6180298, 3.058365;0.5865324, -0.5125797, 2.628681;0.5679979, -0.8367707, 3.031918;0.6294482, -0.8011311, 2.525519;0.5036834, -0.7964628, 3.029339;0.5915752, -0.8610569, 2.491518;
0.3502256, 0.1348776, 2.823067;0.4658607, -0.02883565, 2.854062;0.6452844, -0.2587459, 2.955992;0.3950373, -0.1781703, 3.000695;0.5862789, -0.1020767, 2.768258;0.3494899, -0.7400929, 2.98901;0.6595712, -0.7176718, 2.598812;0.6808421, -0.308506, 2.980775;0.6854296, -0.37394, 3.049178;0.7530889, -0.3395874, 2.951159;0.3623899, -0.594412, 3.059582;0.579434, -0.5054564, 2.628751;0.5575702, -0.8234247, 3.029518;0.6172501, -0.7945095, 2.526576;0.4976607, -0.7928435, 3.028364;0.5854297, -0.8542712, 2.486788;
0.3442458, 0.09376904, 2.816298;0.4677539, -0.04029884, 2.856327;0.636379, -0.2879747, 2.953229;0.3945516, -0.1781822, 3.001634;0.5870765, -0.1097849, 2.768777;0.3489575, -0.7616051, 2.992551;0.6628426, -0.7225521, 2.59962;0.6697356, -0.337106, 2.975934;0.6664533, -0.4250507, 3.043186;0.7449911, -0.3688645, 2.946521;0.3533635, -0.6915641, 3.053515;0.5616944, -0.4909102, 2.610067;0.6193539, -0.8308405, 3.035321;0.5989761, -0.7795524, 2.508156;0.5320607, -0.8076794, 3.03595;0.5642527, -0.83737, 2.467916;
0.3431042, 0.09294008, 2.816476;0.466589, -0.04744611, 2.858115;0.5768685, -0.3250917, 2.963341;0.3944333, -0.1785444, 3.001726;0.5873982, -0.1170206, 2.770062;0.3487571, -0.7613974, 2.992654;0.6629485, -0.753252, 2.599964;0.5992934, -0.3783567, 2.987205;0.5744085, -0.4614413, 3.067017;0.6780718, -0.4232831, 2.95228;0.1707081, -0.708634, 3.082581;0.5799743, -0.4723368, 2.563934;0.5288773, -0.7777766, 3.03557;0.6171021, -0.7608583, 2.46219;0.4645193, -0.7944588, 3.029193;0.5767543, -0.8134088, 2.419943;
0.3398049, 0.09002053, 2.817929;0.4644371, -0.05084217, 2.857944;0.5836797, -0.3162875, 2.968583;0.3941015, -0.1799976, 3.002331;0.5867361, -0.1205862, 2.771075;0.3496353, -0.7602544, 2.993212;0.6627635, -0.7534397, 2.60012;0.6101421, -0.365169, 2.995461;0.588184, -0.4413267, 3.079022;0.6966752, -0.3991563, 2.964415;0.1733332, -0.6425702, 3.091581;0.5805542, -0.50534, 2.593854;0.5405718, -0.775358, 3.036207;0.6174133, -0.7938139, 2.492264;0.4695059, -0.8105839, 3.057634;0.5789523, -0.8487062, 2.451069;
0.3400318, 0.08717911, 2.818146;0.463872, -0.06192113, 2.857795;0.5836437, -0.3165133, 2.968693;0.3938835, -0.1814536, 3.001874;0.5873612, -0.1262685, 2.771421;0.3495125, -0.7608029, 2.995298;0.6665023, -0.7103981, 2.606492;0.6098722, -0.3654278, 2.995528;0.5878131, -0.4429549, 3.079469;0.6946511, -0.4020145, 2.964851;0.1734016, -0.7049423, 3.086622;0.5829284, -0.500779, 2.591141;0.5422576, -0.7770169, 3.037694;0.6197233, -0.7891331, 2.489631;0.46633, -0.8053954, 3.049276;0.5816292, -0.844762, 2.448864;
0.340406, 0.08444847, 2.81749;0.4651982, -0.06575315, 2.855534;0.5853378, -0.3221412, 2.968022;0.3957987, -0.1959537, 3.004077;0.5881352, -0.1289525, 2.770772;0.3503528, -0.7611874, 2.995429;0.6666706, -0.710502, 2.60712;0.6109461, -0.3728524, 2.994722;0.5873742, -0.4541164, 3.075575;0.694165, -0.4094703, 2.96481;0.173316, -0.7046742, 3.086798;0.5816924, -0.494059, 2.588131;0.4734359, -0.7666854, 3.038913;0.6184231, -0.782136, 2.486733;0.4613876, -0.8293645, 3.05918;0.5807946, -0.837606, 2.44533;
0.336708, 0.07786021, 2.819279;0.4644735, -0.06699253, 2.854093;0.5858543, -0.3269619, 2.966967;0.3965585, -0.2005642, 3.004436;0.5876232, -0.130256, 2.770549;0.3570441, -0.7576298, 3.002512;0.6667325, -0.7104135, 2.607227;0.6113516, -0.3792367, 2.993506;0.587396, -0.4604522, 3.070733;0.6928645, -0.413356, 2.964742;0.1752819, -0.7055811, 3.087742;0.581127, -0.4912789, 2.586741;0.5358827, -0.7728086, 3.032921;0.6178225, -0.7792232, 2.485422;0.4688033, -0.8045083, 3.047669;0.5800401, -0.8345583, 2.443779;
0.3360513, 0.07740629, 2.819236;0.4633566, -0.06810502, 2.852674;0.5855709, -0.3281044, 2.967038;0.3941908, -0.1955169, 3.004538;0.586889, -0.1323216, 2.770489;0.3558648, -0.756727, 3.003613;0.6676298, -0.7079949, 2.610556;0.6109731, -0.3804599, 2.99374;0.5872644, -0.4605572, 3.070558;0.6912439, -0.4160702, 2.965862;0.1750827, -0.7060242, 3.087909;0.5829442, -0.4892712, 2.586224;0.5404757, -0.771351, 3.034067;0.6196093, -0.7770838, 2.484984;0.4703967, -0.8020799, 3.047151;0.58148, -0.8326741, 2.443786;
0.3358734, 0.07467923, 2.820134;0.4635897, -0.06965145, 2.853782;0.5927994, -0.32251, 2.968072;0.3967043, -0.2046008, 3.006398;0.5868767, -0.1335735, 2.770167;0.3560824, -0.756552, 3.004198;0.6682963, -0.7090388, 2.612195;0.6208273, -0.3713682, 2.994425;0.6016757, -0.4489147, 3.073782;0.7048917, -0.4042349, 2.963725;0.1874588, -0.6344016, 3.084191;0.5805633, -0.4908196, 2.592602;0.5645127, -0.6928176, 3.030685;0.6171902, -0.7785214, 2.491441;0.5096366, -0.7653136, 3.033096;0.5804097, -0.8353263, 2.450504;
0.3361124, 0.0747874, 2.819846;0.4637502, -0.06971009, 2.852761;0.5922304, -0.3235196, 2.968572;0.3971382, -0.2055296, 3.006471;0.5882654, -0.1343545, 2.769754;0.3550084, -0.7522041, 3.003912;0.6683727, -0.7079068, 2.612444;0.6191458, -0.3736752, 2.995773;0.5970836, -0.4539103, 3.075492;0.7014073, -0.4087834, 2.967688;0.1721748, -0.7098421, 3.093508;0.5835616, -0.4872949, 2.592868;0.5056428, -0.7830669, 3.031548;0.6201583, -0.7748075, 2.491796;0.4497338, -0.8186778, 3.042585;0.5833536, -0.8315009, 2.45079;
0.3392003, 0.07713505, 2.817897;0.4643604, -0.07035611, 2.852798;0.5922527, -0.3240835, 2.968981;0.3973585, -0.2068274, 3.007085;0.5888696, -0.1350893, 2.769202;0.3538356, -0.7518573, 3.003351;0.6684071, -0.7079829, 2.612421;0.6188816, -0.3743745, 2.996228;0.596184, -0.4554291, 3.07606;0.7011558, -0.4093598, 2.968125;0.1717614, -0.7088217, 3.0933;0.5838182, -0.4854941, 2.592973;0.461992, -0.771899, 3.033848;0.6203663, -0.7726712, 2.49203;0.4767177, -0.8200523, 3.086233;0.5834118, -0.8294834, 2.450938;
0.3425134, 0.07414344, 2.816984;0.4663878, -0.07188739, 2.852739;0.5910769, -0.3176123, 2.968703;0.3958325, -0.1979326, 3.004617;0.5894309, -0.1357554, 2.768034;0.3525061, -0.7525297, 3.003378;0.6692887, -0.7035392, 2.611755;0.6157365, -0.3639613, 2.995543;0.5926078, -0.4404593, 3.082895;0.6999506, -0.4062923, 2.965653;0.177713, -0.6345873, 3.095826;0.5900068, -0.4864563, 2.589432;0.4884165, -0.7960479, 3.034887;0.6265153, -0.7734648, 2.488585;0.54278, -0.8522572, 3.082183;0.5893302, -0.8308194, 2.448053;
0.3438084, 0.07340477, 2.8169;0.4672538, -0.07238851, 2.853533;0.5853054, -0.3336567, 2.970177;0.3956985, -0.1960086, 3.004606;0.5905593, -0.136492, 2.767474;0.351327, -0.7546908, 3.003055;0.6690708, -0.7046352, 2.611843;0.6063127, -0.390152, 2.996835;0.5800995, -0.4781823, 3.071291;0.6816501, -0.4359717, 2.971856;0.1825165, -0.7938918, 3.095135;0.59794, -0.4709233, 2.58196;0.5422695, -0.7604087, 3.033061;0.6344265, -0.7577808, 2.481178;0.485168, -0.8146333, 3.080044;0.6561808, -0.7811268, 2.567143;
0.3473902, 0.07521734, 2.815891;0.4692616, -0.07085021, 2.85362;0.5828917, -0.3360839, 2.968253;0.395867, -0.1928986, 3.00394;0.5909893, -0.1366242, 2.767327;0.3505626, -0.7547106, 3.002877;0.6706436, -0.6968423, 2.610185;0.6035169, -0.3923637, 2.994399;0.5780841, -0.4788023, 3.069188;0.6769655, -0.4391307, 2.968111;0.181732, -0.7903041, 3.0944;0.6038152, -0.4699962, 2.57592;0.5328023, -0.7375008, 3.043567;0.640278, -0.7567068, 2.4752;0.5057507, -0.8048903, 3.099709;0.6592974, -0.7802669, 2.56185;
0.3578903, 0.09474238, 2.819609;0.4733572, -0.06561066, 2.851415;0.652069, -0.285204, 2.954178;0.3963264, -0.1887357, 3.00571;0.5916833, -0.1358752, 2.767717;0.3532709, -0.7327759, 2.993768;0.6708066, -0.7592009, 2.609749;0.6864376, -0.3308802, 2.978795;0.6892087, -0.4022174, 3.051585;0.7609993, -0.3623189, 2.94995;0.3618532, -0.628059, 3.055976;0.5784221, -0.4975665, 2.623899;0.5675002, -0.8433628, 3.025974;0.6390058, -0.7876139, 2.567655;0.5052457, -0.7867838, 3.025845;0.6741342, -0.8062103, 2.650241;
0.3605146, 0.09679689, 2.81876;0.4777369, -0.05935766, 2.8512;0.6542187, -0.2829123, 2.955683;0.3982064, -0.1900098, 3.007137;0.5927756, -0.1333835, 2.7685;0.3535901, -0.7306268, 2.99299;0.6729804, -0.7231297, 2.62156;0.6889462, -0.3283528, 2.980563;0.6911744, -0.4007894, 3.052678;0.7646933, -0.3570345, 2.953132;0.362685, -0.6280233, 3.057035;0.5804813, -0.495604, 2.630044;0.5680442, -0.8428691, 3.026052;0.6399991, -0.7853608, 2.574037;0.5050537, -0.7889303, 3.026446;0.6741188, -0.8064275, 2.65636;
0.3626576, 0.1079868, 2.81873;0.4790084, -0.04619503, 2.852878;0.6570598, -0.2660879, 2.959391;0.3997015, -0.1784114, 3.009915;0.5953062, -0.1233847, 2.773532;0.3467, -0.7091253, 2.999088;0.6834246, -0.6997592, 2.620995;0.6925701, -0.3098835, 2.984433;0.6969258, -0.3792782, 3.060158;0.7689745, -0.3406039, 2.95444;0.3657763, -0.5867977, 3.061349;0.5878463, -0.495542, 2.637846;0.5421857, -0.8254392, 3.0302;0.6458123, -0.7851999, 2.582224;0.4939907, -0.7780495, 3.026361;0.6788799, -0.8115599, 2.663471;
0.3664567, 0.1277292, 2.823493;0.4811476, -0.02701184, 2.855346;0.6592518, -0.2581171, 2.960168;0.4008208, -0.1741094, 3.011582;0.5965151, -0.1035428, 2.773501;0.351701, -0.70525, 2.995565;0.683694, -0.6998968, 2.616079;0.6946996, -0.3036654, 2.984822;0.6983599, -0.3748755, 3.058284;0.7703081, -0.3306282, 2.955878;0.5102342, -0.6274503, 3.027953;0.5930451, -0.4940901, 2.642266;0.4875846, -0.7488391, 3.03056;0.6972137, -0.7487226, 2.69397;0.5235777, -0.8061304, 3.031308;0.6646864, -0.8097452, 2.654536;
0.3671553, 0.1550277, 2.82821;0.486302, 0.006523367, 2.862104;0.658466, -0.2378434, 2.964009;0.4069716, -0.124613, 3.018051;0.5965237, -0.08627917, 2.776069;0.3584952, -0.6761816, 2.993848;0.6822578, -0.6948084, 2.615479;0.6931951, -0.2863743, 2.9879;0.694262, -0.3602942, 3.060433;0.769384, -0.318431, 2.957522;0.5003672, -0.6743198, 3.042278;0.6231226, -0.5276398, 2.656466;0.5346681, -0.7624947, 3.039913;0.7118885, -0.7790456, 2.737748;0.5068234, -0.8225482, 3.025511;0.7052339, -0.8458495, 2.728685;
0.3692943, 0.1649846, 2.832359;0.4890754, 0.019433, 2.864177;0.6547499, -0.225064, 2.967548;0.4085287, -0.1165446, 3.018893;0.59752, -0.06856176, 2.776132;0.3587909, -0.6737394, 2.993989;0.6877606, -0.6828135, 2.604932;0.6879058, -0.273572, 2.991713;0.6873113, -0.3446191, 3.067435;0.7642995, -0.3119771, 2.95939;0.5106963, -0.6370221, 3.034318;0.6259559, -0.5272643, 2.65973;0.5180873, -0.7492567, 3.038202;0.7148067, -0.7795855, 2.745389;0.4807286, -0.8090304, 3.000817;0.7046747, -0.844445, 2.728355;
0.379481, 0.2181413, 2.854602;0.4915382, 0.05791935, 2.868324;0.6525918, -0.2092202, 2.970179;0.4103846, -0.07495779, 3.02491;0.5964867, -0.03948042, 2.777858;0.357215, -0.6675466, 2.994991;0.6927598, -0.5879854, 2.623296;0.6853205, -0.2613428, 2.993943;0.6830468, -0.3293875, 3.065359;0.7557968, -0.29655, 2.963945;0.4755899, -0.5595588, 3.018009;0.6350723, -0.5268462, 2.669035;0.5194531, -0.7482928, 3.037481;0.7167141, -0.7788208, 2.748386;0.4786249, -0.8063991, 3.000868;0.7053906, -0.8438089, 2.732241;
0.3980671, 0.2692846, 2.860499;0.4965013, 0.08996899, 2.874884;0.6490103, -0.1822795, 2.979966;0.4017411, -0.01760422, 3.034341;0.597936, 0.003979034, 2.779504;0.3618325, -0.6235831, 2.993599;0.6997075, -0.5617177, 2.624206;0.6798743, -0.2367776, 3.004085;0.6748358, -0.3027047, 3.071472;0.747543, -0.2786137, 2.975569;0.4659603, -0.5483007, 3.018116;0.6454232, -0.518917, 2.682621;0.5284829, -0.7507992, 3.037473;0.7200029, -0.7768102, 2.751051;0.5201191, -0.8180852, 3.031965;0.7054572, -0.8406337, 2.73254;
0.3940372, 0.2824954, 2.860292;0.5009171, 0.1274435, 2.877773;0.6488318, -0.1593746, 2.978979;0.4038255, -0.01188349, 3.033702;0.6021121, 0.03189527, 2.780584;0.3567442, -0.5976665, 2.996809;0.6976597, -0.5448558, 2.626843;0.6787857, -0.2161911, 3.002674;0.672649, -0.2866732, 3.068087;0.7448742, -0.2570845, 2.974835;0.464271, -0.5419359, 3.017901;0.6527894, -0.5129642, 2.693403;0.5314253, -0.7540569, 3.038292;0.7153424, -0.7917768, 2.736408;0.5229429, -0.8214536, 3.033178;0.7012976, -0.8582436, 2.731375;
0.4047253, 0.3231457, 2.866812;0.5035318, 0.1579414, 2.878858;0.6487446, -0.1365884, 2.981295;0.4079833, 0.01195946, 3.035622;0.6053336, 0.05722893, 2.784543;0.3640039, -0.5702543, 3.000421;0.6896119, -0.505582, 2.636831;0.6780146, -0.1954838, 3.00506;0.6693933, -0.2600637, 3.066803;0.7418034, -0.2364722, 2.979035;0.4351818, -0.5561383, 3.001765;0.6607987, -0.5034688, 2.706;0.5113583, -0.8322964, 3.039129;0.7194285, -0.7825167, 2.749052;0.4689449, -0.8875483, 2.999256;0.703563, -0.8459183, 2.729493;
0.4126378, 0.3725805, 2.876483;0.5039186, 0.2071414, 2.889667;0.6389099, -0.1028633, 2.988579;0.41189, 0.05365389, 3.036812;0.6078923, 0.09345556, 2.793625;0.3682884, -0.546518, 2.994519;0.697318, -0.4657981, 2.637471;0.6662459, -0.1641335, 3.011839;0.6538419, -0.2309401, 3.072168;0.7308454, -0.2126676, 2.985137;0.4475915, -0.5458295, 3.004531;0.6660793, -0.4922036, 2.719449;0.5167205, -0.8242826, 3.037308;0.7240135, -0.7738594, 2.757585;0.4728509, -0.8777673, 2.99636;0.707312, -0.8353275, 2.732858;
0.4193256, 0.4285223, 2.886101;0.5082546, 0.2431186, 2.891016;0.6320047, -0.07000377, 2.990467;0.4081927, 0.1067174, 3.04005;0.611185, 0.1400643, 2.797673;0.3677012, -0.4571737, 2.999509;0.6995153, -0.4513366, 2.633772;0.6569366, -0.1325333, 3.013699;0.6382436, -0.190102, 3.071109;0.7188383, -0.1823767, 2.989012;0.4653302, -0.5243618, 3.008317;0.6692663, -0.4753053, 2.72681;0.5221294, -0.8062351, 3.035539;0.7261531, -0.7731563, 2.758369;0.5763303, -0.846845, 3.045314;0.7097176, -0.8367015, 2.739021;
0.425613, 0.4569667, 2.894214;0.517306, 0.2930511, 2.891352;0.6427145, -0.02839992, 2.998514;0.4155247, 0.1334565, 3.039539;0.6109938, 0.1622358, 2.799459;0.3678386, -0.4458452, 2.995338;0.7017184, -0.4154549, 2.64073;0.6677584, -0.09265123, 3.023127;0.6486093, -0.1614983, 3.078848;0.7289979, -0.132867, 3.000759;0.4838683, -0.4988143, 3.012942;0.6729189, -0.4709986, 2.733675;0.5296325, -0.7828676, 3.036831;0.7264032, -0.7732517, 2.758646;0.4844781, -0.8357178, 2.995944;0.7097875, -0.8367991, 2.739035;
0.4330815, 0.4975031, 2.904006;0.5216179, 0.328794, 2.899037;0.6372665, -0.01365356, 2.999178;0.420581, 0.1909228, 3.041704;0.6141554, 0.2113876, 2.805847;0.370977, -0.3912406, 2.995598;0.6926615, -0.3577869, 2.648844;0.6610963, -0.08041886, 3.023007;0.6408445, -0.1420339, 3.076679;0.719978, -0.1259611, 3.000493;0.4851656, -0.4836974, 3.016896;0.685316, -0.4528898, 2.75057;0.5389454, -0.7491565, 3.037863;0.7272014, -0.7729445, 2.759104;0.4919062, -0.7999935, 2.996354;0.7093037, -0.8366849, 2.741005;
0.4428234, 0.5349166, 2.917041;0.5354572, 0.3270298, 2.91319;0.6330004, 0.01501173, 2.996881;0.4217887, 0.2162984, 3.04809;0.6180179, 0.2363539, 2.811193;0.3706118, -0.3633124, 2.999935;0.6891158, -0.3269634, 2.649494;0.6501637, -0.03971766, 3.015058;0.6320319, -0.1000749, 3.069498;0.7064017, -0.1029282, 2.98954;0.5039721, -0.4537251, 3.022722;0.6870677, -0.4478577, 2.756072;0.539912, -0.7477107, 3.038231;0.727991, -0.7730875, 2.7595;0.4921769, -0.7970025, 2.996013;0.7098577, -0.837263, 2.743936;
0.4616555, 0.5744898, 2.93327;0.5567039, 0.3395723, 2.940567;0.6290079, 0.04133243, 3.000914;0.4322654, 0.2696183, 3.053026;0.6239437, 0.2640844, 2.811964;0.3777837, -0.307332, 2.998824;0.6877954, -0.2945887, 2.65409;0.6439952, -0.01780382, 3.016477;0.6264223, -0.08413698, 3.067177;0.6907749, -0.07016281, 2.989392;0.512226, -0.4447219, 3.025131;0.6879262, -0.4428569, 2.763208;0.5425913, -0.746921, 3.040494;0.7295977, -0.7694995, 2.76148;0.4907182, -0.7928486, 2.99908;0.710457, -0.8369662, 2.744789;
0.4779589, 0.5989801, 2.950314;0.5638744, 0.3585121, 2.951868;0.6251066, 0.06553928, 3.000744;0.4350062, 0.2835941, 3.056253;0.6328394, 0.3158474, 2.822349;0.3791041, -0.3001496, 2.997022;0.6838254, -0.2590896, 2.653134;0.6371365, 0.008260548, 3.013695;0.61663, -0.05814146, 3.060039;0.6839802, -0.05143548, 2.985141;0.5186815, -0.4385086, 3.028706;0.6922693, -0.4326551, 2.773907;0.5435308, -0.7455728, 3.041411;0.7312178, -0.7700911, 2.762401;0.4933992, -0.7894151, 2.996088;0.710788, -0.8367963, 2.745465;
0.4773437, 0.6266652, 2.9544;0.5725808, 0.3903193, 2.962786;0.6203025, 0.09567989, 2.999776;0.4398011, 0.3280114, 3.067702;0.6324256, 0.3379791, 2.832931;0.3757274, -0.2407737, 2.999184;0.686912, -0.2331137, 2.657695;0.629984, 0.03713119, 3.010633;0.607819, -0.03236271, 3.056011;0.6733707, -0.02196914, 2.978087;0.5215544, -0.4327777, 3.029006;0.6950315, -0.4257359, 2.778269;0.5435916, -0.7442224, 3.041543;0.7323772, -0.7699771, 2.763837;0.4909468, -0.7857018, 2.997133;0.7117509, -0.8379078, 2.748373;
0.5032054, 0.6580174, 2.979122;0.5809578, 0.4114776, 2.968844;0.617467, 0.1206425, 2.998128;0.4497402, 0.3542094, 3.069057;0.6410276, 0.3653846, 2.838957;0.3800482, -0.2306246, 3.005048;0.6866333, -0.1996282, 2.661441;0.6245686, 0.06332818, 3.007189;0.6000307, -0.006863915, 3.052604;0.6661821, -0.001594589, 2.971685;0.5286981, -0.4233518, 3.030705;0.6961873, -0.4127599, 2.784532;0.5443711, -0.7431104, 3.041941;0.7327266, -0.7690404, 2.763921;0.4912278, -0.7829027, 2.996583;0.7115366, -0.8379133, 2.747465;
0.5173858, 0.6727663, 2.994901;0.5860732, 0.4210603, 2.972553;0.613522, 0.1454113, 2.992784;0.4576693, 0.375681, 3.06572;0.6485541, 0.3907805, 2.845549;0.3830094, -0.2117327, 3.010947;0.6892624, -0.1786884, 2.665425;0.6178967, 0.09194521, 2.999079;0.5910997, 0.02757175, 3.040684;0.655797, 0.02248853, 2.961005;0.5305432, -0.42156, 3.030888;0.6983094, -0.4040058, 2.789902;0.5450571, -0.7434295, 3.042495;0.7344698, -0.7677764, 2.766029;0.4921989, -0.7816595, 2.995468;0.7111025, -0.837903, 2.746645;
0.5219013, 0.692715, 2.998842;0.5964895, 0.4417836, 2.979772;0.6122866, 0.1654005, 2.987761;0.462638, 0.400669, 3.0783;0.6574728, 0.4071321, 2.848971;0.3823783, -0.2105096, 3.010413;0.6869612, -0.1625004, 2.668485;0.6152418, 0.110818, 2.992488;0.5867462, 0.03872193, 3.034247;0.6518642, 0.04377222, 2.950392;0.535099, -0.4109346, 3.030119;0.6979387, -0.3993625, 2.792822;0.5455723, -0.743293, 3.042438;0.7346313, -0.7675351, 2.766562;0.4911986, -0.7796322, 2.995381;0.7134406, -0.838968, 2.745992;
0.5278103, 0.7074562, 3.005098;0.6039091, 0.45597, 2.985984;0.6105093, 0.1754217, 2.98578;0.4644817, 0.4081486, 3.086169;0.664126, 0.4185792, 2.852973;0.3887694, -0.186426, 3.012075;0.6874917, -0.1512274, 2.669318;0.6119959, 0.120481, 2.989178;0.5800257, 0.04625345, 3.029895;0.6478186, 0.05332643, 2.944099;0.5371518, -0.4108025, 3.030459;0.698491, -0.3942926, 2.79703;0.5488456, -0.7456306, 3.046641;0.7352111, -0.7666573, 2.76795;0.4940513, -0.7806187, 2.998919;0.7134382, -0.8386702, 2.74491;
0.5348639, 0.7208757, 3.013323;0.6074538, 0.467544, 2.994335;0.6075261, 0.1847699, 2.983607;0.4665136, 0.4158475, 3.093409;0.6756154, 0.4330866, 2.857306;0.3876006, -0.1961719, 3.017367;0.6870076, -0.1441377, 2.673698;0.6075429, 0.1297015, 2.984935;0.570304, 0.05519263, 3.021958;0.6434238, 0.06297336, 2.936814;0.5386363, -0.4085044, 3.029432;0.6992103, -0.3900272, 2.799742;0.5504711, -0.7447783, 3.046201;0.7363451, -0.7668614, 2.770001;0.4959291, -0.7785048, 2.997281;0.7127278, -0.8382542, 2.744422;
0.5425047, 0.7357354, 3.018806;0.6180774, 0.4828098, 3.00237;0.6046727, 0.1917997, 2.981852;0.4743212, 0.4312201, 3.10496;0.6780004, 0.4390811, 2.859511;0.3915351, -0.1945917, 3.014997;0.6875474, -0.1339318, 2.673107;0.6025227, 0.1360072, 2.981587;0.5620161, 0.06154788, 3.017725;0.6343501, 0.07096057, 2.929349;0.5405249, -0.4052134, 3.027221;0.6987183, -0.3836898, 2.802364;0.5531901, -0.743709, 3.046204;0.7388061, -0.7636729, 2.771668;0.4966688, -0.7761349, 2.998603;0.7125421, -0.8381265, 2.744457;
0.5474796, 0.7406964, 3.023431;0.6222576, 0.4868986, 3.007429;0.6007025, 0.1973381, 2.980758;0.4753874, 0.4325222, 3.104796;0.6837395, 0.4458121, 2.862295;0.4007694, -0.155746, 3.018317;0.6897132, -0.1129535, 2.676971;0.5958605, 0.1417741, 2.978735;0.5510051, 0.06540702, 3.014719;0.6254636, 0.07542272, 2.922206;0.540908, -0.4041737, 3.026684;0.6983187, -0.3781655, 2.804572;0.5556373, -0.7438896, 3.046485;0.7395792, -0.7625527, 2.771455;0.4995145, -0.7754636, 2.99785;0.7131779, -0.8385328, 2.748453;
0.5563728, 0.7441789, 3.03486;0.6244398, 0.4870804, 3.008662;0.599978, 0.2011249, 2.977815;0.4760191, 0.434087, 3.106398;0.69181, 0.4526311, 2.865438;0.4027072, -0.1529, 3.020514;0.691117, -0.105559, 2.678037;0.594359, 0.1460827, 2.974301;0.5478388, 0.06775682, 3.008532;0.6243261, 0.07958432, 2.916451;0.5425537, -0.4026323, 3.025939;0.6979198, -0.3778319, 2.806144;0.5566705, -0.7457583, 3.04671;0.7404641, -0.7593735, 2.771303;0.5012673, -0.7769323, 2.997008;0.7130747, -0.8385276, 2.749159;
0.5609953, 0.7477405, 3.037754;0.6275931, 0.4894842, 3.009137;0.5984024, 0.2051722, 2.973639;0.4775687, 0.4360824, 3.106125;0.6936858, 0.4544032, 2.866916;0.4042488, -0.1519149, 3.021356;0.6933222, -0.10292, 2.678151;0.5917572, 0.149878, 2.969022;0.5438354, 0.06995998, 3.002792;0.62077, 0.08369865, 2.908735;0.5430513, -0.4014068, 3.025111;0.6949196, -0.3717906, 2.809396;0.5567917, -0.7453765, 3.04611;0.7425832, -0.7559924, 2.772641;0.5014397, -0.7761715, 2.99612;0.7147787, -0.8363662, 2.75234;
0.5618883, 0.7489526, 3.039113;0.6301489, 0.4905581, 3.010766;0.5974619, 0.2068511, 2.971815;0.4846755, 0.4397902, 3.112084;0.697147, 0.4565616, 2.868994;0.4047544, -0.1513635, 3.021298;0.6947755, -0.1024704, 2.67789;0.5901335, 0.15156, 2.966377;0.5414977, 0.07133914, 2.999552;0.6180938, 0.08548246, 2.904446;0.5429864, -0.4004421, 3.023422;0.6939578, -0.3713605, 2.810551;0.5575696, -0.745062, 3.046341;0.7425281, -0.7558562, 2.772707;0.5013622, -0.7756611, 2.997183;0.7153711, -0.8356528, 2.753316;
0.5689821, 0.7499005, 3.046253;0.632356, 0.4894536, 3.010873;0.5971812, 0.2071946, 2.970507;0.4855936, 0.4401225, 3.112706;0.6978632, 0.4567621, 2.869412;0.4050209, -0.15082, 3.021543;0.6978549, -0.09966265, 2.677816;0.5895287, 0.1519386, 2.964769;0.5406153, 0.07154446, 2.997215;0.6170514, 0.08589986, 2.902967;0.5427424, -0.400488, 3.022529;0.693516, -0.3713404, 2.810591;0.5590028, -0.7465596, 3.048025;0.7426348, -0.755639, 2.773126;0.5027004, -0.7770484, 2.9989;0.7149439, -0.8352736, 2.752442;
0.5731221, 0.7511195, 3.044863;0.6341357, 0.4895958, 3.011632;0.5962637, 0.2075275, 2.968293;0.4871096, 0.4406136, 3.112734;0.6983486, 0.4564739, 2.869735;0.4053068, -0.149914, 3.024608;0.6991801, -0.09979325, 2.678026;0.5878697, 0.1520652, 2.961592;0.5383577, 0.07184961, 2.992753;0.6143736, 0.08648259, 2.899112;0.5423791, -0.4006528, 3.020977;0.691875, -0.3731225, 2.809821;0.5590315, -0.746209, 3.047722;0.7421083, -0.7575628, 2.773997;0.5026246, -0.7765462, 2.998687;0.7141348, -0.8349357, 2.753334;
0.5721813, 0.7490476, 3.046501;0.6358173, 0.4881934, 3.011688;0.596157, 0.2075559, 2.966305;0.4884539, 0.4411214, 3.11327;0.6998404, 0.4563941, 2.870165;0.4052612, -0.1494181, 3.025067;0.6995475, -0.1005777, 2.67789;0.5875616, 0.152186, 2.959301;0.5378068, 0.07151728, 2.989426;0.6138532, 0.08687457, 2.896931;0.5423817, -0.3997816, 3.020097;0.6899297, -0.3762508, 2.808424;0.5598723, -0.7451596, 3.04708;0.7416347, -0.7571496, 2.774331;0.503475, -0.77541, 2.99803;0.713475, -0.8334581, 2.749975;
0.5780333, 0.7504027, 3.046553;0.6364105, 0.4873117, 3.011973;0.5957189, 0.2073812, 2.965436;0.4906898, 0.4426407, 3.112176;0.6997509, 0.4563078, 2.870498;0.4049511, -0.1485426, 3.026696;0.6998099, -0.1009764, 2.677745;0.5869669, 0.1520244, 2.958298;0.5375922, 0.07149162, 2.988082;0.6125899, 0.0870364, 2.89608;0.5400299, -0.3996555, 3.017692;0.6885953, -0.377264, 2.807535;0.5604916, -0.7466186, 3.048629;0.741487, -0.7568359, 2.774734;0.5040259, -0.7768245, 2.999677;0.7120183, -0.8321782, 2.744746;
0.580955, 0.7517395, 3.045108;0.636728, 0.4876751, 3.012057;0.5939904, 0.2076495, 2.960975;0.4911648, 0.4427667, 3.111251;0.6997811, 0.4560452, 2.870811;0.4046085, -0.1478394, 3.027923;0.6998046, -0.1010628, 2.677622;0.5845946, 0.1519093, 2.952552;0.5349402, 0.07078511, 2.981999;0.609226, 0.08757205, 2.887711;0.5384499, -0.3971915, 3.014795;0.6863094, -0.3775831, 2.806963;0.5605733, -0.7465046, 3.048341;0.7414582, -0.7567997, 2.774841;0.5041702, -0.776614, 2.999316;0.7128148, -0.8315417, 2.747123;
0.5827683, 0.7528825, 3.049057;0.6369442, 0.4878861, 3.01183;0.593174, 0.2083531, 2.960378;0.4914784, 0.4429573, 3.111192;0.6998114, 0.4559853, 2.870872;0.4047713, -0.1460932, 3.033967;0.6993711, -0.1010845, 2.677408;0.5836677, 0.1526389, 2.952159;0.5340903, 0.07115363, 2.982038;0.6079472, 0.08792228, 2.88727;0.5368152, -0.3972927, 3.013411;0.684257, -0.3801567, 2.806449;0.5599916, -0.7458766, 3.047156;0.7410604, -0.7564058, 2.775048;0.50359, -0.7759647, 2.998163;0.7127263, -0.8315193, 2.747009;
0.5886797, 0.7545503, 3.052493;0.6371408, 0.4877906, 3.012013;0.59258, 0.2082732, 2.960292;0.4929375, 0.4451861, 3.112397;0.698523, 0.4559366, 2.871123;0.4047552, -0.145849, 3.035254;0.6982043, -0.1011397, 2.677409;0.5828816, 0.1525377, 2.952136;0.5337468, 0.07122751, 2.982046;0.6060553, 0.08812099, 2.887712;0.5348858, -0.3972319, 3.011914;0.6826054, -0.3815751, 2.806131;0.5599323, -0.7457486, 3.046767;0.7418321, -0.7552803, 2.776127;0.5032275, -0.7758289, 2.998163;0.7124718, -0.8316736, 2.747625;
0.5858607, 0.7553204, 3.051009;0.6371078, 0.4885687, 3.012121;0.5910588, 0.2084989, 2.959024;0.4943792, 0.4461634, 3.111448;0.6980449, 0.4558546, 2.871273;0.4030815, -0.1459779, 3.037201;0.6958029, -0.101057, 2.677493;0.5811158, 0.1525256, 2.950722;0.5325171, 0.07141289, 2.980943;0.6036677, 0.08858591, 2.886135;0.5347882, -0.3972134, 3.011902;0.6813945, -0.3814461, 2.805371;0.55902, -0.7471346, 3.046377;0.7417883, -0.7552564, 2.776069;0.5022544, -0.7771917, 2.997879;0.7121562, -0.8317842, 2.747631;
0.5853453, 0.756706, 3.051362;0.6368119, 0.4894899, 3.012416;0.5891299, 0.2090501, 2.95825;0.4945408, 0.4463287, 3.11144;0.6976395, 0.4557242, 2.871695;0.4031392, -0.1459772, 3.036851;0.6937327, -0.09940045, 2.677838;0.5789349, 0.1529287, 2.949878;0.530147, 0.07167847, 2.980484;0.6010036, 0.08879593, 2.884606;0.5340152, -0.39656, 3.010797;0.68065, -0.3814148, 2.804883;0.5589123, -0.746