0.5438294, 0.8014723, 3.016383;0.62606, 0.5930626, 2.995926;0.5760944, 0.225227, 2.933467;0.4811555, 0.441103, 3.075018;0.7034026, 0.4552697, 2.859181;0.414377, -0.1619083, 2.960819;0.6591707, -0.1126512, 2.681399;0.5661013, 0.1516599, 2.924457;0.5063254, 0.07654516, 2.964835;0.6063366, 0.08292018, 2.856146;0.540569, -0.4001718, 2.98584;0.6906786, -0.3787387, 2.795732;0.5728814, -0.7487709, 3.035555;0.7619529, -0.7619616, 2.774081;0.5241801, -0.8222227, 3.015591;0.7380117, -0.8418452, 2.751512;
0.544811, 0.803308, 3.015112;0.6261639, 0.5940372, 2.995622;0.5759695, 0.2254869, 2.933333;0.4809361, 0.440733, 3.076896;0.70339, 0.4552766, 2.859301;0.4140244, -0.1625274, 2.96108;0.6589609, -0.1135843, 2.680893;0.5659541, 0.1518445, 2.924342;0.5061683, 0.07660272, 2.964821;0.6061387, 0.08308308, 2.855898;0.5403956, -0.4012762, 2.986187;0.690279, -0.3775627, 2.795565;0.5722635, -0.7513212, 3.034782;0.7619862, -0.7614326, 2.774582;0.519681, -0.8388853, 3.026489;0.7382636, -0.8419255, 2.751904;
0.5458429, 0.8037804, 3.017107;0.6262366, 0.5938963, 2.995367;0.5758644, 0.2254592, 2.933252;0.4819814, 0.4404517, 3.076424;0.7032562, 0.4552887, 2.859441;0.4142269, -0.1634012, 2.961707;0.6590019, -0.1134033, 2.680928;0.5658048, 0.1518254, 2.924273;0.506143, 0.07660922, 2.964826;0.605624, 0.08321209, 2.855784;0.5383544, -0.39696, 2.985796;0.6900202, -0.3778847, 2.795438;0.5721324, -0.7506362, 3.034052;0.7621663, -0.7600499, 2.774647;0.5194243, -0.8385886, 3.026517;0.7383662, -0.8414782, 2.751593;
0.5442589, 0.8056166, 3.021035;0.625764, 0.5954806, 2.994838;0.5757267, 0.2255414, 2.933279;0.4814433, 0.4405206, 3.076697;0.7031614, 0.4553708, 2.859571;0.414124, -0.1638437, 2.963959;0.6557322, -0.1270307, 2.677419;0.5656922, 0.1518231, 2.924338;0.5059791, 0.07658412, 2.96489;0.6055807, 0.08321388, 2.855905;0.537917, -0.3966487, 2.986091;0.6900259, -0.3778978, 2.795543;0.5718251, -0.7504824, 3.033968;0.7622455, -0.760249, 2.775;0.5208735, -0.8374282, 3.027535;0.7384993, -0.8416031, 2.751956;
0.5436063, 0.8072883, 3.021281;0.6260267, 0.5971217, 2.995585;0.5755448, 0.2258789, 2.933374;0.4813722, 0.4404898, 3.07672;0.7028093, 0.45551, 2.859753;0.4137791, -0.1628485, 2.963414;0.6574928, -0.1172821, 2.679599;0.5654858, 0.1520203, 2.924391;0.5057959, 0.07668216, 2.965006;0.6052482, 0.08345485, 2.855809;0.5380767, -0.3969843, 2.986145;0.6897318, -0.3780806, 2.795599;0.5714059, -0.7500167, 3.033693;0.7619908, -0.7605046, 2.775096;0.5192555, -0.8328969, 3.02534;0.738605, -0.8415919, 2.752028;
0.5442514, 0.8057482, 3.021509;0.6264348, 0.5953463, 2.993989;0.5754966, 0.2259501, 2.933266;0.4811382, 0.4409804, 3.076858;0.7028289, 0.4557029, 2.859752;0.4137365, -0.1646179, 2.963696;0.6573545, -0.1171309, 2.679351;0.5653782, 0.1522219, 2.924324;0.5055599, 0.0768512, 2.96506;0.6051642, 0.08352728, 2.855743;0.5381402, -0.3970035, 2.986134;0.6896771, -0.3781717, 2.79567;0.5715784, -0.7494875, 3.034134;0.7622598, -0.7589577, 2.77458;0.5206411, -0.8318654, 3.023892;0.7384593, -0.8412137, 2.751724;
0.5445253, 0.8058845, 3.021166;0.6263503, 0.59527, 2.993693;0.5754282, 0.2260186, 2.933254;0.4802105, 0.4401466, 3.076641;0.702814, 0.4556711, 2.859695;0.4135722, -0.1637124, 2.962922;0.657431, -0.1158538, 2.679494;0.5652992, 0.1523091, 2.924355;0.5052521, 0.07668155, 2.96532;0.6051292, 0.08353248, 2.855683;0.538188, -0.3969031, 2.986025;0.6898149, -0.3784489, 2.795728;0.5714263, -0.7493821, 3.033949;0.7616786, -0.7592596, 2.774583;0.5226048, -0.8310294, 3.023297;0.739428, -0.8403862, 2.75071;
0.5486887, 0.8075117, 3.020535;0.6262705, 0.5953, 2.993733;0.5753285, 0.2261005, 2.933224;0.4797996, 0.4407307, 3.076867;0.7025761, 0.4556471, 2.859803;0.4136605, -0.1612373, 2.9644;0.6553828, -0.1258705, 2.676915;0.5651957, 0.1523933, 2.924326;0.505137, 0.07670726, 2.965418;0.6049346, 0.08336146, 2.855268;0.5382288, -0.3969644, 2.986017;0.6898722, -0.3779052, 2.795951;0.5710295, -0.7492957, 3.033872;0.761749, -0.7586363, 2.774055;0.5220099, -0.8314397, 3.024475;0.7393809, -0.8405975, 2.751703;
0.5489272, 0.807075, 3.020662;0.6257359, 0.5946007, 2.994045;0.5751219, 0.2261856, 2.933311;0.4795247, 0.4406635, 3.077146;0.7026463, 0.4557516, 2.859734;0.4143519, -0.1558955, 2.966091;0.6548439, -0.1275787, 2.676506;0.5649717, 0.1525799, 2.924434;0.5047454, 0.07669618, 2.965641;0.6048661, 0.08340958, 2.855244;0.5380731, -0.3967265, 2.985892;0.6897589, -0.3773497, 2.79595;0.5721157, -0.7487125, 3.035055;0.761852, -0.7583682, 2.774012;0.5228418, -0.8308259, 3.024214;0.739229, -0.840502, 2.751429;
0.5473146, 0.8053747, 3.019985;0.6255228, 0.5934947, 2.99347;0.5747204, 0.2260163, 2.933287;0.4794382, 0.4406894, 3.077737;0.7025595, 0.4555935, 2.859562;0.4142505, -0.1556353, 2.966334;0.6546412, -0.1277242, 2.676282;0.5644943, 0.152495, 2.924494;0.5040023, 0.07595328, 2.965754;0.6041275, 0.08375497, 2.855439;0.5380239, -0.3966582, 2.985822;0.6906509, -0.379261, 2.796621;0.5719504, -0.7484438, 3.035152;0.7618413, -0.7583438, 2.77407;0.523655, -0.8306448, 3.024316;0.7392883, -0.8407273, 2.752017;
0.5474201, 0.8059492, 3.020136;0.6257202, 0.5941322, 2.992821;0.5743159, 0.2260981, 2.933286;0.4792521, 0.4417921, 3.076016;0.7018643, 0.4555623, 2.859227;0.4140609, -0.1539506, 2.966806;0.6586659, -0.1088056, 2.681946;0.5638522, 0.1525138, 2.92464;0.5032147, 0.07558464, 2.966264;0.6030479, 0.08418795, 2.855705;0.5379893, -0.3966617, 2.985793;0.6906146, -0.3792949, 2.79664;0.5717481, -0.7479649, 3.034773;0.7620615, -0.7582154, 2.774488;0.5251709, -0.8301672, 3.023372;0.7395682, -0.8407884, 2.752773;
0.5481271, 0.8066403, 3.020169;0.625075, 0.5940468, 2.992751;0.5738819, 0.2260321, 2.933257;0.4785786, 0.4417656, 3.074932;0.7016552, 0.4556877, 2.859267;0.4134549, -0.1588517, 2.966033;0.6479422, -0.1530485, 2.666976;0.5634875, 0.1524521, 2.924639;0.5027859, 0.07510854, 2.966196;0.6027725, 0.08445077, 2.85579;0.5378515, -0.3970421, 2.985989;0.6906295, -0.3795402, 2.796456;0.5717415, -0.7479035, 3.034896;0.7621065, -0.757903, 2.774546;0.5254999, -0.8300256, 3.023437;0.7396759, -0.8409252, 2.752948;
0.5477992, 0.8065575, 3.019973;0.6248189, 0.5941072, 2.992693;0.5732719, 0.2262525, 2.933389;0.4784341, 0.4417794, 3.074925;0.7015595, 0.4557676, 2.859264;0.4128611, -0.1640437, 2.96531;0.6571791, -0.1136635, 2.679598;0.5628105, 0.1527116, 2.924852;0.5019634, 0.07486833, 2.966697;0.6021597, 0.08479633, 2.855824;0.5377073, -0.3971092, 2.986054;0.6905918, -0.3794809, 2.796691;0.5719682, -0.7474247, 3.034965;0.7621075, -0.7579757, 2.774582;0.5252847, -0.8301142, 3.023814;0.7397174, -0.8410094, 2.752892;
0.5444305, 0.8047701, 3.018775;0.6249624, 0.5938033, 2.992553;0.5729313, 0.2260988, 2.933466;0.4782214, 0.4417838, 3.074879;0.7013274, 0.455457, 2.859237;0.4127006, -0.1633137, 2.965547;0.6527841, -0.1278587, 2.674927;0.5622948, 0.1525601, 2.925017;0.5011934, 0.07444414, 2.966957;0.6015533, 0.08482836, 2.856076;0.5376275, -0.3973134, 2.986018;0.6905053, -0.3795401, 2.796658;0.5716985, -0.7471167, 3.034384;0.7620487, -0.7579595, 2.774501;0.5253255, -0.8302714, 3.024114;0.739728, -0.8410199, 2.75289;
0.5461017, 0.8055178, 3.019546;0.6246426, 0.5938262, 2.991974;0.5727916, 0.2262312, 2.933242;0.4784715, 0.4420975, 3.072976;0.7018194, 0.4557624, 2.858787;0.4123594, -0.1632095, 2.96551;0.6530399, -0.1262075, 2.675297;0.5621988, 0.1526985, 2.924853;0.5011299, 0.07439394, 2.966872;0.6015323, 0.08511487, 2.855848;0.5375887, -0.397135, 2.985976;0.6904118, -0.3800798, 2.796554;0.5714011, -0.7450455, 3.034799;0.7620541, -0.7578021, 2.774561;0.5491624, -0.8195365, 3.027928;0.7399294, -0.8410953, 2.75321;
0.5481107, 0.8072428, 3.019346;0.624404, 0.5948588, 2.991996;0.5722436, 0.226367, 2.932923;0.4787888, 0.4427928, 3.070876;0.7016699, 0.45581, 2.858772;0.4105151, -0.1672543, 2.964822;0.652692, -0.1278335, 2.674817;0.5615551, 0.1527029, 2.924453;0.500555, 0.0745623, 2.966143;0.6008341, 0.08556847, 2.855733;0.537553, -0.3971726, 2.985944;0.6903808, -0.3797686, 2.796584;0.5712535, -0.7452739, 3.034545;0.7616112, -0.7585803, 2.776187;0.5401132, -0.8178173, 3.029894;0.7402545, -0.841069, 2.755716;
0.5480099, 0.807106, 3.019552;0.6243356, 0.5947822, 2.991755;0.572041, 0.2263782, 2.932735;0.4782383, 0.4422371, 3.071159;0.7015178, 0.4558295, 2.858696;0.410489, -0.1654078, 2.966109;0.6520585, -0.1275705, 2.674265;0.5613506, 0.152729, 2.92429;0.5002756, 0.07437282, 2.96597;0.6006677, 0.08573961, 2.855568;0.5373352, -0.3967008, 2.985444;0.6902076, -0.3798333, 2.796607;0.5708506, -0.7454329, 3.034549;0.7616677, -0.7594792, 2.776229;0.5353755, -0.8221624, 3.027499;0.7401931, -0.8411345, 2.755385;
0.5479661, 0.8073245, 3.019882;0.6241417, 0.5949463, 2.991428;0.5716683, 0.2266485, 2.932774;0.4776139, 0.4422325, 3.072375;0.7015237, 0.4559236, 2.85864;0.4101836, -0.1641955, 2.966218;0.6518747, -0.1274034, 2.674309;0.5609376, 0.1530372, 2.924429;0.4996858, 0.07449196, 2.966333;0.6004398, 0.08586706, 2.855625;0.5373856, -0.3966777, 2.985472;0.6898195, -0.3788268, 2.79615;0.5704824, -0.7452017, 3.033735;0.7617406, -0.7591615, 2.776289;0.5347879, -0.8207372, 3.026464;0.7401444, -0.8411686, 2.755415;
0.547976, 0.8073857, 3.019385;0.6237497, 0.5946923, 2.99106;0.5710605, 0.2267581, 2.932809;0.4766093, 0.4404887, 3.07353;0.7013391, 0.4558651, 2.858485;0.4060107, -0.1622113, 2.955468;0.6525619, -0.1210498, 2.675812;0.5602714, 0.1532279, 2.924567;0.4987732, 0.07426215, 2.966841;0.5998309, 0.08597673, 2.855578;0.5373471, -0.3966572, 2.985423;0.6896958, -0.3786995, 2.796077;0.5704536, -0.7452657, 3.033404;0.7616721, -0.7589266, 2.776202;0.5195691, -0.8318174, 3.030516;0.7400216, -0.8409177, 2.754916;
0.5481591, 0.8070431, 3.019586;0.6235144, 0.5941772, 2.990519;0.5709472, 0.2267625, 2.932736;0.4765976, 0.4405138, 3.073542;0.7013108, 0.4558744, 2.858477;0.4093073, -0.1640244, 2.967738;0.6524851, -0.1210003, 2.675648;0.5601816, 0.1532678, 2.924536;0.4986944, 0.07416652, 2.966879;0.5997056, 0.08602984, 2.855464;0.5372309, -0.3971311, 2.985548;0.6895046, -0.3787137, 2.795914;0.5704492, -0.7452703, 3.033442;0.7618622, -0.7584082, 2.77597;0.52211, -0.8309828, 3.028963;0.7400939, -0.840974, 2.754993;
0.5489472, 0.8090529, 3.021518;0.6228112, 0.5955279, 2.990066;0.5702053, 0.2276664, 2.932831;0.4768569, 0.4419942, 3.075166;0.70134, 0.4560735, 2.858368;0.4091671, -0.161779, 2.967508;0.6526104, -0.1200752, 2.675699;0.5594686, 0.1541012, 2.924742;0.498206, 0.07461904, 2.967188;0.5989509, 0.08682042, 2.855668;0.5373219, -0.3972807, 2.985912;0.6900223, -0.3801859, 2.796011;0.5704666, -0.7451513, 3.033453;0.7618541, -0.7583663, 2.775986;0.522074, -0.8310279, 3.028561;0.7401796, -0.8407798, 2.75493;
0.5486649, 0.8097583, 3.021419;0.6230118, 0.5963733, 2.99016;0.5700939, 0.2277432, 2.932725;0.4767194, 0.441812, 3.075258;0.7011445, 0.456144, 2.858244;0.4092368, -0.1605497, 2.968466;0.6524768, -0.1199404, 2.675674;0.559315, 0.1541187, 2.9246;0.4980069, 0.07472079, 2.966791;0.5987867, 0.08697642, 2.855656;0.537149, -0.3975404, 2.985717;0.6901324, -0.3793332, 2.79562;0.5704153, -0.7451155, 3.033792;0.7617776, -0.7583754, 2.775928;0.5199764, -0.8316635, 3.026816;0.7401471, -0.8407223, 2.754972;
0.5464607, 0.8068537, 3.016628;0.623765, 0.5947337, 2.988486;0.570104, 0.2278574, 2.932461;0.4767196, 0.4424596, 3.075575;0.7008584, 0.4559399, 2.858019;0.4087767, -0.1600278, 2.967707;0.6526244, -0.1188841, 2.675993;0.5592889, 0.1543792, 2.924389;0.4979872, 0.07469958, 2.966827;0.5985461, 0.08725891, 2.854894;0.5372044, -0.3978208, 2.985756;0.6901238, -0.3792691, 2.795648;0.5704253, -0.7451234, 3.033822;0.7617785, -0.7586495, 2.775965;0.5217863, -0.8312963, 3.026405;0.7407611, -0.8405094, 2.754819;
0.5463964, 0.8067994, 3.016661;0.6234578, 0.5946336, 2.988631;0.5699931, 0.2278177, 2.932412;0.4767977, 0.4424703, 3.075015;0.7008052, 0.4559166, 2.857982;0.4086768, -0.1605711, 2.969151;0.6525886, -0.1187216, 2.676011;0.5592072, 0.1543522, 2.924338;0.4979481, 0.07465099, 2.966821;0.5984499, 0.08719614, 2.854747;0.5371935, -0.3978643, 2.985741;0.6900921, -0.3792344, 2.795651;0.5701588, -0.7446368, 3.033324;0.7611194, -0.7597674, 2.77574;0.5239519, -0.8299521, 3.024801;0.74194, -0.8409426, 2.755032;
0.5472764, 0.8070069, 3.016572;0.6237423, 0.5946463, 2.9884;0.5699926, 0.2278696, 2.93201;0.4767849, 0.4423928, 3.075057;0.7007423, 0.4558848, 2.858005;0.4090699, -0.1594836, 2.972911;0.6521984, -0.1184279, 2.675606;0.5591542, 0.1544226, 2.923924;0.4978699, 0.07472713, 2.966246;0.5983738, 0.08738889, 2.85449;0.5368622, -0.397792, 2.985494;0.6920258, -0.3838206, 2.796906;0.5702159, -0.744837, 3.033312;0.7612991, -0.7597377, 2.77591;0.5262336, -0.829276, 3.023412;0.7418835, -0.8409428, 2.755018;
0.5471876, 0.8069596, 3.015733;0.6238807, 0.5947581, 2.988353;0.569957, 0.2278665, 2.93201;0.4768299, 0.4424645, 3.074952;0.7007183, 0.455739, 2.857911;0.4088849, -0.1599024, 2.973238;0.6497253, -0.128731, 2.672735;0.5590716, 0.1544051, 2.923946;0.4977073, 0.07467321, 2.966396;0.5982388, 0.0873256, 2.854499;0.5367515, -0.3980692, 2.985699;0.6915406, -0.3835423, 2.796585;0.5702854, -0.7449391, 3.03352;0.7618371, -0.7590994, 2.776786;0.5264078, -0.8292439, 3.023444;0.7416689, -0.840773, 2.75463;
0.5501984, 0.8027054, 3.019495;0.6231945, 0.5950654, 2.98823;0.5696625, 0.2279147, 2.931897;0.4765087, 0.4420288, 3.074603;0.7007221, 0.4557313, 2.857913;0.4088687, -0.1591784, 2.973387;0.6517639, -0.1210956, 2.674773;0.5588502, 0.1544264, 2.923862;0.497465, 0.07470977, 2.966259;0.5981798, 0.08733594, 2.854507;0.5367518, -0.3983744, 2.985796;0.6903415, -0.3804777, 2.795993;0.5708378, -0.7475401, 3.033706;0.7619027, -0.7593159, 2.776855;0.5218222, -0.8336261, 3.024715;0.7431619, -0.8407412, 2.757264;
0.5524324, 0.7978295, 3.018734;0.623188, 0.5951261, 2.988232;0.5695871, 0.2279118, 2.93189;0.4764138, 0.4418827, 3.074445;0.7007083, 0.4557317, 2.857906;0.4088075, -0.1592838, 2.973625;0.6517664, -0.1210721, 2.674774;0.5587538, 0.1544097, 2.923862;0.4973341, 0.07464863, 2.966294;0.5980977, 0.08731996, 2.854511;0.5362496, -0.3983134, 2.985481;0.6904146, -0.3813105, 2.796075;0.5707371, -0.747492, 3.033944;0.7620063, -0.7592895, 2.776923;0.5206915, -0.8341169, 3.025527;0.7434105, -0.8406868, 2.757155;
0.5528775, 0.7978595, 3.018178;0.6232298, 0.5946716, 2.987886;0.5694404, 0.2277901, 2.931765;0.4764493, 0.4416758, 3.073701;0.700812, 0.4557116, 2.857603;0.4088072, -0.1590318, 2.973891;0.6519496, -0.1198192, 2.675052;0.5585915, 0.1543306, 2.923778;0.4970858, 0.07449251, 2.966241;0.5979571, 0.08727278, 2.854464;0.5364138, -0.3983694, 2.98606;0.690197, -0.3812872, 2.796059;0.5707023, -0.7474512, 3.034038;0.7625386, -0.758711, 2.778635;0.5208004, -0.8336234, 3.025522;0.744176, -0.8406824, 2.757933;
0.5521342, 0.7979628, 3.014636;0.6232756, 0.5949621, 2.988086;0.5692031, 0.2280104, 2.931794;0.4764183, 0.4424295, 3.074996;0.7006871, 0.4556728, 2.857628;0.408034, -0.1616727, 2.973259;0.6519186, -0.118467, 2.675013;0.5582765, 0.1545684, 2.923799;0.4967239, 0.07461965, 2.966454;0.5975147, 0.08742803, 2.854245;0.5364267, -0.3984347, 2.986073;0.6905506, -0.3815266, 2.795998;0.5708452, -0.7476057, 3.034507;0.7624262, -0.7595322, 2.778825;0.5207233, -0.8336283, 3.025565;0.7457349, -0.8411718, 2.760103;
0.553014, 0.7986861, 3.014525;0.623271, 0.5950596, 2.987852;0.5691615, 0.2279205, 2.93172;0.4765301, 0.4427125, 3.072858;0.7003555, 0.4553584, 2.85749;0.4075201, -0.1617709, 2.973638;0.6517902, -0.1181537, 2.674804;0.558228, 0.1544368, 2.923748;0.4967136, 0.07457507, 2.966466;0.5974662, 0.08727168, 2.854216;0.5363687, -0.398524, 2.985984;0.6902902, -0.3812705, 2.79595;0.5708283, -0.7475289, 3.034546;0.7623494, -0.7592396, 2.778372;0.5226452, -0.831744, 3.023417;0.7450917, -0.841275, 2.759725;
0.5532643, 0.7989734, 3.014526;0.6222386, 0.5945511, 2.988062;0.5690503, 0.2279068, 2.931746;0.4766381, 0.4428838, 3.072891;0.7004097, 0.4553632, 2.857494;0.4009266, -0.1686699, 2.955753;0.6514627, -0.1182692, 2.674308;0.5581884, 0.1544482, 2.923768;0.4967106, 0.07457227, 2.966482;0.5974619, 0.08727031, 2.854221;0.536298, -0.398824, 2.985971;0.6908493, -0.3817021, 2.795959;0.5708113, -0.7476932, 3.034702;0.7624093, -0.7579251, 2.777401;0.523398, -0.8317983, 3.024463;0.7439507, -0.8409531, 2.758676;
0.5534871, 0.799836, 3.014453;0.6225171, 0.5950871, 2.988048;0.569035, 0.2279051, 2.931742;0.4763959, 0.4416535, 3.072201;0.7005325, 0.4554558, 2.857407;0.3998878, -0.1693096, 2.955611;0.6513221, -0.1191186, 2.673984;0.5581439, 0.1544156, 2.923775;0.496527, 0.07446369, 2.966599;0.5974436, 0.08718725, 2.854213;0.5362762, -0.3987956, 2.985944;0.6909799, -0.3820129, 2.796114;0.5708128, -0.7477331, 3.034621;0.7623605, -0.75784, 2.777364;0.5235264, -0.8317862, 3.024374;0.7438158, -0.8409936, 2.758589;
0.5535736, 0.7997348, 3.014241;0.6222106, 0.5946433, 2.988761;0.5688778, 0.2277211, 2.931861;0.4762748, 0.4416181, 3.071974;0.7004557, 0.4554062, 2.857336;0.3999597, -0.1628431, 2.958188;0.6494021, -0.1283424, 2.671473;0.5580224, 0.1542704, 2.923843;0.4964483, 0.07438506, 2.966625;0.5973721, 0.08704066, 2.854253;0.5361733, -0.3987089, 2.985622;0.692292, -0.3865464, 2.796855;0.5708238, -0.7477283, 3.034614;0.7623245, -0.7572033, 2.776751;0.5243629, -0.8312554, 3.024188;0.7431557, -0.8410859, 2.757457;
0.5527908, 0.8005549, 3.015504;0.6216419, 0.5951409, 2.988932;0.5687954, 0.2277517, 2.931815;0.4757314, 0.4404347, 3.06934;0.7005194, 0.455659, 2.857497;0.3999188, -0.1611593, 2.959047;0.6500462, -0.1272491, 2.670763;0.5579839, 0.154274, 2.923795;0.4964019, 0.07437408, 2.966538;0.5973941, 0.08705381, 2.854223;0.5362077, -0.3985838, 2.985586;0.69008, -0.3810536, 2.795694;0.5704561, -0.7465659, 3.034764;0.7621907, -0.7568594, 2.776461;0.5465954, -0.8194508, 3.022885;0.7428592, -0.8412013, 2.757232;
0.5523931, 0.8016537, 3.01515;0.6212744, 0.596094, 2.990294;0.5683604, 0.227705, 2.932142;0.4755184, 0.4405379, 3.070614;0.7002205, 0.455637, 2.857479;0.3987209, -0.162621, 2.959583;0.6504308, -0.1268566, 2.669447;0.5575314, 0.1541109, 2.92404;0.4960718, 0.07437832, 2.966696;0.5969657, 0.0868572, 2.854447;0.5361661, -0.39862, 2.985565;0.6895196, -0.3798586, 2.795602;0.570407, -0.7456492, 3.034413;0.7621279, -0.7568519, 2.77641;0.5530738, -0.8205732, 3.026112;0.7427603, -0.8412722, 2.757092;
0.552128, 0.8011854, 3.014555;0.6200874, 0.5951358, 2.990734;0.5681118, 0.227558, 2.932163;0.475454, 0.4404905, 3.070586;0.7001773, 0.4556619, 2.857447;0.3974972, -0.1636273, 2.960794;0.6507748, -0.1277836, 2.666669;0.5574055, 0.1540397, 2.924027;0.4959746, 0.07428391, 2.966673;0.5969401, 0.08682025, 2.85441;0.5361401, -0.3986285, 2.985608;0.6895413, -0.3799793, 2.795645;0.5702538, -0.7455141, 3.034773;0.7619417, -0.7563947, 2.776138;0.5325051, -0.8259887, 3.026237;0.7425362, -0.8411348, 2.756795;
0.5511474, 0.8008624, 3.014169;0.61944, 0.5947313, 2.991162;0.5678157, 0.2274419, 2.932443;0.4752952, 0.4403183, 3.070496;0.7001908, 0.4555197, 2.85709;0.397106, -0.163927, 2.961034;0.6513741, -0.1281408, 2.665565;0.5572006, 0.1539679, 2.924258;0.4956906, 0.07414899, 2.967067;0.596874, 0.08661258, 2.854487;0.5361296, -0.3974068, 2.985392;0.6895705, -0.3799259, 2.795779;0.5710627, -0.7447206, 3.035643;0.76193, -0.7563882, 2.776116;0.5472772, -0.8177999, 3.028877;0.7424614, -0.8411375, 2.75676;
0.5511642, 0.8017081, 3.013812;0.6194206, 0.5954086, 2.99168;0.5677777, 0.2274678, 2.932426;0.4751957, 0.4405171, 3.070368;0.7000345, 0.4554866, 2.856829;0.3957645, -0.1652749, 2.964679;0.6527273, -0.1282616, 2.664834;0.5571637, 0.1539682, 2.924212;0.4956504, 0.07414014, 2.967008;0.596862, 0.08662118, 2.854368;0.535786, -0.396787, 2.984974;0.6896128, -0.3798755, 2.795801;0.5713364, -0.7435595, 3.035527;0.7625948, -0.7547948, 2.77667;0.5132663, -0.7772475, 2.974773;0.7421604, -0.8412609, 2.756319;
0.550678, 0.8018962, 3.013515;0.6191227, 0.5954877, 2.991949;0.5676265, 0.2275884, 2.932644;0.4751565, 0.4415093, 3.071708;0.6994726, 0.4557764, 2.856564;0.3949904, -0.1658908, 2.966449;0.6537438, -0.1285849, 2.663917;0.5570654, 0.154081, 2.924397;0.4956476, 0.07434264, 2.967289;0.5968108, 0.08667072, 2.854441;0.5358573, -0.3967861, 2.985058;0.6895879, -0.3798751, 2.795809;0.571318, -0.7435817, 3.035183;0.7625783, -0.75468, 2.776555;0.5389322, -0.8213875, 3.022281;0.7420937, -0.8411725, 2.756322;
0.549848, 0.8018995, 3.012089;0.6185234, 0.5955589, 2.992612;0.5674522, 0.2275623, 2.93281;0.4739856, 0.4403246, 3.072679;0.6966497, 0.4552987, 2.855647;0.3946903, -0.1663157, 2.969535;0.6543936, -0.129013, 2.663284;0.5569686, 0.1540481, 2.924487;0.4956679, 0.07407078, 2.967545;0.5967017, 0.08668465, 2.854393;0.5359219, -0.3967389, 2.985219;0.6894851, -0.3784547, 2.795714;0.5713168, -0.743757, 3.035148;0.7625266, -0.7546815, 2.776475;0.5186639, -0.8326977, 3.031246;0.7424799, -0.8407872, 2.756417;
0.5489607, 0.8019809, 3.010696;0.6177344, 0.5956482, 2.993009;0.5672014, 0.2273051, 2.932911;0.473778, 0.4411945, 3.071663;0.6946794, 0.4553833, 2.855418;0.3929484, -0.1659522, 2.968046;0.654803, -0.1290058, 2.662426;0.5567926, 0.1537191, 2.924544;0.4957074, 0.0740151, 2.967536;0.5965847, 0.08659571, 2.854467;0.535956, -0.3966958, 2.985225;0.6889504, -0.3772138, 2.795541;0.5707912, -0.7439094, 3.0343;0.7624168, -0.7549732, 2.776612;0.5186138, -0.8328595, 3.029043;0.7429227, -0.839898, 2.756002;
0.5477479, 0.8023997, 3.009113;0.6165801, 0.5959368, 2.992137;0.5671654, 0.2272943, 2.932877;0.4737273, 0.4420655, 3.07081;0.6935208, 0.4554285, 2.855147;0.3886533, -0.1802596, 2.964619;0.6548739, -0.1288189, 2.661011;0.5567954, 0.1537038, 2.924528;0.4959509, 0.07403558, 2.967664;0.5965997, 0.08657596, 2.854446;0.53598, -0.3967255, 2.985198;0.6886626, -0.3755818, 2.795572;0.5705565, -0.7445004, 3.033865;0.7625393, -0.7549685, 2.776591;0.5196445, -0.8322287, 3.026284;0.7425501, -0.8397064, 2.755491;
0.5465605, 0.8010157, 3.006708;0.613177, 0.5935951, 2.989646;0.5670598, 0.2270527, 2.93264;0.4731397, 0.4415074, 3.068314;0.6930689, 0.4553372, 2.853984;0.3887172, -0.165195, 2.964456;0.6540498, -0.1291344, 2.658367;0.5568631, 0.1535802, 2.924418;0.4963582, 0.07374667, 2.967615;0.5968597, 0.08641022, 2.854309;0.5359987, -0.3968409, 2.98522;0.6887591, -0.3759701, 2.795531;0.5705823, -0.7444751, 3.033823;0.76252, -0.755132, 2.776631;0.5217317, -0.8329431, 3.029191;0.7424009, -0.839888, 2.755793;
0.5434253, 0.8014047, 3.00765;0.6115539, 0.5940489, 2.98877;0.5670002, 0.2271064, 2.932613;0.4720482, 0.4418975, 3.068971;0.6927147, 0.4556456, 2.853327;0.3863558, -0.1645402, 2.964195;0.6535431, -0.1294634, 2.655996;0.5568941, 0.1536267, 2.924432;0.4965539, 0.07372861, 2.967748;0.5971359, 0.08647114, 2.854404;0.5360225, -0.3968361, 2.985377;0.6885333, -0.375843, 2.795419;0.57058, -0.7445798, 3.033754;0.7625387, -0.7550962, 2.776488;0.5236048, -0.8314968, 3.026457;0.7421899, -0.8400274, 2.75526;
0.5392595, 0.800585, 3.006232;0.6101908, 0.5940266, 2.987951;0.5669399, 0.227027, 2.932765;0.4710767, 0.4424403, 3.067415;0.6898514, 0.4559312, 2.849695;0.3839211, -0.1656798, 2.96602;0.6508764, -0.129995, 2.646517;0.5570536, 0.1534854, 2.924876;0.4973994, 0.07377603, 2.968828;0.597601, 0.08614932, 2.855315;0.53615, -0.3970194, 2.985287;0.6877525, -0.3754004, 2.79544;0.5708376, -0.7450032, 3.034194;0.7625543, -0.7550823, 2.776458;0.5249581, -0.8302801, 3.02457;0.7419288, -0.8399941, 2.754996;
0.5292273, 0.7984001, 3.001742;0.6080521, 0.5948423, 2.986025;0.5670092, 0.2268828, 2.932786;0.4690436, 0.4444071, 3.065949;0.6876474, 0.4575047, 2.848912;0.3784867, -0.1635093, 2.966683;0.6486967, -0.1291954, 2.637032;0.5576134, 0.1530389, 2.925206;0.498673, 0.07363733, 2.969122;0.5992463, 0.08588221, 2.857074;0.535762, -0.3975172, 2.984883;0.687427, -0.3768755, 2.794135;0.570479, -0.7449938, 3.033773;0.7623211, -0.7555478, 2.776516;0.5246975, -0.830565, 3.02373;0.7418499, -0.8401552, 2.754989;
0.5274423, 0.7989521, 3.002963;0.6055754, 0.5942222, 2.981035;0.5671729, 0.2268054, 2.932796;0.4647755, 0.4464485, 3.066283;0.6803409, 0.4577744, 2.845491;0.3661219, -0.1615001, 2.962016;0.6464664, -0.1286805, 2.631571;0.5584776, 0.1529076, 2.925799;0.5008691, 0.07403913, 2.970398;0.6009736, 0.08598354, 2.859124;0.5356544, -0.3976008, 2.984852;0.6865522, -0.3773747, 2.793226;0.570581, -0.7450666, 3.033734;0.761784, -0.7567886, 2.776189;0.5256822, -0.8294011, 3.022842;0.7418491, -0.840088, 2.755045;
0.5189568, 0.7923718, 3.001119;0.5983041, 0.5909558, 2.977103;0.5680891, 0.2262716, 2.933922;0.4589432, 0.4436973, 3.065229;0.6732725, 0.4547593, 2.840424;0.3610907, -0.1608964, 2.961357;0.6443077, -0.1307588, 2.625308;0.5616954, 0.152412, 2.928943;0.5080788, 0.07233398, 2.977866;0.6059365, 0.08463316, 2.862498;0.5355808, -0.3975895, 2.984804;0.6861163, -0.3783655, 2.791788;0.5700519, -0.7460982, 3.033111;0.7595662, -0.7611828, 2.776045;0.5255179, -0.8294948, 3.022586;0.7417059, -0.8402491, 2.754993;
0.5076109, 0.7871673, 2.989889;0.591804, 0.5883381, 2.973063;0.5691425, 0.2243492, 2.935538;0.4568613, 0.4430864, 3.064386;0.6670747, 0.4494944, 2.835271;0.343848, -0.1886361, 2.957566;0.6380539, -0.131271, 2.607845;0.5645012, 0.1500292, 2.932112;0.512796, 0.07049142, 2.981647;0.6097721, 0.08168362, 2.867434;0.5346152, -0.3982129, 2.984979;0.6846044, -0.380714, 2.789947;0.5698205, -0.7465386, 3.032979;0.7594887, -0.7614704, 2.775928;0.5254253, -0.8292556, 3.022012;0.7412949, -0.8401223, 2.75455;
0.5054942, 0.7839401, 2.98537;0.5830172, 0.581867, 2.965997;0.5708922, 0.2189755, 2.938543;0.4518876, 0.4376409, 3.060182;0.659379, 0.4441527, 2.83076;0.3321967, -0.1853187, 2.953989;0.6330851, -0.1374515, 2.596913;0.568433, 0.1442137, 2.937228;0.5184069, 0.06677695, 2.987294;0.6154097, 0.07570372, 2.875575;0.5339026, -0.398126, 2.98458;0.6835558, -0.3842415, 2.786161;0.5693513, -0.7468832, 3.033036;0.7570299, -0.7652416, 2.774434;0.5256965, -0.828798, 3.021609;0.740611, -0.8403766, 2.753936;
0.4875557, 0.7718471, 2.965935;0.5721414, 0.5742928, 2.959478;0.5727255, 0.2128091, 2.941877;0.4469382, 0.427372, 3.052115;0.6510521, 0.4381444, 2.824709;0.3207495, -0.1832251, 2.954561;0.6291702, -0.1401323, 2.587169;0.5726236, 0.1380446, 2.942441;0.5262205, 0.06221564, 2.994952;0.6210412, 0.06800674, 2.882487;0.531948, -0.4010743, 2.98513;0.6832662, -0.3854328, 2.783342;0.5683422, -0.7475337, 3.031894;0.7560549, -0.7674537, 2.774544;0.5212454, -0.8316089, 3.024562;0.740505, -0.8408635, 2.754181;
0.4783501, 0.7608714, 2.953743;0.5632116, 0.5642813, 2.952628;0.5749851, 0.2064134, 2.943156;0.4418165, 0.4129538, 3.04499;0.6482303, 0.4313482, 2.820024;0.3194275, -0.1724955, 2.953778;0.6244763, -0.1452725, 2.575334;0.576737, 0.1324966, 2.944741;0.5319408, 0.05696611, 2.997733;0.627131, 0.06276436, 2.886056;0.5308349, -0.403499, 2.986344;0.68472, -0.3892814, 2.780474;0.5671934, -0.7477948, 3.030751;0.7556238, -0.7678243, 2.77331;0.5213495, -0.8311188, 3.023236;0.7397442, -0.8404302, 2.752183;
0.4615457, 0.7382799, 2.934047;0.5530996, 0.5458026, 2.938535;0.5767775, 0.1946924, 2.943189;0.4390437, 0.4052575, 3.042938;0.640369, 0.4167161, 2.810599;0.2957736, -0.198341, 2.948992;0.6192546, -0.1495902, 2.563131;0.5803751, 0.1226209, 2.946603;0.5361118, 0.05125238, 2.999453;0.6319297, 0.05465745, 2.890532;0.5306355, -0.4034774, 2.986559;0.6850258, -0.3931877, 2.778631;0.5656985, -0.7484277, 3.02995;0.7545911, -0.7695798, 2.77254;0.5216365, -0.8307179, 3.022765;0.7381659, -0.8415637, 2.750155;
0.4594215, 0.7255857, 2.931773;0.5444499, 0.5310401, 2.928265;0.5791227, 0.1853819, 2.943911;0.431686, 0.3860986, 3.038016;0.634968, 0.4025449, 2.802902;0.2899007, -0.201326, 2.942647;0.611307, -0.1654809, 2.550254;0.5850023, 0.1141122, 2.949399;0.5443186, 0.04109308, 3.007756;0.6410543, 0.04173692, 2.894217;0.5299094, -0.404099, 2.986633;0.6858842, -0.3956131, 2.776661;0.5623401, -0.7444081, 3.027826;0.7544479, -0.7704492, 2.77221;0.5408714, -0.8181016, 3.022484;0.7374256, -0.8418484, 2.749133;
0.4509287, 0.7024301, 2.920305;0.5336172, 0.5080763, 2.911799;0.5890568, 0.1625202, 2.942403;0.426741, 0.3731558, 3.036403;0.6281474, 0.3877536, 2.794825;0.283026, -0.2130351, 2.93859;0.6033405, -0.1780302, 2.536791;0.6004159, 0.09120733, 2.951467;0.5649192, 0.02016562, 3.010803;0.6571168, 0.0256499, 2.899954;0.5280247, -0.4075948, 2.987247;0.6875449, -0.399975, 2.775012;0.5621089, -0.745487, 3.026991;0.7545461, -0.7713926, 2.771557;0.5212086, -0.8289479, 3.024639;0.7364671, -0.8418525, 2.746789;
0.4371736, 0.6755931, 2.902366;0.5318683, 0.4916626, 2.90587;0.5933043, 0.1468376, 2.945316;0.4211405, 0.3600814, 3.03221;0.6218055, 0.3717631, 2.788331;0.2763704, -0.2240222, 2.942147;0.6009355, -0.1944618, 2.527915;0.6055642, 0.07720107, 2.956282;0.5713533, 0.00722692, 3.015127;0.6630449, 0.01371238, 2.908712;0.5245912, -0.4138706, 2.987058;0.6876147, -0.4088424, 2.772423;0.5620154, -0.7456771, 3.026699;0.754042, -0.7714171, 2.770676;0.521826, -0.8281999, 3.022491;0.735929, -0.8416744, 2.745685;
0.4373864, 0.6558924, 2.902837;0.5211018, 0.4664591, 2.895841;0.59791, 0.1299253, 2.945586;0.4164901, 0.344159, 3.027667;0.6136035, 0.3497619, 2.782967;0.2673342, -0.2483805, 2.93355;0.5938284, -0.207063, 2.51913;0.6128365, 0.06108041, 2.958402;0.5830255, -0.009536683, 3.017791;0.670427, 0.002537321, 2.913017;0.5217065, -0.41852, 2.98599;0.6899517, -0.4097323, 2.772549;0.5612687, -0.7469668, 3.02652;0.7538238, -0.7714964, 2.770292;0.5177221, -0.8301789, 3.021612;0.7354521, -0.8415838, 2.745285;
0.4253398, 0.6217476, 2.885722;0.5137832, 0.4380193, 2.886237;0.606346, 0.1055709, 2.9489;0.4102195, 0.2956781, 3.018236;0.607643, 0.3236165, 2.775959;0.2645151, -0.2758553, 2.932153;0.5973898, -0.2078283, 2.522492;0.6248435, 0.03774355, 2.964679;0.5963068, -0.02840281, 3.023903;0.6862215, -0.01818413, 2.924353;0.5190528, -0.4225751, 2.984247;0.6915654, -0.4214014, 2.766469;0.5611158, -0.7471637, 3.026405;0.7538306, -0.772661, 2.770363;0.5181684, -0.8301506, 3.021115;0.7352939, -0.8420848, 2.743961;
0.4288153, 0.6008614, 2.883483;0.5088376, 0.4137893, 2.879634;0.6112062, 0.0914297, 2.949216;0.4058626, 0.2862381, 3.016741;0.6056456, 0.2895584, 2.768411;0.2579101, -0.2976907, 2.92486;0.5852448, -0.2828526, 2.503824;0.6311283, 0.02580456, 2.966102;0.6061029, -0.04170918, 3.027911;0.6955023, -0.03261306, 2.926694;0.5163887, -0.4312149, 2.984094;0.6923229, -0.4277922, 2.763047;0.5607699, -0.7473519, 3.026501;0.7532895, -0.7728611, 2.770044;0.5186551, -0.8297296, 3.020629;0.7349913, -0.8422994, 2.743815;
0.4295096, 0.5866015, 2.881903;0.4986464, 0.3864337, 2.870533;0.6168808, 0.07284528, 2.947436;0.4043009, 0.2517971, 3.007829;0.6019022, 0.2729437, 2.766365;0.260016, -0.3147447, 2.929025;0.586527, -0.2989273, 2.50502;0.6398294, 0.008754567, 2.965716;0.6185395, -0.05702014, 3.029252;0.7040555, -0.0454105, 2.926769;0.512132, -0.4415432, 2.984247;0.6987095, -0.4488682, 2.757169;0.5594705, -0.7477452, 3.025978;0.7531503, -0.7727616, 2.769392;0.5152723, -0.8311119, 3.019081;0.7348836, -0.8422558, 2.743554;
0.4000832, 0.5235419, 2.84276;0.4987794, 0.3571045, 2.867633;0.6323651, 0.05172352, 2.942086;0.3979888, 0.2350921, 3.004712;0.5969824, 0.2401518, 2.760165;0.2603335, -0.3591965, 2.923234;0.5853447, -0.3228441, 2.503814;0.6593024, -0.01040287, 2.960124;0.6487159, -0.07963199, 3.020126;0.7231433, -0.05966642, 2.923411;0.5045276, -0.4515345, 2.983941;0.6996911, -0.457136, 2.754179;0.5589732, -0.7479578, 3.025642;0.7528095, -0.772539, 2.768474;0.5157079, -0.8311607, 3.019052;0.7346989, -0.8423384, 2.743628;
0.4095332, 0.4934805, 2.846317;0.4889866, 0.3137511, 2.858201;0.6415262, 0.02124722, 2.935817;0.3942716, 0.1871691, 2.997195;0.5942596, 0.215667, 2.755989;0.2614399, -0.3840481, 2.915639;0.5861199, -0.3615553, 2.505353;0.671428, -0.03801742, 2.954578;0.6592382, -0.09924105, 3.012798;0.7337918, -0.0772729, 2.921397;0.497532, -0.4635309, 2.98404;0.6985487, -0.4609421, 2.747674;0.5576074, -0.7467472, 3.0252;0.7527203, -0.7723829, 2.768081;0.542978, -0.8212776, 3.021696;0.7346666, -0.8420209, 2.743471;
0.3975683, 0.4667972, 2.835527;0.487295, 0.2953053, 2.853867;0.6409085, -0.01066634, 2.952776;0.3892973, 0.1669793, 2.991908;0.5919611, 0.1850922, 2.751551;0.2571038, -0.4247862, 2.916825;0.5838652, -0.3729762, 2.505054;0.6716883, -0.07327314, 2.978083;0.6620201, -0.1318332, 3.030668;0.7336385, -0.1179365, 2.959365;0.4842024, -0.4860041, 2.980689;0.6955665, -0.4973893, 2.726568;0.5438517, -0.7844905, 3.024043;0.7572833, -0.7945809, 2.773502;0.5212013, -0.8564222, 3.015806;0.7283592, -0.853322, 2.735188;
0.3972864, 0.4331663, 2.83046;0.4802149, 0.2579677, 2.844641;0.6356857, -0.0330626, 2.951304;0.3873784, 0.1289919, 2.987566;0.5918976, 0.1635615, 2.749639;0.2596639, -0.4568743, 2.917555;0.6024017, -0.4419611, 2.519588;0.6669492, -0.09160109, 2.976476;0.6592043, -0.1552456, 3.031563;0.7290587, -0.1377289, 2.956572;0.4789289, -0.5068017, 2.979499;0.6908221, -0.5001578, 2.716331;0.5458207, -0.8016194, 3.027851;0.7571979, -0.7928312, 2.772981;0.5012485, -0.8583462, 3.004796;0.7288465, -0.8534822, 2.737572;
0.3954121, 0.4061008, 2.829014;0.4782716, 0.2254702, 2.838943;0.6236203, -0.06949671, 2.957376;0.3804966, 0.09539257, 2.987594;0.5895021, 0.1283798, 2.742924;0.2684565, -0.4926506, 2.921659;0.601958, -0.4857016, 2.522506;0.6523618, -0.128957, 2.984856;0.6410229, -0.1895549, 3.043508;0.7165279, -0.1741163, 2.966053;0.4626, -0.5382497, 2.97257;0.7043378, -0.5049413, 2.730515;0.533354, -0.8306243, 3.023191;0.7578403, -0.8028011, 2.773793;0.4798092, -0.7998345, 2.97953;0.7245911, -0.8582829, 2.734581;
0.3772743, 0.3545257, 2.815231;0.476335, 0.1912323, 2.832705;0.629892, -0.08702485, 2.95202;0.3761388, 0.06351614, 2.987144;0.5887654, 0.1015362, 2.74152;0.2856502, -0.5285746, 2.934613;0.6015618, -0.5122697, 2.525998;0.6600127, -0.1438778, 2.979394;0.6530609, -0.2058433, 3.039964;0.7252496, -0.1903853, 2.958687;0.4579609, -0.544939, 2.972476;0.6828318, -0.5136513, 2.693575;0.538332, -0.8325005, 3.027848;0.7586198, -0.7936075, 2.775151;0.4643459, -0.8448399, 3.037669;0.7287316, -0.853174, 2.739357;
0.3813327, 0.341549, 2.818469;0.4736281, 0.1729232, 2.828818;0.6309212, -0.1119256, 2.946172;0.3823232, 0.04489844, 2.983722;0.5876045, 0.07879184, 2.739889;0.293857, -0.5578837, 2.935859;0.6004416, -0.5335771, 2.523193;0.6623021, -0.1686597, 2.973215;0.6564171, -0.2274807, 3.037142;0.7270544, -0.2147975, 2.949759;0.4802372, -0.5207011, 2.982981;0.6663467, -0.5073254, 2.670933;0.5522181, -0.7502635, 3.023112;0.7540312, -0.7762778, 2.767893;0.5493199, -0.8252316, 3.01292;0.7326707, -0.8452089, 2.744986;
0.3742464, 0.2977304, 2.816397;0.4767906, 0.1359629, 2.826269;0.634087, -0.1407236, 2.94424;0.3844798, 0.01621249, 2.982091;0.5857417, 0.05575531, 2.737213;0.3011714, -0.5597527, 2.939103;0.6180388, -0.568974, 2.53582;0.6655366, -0.196311, 2.971275;0.6617518, -0.2595132, 3.03412;0.7284956, -0.2378489, 2.948925;0.4802499, -0.5293022, 2.983255;0.6583255, -0.5352709, 2.650819;0.550558, -0.7519456, 3.021849;0.7578114, -0.7854173, 2.7735;0.506915, -0.8166932, 2.978834;0.7308867, -0.8480755, 2.740471;
0.3775012, 0.2816125, 2.812744;0.4740542, 0.1177672, 2.824554;0.633121, -0.1536962, 2.94359;0.3785974, -0.009944877, 2.977891;0.581668, 0.02747464, 2.736205;0.2958149, -0.591102, 2.937387;0.6181807, -0.5749344, 2.538926;0.6648744, -0.2081147, 2.970796;0.6615368, -0.2714258, 3.035172;0.7289702, -0.2510028, 2.948196;0.478035, -0.531855, 2.981468;0.6558791, -0.5221215, 2.66008;0.5501279, -0.7536336, 3.021894;0.75416, -0.7797881, 2.768725;0.5072677, -0.8190072, 2.978895;0.7309361, -0.8466097, 2.741405;
0.3778607, 0.2713028, 2.811468;0.4710841, 0.09260406, 2.822201;0.634954, -0.1689114, 2.943849;0.3864039, -0.03912551, 2.974315;0.5831321, 0.001648311, 2.734894;0.3024651, -0.61369, 2.941229;0.6286767, -0.6003852, 2.549861;0.6674321, -0.221675, 2.971448;0.6650221, -0.2843533, 3.038961;0.7334064, -0.2645013, 2.947491;0.4759817, -0.5328069, 2.979939;0.6529481, -0.526323, 2.653636;0.550455, -0.7538954, 3.021036;0.7475821, -0.786965, 2.757692;0.5503042, -0.8293715, 3.013189;0.7265424, -0.8568057, 2.736767;
0.3630909, 0.2180616, 2.799027;0.4683438, 0.06558423, 2.821832;0.636065, -0.1827329, 2.941182;0.3876095, -0.06268047, 2.974037;0.5824771, -0.01547019, 2.731082;0.2868291, -0.6628202, 2.929707;0.6313397, -0.6037685, 2.552715;0.6691612, -0.2330905, 2.968629;0.6683892, -0.2980115, 3.039103;0.7380008, -0.2756081, 2.942668;0.4728794, -0.5335435, 2.977955;0.6557544, -0.5450325, 2.657889;0.5504846, -0.7544826, 3.02083;0.7427871, -0.8174382, 2.74008;0.5485576, -0.8300776, 3.014114;0.7090493, -0.8851451, 2.74648;
0.3457327, 0.1851154, 2.797706;0.4660306, 0.04357665, 2.816107;0.6362048, -0.1953426, 2.939087;0.385826, -0.07185314, 2.973458;0.5792831, -0.03155633, 2.729104;0.3330606, -0.6034687, 2.94393;0.6435713, -0.6755434, 2.561938;0.6698353, -0.2435554, 2.967036;0.6699334, -0.307368, 3.040264;0.7400975, -0.2840756, 2.94066;0.473002, -0.5428102, 2.978537;0.6502001, -0.5477442, 2.653896;0.5483472, -0.7540128, 3.018744;0.7306198, -0.8275512, 2.719827;0.5502915, -0.8298568, 3.015601;0.7390074, -0.8590067, 2.788428;
0.350798, 0.1801481, 2.799201;0.4631671, 0.03034529, 2.809819;0.6359656, -0.2051336, 2.936043;0.3803803, -0.1071931, 2.969383;0.5808842, -0.05077081, 2.730278;0.3323439, -0.6460274, 2.942416;0.6440156, -0.6760524, 2.561839;0.6701863, -0.2524276, 2.964581;0.6706282, -0.3182393, 3.040333;0.7427974, -0.2911715, 2.938249;0.4629331, -0.5489277, 2.973497;0.6590912, -0.5112218, 2.696932;0.5468121, -0.7539991, 3.016372;0.7404837, -0.7955261, 2.7433;0.5490548, -0.8297476, 3.011086;0.7275502, -0.8696196, 2.732637;
0.3573213, 0.1531302, 2.789224;0.4628412, 0.002499167, 2.808824;0.6406037, -0.2393138, 2.930548;0.3823163, -0.1082325, 2.966815;0.5825477, -0.06653827, 2.727541;0.3281672, -0.7149751, 2.948648;0.6508564, -0.7345653, 2.556297;0.6762347, -0.2877829, 2.958169;0.6778609, -0.345337, 3.029375;0.7445257, -0.3198424, 2.933582;0.3608796, -0.5591981, 2.946821;0.6387613, -0.5114167, 2.693044;0.4793093, -0.8264529, 3.006371;0.7173551, -0.7997912, 2.720266;0.4406006, -0.8957835, 2.965315;0.707844, -0.8747934, 2.712683;
0.3580304, 0.1410788, 2.786718;0.461818, -0.01136264, 2.806521;0.640895, -0.2497486, 2.930025;0.3828124, -0.1105137, 2.964232;0.5831643, -0.08392335, 2.726631;0.3281264, -0.6914101, 2.960984;0.6510291, -0.7180674, 2.561237;0.6767083, -0.2975288, 2.957996;0.6783168, -0.3542618, 3.026856;0.7441199, -0.3311296, 2.934666;0.4681783, -0.56753, 2.970592;0.5708187, -0.5022031, 2.618996;0.5060523, -0.7373597, 3.008111;0.6986424, -0.7486786, 2.718473;0.5543312, -0.7955008, 3.016143;0.6873156, -0.8232218, 2.708946;
0.3527831, 0.1228701, 2.778618;0.4599545, -0.02303599, 2.802928;0.6416506, -0.2615374, 2.92597;0.3852209, -0.1718213, 2.955524;0.5827059, -0.09576526, 2.72674;0.3367158, -0.7287542, 2.955933;0.6564932, -0.7062445, 2.566555;0.6779919, -0.3092885, 2.953908;0.680324, -0.3744144, 3.021717;0.7465938, -0.3397269, 2.930658;0.4706361, -0.6298041, 2.992612;0.5730709, -0.4998316, 2.610004;0.5504246, -0.7715149, 3.015076;0.7040901, -0.7461532, 2.716321;0.5437596, -0.8470912, 3.015648;0.6713589, -0.7854498, 2.627319;
0.3526296, 0.1091126, 2.777756;0.4601752, -0.03609564, 2.801328;0.6421255, -0.2699263, 2.923513;0.3853491, -0.1832663, 2.957411;0.5826042, -0.1068434, 2.725644;0.3374874, -0.7424288, 2.962535;0.6585879, -0.6998956, 2.567443;0.6785011, -0.3168523, 2.95136;0.6812772, -0.3841834, 3.020516;0.7487719, -0.3466914, 2.92743;0.453733, -0.5681801, 2.967678;0.5771757, -0.5109076, 2.608054;0.5515404, -0.7822767, 3.018874;0.7081147, -0.7557087, 2.714847;0.4767965, -0.7926629, 3.026586;0.6706709, -0.7927131, 2.62675;
0.3547261, 0.1058373, 2.778407;0.460181, -0.04277271, 2.799142;0.6422304, -0.2710862, 2.922594;0.3844871, -0.1810359, 2.954279;0.5818817, -0.1124247, 2.724318;0.3379877, -0.7418354, 2.961834;0.6612247, -0.761619, 2.571341;0.6786003, -0.3174461, 2.950631;0.6813499, -0.3841658, 3.020237;0.7490965, -0.3472355, 2.926658;0.452979, -0.5683643, 2.967342;0.5755756, -0.5019506, 2.603673;0.5484063, -0.7518227, 3.012074;0.7073663, -0.7490293, 2.71208;0.4811738, -0.7905307, 3.018063;0.6710827, -0.7941603, 2.627335;
0.3409634, 0.08807543, 2.779643;0.4591672, -0.04890909, 2.799161;0.6420816, -0.2714943, 2.922374;0.3836165, -0.1804687, 2.953225;0.5818095, -0.1203501, 2.723771;0.342385, -0.7503502, 2.965931;0.6580305, -0.7793516, 2.567695;0.6785483, -0.3174875, 2.950445;0.6813772, -0.3837236, 3.020362;0.7491888, -0.3472934, 2.926352;0.4458282, -0.5627126, 2.966773;0.5770708, -0.4987762, 2.60185;0.5476422, -0.7511978, 3.01129;0.7074934, -0.7476037, 2.708944;0.4794439, -0.7965727, 3.022349;0.6712614, -0.7969478, 2.628014;
0.341673, 0.0860688, 2.779919;0.458766, -0.05139818, 2.798675;0.5776472, -0.3118218, 2.933839;0.3748762, -0.1860017, 2.956324;0.5814389, -0.1223236, 2.723818;0.3455765, -0.7559826, 2.962313;0.662497, -0.7583418, 2.575874;0.6016989, -0.3621979, 2.964485;0.5689966, -0.4354424, 3.045785;0.6881409, -0.4015114, 2.940239;0.2330551, -0.6223871, 3.002906;0.592768, -0.497373, 2.56538;0.5475636, -0.7496846, 3.010954;0.7085558, -0.7551669, 2.708122;0.4773858, -0.7959856, 3.023703;0.6717076, -0.7980757, 2.629413;
0.3446805, 0.0837948, 2.777784;0.4581968, -0.05473934, 2.79939;0.5757739, -0.3162148, 2.932894;0.3768763, -0.1826247, 2.950476;0.5813274, -0.1245641, 2.723439;0.3456613, -0.7565237, 2.962134;0.6610605, -0.7572894, 2.576691;0.5991485, -0.3680145, 2.962898;0.5672951, -0.4386663, 3.042766;0.6813337, -0.4103908, 2.937625;0.2396613, -0.6388648, 3.000701;0.580927, -0.4894079, 2.560673;0.5472787, -0.7497851, 3.010636;0.7007035, -0.7508925, 2.712609;0.5591372, -0.8240203, 3.020503;0.661413, -0.7881941, 2.639674;
0.3454571, 0.0829834, 2.778243;0.4578333, -0.05584379, 2.799809;0.5757793, -0.3162135, 2.932759;0.370418, -0.1876541, 2.955982;0.5813273, -0.1249195, 2.723077;0.3519176, -0.740921, 2.946482;0.6587127, -0.752768, 2.578777;0.5991888, -0.3679718, 2.962698;0.5676576, -0.4392635, 3.042492;0.6817584, -0.4102782, 2.937446;0.2421097, -0.6420001, 3.001144;0.5772517, -0.4770139, 2.559729;0.5469404, -0.7504703, 3.010346;0.6987954, -0.7426075, 2.713117;0.5588573, -0.8247483, 3.01916;0.6605413, -0.778771, 2.640852;
0.3473026, 0.0863708, 2.77811;0.4583942, -0.05355416, 2.798069;0.5749257, -0.3183244, 2.931029;0.3747222, -0.1810107, 2.951365;0.5813695, -0.1244671, 2.723118;0.3524288, -0.7393833, 2.94846;0.6579679, -0.7488396, 2.580449;0.5977682, -0.3719496, 2.960482;0.5655333, -0.4428208, 3.037311;0.6782717, -0.4144077, 2.935554;0.4472599, -0.5640979, 2.954048;0.5799254, -0.4760159, 2.555432;0.5475976, -0.7477067, 3.008445;0.6999426, -0.7430155, 2.712178;0.5067012, -0.8110282, 2.961143;0.6620976, -0.7791492, 2.639981;
0.3510858, 0.09031229, 2.777414;0.4589809, -0.05223678, 2.797031;0.6369918, -0.2790031, 2.912594;0.3765863, -0.1790556, 2.949691;0.5811226, -0.1238888, 2.723021;0.3547769, -0.7378035, 2.947398;0.6560886, -0.7308201, 2.581047;0.672079, -0.3255126, 2.939884;0.6758062, -0.390599, 3.013819;0.7432901, -0.3597599, 2.913388;0.5190505, -0.6704667, 3.001623;0.5499418, -0.4924091, 2.595896;0.5079847, -0.7453986, 3.004961;0.6963305, -0.7391974, 2.717557;0.5592301, -0.8001982, 3.014018;0.6589172, -0.7751676, 2.645691;
0.3519181, 0.09365712, 2.777769;0.4595583, -0.05079737, 2.796267;0.5877584, -0.3012393, 2.926848;0.3773718, -0.1777738, 2.948699;0.5805144, -0.1231111, 2.722453;0.357812, -0.7286861, 2.941812;0.6552566, -0.6647443, 2.591259;0.6128821, -0.3526145, 2.956865;0.5854382, -0.4193219, 3.037338;0.69298, -0.3935787, 2.928681;0.3125916, -0.6884624, 3.026989;0.5831969, -0.481449, 2.558461;0.5914297, -0.8024042, 3.010094;0.7061093, -0.7399496, 2.707724;0.517753, -0.7862193, 3.013891;0.6667334, -0.8050178, 2.661775;
0.3522459, 0.0938709, 2.776822;0.4593567, -0.05019021, 2.796873;0.6388065, -0.2717593, 2.918858;0.3795385, -0.1825107, 2.94958;0.5798396, -0.1220775, 2.721533;0.3593226, -0.7277325, 2.942066;0.6547661, -0.7255259, 2.580412;0.6749482, -0.3168313, 2.945712;0.6786355, -0.3843066, 3.015936;0.747315, -0.3442023, 2.921352;0.5190213, -0.6689959, 3.001533;0.5758264, -0.4904573, 2.598342;0.5431467, -0.7501208, 3.007093;0.7072555, -0.7396784, 2.707523;0.5094911, -0.820261, 2.964247;0.6736, -0.8098186, 2.664676;
0.3525218, 0.09403843, 2.776703;0.4590603, -0.04990479, 2.797057;0.5793364, -0.319658, 2.934444;0.3794628, -0.1820584, 2.949605;0.5798827, -0.1213156, 2.721754;0.3440095, -0.7322383, 2.944675;0.6589142, -0.7021539, 2.582508;0.6039323, -0.3741292, 2.964778;0.573819, -0.4446418, 3.036817;0.6831283, -0.4123177, 2.943187;0.498238, -0.6909429, 3.007622;0.5831769, -0.4618307, 2.563502;0.5427299, -0.7506637, 3.00723;0.7023079, -0.733927, 2.714917;0.5565358, -0.8245224, 3.014197;0.6617078, -0.797476, 2.668072;
0.3537091, 0.09808785, 2.777448;0.4592597, -0.04828367, 2.796616;0.634624, -0.2825487, 2.913207;0.3798562, -0.1814756, 2.949892;0.5798468, -0.1203634, 2.72174;0.346406, -0.7264906, 2.944726;0.6586226, -0.7011436, 2.581521;0.6695185, -0.3308512, 2.94017;0.6705118, -0.3981794, 3.009714;0.7396847, -0.3620251, 2.915319;0.4513887, -0.5666668, 2.958742;0.5624679, -0.4868495, 2.586456;0.5194232, -0.7454633, 3.006547;0.7039478, -0.7359628, 2.712404;0.4838576, -0.8138505, 2.962529;0.6683822, -0.8043501, 2.668386;
0.3542317, 0.09859212, 2.778195;0.4589522, -0.04692985, 2.798205;0.6357543, -0.2795995, 2.914688;0.3805057, -0.1807523, 2.950759;0.580091, -0.1177361, 2.721777;0.3424142, -0.728155, 2.945365;0.6570604, -0.7100731, 2.580378;0.6712456, -0.3266807, 2.941678;0.6733721, -0.3935249, 3.011605;0.7424664, -0.3567447, 2.916795;0.449984, -0.5530879, 2.953958;0.566619, -0.4891441, 2.590413;0.5304338, -0.7474459, 3.00496;0.7049463, -0.7378632, 2.710778;0.4919181, -0.8116726, 2.995937;0.669804, -0.8065109, 2.666871;
0.3529782, 0.1026067, 2.781613;0.4575437, -0.03964902, 2.79884;0.6371405, -0.2742935, 2.916143;0.3791086, -0.1762353, 2.953894;0.57965, -0.1122473, 2.723743;0.3470681, -0.7233165, 2.946097;0.6573485, -0.6950332, 2.576722;0.6731526, -0.3212851, 2.943222;0.6758898, -0.3879817, 3.012957;0.7446653, -0.350947, 2.918735;0.4502589, -0.5534986, 2.95371;0.5903911, -0.5157402, 2.596561;0.5396789, -0.7549846, 3.007155;0.7465693, -0.7997702, 2.747755;0.5046996, -0.8237393, 2.963233;0.728563, -0.8726694, 2.740357;
0.3514194, 0.11012, 2.792542;0.4570089, -0.03266644, 2.805119;0.6378164, -0.2727619, 2.917053;0.3796418, -0.1755044, 2.955721;0.5790685, -0.106201, 2.725681;0.3519996, -0.7181608, 2.948354;0.6582261, -0.6905607, 2.576964;0.6738361, -0.3202963, 2.943588;0.6766152, -0.3873385, 3.012607;0.7451172, -0.3498636, 2.91895;0.4660574, -0.623947, 2.969412;0.5861018, -0.503906, 2.594411;0.540979, -0.7556016, 3.007513;0.7478772, -0.8000852, 2.747762;0.5056171, -0.8235714, 2.962626;0.7275102, -0.8720939, 2.737914;
0.3527638, 0.1200909, 2.79601;0.457389, -0.02646336, 2.806287;0.6400459, -0.263334, 2.918536;0.3804805, -0.1735682, 2.960186;0.5806481, -0.09804597, 2.725878;0.3524708, -0.7185803, 2.949575;0.6576971, -0.6893675, 2.576945;0.6765262, -0.3105737, 2.944722;0.6790732, -0.3796663, 3.013149;0.7485996, -0.3371461, 2.919613;0.4553222, -0.5570089, 2.952457;0.5927665, -0.501678, 2.5997;0.4826485, -0.7457672, 3.00299;0.7554212, -0.803752, 2.743245;0.5501741, -0.7923833, 3.013503;0.7142346, -0.8639071, 2.724212;
0.3569914, 0.1362155, 2.802099;0.4587003, -0.01238146, 2.808753;0.6431651, -0.25699, 2.919589;0.3796296, -0.1626355, 2.966851;0.5813274, -0.08947772, 2.727089;0.3455671, -0.69388, 2.950081;0.6548221, -0.6751027, 2.575495;0.6798618, -0.3053765, 2.94542;0.6824932, -0.3731017, 3.01149;0.7507874, -0.3317784, 2.920742;0.4555604, -0.554431, 2.952908;0.5945114, -0.4966838, 2.601309;0.5509039, -0.7650333, 3.013422;0.75474, -0.8052372, 2.747881;0.547349, -0.840338, 3.013434;0.7132524, -0.861465, 2.719586;
0.3571361, 0.1536503, 2.811881;0.4609352, 0.0083973, 2.816751;0.642029, -0.2379479, 2.927919;0.3803288, -0.15774, 2.970089;0.5812391, -0.07095595, 2.731873;0.3448239, -0.6939833, 2.949405;0.6499709, -0.6665061, 2.573328;0.6782342, -0.2873272, 2.95344;0.6762636, -0.3620207, 3.018933;0.7542657, -0.3099257, 2.928998;0.4832422, -0.6239041, 2.973977;0.6001469, -0.4907793, 2.618287;0.5510201, -0.7863289, 3.014039;0.7516428, -0.7993051, 2.75488;0.5391308, -0.8608239, 3.013519;0.7212697, -0.8623399, 2.726681;
0.362746, 0.1782415, 2.81627;0.4601771, 0.02894424, 2.82052;0.6380259, -0.2198752, 2.929727;0.3842224, -0.1031176, 2.977451;0.5777083, -0.05410558, 2.734816;0.3106728, -0.6947433, 2.948361;0.6352296, -0.6543621, 2.555859;0.6735986, -0.2695135, 2.954901;0.6730675, -0.3346317, 3.024729;0.7492855, -0.3032342, 2.927938;0.4805512, -0.6258227, 2.976621;0.6418208, -0.5375685, 2.635265;0.5096086, -0.7421814, 3.006957;0.747474, -0.7851224, 2.755208;0.4696286, -0.8094832, 2.965539;0.7276568, -0.8540954, 2.732474;
0.3657594, 0.2111596, 2.824209;0.461813, 0.05346387, 2.825861;0.6358244, -0.2067682, 2.932408;0.3848131, -0.0938183, 2.983656;0.5755077, -0.03137822, 2.735399;0.3502558, -0.6504749, 2.960953;0.6369177, -0.6492302, 2.556554;0.6709111, -0.2582727, 2.95715;0.669902, -0.3292466, 3.02645;0.7460301, -0.2917234, 2.929031;0.48459, -0.6260833, 2.981296;0.6458135, -0.5356601, 2.642669;0.5116315, -0.7402118, 3.007384;0.7469439, -0.7844265, 2.757094;0.4707283, -0.8061699, 2.964627;0.7277306, -0.8533595, 2.733601;
0.3700588, 0.2288912, 2.827962;0.4674843, 0.08165724, 2.836102;0.6378903, -0.1907878, 2.937698;0.3911211, -0.06829043, 2.989746;0.574874, -0.009044928, 2.738776;0.3600388, -0.5815793, 2.974996;0.6480333, -0.5935932, 2.57855;0.6722506, -0.2448966, 2.961474;0.6715099, -0.3128437, 3.029641;0.7435352, -0.2817781, 2.931926;0.460434, -0.5311534, 2.96608;0.6522048, -0.5356461, 2.652512;0.5146499, -0.7383444, 3.007187;0.7469258, -0.7837804, 2.757579;0.4710337, -0.8029746, 2.964988;0.7279475, -0.8529873, 2.734574;
0.3823578, 0.2772275, 2.833724;0.4711913, 0.1005111, 2.837868;0.637665, -0.1691461, 2.945264;0.3867308, -0.008588598, 2.994584;0.5779393, 0.02810703, 2.741958;0.3380077, -0.5478575, 2.981991;0.6518113, -0.5470058, 2.584801;0.6709635, -0.2229618, 2.970192;0.6692643, -0.2866803, 3.037529;0.7387873, -0.2636981, 2.942131;0.4239517, -0.566355, 2.956103;0.6713678, -0.5382618, 2.677485;0.516794, -0.833834, 3.020024;0.7472489, -0.8096168, 2.745587;0.4721353, -0.8989286, 2.97965;0.7122406, -0.8748758, 2.731593;
0.385088, 0.2970955, 2.835918;0.4786253, 0.1477807, 2.843314;0.636889, -0.1570905, 2.945261;0.3885979, 0.003944973, 2.996584;0.5829573, 0.04678986, 2.745853;0.3252835, -0.5345572, 2.985651;0.650054, -0.5389436, 2.584014;0.6695971, -0.2150819, 2.969684;0.6666023, -0.2791801, 3.034678;0.7357848, -0.2574888, 2.942045;0.4268309, -0.5638261, 2.957872;0.6721063, -0.5353152, 2.681011;0.5267493, -0.8279105, 3.022188;0.7484789, -0.806515, 2.747192;0.5606544, -0.7628128, 3.004924;0.7173764, -0.8735369, 2.732159;
0.3860264, 0.3229402, 2.847179;0.4796182, 0.1667032, 2.850277;0.6344548, -0.1023258, 2.956574;0.398564, 0.03838569, 3.001565;0.5890191, 0.08577609, 2.752886;0.3547122, -0.5452651, 2.940038;0.656159, -0.4880842, 2.588129;0.6653082, -0.1583011, 2.980326;0.6585169, -0.2242169, 3.046752;0.732347, -0.201688, 2.950531;0.4511105, -0.5312609, 2.963661;0.6788787, -0.5171452, 2.702432;0.5336643, -0.8035544, 3.018868;0.7525935, -0.7909276, 2.761046;0.4889486, -0.8674294, 2.976445;0.7267837, -0.8559519, 2.73279;
0.401068, 0.3804539, 2.860394;0.4873463, 0.2135473, 2.856713;0.6313528, -0.09839, 2.959508;0.4000335, 0.07082816, 3.000489;0.591415, 0.1021341, 2.754641;0.3432492, -0.4992111, 2.944785;0.6588724, -0.4582769, 2.598693;0.6610785, -0.1560954, 2.983677;0.6509351, -0.2187522, 3.047173;0.7219484, -0.1995451, 2.95917;0.4552305, -0.5325189, 2.963504;0.6801811, -0.512917, 2.706194;0.5296204, -0.80715, 3.016561;0.752643, -0.7875857, 2.760886;0.4808358, -0.8676246, 2.973532;0.7282462, -0.8541332, 2.73489;
0.4060827, 0.4102227, 2.868864;0.4931532, 0.254277, 2.86302;0.6288723, -0.07245805, 2.965782;0.4056989, 0.1209826, 3.000721;0.5967358, 0.1537105, 2.762293;0.3566015, -0.458352, 2.955206;0.6571637, -0.4173414, 2.592477;0.6572216, -0.1382999, 2.988966;0.6413305, -0.1924066, 3.046373;0.7172893, -0.1836014, 2.964912;0.4674823, -0.5192741, 2.96851;0.6837413, -0.4864511, 2.715074;0.5380932, -0.7949349, 3.019537;0.7491025, -0.7731922, 2.756756;0.6006845, -0.8370565, 3.015948;0.7326797, -0.844868, 2.739503;
0.4192974, 0.4686359, 2.880089;0.5003132, 0.2885965, 2.870422;0.6314474, -0.03975504, 2.967342;0.4077065, 0.1330916, 3.003824;0.6004121, 0.1700344, 2.762043;0.3542159, -0.4281392, 2.960819;0.6542526, -0.4031152, 2.59606;0.6579695, -0.1049697, 2.989967;0.6423254, -0.170017, 3.046792;0.7175816, -0.1565755, 2.963542;0.4776223, -0.5016129, 2.972721;0.684118, -0.4795349, 2.716975;0.5362033, -0.7814668, 3.016711;0.749692, -0.7726496, 2.757054;0.4860647, -0.8392215, 2.971346;0.732834, -0.8442475, 2.739656;
0.4208435, 0.4928128, 2.890592;0.5126665, 0.338963, 2.876024;0.6329359, -0.01151759, 2.970248;0.4130627, 0.1908642, 3.015634;0.6042752, 0.2206559, 2.771609;0.3551562, -0.3755774, 2.952831;0.6494173, -0.330745, 2.599089;0.6576951, -0.08115815, 2.992435;0.6411124, -0.1459752, 3.047348;0.7148086, -0.1255686, 2.966925;0.4861754, -0.4818886, 2.975226;0.6841078, -0.463939, 2.721794;0.5400168, -0.7629774, 3.016555;0.7498561, -0.7722628, 2.757239;0.4873961, -0.8186256, 2.971255;0.7329745, -0.8438656, 2.739672;
0.4248725, 0.510923, 2.899668;0.5166001, 0.3573298, 2.884141;0.6289804, 0.02035625, 2.970346;0.4168484, 0.2119999, 3.019032;0.6095109, 0.2405404, 2.777512;0.3499944, -0.3342082, 2.950919;0.6470476, -0.3130874, 2.597027;0.6510422, -0.04600255, 2.990374;0.6339334, -0.1045622, 3.044229;0.7077682, -0.1058873, 2.963243;0.4996134, -0.4564328, 2.979346;0.6928982, -0.4524689, 2.731673;0.546548, -0.7422383, 3.017907;0.7507038, -0.7718589, 2.757548;0.4938462, -0.7970127, 2.972045;0.7335172, -0.8433332, 2.740515;
0.4402449, 0.5361953, 2.909904;0.5449786, 0.3443595, 2.903363;0.6267295, 0.02797164, 2.97271;0.4325832, 0.2634255, 3.029171;0.6168123, 0.2767159, 2.787302;0.3518767, -0.325531, 2.953912;0.6480969, -0.2826718, 2.59994;0.6439033, -0.03242364, 2.992037;0.6258335, -0.09178091, 3.044826;0.692382, -0.08717989, 2.964494;0.5039897, -0.4529635, 2.980599;0.6953094, -0.4438091, 2.736975;0.5468952, -0.7415354, 3.018117;0.7517135, -0.7702996, 2.758027;0.4906257, -0.7932835, 2.973384;0.7338166, -0.8410006, 2.739339;
0.4692927, 0.5927808, 2.939029;0.5564618, 0.3646214, 2.918063;0.6237615, 0.06366035, 2.971347;0.4349838, 0.2756339, 3.030804;0.6269828, 0.3157114, 2.794411;0.3557498, -0.2713825, 2.961022;0.6582171, -0.2480729, 2.607828;0.6367921, 0.004550184, 2.984991;0.6164714, -0.06344187, 3.035841;0.685325, -0.05689989, 2.953476;0.5154266, -0.4392579, 2.982709;0.6988519, -0.4303114, 2.74779;0.5468128, -0.7376175, 3.01946;0.7543495, -0.7601632, 2.75878;0.4916205, -0.7866385, 2.97074;0.735081, -0.8380045, 2.739575;
0.4776703, 0.6111392, 2.942496;0.5661842, 0.3841429, 2.934178;0.6209526, 0.08159769, 2.973361;0.440485, 0.3179066, 3.039867;0.6334469, 0.3439624, 2.801704;0.3617696, -0.2512066, 2.97155;0.660926, -0.2287372, 2.61207;0.6320815, 0.02223046, 2.984952;0.6083782, -0.04321043, 3.03352;0.6794146, -0.04065755, 2.950806;0.5186223, -0.4337788, 2.983005;0.7018929, -0.419224, 2.758155;0.5478915, -0.7352753, 3.019124;0.7543892, -0.7601563, 2.758829;0.4906762, -0.7817645, 2.970457;0.7351463, -0.8376649, 2.739045;
0.4857235, 0.6217351, 2.951207;0.5730006, 0.3931692, 2.940234;0.6202127, 0.09577955, 2.971474;0.4469046, 0.3332072, 3.040958;0.6378305, 0.3610718, 2.808538;0.3670263, -0.2293432, 2.973606;0.6640781, -0.1873586, 2.618623;0.6295154, 0.03759433, 2.980938;0.6053959, -0.02856225, 3.02669;0.6731108, -0.02283241, 2.944494;0.5228685, -0.4251495, 2.983368;0.7034687, -0.4130191, 2.763072;0.5491054, -0.7327955, 3.018273;0.7560745, -0.7591493, 2.760168;0.491542, -0.7778026, 2.968793;0.7360368, -0.8366522, 2.737592;
0.5123434, 0.6510789, 2.974821;0.5869623, 0.4160248, 2.951709;0.6199533, 0.1408788, 2.967056;0.4554863, 0.3622916, 3.047014;0.6496366, 0.3886847, 2.821726;0.3661696, -0.2081274, 2.969615;0.6648846, -0.1793338, 2.623302;0.6256704, 0.08716184, 2.972446;0.6000386, 0.01270423, 3.018747;0.6668484, 0.0136781, 2.930114;0.5263914, -0.417528, 2.982578;0.7043171, -0.4069763, 2.768966;0.5509892, -0.7324208, 3.018975;0.7571331, -0.7593943, 2.761988;0.4931863, -0.7746741, 2.967545;0.7362804, -0.836511, 2.737623;
0.515663, 0.6610171, 2.981359;0.5925928, 0.4256194, 2.955259;0.6189035, 0.1460331, 2.965765;0.4656675, 0.3768345, 3.042728;0.6576123, 0.4028303, 2.826745;0.3716949, -0.188823, 2.979122;0.6715294, -0.1569126, 2.635049;0.6240451, 0.0913242, 2.970845;0.5970998, 0.01903523, 3.015309;0.66237, 0.02289045, 2.926469;0.529886, -0.4100612, 2.982485;0.7060649, -0.4047108, 2.771912;0.5518758, -0.7323335, 3.019653;0.7571619, -0.7597092, 2.762535;0.4943579, -0.7734297, 2.967141;0.7378522, -0.8375643, 2.741853;
0.5346673, 0.6774726, 2.996783;0.6009948, 0.4374869, 2.96073;0.6171416, 0.1547292, 2.964058;0.4732525, 0.3870831, 3.045772;0.6650717, 0.4170972, 2.831704;0.375343, -0.1809597, 2.987834;0.6714951, -0.1462749, 2.640363;0.6206425, 0.09957755, 2.96805;0.5917565, 0.02706941, 3.011554;0.6564997, 0.03244579, 2.921115;0.5320373, -0.4051628, 2.982357;0.7075802, -0.4020731, 2.774624;0.553022, -0.7323878, 3.020113;0.7582704, -0.7599503, 2.762854;0.4950139, -0.7718672, 2.967056;0.7377295, -0.8369375, 2.740768;
0.5422533, 0.6838863, 3.005718;0.6034093, 0.4413859, 2.963289;0.6165618, 0.1675956, 2.962642;0.4720826, 0.4137933, 3.074348;0.680945, 0.4366653, 2.838253;0.3802358, -0.1664442, 2.989765;0.6825486, -0.1155481, 2.654101;0.6189434, 0.1139867, 2.965362;0.587599, 0.03792265, 3.00674;0.6560864, 0.0446912, 2.918364;0.5344342, -0.4037896, 2.983327;0.7091095, -0.3982735, 2.777042;0.5589668, -0.732854, 3.023601;0.7581702, -0.7610549, 2.764734;0.5003323, -0.7716565, 2.970879;0.7380533, -0.8372483, 2.742054;
0.5468503, 0.7104585, 3.011786;0.6197593, 0.4703831, 2.971941;0.6155514, 0.1792497, 2.961291;0.4750875, 0.4190991, 3.076068;0.6856558, 0.4427662, 2.84157;0.3790447, -0.1777663, 2.988883;0.6850082, -0.109106, 2.653932;0.6162003, 0.1231459, 2.963157;0.5801776, 0.04744364, 3.003945;0.6523839, 0.05429649, 2.913445;0.5362297, -0.401853, 2.983479;0.7114474, -0.3910783, 2.782055;0.561498, -0.7328919, 3.024164;0.7604905, -0.7618895, 2.766078;0.5023831, -0.7696677, 2.97067;0.7391809, -0.8363538, 2.741481;
0.5555845, 0.7165116, 3.018449;0.6216103, 0.4736195, 2.97424;0.6153316, 0.1860339, 2.960303;0.4792649, 0.4242653, 3.07838;0.6937408, 0.4544431, 2.848236;0.391672, -0.1474922, 2.995202;0.6865481, -0.1043222, 2.657451;0.6149013, 0.1297938, 2.961106;0.5767761, 0.05397592, 3.000447;0.6506271, 0.06159668, 2.909986;0.5392612, -0.3977473, 2.983289;0.714026, -0.3858333, 2.78688;0.564719, -0.735544, 3.026366;0.7613517, -0.7593759, 2.766217;0.5063499, -0.7718079, 2.971841;0.7391007, -0.8363382, 2.741522;
0.5687723, 0.7231404, 3.040242;0.6264966, 0.4779176, 2.981702;0.6162711, 0.1918162, 2.958494;0.4856577, 0.4321223, 3.080229;0.6981384, 0.4619704, 2.853465;0.3869962, -0.1687652, 2.989522;0.6893175, -0.09512336, 2.661366;0.6149777, 0.136206, 2.957304;0.5756135, 0.06093272, 2.992402;0.6496267, 0.07227776, 2.903604;0.5428315, -0.3940162, 2.983419;0.7156321, -0.38374, 2.789843;0.5655292, -0.7354501, 3.027404;0.761614, -0.7595946, 2.766144;0.506923, -0.7708207, 2.972677;0.7391439, -0.8363174, 2.741605;
0.5743219, 0.7364311, 3.043033;0.6352283, 0.490798, 2.99057;0.6147738, 0.2004429, 2.955274;0.4891729, 0.4362428, 3.081734;0.7043691, 0.4694929, 2.857707;0.3905568, -0.1614698, 2.990993;0.6932164, -0.09070298, 2.66305;0.6113641, 0.1445385, 2.951736;0.5675631, 0.06849647, 2.984861;0.644617, 0.08096281, 2.894166;0.5444849, -0.3929532, 2.98433;0.7182865, -0.3755649, 2.795093;0.5668445, -0.7358588, 3.027972;0.762692, -0.7583166, 2.766386;0.5082549, -0.7700555, 2.972594;0.7388315, -0.8358648, 2.740328;
0.5792909, 0.738538, 3.043745;0.6364913, 0.4912561, 2.991238;0.6146727, 0.2020552, 2.954106;0.4941713, 0.440658, 3.082304;0.7089387, 0.4724425, 2.862154;0.3935121, -0.1575948, 2.990771;0.6961831, -0.08685052, 2.663763;0.6107596, 0.146075, 2.949973;0.5661705, 0.07028384, 2.981715;0.6438202, 0.08236872, 2.892799;0.547075, -0.3915063, 2.986162;0.7189634, -0.3714154, 2.797926;0.5673989, -0.7369871, 3.028569;0.7656421, -0.7567981, 2.767561;0.5092009, -0.7709835, 2.972751;0.7387992, -0.8356411, 2.740106;
0.5921951, 0.7444371, 3.044638;0.6396029, 0.4942331, 2.994112;0.613823, 0.2051054, 2.952069;0.4989436, 0.4433001, 3.085399;0.7135311, 0.4749869, 2.865811;0.400237, -0.1550815, 2.993519;0.7004058, -0.08333655, 2.665964;0.6088528, 0.1490842, 2.946632;0.5627798, 0.07298154, 2.977144;0.6407937, 0.08602929, 2.887753;0.5490971, -0.3909525, 2.986824;0.7242235, -0.3739707, 2.801621;0.5676741, -0.737102, 3.028698;0.7669145, -0.7550029, 2.767076;0.5093369, -0.7707257, 2.972882;0.7387772, -0.8355949, 2.740006;
0.5936062, 0.7460092, 3.046999;0.6421569, 0.4952984, 2.996189;0.6134792, 0.2060225, 2.951279;0.504034, 0.4477757, 3.088731;0.7154018, 0.4754854, 2.867888;0.4055976, -0.1484373, 2.995664;0.7043272, -0.08088901, 2.66722;0.6079381, 0.1499189, 2.945233;0.5614244, 0.07350011, 2.975554;0.6389319, 0.08706048, 2.885299;0.5497295, -0.3908774, 2.98704;0.7238943, -0.3738504, 2.801589;0.5684049, -0.7370856, 3.029387;0.7670699, -0.7550322, 2.767104;0.5095508, -0.7705231, 2.974083;0.7388854, -0.8355988, 2.740301;
0.5960047, 0.7469566, 3.05046;0.6440243, 0.4955702, 2.997603;0.6130576, 0.2072024, 2.950831;0.5059935, 0.44992, 3.093679;0.717029, 0.4752272, 2.870011;0.4096571, -0.1603873, 2.996387;0.7079085, -0.07941598, 2.667918;0.6069972, 0.1511699, 2.944437;0.5600482, 0.07397334, 2.974902;0.6372786, 0.08809991, 2.883616;0.5505598, -0.390462, 2.987647;0.7211905, -0.3740618, 2.800156;0.5692249, -0.7376484, 3.030564;0.766501, -0.7567062, 2.7669;0.5100386, -0.7709509, 2.975627;0.7382958, -0.8354419, 2.739334;
0.5980201, 0.7475396, 3.055419;0.6446804, 0.4954326, 2.998611;0.6125106, 0.2077225, 2.950421;0.506714, 0.4486941, 3.094885;0.7179164, 0.4746888, 2.871367;0.4170613, -0.1502506, 3.005708;0.7119771, -0.07903441, 2.668946;0.6060018, 0.1517169, 2.943648;0.5585974, 0.07371698, 2.9742;0.635457, 0.08837572, 2.881497;0.5505631, -0.3904919, 2.987708;0.7201257, -0.3736242, 2.7995;0.5695196, -0.7378564, 3.031128;0.7662144, -0.755832, 2.766807;0.5103317, -0.7710636, 2.97622;0.7382928, -0.8354321, 2.739352;
0.5993787, 0.7469985, 3.058116;0.6477978, 0.4945705, 3.001642;0.6123544, 0.2079185, 2.950145;0.5071535, 0.4475832, 3.094697;0.7182294, 0.4742928, 2.872156;0.4162408, -0.1607459, 3.005191;0.7142125, -0.07899012, 2.671178;0.6054054, 0.1519649, 2.942866;0.557303, 0.07306833, 2.973233;0.633815, 0.08879819, 2.878822;0.5506352, -0.3905109, 2.987925;0.7184883, -0.3725752, 2.799053;0.5698934, -0.7379554, 3.031317;0.7653826, -0.7568308, 2.767099;0.5107135, -0.7710041, 2.976402;0.7382336, -0.8355387, 2.739512;
0.6007265, 0.7455919, 3.060833;0.6498083, 0.4927925, 3.00185;0.612643, 0.2076389, 2.949844;0.5076945, 0.447513, 3.094382;0.7188671, 0.4730588, 2.873043;0.4170651, -0.1689667, 3.007898;0.7162253, -0.07900783, 2.672374;0.6055622, 0.151644, 2.942513;0.5575346, 0.07251091, 2.972476;0.6338297, 0.08866774, 2.87882;0.5517208, -0.3918078, 2.98909;0.7182035, -0.3728792, 2.798815;0.5702327, -0.7386494, 3.031526;0.7656029, -0.7565436, 2.767151;0.5112599, -0.7716295, 2.976443;0.7380158, -0.8355052, 2.740004;
0.6027167, 0.7465477, 3.064093;0.6500973, 0.492979, 3.002195;0.6119731, 0.2074859, 2.948888;0.5088588, 0.4488013, 3.094466;0.7189715, 0.4722139, 2.874646;0.4206418, -0.1649572, 3.011969;0.7175409, -0.08020498, 2.673384;0.6042786, 0.1511004, 2.94086;0.556015, 0.07212777, 2.970219;0.6322755, 0.08844238, 2.877488;0.5511837, -0.3917764, 2.988835;0.7176675, -0.3733302, 2.798559;0.5703737, -0.7386767, 3.031424;0.7657357, -0.756106, 2.766981;0.5115369, -0.7715943, 2.976245;0.7377291, -0.8355745, 2.739201;
0.6040334, 0.7477108, 3.064153;0.6504007, 0.4932776, 3.002441;0.6113524, 0.2079433, 2.948395;0.5093231, 0.4491422, 3.094076;0.7191105, 0.4718798, 2.875263;0.4218447, -0.1693437, 3.012139;0.7185681, -0.08043878, 2.674795;0.6033283, 0.1515291, 2.940199;0.5549223, 0.07228822, 2.969777;0.6306559, 0.08865628, 2.87626;0.5512138, -0.3915772, 2.988782;0.7165714, -0.3733787, 2.798071;0.5704, -0.7387158, 3.0315;0.76561, -0.7575446, 2.767427;0.5116986, -0.7715817, 2.976261;0.7376949, -0.8355415, 2.739209;
0.6049471, 0.7486092, 3.066028;0.6512951, 0.4936685, 3.003088;0.6110421, 0.2081729, 2.948073;0.5124871, 0.4541472, 3.097777;0.7190377, 0.4717705, 2.875944;0.4231734, -0.1651029, 3.012688;0.7191299, -0.08052807, 2.675545;0.6027344, 0.1517285, 2.939684;0.5542783, 0.07279089, 2.968993;0.629447, 0.08910698, 2.875818;0.5506686, -0.3918604, 2.988591;0.7161989, -0.373695, 2.797713;0.5708467, -0.7390077, 3.032439;0.7654979, -0.758878, 2.767251;0.511622, -0.771838, 2.977859;0.7368286, -0.8372478, 2.743036;
0.6051868, 0.7496813, 3.06667;0.6510941, 0.4940539, 3.003677;0.6101839, 0.208023, 2.94794;0.5131582, 0.4546907, 3.096805;0.7191584, 0.4718879, 2.876471;0.4248625, -0.1666464, 3.016032;0.7201997, -0.08439565, 2.677703;0.6016187, 0.1513152, 2.93945;0.5533121, 0.07271378, 2.96858;0.6283262, 0.0889132, 2.87602;0.5501185, -0.3914804, 2.988171;0.7137328, -0.3736515, 2.796863;0.5710112, -0.7391927, 3.032684;0.7652061, -0.7582856, 2.767162;0.5119488, -0.7719834, 2.978017;0.7368692, -0.8371469, 2.742477;
0.6052815, 0.7513042, 3.06652;0.6502692, 0.4948521, 3.004908;0.6094673, 0.208408, 2.947649;0.5138687, 0.4557929, 3.097813;0.7195783, 0.4724647, 2.876965;0.4242509, -0.1666879, 3.017621;0.7201616, -0.08500395, 2.677425;0.6009238, 0.1515983, 2.939006;0.5526028, 0.07319807, 2.967739;0.6277729, 0.08927, 2.875724;0.5498412, -0.3914348, 2.987798;0.7120304, -0.3753