0.569492, 0.7811973, 3.038735;0.6229706, 0.6049565, 2.984825;0.5704747, 0.2338291, 2.929778;0.4757372, 0.444705, 3.065478;0.6889775, 0.4575551, 2.849277;0.4081397, -0.2195065, 2.975611;0.7043831, -0.1463079, 2.670181;0.5599755, 0.1596037, 2.922272;0.5017171, 0.08404107, 2.966593;0.5976752, 0.08982365, 2.852859;0.5377253, -0.4041578, 2.990137;0.6946988, -0.3773765, 2.800088;0.5748866, -0.7517124, 3.033907;0.7634921, -0.7500319, 2.774364;0.5268425, -0.8348598, 3.021857;0.7340928, -0.8360239, 2.74552;
0.5681238, 0.7754896, 3.029701;0.6236619, 0.6039352, 2.98536;0.5706567, 0.2336989, 2.929871;0.4754612, 0.4438412, 3.064294;0.6890997, 0.4573584, 2.849004;0.4133323, -0.1565274, 2.988964;0.7051172, -0.1371846, 2.672438;0.5601121, 0.1595433, 2.922343;0.5017908, 0.08383545, 2.966688;0.5979049, 0.08964722, 2.852633;0.5377304, -0.4051471, 2.990362;0.6951009, -0.3782137, 2.800449;0.5729353, -0.760831, 3.033381;0.7630265, -0.750107, 2.773233;0.5273879, -0.8380968, 3.021628;0.7341586, -0.8362055, 2.745589;
0.5642412, 0.7849857, 3.027988;0.6243593, 0.6024461, 2.985217;0.5707345, 0.2336317, 2.929766;0.4755594, 0.4454418, 3.063501;0.6890837, 0.4573621, 2.848711;0.413562, -0.1527814, 2.989479;0.7044559, -0.1363836, 2.672295;0.5601435, 0.1595428, 2.922224;0.5018097, 0.08387876, 2.966605;0.5979146, 0.08952679, 2.852457;0.5383649, -0.4067274, 2.990861;0.6949937, -0.3784184, 2.800249;0.5723786, -0.7625306, 3.033211;0.7629296, -0.7503915, 2.773158;0.5272066, -0.8386387, 3.020585;0.7341872, -0.836341, 2.74553;
0.5612248, 0.7912678, 3.026289;0.6234912, 0.6018768, 2.98463;0.5706116, 0.2337723, 2.929655;0.4754488, 0.4455455, 3.063345;0.6891151, 0.4574111, 2.84836;0.4120082, -0.1693043, 2.988596;0.7042017, -0.1364199, 2.672201;0.5600276, 0.1598708, 2.922187;0.5016248, 0.08408052, 2.966814;0.5978898, 0.08956669, 2.852266;0.538405, -0.4074672, 2.991435;0.6948696, -0.3786801, 2.800104;0.5718016, -0.7642748, 3.032992;0.7627794, -0.7507253, 2.772752;0.5273096, -0.8388777, 3.020602;0.7343166, -0.8368828, 2.746252;
0.5591843, 0.7950915, 3.023275;0.6235203, 0.6014031, 2.98456;0.5705681, 0.2337366, 2.929669;0.4744978, 0.4469656, 3.063539;0.6889942, 0.4573842, 2.848001;0.4127408, -0.1653021, 2.987636;0.7033886, -0.1367222, 2.671715;0.5599653, 0.1598897, 2.922228;0.501427, 0.08424763, 2.966899;0.5978179, 0.08945087, 2.852392;0.5388703, -0.4082608, 2.991303;0.6950045, -0.3787642, 2.800403;0.5714817, -0.7662461, 3.03258;0.7627458, -0.7507911, 2.772645;0.5276549, -0.8410936, 3.021538;0.7343139, -0.8370343, 2.746245;
0.558753, 0.7981258, 3.023297;0.6221634, 0.6004961, 2.984015;0.5704216, 0.2336455, 2.929581;0.4730369, 0.4484903, 3.061074;0.6877717, 0.456652, 2.846004;0.4126446, -0.1689703, 2.988075;0.7031144, -0.1367047, 2.671663;0.5599162, 0.1598713, 2.922155;0.5013821, 0.08438878, 2.966782;0.5977826, 0.08932108, 2.852426;0.5393216, -0.4100478, 2.991717;0.6946893, -0.3782842, 2.800448;0.5700786, -0.7678833, 3.031666;0.7628811, -0.7509534, 2.77244;0.5281757, -0.8429983, 3.023092;0.7342586, -0.8370999, 2.746144;
0.5569869, 0.8013148, 3.022181;0.6207952, 0.6010242, 2.984249;0.5698735, 0.2338635, 2.929659;0.4726679, 0.449039, 3.061081;0.6869683, 0.4566931, 2.844856;0.4127816, -0.167096, 2.988213;0.7028426, -0.1365389, 2.671207;0.5594999, 0.1600851, 2.922204;0.501017, 0.08498789, 2.966695;0.5974016, 0.08950711, 2.85266;0.5392286, -0.4096781, 2.991514;0.6949521, -0.3790419, 2.800326;0.5699782, -0.7680911, 3.031557;0.7630281, -0.7517202, 2.771978;0.5282352, -0.8430919, 3.022757;0.7343045, -0.8371742, 2.746158;
0.5560066, 0.8028897, 3.021613;0.6196635, 0.6003759, 2.986415;0.5693802, 0.2339841, 2.93033;0.472375, 0.449453, 3.060853;0.6867885, 0.4569338, 2.844837;0.4081405, -0.1661007, 2.977869;0.7012661, -0.1360021, 2.671601;0.5591078, 0.1603236, 2.922704;0.5004486, 0.08490301, 2.967797;0.5971207, 0.08933903, 2.852499;0.5395191, -0.4095964, 2.991449;0.6950278, -0.3777404, 2.801001;0.5700959, -0.7687797, 3.031767;0.7628839, -0.7514585, 2.771404;0.5285289, -0.843653, 3.022906;0.7342216, -0.8376498, 2.746213;
0.5579803, 0.8045892, 3.019949;0.6167115, 0.5988345, 2.987337;0.5687019, 0.2340743, 2.930474;0.4714949, 0.4498166, 3.059715;0.6863568, 0.4572886, 2.844609;0.4080002, -0.162733, 2.975985;0.7010451, -0.1358197, 2.671701;0.558661, 0.160577, 2.92276;0.50018, 0.08506215, 2.967767;0.5969177, 0.08943602, 2.852391;0.5390592, -0.405905, 2.990682;0.6947274, -0.3770202, 2.801206;0.5713795, -0.7621565, 3.033282;0.7626477, -0.755323, 2.770515;0.5284562, -0.8408407, 3.02188;0.7342491, -0.8386334, 2.746937;
0.558507, 0.8078856, 3.020287;0.6164063, 0.6003489, 2.98717;0.5680108, 0.2341573, 2.930684;0.4709206, 0.4503708, 3.059162;0.6854433, 0.4573591, 2.84451;0.407898, -0.1624, 2.976624;0.7007491, -0.1357121, 2.671553;0.5578747, 0.1605301, 2.923036;0.4995006, 0.0848709, 2.967909;0.595857, 0.09004394, 2.853092;0.5392004, -0.4061327, 2.990657;0.6946883, -0.3770472, 2.801358;0.5715315, -0.7626008, 3.033079;0.7623199, -0.755242, 2.769567;0.5284117, -0.8409944, 3.021655;0.7346506, -0.8390161, 2.747874;
0.5571152, 0.8086505, 3.019513;0.6162572, 0.6001996, 2.987701;0.5672312, 0.2340564, 2.931325;0.4700118, 0.4517433, 3.057187;0.6848888, 0.4570519, 2.844062;0.407752, -0.1623489, 2.976827;0.700057, -0.1356136, 2.671458;0.5570349, 0.160504, 2.923645;0.4985052, 0.08450655, 2.968552;0.5950403, 0.09023649, 2.853501;0.5392123, -0.4061444, 2.990577;0.6943539, -0.3767066, 2.801254;0.5707731, -0.7645887, 3.03219;0.7623079, -0.7551616, 2.769397;0.5275003, -0.8417954, 3.020789;0.7349538, -0.8396114, 2.748909;
0.5564711, 0.8090196, 3.019419;0.6160525, 0.5996034, 2.987622;0.5666772, 0.2341545, 2.931447;0.4697845, 0.452198, 3.056512;0.6846793, 0.456742, 2.843462;0.4069218, -0.1622194, 2.976181;0.6998661, -0.1356196, 2.671412;0.5563678, 0.1608092, 2.923818;0.4977719, 0.08448853, 2.968784;0.5942365, 0.09063791, 2.853505;0.5392355, -0.4063863, 2.990736;0.6942736, -0.3766657, 2.801203;0.5704987, -0.765485, 3.03147;0.7629843, -0.753229, 2.769616;0.5270779, -0.8418561, 3.018805;0.7350531, -0.8395525, 2.749049;
0.55493, 0.8094746, 3.018918;0.6160419, 0.5995988, 2.987736;0.566138, 0.2342091, 2.931657;0.4694237, 0.4521944, 3.056278;0.6845688, 0.4567361, 2.843349;0.4069338, -0.1622641, 2.976104;0.698467, -0.135861, 2.671329;0.5557218, 0.1609123, 2.924021;0.4967842, 0.08418794, 2.969131;0.5935568, 0.0907366, 2.85346;0.5393554, -0.4075215, 2.990777;0.6940725, -0.376259, 2.801217;0.5706514, -0.7659723, 3.031246;0.7630223, -0.7532498, 2.769689;0.5272045, -0.8422132, 3.01899;0.7355143, -0.8396534, 2.749403;
0.5540826, 0.8100641, 3.018827;0.6158244, 0.5996708, 2.987927;0.5656273, 0.2342243, 2.931661;0.4687616, 0.4518645, 3.055159;0.6840512, 0.4564335, 2.842598;0.4066621, -0.1625907, 2.977005;0.6977069, -0.1360841, 2.670696;0.5552056, 0.1609343, 2.923964;0.4962207, 0.08403306, 2.969004;0.5930423, 0.09088232, 2.853287;0.5390804, -0.4068473, 2.990453;0.6939036, -0.3763927, 2.800979;0.5679312, -0.7611097, 3.028618;0.762582, -0.7538509, 2.769511;0.5269425, -0.8420924, 3.019281;0.7354222, -0.8395769, 2.74785;
0.5542305, 0.8120251, 3.018011;0.6132345, 0.600181, 2.986773;0.5645233, 0.2348624, 2.931371;0.4676151, 0.4520781, 3.054883;0.6842106, 0.4565883, 2.842249;0.4067336, -0.1627129, 2.977999;0.6974566, -0.1358731, 2.670513;0.5543761, 0.1615963, 2.923778;0.4954497, 0.084091, 2.968848;0.5926906, 0.09129182, 2.853122;0.5391397, -0.4072185, 2.990651;0.6933955, -0.3761504, 2.800577;0.5679467, -0.7621158, 3.029196;0.7628989, -0.7540155, 2.770092;0.5266305, -0.8420657, 3.018537;0.7370436, -0.8405125, 2.750556;
0.5532229, 0.8123385, 3.017895;0.6132341, 0.600122, 2.98675;0.5639507, 0.234642, 2.931293;0.4672911, 0.452594, 3.055008;0.6831223, 0.4563681, 2.841769;0.4039603, -0.1621549, 2.977218;0.6956714, -0.1356691, 2.67018;0.5536711, 0.1613723, 2.923683;0.4947278, 0.08378445, 2.968725;0.5917864, 0.09140047, 2.853018;0.5387849, -0.4077543, 2.990186;0.692247, -0.3734176, 2.799113;0.5686898, -0.7639875, 3.030403;0.7628919, -0.7540101, 2.770114;0.5266598, -0.8420601, 3.018523;0.7371001, -0.840791, 2.751615;
0.5538979, 0.8125687, 3.017325;0.6127402, 0.5994686, 2.987139;0.5630545, 0.2340955, 2.931125;0.4668268, 0.4531234, 3.054481;0.682034, 0.4560381, 2.841171;0.4003181, -0.1639832, 2.971866;0.6936509, -0.134714, 2.670797;0.5527588, 0.1608804, 2.923395;0.4939125, 0.08336674, 2.968162;0.5908957, 0.09130746, 2.852802;0.5387601, -0.4084285, 2.99013;0.6913619, -0.3721578, 2.798597;0.5688943, -0.7643024, 3.030325;0.7631177, -0.7541733, 2.770333;0.526713, -0.8420321, 3.018572;0.7371063, -0.8404175, 2.750479;
0.5538235, 0.8127842, 3.017437;0.6124028, 0.5990448, 2.987128;0.5625383, 0.2338787, 2.930796;0.4662927, 0.4528611, 3.053136;0.6816685, 0.4560616, 2.840884;0.3998359, -0.1625802, 2.976651;0.6931389, -0.1345748, 2.670784;0.5522482, 0.160727, 2.922998;0.4933618, 0.0831555, 2.967561;0.5904089, 0.09137313, 2.852401;0.5388033, -0.4086585, 2.990076;0.6912796, -0.3722815, 2.798532;0.5689545, -0.7655593, 3.030538;0.7634399, -0.7541037, 2.770752;0.5267269, -0.8420507, 3.018565;0.737121, -0.8404381, 2.750473;
0.5535474, 0.8126487, 3.016387;0.6119684, 0.5983678, 2.98666;0.5619528, 0.2338797, 2.930661;0.4654124, 0.4530301, 3.053782;0.6809916, 0.4557621, 2.840511;0.3992829, -0.1622951, 2.976466;0.6921256, -0.1334471, 2.670954;0.5516341, 0.1608534, 2.92291;0.4926359, 0.08298384, 2.967675;0.5896202, 0.09141528, 2.852039;0.5384802, -0.4081543, 2.989154;0.6910767, -0.3716485, 2.798004;0.5694243, -0.7657707, 3.030525;0.7631795, -0.7542549, 2.770716;0.5270155, -0.8434033, 3.019369;0.7371262, -0.8404501, 2.750464;
0.5528547, 0.8127631, 3.015046;0.6119179, 0.5983556, 2.98665;0.5613592, 0.2338768, 2.930315;0.4654726, 0.4535309, 3.053127;0.680795, 0.4558178, 2.840358;0.3972654, -0.1614425, 2.974473;0.6917841, -0.1329558, 2.670999;0.5509274, 0.1608759, 2.922456;0.4919902, 0.0829991, 2.967172;0.5886422, 0.09162237, 2.851393;0.5381516, -0.4074881, 2.988551;0.6906348, -0.3740079, 2.797189;0.5709392, -0.7608024, 3.031423;0.762788, -0.7538921, 2.770632;0.5266418, -0.840749, 3.018854;0.7372252, -0.8405321, 2.751035;
0.5526108, 0.813044, 3.015409;0.6119314, 0.5983114, 2.986677;0.561131, 0.233867, 2.930192;0.4654551, 0.4534633, 3.052967;0.6806054, 0.4560629, 2.840552;0.397123, -0.1614287, 2.974424;0.6898462, -0.1321783, 2.670942;0.5506295, 0.1608909, 2.922276;0.4916314, 0.08304004, 2.966887;0.5882785, 0.09178042, 2.851193;0.538443, -0.4079073, 2.988791;0.6898466, -0.3727698, 2.796793;0.5700139, -0.7623423, 3.03122;0.762482, -0.7534325, 2.770423;0.5266029, -0.8409746, 3.0186;0.7372943, -0.8405997, 2.751068;
0.5538758, 0.8138344, 3.016359;0.6119418, 0.5983256, 2.98665;0.5607804, 0.2339299, 2.929926;0.4652554, 0.4534854, 3.052777;0.6804677, 0.4561262, 2.840393;0.3957076, -0.1602276, 2.973486;0.6890844, -0.132017, 2.671223;0.5501792, 0.1609712, 2.921943;0.4909862, 0.0831971, 2.966368;0.5878394, 0.0919175, 2.8509;0.5369709, -0.4050551, 2.987884;0.6895058, -0.3725997, 2.796468;0.5707012, -0.7612677, 3.031164;0.7626036, -0.753518, 2.770036;0.5264643, -0.8402078, 3.018301;0.73691, -0.8407521, 2.749994;
0.5546539, 0.8138685, 3.016369;0.6119729, 0.597975, 2.98641;0.5604729, 0.2341854, 2.929756;0.4647476, 0.4532681, 3.052895;0.6806108, 0.4563826, 2.84013;0.3970848, -0.1705864, 2.978094;0.6887389, -0.1321147, 2.671142;0.5497566, 0.1614481, 2.921767;0.4903399, 0.08332504, 2.96628;0.5874728, 0.09229746, 2.850568;0.5370362, -0.4056967, 2.987969;0.6891637, -0.3727495, 2.796222;0.5696914, -0.7651186, 3.030869;0.7625096, -0.7531675, 2.76961;0.5263493, -0.840935, 3.018726;0.7368971, -0.8408904, 2.749962;
0.5532618, 0.814409, 3.017762;0.611635, 0.5985377, 2.98639;0.5596725, 0.2347928, 2.929861;0.4637876, 0.4522757, 3.053785;0.6801994, 0.4569914, 2.840253;0.3968841, -0.1711623, 2.979316;0.6879221, -0.1353977, 2.670312;0.5489333, 0.1620385, 2.921916;0.4894114, 0.08351611, 2.966747;0.5866811, 0.0926775, 2.850394;0.5368007, -0.4065154, 2.988149;0.6890676, -0.3728669, 2.796165;0.5689936, -0.7662311, 3.030761;0.7621636, -0.7531106, 2.769197;0.5268902, -0.8422377, 3.019478;0.7368647, -0.8407248, 2.749809;
0.5516206, 0.8130198, 3.016159;0.6114532, 0.5976173, 2.986413;0.5595782, 0.2332576, 2.929265;0.4636737, 0.4515091, 3.051539;0.6800385, 0.4568473, 2.84021;0.3953914, -0.1705398, 2.978079;0.6861883, -0.1354155, 2.670235;0.5489325, 0.1603543, 2.92118;0.4898721, 0.08148091, 2.965372;0.5865613, 0.0916055, 2.850038;0.5365701, -0.4062164, 2.988073;0.6890897, -0.3731355, 2.796081;0.5688522, -0.7639693, 3.030212;0.7623683, -0.753164, 2.769554;0.5265994, -0.841781, 3.019661;0.7369499, -0.8407902, 2.749846;
0.5517452, 0.8138771, 3.017169;0.6112322, 0.598148, 2.986143;0.5593098, 0.2337818, 2.928834;0.4636637, 0.4514616, 3.05151;0.680106, 0.4568511, 2.840137;0.395274, -0.1710639, 2.977405;0.6860985, -0.1327134, 2.670653;0.5486921, 0.1608696, 2.920739;0.489627, 0.08171641, 2.96514;0.5863854, 0.09208933, 2.849292;0.536975, -0.4072884, 2.988309;0.6888969, -0.3728905, 2.795803;0.5685423, -0.7647654, 3.030355;0.7624919, -0.7528765, 2.769675;0.527863, -0.8414636, 3.018791;0.7369704, -0.8407834, 2.749823;
0.5528248, 0.8142337, 3.016918;0.6112638, 0.5981927, 2.986243;0.5592808, 0.2339242, 2.928839;0.4630543, 0.4513045, 3.052568;0.6810455, 0.4572017, 2.840055;0.3952745, -0.1702613, 2.977303;0.6857049, -0.1333251, 2.670536;0.5486562, 0.1610539, 2.920717;0.4894804, 0.08172762, 2.964967;0.5863841, 0.092174, 2.849309;0.5359446, -0.4039931, 2.987249;0.6889045, -0.3734888, 2.795582;0.5685591, -0.7633601, 3.029856;0.762004, -0.7524123, 2.769369;0.5270818, -0.8392665, 3.018033;0.7369087, -0.840416, 2.749102;
0.5531591, 0.8143542, 3.017164;0.6112137, 0.598112, 2.986265;0.5592047, 0.2339158, 2.928701;0.4629185, 0.4515068, 3.052275;0.6809923, 0.4572835, 2.839891;0.3949238, -0.1697959, 2.977077;0.6845177, -0.1363449, 2.670165;0.5485809, 0.1610658, 2.920532;0.4893116, 0.08182588, 2.964575;0.5863687, 0.09222536, 2.849172;0.5355133, -0.4028798, 2.986607;0.6888424, -0.3744063, 2.795349;0.5685926, -0.7603917, 3.029779;0.7620221, -0.7523084, 2.76966;0.5269722, -0.837251, 3.017119;0.7373967, -0.840299, 2.749878;
0.5542872, 0.8145545, 3.015847;0.6109552, 0.5979351, 2.986162;0.5590698, 0.2342067, 2.928445;0.4627158, 0.4515386, 3.052377;0.6814334, 0.4574451, 2.839895;0.3953642, -0.1691707, 2.977657;0.684957, -0.1352465, 2.670145;0.548481, 0.1615256, 2.920212;0.4890558, 0.08205914, 2.964283;0.5864839, 0.09253713, 2.848709;0.5358256, -0.4027413, 2.986395;0.6885235, -0.3738826, 2.79523;0.5691004, -0.7591137, 3.030456;0.7622641, -0.7522689, 2.770194;0.5264831, -0.8372172, 3.018328;0.7375392, -0.8402304, 2.749545;
0.5541021, 0.8143063, 3.015632;0.6110786, 0.5977644, 2.986238;0.5591267, 0.2338617, 2.928266;0.4626093, 0.4519281, 3.051728;0.6813128, 0.4572528, 2.839713;0.3952905, -0.1685425, 2.979939;0.6849035, -0.1345771, 2.669699;0.5485397, 0.1611146, 2.919968;0.4892005, 0.08177537, 2.963685;0.5864927, 0.09232417, 2.848704;0.535867, -0.4028245, 2.986549;0.6885982, -0.3738867, 2.795257;0.5692462, -0.7582884, 3.030912;0.7623734, -0.7522066, 2.770394;0.525983, -0.8376311, 3.018587;0.7376593, -0.8401235, 2.749579;
0.5538605, 0.8141989, 3.015051;0.6113696, 0.5977472, 2.986274;0.5592221, 0.2337061, 2.927971;0.4628839, 0.4523107, 3.051227;0.6813309, 0.4572831, 2.839646;0.3949224, -0.1712173, 2.979998;0.6851446, -0.1323177, 2.670332;0.5486188, 0.1609, 2.919568;0.4892296, 0.08166174, 2.963137;0.5865784, 0.09228471, 2.848403;0.5358257, -0.4052664, 2.986388;0.6886508, -0.3746091, 2.795496;0.5687617, -0.7606618, 3.030174;0.7619012, -0.7521317, 2.769962;0.5265617, -0.8392942, 3.020046;0.7376863, -0.8401095, 2.74893;
0.5538404, 0.8139893, 3.014042;0.6114274, 0.5975394, 2.986086;0.5592114, 0.2337106, 2.927852;0.4624823, 0.4517458, 3.051782;0.6814475, 0.4573832, 2.83957;0.3952383, -0.1714443, 2.979406;0.6851448, -0.1320216, 2.670246;0.5486075, 0.16093, 2.919466;0.4891274, 0.08161529, 2.963057;0.5866322, 0.09228497, 2.84819;0.535816, -0.405133, 2.986388;0.6891679, -0.3762034, 2.795376;0.5687321, -0.7601532, 3.030394;0.7618526, -0.752318, 2.769999;0.5263775, -0.8391257, 3.020137;0.737846, -0.8400093, 2.749279;
0.5542884, 0.8144964, 3.013816;0.6115584, 0.5978594, 2.986166;0.5592108, 0.2337287, 2.92781;0.4622965, 0.4518275, 3.051587;0.6815247, 0.4574573, 2.839507;0.3933443, -0.1719512, 2.972691;0.6850634, -0.1320024, 2.670276;0.5486036, 0.1609341, 2.919419;0.4890029, 0.08171171, 2.962872;0.5866874, 0.09231522, 2.84818;0.5359753, -0.4055218, 2.986454;0.6891855, -0.3757868, 2.795405;0.5685164, -0.7624263, 3.030077;0.7617203, -0.7524723, 2.769833;0.5262216, -0.839833, 3.019571;0.7375968, -0.8401166, 2.749127;
0.5547091, 0.8142529, 3.013435;0.6113378, 0.597343, 2.986082;0.5591606, 0.2336348, 2.927677;0.4622048, 0.4518504, 3.051681;0.6812972, 0.4576654, 2.83913;0.3928315, -0.1711505, 2.969121;0.6835635, -0.1317507, 2.669298;0.5485779, 0.1608815, 2.919295;0.4889672, 0.08167275, 2.962734;0.5867046, 0.09231753, 2.848076;0.5360284, -0.4061027, 2.986533;0.6889459, -0.3757398, 2.795349;0.5694538, -0.7637423, 3.030714;0.7617764, -0.752484, 2.769818;0.5266055, -0.840399, 3.019507;0.7377283, -0.8403087, 2.749802;
0.5551733, 0.8147569, 3.013683;0.6111987, 0.5974549, 2.985377;0.5593427, 0.2336452, 2.927281;0.46115, 0.4505841, 3.052638;0.6813058, 0.4576831, 2.839138;0.3927107, -0.1724168, 2.968176;0.6796417, -0.1314258, 2.666316;0.5488295, 0.1608778, 2.918947;0.489134, 0.08147264, 2.962415;0.5872976, 0.0923925, 2.847704;0.5362136, -0.4065908, 2.986591;0.6887285, -0.3758851, 2.795412;0.5695717, -0.7642613, 3.03068;0.7617809, -0.7525071, 2.769793;0.5264032, -0.8408852, 3.019689;0.7381175, -0.8410329, 2.750934;
0.5550013, 0.8148965, 3.013933;0.6111953, 0.5974522, 2.98536;0.5594472, 0.2336794, 2.927269;0.4606068, 0.4508864, 3.053741;0.6812739, 0.4577709, 2.839128;0.3924177, -0.1733424, 2.967673;0.673285, -0.1308144, 2.661512;0.5490018, 0.160933, 2.918952;0.4892792, 0.08145486, 2.962406;0.5876631, 0.09253948, 2.84779;0.5362307, -0.4069039, 2.986577;0.6878401, -0.3751817, 2.795035;0.5690819, -0.7649025, 3.030482;0.7617698, -0.7524733, 2.769821;0.5267932, -0.8414642, 3.019662;0.738114, -0.8410393, 2.750922;
0.554003, 0.8146452, 3.013323;0.6110632, 0.5973086, 2.985328;0.5596148, 0.233582, 2.927384;0.460403, 0.4509315, 3.053725;0.680369, 0.4575306, 2.838466;0.3931661, -0.1584622, 2.968726;0.6659794, -0.1305782, 2.656471;0.5493116, 0.1608188, 2.919157;0.4899489, 0.08109503, 2.962966;0.5880021, 0.09234831, 2.847924;0.5365862, -0.405838, 2.986456;0.6877778, -0.3752142, 2.79494;0.5703965, -0.7625273, 3.031356;0.7618905, -0.7524047, 2.770116;0.5267379, -0.8399111, 3.019845;0.7381693, -0.8408591, 2.751171;
0.5541037, 0.8156105, 3.012727;0.6096589, 0.5976625, 2.983908;0.5603983, 0.2331129, 2.92674;0.4598216, 0.4507719, 3.053824;0.6794985, 0.4575389, 2.837904;0.3892863, -0.1588206, 2.966912;0.6582603, -0.1323374, 2.649969;0.5507672, 0.1600437, 2.918468;0.4921642, 0.08019538, 2.962054;0.5903682, 0.09176391, 2.847626;0.5365913, -0.4058898, 2.986261;0.6875879, -0.3753228, 2.794923;0.5694472, -0.7654606, 3.030112;0.7618483, -0.7528365, 2.77021;0.526778, -0.8406372, 3.019602;0.7387202, -0.841751, 2.752884;
0.5453606, 0.8130801, 3.008826;0.6093017, 0.5974678, 2.982442;0.5613356, 0.232698, 2.926348;0.4590679, 0.4506632, 3.054317;0.6783843, 0.457585, 2.836736;0.3863065, -0.1569987, 2.96635;0.6466223, -0.1330242, 2.633557;0.5520754, 0.1595428, 2.918269;0.4940101, 0.07969511, 2.961689;0.59205, 0.09161478, 2.848142;0.5372549, -0.4090612, 2.986192;0.686818, -0.3762459, 2.793876;0.5698113, -0.7658389, 3.030272;0.7620452, -0.7532866, 2.770442;0.527337, -0.8411967, 3.01999;0.7386916, -0.8417506, 2.752816;
0.5427985, 0.8126197, 3.006102;0.6058647, 0.5965557, 2.978683;0.5620507, 0.2325853, 2.925603;0.4576999, 0.4502584, 3.054157;0.676279, 0.4569747, 2.83367;0.3833523, -0.1576829, 2.965659;0.6434621, -0.1319208, 2.626078;0.5534021, 0.1595133, 2.917666;0.4960687, 0.0792998, 2.96133;0.5942745, 0.09162932, 2.847573;0.5366936, -0.4075004, 2.984994;0.6853673, -0.3779641, 2.791528;0.5691608, -0.7637368, 3.030087;0.7620093, -0.7535241, 2.770507;0.5266142, -0.8400245, 3.018697;0.7385648, -0.8417783, 2.752593;
0.5377826, 0.8127028, 3.003221;0.60404, 0.597484, 2.975578;0.5639063, 0.2316648, 2.924151;0.4560906, 0.4493456, 3.053381;0.6756502, 0.4575725, 2.833126;0.3685255, -0.1575294, 2.959337;0.6351022, -0.1337134, 2.616306;0.5563341, 0.1581126, 2.916434;0.5000741, 0.07777987, 2.959427;0.5984678, 0.0910538, 2.84789;0.5344322, -0.4103926, 2.983325;0.6854076, -0.3801854, 2.790232;0.5683523, -0.7656838, 3.028857;0.7615123, -0.7540487, 2.770026;0.5267025, -0.8406205, 3.018084;0.7385681, -0.8417782, 2.752597;
0.5336552, 0.8107282, 3.002358;0.6015702, 0.5957736, 2.97199;0.5659732, 0.2284297, 2.924549;0.4516336, 0.4469579, 3.050277;0.6649114, 0.4540184, 2.827455;0.36222, -0.158225, 2.953132;0.6291336, -0.1352995, 2.609655;0.5597205, 0.1539272, 2.918101;0.5049836, 0.07476504, 2.961623;0.6025388, 0.08751572, 2.852096;0.5314419, -0.4121244, 2.980354;0.6837733, -0.3827442, 2.788796;0.5676353, -0.7677613, 3.028266;0.7611434, -0.7545179, 2.768965;0.5270604, -0.8412084, 3.018467;0.7384076, -0.8415993, 2.752324;
0.5235422, 0.8065713, 2.99857;0.5955476, 0.5962093, 2.965598;0.5664605, 0.2273856, 2.924853;0.4483966, 0.4446061, 3.0499;0.6632336, 0.4533202, 2.826118;0.3578351, -0.1604787, 2.948586;0.6215771, -0.1378343, 2.600574;0.5609936, 0.1523251, 2.919383;0.5069467, 0.07374787, 2.963332;0.6052402, 0.08532106, 2.855999;0.5308581, -0.4116929, 2.98006;0.6816991, -0.3863546, 2.784365;0.5662175, -0.7650052, 3.027025;0.7610304, -0.7579597, 2.768371;0.5270804, -0.8399736, 3.018639;0.7383387, -0.841528, 2.752419;
0.5153227, 0.7970189, 2.987323;0.5866708, 0.5865698, 2.959968;0.569011, 0.2212434, 2.926045;0.4407032, 0.4357286, 3.043379;0.6529808, 0.4413658, 2.816823;0.3505263, -0.168757, 2.938246;0.6177051, -0.1410887, 2.596571;0.5655318, 0.1462425, 2.922113;0.5146949, 0.06768022, 2.967864;0.6112964, 0.0786487, 2.860138;0.5218273, -0.4133928, 2.975983;0.677807, -0.3873019, 2.778181;0.5647758, -0.768268, 3.02657;0.7612798, -0.7609622, 2.768616;0.5269688, -0.8406776, 3.017374;0.7378571, -0.8417224, 2.752227;
0.5102661, 0.7905287, 2.981506;0.5761292, 0.5780605, 2.952774;0.5716316, 0.2143858, 2.92747;0.4351156, 0.4200248, 3.034636;0.6465651, 0.4332027, 2.811379;0.3428944, -0.1866388, 2.938004;0.6082912, -0.1530633, 2.587229;0.5706567, 0.1392287, 2.92541;0.5232756, 0.06108357, 2.973543;0.6183096, 0.07095396, 2.864854;0.515901, -0.4153061, 2.974401;0.6767152, -0.3907243, 2.775115;0.5629523, -0.7644848, 3.025226;0.7604779, -0.7641845, 2.768359;0.5269076, -0.8402998, 3.017277;0.7373366, -0.8416777, 2.750735;
0.4942395, 0.756421, 2.969974;0.556094, 0.545242, 2.929469;0.5731201, 0.1972054, 2.927737;0.4259633, 0.3964175, 3.02579;0.6365369, 0.4166059, 2.801888;0.3356119, -0.2020473, 2.937767;0.6000254, -0.1660701, 2.579895;0.57469, 0.1250834, 2.928666;0.5290051, 0.05000846, 2.978032;0.6245191, 0.05730081, 2.871746;0.5125281, -0.4199308, 2.974415;0.6751463, -0.3939612, 2.770901;0.5623454, -0.7660495, 3.02501;0.7591915, -0.7678834, 2.767995;0.526662, -0.8407406, 3.017207;0.7370778, -0.8414558, 2.75;
0.4597249, 0.7325197, 2.931718;0.5515068, 0.5351833, 2.923094;0.5771686, 0.177597, 2.926188;0.4219, 0.3806954, 3.020654;0.6265631, 0.3904089, 2.792456;0.3323715, -0.2323933, 2.932506;0.5961061, -0.1910504, 2.577633;0.582095, 0.1050442, 2.929832;0.5392151, 0.03437662, 2.979624;0.6332976, 0.04036779, 2.876984;0.506718, -0.4252399, 2.97334;0.6728292, -0.3996384, 2.765355;0.5612759, -0.7674354, 3.024766;0.7580543, -0.7699652, 2.767125;0.5270767, -0.8416493, 3.017883;0.7355937, -0.840896, 2.74684;
0.4665115, 0.7113101, 2.934869;0.5340707, 0.5050222, 2.909502;0.5779727, 0.1535783, 2.927399;0.416427, 0.3631324, 3.015653;0.6194912, 0.3737856, 2.788763;0.330153, -0.2456841, 2.928299;0.5947345, -0.2049709, 2.574475;0.5859789, 0.08191372, 2.933751;0.5482745, 0.006380813, 2.987504;0.6391332, 0.02086639, 2.882649;0.5038997, -0.42919, 2.973547;0.6689416, -0.3994437, 2.765973;0.5607408, -0.7677506, 3.024442;0.7571531, -0.7711825, 2.766875;0.5268644, -0.8425464, 3.017567;0.7351522, -0.8414922, 2.746215;
0.4454837, 0.6707094, 2.913869;0.5247213, 0.4719221, 2.89484;0.5802612, 0.1287315, 2.926306;0.4050179, 0.3305452, 3.012325;0.6089711, 0.3470457, 2.781333;0.3260527, -0.2901489, 2.91742;0.599254, -0.2053972, 2.5735;0.590609, 0.0594142, 2.93526;0.5560479, -0.01444379, 2.989879;0.645276, -0.001705278, 2.887939;0.498649, -0.4339568, 2.972607;0.6640872, -0.4157497, 2.748662;0.5594319, -0.7682242, 3.024247;0.7554861, -0.7723542, 2.766686;0.5256637, -0.8419418, 3.01322;0.7345191, -0.8427381, 2.745958;
0.4468217, 0.6546259, 2.909558;0.5158975, 0.4540885, 2.888333;0.5843974, 0.1016409, 2.933516;0.4003408, 0.2901891, 2.997035;0.5998734, 0.322152, 2.773995;0.3190154, -0.3029122, 2.916668;0.6027504, -0.2393345, 2.571052;0.5988584, 0.02913898, 2.946966;0.5699294, -0.03755165, 2.998293;0.6526512, -0.03205886, 2.910054;0.494851, -0.4387832, 2.97136;0.6638166, -0.4222904, 2.741923;0.5583115, -0.7692918, 3.024286;0.7550519, -0.7731803, 2.766236;0.5252609, -0.8427916, 3.0128;0.7340667, -0.8433625, 2.745568;
0.4469262, 0.6175716, 2.907862;0.5045936, 0.4139192, 2.867083;0.5907516, 0.06295136, 2.947548;0.397981, 0.2810038, 2.996876;0.5903293, 0.2758242, 2.766293;0.3156345, -0.3282001, 2.921857;0.5989344, -0.3073128, 2.566376;0.6082188, -0.009106183, 2.967603;0.5887828, -0.07118577, 3.02304;0.658618, -0.07456235, 2.939457;0.4872618, -0.461104, 2.969339;0.6638414, -0.4382458, 2.735595;0.5581012, -0.767548, 3.023794;0.7546379, -0.7732949, 2.766222;0.5252282, -0.8423004, 3.013692;0.7342096, -0.8435175, 2.745829;
0.438553, 0.5861171, 2.899435;0.4932042, 0.3828361, 2.861154;0.5913848, 0.04259865, 2.946623;0.394831, 0.2316718, 2.989536;0.5891966, 0.2589429, 2.762743;0.3010016, -0.3823007, 2.924286;0.5899589, -0.3380426, 2.560414;0.6103875, -0.0258482, 2.967152;0.5923852, -0.08734885, 3.022514;0.6611894, -0.08501129, 2.939041;0.480867, -0.4728726, 2.968354;0.6616513, -0.4607703, 2.723732;0.5576184, -0.7682857, 3.023534;0.7540416, -0.7732902, 2.765861;0.5251863, -0.8436632, 3.013979;0.7343186, -0.8436641, 2.745965;
0.4008085, 0.5356284, 2.854072;0.4873515, 0.3510647, 2.855134;0.5996684, 0.01368627, 2.943509;0.3889572, 0.2142497, 2.988781;0.5846314, 0.2218478, 2.752747;0.301763, -0.3998971, 2.925772;0.5659554, -0.3508821, 2.539183;0.6221066, -0.05453765, 2.964564;0.607801, -0.1219785, 3.01956;0.6764488, -0.1090132, 2.937374;0.4687887, -0.496827, 2.966001;0.6606221, -0.46593, 2.717586;0.5573041, -0.7690355, 3.023293;0.7536437, -0.7737836, 2.766047;0.5253832, -0.8450638, 3.015606;0.7348592, -0.8444955, 2.74711;
0.3991705, 0.4843511, 2.838371;0.480406, 0.3011321, 2.847328;0.6021411, -0.01918827, 2.944283;0.383542, 0.1784842, 2.977352;0.5820224, 0.1809802, 2.745503;0.3012357, -0.4177465, 2.920423;0.6022306, -0.4189407, 2.560369;0.6259869, -0.08351063, 2.966707;0.6101228, -0.1404272, 3.023453;0.6835461, -0.1391501, 2.939145;0.4610345, -0.5091398, 2.964408;0.6587598, -0.4773113, 2.708584;0.5564595, -0.7697722, 3.023022;0.7521209, -0.774178, 2.76433;0.5253631, -0.8460065, 3.016791;0.7345549, -0.8454401, 2.747012;
0.399554, 0.4715039, 2.839843;0.4744075, 0.284471, 2.838875;0.597283, -0.03796808, 2.941005;0.3721284, 0.1276744, 2.985018;0.5807161, 0.1625259, 2.741923;0.3022761, -0.4780486, 2.917801;0.611916, -0.4303784, 2.569652;0.6216848, -0.102495, 2.964748;0.6038653, -0.1673071, 3.023799;0.6822175, -0.1562814, 2.938537;0.4527797, -0.533413, 2.962412;0.6540619, -0.4912512, 2.690624;0.5433852, -0.8216525, 3.020985;0.7517285, -0.7739087, 2.763279;0.4990628, -0.8815688, 3.010637;0.7346883, -0.8456123, 2.748122;
0.3845448, 0.4153787, 2.833454;0.4639615, 0.2313007, 2.832274;0.5972294, -0.07005288, 2.939128;0.3723281, 0.09797496, 2.983769;0.577426, 0.1331075, 2.736641;0.3021703, -0.4898723, 2.918454;0.6264972, -0.4170924, 2.585856;0.6233188, -0.1304609, 2.963747;0.609116, -0.1944242, 3.025107;0.6859518, -0.1835116, 2.938255;0.4390141, -0.550049, 2.959807;0.6521196, -0.497674, 2.682863;0.5352216, -0.8355183, 3.018911;0.7512403, -0.7740754, 2.763042;0.4847544, -0.8901449, 3.008644;0.7346541, -0.8457661, 2.748152;
0.3700845, 0.388574, 2.820849;0.4628687, 0.2132158, 2.823292;0.5883833, -0.1040647, 2.938097;0.3684584, 0.07117754, 2.977477;0.5738704, 0.1051156, 2.734231;0.304277, -0.5472714, 2.923177;0.6324039, -0.4340726, 2.588684;0.6128702, -0.1685585, 2.965146;0.597887, -0.2301046, 3.029199;0.6742865, -0.2247638, 2.941864;0.4613485, -0.5006698, 2.966346;0.6507571, -0.5210022, 2.665897;0.5534197, -0.7682835, 3.021005;0.7495146, -0.7991922, 2.741455;0.5255622, -0.8434888, 3.018728;0.7242392, -0.869107, 2.750659;
0.3753448, 0.3647449, 2.821911;0.4553686, 0.1785545, 2.813208;0.5909042, -0.1158815, 2.93467;0.3632517, 0.0507642, 2.975878;0.5724027, 0.08425075, 2.732926;0.308316, -0.5486244, 2.924928;0.6449925, -0.5121596, 2.600893;0.6165508, -0.1769671, 2.962305;0.6042293, -0.2413106, 3.028196;0.6797303, -0.231865, 2.93817;0.4572196, -0.5058421, 2.964889;0.642141, -0.525031, 2.662495;0.553465, -0.7730634, 3.021244;0.7498571, -0.7955422, 2.747027;0.5245413, -0.8438529, 3.017573;0.7239835, -0.8656412, 2.746977;
0.370448, 0.3154849, 2.812042;0.4541729, 0.1356212, 2.811616;0.6075898, -0.1453146, 2.927706;0.3615089, 0.01210414, 2.970234;0.5694228, 0.05497614, 2.725856;0.3144797, -0.6068764, 2.917564;0.6456538, -0.5300303, 2.606298;0.6379628, -0.2027158, 2.954353;0.6387074, -0.2724979, 3.019417;0.7003811, -0.2493092, 2.930773;0.4493402, -0.5205066, 2.964741;0.6353906, -0.5304065, 2.649158;0.5507746, -0.7702596, 3.018466;0.751107, -0.7736496, 2.762615;0.52437, -0.8401109, 3.016613;0.732052, -0.8438065, 2.746256;
0.3691195, 0.3066453, 2.808838;0.4518953, 0.1203998, 2.811009;0.6084045, -0.1542148, 2.927847;0.3607115, -0.001034677, 2.966458;0.567809, 0.02491822, 2.722357;0.3563761, -0.6407608, 2.932127;0.6500799, -0.5314496, 2.598305;0.639264, -0.2097285, 2.954595;0.6387147, -0.2762789, 3.020763;0.703892, -0.2571732, 2.930415;0.4475157, -0.5285926, 2.968517;0.6335148, -0.5321591, 2.645561;0.5515619, -0.7749191, 3.018628;0.7505326, -0.7757993, 2.762718;0.5225042, -0.8432841, 3.017591;0.7312032, -0.8457072, 2.746641;
0.3651379, 0.2774909, 2.804042;0.4492908, 0.09261667, 2.803289;0.6117973, -0.1687059, 2.926078;0.360982, -0.04398947, 2.964468;0.5669928, 0.006249418, 2.723293;0.3555473, -0.6219971, 2.934625;0.6495107, -0.5320796, 2.599786;0.6436183, -0.2218658, 2.953692;0.6425698, -0.2882151, 3.023657;0.7111102, -0.2672229, 2.928648;0.4459295, -0.5371386, 2.967651;0.6260602, -0.5350319, 2.64256;0.5515888, -0.7802082, 3.019132;0.7498533, -0.7771668, 2.762445;0.5206059, -0.8478076, 3.017792;0.7303609, -0.8470075, 2.7459;
0.3661545, 0.2594558, 2.798788;0.4493462, 0.07862549, 2.801232;0.6140044, -0.1884195, 2.925188;0.3617886, -0.05261151, 2.961315;0.5651796, -0.01892961, 2.720679;0.3867249, -0.5835187, 2.921559;0.6559676, -0.5762202, 2.594847;0.6467071, -0.2418002, 2.953359;0.6450387, -0.3050651, 3.024328;0.7144513, -0.2844494, 2.928379;0.4482749, -0.5402968, 2.967898;0.6199313, -0.541378, 2.635096;0.5516888, -0.7791904, 3.018858;0.7434776, -0.780812, 2.75002;0.5206122, -0.8468363, 3.018129;0.7297091, -0.8539168, 2.747125;
0.3397507, 0.2132154, 2.784297;0.4474465, 0.05634001, 2.798289;0.6159861, -0.1957702, 2.924178;0.360649, -0.09062481, 2.96179;0.5658591, -0.0339541, 2.720888;0.3852248, -0.6150322, 2.92687;0.6694748, -0.6831356, 2.580366;0.6491017, -0.2473501, 2.952603;0.6493788, -0.3142015, 3.025638;0.7188481, -0.2895571, 2.927248;0.4466508, -0.5397604, 2.96683;0.6116351, -0.5390544, 2.631844;0.5503097, -0.7822033, 3.016708;0.7481279, -0.7958694, 2.750826;0.5185725, -0.8495596, 3.013523;0.7223908, -0.8655697, 2.745019;
0.341313, 0.1994324, 2.787713;0.4433098, 0.03820409, 2.796777;0.6160178, -0.2181116, 2.920014;0.3607567, -0.09867628, 2.957758;0.5653074, -0.05063719, 2.720003;0.3693308, -0.6841311, 2.955188;0.670499, -0.6850587, 2.581785;0.6504397, -0.2691837, 2.948112;0.651337, -0.335345, 3.020604;0.7211201, -0.3082878, 2.92316;0.4452605, -0.5389754, 2.965067;0.6042643, -0.5423943, 2.618589;0.4863187, -0.7421054, 3.005223;0.7405969, -0.8025131, 2.740055;0.4479882, -0.8083343, 2.96277;0.7253532, -0.8742107, 2.752698;
0.3356563, 0.1745867, 2.786584;0.4421328, 0.01671841, 2.793903;0.617974, -0.2291182, 2.917364;0.3607079, -0.09908418, 2.957356;0.5670295, -0.06962994, 2.71784;0.3668087, -0.6902715, 2.96182;0.6746956, -0.676699, 2.582129;0.652872, -0.2787921, 2.945498;0.6539561, -0.3414685, 3.01861;0.7239714, -0.3192874, 2.919742;0.4454805, -0.5441047, 2.961242;0.5951083, -0.5449743, 2.613662;0.5386791, -0.7638813, 3.007602;0.7349054, -0.8067964, 2.739488;0.5173364, -0.8350011, 3.013078;0.7234599, -0.8793031, 2.751951;
0.3374541, 0.1670142, 2.786174;0.4410811, 0.008211646, 2.793493;0.6207107, -0.2406583, 2.919456;0.3605151, -0.1012111, 2.956455;0.5645016, -0.07776275, 2.718172;0.3675199, -0.6983415, 2.963972;0.6788795, -0.6719739, 2.586156;0.6566554, -0.2907441, 2.948185;0.656728, -0.3478763, 3.018184;0.7252701, -0.3269771, 2.923235;0.3493579, -0.5878721, 2.993181;0.5942812, -0.5437468, 2.612436;0.5167817, -0.8420187, 3.013824;0.733911, -0.8122004, 2.737848;0.4723635, -0.7893039, 2.985513;0.7156367, -0.8840021, 2.745842;
0.338165, 0.1550544, 2.783699;0.4404559, -0.003008204, 2.793149;0.6245817, -0.2532107, 2.918671;0.3476838, -0.1665426, 2.957158;0.5598591, -0.09320356, 2.717299;0.3662595, -0.70403, 2.965815;0.6897762, -0.699501, 2.590705;0.6615089, -0.3034357, 2.947249;0.6636046, -0.3694076, 3.011573;0.7290143, -0.333299, 2.924796;0.4412576, -0.5521358, 2.950991;0.58033, -0.5271704, 2.606551;0.5413531, -0.7784702, 3.010945;0.6663609, -0.8181726, 2.528135;0.4941172, -0.8358997, 3.006179;0.6321536, -0.8853829, 2.483444;
0.3352903, 0.1401112, 2.781483;0.4409899, -0.0146127, 2.791045;0.6261411, -0.2575585, 2.917388;0.3529927, -0.1683201, 2.953351;0.5611752, -0.1008995, 2.71678;0.3665768, -0.7099241, 2.967638;0.6965724, -0.7064195, 2.600361;0.6630895, -0.3067226, 2.946093;0.6659945, -0.372526, 3.012911;0.7328167, -0.3389639, 2.922013;0.4909567, -0.5779314, 2.970799;0.628137, -0.4958357, 2.689908;0.5360309, -0.7749893, 3.009076;0.7128183, -0.7742401, 2.616081;0.4917781, -0.8348457, 3.009207;0.701756, -0.8137152, 2.695696;
0.344071, 0.1331031, 2.776809;0.441756, -0.02453017, 2.790626;0.6268364, -0.2608577, 2.917446;0.352652, -0.1684551, 2.953006;0.562034, -0.1075675, 2.716532;0.3650318, -0.721649, 2.974325;0.695051, -0.7453532, 2.599294;0.663719, -0.308903, 2.946171;0.66675, -0.3739578, 3.01387;0.7343768, -0.3418596, 2.922555;0.4914826, -0.5781707, 2.971437;0.5732173, -0.5173337, 2.599591;0.5385578, -0.7760761, 3.009679;0.661824, -0.8066052, 2.522187;0.4904258, -0.8328514, 3.007432;0.6278909, -0.8751562, 2.479475;
0.3444324, 0.1246551, 2.77048;0.4428317, -0.02939133, 2.790324;0.6284565, -0.2666645, 2.917108;0.3534167, -0.1744541, 2.95058;0.5643924, -0.1157771, 2.716353;0.3637001, -0.7255294, 2.972446;0.6951174, -0.748045, 2.59956;0.6654335, -0.3144047, 2.945853;0.6684027, -0.3790382, 3.014214;0.73638, -0.346445, 2.922689;0.4478006, -0.6002541, 2.9633;0.5720617, -0.514957, 2.597571;0.5259774, -0.7838519, 3.012453;0.6602585, -0.8038778, 2.520498;0.4830583, -0.8446012, 3.00975;0.6264188, -0.8723664, 2.477699;
0.3464956, 0.1168332, 2.766135;0.443582, -0.03560886, 2.789762;0.629297, -0.2698428, 2.916839;0.3542004, -0.1776913, 2.949213;0.5657375, -0.1237533, 2.715107;0.3629288, -0.7256195, 2.972465;0.6952255, -0.7489659, 2.597937;0.6662866, -0.3169883, 2.945629;0.6688973, -0.3806605, 3.014113;0.7371536, -0.3479109, 2.922658;0.4413135, -0.5966859, 2.959717;0.5718365, -0.513513, 2.596641;0.5089584, -0.775265, 3.010449;0.659702, -0.8020228, 2.519853;0.4892779, -0.8469768, 3.010085;0.6257805, -0.8707991, 2.477744;
0.3491643, 0.1129236, 2.766511;0.4448711, -0.04058595, 2.787805;0.6256641, -0.2802269, 2.914725;0.3563251, -0.1798654, 2.947867;0.5659389, -0.1261542, 2.714186;0.3615504, -0.7245179, 2.972658;0.6953634, -0.7490283, 2.59721;0.6612923, -0.328674, 2.943521;0.6568251, -0.394149, 3.013187;0.7342238, -0.3580089, 2.919703;0.3293875, -0.5963373, 2.936463;0.5723574, -0.5096083, 2.585052;0.4887982, -0.8335396, 3.016297;0.660023, -0.7978594, 2.508742;0.506719, -0.7945356, 2.955655;0.6251648, -0.8658326, 2.466262;
0.3533423, 0.1125487, 2.766771;0.4474124, -0.04138925, 2.787509;0.6258054, -0.2810434, 2.914296;0.3570846, -0.1799496, 2.946667;0.5670707, -0.1274217, 2.713954;0.3616879, -0.7249215, 2.974208;0.6954498, -0.7607468, 2.593853;0.6612409, -0.3294984, 2.943043;0.6567047, -0.394883, 3.012694;0.7341785, -0.3594162, 2.91928;0.4024869, -0.6126292, 2.942904;0.573711, -0.5070558, 2.58226;0.5138739, -0.7697078, 3.008969;0.661304, -0.7948619, 2.506215;0.4862671, -0.8385299, 3.005258;0.6263135, -0.8626494, 2.46367;
0.3554282, 0.1108566, 2.766273;0.4497569, -0.04213681, 2.787264;0.624341, -0.2956241, 2.90975;0.357483, -0.1795828, 2.94613;0.5673277, -0.1289294, 2.713317;0.3512283, -0.7298316, 2.975065;0.6960638, -0.7651712, 2.593911;0.6579871, -0.3491231, 2.936817;0.652126, -0.4169298, 3.001182;0.7274815, -0.3842635, 2.914309;0.4106342, -0.6769117, 2.938387;0.567995, -0.4993892, 2.56391;0.5102357, -0.76496, 3.007543;0.6554937, -0.7871733, 2.488054;0.4887666, -0.8359784, 3.00615;0.6183403, -0.85307, 2.44448;
0.3576987, 0.1134866, 2.766091;0.4518639, -0.0413783, 2.787198;0.5738987, -0.3207952, 2.931834;0.3574609, -0.1792661, 2.946499;0.5678777, -0.1282142, 2.71317;0.35715, -0.7307723, 2.974643;0.6942059, -0.7611877, 2.592459;0.5967361, -0.3772436, 2.964114;0.5594701, -0.4448813, 3.034839;0.6771376, -0.4162264, 2.944656;0.4494922, -0.6045074, 2.963398;0.59648, -0.4785053, 2.554691;0.5344594, -0.7852408, 3.011551;0.6838984, -0.7657864, 2.478872;0.47923, -0.8344266, 3.003992;0.696787, -0.7953587, 2.574138;
0.368252, 0.1301445, 2.770249;0.4556775, -0.03481242, 2.788072;0.6253341, -0.29263, 2.912294;0.3588684, -0.1739643, 2.946488;0.5700085, -0.1259589, 2.712738;0.3517147, -0.7308232, 2.974014;0.6928951, -0.7604975, 2.592256;0.6580784, -0.3462372, 2.940231;0.6523065, -0.4143607, 3.0054;0.7277166, -0.3826717, 2.91954;0.6271343, -0.594897, 2.909283;0.5708658, -0.4947457, 2.567079;0.5364, -0.7850463, 3.010922;0.6582019, -0.7816316, 2.49137;0.4860355, -0.8395706, 3.004665;0.6822762, -0.8060474, 2.586137;
0.3706193, 0.135036, 2.773061;0.4583516, -0.02934264, 2.788482;0.6244469, -0.2915152, 2.912179;0.3566094, -0.1657158, 2.951673;0.572536, -0.1196554, 2.712416;0.355893, -0.728417, 2.972085;0.6970951, -0.6791789, 2.580162;0.6568097, -0.3449326, 2.940103;0.6508487, -0.4135976, 3.005476;0.7270234, -0.3820048, 2.919569;0.4551397, -0.6305647, 2.97428;0.5886787, -0.5250872, 2.570716;0.538788, -0.7854344, 3.011337;0.7279319, -0.774969, 2.698609;0.4959916, -0.846126, 3.007513;0.7203764, -0.8461496, 2.732513;
0.3751264, 0.1510973, 2.776226;0.4646621, -0.01314003, 2.789809;0.6307398, -0.2733896, 2.914939;0.3637386, -0.1462699, 2.950569;0.5777097, -0.1024038, 2.711454;0.3627916, -0.724527, 2.968258;0.6928127, -0.710297, 2.588936;0.6639038, -0.3250326, 2.943418;0.6584138, -0.390595, 3.010394;0.7347662, -0.3598488, 2.922349;0.4573987, -0.6233889, 2.977328;0.5960574, -0.5316576, 2.587506;0.543322, -0.7865578, 3.012505;0.7282352, -0.7809345, 2.708848;0.5015015, -0.8477213, 3.016701;0.7218129, -0.8495592, 2.73636;
0.3928972, 0.2003185, 2.792497;0.4706991, 0.01466041, 2.79293;0.6268667, -0.2530442, 2.919988;0.3707675, -0.1133684, 2.955506;0.5815625, -0.0826387, 2.712852;0.3253974, -0.6820291, 2.946238;0.6901454, -0.668903, 2.587502;0.6583603, -0.3060708, 2.948777;0.6513956, -0.3707058, 3.01876;0.7295744, -0.3488416, 2.926037;0.4599897, -0.6277293, 2.983377;0.6028137, -0.5354171, 2.594544;0.5444803, -0.7829226, 3.01326;0.7462482, -0.8054233, 2.758987;0.5040573, -0.8452041, 3.015441;0.713264, -0.8625991, 2.724917;
0.3953352, 0.2114837, 2.796367;0.474066, 0.03461105, 2.7936;0.6226958, -0.2386614, 2.921527;0.3690512, -0.09364613, 2.958636;0.5855129, -0.06432393, 2.714535;0.3149609, -0.6044121, 2.950242;0.6875674, -0.6476058, 2.584866;0.6527279, -0.292763, 2.950475;0.6441526, -0.3588147, 3.021401;0.7236425, -0.3384373, 2.927992;0.4364922, -0.5604072, 2.974645;0.6071718, -0.5364437, 2.599475;0.5444885, -0.7817158, 3.013084;0.7465318, -0.7919291, 2.754118;0.508269, -0.8466551, 3.01276;0.7198316, -0.8579541, 2.732743;
0.4082559, 0.249547, 2.807556;0.4799405, 0.05658548, 2.799649;0.6226184, -0.2289768, 2.92426;0.37365, -0.06908816, 2.963422;0.5881884, -0.0448998, 2.717366;0.3032764, -0.6053007, 2.967463;0.6694545, -0.5472387, 2.615219;0.6518427, -0.2852336, 2.952677;0.6405532, -0.3513908, 3.021588;0.7219117, -0.3285649, 2.931368;0.4364544, -0.5605046, 2.97453;0.6126322, -0.536274, 2.606606;0.5455735, -0.7816998, 3.01322;0.7469467, -0.7904461, 2.754215;0.5107216, -0.8474439, 3.014365;0.7202106, -0.8566037, 2.733081;
0.4108419, 0.2558245, 2.808499;0.487009, 0.07994638, 2.807033;0.6279716, -0.2054546, 2.931367;0.3745927, -0.04384985, 2.967819;0.594959, -0.02117847, 2.719308;0.3176946, -0.5980602, 2.964161;0.6676993, -0.5376248, 2.622536;0.6562461, -0.2629027, 2.959449;0.6457875, -0.3258193, 3.025743;0.7227216, -0.3112696, 2.93824;0.437933, -0.5542703, 2.972519;0.6209757, -0.5303785, 2.618703;0.5456738, -0.772594, 3.013955;0.7465874, -0.7878569, 2.754597;0.5160199, -0.8409213, 3.015643;0.7218211, -0.8553548, 2.735065;
0.4174497, 0.2825887, 2.818587;0.4891169, 0.09927885, 2.813258;0.6300548, -0.1850186, 2.937827;0.3839384, -0.004799479, 2.96355;0.6016624, 0.01180052, 2.719314;0.3491189, -0.5875781, 2.952373;0.6679975, -0.5371411, 2.615652;0.6582935, -0.2417541, 2.966132;0.6439824, -0.3104577, 3.030537;0.7291552, -0.2821898, 2.947407;0.4416068, -0.5507585, 2.97214;0.6362779, -0.5261976, 2.645626;0.5471862, -0.7743492, 3.014819;0.748827, -0.7841428, 2.755364;0.5132695, -0.8437511, 3.017732;0.7258921, -0.8535424, 2.740524;
0.4193759, 0.3029955, 2.82013;0.4934731, 0.1321816, 2.821109;0.6148344, -0.1704143, 2.943088;0.3862334, 0.007169234, 2.965524;0.605177, 0.03256115, 2.72271;0.3480493, -0.5792863, 2.94844;0.6693986, -0.5490028, 2.615047;0.638091, -0.2287897, 2.971498;0.6068904, -0.2917381, 3.037315;0.7095579, -0.2762143, 2.951519;0.4462303, -0.5463295, 2.970725;0.6454341, -0.5282471, 2.650302;0.5418149, -0.7669736, 3.012614;0.7489901, -0.7808258, 2.753607;0.5139312, -0.8429782, 3.019248;0.7270204, -0.8508897, 2.741701;
0.4362327, 0.3552758, 2.830363;0.5092027, 0.173957, 2.823155;0.6145269, -0.152664, 2.945049;0.3955733, 0.06357605, 2.967405;0.608061, 0.05520228, 2.728524;0.287957, -0.5440378, 2.947906;0.669543, -0.5286579, 2.611225;0.6366265, -0.2164646, 2.97292;0.6077901, -0.2788496, 3.035446;0.7040591, -0.2651213, 2.953547;0.4522043, -0.5264669, 2.966626;0.6532346, -0.5249879, 2.658251;0.5429266, -0.7647188, 3.012902;0.749207, -0.7794089, 2.754032;0.5159054, -0.8413423, 3.017724;0.7281297, -0.8495682, 2.742198;
0.4370752, 0.3729343, 2.837468;0.5115241, 0.2014199, 2.828641;0.6137576, -0.1287019, 2.945873;0.3972123, 0.07234301, 2.969849;0.6129324, 0.08505397, 2.73295;0.3435919, -0.4972574, 2.940732;0.6680842, -0.5338491, 2.611083;0.6346672, -0.1950375, 2.97281;0.6072391, -0.2610281, 3.033746;0.6997867, -0.2484631, 2.952303;0.4569534, -0.520724, 2.96587;0.6587462, -0.515564, 2.663911;0.5447352, -0.767424, 3.014697;0.7497515, -0.7779205, 2.754844;0.5171549, -0.8423355, 3.018161;0.7292436, -0.8480619, 2.742968;
0.4562552, 0.4407603, 2.868302;0.517682, 0.2494444, 2.838465;0.6155573, -0.08310398, 2.946774;0.4042521, 0.1213849, 2.969141;0.6187027, 0.1253961, 2.744824;0.3498757, -0.4549736, 2.948766;0.6804064, -0.4195895, 2.614394;0.6352026, -0.1491009, 2.971878;0.6112914, -0.2052853, 3.03067;0.6948393, -0.2127851, 2.949003;0.443338, -0.5457709, 2.957976;0.6607773, -0.498347, 2.68048;0.5314701, -0.8184879, 3.012532;0.7495418, -0.7764874, 2.75485;0.490978, -0.8799667, 3.018706;0.7301376, -0.8468227, 2.743283;
0.4608223, 0.4448285, 2.86729;0.5232113, 0.2674495, 2.848154;0.6157508, -0.07971035, 2.948566;0.4081813, 0.1342237, 2.968328;0.6208938, 0.1430081, 2.747031;0.3387539, -0.4315713, 2.942106;0.6783797, -0.4336923, 2.610982;0.6350191, -0.1473922, 2.972812;0.6103546, -0.2030984, 3.030055;0.6933866, -0.207693, 2.950899;0.4450251, -0.5435133, 2.957052;0.6616824, -0.4945708, 2.685303;0.5291664, -0.8171718, 3.01089;0.7496144, -0.7758799, 2.755691;0.4970734, -0.882438, 3.022961;0.7306527, -0.8460323, 2.743263;
0.4789663, 0.4883912, 2.885493;0.5324522, 0.3124484, 2.86022;0.6122313, -0.03907128, 2.95185;0.4137125, 0.1832202, 2.976255;0.6263587, 0.1766737, 2.756982;0.3350949, -0.4029075, 2.950099;0.691686, -0.3833194, 2.590581;0.628638, -0.1100033, 2.973755;0.601656, -0.1700068, 3.029852;0.6852922, -0.1758701, 2.947899;0.4586009, -0.5191859, 2.957258;0.6646488, -0.4772043, 2.700417;0.5341699, -0.7952262, 3.009995;0.7500497, -0.7757594, 2.756075;0.5099004, -0.8644951, 3.015304;0.7316286, -0.8463109, 2.746148;
0.4816591, 0.5070341, 2.894888;0.5402699, 0.3327693, 2.863575;0.6108192, -0.02155966, 2.952787;0.4162385, 0.2037106, 2.990428;0.6308847, 0.208624, 2.766027;0.330879, -0.3631771, 2.944798;0.6914419, -0.3603751, 2.603061;0.6251867, -0.09176318, 2.974164;0.5971512, -0.1559092, 3.028498;0.6784991, -0.15091, 2.949194;0.464216, -0.5083616, 2.958723;0.6658421, -0.4599832, 2.713285;0.5466796, -0.7646107, 3.015515;0.7502446, -0.7754841, 2.756332;0.5190747, -0.8402613, 3.013718;0.7319, -0.8458431, 2.745813;
0.4844124, 0.5469573, 2.900483;0.5561054, 0.3782991, 2.879614;0.6163417, 0.007798385, 2.955136;0.4230978, 0.2294109, 2.992618;0.6356921, 0.232401, 2.771712;0.3361793, -0.3471802, 2.944415;0.6854283, -0.318832, 2.61271;0.6288963, -0.06594861, 2.974361;0.5991355, -0.1317497, 3.024602;0.6810215, -0.1264091, 2.949289;0.4738595, -0.4868981, 2.96162;0.6653975, -0.450611, 2.718855;0.5477055, -0.7656765, 3.016528;0.7503021, -0.7752087, 2.756457;0.521051, -0.8406984, 3.012943;0.7321408, -0.8454812, 2.745935;
0.5150977, 0.5641676, 2.926401;0.5632079, 0.3634083, 2.890069;0.6168047, 0.01725538, 2.956228;0.4315296, 0.2568062, 3.006311;0.6387565, 0.2615321, 2.779359;0.3378747, -0.3292047, 2.943075;0.6848532, -0.3066595, 2.612619;0.6279776, -0.04742219, 2.97369;0.5979497, -0.1122595, 3.022879;0.6782844, -0.106643, 2.946483;0.4796959, -0.4709957, 2.961619;0.6642573, -0.4433886, 2.723304;0.5481434, -0.7644076, 3.016887;0.7504209, -0.7750898, 2.757118;0.52136, -0.8400917, 3.013295;0.7325935, -0.8452792, 2.746312;
0.5249758, 0.6108311, 2.943552;0.570914, 0.4321835, 2.90675;0.6154748, 0.05875662, 2.947597;0.4384847, 0.2781765, 3.010606;0.6457383, 0.285445, 2.786551;0.3422494, -0.3051305, 2.943943;0.6817133, -0.2800653, 2.614121;0.6250598, -0.01942641, 2.961605;0.5878657, -0.08145282, 3.004483;0.6767175, -0.06947084, 2.926838;0.4822624, -0.4623274, 2.961573;0.6638848, -0.43708, 2.726666;0.5483377, -0.7645997, 3.017003;0.7513059, -0.7745014, 2.757935;0.5229188, -0.8414682, 3.013331;0.7329943, -0.8440849, 2.744984;
0.5312871, 0.6175894, 2.944354;0.5737358, 0.4386389, 2.908238;0.6156688, 0.07264701, 2.945461;0.4447536, 0.2988021, 3.016918;0.6534364, 0.3079944, 2.791719;0.3463294, -0.2803097, 2.949348;0.6804351, -0.2545422, 2.62081;0.6239383, 0.001133746, 2.956335;0.5856958, -0.06960517, 3.003797;0.6766212, -0.05810672, 2.919377;0.4855324, -0.4545368, 2.962023;0.6654649, -0.4334473, 2.730334;0.5485423, -0.7648603, 3.017511;0.7514024, -0.7719088, 2.758344;0.523222, -0.8416059, 3.013067;0.733771, -0.8415759, 2.745461;
0.5660031, 0.6727312, 2.970477;0.5949059, 0.4907453, 2.92784;0.6150258, 0.09805439, 2.944065;0.4509615, 0.3310944, 3.022417;0.6601918, 0.3422888, 2.801272;0.3514447, -0.2584051, 2.949041;0.680987, -0.2326123, 2.623294;0.6206418, 0.02055389, 2.952325;0.5781423, -0.04679977, 2.997083;0.6713799, -0.03594164, 2.911505;0.4903722, -0.4465146, 2.962986;0.6664028, -0.4242566, 2.738235;0.5490268, -0.7648235, 3.017968;0.7518092, -0.7715143, 2.758861;0.5231689, -0.8413764, 3.013695;0.7341754, -0.8410772, 2.745909;
0.5724068, 0.680824, 2.979856;0.5993276, 0.4983866, 2.933814;0.6165018, 0.1106244, 2.944006;0.4559627, 0.3424236, 3.023082;0.6664764, 0.3597427, 2.80449;0.3490559, -0.2450961, 2.948531;0.6818237, -0.2117228, 2.631824;0.6206484, 0.03388613, 2.950051;0.5769365, -0.03670243, 2.99446;0.6708357, -0.02357063, 2.906981;0.4916186, -0.4424286, 2.963145;0.6675837, -0.4214346, 2.742077;0.5493858, -0.7653164, 3.018463;0.75225, -0.7714115, 2.759541;0.5235497, -0.841894, 3.014345;0.7342892, -0.8409344, 2.745983;
0.580962, 0.6996373, 2.992589;0.6050334, 0.5166106, 2.945589;0.6167448, 0.12836, 2.942816;0.4611534, 0.3580298, 3.02664;0.6736757, 0.3780738, 2.810889;0.3521324, -0.2306489, 2.953363;0.6825197, -0.1839848, 2.633857;0.6194838, 0.05167808, 2.946093;0.5741255, -0.02104072, 2.990589;0.6695113, -0.008625677, 2.898823;0.4928902, -0.439802, 2.963881;0.6695113, -0.4168667, 2.745733;0.5500945, -0.7663869, 3.019258;0.7526658, -0.7715242, 2.760077;0.5204306, -0.8441845, 3.018257;0.7343212, -0.8409244, 2.745912;
0.5876798, 0.7146146, 2.998562;0.6138049, 0.5315989, 2.952721;0.6153283, 0.1436009, 2.941946;0.4657575, 0.377096, 3.030856;0.6771634, 0.3924981, 2.815056;0.3580639, -0.2004624, 2.951937;0.6835833, -0.1753473, 2.639452;0.6159027, 0.06704786, 2.943449;0.5683594, -0.004503385, 2.987159;0.6640665, 0.005970113, 2.893402;0.4959488, -0.4370238, 2.964654;0.6710118, -0.4102636, 2.750335;0.5510063, -0.7669502, 3.019729;0.7542561, -0.7712095, 2.761367;0.5207974, -0.8443505, 3.017526;0.7346995, -0.8404558, 2.745294;
0.5954699, 0.7257812, 3.007749;0.6179543, 0.5422734, 2.956545;0.6111355, 0.166442, 2.940812;0.4695857, 0.3922713, 3.035351;0.6818332, 0.4103784, 2.821524;0.369091, -0.1825041, 2.961806;0.6836291, -0.1615456, 2.644886;0.6091356, 0.0922721, 2.940668;0.5598477, 0.01922862, 2.985245;0.6557623, 0.02695816, 2.887058;0.5034087, -0.4270189, 2.96649;0.673364, -0.4061373, 2.754769;0.5531493, -0.7635303, 3.019972;0.7543842, -0.770951, 2.761462;0.5220769, -0.8412343, 3.016076;0.7347245, -0.8403974, 2.745695;
0.6083159, 0.7430543, 3.017742;0.6260747, 0.5590085, 2.963278;0.6356864, 0.1719817, 2.967227;0.4754028, 0.4123712, 3.03246;0.6861227, 0.421462, 2.825045;0.3736719, -0.1710742, 2.965149;0.6843057, -0.1501099, 2.648225;0.6073768, 0.09931001, 2.940723;0.5565595, 0.02880201, 2.984217;0.6527804, 0.03556324, 2.886985;0.5120199, -0.4239999, 2.970773;0.6792803, -0.4042282, 2.762911;0.5549377, -0.7673836, 3.021128;0.7546942, -0.771059, 2.761496;0.5233431, -0.8426101, 3.016001;0.7348989, -0.8403118, 2.746116;
0.6149326, 0.754933, 3.024262;0.6295426, 0.5704303, 2.968858;0.6332242, 0.1859677, 2.965703;0.478124, 0.4243326, 3.037944;0.6962939, 0.4422642, 2.829659;0.3727041, -0.152451, 2.96123;0.684965, -0.1429154, 2.650334;0.6028858, 0.1150746, 2.936253;0.5492857, 0.04223599, 2.979099;0.6484035, 0.05138992, 2.879291;0.5168816, -0.4197183, 2.972508;0.6830208, -0.3999375, 2.768399;0.5569835, -0.7690713, 3.02253;0.7568208, -0.7693613, 2.76302;0.5234186, -0.8426574, 3.015935;0.7353569, -0.8404385, 2.746426;
0.6162602, 0.7632427, 3.025568;0.6325645, 0.5784953, 2.972125;0.6328017, 0.1911269, 2.964209;0.4794307, 0.4306035, 3.041232;0.697219, 0.4444949, 2.828888;0.366436, -0.1860886, 2.958631;0.6861598, -0.1378159, 2.652836;0.6017097, 0.1201145, 2.934403;0.5478992, 0.04570689, 2.977194;0.6463819, 0.05671956, 2.876163;0.5251611, -0.4123807, 2.977739;0.6874945, -0.3966674, 2.773943;0.5593266, -0.7622864, 3.02399;0.7574125, -0.7658464, 2.764085;0.5234688, -0.8413701, 3.016011;0.7360296, -0.8402569, 2.74687;
0.6270945, 0.7762486, 3.038622;0.6388866, 0.5914779, 2.978311;0.6298766, 0.2032721, 2.96115;0.4823731, 0.4433197, 3.044778;0.6995837, 0.4588496, 2.834896;0.3719205, -0.178983, 2.962893;0.6833177, -0.1412784, 2.652576;0.5969272, 0.134044, 2.929366;0.5412152, 0.05773145, 2.972163;0.6392857, 0.07265136, 2.866493;0.5302444, -0.4113326, 2.979171;0.6960078, -0.3855568, 2.782979;0.5639662, -0.7646737, 3.026094;0.7574459, -0.7624143, 2.763756;0.5248773, -0.8420957, 3.015995;0.7360898, -0.8401881, 2.746702;
0.6330996, 0.7837955, 3.041316;0.6428561, 0.5984855, 2.982731;0.6284233, 0.2095591, 2.960089;0.4842583, 0.4548948, 3.047829;0.7026016, 0.4660456, 2.837767;0.3804514, -0.1698805, 2.963973;0.6907066, -0.1055363, 2.659776;0.594715, 0.1408346, 2.927321;0.5375558, 0.0659491, 2.968336;0.636787, 0.07739505, 2.864462;0.5377058, -0.4059359, 2.98356;0.6993606, -0.3853998, 2.786661;0.5668948, -0.7605059, 3.028269;0.7593784, -0.7574021, 2.765588;0.525251, -0.838926, 3.014369;0.7361103, -0.8400161, 2.746679;
0.6370841, 0.7885878, 3.043612;0.6458598, 0.6029551, 2.985358;0.6273738, 0.2126009, 2.958786;0.4849827, 0.4568342, 3.047634;0.7038502, 0.4694625, 2.839806;0.3830655, -0.1692985, 2.965851;0.6925095, -0.1045194, 2.66041;0.5931284, 0.1442665, 2.925148;0.5355113, 0.06853552, 2.966437;0.6341786, 0.0803732, 2.860283;0.5420436, -0.4037208, 2.986525;0.7028461, -0.3816298, 2.789759;0.5683435, -0.7591661, 3.03019;0.7616304, -0.7551718, 2.766095;0.5222195, -0.8393105, 3.020854;0.7362917, -0.8397003, 2.746943;
0.6405746, 0.7908908, 3.049309;0.6476185, 0.6054114, 2.986639;0.6260331, 0.214005, 2.9572;0.4861156, 0.4619875, 3.049759;0.7039258, 0.4709003, 2.841028;0.3885348, -0.1667882, 2.969151;0.6945953, -0.102845, 2.660446;0.5908626, 0.1459654, 2.922833;0.5325582, 0.07037397, 2.9633;0.6305976, 0.08241975, 2.857111;0.545987, -0.4054211, 2.989166;0.7074415, -0.3787902, 2.793;0.5698706, -0.761898, 3.033367;0.7626455, -0.7539947, 2.766508;0.523582, -0.8400342, 3.020315;0.7360196, -0.8396392, 2.745712;
0.6411418, 0.7926266, 3.049418;0.6502296, 0.6069614, 2.987089;0.6255314, 0.213624, 2.956238;0.4879761, 0.460094, 3.042066;0.7042505, 0.4714133, 2.841377;0.3908035, -0.1688791, 2.97045;0.6972961, -0.09901802, 2.660599;0.5888297, 0.1458291, 2.919448;0.5295971, 0.07067993, 2.958892;0.6279015, 0.08221401, 2.853342;0.550104, -0.402274, 2.99113;0.7085432, -0.3794921, 2.794226;0.5705221, -0.760429, 3.033877;0.7639483, -0.753225, 2.767431;0.5243931, -0.8388453, 3.020522;0.7361435, -0.8393424, 2.745654;
0.6503695, 0.7934362, 3.054147;0.6513008, 0.607816, 2.987691;0.6247846, 0.2140601, 2.955142;0.4888249, 0.46069, 3.041812;0.7046766, 0.4721925, 2.842452;0.3912436, -0.1689803, 2.971397;0.6987942, -0.09778096, 2.660922;0.5866039, 0.1468263, 2.916785;0.5271848, 0.07125287, 2.956967;0.6243994, 0.08326608, 2.848253;0.551393, -0.4020973, 2.993046;0.7083826, -0.379867, 2.794717;0.5709291, -0.7621762, 3.034553;0.7645143, -0.752124, 2.767434;0.5251609, -0.8394415, 3.020565;0.7361771, -0.839267, 2.74585;
0.6489623, 0.7950888, 3.05171;0.6523824, 0.6088787, 2.98809;0.6241046, 0.2128114, 2.953535;0.4908633, 0.4594012, 3.039106;0.7042701, 0.4722476, 2.843266;0.391115, -0.171708, 2.977582;0.6997775, -0.09673598, 2.660317;0.5845554, 0.1453164, 2.913504;0.5252353, 0.07075554, 2.953286;0.6225317, 0.08282189, 2.846012;0.5514144, -0.4019088, 2.993326;0.7083862, -0.3802041, 2.794887;0.5720936, -0.7595022, 3.035673;0.7640427, -0.7528691, 2.766968;0.5251077, -0.8385585, 3.019742;0.7361544, -0.8392799, 2.745853;
0.6483232, 0.7958732, 3.050175;0.6525174, 0.6091542, 2.988985;0.6236333, 0.2122865, 2.952674;0.4913376, 0.4595166, 3.038325;0.7049692, 0.4725083, 2.843708;0.3989775, -0.1315146, 2.990303;0.700781, -0.09582394, 2.66001;0.5833707, 0.1451286, 2.911318;0.5232676, 0.07087621, 2.949692;0.6217605, 0.08290692, 2.844052;0.550743, -0.4012767, 2.993478;0.7083863, -0.38017, 2.795138;0.5718237, -0.7582978, 3.034761;0.7643468, -0.7520954, 2.76747;0.5252866, -0.8381615, 3.01961;0.7366719, -0.8394907, 2.747267;
0.6489154, 0.7989306, 3.051888;0.6540053, 0.6117691, 2.992809;0.6234304, 0.2125595, 2.952213;0.4926014, 0.4606949, 3.039138;0.7050949, 0.4735563, 2.845123;0.3964871, -0.1308016, 2.99559;0.7007133, -0.09515242, 2.659547;0.5822943, 0.1460553, 2.909745;0.5223829, 0.07153583, 2.948399;0.6196259, 0.08416404, 2.840441;0.5505107, -0.4016494, 2.9939;0.7079938, -0.3800517, 2.795674;0.5726084, -0.7621847, 3.034841;0.7645119, -0.7519154, 2.767359;0.525115, -0.8387486, 3.018477;0.7366325, -0.8394309, 2.747477;
0.64895, 0.7990568, 3.05011;0.6539475, 0.6114401, 2.993596;0.6232592, 0.2119978, 2.952506;0.4932166, 0.460726, 3.038689;0.7046054, 0.4738477, 2.845931;0.3964721, -0.1305169, 2.996531;0.7005016, -0.09464018, 2.659089;0.5815334, 0.145753, 2.909377;0.5220329, 0.07128468, 2.948206;0.6181516, 0.08360508, 2.839674;0.5500115, -0.4023341, 2.993987;0.7077518, -0.3803683, 2.796162;0.573478, -0.7639482, 3.035024;0.7645676, -0.752288, 2.767637;0.5251995, -0.8402666, 3.019212;0.7366378, -0.8394133, 2.747505;
0.6491681, 0.7993142, 3.050758;0.6541525, 0.6115256, 2.993758;0.622542, 0.2117529, 2.952021;0.4942436, 0.463061, 3.039141;0.7043526, 0.4744309, 2.84646;0.3859819, -0.1724551, 3.003332;0.7005028, -0.09425525, 2.658537;0.5805548, 0.1454589, 2.908891;0.5212653, 0.0714878, 2.947356;0.6168402, 0.08349378, 2.839808;0.5491978, -0.4023578, 2.99385;0.7065758, -0.3801124, 2.796414;0.5733134, -0.7645957, 3.035064;0.7649658, -0.7521889, 2.767853;0.5257428, -0.8409425, 3.02011;0.7366841, -0.8393437, 2.747514;
0.6489872, 0.8003321, 3.05203;0.6557598, 0.6123874, 2.994963;0.6220288, 0.2113556, 2.951923;0.4943252, 0.4628204, 3.038989;0.7043247, 0.4743711, 2.846571;0.3863321, -0.173066, 3.001398;0.6999015, -0.09398641, 2.656747;0.5796447, 0.1449623, 2.908735;0.5202581, 0.07122375, 2.947023;0.6155582, 0.08289254, 2.839909;0.5483955, -0.4016387, 2.99321;0.7062541, -0.3804307, 2.796776;0.5730559, -0.7637489, 3.034919;0.7646279, -0.7535928, 2.767447;0.5249971, -0.8386973, 3.017681;0.7371549, -0.8396681, 2.749017;
0.6496571, 0.8006406, 3.052164;0.6560447, 0.6124226, 2.995623;0.6211931, 0.210958, 2.951808;0.4945937, 0.4628003, 3.039138;0.704276, 0.4743307, 2.846766;0.3942564, -0.1303509, 3.00024;0.6993119, -0.09377249, 2.655896;0.5785326, 0.1445335, 2.908587;0.5192971, 0.07116356, 2.946753;0.6140049, 0.08228906, 2.839928;0.5475544, -0.4033183, 2.993235;0.7047431, -0.3793577, 2.79902;0.5732159, -0.7642815, 3.034487;0.7647281, -0.7532303, 2.767879;0.5253984, -0.8393038, 3.018076;0.7370518, -0.840341, 2.749954;
0.6499898, 0.801062, 3.053338;0.6562637, 0.6126996, 2.996009;0.6205147, 0.211166, 2.951638;0.4964473, 0.4651868, 3.039173;0.7039666, 0.4738764, 2.8471;0.3933607, -0.1301266, 3.000389;0.6974369, -0.09258632, 2.650032;0.5776592, 0.1448367, 2.908456;0.5188189, 0.07131217, 2.946864;0.6120175, 0.0823626, 2.839163;0.5470427, -0.4025794, 2.992922;0.7043475, -0.3795714, 2.799353;0.5725912, -0.7606361, 3.03284;0.7646962, -0.7524513, 2.767896;0.5256124, -0.8381591, 3.017334;0.7371113, -0.8401185, 2.749178;
0.6497634, 0.8012128, 3.053952;0.6562783, 0.6127017, 2.996075;0.6197604, 0.2110214, 2.951358;0.4962078, 0.4658191, 3.039826;0.7053683, 0.4740083, 2.848129;0.3918715, -0.1295591, 2.998369;0.6972967, -0.09250468, 2.649976;0.5770301, 0.1447309, 2.907987;0.5172517, 0.07163719, 2.945137;0.6119272, 0.08234599, 2.839249;0.5464451, -0.4033349, 2.99282;0.7036742, -0.3806503, 2.79963;0.5721539, -0.7632323, 3.032019;0.7646213, -0.7518642, 2.768172;0.5253278, -0.8398892, 3.017749;0.7368867, -0.84003, 2.74979;
0.6521906, 0.8015118, 3.055655;0.6562063, 0.612831, 2.996655;0.6190194, 0.2109315, 2.951312;0.4961329, 0.4652908, 3.039494;0.7053032, 0.4740384, 2.848256;0.3903733, -0.1292941, 2.994774;0.6966578, -0.09206487, 2.648596;0.576256, 0.1446762, 2.907873;0.5165437, 0.07153019, 2.945121;0.6111226, 0.08220333, 2.839038;0.5460647, -0.4033497, 2.992714;0.7030197, -0.3802391, 2.799973;0.5713712, -0.7611672, 3.032158;0.7646595, -0.7517966, 2.768221;0.5255853, -0.8390141, 3.017866;0.7367366, -0.8400136, 2.749652;
0.6531795, 0.801353, 3.059129;0.6561154, 0.6127521, 2.997121;0.6185324, 0.2109144, 2.951182;0.4946511, 0.463503, 3.040595;0.705485, 0.4743664, 2.848721;0.3892992, -0.1290185, 2.993958;0.696084, -0.09194484, 2.648135;0.5757667, 0.1447508, 2.907678;0.5156893, 0.07146155, 2.944737;0.6108899, 0.08217242, 2.838907;0.5456914, -0.4037308, 2.992627;0.7019042, -0.381622, 2.800641;0.571047, -0.7623752, 3.03201;0.7647387, -0.7518939, 2.768411;0.5259653, -0.8397515, 3.018048;0.7367285, -0.8399436, 2.749406;
0.6532797, 0.8003798, 3.058912;0.6555059, 0.6111994, 3.000349;0.6175348, 0.2105774, 2.951408;0.4946063, 0.4645845, 3.041356;0.7051271, 0.4745165, 2.849008;0.3797783, -0.1717025, 2.991978;0.6958838, -0.09140947, 2.647749;0.5747526, 0.1448038, 2.90779;0.5145993, 0.07170066, 2.944799;0.6099908, 0.08235542, 2.838859;0.5449147, -0.4044465, 2.992364;0.701753, -0.381399, 2.800528;0.5711021, -0.7628598, 3.031958;0.7637336, -0.7567253, 2.766932;0.5253171, -0.8396924, 3.016055;0.7367627, -0.8404645, 2.750444;
0.6530841, 0.8004608, 3.05841;0.6555054, 0.6109943, 3.00088;0.6171977, 0.2097328, 2.952082;0.494951, 0.4611103, 3.036325;0.7043206, 0.4748095, 2.849823;0.3788592, -0.1750838, 2.990505;0.6955652, -0.09147197, 2.647469;0.5740982, 0.1441482, 2.907534;0.5142567, 0.07124026, 2.944451;0.6093261, 0.082136, 2.838792;0.5445865, -0.4043168, 2.992096;0.7007282, -0.3807798, 2.800854;0.5710205, -0.7614452, 3.031879;0.7635889, -0.7563483, 2.766957;0.5253073, -0.8394269, 3.016233;0.7367784, -0.8404952, 2.750438;
0.6535297, 0.8004353, 3.059573;0.6550251, 0.6107885, 3.001515;0.6167969, 0.2095725, 2.952598;0.4946462, 0.4619077, 3.037308;0.7043694, 0.4745467, 2.850212;0.3797916, -0.1736918, 2.98753;0.6951502, -0.09119423, 2.646538;0.5732721, 0.1443407, 2.907462;0.5130334, 0.07135783, 2.94449;0.6087411, 0.0821823, 2.838456;0.5439767, -0.4033241, 2.991559;0.7002528