0.9175458, 0.8719617, 2.959116;0.9997213, 0.6635165, 2.945311;0.9587179, 0.2769679, 2.901878;0.8909702, 0.5183903, 3.103743;1.063925, 0.5230565, 2.813022;0.8137163, -0.02837443, 2.938892;1.004256, 0.05997913, 2.69096;0.9505173, 0.1996581, 2.896733;0.904719, 0.1337171, 2.94102;0.9825488, 0.1358169, 2.834801;0.9522534, -0.3689743, 2.996813;1.075417, -0.3459719, 2.738944;0.9620508, -0.7232539, 3.015019;1.088817, -0.6974065, 2.664758;0.9088104, -0.8004935, 3.003284;1.048477, -0.7793936, 2.603998;
0.9174407, 0.8718168, 2.959898;0.9994018, 0.662735, 2.945437;0.9585961, 0.2764882, 2.902079;0.8914745, 0.5192991, 3.105905;1.06389, 0.5230979, 2.813313;0.8140539, -0.02713366, 2.939047;0.9826802, -8.799136E-05, 2.682132;0.9504256, 0.1992286, 2.896957;0.9047189, 0.1335202, 2.941236;0.9824091, 0.1353663, 2.835072;0.9526228, -0.3694101, 2.997486;1.074808, -0.3441572, 2.738918;0.9619179, -0.7227895, 3.014729;1.088652, -0.6970958, 2.664971;0.9054157, -0.7979766, 2.999447;1.048609, -0.7792862, 2.604678;
0.9173221, 0.8716178, 2.959698;0.999744, 0.6626751, 2.945384;0.9586278, 0.2760107, 2.902278;0.8918719, 0.5192702, 3.105806;1.063888, 0.5231793, 2.813407;0.8142242, -0.02716926, 2.938947;0.9849011, 0.005752414, 2.682928;0.9503803, 0.1985666, 2.89724;0.9047434, 0.1329784, 2.941509;0.9822208, 0.1349234, 2.835474;0.9527789, -0.3692767, 2.99769;1.074778, -0.3442146, 2.739109;0.9612031, -0.7220529, 3.011896;1.088407, -0.6965858, 2.665254;0.9050378, -0.7969979, 2.990944;1.048838, -0.7791734, 2.604912;
0.9166834, 0.872042, 2.95903;0.999798, 0.662623, 2.945566;0.958499, 0.2757123, 2.902583;0.8924695, 0.5193483, 3.104944;1.064049, 0.5234629, 2.813326;0.814325, -0.0268608, 2.93932;0.9844277, 0.005519398, 2.682901;0.9501973, 0.1982062, 2.897576;0.9046023, 0.1326571, 2.941783;0.9819525, 0.1346813, 2.835904;0.9528518, -0.3692852, 2.997627;1.074139, -0.3435662, 2.739102;0.9599029, -0.7232374, 3.011272;1.088201, -0.6962523, 2.665176;0.905821, -0.7967443, 2.989876;1.048848, -0.7789989, 2.604806;
0.9166586, 0.8719046, 2.958992;1.000379, 0.6622531, 2.945141;0.9586001, 0.2757246, 2.902467;0.8931395, 0.5194129, 3.104552;1.064302, 0.5236472, 2.813236;0.8135734, -0.02856559, 2.936641;0.9814602, 0.004762769, 2.68281;0.9502715, 0.1982498, 2.897473;0.9046908, 0.1326743, 2.941733;0.9819702, 0.1347064, 2.835787;0.9530436, -0.369549, 2.997558;1.074147, -0.343558, 2.739008;0.9603553, -0.723042, 3.011058;1.088029, -0.6951329, 2.665281;0.9055589, -0.7973188, 2.989677;1.048823, -0.778775, 2.60467;
0.9168309, 0.8708102, 2.957587;1.002258, 0.6622164, 2.945486;0.9589247, 0.2754173, 2.902375;0.8951884, 0.5199545, 3.099789;1.0643, 0.5236545, 2.813191;0.8144324, -0.01894993, 2.938958;0.9791247, 0.002448536, 2.683635;0.950462, 0.1979236, 2.897339;0.9049585, 0.1326043, 2.941435;0.9819659, 0.1346553, 2.835791;0.9531657, -0.3695638, 2.99751;1.074067, -0.3435497, 2.738954;0.9603831, -0.7230853, 3.010913;1.08793, -0.6951709, 2.665226;0.9071714, -0.7980862, 2.992093;1.048514, -0.7788611, 2.604272;
0.9173966, 0.8704423, 2.957396;1.002795, 0.66202, 2.945454;0.9598293, 0.2693686, 2.901201;0.8956316, 0.5198822, 3.099737;1.064349, 0.523816, 2.813435;0.8124406, -0.02677026, 2.936263;0.9791407, 0.003687367, 2.684906;0.9512504, 0.1897029, 2.895814;0.9061863, 0.1260218, 2.938976;0.9822265, 0.129448, 2.835949;0.953186, -0.3696761, 2.997853;1.073489, -0.3431047, 2.739642;0.9601656, -0.7231807, 3.011721;1.08814, -0.6945823, 2.665714;0.9039718, -0.7982149, 2.995533;1.048337, -0.7786746, 2.604066;
0.9195244, 0.8696147, 2.954037;1.003437, 0.6611692, 2.944936;0.9599107, 0.2695917, 2.901274;0.8960521, 0.5201223, 3.100592;1.064481, 0.5236841, 2.813277;0.8130592, -0.02910901, 2.935831;0.9781779, 0.001385659, 2.68446;0.9513136, 0.1904751, 2.896117;0.906195, 0.1267229, 2.939614;0.9822075, 0.1295141, 2.835932;0.9533907, -0.3696465, 2.997905;1.073015, -0.3428094, 2.73937;0.9602125, -0.7230505, 3.011641;1.088072, -0.694557, 2.665794;0.9047856, -0.7983592, 2.995527;1.048354, -0.7786675, 2.604046;
0.9200208, 0.8684995, 2.952873;1.004059, 0.6604551, 2.94466;0.959968, 0.2697234, 2.901259;0.8967423, 0.5201061, 3.099795;1.064541, 0.5236261, 2.813257;0.8132719, -0.03208754, 2.934458;0.9747068, -0.002522476, 2.683609;0.9513391, 0.1909353, 2.896172;0.9062416, 0.1271496, 2.939768;0.9821339, 0.1296652, 2.835881;0.9537879, -0.3700384, 2.998063;1.073022, -0.342817, 2.739417;0.9602506, -0.7240393, 3.011492;1.088085, -0.6945407, 2.665823;0.9046322, -0.7983821, 2.995596;1.048406, -0.778905, 2.604489;
0.9263829, 0.8528907, 2.955388;1.005085, 0.6585975, 2.942341;0.9599633, 0.2697273, 2.901239;0.8973128, 0.5202217, 3.100467;1.066683, 0.52327, 2.813263;0.8138125, -0.03175375, 2.934026;0.9717598, -0.0043962, 2.683012;0.9512362, 0.1911258, 2.896376;0.9057539, 0.1263575, 2.940282;0.9819432, 0.1306802, 2.83661;0.9538397, -0.3700078, 2.997998;1.072943, -0.3426597, 2.739484;0.9624345, -0.7256119, 3.011889;1.088077, -0.6945445, 2.665811;0.9096354, -0.8001575, 2.995847;1.048242, -0.7788218, 2.604254;
0.9310753, 0.8423584, 2.956813;1.006103, 0.6571686, 2.942343;0.9600489, 0.269363, 2.90161;0.8981677, 0.5202065, 3.098949;1.066825, 0.5229903, 2.813229;0.8137665, -0.03105043, 2.93308;0.9716276, -0.004814404, 2.682491;0.9511981, 0.1909379, 2.896824;0.9056352, 0.1246907, 2.941382;0.9817609, 0.1307952, 2.83696;0.9539464, -0.3698176, 2.997864;1.072374, -0.3422616, 2.741533;0.9621833, -0.7250419, 3.01074;1.088158, -0.694446, 2.665877;0.9067062, -0.7988878, 2.988886;1.048123, -0.7788568, 2.604445;
0.9346708, 0.8365017, 2.959296;1.006791, 0.6574429, 2.942278;0.960026, 0.2693585, 2.90174;0.8986408, 0.5207287, 3.098163;1.067004, 0.5230235, 2.813276;0.8063921, -0.04731129, 2.930943;0.9718314, -0.002312593, 2.682119;0.951035, 0.1909641, 2.897094;0.9053645, 0.1243529, 2.941627;0.9813289, 0.1313062, 2.837561;0.9539949, -0.3699703, 2.997895;1.072073, -0.3423449, 2.741131;0.9622068, -0.7250676, 3.010804;1.088246, -0.6945087, 2.665885;0.9020004, -0.8001304, 2.990981;1.048237, -0.7789536, 2.604439;
0.937493, 0.8304443, 2.958071;1.009073, 0.6574438, 2.943533;0.9602498, 0.2690049, 2.902196;0.8997544, 0.5216731, 3.097126;1.06749, 0.5227982, 2.812966;0.8086287, -0.04202547, 2.931439;0.9711818, -0.005072659, 2.682868;0.9510364, 0.1906621, 2.897481;0.9052864, 0.1239429, 2.941771;0.981209, 0.131405, 2.838105;0.9539809, -0.3699421, 2.997849;1.071883, -0.3433399, 2.740828;0.9620507, -0.7237547, 3.011417;1.088017, -0.6942372, 2.666034;0.9021401, -0.7997868, 2.990635;1.048334, -0.7787696, 2.604675;
0.9396127, 0.826511, 2.957864;1.009099, 0.6572361, 2.943585;0.9602801, 0.269111, 2.902613;0.9004205, 0.5219324, 3.097641;1.067766, 0.5224411, 2.812992;0.8111567, -0.03795233, 2.934448;0.9701306, -0.00447423, 2.682762;0.9510065, 0.1909724, 2.898088;0.9052816, 0.1234806, 2.94277;0.98106, 0.1317552, 2.838362;0.9545098, -0.3691257, 2.997837;1.071641, -0.3428286, 2.740583;0.9618563, -0.7235565, 3.010862;1.087938, -0.6942269, 2.666041;0.9005917, -0.8002306, 2.989798;1.048388, -0.7787663, 2.604821;
0.9422402, 0.8239204, 2.959208;1.009636, 0.6572734, 2.943734;0.9603843, 0.2693538, 2.902851;0.9009317, 0.5221414, 3.097907;1.068162, 0.5223897, 2.813258;0.8116947, -0.03679385, 2.933941;0.9695902, -0.003441319, 2.681995;0.9509989, 0.1913524, 2.898384;0.905238, 0.1234548, 2.942946;0.9808782, 0.1325061, 2.838607;0.9545035, -0.3696016, 2.997922;1.071646, -0.3428043, 2.740483;0.9619261, -0.7235302, 3.01092;1.087593, -0.6939152, 2.665923;0.9017233, -0.7999631, 2.989352;1.048389, -0.7787579, 2.604808;
0.9441749, 0.8211337, 2.959661;1.010613, 0.6573024, 2.944148;0.9605762, 0.2691385, 2.903077;0.9018713, 0.5226489, 3.097662;1.068816, 0.5223601, 2.813121;0.8147894, -0.02119981, 2.938983;0.9675301, -0.003879093, 2.681537;0.9510645, 0.1911569, 2.898565;0.9052761, 0.1231695, 2.942992;0.9808768, 0.1325209, 2.838842;0.9545028, -0.3696061, 2.997922;1.071447, -0.3428732, 2.74075;0.9616325, -0.722675, 3.011817;1.087992, -0.6941735, 2.666912;0.9023303, -0.7996719, 2.98899;1.048545, -0.7787219, 2.605004;
0.9460418, 0.820923, 2.960051;1.011236, 0.6569342, 2.944136;0.9608614, 0.2686588, 2.903333;0.9032019, 0.5229685, 3.096398;1.068886, 0.5223868, 2.813099;0.8156552, -0.018476, 2.939657;0.9680633, -0.003530554, 2.68171;0.9512273, 0.190714, 2.898841;0.9054947, 0.1227906, 2.943144;0.9808861, 0.1324014, 2.839157;0.9545261, -0.3693976, 2.997857;1.071681, -0.3426643, 2.740701;0.9615721, -0.7226037, 3.011771;1.087702, -0.6942734, 2.666456;0.9024095, -0.7994511, 2.988997;1.048541, -0.7787643, 2.605076;
0.9465189, 0.8204823, 2.960856;1.012665, 0.657051, 2.944372;0.9611076, 0.2685375, 2.903527;0.9049296, 0.5245545, 3.09655;1.070985, 0.5221846, 2.813351;0.815806, -0.02008585, 2.938646;0.9675563, -0.003094614, 2.681532;0.9513246, 0.1906053, 2.899002;0.9055066, 0.1227556, 2.943119;0.9809974, 0.1325871, 2.839779;0.9545409, -0.3694085, 2.997848;1.07195, -0.3426074, 2.740836;0.9615183, -0.7225861, 3.011722;1.08767, -0.6943137, 2.666483;0.9017034, -0.7985871, 2.989051;1.048797, -0.7788922, 2.605608;
0.9477509, 0.8239384, 2.961918;1.013683, 0.6571667, 2.944705;0.9614542, 0.2684289, 2.903618;0.9060009, 0.5242585, 3.09341;1.071064, 0.5222065, 2.813374;0.8135377, -0.0361211, 2.931885;0.968004, -0.002741843, 2.681956;0.9515156, 0.1905105, 2.899046;0.9057392, 0.1226324, 2.94302;0.9810989, 0.1327039, 2.839885;0.9545456, -0.3694424, 2.997906;1.072367, -0.343401, 2.740332;0.9620285, -0.7222893, 3.010828;1.087822, -0.6958942, 2.666812;0.9001483, -0.7980803, 2.990263;1.048785, -0.7789076, 2.60549;
0.9485552, 0.8233491, 2.963412;1.01404, 0.6572661, 2.944651;0.9614893, 0.2683498, 2.903741;0.9071908, 0.5255205, 3.096895;1.071222, 0.5223327, 2.813886;0.8141656, -0.03357842, 2.932022;0.9691446, -0.003192395, 2.682794;0.9514735, 0.1903924, 2.899229;0.9057394, 0.1226297, 2.942996;0.980773, 0.1332425, 2.840981;0.9545792, -0.3695287, 2.997922;1.072762, -0.344274, 2.740494;0.9613037, -0.7223402, 3.010472;1.087469, -0.6957307, 2.666693;0.9048974, -0.7976399, 2.987607;1.048784, -0.7789106, 2.605477;
0.948852, 0.8226994, 2.964671;1.014293, 0.6571615, 2.944524;0.9617308, 0.2679298, 2.90386;0.9077368, 0.5261068, 3.096502;1.071385, 0.522222, 2.81389;0.8177532, -0.01619918, 2.938936;0.9689867, -0.00291767, 2.6826;0.9516559, 0.1899145, 2.8994;0.9059564, 0.1223864, 2.94288;0.9808776, 0.1331545, 2.841451;0.9547026, -0.3696321, 2.997985;1.072967, -0.3440627, 2.740516;0.9627863, -0.7234623, 3.010798;1.08752, -0.6952647, 2.666477;0.904965, -0.7977147, 2.988163;1.04883, -0.7789495, 2.605309;
0.9488004, 0.8223991, 2.963958;1.014459, 0.6570987, 2.94447;0.9620637, 0.2683274, 2.90397;0.9077967, 0.5248233, 3.09865;1.07167, 0.5222287, 2.813964;0.8168802, -0.02122605, 2.937384;0.9745051, 0.01102548, 2.684064;0.9520004, 0.1905096, 2.899558;0.9062156, 0.1222023, 2.943116;0.9811006, 0.1339427, 2.841224;0.9548806, -0.3700497, 2.998325;1.072993, -0.3440523, 2.740511;0.9623024, -0.7240437, 3.009565;1.087237, -0.6955997, 2.666066;0.9054775, -0.7989914, 2.992181;1.04868, -0.7790207, 2.605248;
0.9489482, 0.8223959, 2.964309;1.014523, 0.6569906, 2.944405;0.9621473, 0.2680585, 2.904047;0.9086702, 0.5257148, 3.096555;1.071784, 0.5221128, 2.814019;0.8175307, -0.0179618, 2.938309;0.9734706, 0.01033929, 2.682732;0.9520525, 0.1902086, 2.899663;0.9062541, 0.1221654, 2.943113;0.9811353, 0.133687, 2.841414;0.9550513, -0.3703578, 2.998517;1.072962, -0.3438174, 2.740507;0.9622301, -0.7240808, 3.009582;1.087228, -0.6956866, 2.666121;0.9026049, -0.7994736, 2.992227;1.048316, -0.7787663, 2.604614;
0.9513777, 0.8190487, 2.965389;1.014812, 0.6568089, 2.944252;0.9622612, 0.2680715, 2.903961;0.909041, 0.5245598, 3.096131;1.073307, 0.5218713, 2.814068;0.8155494, -0.03136743, 2.93331;0.9720505, 0.006779678, 2.682121;0.9521248, 0.1902453, 2.899581;0.9062663, 0.1220869, 2.943052;0.9812775, 0.1337041, 2.841137;0.954852, -0.3704545, 2.998432;1.072484, -0.3433615, 2.740754;0.9618052, -0.7235898, 3.009953;1.087611, -0.6952543, 2.666314;0.9028524, -0.7994508, 2.991256;1.048253, -0.7785608, 2.604425;
0.9519908, 0.8191047, 2.965627;1.015325, 0.6561068, 2.943741;0.9623544, 0.2676164, 2.904056;0.9102784, 0.5248072, 3.092798;1.07351, 0.5217029, 2.814029;0.8157065, -0.03157951, 2.933612;0.9717503, 0.005495481, 2.682012;0.9521292, 0.1898013, 2.899754;0.9062896, 0.1219141, 2.94307;0.9812067, 0.1335126, 2.841541;0.9548206, -0.3704989, 2.998423;1.072411, -0.3433223, 2.740659;0.9617656, -0.7231839, 3.01045;1.087355, -0.6948597, 2.666526;0.9031873, -0.7992953, 2.989976;1.048221, -0.7785621, 2.604441;
0.9527898, 0.8191549, 2.96576;1.018199, 0.6575735, 2.945679;0.96269, 0.2673328, 2.90422;0.9103547, 0.5248089, 3.092702;1.07361, 0.5216517, 2.814053;0.8162706, -0.02884191, 2.934498;0.9711609, 0.003915027, 2.681481;0.9522936, 0.1893701, 2.899806;0.9063786, 0.1217276, 2.942913;0.9812546, 0.1333546, 2.84165;0.9550908, -0.3702545, 2.99844;1.072344, -0.3439254, 2.740558;0.9618825, -0.7233599, 3.010433;1.087616, -0.6947955, 2.666593;0.9000862, -0.8010361, 2.993307;1.048171, -0.7783406, 2.604249;
0.9536705, 0.8190196, 2.966322;1.018834, 0.657651, 2.946234;0.9628884, 0.2672291, 2.904316;0.9105221, 0.5225334, 3.091453;1.073644, 0.521678, 2.81417;0.8152044, -0.03302709, 2.933185;0.9705242, 0.001749054, 2.681669;0.9523857, 0.189264, 2.89983;0.9064506, 0.1216577, 2.942884;0.9812772, 0.1333326, 2.841646;0.9551306, -0.3701115, 2.998386;1.072304, -0.3441316, 2.740407;0.9617779, -0.7229552, 3.009781;1.087478, -0.6938593, 2.666971;0.8995658, -0.8006632, 2.993468;1.047987, -0.7781895, 2.603613;
0.9539293, 0.8190997, 2.96644;1.019242, 0.6575923, 2.946418;0.9631005, 0.2671126, 2.90444;0.9106199, 0.5223002, 3.091172;1.073609, 0.5215312, 2.814108;0.8153574, -0.03283077, 2.933059;0.9717646, -0.000837557, 2.68282;0.952499, 0.1891514, 2.899905;0.9065946, 0.1215062, 2.942946;0.9812935, 0.1333126, 2.841659;0.9552311, -0.369671, 2.998235;1.072219, -0.3440783, 2.740339;0.9617834, -0.7228988, 3.009618;1.087397, -0.6938382, 2.666882;0.906422, -0.8007939, 2.991687;1.048017, -0.7782022, 2.603592;
0.95635, 0.8197283, 2.966558;1.019382, 0.657359, 2.946445;0.9631094, 0.267114, 2.90444;0.9106003, 0.5221521, 3.09108;1.074098, 0.5207688, 2.813844;0.8054568, -0.05013523, 2.931654;0.9713787, -0.0004062727, 2.682418;0.9524936, 0.1891642, 2.899894;0.9065326, 0.121485, 2.942954;0.9812443, 0.1331361, 2.841377;0.9553961, -0.3702098, 2.998189;1.07185, -0.3431705, 2.741554;0.9615824, -0.7229826, 3.009756;1.087625, -0.6932578, 2.66705;0.9063577, -0.7995732, 2.991091;1.04798, -0.7781065, 2.603481;
0.9575306, 0.8203926, 2.966907;1.019927, 0.6574746, 2.947183;0.9632192, 0.2671328, 2.904823;0.9125796, 0.5263627, 3.096307;1.074303, 0.5204787, 2.814079;0.8187851, -0.005018026, 2.945716;0.9712177, -0.0003117546, 2.682391;0.952496, 0.1891629, 2.900176;0.9065456, 0.1215913, 2.9431;0.9811213, 0.1331214, 2.841748;0.9554101, -0.3702742, 2.998122;1.071838, -0.343683, 2.741439;0.9615398, -0.7228579, 3.009849;1.08784, -0.6937054, 2.667244;0.9042884, -0.7996206, 2.996347;1.048006, -0.7780924, 2.603597;
0.9577793, 0.8206252, 2.967382;1.020144, 0.6571963, 2.947337;0.9633396, 0.2669591, 2.904907;0.9126023, 0.525525, 3.096841;1.07437, 0.5204155, 2.814104;0.8152581, -0.003075793, 2.949949;0.9711871, -5.102903E-05, 2.68246;0.9525557, 0.1890153, 2.900228;0.9065863, 0.1214795, 2.943119;0.9811423, 0.133009, 2.841774;0.9554463, -0.3702314, 2.998125;1.071822, -0.3440303, 2.741229;0.9615839, -0.7228284, 3.009799;1.087775, -0.6935848, 2.667484;0.9105351, -0.8007194, 2.991331;1.048062, -0.7779765, 2.603642;
0.9585705, 0.8210371, 2.966772;1.020728, 0.6576937, 2.947879;0.9633902, 0.2668601, 2.9049;0.9120758, 0.5244368, 3.097042;1.074787, 0.5203894, 2.814313;0.8168604, -0.01163334, 2.944561;0.9710045, -0.0004727021, 2.682402;0.9525458, 0.1887787, 2.900144;0.9063785, 0.121548, 2.942388;0.9812062, 0.1329543, 2.841938;0.955584, -0.3707099, 2.998106;1.071718, -0.3446405, 2.741166;0.9621239, -0.7225871, 3.010775;1.087887, -0.6935104, 2.667355;0.9093632, -0.8002208, 2.995161;1.04838, -0.7780814, 2.604032;
0.9588982, 0.8211368, 2.967254;1.020773, 0.6577256, 2.947787;0.9633177, 0.2672812, 2.905117;0.9117771, 0.5240731, 3.097414;1.074723, 0.5202801, 2.81427;0.8094462, -0.03174312, 2.938068;0.9711253, -0.0001163334, 2.682043;0.9523433, 0.1893608, 2.900471;0.9058995, 0.1216253, 2.943688;0.9809507, 0.1330072, 2.841725;0.9554272, -0.3707562, 2.997973;1.071615, -0.3446417, 2.741069;0.9621301, -0.7224739, 3.010905;1.087628, -0.6929181, 2.667441;0.9070857, -0.7996297, 2.990449;1.048362, -0.7780575, 2.603976;
0.9594808, 0.8210263, 2.967438;1.02076, 0.6577253, 2.947776;0.9633125, 0.2672733, 2.905113;0.9115013, 0.5231465, 3.096015;1.074793, 0.5201852, 2.814301;0.8172827, -0.0009928048, 2.948335;0.97036, -0.0005271733, 2.681364;0.9523221, 0.18934, 2.900455;0.9058542, 0.1216074, 2.943687;0.9808941, 0.1327774, 2.841537;0.9546405, -0.3686779, 2.997048;1.07101, -0.343376, 2.74116;0.9621012, -0.7224674, 3.010918;1.087666, -0.6925943, 2.667366;0.904932, -0.7988523, 2.991194;1.048246, -0.7780128, 2.603882;
0.9604667, 0.8213984, 2.96733;1.02082, 0.6577643, 2.948023;0.963318, 0.267352, 2.905141;0.9113849, 0.5226544, 3.095872;1.074945, 0.5201727, 2.814213;0.8135772, -0.02869143, 2.935034;0.9703138, -0.0002318695, 2.681201;0.9522998, 0.1894323, 2.900445;0.9058191, 0.1216342, 2.943694;0.9808254, 0.1327644, 2.841347;0.9545896, -0.3689212, 2.997025;1.07126, -0.3442498, 2.740697;0.9625576, -0.7237607, 3.01071;1.0877, -0.6926522, 2.667325;0.9044811, -0.7994605, 2.994974;1.048271, -0.7779329, 2.604032;
0.9602647, 0.8212379, 2.966718;1.020873, 0.6577736, 2.948018;0.9633356, 0.2674251, 2.905164;0.9113964, 0.5225567, 3.095622;1.074989, 0.5200424, 2.81414;0.8147744, -0.02851257, 2.933481;0.9695716, -0.000601612, 2.681365;0.9522887, 0.1895146, 2.900461;0.9057823, 0.121623, 2.94381;0.9807432, 0.1327437, 2.841169;0.9547753, -0.3691411, 2.996909;1.071124, -0.3443557, 2.740622;0.9616792, -0.7227592, 3.009633;1.087496, -0.6925054, 2.667093;0.9044503, -0.7990429, 2.994498;1.048313, -0.7779939, 2.604128;
0.9597386, 0.8207226, 2.965343;1.020754, 0.6577111, 2.947948;0.9632993, 0.267433, 2.905172;0.9104263, 0.5205431, 3.094991;1.074914, 0.5200413, 2.81411;0.8134007, -0.03275865, 2.931497;0.9698162, -0.000741899, 2.680501;0.9522341, 0.1895283, 2.900469;0.9056285, 0.1214047, 2.943945;0.980625, 0.1327315, 2.841034;0.95474, -0.3694302, 2.996882;1.070994, -0.344375, 2.740611;0.9615172, -0.7225122, 3.010349;1.087476, -0.6927575, 2.66694;0.9035742, -0.7988135, 2.994676;1.04827, -0.7780135, 2.604158;
0.959224, 0.8207566, 2.964872;1.019995, 0.6578295, 2.946832;0.9633822, 0.2675376, 2.904921;0.9095939, 0.520416, 3.095698;1.074803, 0.5201181, 2.814095;0.8128147, -0.03295758, 2.931263;0.9682719, 8.986145E-05, 2.680244;0.9523693, 0.1896294, 2.900252;0.9058247, 0.1214915, 2.943639;0.9808268, 0.1327698, 2.840889;0.9538698, -0.3696336, 2.996117;1.070908, -0.3445132, 2.740217;0.96158, -0.7224127, 3.011308;1.087415, -0.6927158, 2.666702;0.9084052, -0.8012185, 2.994369;1.048649, -0.7786514, 2.605146;
0.9581962, 0.8204649, 2.964513;1.019462, 0.6568627, 2.946744;0.9633507, 0.2672496, 2.905067;0.9092703, 0.52051, 3.095684;1.074251, 0.5199259, 2.813993;0.8136185, -0.0331306, 2.930269;0.974736, 0.01729275, 2.683579;0.9523644, 0.189391, 2.900414;0.905856, 0.1214878, 2.943622;0.9808639, 0.1326614, 2.841597;0.9536121, -0.3694891, 2.995856;1.069768, -0.3449132, 2.739111;0.96158, -0.7224558, 3.011224;1.087188, -0.6929935, 2.666257;0.9041187, -0.7997447, 2.99279;1.048504, -0.778771, 2.605199;
0.9557441, 0.8195941, 2.961979;1.017549, 0.6549314, 2.94394;0.9633067, 0.2671998, 2.905119;0.9079487, 0.520765, 3.094408;1.074181, 0.519811, 2.813922;0.8132808, -0.02979227, 2.930253;0.9667025, 0.003061853, 2.682475;0.9523574, 0.1893856, 2.900668;0.905845, 0.121594, 2.943793;0.9811489, 0.1326199, 2.842732;0.9524176, -0.3691199, 2.994925;1.069194, -0.3440554, 2.738629;0.9606003, -0.7225862, 3.011169;1.088125, -0.6925521, 2.666882;0.9065535, -0.7991295, 2.993911;1.04857, -0.7787324, 2.605251;
0.9472708, 0.8196286, 2.954372;1.01449, 0.6543832, 2.93988;0.9632725, 0.2671364, 2.905185;0.9063443, 0.5207578, 3.095435;1.074056, 0.5199254, 2.813655;0.8163483, -0.02255215, 2.931405;0.9652839, 0.002438419, 2.682513;0.9524724, 0.1892811, 2.901144;0.9059796, 0.1217323, 2.944175;0.9820393, 0.1322974, 2.844768;0.9501711, -0.3667711, 2.993768;1.068218, -0.3428324, 2.737379;0.9601811, -0.7220672, 3.011621;1.088203, -0.6926106, 2.666593;0.9065096, -0.7990084, 2.994036;1.048477, -0.7786297, 2.604902;
0.9445221, 0.8204817, 2.953294;1.011675, 0.6554752, 2.93907;0.9629275, 0.2701219, 2.907164;0.9032055, 0.521415, 3.096226;1.072356, 0.520354, 2.813027;0.8159642, -0.02226448, 2.930052;0.9725386, 0.01982919, 2.684714;0.9528917, 0.1935199, 2.904491;0.9068722, 0.1243455, 2.949473;0.9825807, 0.1342929, 2.84627;0.949193, -0.3671343, 2.993377;1.066704, -0.3422181, 2.735515;0.9599651, -0.7225355, 3.011279;1.088032, -0.692393, 2.666059;0.9027522, -0.7996847, 2.9958;1.048309, -0.7784491, 2.604534;
0.9341971, 0.8239523, 2.953777;1.005738, 0.6555784, 2.935485;0.9627189, 0.2714798, 2.908217;0.8991971, 0.5254207, 3.095185;1.069298, 0.5199381, 2.811666;0.812871, -0.01912689, 2.927528;0.9732786, 0.0246577, 2.684918;0.9534146, 0.1955078, 2.906581;0.9081414, 0.1267645, 2.953511;0.9836214, 0.135318, 2.848161;0.9452856, -0.3675224, 2.993971;1.062878, -0.343921, 2.731307;0.9596038, -0.7234092, 3.011346;1.087131, -0.691874, 2.665393;0.9024093, -0.8005556, 2.998272;1.048371, -0.778383, 2.604277;
0.9259315, 0.8209972, 2.94859;0.9944743, 0.6509473, 2.931139;0.9622149, 0.2726721, 2.909592;0.8927026, 0.5260905, 3.093079;1.066696, 0.5191499, 2.809763;0.8142691, -0.01368349, 2.926484;0.9649504, 0.01537114, 2.682185;0.9539585, 0.1976965, 2.909214;0.9092538, 0.127521, 2.957833;0.9853017, 0.1364494, 2.850501;0.941401, -0.3674037, 2.994004;1.060688, -0.3437521, 2.728059;0.957908, -0.7246455, 3.010248;1.086702, -0.692143, 2.664222;0.9017717, -0.8009575, 2.999465;1.048155, -0.778264, 2.604045;
0.9160374, 0.8144149, 2.94009;0.9853756, 0.6451072, 2.931006;0.962451, 0.271657, 2.910727;0.8894581, 0.5271331, 3.093588;1.05862, 0.5138232, 2.806624;0.8147721, -0.01292501, 2.925495;0.9767888, 0.04564165, 2.686887;0.9556739, 0.1965205, 2.910956;0.9132729, 0.1254722, 2.960253;0.9888058, 0.1350832, 2.853284;0.9310137, -0.3639649, 2.995148;1.058453, -0.3423955, 2.720258;0.9578971, -0.7248437, 3.010397;1.086076, -0.6920503, 2.663208;0.8979146, -0.8006818, 3.000112;1.048065, -0.7780102, 2.603815;
0.9049841, 0.8051213, 2.931039;0.9752914, 0.6344681, 2.919701;0.9627996, 0.2688209, 2.911946;0.8745944, 0.5181152, 3.093328;1.053004, 0.5052629, 2.798946;0.8139318, -0.01749109, 2.922046;0.9487699, -0.01644776, 2.685801;0.9578362, 0.1936097, 2.913628;0.9170518, 0.119309, 2.965541;0.9942584, 0.1298565, 2.858177;0.9230452, -0.3628941, 2.99697;1.056794, -0.3364105, 2.713023;0.9529667, -0.7261199, 3.011872;1.085019, -0.6917872, 2.661561;0.8991661, -0.7992123, 2.998957;1.048014, -0.7780238, 2.603639;
0.8935388, 0.7984053, 2.920981;0.9661611, 0.6291289, 2.913154;0.9624647, 0.2669644, 2.912736;0.8648967, 0.5086206, 3.086551;1.045959, 0.4988085, 2.795379;0.8041821, -0.04312538, 2.908666;0.954401, 0.007294148, 2.698394;0.958777, 0.1920984, 2.915357;0.9187305, 0.1172042, 2.968748;0.9965883, 0.1281349, 2.860418;0.9126183, -0.3616875, 2.999181;1.054758, -0.3280316, 2.701623;0.9514126, -0.7268474, 3.01256;1.083666, -0.6914183, 2.658741;0.897235, -0.800615, 3.001472;1.048012, -0.777983, 2.603521;
0.8805493, 0.7896734, 2.92312;0.9530499, 0.6152817, 2.908135;0.9610441, 0.2570915, 2.915078;0.8481165, 0.4780729, 3.072011;1.035127, 0.4840442, 2.789265;0.8016948, -0.04927857, 2.905977;0.9470757, -0.009448245, 2.693576;0.9602231, 0.1838015, 2.919064;0.9214374, 0.1069788, 2.974978;1.000691, 0.1192041, 2.863953;0.8998179, -0.3605869, 3.00638;1.054539, -0.3236202, 2.696635;0.9508305, -0.7283592, 3.012069;1.08301, -0.691371, 2.657303;0.8940079, -0.801174, 3.001125;1.048021, -0.7778912, 2.603419;
0.8561799, 0.7598115, 2.908714;0.9409902, 0.5863292, 2.900916;0.9604188, 0.2358674, 2.918955;0.8412383, 0.4658412, 3.06379;1.029057, 0.4729401, 2.787855;0.8070251, -0.08065513, 2.885164;0.9537888, -0.01648962, 2.687328;0.962948, 0.1648073, 2.925297;0.9248766, 0.08834797, 2.983174;1.007426, 0.100079, 2.871258;0.8919274, -0.3616386, 3.011949;1.052866, -0.3178371, 2.68899;0.9502186, -0.730746, 3.012151;1.083097, -0.6908095, 2.653021;0.8931657, -0.8045044, 3.004476;1.048103, -0.777925, 2.603425;
0.8423283, 0.7392202, 2.904544;0.9280965, 0.5703599, 2.893805;0.9597033, 0.2212012, 2.920253;0.8323623, 0.4350854, 3.048794;1.017036, 0.451337, 2.782035;0.8019319, -0.104369, 2.878361;0.9557793, -0.02549565, 2.689618;0.9649783, 0.1501813, 2.9285;0.92971, 0.07369094, 2.989081;1.011702, 0.08495267, 2.874871;0.8811681, -0.3618559, 3.018542;1.052483, -0.3175619, 2.681813;0.9482918, -0.7327581, 3.011901;1.082566, -0.6904187, 2.649899;0.8918189, -0.8048952, 3.002908;1.047678, -0.7774764, 2.602148;
0.8271542, 0.7072862, 2.893225;0.9146258, 0.5419347, 2.888311;0.9629481, 0.1899151, 2.921429;0.8204887, 0.4081166, 3.039873;1.008353, 0.421654, 2.775271;0.8035334, -0.1214794, 2.882133;0.9500865, -0.05651408, 2.679585;0.9724945, 0.1187411, 2.931494;0.9378866, 0.04414089, 2.993859;1.025323, 0.05681355, 2.878345;0.8736736, -0.3675878, 3.025066;1.051008, -0.3241907, 2.670221;0.9470953, -0.7331896, 3.011985;1.081685, -0.692561, 2.645262;0.8905236, -0.8051205, 3.002206;1.047436, -0.777541, 2.601852;
0.8067862, 0.6798047, 2.874819;0.8996271, 0.5121092, 2.88131;0.9559228, 0.1732548, 2.923217;0.8088821, 0.384348, 3.030887;1.005443, 0.4018636, 2.770498;0.7985011, -0.1591624, 2.883204;0.9467227, -0.1097075, 2.688438;0.9668223, 0.1047896, 2.934435;0.9308249, 0.03180034, 2.998848;1.023009, 0.03893731, 2.882397;0.8655238, -0.3790912, 3.029166;1.050306, -0.3298836, 2.663531;0.9429145, -0.7367826, 3.011362;1.08041, -0.6932811, 2.64231;0.8885628, -0.8066611, 3.003645;1.047397, -0.777607, 2.60181;
0.7987891, 0.6455219, 2.866559;0.8855338, 0.4801701, 2.876667;0.9643162, 0.1371719, 2.918654;0.7960536, 0.3457246, 3.019124;0.9912676, 0.3724695, 2.768556;0.7934445, -0.1916601, 2.883433;0.9449646, -0.1371817, 2.68189;0.9805934, 0.06734335, 2.93035;0.9536304, -0.01258081, 2.992185;1.038265, 0.01354166, 2.880837;0.8466638, -0.4111545, 3.04058;1.049652, -0.3437627, 2.651007;0.939539, -0.7363396, 3.011636;1.078248, -0.6963784, 2.640684;0.8835567, -0.8065253, 3.003175;1.046806, -0.7779164, 2.600819;
0.7807778, 0.6190574, 2.854552;0.8717269, 0.43222, 2.867905;0.9524627, 0.09625919, 2.919941;0.7810904, 0.2902647, 3.005841;0.9785272, 0.3331542, 2.764344;0.7747089, -0.237529, 2.863682;0.9291834, -0.1878541, 2.675399;0.9688703, 0.02962766, 2.933569;0.9392415, -0.03662721, 2.992964;1.030612, -0.02903728, 2.890164;0.8285988, -0.4320923, 3.047481;1.049995, -0.364624, 2.630153;0.9346844, -0.736168, 3.012156;1.076377, -0.6974065, 2.636941;0.8815935, -0.8065526, 3.003417;1.04674, -0.777924, 2.600287;
0.7679184, 0.5710738, 2.841171;0.8667873, 0.4097919, 2.865668;0.9510192, 0.08119336, 2.919932;0.7760977, 0.2774647, 3.001352;0.9724995, 0.301985, 2.758107;0.7608988, -0.2484709, 2.891629;0.937341, -0.1982693, 2.667284;0.9678184, 0.01519287, 2.934054;0.9354693, -0.05229614, 2.994301;1.031895, -0.04142931, 2.890576;0.8212359, -0.4458957, 3.04915;1.038289, -0.3712484, 2.623482;0.9335607, -0.7364588, 3.012865;1.07622, -0.6981133, 2.635646;0.8815628, -0.8061675, 3.002589;1.046696, -0.7781122, 2.600198;
0.7594685, 0.5329912, 2.831216;0.8519622, 0.3625707, 2.851127;0.956944, 0.04228745, 2.908538;0.7630638, 0.2338667, 2.992163;0.9630255, 0.2672315, 2.753653;0.7822067, -0.3034848, 2.9072;0.9104575, -0.2789423, 2.671353;0.9775687, -0.02237459, 2.923291;0.945933, -0.08786701, 2.984077;1.045429, -0.07171054, 2.88057;0.8074079, -0.4696348, 3.054064;1.03807, -0.3937738, 2.605111;0.9302984, -0.7361448, 3.012736;1.075719, -0.6976354, 2.633096;0.8796907, -0.8064584, 3.001442;1.047128, -0.7792911, 2.600632;
0.7456246, 0.4814883, 2.822247;0.8462408, 0.3334415, 2.843042;0.944066, 0.01639045, 2.907073;0.7619038, 0.1961158, 2.978751;0.9578848, 0.2352391, 2.747001;0.7823296, -0.3197119, 2.908079;0.9073654, -0.3137068, 2.676867;0.9636546, -0.04707562, 2.923246;0.9279661, -0.1125702, 2.985504;1.033662, -0.09783063, 2.881095;0.7976199, -0.4954781, 3.059276;1.038538, -0.4065439, 2.591214;0.9299517, -0.736393, 3.01258;1.074655, -0.6978655, 2.629734;0.8789527, -0.8063239, 3.002177;1.04695, -0.7798548, 2.599778;
0.7369952, 0.4633887, 2.816971;0.8405049, 0.2866064, 2.831165;0.9436761, -0.005969625, 2.901176;0.7504734, 0.1424399, 2.973504;0.9569494, 0.2005099, 2.742777;0.766104, -0.3728734, 2.895666;0.909934, -0.3708286, 2.66412;0.9639332, -0.06557284, 2.918336;0.9248697, -0.1335937, 2.981051;1.039814, -0.1135151, 2.87701;0.7808382, -0.5095481, 3.060192;1.036348, -0.4174632, 2.582907;0.9267219, -0.735268, 3.013397;1.074664, -0.6989316, 2.628894;0.8819561, -0.8076363, 2.995544;1.046926, -0.7798507, 2.599623;
0.7258813, 0.4158579, 2.805858;0.8350973, 0.2495627, 2.821778;0.9419789, -0.07136548, 2.891723;0.7497689, 0.1334915, 2.970242;0.9512128, 0.1572341, 2.739498;0.7950099, -0.4458644, 2.928264;0.9141005, -0.4203362, 2.661317;0.9635054, -0.1345229, 2.909413;0.9317062, -0.2042938, 2.968464;1.033749, -0.1775466, 2.872633;0.7461429, -0.5511205, 3.076656;1.036887, -0.444544, 2.544891;0.9253677, -0.7350926, 3.014313;1.07437, -0.6992705, 2.628371;0.8818636, -0.8072739, 2.993958;1.047014, -0.7802289, 2.599425;
0.7194771, 0.3865882, 2.802398;0.8295557, 0.225434, 2.814112;0.9458977, -0.1027568, 2.913165;0.7460032, 0.08151977, 2.961167;0.9465818, 0.1349816, 2.735125;0.7929118, -0.457794, 2.887688;0.9107304, -0.4366643, 2.663705;0.9701726, -0.171366, 2.94025;0.945047, -0.241165, 3.000593;1.035997, -0.2126311, 2.913556;0.7106886, -0.5678905, 3.069155;1.026876, -0.4213218, 2.546113;0.9202967, -0.734472, 3.016519;1.072509, -0.6992957, 2.625246;0.8820313, -0.8083605, 2.993032;1.046899, -0.7801747, 2.598755;
0.7104204, 0.3559645, 2.787184;0.8254483, 0.1918503, 2.810199;0.9494444, -0.1243888, 2.913461;0.7439102, 0.05975472, 2.956715;0.9452983, 0.094414, 2.731945;0.7927179, -0.4672177, 2.890422;0.9070446, -0.4856654, 2.651859;0.9738812, -0.1876031, 2.938882;0.9501333, -0.2589751, 2.998132;1.03988, -0.2264317, 2.912674;0.7040711, -0.5737338, 3.072073;1.02552, -0.4185754, 2.537725;0.9186863, -0.7328518, 3.015825;1.07153, -0.7010416, 2.624153;0.882767, -0.8076487, 2.992386;1.046151, -0.7805617, 2.598043;
0.7043436, 0.3125342, 2.780023;0.8203052, 0.1564511, 2.806371;0.9384489, -0.170391, 2.905758;0.7412238, 0.02877697, 2.955226;0.9406768, 0.07091158, 2.727617;0.7714037, -0.4735731, 2.935078;0.8967193, -0.5027609, 2.657969;0.9619767, -0.2356847, 2.929005;0.937755, -0.3079701, 2.990781;1.027552, -0.2752865, 2.898916;0.7962526, -0.4970108, 3.034691;1.024141, -0.4261338, 2.504937;0.9184654, -0.7323901, 3.015894;1.071513, -0.7064883, 2.626108;0.8821355, -0.8054083, 2.988749;1.044181, -0.7821105, 2.595734;
0.7041101, 0.2889932, 2.777439;0.8180585, 0.1316342, 2.802519;0.9340351, -0.1755528, 2.908402;0.7398549, 0.01605862, 2.951728;0.9408518, 0.0482455, 2.725029;0.6728464, -0.4759986, 3.000048;0.892441, -0.5246332, 2.652743;0.9570552, -0.2391631, 2.932553;0.9300892, -0.3110106, 2.999135;1.023224, -0.2829653, 2.903185;0.7835878, -0.4874454, 3.037127;1.016735, -0.4153564, 2.504056;0.9182888, -0.7323334, 3.016157;1.068966, -0.7095176, 2.626529;0.8821046, -0.8050116, 2.988797;1.042491, -0.7839819, 2.59345;
0.7026186, 0.2805773, 2.777893;0.8135388, 0.1018655, 2.800709;0.9459809, -0.1845741, 2.912168;0.7343569, -0.03243425, 2.947244;0.936902, 0.0293994, 2.721365;0.7187334, -0.527448, 2.898067;0.9002511, -0.5438451, 2.6482;0.9734483, -0.2449834, 2.938033;0.9581261, -0.3182817, 3.008263;1.048187, -0.2861639, 2.910671;0.644265, -0.5630133, 3.075236;1.016101, -0.4396963, 2.522023;0.9183177, -0.7330465, 3.015857;1.068528, -0.7129748, 2.627928;0.8773257, -0.803019, 2.988952;1.041851, -0.7859912, 2.592469;
0.7021742, 0.2348735, 2.773149;0.8153468, 0.0867085, 2.797814;0.9469628, -0.2211712, 2.902754;0.7357211, -0.04472513, 2.944585;0.9346765, -0.009257885, 2.721279;0.7581806, -0.6302302, 3.071793;0.9095517, -0.5356591, 2.645752;0.9732106, -0.2816123, 2.927447;0.9514346, -0.3485033, 2.994494;1.043688, -0.3218096, 2.896946;0.6236799, -0.561646, 3.089454;1.005967, -0.4302911, 2.493696;0.9258076, -0.7439541, 3.01268;1.067955, -0.7152166, 2.628644;0.8632749, -0.8013982, 2.988341;1.042876, -0.7886709, 2.593297;
0.7015313, 0.2308596, 2.773037;0.8118892, 0.05960738, 2.79546;0.9511063, -0.2255459, 2.904399;0.7346126, -0.06874373, 2.944169;0.9346676, -0.02220862, 2.721815;0.7590097, -0.6226003, 3.070039;0.9139459, -0.5455491, 2.646853;0.9787616, -0.2847955, 2.929645;0.9606593, -0.3558908, 2.998882;1.051072, -0.3226283, 2.899298;0.6259021, -0.556955, 3.090647;1.004202, -0.4287743, 2.497784;0.9246596, -0.7444409, 3.012235;1.067254, -0.7156942, 2.628577;0.8636189, -0.8000994, 2.990468;1.043911, -0.7908874, 2.596158;
0.6949338, 0.1817245, 2.763458;0.8119737, 0.03464657, 2.793697;0.9487822, -0.2506649, 2.908739;0.7370352, -0.09310171, 2.938843;0.9358199, -0.04794402, 2.720139;0.7740505, -0.5619563, 2.945529;0.9077511, -0.5757582, 2.648195;0.9762254, -0.3071083, 2.934882;0.9553859, -0.3785512, 3.004876;1.049246, -0.34363, 2.905227;0.6099433, -0.5608863, 3.095105;1.005271, -0.4199948, 2.496759;0.9172499, -0.7495143, 3.008706;1.066181, -0.7147454, 2.625186;0.8570154, -0.8065065, 2.990082;1.039118, -0.7889519, 2.593816;
0.6947795, 0.1795337, 2.763254;0.8128002, 0.02182545, 2.794556;0.9341807, -0.2820029, 2.896291;0.737409, -0.1135298, 2.935511;0.9368346, -0.06465589, 2.721502;0.7613792, -0.6004061, 2.966455;0.9058519, -0.6186105, 2.647426;0.9562439, -0.3449118, 2.918104;0.9270002, -0.4196838, 2.986695;1.027992, -0.3846395, 2.881753;0.5818317, -0.5584418, 3.130139;1.008846, -0.413844, 2.46545;0.9069955, -0.7499009, 3.001849;1.064549, -0.7178919, 2.62237;0.8522484, -0.8137793, 2.991263;1.038457, -0.7944844, 2.597022;
0.6968025, 0.1665263, 2.762217;0.8124185, -0.002405946, 2.792837;0.9374301, -0.2831619, 2.893123;0.7372041, -0.1131813, 2.933846;0.9376597, -0.08034813, 2.720054;0.7922991, -0.6611046, 2.859588;0.9105989, -0.610948, 2.645433;0.9618826, -0.3432583, 2.914408;0.9385033, -0.4129978, 2.982604;1.035177, -0.3819628, 2.876873;0.7439959, -0.502555, 3.059469;1.006111, -0.4258265, 2.463782;0.9025297, -0.751102, 2.995408;1.063199, -0.7268367, 2.613197;0.848657, -0.8162155, 2.998492;1.034795, -0.8040273, 2.593541;
0.6966132, 0.1448911, 2.764547;0.8133405, -0.02085559, 2.792423;0.9496592, -0.2845473, 2.907342;0.7368934, -0.1152711, 2.932954;0.9379693, -0.1003739, 2.719508;0.8069321, -0.6979743, 2.868783;0.9064276, -0.6445614, 2.650516;0.9808649, -0.3374912, 2.938111;0.9657183, -0.3969183, 3.0247;1.061132, -0.377332, 2.907473;0.7435053, -0.5063612, 3.061742;1.002706, -0.4255781, 2.499222;0.8978331, -0.7531897, 2.990405;1.062461, -0.7296829, 2.613008;0.8538983, -0.8248113, 2.983297;0.9907739, -0.7740732, 2.613947;
0.6966673, 0.1372064, 2.758731;0.8118364, -0.02980508, 2.792322;0.9504787, -0.299459, 2.904527;0.7337801, -0.1708438, 2.937472;0.9332991, -0.109507, 2.717676;0.8084873, -0.6980299, 2.863551;0.9034887, -0.6866734, 2.629629;0.9799978, -0.3542874, 2.931834;0.9577069, -0.4339489, 3.001679;1.058408, -0.3878199, 2.900597;0.7437733, -0.5637468, 3.05906;1.002, -0.4262693, 2.492153;0.8958964, -0.7527062, 2.989917;1.062236, -0.7315237, 2.613052;0.8467798, -0.8209865, 2.991275;1.029108, -0.8047841, 2.584743;
0.6964577, 0.1124019, 2.758729;0.8108983, -0.04458674, 2.791241;0.9471065, -0.3192752, 2.897418;0.7338195, -0.1704957, 2.937108;0.9311366, -0.125146, 2.716312;0.8147851, -0.7060223, 2.866115;0.9035687, -0.6847585, 2.630304;0.9747843, -0.374824, 2.922164;0.9548535, -0.4444741, 2.99898;1.049144, -0.4184207, 2.880587;0.7489692, -0.5877801, 3.062668;1.002356, -0.4215834, 2.47024;0.8940987, -0.7535989, 2.988136;1.062869, -0.7338061, 2.611835;0.8425274, -0.8193619, 2.996354;0.9706715, -0.769906, 2.626716;
0.6961924, 0.1024301, 2.758808;0.8101234, -0.05606143, 2.793696;0.9417737, -0.3311191, 2.887654;0.7369968, -0.1935028, 2.941387;0.9358032, -0.1349335, 2.716451;0.8317889, -0.7127458, 2.894707;0.9049503, -0.6852713, 2.630113;0.9676683, -0.3871309, 2.90855;0.9418963, -0.4674796, 2.982654;1.045865, -0.4263936, 2.865542;0.7489868, -0.5873448, 3.062436;1.011007, -0.4373506, 2.455264;0.8960909, -0.753754, 2.989578;1.068361, -0.7474911, 2.599005;0.8447172, -0.8185996, 2.976149;0.9737201, -0.7764194, 2.619016;
0.6958983, 0.09945641, 2.759115;0.8100334, -0.05930189, 2.792281;0.9728175, -0.3171739, 2.901987;0.7362877, -0.1959177, 2.942134;0.9351712, -0.1367453, 2.716104;0.8425887, -0.7434517, 2.896624;0.9072369, -0.6875117, 2.629123;1.01149, -0.3642195, 2.930824;1.003186, -0.4413945, 3.006624;1.09001, -0.3900493, 2.899745;0.7740147, -0.6191596, 3.059353;1.007652, -0.4423171, 2.500816;0.8949949, -0.7529516, 2.987894;1.068241, -0.7475072, 2.599233;0.8456606, -0.8166668, 2.964947;1.027714, -0.8207952, 2.596687;
0.6956947, 0.09887222, 2.75986;0.8099028, -0.06016381, 2.792395;0.9678521, -0.3227741, 2.900882;0.7360611, -0.1965309, 2.942299;0.934682, -0.1371185, 2.716027;0.8449711, -0.7299581, 2.897009;0.9078709, -0.6881197, 2.629785;0.9985831, -0.3766938, 2.926495;0.981181, -0.4572797, 2.998793;1.074281, -0.405954, 2.893084;0.7690513, -0.6198741, 3.058297;1.00825, -0.4405977, 2.490009;0.8944879, -0.7529129, 2.987033;1.068246, -0.7474508, 2.60006;0.8450226, -0.815802, 2.962992;1.027947, -0.8205574, 2.596705;
0.6960059, 0.1017671, 2.764105;0.8096033, -0.05999332, 2.792647;0.9650617, -0.3234533, 2.898976;0.7350757, -0.1968451, 2.942791;0.9333378, -0.1368555, 2.716265;0.8114992, -0.7393847, 2.877473;0.9087749, -0.6880901, 2.629502;0.995137, -0.3773168, 2.923496;0.9763725, -0.4561951, 2.994372;1.071065, -0.4058963, 2.889276;0.7432455, -0.5768234, 3.065529;1.006551, -0.4366476, 2.486608;0.8942549, -0.7531554, 2.986493;1.066882, -0.7439101, 2.600466;0.8447803, -0.8161728, 2.963729;1.028001, -0.8174548, 2.596395;
0.6965214, 0.1016889, 2.764843;0.8092941, -0.05991857, 2.79298;0.9628248, -0.3196573, 2.901255;0.7346612, -0.1966415, 2.942433;0.9326105, -0.1366378, 2.716274;0.8115671, -0.7335177, 2.879872;0.9146623, -0.6559502, 2.625878;0.9925505, -0.3715256, 2.926488;0.973462, -0.4456514, 3.000724;1.069969, -0.4011292, 2.891974;0.7433307, -0.5743092, 3.064994;1.008034, -0.4378737, 2.490343;0.8955976, -0.7545704, 2.986496;1.067324, -0.7443395, 2.600664;0.8430493, -0.8158378, 2.966972;1.027131, -0.8168755, 2.596279;
0.6961346, 0.1016743, 2.765014;0.8091245, -0.05933579, 2.7932;0.9591214, -0.3022786, 2.910265;0.7346591, -0.1965841, 2.942269;0.9317999, -0.1360129, 2.715766;0.8140169, -0.7362781, 2.879722;0.9148455, -0.6537569, 2.625091;0.9883547, -0.3482848, 2.938343;0.9705617, -0.413022, 3.02393;1.069872, -0.3855669, 2.902037;0.7439604, -0.5245779, 3.071095;1.012967, -0.4385207, 2.502385;0.8951588, -0.7564367, 2.987167;1.069738, -0.7435886, 2.601624;0.8429682, -0.818729, 2.971366;1.027482, -0.8146157, 2.596786;
0.6963178, 0.1030278, 2.7654;0.809081, -0.05607344, 2.793358;0.9582562, -0.3031008, 2.910611;0.7337742, -0.1953706, 2.941858;0.9302752, -0.1325701, 2.715484;0.801579, -0.7170461, 2.878887;0.9136216, -0.6492277, 2.625523;0.9869128, -0.3511612, 2.938735;0.9664052, -0.4218004, 3.017696;1.066904, -0.3868048, 2.905227;0.7452407, -0.5612212, 3.065983;1.014555, -0.4376881, 2.505601;0.8941489, -0.7541816, 2.986756;1.070143, -0.7435478, 2.601274;0.8404252, -0.8164373, 2.97877;0.9889837, -0.7763648, 2.604756;
0.697721, 0.1065277, 2.767478;0.8086798, -0.05404938, 2.792873;0.9557554, -0.3067213, 2.908617;0.7315969, -0.1841252, 2.939113;0.9306206, -0.1308545, 2.716366;0.8002503, -0.7229161, 2.867963;0.9096697, -0.6788665, 2.626757;0.9835148, -0.3584171, 2.935156;0.9635658, -0.4331849, 3.010661;1.061881, -0.3936922, 2.902539;0.7542897, -0.6161023, 3.070304;1.024842, -0.4353546, 2.500856;0.8938511, -0.754823, 2.986768;1.077932, -0.7428813, 2.593547;0.8382294, -0.8155078, 2.981735;0.9939189, -0.775964, 2.599349;
0.6976473, 0.1067858, 2.767326;0.8090675, -0.05304726, 2.793237;0.9557208, -0.3067163, 2.908546;0.7315691, -0.1846022, 2.93942;0.9299508, -0.1300525, 2.716353;0.7923668, -0.7214763, 2.865124;0.9109966, -0.6424918, 2.618259;0.9835203, -0.3584171, 2.935044;0.9636415, -0.4330791, 3.010456;1.061722, -0.3933268, 2.902792;0.751622, -0.5828605, 3.071649;1.013674, -0.4305274, 2.502731;0.8956671, -0.7559586, 2.98833;1.069329, -0.7377914, 2.604194;0.8344811, -0.8084888, 2.971998;1.016365, -0.7992312, 2.590418;
0.6980325, 0.1072808, 2.767759;0.8095881, -0.05291892, 2.793082;0.9549341, -0.3065483, 2.909261;0.7318329, -0.1856345, 2.93968;0.9299434, -0.1289896, 2.715909;0.7934881, -0.7220707, 2.862754;0.9106807, -0.6390534, 2.617589;0.9825144, -0.3580539, 2.936074;0.9625512, -0.432595, 3.011823;1.060305, -0.392636, 2.90521;0.7516277, -0.5821733, 3.071475;1.012552, -0.4280302, 2.505816;0.8952317, -0.7566634, 2.989804;1.067891, -0.7357757, 2.605052;0.8310681, -0.8037769, 2.969801;1.018385, -0.7991681, 2.588701;
0.6991754, 0.109644, 2.768006;0.8102245, -0.05209227, 2.792764;0.9549675, -0.3067216, 2.909527;0.7318138, -0.1857946, 2.939721;0.9301184, -0.1290197, 2.716076;0.7781371, -0.7105669, 2.863455;0.9096861, -0.6374499, 2.615301;0.9826363, -0.3583539, 2.936529;0.9625778, -0.4326223, 3.011757;1.060307, -0.3925503, 2.906566;0.7517536, -0.5822594, 3.071407;1.013408, -0.4295672, 2.508077;0.8946221, -0.7558557, 2.990288;1.068397, -0.7372448, 2.605414;0.8318349, -0.802862, 2.966902;1.025694, -0.8054088, 2.590288;
0.70044, 0.1095305, 2.767822;0.8104931, -0.05213023, 2.792867;0.9552454, -0.3071121, 2.909486;0.7316588, -0.1862396, 2.939746;0.9316598, -0.1300745, 2.716779;0.777993, -0.7118896, 2.859769;0.9073706, -0.6462543, 2.617222;0.9830882, -0.3587983, 2.936413;0.9634332, -0.4332895, 3.011524;1.060947, -0.3929503, 2.906492;0.761209, -0.5853181, 3.07084;1.013789, -0.4297106, 2.508897;0.8943365, -0.7558404, 2.989844;1.068925, -0.7373401, 2.60705;0.8286928, -0.7956554, 2.96157;1.027674, -0.8063196, 2.591756;
0.7027805, 0.1128636, 2.769901;0.8106863, -0.05212862, 2.792635;0.9550827, -0.3072511, 2.90948;0.7315874, -0.1864285, 2.939692;0.9319082, -0.130079, 2.716653;0.7865302, -0.7110184, 2.856072;0.9091458, -0.6392384, 2.615266;0.9829293, -0.3589173, 2.936425;0.9632269, -0.4334007, 3.011554;1.060821, -0.3930196, 2.906651;0.7602816, -0.5856172, 3.071087;1.013838, -0.4301935, 2.509961;0.8943745, -0.7557393, 2.991354;1.068846, -0.7378427, 2.607204;0.8287463, -0.7889504, 2.956015;1.027353, -0.8061628, 2.590785;
0.7080448, 0.1131395, 2.770318;0.8113953, -0.05222647, 2.793096;0.9549945, -0.3078846, 2.909855;0.7314494, -0.1868454, 2.940078;0.9323739, -0.1301541, 2.716691;0.787612, -0.7128549, 2.85655;0.9085254, -0.6378988, 2.612582;0.9828227, -0.3595732, 2.936741;0.9629438, -0.4339209, 3.011435;1.060727, -0.3933886, 2.90726;0.7585385, -0.586287, 3.071482;1.014538, -0.4316555, 2.511472;0.8942803, -0.7556984, 2.991298;1.069342, -0.7392192, 2.607905;0.8306475, -0.7890685, 2.953038;1.02723, -0.8065809, 2.590141;
0.708905, 0.1134648, 2.76968;0.8123432, -0.05179488, 2.792731;0.9549158, -0.3078723, 2.909778;0.7314366, -0.1868462, 2.940009;0.9336129, -0.1287842, 2.716737;0.785588, -0.7097058, 2.854124;0.9096437, -0.6346257, 2.612453;0.9826692, -0.3595551, 2.936697;0.9625889, -0.4339703, 3.011008;1.060008, -0.3927152, 2.908225;0.7562784, -0.5873147, 3.071716;1.014588, -0.4321777, 2.513359;0.8942558, -0.7561358, 2.990891;1.069144, -0.7396889, 2.608562;0.8305463, -0.7937278, 2.957409;1.027327, -0.8064672, 2.588938;
0.7099384, 0.1163394, 2.768954;0.8133546, -0.05026732, 2.792772;0.9538259, -0.3063813, 2.90965;0.7299782, -0.1801645, 2.940122;0.9337564, -0.1264832, 2.715798;0.784934, -0.7073321, 2.853991;0.9097539, -0.6333469, 2.613508;0.981131, -0.3577814, 2.936473;0.9599392, -0.4309848, 3.010798;1.058971, -0.3919109, 2.907964;0.7518778, -0.5788673, 3.070759;1.035013, -0.4325262, 2.51209;0.8938944, -0.7551016, 2.990401;1.085619, -0.7414596, 2.592577;0.835959, -0.8116453, 2.992615;1.029535, -0.7998804, 2.593036;
0.7116082, 0.1224375, 2.767705;0.8141924, -0.04145775, 2.793101;0.9513077, -0.301068, 2.912302;0.7299691, -0.178396, 2.939734;0.9353156, -0.1184435, 2.715246;0.7862715, -0.7081326, 2.854037;0.9144217, -0.6284897, 2.628224;0.9782338, -0.3528231, 2.939544;0.9562353, -0.4256637, 3.012769;1.055757, -0.3873199, 2.913326;0.7506675, -0.5761996, 3.070866;1.028744, -0.4323121, 2.518962;0.8931892, -0.7547297, 2.990234;1.079776, -0.7406087, 2.600977;0.8373467, -0.8131311, 2.991745;1.030982, -0.8041016, 2.590059;
0.711129, 0.1347872, 2.766402;0.8148232, -0.03225825, 2.79557;0.9510117, -0.2952145, 2.914192;0.7299967, -0.1739401, 2.940526;0.9345167, -0.1093326, 2.714984;0.7797143, -0.6864088, 2.845097;0.914701, -0.6202218, 2.629231;0.9779689, -0.3476654, 2.941243;0.9558832, -0.4198878, 3.01207;1.054588, -0.3803358, 2.916942;0.751018, -0.5700749, 3.069861;1.027855, -0.4321194, 2.524199;0.8937648, -0.7546624, 2.989727;1.078578, -0.7402391, 2.602122;0.8455622, -0.8179112, 3.003232;1.031409, -0.8045965, 2.590312;
0.712519, 0.144848, 2.765556;0.8171995, -0.01570138, 2.797536;0.9508356, -0.2786775, 2.908734;0.7288032, -0.1512878, 2.93851;0.9344727, -0.09497199, 2.714705;0.7886171, -0.6571925, 2.871857;0.9126036, -0.6082834, 2.632602;0.977428, -0.330877, 2.934075;0.9564728, -0.4035254, 3.002325;1.052454, -0.3642361, 2.908063;0.7534143, -0.5076477, 3.045982;1.029494, -0.4251701, 2.517424;0.8941617, -0.7531433, 2.990604;1.080516, -0.73067, 2.606022;0.8478975, -0.8178789, 3.002957;1.036372, -0.7963865, 2.591314;
0.7123615, 0.1674681, 2.765043;0.8186542, 0.007742954, 2.7951;0.9452166, -0.2664339, 2.909396;0.731321, -0.133014, 2.940591;0.9379871, -0.07963357, 2.717323;0.7851214, -0.6542378, 2.896018;0.9139488, -0.5936311, 2.635988;0.9707865, -0.320334, 2.935259;0.9479737, -0.3914819, 3.003784;1.045932, -0.3584396, 2.90976;0.7536066, -0.50621, 3.045815;1.031127, -0.4230679, 2.520268;0.897359, -0.7525079, 2.993443;1.0772, -0.7332317, 2.597312;0.8499129, -0.8164979, 3.003901;1.033365, -0.8003881, 2.592434;
0.7125074, 0.1907229, 2.770062;0.817889, 0.02223988, 2.795733;0.9429857, -0.2522905, 2.912031;0.7291684, -0.09999201, 2.940824;0.935203, -0.05607229, 2.716562;0.7433677, -0.5497618, 3.003998;0.9075235, -0.5947939, 2.639538;0.9681922, -0.30712, 2.938329;0.9454542, -0.3756063, 3.006216;1.041808, -0.3475811, 2.913841;0.7551092, -0.5039944, 3.045819;1.034124, -0.4211022, 2.52667;0.9019961, -0.7503685, 2.99763;1.070306, -0.7328142, 2.605011;0.8524286, -0.813237, 3.001603;1.024892, -0.7986233, 2.555014;
0.7195536, 0.2233973, 2.775796;0.8192896, 0.05112398, 2.796578;0.9079959, -0.2193852, 2.961469;0.7289441, -0.07947108, 2.942188;0.9358186, -0.03894013, 2.718108;0.7487344, -0.5136279, 2.983629;0.9097779, -0.5842377, 2.64614;0.925649, -0.2753046, 2.997618;0.8938246, -0.3302515, 3.058392;0.9901514, -0.3238705, 2.994714;0.6466667, -0.6190631, 3.03159;1.032679, -0.4079663, 2.570132;0.9102924, -0.749447, 3.007601;1.070215, -0.7280143, 2.61858;0.8580998, -0.8096056, 3.000275;1.05009, -0.8045907, 2.607274;
0.721725, 0.2408398, 2.782106;0.8209181, 0.06884459, 2.79694;0.9083803, -0.2145284, 2.960997;0.7323716, -0.06195645, 2.941704;0.9449365, -0.002115731, 2.718122;0.7465754, -0.5092288, 2.980648;0.9094628, -0.5549096, 2.645731;0.9259471, -0.2710515, 2.997068;0.8941151, -0.3277922, 3.058095;0.9905055, -0.3205941, 2.994386;0.649038, -0.6171522, 3.028147;1.035918, -0.4019744, 2.57383;0.9089756, -0.7451118, 3.010208;1.067181, -0.7206442, 2.622022;0.8657314, -0.8090705, 2.989703;1.039623, -0.8012612, 2.577858;
0.7261995, 0.2712799, 2.78333;0.8264869, 0.09993324, 2.797518;0.9019316, -0.1907675, 2.966648;0.7350954, -0.007342465, 2.940535;0.9437777, 0.0133328, 2.718718;0.6932676, -0.4780615, 3.02506;0.9100693, -0.5271514, 2.648543;0.9171238, -0.2481118, 3.00375;0.8840051, -0.3026932, 3.065042;0.9778214, -0.2989618, 3.002782;0.6639029, -0.609678, 3.023026;1.036425, -0.4017141, 2.574206;0.9111727, -0.7407253, 3.01283;1.066865, -0.7194914, 2.620756;0.8944688, -0.8126351, 2.982745;1.04071, -0.7950405, 2.581522;
0.7326411, 0.2981551, 2.793352;0.8298902, 0.1291418, 2.798149;0.900974, -0.1639223, 2.969232;0.7377062, 0.00285809, 2.946023;0.9421021, 0.04701276, 2.719081;0.7004685, -0.4897472, 3.043894;0.9059923, -0.522576, 2.652491;0.9152969, -0.2227717, 3.006616;0.8813691, -0.2718944, 3.06842;0.9752837, -0.2793699, 3.004544;0.7114628, -0.6077121, 3.018534;1.036978, -0.4026319, 2.572798;0.9131668, -0.7367948, 3.016447;1.067343, -0.7106175, 2.621133;0.8819229, -0.8053041, 2.990575;1.04168, -0.7928952, 2.583387;
0.7411067, 0.3321922, 2.797637;0.8331566, 0.1521091, 2.804265;0.8989692, -0.154463, 2.972067;0.7414027, 0.02072165, 2.94891;0.9427651, 0.05962744, 2.719562;0.8042402, -0.484171, 2.894037;0.9100181, -0.4779077, 2.655494;0.9126323, -0.214915, 3.009061;0.879356, -0.2667767, 3.06893;0.9696467, -0.2685165, 3.007787;0.7137054, -0.6041358, 3.021008;1.037382, -0.4041212, 2.571472;0.9144733, -0.7326885, 3.021435;1.067446, -0.7093877, 2.620519;0.8847796, -0.7991502, 2.989406;1.041531, -0.7907816, 2.584171;
0.7479244, 0.3485881, 2.803434;0.8411914, 0.1478152, 2.822785;0.9002516, -0.1418761, 2.975402;0.7467788, 0.06044625, 2.951403;0.949015, 0.08659217, 2.722457;0.8301776, -0.5329278, 2.889972;0.9106677, -0.4556461, 2.65344;0.9126362, -0.1968782, 3.010174;0.879321, -0.2514728, 3.0672;0.9683418, -0.2487334, 3.008597;0.787848, -0.4878231, 3.04429;1.037369, -0.3996673, 2.571983;0.9149271, -0.7310288, 3.022612;1.067818, -0.7081557, 2.620627;0.8848972, -0.797017, 2.990139;1.041873, -0.7879612, 2.586408;
0.7617778, 0.3628343, 2.81229;0.8483585, 0.1579331, 2.830244;0.9025741, -0.1134381, 2.975294;0.7508774, 0.07314348, 2.953303;0.9515092, 0.1086301, 2.72466;0.8025068, -0.4663711, 2.88897;0.9144055, -0.4272499, 2.653916;0.9129862, -0.1671105, 3.007107;0.8803046, -0.2228969, 3.063767;0.9661471, -0.2223965, 3.004168;0.7527801, -0.5766655, 3.05803;1.037019, -0.3843328, 2.577866;0.9163033, -0.7297487, 3.023438;1.069427, -0.706866, 2.621048;0.893608, -0.7987754, 2.991593;1.042455, -0.7862098, 2.587572;
0.775527, 0.3834606, 2.826533;0.8565464, 0.1743061, 2.841105;0.9070116, -0.09829285, 2.974265;0.7615443, 0.1110452, 2.95636;0.9548365, 0.1500518, 2.729033;0.833108, -0.5009198, 2.890599;0.9118317, -0.4230541, 2.659414;0.9171482, -0.152075, 3.004235;0.8859893, -0.2066067, 3.058698;0.969033, -0.2052809, 2.999523;0.7614769, -0.560619, 3.058116;1.045502, -0.388113, 2.574154;0.9172091, -0.7287539, 3.023544;1.07031, -0.7057593, 2.620678;0.8989076, -0.7992283, 2.992306;1.042353, -0.785717, 2.587637;
0.7719558, 0.4350973, 2.822455;0.8622609, 0.2317834, 2.846323;0.9152058, -0.05937885, 2.971274;0.7634603, 0.151667, 2.959994;0.9575841, 0.1698556, 2.730407;0.7918053, -0.4617399, 2.917325;0.9163441, -0.3646211, 2.656693;0.9253145, -0.1187785, 2.999935;0.8933291, -0.1804091, 3.05299;0.9777386, -0.1673589, 2.99261;0.7778534, -0.5364856, 3.060906;1.049213, -0.3890413, 2.575589;0.9175066, -0.7292976, 3.023538;1.072786, -0.704123, 2.621541;0.8896541, -0.7970144, 2.993546;1.048176, -0.7837818, 2.596394;
0.7758837, 0.4781084, 2.827354;0.8603525, 0.3159355, 2.827679;0.9728722, -0.02099736, 2.910552;0.7650492, 0.1586488, 2.959807;0.9617772, 0.1942678, 2.733782;0.7948651, -0.3856325, 2.915296;0.9187436, -0.3198895, 2.656784;0.9953761, -0.08838394, 2.930356;0.9732756, -0.1596208, 2.982067;1.054803, -0.1289191, 2.903378;0.7900739, -0.4712464, 3.066506;1.055543, -0.3890164, 2.579622;0.9202608, -0.7301526, 3.023254;1.074791, -0.701723, 2.62261;0.8885212, -0.7967805, 2.994954;1.04774, -0.7829709, 2.595988;
0.7847903, 0.504849, 2.826713;0.8616203, 0.3243169, 2.831978;0.9709384, -0.01147403, 2.913207;0.7712001, 0.2081715, 2.974817;0.9647148, 0.2264976, 2.736586;0.7864074, -0.3148347, 2.908467;0.9240008, -0.2990846, 2.656752;0.9927363, -0.07846339, 2.932709;0.9713522, -0.1498052, 2.984019;1.050686, -0.1196947, 2.90566;0.7953394, -0.4664484, 3.06372;1.057133, -0.388981, 2.581443;0.9231469, -0.726061, 3.023229;1.075587, -0.7010676, 2.622421;0.8853113, -0.7973185, 2.994165;1.046361, -0.7825322, 2.59445;
0.7875215, 0.5099229, 2.827832;0.8757652, 0.3684744, 2.839839;0.972198, 0.01542377, 2.913884;0.775484, 0.2160041, 2.97403;0.96751, 0.2506408, 2.73768;0.8028646, -0.2951699, 2.887211;0.9256052, -0.2911856, 2.660168;0.9921864, -0.05436966, 2.932338;0.9702184, -0.1251314, 2.983333;1.047829, -0.09890227, 2.904063;0.8131632, -0.4507609, 3.064423;1.0592, -0.388715, 2.585033;0.9243226, -0.7242585, 3.02191;1.076109, -0.7005264, 2.622476;0.8819527, -0.7988318, 2.993437;1.046177, -0.7818933, 2.593735;
0.8046303, 0.5608515, 2.845524;0.8788037, 0.3864408, 2.843844;0.983767, 0.05764109, 2.905478;0.7874317, 0.2482175, 2.975227;0.9721418, 0.2741492, 2.74207;0.7976488, -0.2737452, 2.89368;0.929439, -0.2631707, 2.662138;1.005192, -0.007418673, 2.919935;0.9908321, -0.06908622, 2.965208;1.05385, -0.07197113, 2.89503;0.833631, -0.4202119, 3.060686;1.061778, -0.387264, 2.590529;0.9278813, -0.7212427, 3.022065;1.078006, -0.698513, 2.623396;0.8827688, -0.7975004, 2.993411;1.046081, -0.781724, 2.593482;
0.8185679, 0.5866599, 2.851372;0.9024997, 0.375348, 2.853873;0.9859481, 0.0639283, 2.904427;0.7893962, 0.2630143, 2.981092;0.9780697, 0.3034203, 2.743538;0.7683442, -0.2515384, 2.909881;0.9311672, -0.2509058, 2.663299;1.005363, 0.003243304, 2.917592;0.9902775, -0.06158751, 2.962408;1.054144, -0.05225854, 2.889822;0.8475494, -0.4026012, 3.057086;1.064428, -0.3849142, 2.595338;0.9325597, -0.7203379, 3.015367;1.07944, -0.6967498, 2.627143;0.8817548, -0.7981636, 2.993263;1.046326, -0.7813104, 2.593262;
0.8302743, 0.5981441, 2.862152;0.9070395, 0.3825549, 2.859546;0.9872154, 0.08201651, 2.905334;0.7939146, 0.2976353, 2.986919;0.9809427, 0.3201102, 2.745096;0.8118237, -0.2455128, 2.89058;0.9324684, -0.2344608, 2.66434;1.00398, 0.02280932, 2.917265;0.9876491, -0.04224919, 2.96013;1.052308, -0.03380869, 2.888789;0.8521794, -0.3976086, 3.055036;1.075233, -0.3637902, 2.614629;0.9326219, -0.7204521, 3.01476;1.080163, -0.6947981, 2.630656;0.8817754, -0.7976792, 2.992724;1.046698, -0.7810358, 2.593653;
0.8366939, 0.6122677, 2.869389;0.9146945, 0.3961612, 2.864973;0.9854807, 0.1099343, 2.908911;0.8037788, 0.3293307, 2.994231;0.99357, 0.3576023, 2.7476;0.8146932, -0.2169882, 2.89323;0.9314725, -0.2257711, 2.667212;0.9990867, 0.05375067, 2.920669;0.9821713, -0.01506629, 2.963102;1.046073, -0.007013761, 2.892319;0.8622402, -0.3769931, 3.048828;1.075127, -0.3590627, 2.621675;0.9332779, -0.7184243, 3.014241;1.081754, -0.6957549, 2.634409;0.8846804, -0.7968738, 2.990683;1.046891, -0.7808935, 2.593703;
0.8497802, 0.6731037, 2.876778;0.915419, 0.5026182, 2.866149;0.97435, 0.1667204, 2.8994;0.8138338, 0.3510407, 2.999916;0.994488, 0.3682848, 2.749641;0.8367814, -0.1944196, 2.889286;0.941901, -0.1729892, 2.67361;0.986416, 0.09855177, 2.909528;0.9597757, 0.0200297, 2.966973;1.037275, 0.04647311, 2.860822;0.8709286, -0.3657086, 3.043754;1.073294, -0.3504564, 2.6327;0.9344117, -0.7177985, 3.014161;1.083113, -0.6939868, 2.639351;0.8852199, -0.7974159, 2.990001;1.047163, -0.7803088, 2.594287;
0.8517684, 0.6888578, 2.881985;0.9187742, 0.511418, 2.867747;0.9722772, 0.1736791, 2.900418;0.8215814, 0.3769834, 3.009067;0.9998409, 0.3909261, 2.752864;0.8253365, -0.165512, 2.893064;0.944679, -0.1482435, 2.673856;0.9829851, 0.1063, 2.910444;0.951656, 0.03584646, 2.968226;1.034078, 0.05067841, 2.861719;0.8756999, -0.3640518, 3.040612;1.075442, -0.3395798, 2.64353;0.9342842, -0.7176296, 3.013793;1.083859, -0.6927218, 2.641436;0.8870968, -0.7980941, 2.988125;1.047347, -0.7802327, 2.59445;
0.8617486, 0.7215699, 2.878566;0.9253509, 0.5390692, 2.871053;0.9699044, 0.1917256, 2.899774;0.8270032, 0.400298, 3.013363;1.00144, 0.4085645, 2.755002;0.817741, -0.1413856, 2.889575;0.9605821, -0.07623291, 2.681388;0.9792069, 0.1229022, 2.90903;0.948609, 0.05097056, 2.966283;1.027578, 0.06455334, 2.859927;0.8785082, -0.3605084, 3.036288;1.074381, -0.3333966, 2.649451;0.9354816, -0.7180521, 3.013597;1.083924, -0.6909009, 2.643079;0.8889018, -0.7977018, 2.987713;1.047792, -0.7797554, 2.594995;
0.8703286, 0.7355708, 2.884812;0.9323078, 0.5556132, 2.873243;0.9696488, 0.2114576, 2.900639;0.8308913, 0.4105635, 3.015099;1.006441, 0.4243394, 2.755085;0.8171359, -0.128895, 2.889069;0.9598772, -0.06148528, 2.680495;0.9771827, 0.142884, 2.909436;0.9460824, 0.0704437, 2.965686;1.022964, 0.08265442, 2.860592;0.884811, -0.3594458, 3.030738;1.074433, -0.3340175, 2.65027;0.9369856, -0.7203944, 3.011863;1.084287, -0.6892837, 2.644849;0.8887507, -0.7981849, 2.987868;1.048506, -0.7778983, 2.595838;
0.8826234, 0.7575557, 2.894188;0.9405774, 0.5780597, 2.878335;0.970029, 0.2275868, 2.8987;0.8403927, 0.4512943, 3.025176;1.010261, 0.4443953, 2.75953;0.8189608, -0.09951469, 2.891552;0.9591125, -0.05680726, 2.685472;0.9762731, 0.1581018, 2.906296;0.9453671, 0.08537137, 2.961953;1.019494, 0.09593069, 2.85593;0.8902871, -0.3554679, 3.022288;1.075351, -0.3267463, 2.657956;0.9384978, -0.7204526, 3.012078;1.084561, -0.6885765, 2.645826;0.8893195, -0.7976507, 2.988295;1.048873, -0.7770875, 2.596324;
0.8890139, 0.7723746, 2.899141;0.9495871, 0.5979126, 2.883347;0.9722126, 0.2419541, 2.896681;0.8445445, 0.4597111, 3.034266;1.019024, 0.4697974, 2.766438;0.8221208, -0.07012986, 2.901476;0.9567912, -0.05722665, 2.684056;0.9772073, 0.1713038, 2.903024;0.9456798, 0.1001365, 2.954523;1.018368, 0.1133185, 2.853193;0.9047734, -0.3591924, 3.017303;1.073331, -0.3209297, 2.668786;0.9397384, -0.7203305, 3.011431;1.084143, -0.6864812, 2.64628;0.8897009, -0.7973911, 2.987947;1.049246, -0.7754107, 2.596711;
0.901386, 0.7905672, 2.909398;0.9633731, 0.620952, 2.885889;0.9752128, 0.2605453, 2.894741;0.8512293, 0.4842796, 3.043032;1.023015, 0.4807847, 2.767595;0.8243444, -0.05363834, 2.902795;0.9597651, -0.005287997, 2.674375;0.9781801, 0.1889063, 2.900081;0.9449144, 0.115115, 2.951489;1.017377, 0.1290961, 2.849417;0.9121274, -0.3574465, 3.01039;1.072839, -0.3171017, 2.67989;0.9445505, -0.7195525, 3.009696;1.084014, -0.6867163, 2.646727;0.8897849, -0.7970475, 2.987933;1.049413, -0.7758276, 2.596986;
0.9057659, 0.8003043, 2.91141;0.9639994, 0.6254726, 2.888026;0.9747951, 0.2701961, 2.892981;0.8532615, 0.4978937, 3.048454;1.029077, 0.4929712, 2.76879;0.8241533, -0.04343733, 2.901825;0.973335, 0.03170509, 2.676379;0.9771669, 0.1997934, 2.897007;0.9428732, 0.1261801, 2.947171;1.016204, 0.1384914, 2.845442;0.9212201, -0.3576308, 3.005269;1.072897, -0.3157828, 2.688724;0.9445224, -0.7228218, 3.008487;1.084761, -0.6877824, 2.647418;0.8915571, -0.7960811, 2.988891;1.04981, -0.7766638, 2.597322;
0.9219139, 0.8338851, 2.92467;0.9748524, 0.6502219, 2.899251;0.975002, 0.2823449, 2.893169;0.8594506, 0.5113291, 3.050215;1.034155, 0.505599, 2.77347;0.8258868, -0.03522277, 2.904161;0.9598472, -0.00152088, 2.679515;0.9760095, 0.209993, 2.895973;0.9410082, 0.1371517, 2.944583;1.012925, 0.1485991, 2.843424;0.9272632, -0.35697, 3.000303;1.074654, -0.3174397, 2.69835;0.9445738, -0.722914, 3.008325;1.086944, -0.6871149, 2.65195;0.8916069, -0.7960451, 2.988997;1.051037, -0.7741594, 2.599147;
0.9247936, 0.8343714, 2.929366;0.9800169, 0.6555718, 2.899951;0.9748486, 0.2902792, 2.892328;0.8651092, 0.5219068, 3.052776;1.039254, 0.5149965, 2.775579;0.827618, -0.02364073, 2.90387;0.9596844, 0.0001318753, 2.679312;0.9743152, 0.2181663, 2.894459;0.9382875, 0.1440626, 2.942967;1.009337, 0.1567189, 2.840741;0.9346821, -0.3574786, 2.998027;1.075712, -0.3186924, 2.706772;0.9462347, -0.7248012, 3.007279;1.087056, -0.6871405, 2.65201;0.8907626, -0.796699, 2.989981;1.05116, -0.7743358, 2.599241;
0.9273546, 0.8325734, 2.929837;0.9835173, 0.6589347, 2.904178;0.9745185, 0.2915467, 2.891774;0.8682686, 0.5263999, 3.055483;1.043361, 0.5208659, 2.779438;0.8262798, -0.01824361, 2.90045;0.9687932, 0.02463242, 2.679906;0.973309, 0.2194525, 2.893034;0.935164, 0.1483598, 2.93737;1.007735, 0.1588808, 2.839462;0.939371, -0.3534603, 2.994663;1.077602, -0.321429, 2.716069;0.9482992, -0.7242373, 3.007511;1.088156, -0.6865767, 2.653164;0.8917814, -0.796366, 2.991966;1.051628, -0.7733921, 2.599975;
0.9329621, 0.8319912, 2.934661;0.9852111, 0.660483, 2.906448;0.9739606, 0.2941373, 2.891513;0.8711581, 0.5295714, 3.057187;1.048011, 0.5245165, 2.782083;0.8252948, -0.01621119, 2.900806;0.9602093, 0.006531999, 2.677787;0.9721034, 0.2221626, 2.892118;0.9331375, 0.1513989, 2.936133;1.00643, 0.161335, 2.838234;0.9498267, -0.3509077, 2.992888;1.078683, -0.3224788, 2.722106;0.9490185, -0.7242888, 3.007172;1.088201, -0.6868057, 2.653406;0.8917048, -0.7964961, 2.991829;1.051636, -0.7736129, 2.599993;
0.9421546, 0.8391766, 2.936358;1.002315, 0.6203784, 2.9158;0.9735579, 0.2936589, 2.891178;0.8759522, 0.5313001, 3.057949;1.057129, 0.526823, 2.786302;0.8250241, -0.01447343, 2.904777;0.9631492, 0.01213079, 2.675535;0.9704608, 0.2226478, 2.890954;0.9280193, 0.1538568, 2.931879;1.003935, 0.1621705, 2.83725;0.9563429, -0.348388, 2.989833;1.084047, -0.3279206, 2.733685;0.9513735, -0.7248037, 3.007092;1.092052, -0.6854069, 2.658321;0.891409, -0.7964509, 2.991711;1.05345, -0.7700279, 2.602594;
0.9475102, 0.835309, 2.941672;1.008452, 0.6622143, 2.925013;0.972783, 0.2938548, 2.891143;0.8805803, 0.5318975, 3.0607;1.061541, 0.5267231, 2.787611;0.8252295, -0.01014033, 2.908359;0.9659679, 0.01257256, 2.674905;0.9677055, 0.2222885, 2.889966;0.9233019, 0.1544855, 2.929317;1.000393, 0.1623604, 2.836657;0.9587343, -0.3478606, 2.988367;1.084795, -0.3306625, 2.736345;0.9501748, -0.7248725, 3.006703;1.093086, -0.6847784, 2.660733;0.8977517, -0.7957263, 2.990309;1.054268, -0.7686172, 2.603735;
0.9626005, 0.8356879, 2.959901;1.007389, 0.6250627, 2.921935;0.9722645, 0.2924071, 2.890281;0.8828785, 0.5316734, 3.059712;1.064165, 0.5266951, 2.789329;0.8252277, -0.01064439, 2.909904;0.9658279, 0.009986527, 2.6738;0.9667584, 0.2217812, 2.888643;0.921854, 0.1543118, 2.927061;0.9992827, 0.1622482, 2.835437;0.9593963, -0.3482918, 2.987804;1.084778, -0.3309999, 2.737873;0.9494778, -0.7267375, 3.006025;1.09315, -0.6850072, 2.661062;0.8966287, -0.7957639, 2.99018;1.054266, -0.7687279, 2.603725;
0.9634503, 0.8362564, 2.960042;1.013674, 0.658583, 2.931783;0.9719422, 0.2926266, 2.890487;0.8858176, 0.5320787, 3.059712;1.067071, 0.5270831, 2.792237;0.8249052, -0.01072907, 2.910156;0.9686236, 0.008745387, 2.672319;0.965677, 0.2216326, 2.88844;0.9201956, 0.1548695, 2.926304;0.997744, 0.1624019, 2.835339;0.9605433, -0.3482397, 2.98684;1.084335, -0.3311502, 2.739704;0.9502423, -0.7265481, 3.005451;1.093166, -0.6849502, 2.661156;0.896338, -0.7951103, 2.987534;1.054327, -0.7689787, 2.604028;
0.9643031, 0.8347099, 2.961114;1.013693, 0.659376, 2.931511;0.9717534, 0.2928746, 2.890657;0.8881558, 0.5325996, 3.061105;1.069409, 0.5278106, 2.794747;0.8234453, -0.01128659, 2.912988;0.9737527, 0.01192477, 2.672604;0.9651883, 0.2216582, 2.888418;0.9196922, 0.1549724, 2.926209;0.9968992, 0.1625295, 2.835345;0.9606119, -0.3486491, 2.986902;1.083635, -0.3306274, 2.739885;0.9497833, -0.7250917, 3.005049;1.093181, -0.6849927, 2.661212;0.8960454, -0.7947344, 2.987001;1.05442, -0.7693328, 2.604272;
0.9646223, 0.8342663, 2.96129;1.014725, 0.6606163, 2.932424;0.9718074, 0.2930388, 2.89103;0.8907706, 0.5324891, 3.063257;1.070446, 0.5280434, 2.796028;0.8234514, -0.0117044, 2.91425;0.9763496, 0.01610643, 2.672997;0.9650801, 0.2216049, 2.888526;0.919598, 0.1550016, 2.926275;0.9966002, 0.1625266, 2.83544;0.9604626, -0.3492764, 2.986668;1.083618, -0.3306724, 2.740268;0.9494886, -0.7247476, 3.0051;1.09329, -0.6849749, 2.661337;0.895219, -0.794801, 2.988097;1.054522, -0.7694486, 2.604382;
0.9648012, 0.8340423, 2.962168;1.01634, 0.6621749, 2.93341;0.9716982, 0.2939082, 2.892201;0.8967028, 0.5323611, 3.071491;1.072086, 0.5285769, 2.797911;0.8235189, -0.01173754, 2.915102;0.9748688, 0.004439458, 2.671303;0.9645297, 0.2219667, 2.889197;0.9190283, 0.1554056, 2.927052;0.995262, 0.163339, 2.836146;0.9600831, -0.3496387, 2.986375;1.083093, -0.3302079, 2.741064;0.9491936, -0.7253523, 3.00398;1.093268, -0.6850349, 2.661427;0.8945976, -0.7949844, 2.988672;1.05444, -0.7698067, 2.604764;
0.9656032, 0.833481, 2.96518;1.01744, 0.66347, 2.935189;0.9716101, 0.2934526, 2.893671;0.8977513, 0.5302132, 3.07234;1.072801, 0.5287207, 2.798833;0.8235215, -0.01090039, 2.916406;0.9776911, 0.002737619, 2.672011;0.9638988, 0.2208338, 2.89043;0.9184843, 0.1547709, 2.927813;0.9945374, 0.1630204, 2.837497;0.959983, -0.3509334, 2.986589;1.082983, -0.3300855, 2.740974;0.9501137, -0.7247257, 3.00367;1.093099, -0.6849885, 2.661456;0.8947735, -0.7946227, 2.988202;1.054405, -0.7699116, 2.604722;
0.9657767, 0.8338639, 2.963145;1.018873, 0.6646213, 2.939142;0.9718418, 0.293313, 2.895331;0.8982834, 0.5267422, 3.074794;1.074821, 0.5291651, 2.801467;0.8235932, -0.00794208, 2.920191;0.9788452, 0.002736658, 2.672278;0.9637744, 0.2204006, 2.891358;0.9181524, 0.1542539, 2.92854;0.9944625, 0.1629158, 2.838124;0.9599788, -0.3521467, 2.986578;1.082999, -0.3301341, 2.740948;0.9499861, -0.7249225, 3.003711;1.093396, -0.6861755, 2.661824;0.8942188, -0.7955133, 2.990643;1.054497, -0.7711734, 2.605142;
0.9675118, 0.8271921, 2.964451;1.016141, 0.602638, 2.937904;0.9725317, 0.2867194, 2.896796;0.8999488, 0.5259606, 3.075284;1.075026, 0.5293574, 2.80279;0.8231564, -0.009194203, 2.919885;0.980088, 0.00268095, 2.673074;0.9640969, 0.2180889, 2.892132;0.9188734, 0.1530536, 2.928543;0.9941476, 0.1615532, 2.839312;0.9602391, -0.3537205, 2.986734;1.082862, -0.3299514, 2.741058;0.9537123, -0.724636, 3