0.7650986, 0.8183191, 3.069775;0.8046146, 0.6466241, 3.047908;0.7502405, 0.2531986, 2.974464;0.6740105, 0.5124549, 3.157193;0.8847527, 0.50782, 2.92444;0.5909183, -0.06879039, 3.004363;0.8291604, 0.08499914, 2.695988;0.7393657, 0.1745135, 2.96345;0.6825883, 0.107829, 3.00045;0.7774223, 0.1057433, 2.897905;0.7130772, -0.3799376, 3.055119;0.8657488, -0.3473579, 2.821338;0.7199291, -0.7503705, 3.091707;0.9004017, -0.7098909, 2.766581;0.677327, -0.8162223, 3.045692;0.8573455, -0.7966657, 2.704486;
0.7651817, 0.8183473, 3.069994;0.8051214, 0.6464705, 3.048021;0.7505419, 0.2532488, 2.974387;0.6740001, 0.5124297, 3.157156;0.8845076, 0.5069579, 2.923477;0.5971529, -0.03477297, 3.021727;0.8137901, 0.0003531072, 2.75243;0.7396445, 0.1745938, 2.96334;0.6829157, 0.1080221, 3.000339;0.7776242, 0.1057457, 2.897755;0.7130457, -0.3799545, 3.055024;0.8660643, -0.3474067, 2.821416;0.7232709, -0.7432802, 3.094219;0.9024274, -0.7090971, 2.766712;0.6580662, -0.8128072, 3.062644;0.8578546, -0.7961816, 2.707287;
0.7651491, 0.8184993, 3.070345;0.8051226, 0.6464877, 3.048199;0.7506531, 0.252798, 2.974526;0.6737614, 0.5121197, 3.157248;0.8845145, 0.5069335, 2.923674;0.593724, -0.06327829, 3.01383;0.820227, 0.02258356, 2.756612;0.739803, 0.1739256, 2.963478;0.6830465, 0.1074409, 3.000254;0.7778722, 0.1053355, 2.898194;0.7131116, -0.3799314, 3.055297;0.8664604, -0.3478489, 2.821956;0.722544, -0.7436911, 3.093893;0.9024349, -0.7090021, 2.766687;0.6580786, -0.8142177, 3.062967;0.8619283, -0.793139, 2.711431;
0.7650134, 0.8182154, 3.070324;0.8052309, 0.6463145, 3.048161;0.7508779, 0.2521683, 2.974643;0.6735218, 0.5115867, 3.158138;0.884198, 0.5061867, 2.923469;0.5991125, -0.02516484, 3.02564;0.8178986, 0.02849042, 2.755141;0.7400533, 0.1731836, 2.963652;0.6833382, 0.1066079, 3.000604;0.7781631, 0.1042505, 2.898246;0.7131189, -0.3800729, 3.055583;0.8665601, -0.3479077, 2.822188;0.7212297, -0.7431378, 3.092458;0.9034728, -0.7082641, 2.767232;0.6609833, -0.8168581, 3.061931;0.8611276, -0.7938048, 2.710736;
0.7635037, 0.8184689, 3.069049;0.8062247, 0.6472386, 3.049031;0.7510134, 0.2517789, 2.974842;0.6734365, 0.5115682, 3.158601;0.8840002, 0.5052988, 2.922401;0.596305, -0.0466474, 3.01842;0.8129845, 0.02345951, 2.753876;0.7401276, 0.1724431, 2.963768;0.6833459, 0.1060827, 3.000748;0.7781687, 0.1031412, 2.898198;0.7129226, -0.3804876, 3.055741;0.8666083, -0.3482477, 2.822626;0.7206187, -0.7434229, 3.09222;0.9031615, -0.7094551, 2.766222;0.670845, -0.812937, 3.050198;0.8574741, -0.795628, 2.707478;
0.7633016, 0.818646, 3.069158;0.8063524, 0.6475596, 3.049953;0.7510546, 0.251771, 2.974872;0.673148, 0.5112811, 3.158814;0.8839505, 0.5052763, 2.922418;0.5949638, -0.05662764, 3.016329;0.8142063, 0.02198793, 2.753414;0.7401488, 0.1724325, 2.963741;0.6833889, 0.1061334, 3.000572;0.7782866, 0.1033103, 2.898398;0.7129598, -0.3809995, 3.055874;0.866567, -0.3480625, 2.822682;0.7200884, -0.7436386, 3.091719;0.9031271, -0.7096208, 2.766142;0.6636422, -0.8163854, 3.060773;0.8558876, -0.7962581, 2.710193;
0.7628016, 0.818257, 3.069243;0.8063526, 0.6475569, 3.050036;0.7510053, 0.2508092, 2.974926;0.673058, 0.5114176, 3.159114;0.8838932, 0.5053723, 2.922486;0.5992675, -0.0242561, 3.027911;0.8150458, 0.02428079, 2.754101;0.740054, 0.1711239, 2.963764;0.6833702, 0.1055198, 3.000062;0.7782633, 0.1026985, 2.899213;0.7129382, -0.3821988, 3.056407;0.8667794, -0.3478822, 2.823103;0.7203912, -0.7449034, 3.092147;0.9033557, -0.7090517, 2.766383;0.6641537, -0.8168219, 3.061419;0.8561237, -0.7961278, 2.710785;
0.7622793, 0.8185457, 3.069369;0.8062276, 0.6480086, 3.049443;0.7510428, 0.2507269, 2.974886;0.6730725, 0.5114492, 3.159123;0.883656, 0.5051882, 2.922611;0.5994546, -0.02345426, 3.027801;0.815843, 0.02360402, 2.754121;0.7401079, 0.1709936, 2.963745;0.6834837, 0.1053909, 3.000134;0.7782943, 0.1023963, 2.89909;0.7128189, -0.3819726, 3.056481;0.8668016, -0.3492369, 2.823141;0.7199653, -0.7435781, 3.091833;0.9034328, -0.7090949, 2.766289;0.6684105, -0.8131058, 3.056415;0.8562032, -0.7961888, 2.709554;
0.7623236, 0.8184869, 3.069449;0.8061963, 0.6481287, 3.049502;0.7511917, 0.2503979, 2.97489;0.6725079, 0.5119651, 3.160818;0.8833467, 0.5045719, 2.922287;0.5969847, -0.04358528, 3.020676;0.816029, 0.02444583, 2.754176;0.7403335, 0.1704787, 2.963715;0.6837146, 0.1052366, 2.999936;0.7786372, 0.1017863, 2.899382;0.7128768, -0.3816356, 3.056251;0.8670852, -0.3490851, 2.823378;0.7212059, -0.7423474, 3.092208;0.9037454, -0.7080854, 2.766124;0.6665352, -0.8118518, 3.059481;0.8564715, -0.7960227, 2.710162;
0.7622311, 0.8181561, 3.069268;0.8058949, 0.6469576, 3.048132;0.7507539, 0.2500982, 2.974767;0.6719089, 0.5119329, 3.161141;0.8833375, 0.504382, 2.922291;0.5988847, -0.0233283, 3.025768;0.8164212, 0.02703006, 2.755975;0.7398154, 0.1702815, 2.963717;0.6815298, 0.1018934, 3.000104;0.7781141, 0.1026306, 2.899555;0.712842, -0.3817288, 3.056306;0.8675595, -0.349898, 2.823429;0.7210362, -0.741663, 3.092186;0.9037895, -0.7075605, 2.766422;0.6635097, -0.8120143, 3.063336;0.8563778, -0.7960314, 2.709457;
0.7618606, 0.8181316, 3.069005;0.8057169, 0.6470262, 3.048063;0.7504362, 0.2497615, 2.97475;0.6716185, 0.5110433, 3.160506;0.8820158, 0.5037613, 2.920977;0.5981098, -0.02501906, 3.02416;0.8141633, 0.01555269, 2.754924;0.7394466, 0.1698606, 2.963724;0.6811007, 0.09958892, 3.000334;0.777717, 0.103069, 2.8995;0.7127028, -0.3818664, 3.056295;0.86769, -0.3499098, 2.823524;0.720921, -0.7415402, 3.092805;0.903848, -0.7076587, 2.766383;0.6670429, -0.8142089, 3.052547;0.8549235, -0.7967704, 2.708134;
0.761701, 0.8175482, 3.068731;0.8050165, 0.6455589, 3.048602;0.7497661, 0.248771, 2.975142;0.6713851, 0.5106578, 3.160299;0.8819021, 0.5033025, 2.920471;0.5941896, -0.05437351, 3.01536;0.8161966, 0.02815214, 2.754826;0.7387981, 0.1690516, 2.964089;0.6804882, 0.0977977, 3.000282;0.7771345, 0.1034577, 2.900172;0.7125877, -0.3826587, 3.056094;0.867669, -0.3498835, 2.823549;0.7201815, -0.7424782, 3.092583;0.9034315, -0.7081655, 2.766878;0.664587, -0.8156677, 3.065609;0.8543106, -0.7970405, 2.709878;
0.7603676, 0.8167245, 3.067669;0.8047808, 0.6460546, 3.048726;0.7495483, 0.2489535, 2.975233;0.6708019, 0.5103007, 3.159792;0.8818895, 0.503427, 2.920371;0.5932355, -0.0585424, 3.013635;0.8041008, -0.01764397, 2.741662;0.7385579, 0.1692313, 2.964189;0.6803892, 0.09776379, 3.000214;0.7765963, 0.105085, 2.900907;0.7125205, -0.3827697, 3.056016;0.8675117, -0.349793, 2.823402;0.7196046, -0.7419186, 3.091813;0.9041446, -0.7071479, 2.767751;0.6645929, -0.8147103, 3.0657;0.8552653, -0.7969512, 2.711479;
0.76017, 0.8164994, 3.068122;0.8045387, 0.645961, 3.04834;0.7491426, 0.2488559, 2.975119;0.670431, 0.5098992, 3.159585;0.881836, 0.5031843, 2.919921;0.5927674, -0.06091983, 3.011861;0.8045011, -0.0174525, 2.741102;0.7380837, 0.1691558, 2.964131;0.6796132, 0.0971518, 3.000239;0.7762815, 0.1053305, 2.900793;0.7125144, -0.382858, 3.056162;0.8677737, -0.350209, 2.823614;0.7193708, -0.7409323, 3.09152;0.9035732, -0.7078356, 2.76694;0.6647979, -0.8150368, 3.0588;0.8553929, -0.7970039, 2.711257;
0.7599838, 0.8159942, 3.068145;0.8045043, 0.6458688, 3.04831;0.7488648, 0.2486411, 2.974932;0.6700205, 0.5094718, 3.159267;0.8811642, 0.5030884, 2.919213;0.5900488, -0.0639765, 3.011955;0.8147125, 0.02141525, 2.75046;0.7377332, 0.1689412, 2.963899;0.6792493, 0.09659214, 2.999815;0.7759357, 0.1056359, 2.900558;0.7121149, -0.3826181, 3.055866;0.8678323, -0.3503208, 2.823552;0.7198746, -0.7404875, 3.092054;0.9034151, -0.7077326, 2.767011;0.6585747, -0.8159232, 3.064682;0.8545499, -0.7975574, 2.712065;
0.7600232, 0.8161212, 3.068483;0.8043354, 0.6458983, 3.048341;0.7484079, 0.2484603, 2.974913;0.6698875, 0.5093715, 3.157551;0.8802467, 0.502652, 2.918444;0.5903509, -0.06521477, 3.010843;0.8155634, 0.01903882, 2.751316;0.7372007, 0.1687231, 2.963867;0.6788779, 0.09612971, 2.999879;0.7752707, 0.1058254, 2.900337;0.7119518, -0.3824634, 3.055819;0.8655789, -0.3500176, 2.82524;0.7199354, -0.7404594, 3.092014;0.9033744, -0.7080314, 2.766816;0.6575544, -0.8153545, 3.065958;0.8531084, -0.7985748, 2.712897;
0.7595776, 0.81749, 3.068846;0.8040966, 0.6459156, 3.048348;0.7478542, 0.248624, 2.975128;0.6690847, 0.5099127, 3.158722;0.8800322, 0.5024729, 2.91821;0.5899432, -0.06660043, 3.009415;0.8153436, 0.02317543, 2.751431;0.7365552, 0.1689639, 2.964158;0.6783947, 0.09604018, 3.000139;0.7745098, 0.1062907, 2.900585;0.7118791, -0.3823644, 3.055668;0.8658578, -0.3503214, 2.824953;0.720412, -0.7402453, 3.092204;0.9030949, -0.7084067, 2.766632;0.6558002, -0.8154306, 3.066443;0.8543348, -0.7975767, 2.713012;
0.7590978, 0.8166984, 3.068987;0.8036557, 0.64576, 3.048596;0.7474119, 0.2487978, 2.975123;0.6682073, 0.5092556, 3.157637;0.8799742, 0.5026665, 2.9181;0.5883684, -0.06563061, 3.011809;0.814903, 0.02512555, 2.751823;0.7360772, 0.1692416, 2.964105;0.6779169, 0.09625278, 2.99977;0.7739744, 0.1071846, 2.900768;0.71175, -0.3822048, 3.055586;0.8657939, -0.3503363, 2.824715;0.7204482, -0.7403212, 3.092216;0.902952, -0.7085621, 2.766922;0.6571397, -0.8144518, 3.066256;0.8553646, -0.7970604, 2.714503;
0.7586064, 0.8165362, 3.068448;0.8033034, 0.6459692, 3.048447;0.7472633, 0.2488356, 2.975021;0.6679721, 0.5089937, 3.157238;0.8793776, 0.5025151, 2.917249;0.5882716, -0.06553084, 3.010202;0.8146386, 0.02721211, 2.752144;0.7359632, 0.1692669, 2.964012;0.6778834, 0.09629133, 2.999488;0.7738057, 0.1076308, 2.90087;0.7116604, -0.3823999, 3.055633;0.8657897, -0.3503972, 2.824192;0.7188907, -0.7412062, 3.091317;0.9029503, -0.708409, 2.767071;0.6582376, -0.816259, 3.068394;0.8542893, -0.7980809, 2.71652;
0.7581148, 0.818242, 3.069229;0.8031409, 0.6461284, 3.048257;0.746905, 0.2488406, 2.974882;0.6669173, 0.5083221, 3.158955;0.8789271, 0.5025747, 2.917343;0.5886702, -0.06811937, 3.008866;0.8143305, 0.028689, 2.752203;0.7355581, 0.1692478, 2.963883;0.6775054, 0.09614888, 2.999247;0.7734122, 0.1079433, 2.900883;0.7115328, -0.3827471, 3.055467;0.86653, -0.3504274, 2.82436;0.7186067, -0.7432423, 3.090329;0.9026609, -0.7082046, 2.767097;0.6588826, -0.8168496, 3.06765;0.8549408, -0.7975128, 2.716523;
0.758116, 0.8182654, 3.069782;0.8027214, 0.6459215, 3.048144;0.7467476, 0.2487741, 2.974866;0.6667315, 0.5082898, 3.158886;0.8786443, 0.5029509, 2.917362;0.5896131, -0.07111894, 3.00525;0.8030891, -0.002416618, 2.743019;0.7354492, 0.1692093, 2.963885;0.6774592, 0.09599862, 2.999172;0.7733157, 0.1080262, 2.900934;0.7111734, -0.3831041, 3.055203;0.8665384, -0.3504982, 2.824287;0.7181836, -0.7459942, 3.088956;0.9022913, -0.7092644, 2.767669;0.6609205, -0.8197169, 3.064399;0.8536445, -0.7987056, 2.714001;
0.7582706, 0.8185862, 3.070143;0.8024048, 0.6459326, 3.048106;0.7466787, 0.2487905, 2.97478;0.6663665, 0.5075611, 3.158279;0.8786153, 0.5028864, 2.917211;0.5940515, -0.03407963, 3.015574;0.8024337, -0.002032228, 2.742797;0.7354086, 0.1692318, 2.963794;0.6774375, 0.09627546, 2.998556;0.7733788, 0.1083083, 2.901083;0.7110717, -0.3826405, 3.054935;0.8665413, -0.3505607, 2.824124;0.7170075, -0.7431417, 3.087157;0.9019576, -0.7095665, 2.76724;0.6572641, -0.8187258, 3.066031;0.8550371, -0.7979358, 2.714886;
0.7581844, 0.8185344, 3.070543;0.8022062, 0.6456984, 3.048136;0.7464157, 0.2486781, 2.974811;0.6660597, 0.5077103, 3.157883;0.8785261, 0.502871, 2.917264;0.587124, -0.06635864, 3.005149;0.8014925, -0.002039328, 2.741327;0.735147, 0.1691538, 2.963828;0.6771699, 0.09603921, 2.998605;0.773161, 0.1082729, 2.901083;0.7110656, -0.383137, 3.054889;0.8665255, -0.350543, 2.824082;0.7169639, -0.7432125, 3.087039;0.9019006, -0.7094767, 2.767327;0.6660086, -0.8235183, 3.063322;0.8547292, -0.7980781, 2.715079;
0.7581836, 0.8185338, 3.070541;0.8020189, 0.6456916, 3.048055;0.7461612, 0.2487018, 2.97478;0.6660339, 0.50786, 3.157028;0.8783017, 0.502625, 2.917085;0.5878702, -0.06395912, 3.005095;0.8006272, -0.0008292422, 2.74076;0.7348902, 0.1691927, 2.963809;0.6770139, 0.09623435, 2.998398;0.7727509, 0.1085706, 2.901429;0.7107344, -0.3830269, 3.05465;0.8665483, -0.3507715, 2.823778;0.7193592, -0.7407983, 3.087244;0.9017019, -0.7098796, 2.767381;0.6836571, -0.8167685, 3.030455;0.8546721, -0.7982663, 2.714528;
0.7559925, 0.8207924, 3.069897;0.8010029, 0.6468536, 3.047926;0.7452333, 0.2488717, 2.974821;0.6659566, 0.5080485, 3.156458;0.8781879, 0.5029036, 2.917019;0.589682, -0.05520827, 3.007946;0.8103098, 0.02290731, 2.751627;0.7339483, 0.1692303, 2.96388;0.6759241, 0.09597945, 2.998886;0.7720215, 0.1085533, 2.901196;0.7105704, -0.3829692, 3.054472;0.8665217, -0.3513213, 2.823422;0.7193658, -0.7407956, 3.08725;0.9017182, -0.7099421, 2.767353;0.6469412, -0.8148364, 3.066858;0.8548957, -0.7983334, 2.712481;
0.7544862, 0.8207458, 3.067707;0.8005436, 0.6465483, 3.046826;0.7448812, 0.2485333, 2.974404;0.6656387, 0.5076996, 3.156024;0.8780186, 0.5025578, 2.916479;0.589697, -0.05592874, 3.007502;0.8116221, 0.0274619, 2.750585;0.7336289, 0.1688965, 2.963561;0.6755622, 0.09564123, 2.998529;0.7719603, 0.1084896, 2.901122;0.7101095, -0.3824432, 3.053877;0.8666053, -0.3511541, 2.823293;0.7193074, -0.7404893, 3.087468;0.9019136, -0.7104018, 2.767278;0.6517503, -0.8124918, 3.066118;0.854471, -0.7986353, 2.713406;
0.7543977, 0.8215954, 3.069749;0.8003927, 0.646578, 3.046169;0.7445945, 0.2484219, 2.97392;0.6653832, 0.5071408, 3.155452;0.8778929, 0.5022243, 2.916238;0.5907736, -0.03614893, 3.015191;0.8002134, 0.0002617724, 2.741282;0.7333308, 0.1687634, 2.963115;0.6752287, 0.09544165, 2.998139;0.7717913, 0.1084605, 2.900723;0.7101142, -0.3826588, 3.053956;0.8663654, -0.3513287, 2.823176;0.7188665, -0.7410625, 3.087514;0.9019477, -0.7103863, 2.767163;0.6533331, -0.8144966, 3.066639;0.8547654, -0.7982531, 2.712443;
0.7541689, 0.8213353, 3.069313;0.800374, 0.646531, 3.046216;0.7444875, 0.2483435, 2.973879;0.6653513, 0.5070938, 3.155059;0.8778495, 0.502275, 2.916117;0.5911852, -0.03676317, 3.014938;0.8129434, 0.01106958, 2.752539;0.7332002, 0.1686745, 2.96305;0.6751041, 0.09539998, 2.998062;0.7717217, 0.1084198, 2.900663;0.7102385, -0.3822752, 3.054054;0.8663466, -0.3514355, 2.823137;0.7189239, -0.7410487, 3.08762;0.9018479, -0.7106959, 2.767126;0.6551506, -0.8134914, 3.066713;0.8538475, -0.7986542, 2.711117;
0.7547208, 0.8205183, 3.069332;0.8004807, 0.6464744, 3.046455;0.7443584, 0.2483439, 2.973839;0.6653324, 0.5070809, 3.155037;0.8776962, 0.5022712, 2.915944;0.5916825, -0.03326453, 3.015949;0.8125805, 0.01097254, 2.752166;0.7329789, 0.1686881, 2.962945;0.674885, 0.09532749, 2.997974;0.7713314, 0.1085137, 2.900326;0.7102282, -0.3822808, 3.054034;0.86612, -0.3511114, 2.822882;0.7199973, -0.7415299, 3.089415;0.9016578, -0.7108182, 2.767683;0.6609417, -0.8160562, 3.06616;0.8533256, -0.7986118, 2.710592;
0.7542356, 0.8202626, 3.067451;0.8004135, 0.6465852, 3.046403;0.7442145, 0.2484265, 2.973763;0.6652586, 0.5070804, 3.154997;0.8776112, 0.5018881, 2.915603;0.585713, -0.06424205, 3.005362;0.7985064, -0.02160982, 2.741435;0.7328306, 0.1687638, 2.962869;0.6747221, 0.0953522, 2.997928;0.771238, 0.1085664, 2.900217;0.7100945, -0.3816846, 3.053845;0.8659462, -0.3509547, 2.822768;0.7189617, -0.7406574, 3.087686;0.901935, -0.7081095, 2.76692;0.6604275, -0.8124624, 3.064006;0.8544137, -0.7975323, 2.711376;
0.7539345, 0.8204996, 3.067743;0.7993174, 0.6465561, 3.045953;0.7436749, 0.2483558, 2.97361;0.6650551, 0.5067595, 3.154652;0.877395, 0.5015527, 2.915478;0.586432, -0.06625414, 3.004914;0.8111573, 0.02025324, 2.752267;0.7324049, 0.1686951, 2.962765;0.6743029, 0.09508497, 2.998023;0.7708722, 0.1084327, 2.899912;0.7103906, -0.3817828, 3.054212;0.8660035, -0.3509112, 2.822777;0.7188215, -0.7403907, 3.088033;0.9018175, -0.708153, 2.76692;0.6603924, -0.8121545, 3.063857;0.8540015, -0.797635, 2.7121;
0.7539814, 0.820424, 3.067657;0.7989193, 0.646798, 3.046136;0.7435288, 0.2486014, 2.973715;0.6648685, 0.506839, 3.154737;0.8772764, 0.5015746, 2.915386;0.5862139, -0.06568789, 3.005317;0.809552, 0.02710744, 2.75324;0.7323055, 0.1689469, 2.962865;0.6742683, 0.09519175, 2.998152;0.7708355, 0.1085448, 2.899898;0.71043, -0.3816287, 3.05426;0.8658445, -0.3512466, 2.822489;0.7196997, -0.739209, 3.088928;0.9020979, -0.7072929, 2.767832;0.6675967, -0.8102131, 3.055533;0.8547626, -0.7969801, 2.711107;
0.7534662, 0.8218309, 3.066196;0.7988583, 0.6469838, 3.046051;0.7434304, 0.2486204, 2.973653;0.664825, 0.5068286, 3.154692;0.877203, 0.5015655, 2.915309;0.5864032, -0.06492347, 3.005313;0.8119316, 0.03040323, 2.754089;0.7322034, 0.168943, 2.962806;0.6741531, 0.09553628, 2.997644;0.770664, 0.1087476, 2.900231;0.71026, -0.3821595, 3.054258;0.8657703, -0.3511924, 2.822371;0.7197878, -0.7415945, 3.089924;0.9016388, -0.7074679, 2.76771;0.6634856, -0.8144335, 3.062644;0.8553985, -0.7965089, 2.707955;
0.753395, 0.8215281, 3.065636;0.7987498, 0.6470869, 3.046052;0.7431726, 0.2487404, 2.973747;0.6645387, 0.5070473, 3.154765;0.8767721, 0.5015591, 2.914919;0.5860203, -0.06423575, 3.00573;0.8111863, 0.02569669, 2.753405;0.7319227, 0.1690639, 2.962929;0.6739342, 0.09559615, 2.997838;0.7703723, 0.1087993, 2.9003;0.7100058, -0.382269, 3.053844;0.8660291, -0.3515292, 2.822193;0.7206526, -0.7394389, 3.090694;0.9013424, -0.7079121, 2.767901;0.6643625, -0.8142038, 3.061656;0.8555105, -0.7965196, 2.707907;
0.752789, 0.821824, 3.064668;0.7984477, 0.6468185, 3.045712;0.743135, 0.2486877, 2.973684;0.6638638, 0.5065562, 3.153008;0.8765269, 0.5015053, 2.914727;0.5892324, -0.03574079, 3.015044;0.811191, 0.02899759, 2.753588;0.7319126, 0.1690357, 2.962897;0.6739395, 0.09547702, 2.997865;0.7703968, 0.1087294, 2.90018;0.7100331, -0.3821865, 3.0538;0.8660264, -0.3515368, 2.822136;0.7196847, -0.7386051, 3.089763;0.901281, -0.7081966, 2.767902;0.661316, -0.8121608, 3.064772;0.8559046, -0.7965472, 2.708003;
0.7529026, 0.8221628, 3.063788;0.7981084, 0.6470279, 3.045574;0.742998, 0.2489268, 2.973561;0.6632011, 0.5063086, 3.151287;0.8764547, 0.5014862, 2.914631;0.5895733, -0.03330825, 3.015911;0.8115987, 0.03023151, 2.753655;0.7318202, 0.1692837, 2.962782;0.673955, 0.09586114, 2.997463;0.7703177, 0.1091459, 2.900301;0.7099657, -0.3821614, 3.053804;0.8660645, -0.3515801, 2.82196;0.7195619, -0.73857, 3.0897;0.901042, -0.7085329, 2.767832;0.6589956, -0.8137475, 3.067003;0.8560472, -0.7965502, 2.70761;
0.752679, 0.8220391, 3.063567;0.7980702, 0.647238, 3.045611;0.7428302, 0.2491938, 2.973511;0.6630036, 0.5069675, 3.151321;0.876254, 0.5014292, 2.914402;0.5863057, -0.03995755, 3.013526;0.8121715, 0.03145294, 2.753841;0.7316336, 0.1695657, 2.962715;0.6737792, 0.09637179, 2.997205;0.770098, 0.1095465, 2.900422;0.709518, -0.381813, 3.0536;0.8654483, -0.3510891, 2.821445;0.7200304, -0.7386451, 3.090046;0.900813, -0.7087764, 2.767979;0.6620595, -0.8167101, 3.051549;0.8544701, -0.797175, 2.706532;
0.7522696, 0.8214824, 3.062485;0.7978649, 0.6472197, 3.045332;0.7425166, 0.2492687, 2.973417;0.6629751, 0.5069093, 3.151261;0.8758237, 0.5011234, 2.913784;0.5871217, -0.03792213, 3.014384;0.812103, 0.03136649, 2.753919;0.7313032, 0.1696628, 2.962663;0.6733953, 0.09631721, 2.997452;0.7696909, 0.1095204, 2.900098;0.7093916, -0.3813417, 3.053283;0.8653129, -0.3511212, 2.82135;0.7199831, -0.7386927, 3.09013;0.9016609, -0.7078301, 2.768189;0.6556399, -0.8182663, 3.060771;0.8554153, -0.7959603, 2.709097;
0.7521521, 0.8216041, 3.061733;0.7976122, 0.6471955, 3.044735;0.7422685, 0.2492402, 2.973253;0.6625497, 0.5065849, 3.150434;0.8754219, 0.5012036, 2.913581;0.5863547, -0.03884296, 3.013673;0.8104895, 0.03052774, 2.753686;0.731068, 0.1696352, 2.962558;0.673167, 0.09619899, 2.997489;0.7694743, 0.1094899, 2.899942;0.7093801, -0.381412, 3.053321;0.8651903, -0.3509576, 2.821254;0.7201583, -0.7396455, 3.091095;0.9016839, -0.7081161, 2.767938;0.6585445, -0.8174781, 3.061279;0.8546327, -0.7967068, 2.711272;
0.7515032, 0.8198816, 3.061181;0.7976666, 0.6473653, 3.045006;0.7421853, 0.2492869, 2.973224;0.6624564, 0.5068683, 3.150291;0.8753026, 0.5004656, 2.912414;0.5860757, -0.03716783, 3.014544;0.8065611, 0.0299204, 2.753973;0.730947, 0.1696815, 2.962488;0.6729424, 0.09651614, 2.997042;0.769349, 0.1096358, 2.900054;0.7091315, -0.3809298, 3.053101;0.8652639, -0.3509568, 2.821171;0.7204033, -0.7392415, 3.091594;0.9019097, -0.7076589, 2.7681;0.6601635, -0.8135493, 3.062994;0.8549672, -0.7963048, 2.711486;
0.7510921, 0.8200482, 3.06075;0.7974079, 0.6472378, 3.043573;0.7421771, 0.2493051, 2.973007;0.662477, 0.5073965, 3.150328;0.8751107, 0.50008, 2.912054;0.5860469, -0.03294865, 3.014854;0.790004, -0.015534, 2.74066;0.7309616, 0.1697035, 2.962395;0.673209, 0.0965922, 2.996673;0.769326, 0.1097676, 2.900191;0.7089351, -0.3818009, 3.052954;0.8652686, -0.350954, 2.821188;0.7197019, -0.741776, 3.090514;0.9014496, -0.7084031, 2.767468;0.6591744, -0.8164881, 3.066123;0.8545604, -0.7966514, 2.7118;
0.7504162, 0.8195277, 3.060789;0.7972109, 0.6474286, 3.043322;0.7418245, 0.2494894, 2.972818;0.6623359, 0.5077969, 3.15046;0.874944, 0.5000371, 2.911922;0.5861756, -0.03289486, 3.014866;0.7900686, -0.0154863, 2.739691;0.7306015, 0.1698824, 2.962241;0.6728544, 0.09658239, 2.996796;0.7689096, 0.1097918, 2.899751;0.7088198, -0.381645, 3.052887;0.8652589, -0.350959, 2.821172;0.7197394, -0.7416209, 3.090507;0.9011397, -0.7085446, 2.767056;0.6594335, -0.8161028, 3.067098;0.8540552, -0.7967377, 2.711816;
0.7501704, 0.8205464, 3.061321;0.7972372, 0.6476114, 3.043543;0.7417335, 0.2494694, 2.972765;0.6620109, 0.5082188, 3.149951;0.8735032, 0.4992482, 2.910857;0.5864869, -0.03050818, 3.017548;0.7885117, -0.01488107, 2.738124;0.7304616, 0.1698218, 2.962129;0.6727692, 0.09642965, 2.996796;0.7685813, 0.1096619, 2.899316;0.7086419, -0.3812634, 3.052776;0.8651981, -0.3510016, 2.821079;0.7201519, -0.7413648, 3.090606;0.9006281, -0.7099961, 2.766452;0.6652035, -0.8159297, 3.047393;0.853277, -0.7980062, 2.710846;
0.7484814, 0.8203137, 3.060004;0.79711, 0.647479, 3.042952;0.7414925, 0.2496952, 2.972612;0.6617868, 0.508437, 3.149717;0.8733175, 0.4990548, 2.910763;0.5861579, -0.02995316, 3.015908;0.7887139, -0.01561186, 2.738288;0.7301843, 0.1701401, 2.962044;0.6726019, 0.09659827, 2.996806;0.7682583, 0.1099074, 2.899303;0.7080042, -0.3803399, 3.051904;0.8651541, -0.3515277, 2.820864;0.7201397, -0.7413396, 3.090611;0.9003791, -0.7103007, 2.766178;0.6611255, -0.8153106, 3.052182;0.8544378, -0.7975545, 2.712183;
0.7476181, 0.8200957, 3.060037;0.7970722, 0.6475775, 3.042951;0.7410976, 0.2499135, 2.972536;0.6610622, 0.5083349, 3.150973;0.8726239, 0.4989355, 2.910663;0.5859191, -0.02989166, 3.016154;0.7894658, -0.01644301, 2.739835;0.7297048, 0.1703804, 2.961965;0.6721752, 0.09674221, 2.996886;0.7676383, 0.1100445, 2.899085;0.7077439, -0.3800702, 3.051286;0.8650042, -0.351716, 2.820566;0.7206823, -0.7405822, 3.090353;0.9001241, -0.7104901, 2.766315;0.6687079, -0.8175662, 3.044488;0.8541069, -0.7979729, 2.7114;
0.7461324, 0.818675, 3.058488;0.7969158, 0.6476114, 3.042898;0.7409921, 0.2499319, 2.97239;0.6608756, 0.5084331, 3.150691;0.8723351, 0.4990021, 2.910291;0.583773, -0.04624266, 3.011412;0.7894287, -0.0171093, 2.739854;0.7296252, 0.170395, 2.961817;0.6721427, 0.09697932, 2.996345;0.7675902, 0.1101949, 2.899159;0.7077791, -0.3805346, 3.051464;0.8644112, -0.3506345, 2.820249;0.7199283, -0.741708, 3.089933;0.9014394, -0.7087607, 2.76683;0.6679873, -0.814931, 3.056021;0.8551272, -0.7966828, 2.712029;
0.7457427, 0.8182888, 3.058203;0.7968158, 0.6474756, 3.042363;0.7409964, 0.2499211, 2.972348;0.6604377, 0.5084308, 3.150179;0.8722842, 0.4989976, 2.910027;0.5833459, -0.04821939, 3.010495;0.7886005, -0.0155649, 2.740182;0.7296336, 0.1703922, 2.961808;0.6721293, 0.09681641, 2.996517;0.7677078, 0.1100589, 2.899033;0.70759, -0.3802857, 3.051164;0.8643714, -0.3506513, 2.820234;0.719834, -0.740914, 3.090046;0.9014795, -0.7092745, 2.766028;0.6680803, -0.8147359, 3.054579;0.854685, -0.7968332, 2.712463;
0.7428749, 0.8166054, 3.055235;0.7967881, 0.6474699, 3.042036;0.7405278, 0.2496253, 2.971826;0.6598509, 0.508262, 3.150004;0.8714465, 0.4986281, 2.909132;0.5830255, -0.04879249, 3.009693;0.8026719, 0.019641, 2.750947;0.7290729, 0.1700202, 2.96128;0.6714956, 0.09632166, 2.99616;0.767139, 0.1097025, 2.898485;0.7075451, -0.3802461, 3.051174;0.8638576, -0.3505136, 2.819835;0.7200488, -0.7405715, 3.090221;0.9012915, -0.7094057, 2.766451;0.6620487, -0.8146914, 3.063854;0.8543999, -0.7969022, 2.712885;
0.7416844, 0.815467, 3.054179;0.7959541, 0.6473442, 3.040383;0.7402974, 0.2497445, 2.971479;0.6596634, 0.5082339, 3.150165;0.8698393, 0.4985799, 2.908587;0.585969, -0.02608982, 3.0167;0.802487, 0.02080017, 2.751054;0.7289353, 0.1701434, 2.961094;0.6715001, 0.09633352, 2.996149;0.7668781, 0.1099043, 2.898307;0.7071258, -0.3809298, 3.051126;0.8637893, -0.3509618, 2.819752;0.7190183, -0.7423114, 3.089863;0.9009145, -0.7097829, 2.766185;0.6606812, -0.8157493, 3.064662;0.8542777, -0.7971134, 2.713495;
0.7408763, 0.8158595, 3.053985;0.7951819, 0.6474134, 3.03969;0.7402117, 0.2498026, 2.971428;0.6582371, 0.5082752, 3.15208;0.8695692, 0.4987282, 2.908453;0.5857314, -0.02606348, 3.016923;0.8025718, 0.02179399, 2.751137;0.7289072, 0.1701914, 2.961094;0.6715135, 0.09644709, 2.996077;0.7669015, 0.1101846, 2.89874;0.7071729, -0.3809419, 3.051187;0.863786, -0.3509219, 2.819577;0.719202, -0.7414245, 3.08996;0.9006905, -0.7097492, 2.766114;0.6567297, -0.8163158, 3.066029;0.8546752, -0.7969028, 2.713567;
0.7392202, 0.8149577, 3.052256;0.7929253, 0.6467016, 3.037558;0.739763, 0.2497707, 2.971247;0.6574862, 0.5082775, 3.151923;0.8692114, 0.4986928, 2.908009;0.5855991, -0.02629466, 3.016951;0.8039976, 0.02433572, 2.751905;0.728676, 0.1702092, 2.961079;0.6713223, 0.09656686, 2.996039;0.7667766, 0.1102129, 2.89906;0.7071629, -0.3810921, 3.051221;0.8637804, -0.3509332, 2.819547;0.71824, -0.7427484, 3.089038;0.9009835, -0.7093689, 2.766392;0.6567863, -0.8166907, 3.066208;0.8550312, -0.7967432, 2.713965;
0.7351245, 0.8143991, 3.050043;0.7883953, 0.6437267, 3.034584;0.7389415, 0.2497308, 2.971277;0.6553097, 0.5090184, 3.153073;0.8688135, 0.4986374, 2.907713;0.5853596, -0.0262496, 3.017121;0.8033499, 0.02592924, 2.750811;0.728155, 0.1703769, 2.961366;0.6708428, 0.09691554, 2.996282;0.766501, 0.1102489, 2.900128;0.7071079, -0.381049, 3.051147;0.863811, -0.3511618, 2.819064;0.7183871, -0.7427812, 3.089568;0.900887, -0.7093564, 2.766437;0.6574047, -0.8150964, 3.066103;0.855858, -0.7964015, 2.714525;
0.7267311, 0.8160012, 3.044168;0.7811133, 0.6403109, 3.031652;0.7379659, 0.2499116, 2.971417;0.6492551, 0.5077244, 3.153982;0.8675001, 0.4985724, 2.907192;0.5849447, -0.02582191, 3.017801;0.7987978, 0.01296669, 2.742826;0.7276512, 0.1708685, 2.961832;0.6704118, 0.09703393, 2.996912;0.7665954, 0.1104842, 2.900744;0.707104, -0.3815766, 3.051221;0.863096, -0.3496915, 2.819267;0.7181116, -0.743745, 3.089361;0.9004219, -0.7091508, 2.766142;0.6589489, -0.8148286, 3.066479;0.8552819, -0.7969542, 2.714904;
0.7116337, 0.8133563, 3.040076;0.7801204, 0.6397587, 3.030632;0.7373123, 0.2496284, 2.971592;0.6434652, 0.5060046, 3.151565;0.8628134, 0.4977891, 2.905156;0.582491, -0.02704771, 3.018703;0.7973755, 0.009876722, 2.741188;0.7272294, 0.1707295, 2.962314;0.6693379, 0.09594505, 2.999453;0.7665778, 0.1097605, 2.900905;0.7068886, -0.3813707, 3.051104;0.8626871, -0.349252, 2.81936;0.7186925, -0.7436773, 3.089935;0.9002528, -0.7092221, 2.765893;0.6552587, -0.8155647, 3.067554;0.8551627, -0.7971435, 2.713051;
0.6980882, 0.8072172, 3.034121;0.7739894, 0.6389751, 3.026425;0.7369127, 0.2497412, 2.971774;0.6372535, 0.5027642, 3.151057;0.8605504, 0.4974926, 2.903792;0.5794763, -0.02998022, 3.01782;0.7703652, -0.02133513, 2.729934;0.7271972, 0.1710845, 2.963077;0.669553, 0.0959452, 3.00096;0.7675672, 0.1095134, 2.902185;0.7068798, -0.3814103, 3.051202;0.8627354, -0.3482865, 2.819911;0.7195855, -0.742619, 3.090291;0.9001374, -0.7093248, 2.765722;0.6540256, -0.8156434, 3.067937;0.8555036, -0.7968664, 2.713309;
0.6872682, 0.8017819, 3.027683;0.7630812, 0.635608, 3.020488;0.7364483, 0.2495733, 2.971965;0.6304478, 0.4994622, 3.15126;0.8524774, 0.4958041, 2.901672;0.5762872, -0.03222901, 3.01831;0.7666827, -0.02094212, 2.729498;0.7273632, 0.1711118, 2.963878;0.6711124, 0.09483401, 3.003517;0.7687388, 0.1091045, 2.903437;0.707136, -0.3822718, 3.051554;0.8627087, -0.3478649, 2.820212;0.7196725, -0.7435623, 3.090033;0.8999152, -0.7094281, 2.765756;0.6563833, -0.8172065, 3.071248;0.8557747, -0.7968213, 2.710555;
0.6738026, 0.7927864, 3.020563;0.7562423, 0.6296356, 3.015882;0.7363919, 0.2492552, 2.972134;0.6200431, 0.4908247, 3.147452;0.8489493, 0.494129, 2.898631;0.5728694, -0.0341317, 3.016766;0.7625101, -0.02336142, 2.729396;0.7285107, 0.1710468, 2.965189;0.6735596, 0.09281928, 3.00711;0.7733196, 0.1079256, 2.905237;0.7073594, -0.3817383, 3.051961;0.8633568, -0.3477892, 2.821035;0.7214516, -0.7420173, 3.091068;0.8999994, -0.7086284, 2.766233;0.6547658, -0.8172912, 3.071298;0.855973, -0.796386, 2.710598;
0.6447399, 0.7821112, 3.009526;0.7405962, 0.6193079, 3.001535;0.7361754, 0.2489016, 2.972354;0.6121867, 0.4851037, 3.143533;0.841123, 0.4915468, 2.893049;0.5664809, -0.03634282, 3.01393;0.7524603, -0.03168818, 2.724378;0.729865, 0.1712712, 2.967312;0.6774116, 0.09077178, 3.013653;0.7772614, 0.1073348, 2.907891;0.7084095, -0.3806634, 3.053643;0.864697, -0.3464851, 2.823184;0.7215148, -0.7416244, 3.090885;0.9002723, -0.7078585, 2.766167;0.6542507, -0.8175446, 3.071445;0.8620099, -0.792636, 2.715966;
0.6289132, 0.7702516, 2.998679;0.7278399, 0.6122581, 2.997909;0.7353808, 0.2470891, 2.973524;0.6051865, 0.481803, 3.139286;0.8322973, 0.488325, 2.889662;0.5564667, -0.04466167, 3.00133;0.7459908, -0.03886402, 2.718646;0.7313592, 0.1702435, 2.970149;0.6817099, 0.08743528, 3.019284;0.7811245, 0.1058322, 2.911136;0.708737, -0.3803878, 3.054199;0.866791, -0.3488716, 2.824739;0.7231138, -0.7407182, 3.090311;0.9008769, -0.7079872, 2.766523;0.6536202, -0.8173925, 3.071222;0.8616191, -0.7928509, 2.716084;
0.6142464, 0.7497269, 2.984915;0.7173467, 0.6047376, 2.995427;0.7351868, 0.2442474, 2.97523;0.5926392, 0.4715669, 3.128125;0.8238825, 0.4864175, 2.883347;0.5537587, -0.05292121, 3.002119;0.7398299, -0.04353248, 2.717051;0.7341092, 0.1682332, 2.973649;0.687269, 0.08301547, 3.024545;0.7872364, 0.1036729, 2.915288;0.712121, -0.3857737, 3.05792;0.8711906, -0.3510235, 2.828712;0.7224625, -0.7414809, 3.090536;0.9014961, -0.7083964, 2.766853;0.6576231, -0.8141701, 3.07156;0.8612922, -0.7933186, 2.716377;
0.5854336, 0.7274879, 2.959664;0.6992757, 0.59101, 2.984937;0.7361989, 0.2315593, 2.978853;0.5826225, 0.4559072, 3.116605;0.8102122, 0.4754506, 2.875466;0.54896, -0.06617195, 3.003305;0.733542, -0.04655503, 2.709384;0.7408985, 0.1560394, 2.980727;0.6988517, 0.06844895, 3.034824;0.7983588, 0.09226225, 2.923648;0.7143043, -0.3866177, 3.060138;0.8748596, -0.3540469, 2.83211;0.7218523, -0.7422004, 3.090071;0.9014907, -0.7083629, 2.766808;0.6573793, -0.8149553, 3.070846;0.8610165, -0.7942037, 2.714554;
0.5772214, 0.7189856, 2.943724;0.6873975, 0.5841289, 2.980932;0.7374944, 0.2231563, 2.982903;0.5757332, 0.4476603, 3.107853;0.7924222, 0.466338, 2.866324;0.545992, -0.07659666, 3.000472;0.7300505, -0.06486097, 2.705933;0.7460748, 0.1478302, 2.987143;0.7076694, 0.06132171, 3.043424;0.8049335, 0.08617076, 2.930264;0.7169549, -0.3895715, 3.062746;0.8781593, -0.3568378, 2.834406;0.7215596, -0.7424037, 3.090265;0.9016606, -0.7082691, 2.766841;0.6709187, -0.8170444, 3.040661;0.8578533, -0.7954103, 2.711393;
0.5439889, 0.6728277, 2.923275;0.6626219, 0.5489767, 2.966474;0.7435542, 0.2037683, 2.983322;0.5635675, 0.4103141, 3.08805;0.7780195, 0.4545889, 2.859767;0.5447935, -0.08894777, 2.998409;0.715482, -0.0766977, 2.697725;0.7575787, 0.1312714, 2.989464;0.7247524, 0.04692347, 3.045097;0.8185732, 0.0757582, 2.93542;0.7202324, -0.391042, 3.066388;0.8830101, -0.3589645, 2.836773;0.7226077, -0.7388292, 3.091877;0.9018156, -0.708551, 2.766384;0.6643204, -0.8139707, 3.052082;0.8579026, -0.7958595, 2.711046;
0.5339518, 0.6526073, 2.910371;0.6484502, 0.5325662, 2.959374;0.7430399, 0.1930496, 2.986445;0.5532832, 0.397846, 3.084766;0.7646251, 0.4387657, 2.850907;0.5348575, -0.1605635, 2.994412;0.715139, -0.07949284, 2.697749;0.7598531, 0.1227957, 2.99436;0.7280409, 0.04069159, 3.051031;0.8258352, 0.06672635, 2.94406;0.7246013, -0.3980276, 3.07189;0.8901886, -0.3648626, 2.840731;0.7229105, -0.7384371, 3.092225;0.9018298, -0.7092763, 2.765759;0.6733515, -0.8175792, 3.036175;0.8557632, -0.7972368, 2.708677;
0.5011442, 0.6163555, 2.887322;0.6289869, 0.5050372, 2.944757;0.7437537, 0.17796, 2.987929;0.5398229, 0.3748959, 3.073268;0.7502171, 0.4261778, 2.843991;0.5385225, -0.1351337, 2.995888;0.7070451, -0.1068932, 2.690154;0.7642279, 0.1099551, 2.998513;0.734767, 0.03217142, 3.053687;0.8317324, 0.05919045, 2.952929;0.7268208, -0.3979285, 3.074965;0.8934717, -0.3711765, 2.843248;0.7230279, -0.7381564, 3.092398;0.901931, -0.7091227, 2.765936;0.6714545, -0.8054427, 3.058967;0.8559616, -0.7969757, 2.708064;
0.4839322, 0.5887209, 2.867454;0.6098644, 0.460935, 2.927122;0.7528771, 0.1492031, 2.987382;0.5292352, 0.3593273, 3.066205;0.7455056, 0.4079474, 2.835431;0.5334613, -0.1506935, 3.001472;0.7093928, -0.1062484, 2.689991;0.7801657, 0.08415977, 3.001932;0.758487, 0.00693915, 3.055416;0.8528501, 0.04107395, 2.965019;0.7303423, -0.400903, 3.080221;0.897182, -0.3761317, 2.845828;0.7208068, -0.7423395, 3.091495;0.9019142, -0.7089927, 2.766108;0.6667238, -0.808445, 3.060495;0.8562253, -0.7963617, 2.708275;
0.4715083, 0.5356668, 2.849099;0.601049, 0.4328489, 2.916453;0.750159, 0.1429684, 2.984517;0.5208216, 0.3264207, 3.055526;0.7278944, 0.3695664, 2.825043;0.5250381, -0.1907176, 2.984321;0.6839412, -0.1911726, 2.672028;0.7789782, 0.08183575, 3.000674;0.7601628, 0.003878632, 3.056439;0.8514828, 0.03775362, 2.963145;0.7344319, -0.4022941, 3.083771;0.9078391, -0.3977343, 2.848227;0.7203807, -0.7412749, 3.091556;0.9012784, -0.7101274, 2.766067;0.6653578, -0.8086343, 3.062192;0.855508, -0.7969404, 2.708985;
0.4467387, 0.4871351, 2.833943;0.5875912, 0.3825093, 2.902685;0.7481385, 0.09982136, 2.986943;0.5123076, 0.3167049, 3.047068;0.7252203, 0.3480468, 2.815898;0.5256954, -0.2159019, 2.999757;0.6862258, -0.2056894, 2.672349;0.7799146, 0.04531315, 3.006666;0.7652879, -0.01702242, 3.056067;0.8502424, 0.009594939, 2.982404;0.7387424, -0.4185517, 3.091871;0.9089762, -0.3986296, 2.84877;0.719864, -0.7404866, 3.092052;0.900943, -0.7098355, 2.766072;0.6650671, -0.8066046, 3.064205;0.8559384, -0.7964847, 2.709595;
0.4408258, 0.4484552, 2.823214;0.5821163, 0.3431144, 2.893979;0.7634451, 0.03418534, 2.998364;0.5165796, 0.2511035, 3.021314;0.7169037, 0.3190014, 2.80623;0.5216821, -0.2422079, 2.993723;0.6847515, -0.2156598, 2.669217;0.7998295, -0.02674703, 3.023057;0.7808781, -0.08287728, 3.054248;0.8686973, -0.05421123, 3.0182;0.7355529, -0.4795479, 3.105285;0.9161347, -0.4218318, 2.841041;0.7196591, -0.7402661, 3.092313;0.90087, -0.7103433, 2.765876;0.6604284, -0.8081649, 3.064941;0.8552253, -0.797102, 2.710582;
0.4314901, 0.4180655, 2.801983;0.5754809, 0.3204143, 2.873361;0.7682047, 0.02659477, 2.997387;0.5152603, 0.1831884, 3.030999;0.7070729, 0.2970539, 2.797897;0.5259461, -0.3055183, 3.003679;0.6858384, -0.243107, 2.677252;0.8065872, -0.03420953, 3.02408;0.7888377, -0.09354731, 3.056033;0.8775762, -0.05879296, 3.021452;0.7397079, -0.4878333, 3.113287;0.9179431, -0.4246966, 2.840623;0.7143331, -0.7930176, 3.103687;0.9006721, -0.7109015, 2.765526;0.6426263, -0.8110507, 3.051979;0.8543056, -0.7975668, 2.710936;
0.4234754, 0.3091965, 2.782419;0.5764927, 0.2492588, 2.833261;0.7648359, -0.03098284, 2.980103;0.4914985, 0.1726607, 2.978384;0.7021484, 0.2266394, 2.781703;0.5258994, -0.3712669, 2.987564;0.6729232, -0.3633098, 2.664253;0.8025045, -0.08703117, 3.013094;0.788305, -0.135895, 3.026267;0.867459, -0.1136872, 3.036978;0.7406424, -0.4731953, 3.115718;0.9282987, -0.4580326, 2.822294;0.7199807, -0.7394689, 3.094276;0.9016586, -0.7097034, 2.766608;0.6581749, -0.8105571, 3.063872;0.8554245, -0.7959386, 2.711663;
0.4191916, 0.2757665, 2.779151;0.5732297, 0.2226872, 2.832616;0.759593, -0.03944271, 2.984924;0.4978202, 0.1230311, 2.983734;0.7000001, 0.2114305, 2.777821;0.5179862, -0.3936396, 2.980229;0.6815053, -0.3725069, 2.66717;0.7968221, -0.09354483, 3.018772;0.7784951, -0.1441473, 3.036009;0.8644278, -0.1175352, 3.041186;0.7367176, -0.5087245, 3.134573;0.9304157, -0.4612308, 2.828326;0.7177966, -0.7360648, 3.093973;0.9111923, -0.7598476, 2.73776;0.6579929, -0.8102565, 3.063843;0.8407745, -0.8051797, 2.704222;
0.4030333, 0.2475919, 2.762878;0.5636457, 0.2049091, 2.823563;0.7620929, -0.04288147, 2.990322;0.4961959, 0.06491039, 2.990703;0.6920937, 0.1663563, 2.777642;0.5149257, -0.4328915, 2.991399;0.6804649, -0.3898423, 2.667715;0.8020237, -0.09546605, 3.028438;0.7866648, -0.1494085, 3.044583;0.8739585, -0.1105046, 3.063388;0.7298998, -0.5107992, 3.130259;0.9266604, -0.4468138, 2.83534;0.7238346, -0.7382306, 3.099496;0.9072762, -0.7445529, 2.744239;0.6572423, -0.8101159, 3.064108;0.8500689, -0.8050339, 2.709515;
0.4005795, 0.219075, 2.753272;0.5587931, 0.1792977, 2.812301;0.7803597, -0.05369414, 3.001727;0.5546075, 0.04975036, 2.931401;0.6725346, 0.1307521, 2.746524;0.5163063, -0.449291, 2.986053;0.6808242, -0.4233149, 2.671596;0.8281839, -0.1025657, 3.045737;0.8236456, -0.1439885, 3.056143;0.8769631, -0.1094123, 3.0678;0.7208136, -0.5056045, 3.122623;0.9285973, -0.4456734, 2.839986;0.7239308, -0.7379453, 3.099844;0.9047054, -0.7414633, 2.74474;0.6552991, -0.8098729, 3.064114;0.851795, -0.8024058, 2.704454;
0.397849, 0.1808309, 2.744418;0.5530676, 0.1318909, 2.798863;0.7720772, -0.06834081, 2.995052;0.4919231, 0.001923203, 2.986187;0.6738074, 0.1269608, 2.745147;0.5144588, -0.519024, 2.989866;0.6850356, -0.4201256, 2.668317;0.8172987, -0.1126143, 3.038166;0.8070782, -0.1788381, 3.040506;0.8786908, -0.1161322, 3.075144;0.7169243, -0.5049641, 3.118066;0.9282819, -0.4480937, 2.840961;0.7240491, -0.7378585, 3.099714;0.9030895, -0.7430397, 2.745542;0.6551848, -0.8098396, 3.063838;0.8508407, -0.8033406, 2.703471;
0.3990951, 0.1519016, 2.743203;0.554377, 0.1096489, 2.798527;0.7636235, -0.1216355, 2.977562;0.4966532, -0.01739639, 2.980652;0.6750442, 0.111608, 2.748801;0.5172404, -0.5375851, 2.9948;0.6833458, -0.4682918, 2.671669;0.8053424, -0.1656772, 3.017001;0.8049893, -0.2307802, 3.016974;0.8748282, -0.1735557, 3.073333;0.7146763, -0.4812144, 3.104576;0.9326498, -0.4844881, 2.81317;0.7242883, -0.738153, 3.099565;0.9073249, -0.7792798, 2.720117;0.6539096, -0.8085263, 3.062961;0.8228154, -0.805123, 2.70206;
0.3884963, 0.1161155, 2.729272;0.5436224, 0.07066439, 2.784311;0.7626845, -0.1209903, 2.978513;0.5028337, -0.03423502, 2.963444;0.6715529, 0.07492854, 2.732732;0.5151784, -0.548135, 2.989145;0.6730701, -0.5088774, 2.671339;0.8041329, -0.1624547, 3.019966;0.8050334, -0.2272375, 3.020123;0.870759, -0.160857, 3.081932;0.7131753, -0.4801572, 3.102786;0.9209483, -0.477782, 2.828755;0.7242801, -0.7383046, 3.099148;0.9011531, -0.7725605, 2.737044;0.6542254, -0.8083516, 3.063111;0.830247, -0.8087165, 2.694614;
0.3859801, 0.110194, 2.727786;0.5414327, 0.06558245, 2.783146;0.7493541, -0.1352609, 2.977685;0.5707725, 0.1469737, 2.812349;0.6696866, 0.06494573, 2.735925;0.5209232, -0.4467126, 2.974954;0.6746932, -0.5113716, 2.670536;0.7907548, -0.1754137, 3.020007;0.801988, -0.2218494, 3.021265;0.8242955, -0.2102801, 3.068253;0.7144459, -0.5014789, 3.099734;0.9194939, -0.5082111, 2.832476;0.725574, -0.7380475, 3.099239;0.8999218, -0.7110226, 2.762481;0.6545966, -0.8075881, 3.065496;0.8577662, -0.7942858, 2.710928;
0.3729033, 0.09287597, 2.721136;0.5285698, 0.04870331, 2.77677;0.7509593, -0.1368126, 2.975004;0.55823, 0.07082991, 2.823586;0.6677444, 0.05830614, 2.736704;0.5165944, -0.5357365, 2.990169;0.6798362, -0.5181234, 2.669486;0.794224, -0.1760339, 3.016926;0.8104043, -0.2154741, 3.0137;0.8397584, -0.2014976, 3.066025;0.7130004, -0.5049331, 3.099697;0.9224768, -0.519176, 2.824936;0.7255131, -0.738071, 3.099224;0.893564, -0.8120241, 2.736635;0.6500587, -0.8088873, 3.061082;0.8259076, -0.7796515, 2.686502;
0.3695817, 0.07536799, 2.712653;0.5251607, 0.03108993, 2.768294;0.7422075, -0.1522908, 2.969867;0.5551786, 0.1272909, 2.838943;0.6608799, 0.04581705, 2.734643;0.5152684, -0.4995104, 2.974087;0.6804193, -0.5261245, 2.669732;0.7858521, -0.1887982, 3.013497;0.8051402, -0.2198812, 3.013916;0.8312395, -0.21324, 3.064566;0.7211751, -0.5216076, 3.104919;0.919969, -0.5095816, 2.831756;0.7228347, -0.7318122, 3.097776;0.8993073, -0.7125624, 2.762184;0.6558909, -0.8071765, 3.062951;0.8571907, -0.7950273, 2.710506;
0.3587728, 0.06865559, 2.70532;0.5143312, 0.02438785, 2.760993;0.7447897, -0.1594817, 2.96793;0.5935873, 0.06589881, 2.794969;0.6596848, 0.02337161, 2.729602;0.5181249, -0.5231338, 2.972404;0.6853681, -0.5274937, 2.670465;0.7911277, -0.1976599, 3.012188;0.8178175, -0.2354073, 3.009234;0.833358, -0.2169559, 3.066505;0.7232822, -0.5298426, 3.108804;0.920431, -0.514323, 2.829247;0.7222874, -0.7361474, 3.097069;0.8992565, -0.7128435, 2.761909;0.657614, -0.8076932, 3.065631;0.8574718, -0.7946517, 2.710528;
0.3596708, 0.06296654, 2.706344;0.5152234, 0.01870553, 2.762034;0.7543257, -0.1705902, 2.971223;0.5958443, 0.07045452, 2.796719;0.7147368, 0.03506353, 2.736183;0.5188468, -0.5225819, 2.969314;0.6848657, -0.5385635, 2.671201;0.8028101, -0.2090431, 3.016439;0.8184525, -0.2393808, 3.013962;0.8483665, -0.2250345, 3.063987;0.7219013, -0.5252796, 3.104628;0.9200326, -0.5145128, 2.827948;0.7217899, -0.7365599, 3.096874;0.899177, -0.7127125, 2.761719;0.650466, -0.81154, 3.067178;0.8578367, -0.7940958, 2.709918;
0.3580272, 0.06029021, 2.704599;0.5135777, 0.01603069, 2.760308;0.7518614, -0.1728771, 2.972507;0.6117863, 0.07906959, 2.798669;0.7145173, 0.03504155, 2.73641;0.5210093, -0.5252781, 2.951766;0.6899292, -0.538122, 2.673623;0.799706, -0.2113086, 3.018594;0.8132813, -0.2423349, 3.017484;0.84369, -0.2264554, 3.066894;0.7260371, -0.5216664, 3.100595;0.9194914, -0.5147762, 2.827536;0.7224543, -0.7435859, 3.097492;0.8991122, -0.7128943, 2.761093;0.6517866, -0.8113006, 3.066879;0.8570514, -0.8083024, 2.742469;
0.5633907, 0.229004, 2.821885;0.7189339, 0.1847465, 2.877613;0.7890734, -0.1428005, 2.943325;0.6052244, 0.07851049, 2.802628;0.9396578, 0.1315688, 2.981894;0.5203393, -0.5284799, 2.95058;0.7201599, -0.4436647, 2.700598;0.8031013, -0.2083099, 2.960057;0.7556735, -0.2963957, 2.948103;0.8855797, -0.2839081, 3.000228;0.7141566, -0.5807264, 3.105743;0.9180912, -0.515177, 2.824436;0.7221118, -0.7441995, 3.097005;0.8986388, -0.7151531, 2.759037;0.6525359, -0.8112661, 3.070244;0.8603839, -0.7924787, 2.713572;
0.5633063, 0.2290914, 2.821756;0.7188495, 0.1848339, 2.877498;0.7889846, -0.1429509, 2.943371;0.6026871, 0.07655379, 2.801924;0.9396515, 0.1315685, 2.98185;0.5199907, -0.5306034, 2.948362;0.7284297, -0.4448135, 2.704063;0.8029883, -0.2085671, 2.960166;0.7553432, -0.2971163, 2.947975;0.885578, -0.284424, 3.001012;0.7136468, -0.5804277, 3.10523;0.9170976, -0.5168845, 2.822913;0.7217688, -0.743498, 3.096127;0.8983558, -0.7153013, 2.759054;0.6482033, -0.8143198, 3.071057;0.860359, -0.7922928, 2.713511;
0.5894701, 0.2096404, 2.835014;0.7184983, 0.1851265, 2.876835;0.788985, -0.1463452, 2.943287;0.6111766, 0.08044067, 2.799463;0.939312, 0.1315566, 2.980951;0.5205958, -0.5300144, 2.944089;0.7291923, -0.4454911, 2.703513;0.8031756, -0.2137194, 2.960369;0.7557762, -0.2982651, 2.948015;0.8845035, -0.2870055, 3.000836;0.7137828, -0.5797914, 3.103545;0.9162886, -0.5172744, 2.821234;0.7213011, -0.7508339, 3.095623;0.8984913, -0.7157299, 2.758599;0.6520671, -0.8111255, 3.067278;0.8581685, -0.793875, 2.713769;
0.5980833, 0.2041156, 2.833998;0.7279463, 0.1809022, 2.875729;0.7891757, -0.1461089, 2.943117;0.5977484, 0.07391996, 2.798291;0.9398964, 0.1312164, 2.980969;0.5190875, -0.53411, 2.944612;0.7295076, -0.4456072, 2.703262;0.8029798, -0.2128498, 2.960093;0.7538492, -0.2999312, 2.946329;0.8845071, -0.2870696, 3.001841;0.7132507, -0.5802122, 3.101958;0.9158837, -0.5201737, 2.820133;0.7199072, -0.7541195, 3.094374;0.8977404, -0.716683, 2.757957;0.6487809, -0.8136209, 3.067582;0.8578737, -0.7940786, 2.712924;
0.5943767, 0.2055201, 2.833264;0.7249558, 0.1823703, 2.874762;0.7880554, -0.1439579, 2.942648;0.5654558, 0.06202946, 2.799803;0.9397472, 0.1313143, 2.98085;0.515924, -0.5423487, 2.945914;0.730572, -0.4470655, 2.702601;0.8015816, -0.2097477, 2.959649;0.7520398, -0.3004677, 2.945897;0.8852166, -0.2863194, 3.002577;0.7158422, -0.5798154, 3.099474;0.9156469, -0.5219204, 2.819388;0.7259326, -0.7360172, 3.104818;0.8976722, -0.7167366, 2.758176;0.6534837, -0.811855, 3.063095;0.8586758, -0.7937834, 2.713319;
0.5928231, 0.2057055, 2.832137;0.723968, 0.1825062, 2.873569;0.7880443, -0.144027, 2.942399;0.5781703, 0.06765702, 2.798275;0.9396985, 0.1312858, 2.980701;0.5159087, -0.5388685, 2.944071;0.7305667, -0.4465272, 2.701436;0.801583, -0.2097909, 2.959497;0.7520384, -0.3004709, 2.945884;0.8852648, -0.2863097, 3.0023;0.7169308, -0.5788367, 3.098403;0.9156116, -0.5222489, 2.818991;0.7257961, -0.7334318, 3.104412;0.8972921, -0.7170985, 2.757804;0.6483802, -0.8131763, 3.067959;0.8580636, -0.79422, 2.713574;
0.590723, 0.207031, 2.832382;0.7224147, 0.1837641, 2.873737;0.7880743, -0.1440044, 2.942299;0.5841265, 0.07029866, 2.797814;0.9396129, 0.1314938, 2.980613;0.5167508, -0.5362427, 2.944898;0.7312881, -0.4469478, 2.700897;0.8016771, -0.2098002, 2.959352;0.7529377, -0.301313, 2.94433;0.8854353, -0.286352, 3.002548;0.7185338, -0.5807984, 3.096001;0.9165314, -0.5246378, 2.819007;0.7261732, -0.7328282, 3.103632;0.8969352, -0.7175586, 2.757546;0.647337, -0.8131943, 3.067961;0.8580564, -0.7937998, 2.711854;
0.5909162, 0.2073121, 2.83243;0.7235432, 0.1834955, 2.872965;0.7882832, -0.142491, 2.94176;0.5871533, 0.07318074, 2.797765;0.9382952, 0.1328314, 2.978396;0.5168403, -0.5354605, 2.944821;0.7311879, -0.4472764, 2.700974;0.8015826, -0.2074648, 2.958824;0.7530208, -0.3001246, 2.942605;0.8846357, -0.2842803, 3.004878;0.7044885, -0.6360741, 3.112146;0.9167711, -0.5247806, 2.818977;0.7243206, -0.7341354, 3.10018;0.8959011, -0.7176788, 2.758099;0.649474, -0.8127351, 3.066745;0.8576817, -0.7942936, 2.709795;
0.5891709, 0.2120771, 2.830538;0.7223166, 0.1861993, 2.870433;0.7922906, -0.1302821, 2.95082;0.5766988, 0.06286456, 2.798537;0.937224, 0.1342362, 2.977553;0.5112022, -0.6030869, 2.962175;0.7301812, -0.4477434, 2.700722;0.8076711, -0.1914436, 2.973188;0.7565253, -0.2822465, 2.979487;0.9013591, -0.2558613, 3.019114;0.7222025, -0.5776932, 3.110989;0.9171728, -0.5248973, 2.819047;0.7191504, -0.7385568, 3.096154;0.8957719, -0.7171823, 2.758663;0.6463985, -0.8137341, 3.062991;0.8581349, -0.7939449, 2.709595;
0.5913516, 0.2175718, 2.830337;0.7252256, 0.1908957, 2.869618;0.7921324, -0.1283577, 2.948222;0.575623, 0.06423618, 2.799323;0.9384095, 0.134012, 2.976539;0.5091962, -0.5916605, 2.963791;0.7355429, -0.4520058, 2.706379;0.8064708, -0.1901552, 2.968698;0.7515459, -0.2870138, 2.949628;0.8978781, -0.2613974, 3.016573;0.7221144, -0.5770158, 3.11041;0.9178393, -0.5248492, 2.819357;0.7200496, -0.7382756, 3.094949;0.8959567, -0.7172679, 2.758918;0.6465108, -0.8138531, 3.063038;0.8574878, -0.7948353, 2.710859;
0.6269573, 0.1652708, 2.79382;0.7278237, 0.1966542, 2.871338;0.7918968, -0.1291744, 2.947465;0.5719128, 0.09358008, 2.799512;0.9341573, 0.1354814, 2.972422;0.5119072, -0.5792298, 2.965832;0.7319538, -0.4653667, 2.705206;0.8051985, -0.193654, 2.966275;0.7512287, -0.288479, 2.949228;0.8905336, -0.2707494, 3.009834;0.718573, -0.516978, 3.098717;0.9179245, -0.5233886, 2.820612;0.7202686, -0.7393712, 3.093946;0.8967795, -0.7170212, 2.759377;0.6469545, -0.8156403, 3.063881;0.8576117, -0.7948353, 2.711103;
0.6240788, 0.1689373, 2.791232;0.7259229, 0.2062174, 2.869187;0.7920032, -0.1129379, 2.954842;0.5462755, 0.005993158, 2.869253;0.9930692, 0.07778577, 2.97497;0.5078981, -0.5180617, 2.969501;0.7280884, -0.4837695, 2.697181;0.8055666, -0.1760402, 2.976324;0.7457659, -0.2865076, 2.959693;0.9156021, -0.2577299, 3.047446;0.7185974, -0.5171323, 3.098714;0.9179358, -0.5213896, 2.821927;0.7168032, -0.741334, 3.090773;0.8967273, -0.7167833, 2.75908;0.6456005, -0.815529, 3.063673;0.8567171, -0.7960501, 2.712033;
0.6176956, 0.176907, 2.790611;0.7208136, 0.2168526, 2.869808;0.7914897, -0.1127443, 2.953748;0.5460826, 0.01148953, 2.867599;0.992945, 0.07808512, 2.974996;0.5076562, -0.5128735, 2.967028;0.728471, -0.4765865, 2.696547;0.8051131, -0.1767803, 2.974388;0.7446822, -0.286651, 2.959375;0.9132786, -0.2713644, 3.025943;0.7190201, -0.5177726, 3.09896;0.9177896, -0.5178071, 2.823244;0.7107022, -0.7527624, 3.088565;0.8966356, -0.7167146, 2.758897;0.6456257, -0.8159605, 3.064107;0.8577267, -0.7950579, 2.712072;
0.6205609, 0.1816246, 2.790318;0.7250223, 0.2229194, 2.87003;0.7923551, -0.0660466, 2.964026;0.5356655, 0.0554651, 2.874932;0.995634, 0.088299, 2.977974;0.5084983, -0.5142077, 2.968118;0.7311071, -0.4593309, 2.696465;0.804497, -0.1245263, 2.986597;0.7363947, -0.2440534, 2.977035;0.9156286, -0.2163556, 3.055265;0.7200946, -0.5179392, 3.10179;0.9166317, -0.5009552, 2.828724;0.710608, -0.7527437, 3.088521;0.8976624, -0.7126006, 2.759456;0.6453161, -0.8161925, 3.066283;0.918207, -0.769387, 2.673004;
0.5650707, 0.1614936, 2.776546;0.7135839, 0.2430947, 2.870575;0.7874792, -0.05416451, 2.973736;0.639614, 0.1838253, 2.763742;0.996787, 0.08862617, 2.978127;0.5224574, -0.417125, 2.944013;0.7311867, -0.4583358, 2.695522;0.8012468, -0.1130365, 2.998253;0.7408084, -0.1818481, 3.005845;0.906866, -0.2051737, 3.060615;0.7195439, -0.5182719, 3.10411;0.9186963, -0.5054424, 2.82931;0.708067, -0.7511381, 3.087461;0.8974059, -0.7131072, 2.759056;0.6485858, -0.8139478, 3.064296;0.9408854, -0.7663999, 2.679248;
0.4631705, 0.1084438, 2.70541;0.5727574, 0.1491842, 2.784564;0.7572955, -0.05735492, 2.955405;0.5143727, 0.02041879, 2.955997;0.9815835, 0.1438873, 2.992187;0.514576, -0.4875984, 2.972979;0.7265419, -0.4021834, 2.685505;0.7952878, -0.1071658, 2.994237;0.7492616, -0.1906273, 3.0118;0.9449, -0.1473278, 3.073167;0.7228653, -0.5171275, 3.107677;0.9218932, -0.4659296, 2.824986;0.7090769, -0.7516819, 3.087368;0.8939772, -0.7561942, 2.736893;0.6484864, -0.8132956, 3.064204;0.8404194, -0.8156738, 2.69692;
0.4386895, 0.2555431, 2.742136;0.5747312, 0.1664786, 2.790468;0.7924226, -0.04592459, 2.992798;0.5181928, 0.05739372, 2.938804;0.7108219, 0.1378024, 2.768421;0.5163201, -0.463142, 2.979574;0.7151722, -0.4224482, 2.672384;0.835705, -0.09064719, 3.036054;0.8258568, -0.1623853, 3.043126;0.9109448, -0.08647654, 3.08617;0.7235438, -0.515942, 3.107734;0.9235317, -0.4420848, 2.84356;0.7090625, -0.7517139, 3.087165;0.8959817, -0.7319369, 2.756113;0.6479976, -0.81303, 3.063609;0.8567584, -0.7956661, 2.707198;
0.4412722, 0.2607402, 2.744392;0.5800707, 0.1843792, 2.797105;0.7905795, -0.04140266, 2.991926;0.5068489, 0.08424957, 2.955098;0.7104347, 0.1410627, 2.768373;0.5173343, -0.4215795, 2.973009;0.7160388, -0.4165735, 2.675508;0.8328629, -0.08601244, 3.034503;0.8212802, -0.1547759, 3.041006;0.9101006, -0.08588912, 3.085663;0.7256402, -0.5121184, 3.107111;0.9236852, -0.4418926, 2.843612;0.7117528, -0.7520632, 3.088486;0.8961799, -0.7312686, 2.756676;0.6480448, -0.8121296, 3.062926;0.8574535, -0.795168, 2.707688;
0.4481052, 0.2969838, 2.753776;0.5805404, 0.2057671, 2.809053;0.792859, -0.02166337, 2.994254;0.5087106, 0.1282998, 2.948778;0.7092955, 0.1596134, 2.771252;0.5196317, -0.3823548, 2.982292;0.7179173, -0.3828076, 2.678745;0.8353527, -0.06688665, 3.035091;0.8235693, -0.1046679, 3.047388;0.9098967, -0.07814568, 3.07936;0.7264111, -0.5099806, 3.107123;0.9236779, -0.4417019, 2.843669;0.7083734, -0.8051174, 3.090381;0.8963361, -0.730515, 2.756698;0.6278306, -0.8139046, 3.052844;0.8576808, -0.7947947, 2.708249;
0.4487526, 0.3270464, 2.76028;0.580065, 0.2337137, 2.824183;0.7991496, -0.00951906, 2.997693;0.508688, 0.1362792, 2.956087;0.7122207, 0.1958563, 2.775508;0.5231013, -0.3548793, 2.990674;0.718565, -0.3799308, 2.680596;0.8425022, -0.0568067, 3.036954;0.8279394, -0.1017341, 3.057767;0.9214483, -0.06209914, 3.058013;0.7296395, -0.4801778, 3.100504;0.9233348, -0.4376641, 2.844148;0.7168733, -0.743536, 3.090101;0.8969437, -0.7263335, 2.75779;0.6490661, -0.8109357, 3.062004;0.8578634, -0.7939931, 2.709093;
0.4415044, 0.3546233, 2.77065;0.5770983, 0.2504186, 2.830533;0.7953287, -0.007706408, 2.997929;0.5090224, 0.1466494, 2.971273;0.7115382, 0.20991, 2.779084;0.533278, -0.3418579, 2.995001;0.7202582, -0.3181498, 2.684195;0.8383797, -0.05664427, 3.03634;0.8192463, -0.1054824, 3.056847;0.9137771, -0.06560418, 3.05643;0.7296336, -0.4853775, 3.101281;0.9217048, -0.4303419, 2.845476;0.7187516, -0.7389878, 3.091634;0.8982964, -0.7190025, 2.759563;0.6524547, -0.8090294, 3.063276;0.8580085, -0.7938308, 2.708991;
0.4424344, 0.3998819, 2.785163;0.5768259, 0.2878069, 2.839421;0.7775768, 0.007964854, 2.993877;0.5111051, 0.1919811, 2.990605;0.712612, 0.2348782, 2.786366;0.5341836, -0.3146159, 3.003326;0.7243272, -0.2928322, 2.686566;0.8169822, -0.04531887, 3.028926;0.7949133, -0.09275599, 3.041024;0.888396, -0.06485918, 3.053283;0.7349803, -0.4753523, 3.101168;0.9193895, -0.4254823, 2.845568;0.7176136, -0.7404046, 3.090955;0.898661, -0.71413, 2.760268;0.6524066, -0.8091515, 3.063226;0.8581367, -0.7938728, 2.708959;
0.4473409, 0.4402232, 2.794349;0.5825102, 0.3242226, 2.854887;0.7685984, 0.03414404, 2.985174;0.505415, 0.2267294, 2.993665;0.7137637, 0.252179, 2.789383;0.544709, -0.2865709, 2.999655;0.7269762, -0.283221, 2.693205;0.8057886, -0.02211178, 3.015361;0.7924423, -0.0798407, 3.049596;0.8692366, -0.04646254, 3.001172;0.7371762, -0.4646295, 3.098356;0.9163473, -0.4181635, 2.845493;0.7174017, -0.7409108, 3.090387;0.8989298, -0.7099677, 2.761174;0.6547382, -0.807139, 3.063014;0.8581815, -0.7938774, 2.709037;
0.4545084, 0.4742254, 2.811252;0.5880083, 0.3545819, 2.871516;0.7680972, 0.04252972, 2.984836;0.5093349, 0.2487899, 2.999362;0.7135363, 0.2813869, 2.796328;0.5459166, -0.2624514, 3.003271;0.7296252, -0.2503088, 2.700159;0.8048695, -0.01692637, 3.013505;0.7918351, -0.07304906, 3.051345;0.8689688, -0.04560202, 3.000119;0.7390872, -0.4580753, 3.097403;0.9147731, -0.4161485, 2.844623;0.7104362, -0.7510195, 3.085567;0.8989596, -0.7101452, 2.761215;0.6517264, -0.8136007, 3.061414;0.8580647, -0.7940379, 2.708682;
0.4673882, 0.5205241, 2.829873;0.5974304, 0.3931795, 2.875757;0.7597799, 0.08197797, 2.976656;0.517809, 0.277539, 3.009477;0.7226768, 0.2998181, 2.803031;0.5444807, -0.2494265, 3.00447;0.7319638, -0.2307151, 2.697716;0.7923355, 0.01977431, 3.000638;0.7813331, -0.04768647, 3.051724;0.8605524, -0.02457596, 2.982492;0.7435141, -0.4346774, 3.092952;0.9140321, -0.4088919, 2.845595;0.7114906, -0.750865, 3.086106;0.899146, -0.7100576, 2.76093;0.656777, -0.8160694, 3.059933;0.8581137, -0.7939382, 2.708635;
0.4890908, 0.5650752, 2.838095;0.6009324, 0.4189549, 2.882284;0.7555648, 0.08830477, 2.976889;0.521566, 0.2958855, 3.018584;0.7273002, 0.3366582, 2.809661;0.5458976, -0.238111, 2.998554;0.7315301, -0.199613, 2.696669;0.7870885, 0.02441503, 3.000142;0.7741119, -0.04085078, 3.050199;0.8514099, -0.01967599, 2.980622;0.7442354, -0.4279564, 3.090291;0.9087641, -0.4013678, 2.844962;0.712844, -0.748827, 3.087653;0.8989913, -0.7093738, 2.761369;0.6583601, -0.8136662, 3.060394;0.85841, -0.7938194, 2.708772;
0.4929971, 0.576197, 2.849159;0.6104581, 0.4503343, 2.896692;0.7529423, 0.1121797, 2.977093;0.5228983, 0.3442227, 3.034962;0.7326843, 0.3509456, 2.814536;0.548149, -0.1886935, 3.007636;0.7323039, -0.1934656, 2.703946;0.7822482, 0.04516983, 2.997622;0.766965, -0.02341169, 3.049606;0.8476379, -0.001585918, 2.972114;0.7452222, -0.4192128, 3.089844;0.9034672, -0.3947431, 2.843991;0.7129135, -0.749075, 3.088362;0.89903, -0.7093854, 2.761358;0.6587975, -0.8136607, 3.060013;0.8559499, -0.7949902, 2.706015;
0.5114908, 0.6285431, 2.882473;0.621615, 0.4767971, 2.898892;0.7526033, 0.1376109, 2.974437;0.5244691, 0.355195, 3.039652;0.7403687, 0.3693105, 2.819786;0.5501924, -0.1756961, 3.008765;0.7275808, -0.1863555, 2.708684;0.7791539, 0.07031253, 2.993358;0.7603941, -0.006366341, 3.051709;0.8470769, 0.02241116, 2.958869;0.7450141, -0.4133517, 3.087572;0.9024676, -0.3864789, 2.84592;0.7131463, -0.7476205, 3.089428;0.8990126, -0.7096272, 2.761238;0.6577705, -0.8113489, 3.061754;0.8548827, -0.7957656, 2.706733;
0.5284745, 0.6572503, 2.891956;0.629402, 0.500302, 2.909393;0.7499963, 0.1461285, 2.973336;0.530057, 0.3758355, 3.049682;0.7429951, 0.3834866, 2.822347;0.554548, -0.1607039, 3.006746;0.7380697, -0.1599497, 2.716777;0.7750611, 0.07744387, 2.990761;0.7536083, 0.002808696, 3.049424;0.8417526, 0.02675186, 2.953259;0.7458035, -0.4110486, 3.087555;0.9020104, -0.3857987, 2.845554;0.7133777, -0.7473193, 3.089533;0.8990304, -0.7095845, 2.76131;0.657788, -0.8108466, 3.061991;0.8552534, -0.7954966, 2.707154;
0.5405967, 0.6733459, 2.904166;0.6400768, 0.5198258, 2.920664;0.7382423, 0.1801282, 2.971852;0.5367056, 0.3923869, 3.06024;0.7530352, 0.4101985, 2.828542;0.5589519, -0.1438759, 3.00853;0.74938, -0.1119647, 2.728863;0.7562059, 0.1144452, 2.984909;0.7337254, 0.02734556, 3.049553;0.8223486, 0.05327199, 2.937515;0.7430841, -0.411124, 3.08577;0.9012156, -0.385352, 2.845127;0.7179115, -0.7433966, 3.092554;0.8990682, -0.7100825, 2.760895;0.6608815, -0.8072727, 3.064132;0.8550155, -0.7952758, 2.705837;
0.5593736, 0.7020378, 2.928705;0.6553906, 0.5432392, 2.934745;0.7387482, 0.1870226, 2.973183;0.5480412, 0.4141222, 3.066114;0.7585595, 0.4224131, 2.833269;0.5597427, -0.1321587, 3.0119;0.7472857, -0.1063434, 2.731296;0.7560433, 0.1183179, 2.985299;0.7318733, 0.03529945, 3.048404;0.8201395, 0.05706685, 2.937458;0.7424302, -0.4109617, 3.085461;0.8992747, -0.3818263, 2.844955;0.718096, -0.7432747, 3.092416;0.899014, -0.7097611, 2.760719;0.6611827, -0.807117, 3.0639;0.8551336, -0.7954655, 2.705123;
0.5763776, 0.7210411, 2.943197;0.6656352, 0.560647, 2.946482;0.7353431, 0.1962385, 2.972707;0.5584939, 0.4405608, 3.073519;0.7622315, 0.4434469, 2.842789;0.5595328, -0.1295011, 3.003062;0.74602, -0.1005214, 2.73466;0.7503373, 0.1260135, 2.982802;0.7182329, 0.04833122, 3.042399;0.8079642, 0.06788943, 2.929954;0.7387031, -0.4093081, 3.083979;0.8959454, -0.3716757, 2.845272;0.7175884, -0.7438919, 3.091522;0.8992686, -0.7093695, 2.76101;0.6626948, -0.8086346, 3.062523;0.8553599, -0.7953701, 2.704331;
0.5917524, 0.7410245, 2.95933;0.673117, 0.5755102, 2.954508;0.7328318, 0.2073743, 2.970568;0.5608169, 0.4433446, 3.074155;0.7754353, 0.4600834, 2.849068;0.5597104, -0.09019767, 3.013107;0.7451987, -0.08029824, 2.738591;0.7456029, 0.135801, 2.978301;0.7105988, 0.05549388, 3.036376;0.8039039, 0.07556985, 2.923863;0.7344851, -0.4019445, 3.079634;0.8946465, -0.3684961, 2.844396;0.7173889, -0.7428375, 3.091524;0.8992765, -0.7095768, 2.760897;0.6591237, -0.8121494, 3.058148;0.8549592, -0.7957365, 2.703815;
0.6109877, 0.7683685, 2.978364;0.6843957, 0.59045, 2.962197;0.7277136, 0.2162201, 2.968006;0.5678766, 0.4522171, 3.08355;0.7785626, 0.4634835, 2.851911;0.5604168, -0.08509785, 3.010618;0.7495306, -0.05669104, 2.734497;0.7363145, 0.1443726, 2.97302;0.6956575, 0.06332931, 3.029185;0.7903587, 0.08434145, 2.913965;0.7317767, -0.3984023, 3.076865;0.8922709, -0.3622557, 2.84483;0.720078, -0.7413441, 3.093364;0.900029, -0.7075921, 2.761067;0.6562197, -0.8132239, 3.061156;0.8545896, -0.7962149, 2.705323;
0.619573, 0.7770642, 2.985242;0.7009318, 0.6080675, 2.970595;0.7276511, 0.2251464, 2.963991;0.5774286, 0.459924, 3.088104;0.7930405, 0.4824514, 2.859357;0.556105, -0.1077133, 3.003565;0.7565774, -0.04766933, 2.736178;0.7342639, 0.1514421, 2.967135;0.6905496, 0.07376631, 3.015121;0.787182, 0.09281321, 2.909646;0.7294671, -0.396646, 3.073947;0.8912777, -0.3615043, 2.844148;0.7178034, -0.7430274, 3.091285;0.9011817, -0.7063631, 2.761685;0.6605537, -0.8123627, 3.059993;0.8546642, -0.7963184, 2.704191;
0.6346638, 0.7945396, 3.000067;0.707491, 0.6165711, 2.976127;0.7272253, 0.2312264, 2.961399;0.5874099, 0.4698237, 3.094245;0.7985883, 0.4877005, 2.863336;0.5601173, -0.09887226, 3.002596;0.7572405, -0.04130529, 2.739467;0.7322572, 0.1565988, 2.962723;0.6874341, 0.07951574, 3.007504;0.7836039, 0.09968632, 2.905981;0.7272704, -0.3944233, 3.071762;0.8881294, -0.3597817, 2.841501;0.7180971, -0.7424017, 3.090877;0.9015719, -0.706398, 2.761761;0.6518323, -0.8145399, 3.062856;0.8547165, -0.7963072, 2.704103;
0.6579051, 0.8039246, 3.014404;0.7180377, 0.6265003, 2.9814;0.7277261, 0.2374578, 2.960112;0.5956847, 0.4797966, 3.103388;0.8071417, 0.4972379, 2.870211;0.5719013, -0.04827701, 3.013958;0.7564923, -0.04101756, 2.741244;0.7311845, 0.1615974, 2.960386;0.6853474, 0.08494715, 3.003946;0.7815376, 0.1039523, 2.904296;0.7235342, -0.3909494, 3.067859;0.8857502, -0.3576118, 2.84008;0.7195069, -0.741634, 3.091364;0.9015625, -0.7064298, 2.761838;0.6619771, -0.8124667, 3.055682;0.8548543, -0.7962577, 2.7035;
0.664245, 0.808965, 3.016082;0.7266901, 0.6378056, 2.991196;0.7273863, 0.2431084, 2.960302;0.6036415, 0.4880089, 3.1123;0.8147238, 0.5038273, 2.876945;0.575565, -0.04507099, 3.013045;0.7583629, -0.03855646, 2.741559;0.7293842, 0.1661499, 2.959223;0.6822611, 0.09019598, 3.001428;0.7783478, 0.1084905, 2.902982;0.7220926, -0.3908847, 3.065903;0.8816748, -0.3538588, 2.836298;0.7187418, -0.7444099, 3.090913;0.9016504, -0.7062168, 2.762033;0.6595854, -0.8136714, 3.059477;0.8547722, -0.7962545, 2.703135;
0.6755066, 0.8177724, 3.024338;0.7349391, 0.6417116, 2.999171;0.7280917, 0.2466879, 2.960147;0.6107897, 0.4949076, 3.117383;0.8241933, 0.5068623, 2.880594;0.5769261, -0.03801754, 3.014602;0.7612655, -0.02953014, 2.738908;0.7288164, 0.1695187, 2.957718;0.6802911, 0.0944308, 2.998008;0.7770437, 0.1112952, 2.901206;0.7206256, -0.3888598, 3.063926;0.8808082, -0.353348, 2.835408;0.7204024, -0.7436462, 3.091422;0.9019216, -0.705945, 2.762594;0.668735, -0.8100408, 3.053113;0.8559158, -0.7956949, 2.705403;
0.6945805, 0.818432, 3.039502;0.7443957, 0.6458587, 3.008101;0.7282224, 0.2487163, 2.960365;0.6177667, 0.4993234, 3.123113;0.8281822, 0.5069319, 2.882622;0.5771696, -0.03633989, 3.01678;0.7886143, 0.0127792, 2.743839;0.7277572, 0.1713668, 2.956863;0.6778088, 0.09761193, 2.995353;0.774325, 0.11376, 2.89989;0.7185123, -0.3876773, 3.061061;0.878438, -0.3504865, 2.832709;0.7197749, -0.7453387, 3.090445;0.9033628, -0.7038192, 2.764067;0.6624855, -0.813888, 3.058031;0.8572788, -0.7941536, 2.707453;
0.7048817, 0.8215054, 3.04157;0.7558776, 0.650543, 3.018377;0.72943, 0.2516575, 2.96061;0.6282747, 0.5122039, 3.125872;0.8337322, 0.5088058, 2.886635;0.5781447, -0.03468098, 3.016479;0.7892778, 0.01340218, 2.743335;0.7275101, 0.1737175, 2.955721;0.6768207, 0.1007358, 2.993024;0.7727039, 0.1165132, 2.897688;0.7177698, -0.3870387, 3.060112;0.8764763, -0.3504791, 2.830487;0.7180661, -0.7465042, 3.088192;0.9036651, -0.7045916, 2.76369;0.6629621, -0.8137329, 3.058061;0.8565995, -0.794717, 2.706612;
0.7158064, 0.827, 3.048553;0.7617148, 0.654652, 3.023553;0.7297875, 0.2528485, 2.960643;0.6312627, 0.5111861, 3.128444;0.8370635, 0.5113595, 2.892282;0.5798844, -0.02241073, 3.01918;0.7915851, 0.02049748, 2.741013;0.7269331, 0.1746029, 2.954816;0.6756921, 0.1023492, 2.99049;0.7704107, 0.1183314, 2.896341;0.7168196, -0.3866382, 3.058771;0.873834, -0.3481521, 2.82778;0.7173947, -0.747193, 3.088594;0.9042075, -0.7045085, 2.763652;0.6593877, -0.8168538, 3.061977;0.8558717, -0.7951088, 2.708233;
0.7239754, 0.8264382, 3.056401;0.7667412, 0.6566552, 3.0294;0.7304245, 0.2545533, 2.960928;0.6347215, 0.5120406, 3.132131;0.841248, 0.5140252, 2.897897;0.58024, -0.02446172, 3.02111;0.785537, 0.00446409, 2.734905;0.7265569, 0.1759799, 2.954018;0.67511, 0.1037522, 2.988694;0.7687069, 0.1201428, 2.894992;0.715972, -0.3841783, 3.057811;0.8723527, -0.3494169, 2.825861;0.7215179, -0.7384688, 3.089693;0.9042671, -0.7046255, 2.763736;0.6645382, -0.8155006, 3.060441;0.8556001, -0.795453, 2.707148;
0.728255, 0.8263261, 3.062984;0.7747443, 0.6587252, 3.035874;0.7304147, 0.2553468, 2.961587;0.6363133, 0.5128548, 3.132657;0.8432884, 0.5144706, 2.901709;0.5811889, -0.01849205, 3.022985;0.7867911, 0.00611186, 2.734483;0.7254313, 0.1766199, 2.953925;0.6726166, 0.1052319, 2.987519;0.76582, 0.1213446, 2.895097;0.7142879, -0.3838262, 3.056532;0.8718427, -0.3496097, 2.825454;0.721733, -0.738402, 3.09027;0.9049104, -0.7046117, 2.764071;0.6625553, -0.8113963, 3.065642;0.8561522, -0.7948841, 2.70812;
0.7435639, 0.8309156, 3.076718;0.7777424, 0.6615082, 3.039031;0.7307202, 0.2564881, 2.961818;0.6391046, 0.5118287, 3.134387;0.8460249, 0.5167434, 2.907466;0.5813655, -0.01849855, 3.023726;0.7874057, 0.007344164, 2.733413;0.7249256, 0.1773936, 2.95335;0.6717724, 0.1065089, 2.985909;0.7646089, 0.1225325, 2.894441;0.7124275, -0.3821913, 3.054554;0.8699032, -0.3501206, 2.824267;0.7222775, -0.7375392, 3.091236;0.9043445, -0.7053139, 2.763254;0.6648024, -0.8144169, 3.059913;0.8561331, -0.7950864, 2.707843;
0.7438706, 0.8307519, 3.07762;0.7795066, 0.660837, 3.039495;0.7307114, 0.256522, 2.961828;0.6424055, 0.5130063, 3.13494;0.8470373, 0.5162125, 2.908751;0.5813648, -0.0186258, 3.023727;0.7947195, 0.01078335, 2.731952;0.7240276, 0.1773958, 2.952561;0.6705076, 0.1069828, 2.984302;0.7627961, 0.1226442, 2.893724;0.7114089, -0.3825403, 3.053985;0.8695785, -0.3500207, 2.823967;0.7224814, -0.7364278, 3.090703;0.9042235, -0.7053893, 2.763522;0.6649202, -0.8151853, 3.058097;0.8555168, -0.7954188, 2.70854;
0.745077, 0.8311276, 3.078031;0.7821244, 0.6610577, 3.039879;0.7307656, 0.2565459, 2.961792;0.6450508, 0.514874, 3.134262;0.8473073, 0.5157151, 2.909629;0.5814262, -0.01854953, 3.023738;0.793293, -0.0007433798, 2.725394;0.7234869, 0.1772162, 2.951885;0.6700019, 0.1066319, 2.983967;0.7609434, 0.1220077, 2.891618;0.7109531, -0.3828107, 3.053536;0.8682537, -0.3508317, 2.822847;0.7221755, -0.7400153, 3.090771;0.9032462, -0.7061558, 2.763489;0.6687407, -0.8160018, 3.052243;0.855442, -0.7956272, 2.708169;
0.7478127, 0.8276588, 3.07625;0.78847, 0.6609017, 3.04349;0.7308925, 0.2566235, 2.96188;0.6477332, 0.5152555, 3.137629;0.8513219, 0.5135252, 2.910889;0.5810823, -0.01950512, 3.023488;0.7945387, -0.001832082, 2.724809;0.7231371, 0.1772358, 2.951613;0.6687989, 0.1061989, 2.983634;0.7599759, 0.1215473, 2.890273;0.7100903, -0.3821387, 3.052755;0.8670291, -0.351216, 2.822016;0.7219474, -0.7396868, 3.090489;0.9032269, -0.705766, 2.763674;0.6604517, -0.8157992, 3.060748;0.8546979, -0.7960125, 2.709293;
0.7521757, 0.8286937, 3.081571;0.7902972, 0.661695, 3.044709;0.7308518, 0.2567392, 2.962051;0.6502733, 0.5177884, 3.137734;0.8519994, 0.5136831, 2.911791;0.5806981, -0.02017757, 3.022567;0.7962434, -0.003123582, 2.723516;0.7223267, 0.1772605, 2.951514;0.6676185, 0.1066465, 2.983404;0.7585662, 0.1214028, 2.890267;0.7097011, -0.3824835, 3.052441;0.864108, -0.3495051, 2.820303;0.7216673, -0.7400908, 3.09112;0.9026778, -0.7060657, 2.763563;0.6685441, -0.8112486, 3.064063;0.8562468, -0.7953414, 2.711827;
0.7531159, 0.8288282, 3.0818;0.791716, 0.6619123, 3.046321;0.7308558, 0.2567202, 2.962149;0.6505268, 0.5173676, 3.138248;0.8526327, 0.5136364, 2.913157;0.5793983, -0.02037095, 3.024988;0.797031, -0.003654251, 2.723378;0.7218081, 0.1769853, 2.95132;0.6666673, 0.1064786, 2.983038;0.7579976, 0.121024, 2.89002;0.7091885, -0.3824467, 3.051873;0.8632449, -0.3481039, 2.820032;0.7223821, -0.7392417, 3.091212;0.9017078, -0.7063997, 2.763532;0.6663492, -0.8117995, 3.064048;0.8567798, -0.7951646, 2.712061;
0.7536445, 0.8289447, 3.081653;0.7929187, 0.6620957, 3.047295;0.7308096, 0.2567816, 2.962329;0.6510801, 0.5155045, 3.138212;0.8551717, 0.5114006, 2.913083;0.577948, -0.02127453, 3.023863;0.7995269, -0.003302228, 2.724818;0.7211958, 0.1769665, 2.951296;0.6649542, 0.1061243, 2.983308;0.7571966, 0.1204659, 2.889425;0.7085773, -0.3813418, 3.050954;0.8621238, -0.3475087, 2.819884;0.723182, -0.7377172, 3.091368;0.9019769, -0.7061562, 2.76345;0.6652777, -0.8116482, 3.064665;0.8568422, -0.7952141, 2.711936;
0.7547456, 0.8285724, 3.081684;0.7944113, 0.6620589, 3.047143;0.7310882, 0.2568415, 2.962398;0.6522062, 0.5158787, 3.138616;0.8552349, 0.5115525, 2.913743;0.5781694, -0.01934852, 3.024278;0.800829, -0.003503552, 2.725656;0.7211918, 0.1769567, 2.951277;0.6649848, 0.1060945, 2.983329;0.7570837, 0.1205194, 2.88936;0.7085391, -0.381279, 3.051024;0.8620756, -0.3476059, 2.819835;0.7235106, -0.7370391, 3.091689;0.9015329, -0.7068059, 2.763182;0.6606205, -0.8137161, 3.06602;0.8559816, -0.7959529, 2.71246;
0.7551467, 0.8276898, 3.080851;0.7953432, 0.6622924, 3.048558;0.7316726, 0.2569345, 2.962686;0.6525997, 0.5141093, 3.139179;0.85655, 0.5116574, 2.915829;0.5774087, -0.01972748, 3.02396;0.7968244, -0.02050722, 2.721127;0.7213271, 0.176933, 2.951262;0.6651244, 0.1059604, 2.983223;0.7573251, 0.1205411, 2.889286;0.7083591, -0.3805582, 3.050707;0.8620863, -0.3476069, 2.819866;0.7238591, -0.7360014, 3.091721;0.9014003, -0.7070958, 2.763182;0.6602305, -0.8134301, 3.066127;0.8559218, -0.7960444, 2.711519;
0.7572489, 0.8254927, 3.079722;0.7972744, 0.6597323, 3.050227;0.7319943, 0.2568544, 2.963148;0.6536784, 0.5141255, 3.139881;0.8572481, 0.5104493, 2.916247;0.5772389, -0.01814105, 3.023413;0.8062485, 0.0001941398, 2.731057;0.7213246, 0.1769304, 2.951353;0.6650301, 0.1058334, 2.983563;0.7572488, 0.1204146, 2.889153;0.7082079, -0.3803739, 3.050647;0.8620468, -0.3479284, 2.819265;0.7243767, -0.7358867, 3.092003;0.9014428, -0.7069488, 2.763195;0.6587172, -0.8127924, 3.064415;0.8561293, -0.7960778, 2.71208;
0.7576476, 0.8266935, 3.079825;0.797885, 0.6597502, 3.050315;0.7330198, 0.2571343, 2.963245;0.6549588, 0.5152586, 3.140051;0.8579134, 0.5108699, 2.916732;0.5769284, -0.01761019, 3.022701;0.8065774, 0.001940928, 2.732067;0.7218673, 0.1771079, 2.951212;0.6664637, 0.106971, 2.982142;0.7579952, 0.1212905, 2.889932;0.7081996, -0.3803476, 3.05068;0.8625803, -0.3488754, 2.819062;0.723695, -0.7356835, 3.090921;0.9015315, -0.7069944, 2.763446;0.6592261, -0.812535, 3.064394;0.8564873, -0.7955981, 2.712217;
