0.9606086, 0.8200167, 2.956599;1.022882, 0.6510887, 2.937969;0.968605, 0.2636936, 2.904998;0.9141706, 0.5170339, 3.07886;1.075577, 0.5131663, 2.810902;0.8409527, -0.01922257, 2.985548;1.009222, -0.01237775, 2.659534;0.9577495, 0.1862145, 2.901949;0.912446, 0.1229405, 2.949054;0.9850789, 0.1212, 2.840902;0.9520333, -0.3540823, 3.010279;1.06735, -0.32726, 2.716521;0.9474217, -0.7199795, 3.048048;1.102839, -0.6954318, 2.637513;0.8997456, -0.7822722, 3.031866;1.045578, -0.7768596, 2.594694;
0.9611299, 0.8188527, 2.960643;1.022905, 0.6510093, 2.938101;0.9685323, 0.2636301, 2.905126;0.9144356, 0.5167848, 3.07929;1.075522, 0.5132218, 2.810927;0.8383887, -0.02746657, 2.989413;1.015979, 0.003516417, 2.66295;0.9576458, 0.1861474, 2.902082;0.9123578, 0.1228202, 2.949219;0.9848539, 0.1211667, 2.840991;0.952175, -0.3533542, 3.010826;1.067047, -0.3266711, 2.716738;0.9472476, -0.7169714, 3.047285;1.102165, -0.695188, 2.637126;0.900575, -0.7801118, 3.034106;1.045703, -0.7762836, 2.594251;
0.9611332, 0.8187888, 2.960713;1.02308, 0.6510397, 2.938607;0.968431, 0.2634741, 2.905148;0.914735, 0.5171143, 3.081498;1.075415, 0.5132591, 2.810851;0.8363667, -0.03601236, 2.989067;1.016115, 0.003818203, 2.66281;0.9574559, 0.1858929, 2.902022;0.9122152, 0.1227607, 2.948946;0.9846362, 0.1210944, 2.841052;0.9521793, -0.3532319, 3.010978;1.067019, -0.3265973, 2.716798;0.946793, -0.716247, 3.047196;1.102596, -0.6948696, 2.637379;0.9008774, -0.7798005, 3.033506;1.046172, -0.7756345, 2.593919;
0.9612871, 0.818844, 2.960306;1.023212, 0.6511394, 2.938015;0.9682873, 0.2641303, 2.904636;0.9147567, 0.5168479, 3.081923;1.075543, 0.5134267, 2.810644;0.8380274, -0.02939033, 2.986998;1.01774, 0.004335957, 2.662457;0.9572165, 0.1867832, 2.901517;0.9117937, 0.1243377, 2.947821;0.9842876, 0.1233486, 2.841388;0.9522086, -0.3541813, 3.011217;1.067285, -0.3268993, 2.716634;0.946674, -0.7165963, 3.046935;1.102707, -0.6949112, 2.637011;0.9027386, -0.782072, 3.038062;1.046427, -0.7751468, 2.593199;
0.9617856, 0.8191048, 2.961564;1.023649, 0.6511314, 2.93672;0.9684067, 0.2650822, 2.904059;0.9148467, 0.5167068, 3.081239;1.07554, 0.5134896, 2.81041;0.8384663, -0.03524562, 2.988439;1.01641, -0.02694774, 2.658936;0.9573007, 0.1880757, 2.901028;0.9118902, 0.1255914, 2.947333;0.9842924, 0.1248634, 2.841126;0.9523031, -0.3532776, 3.010673;1.067396, -0.3266734, 2.716573;0.9468682, -0.7154009, 3.047038;1.102587, -0.6944268, 2.636696;0.9039363, -0.7810895, 3.038169;1.046804, -0.774525, 2.593237;
0.9615007, 0.8189833, 2.961519;1.023798, 0.6513525, 2.937352;0.9683755, 0.2650433, 2.904161;0.9151825, 0.517085, 3.082412;1.075449, 0.5136501, 2.810608;0.8373262, -0.03474607, 2.985537;1.014998, -0.0007707365, 2.660933;0.9572191, 0.187953, 2.901047;0.9118206, 0.1252829, 2.947462;0.9838775, 0.1241328, 2.840305;0.9521301, -0.3535912, 3.010978;1.067398, -0.3266933, 2.716699;0.9466605, -0.7148218, 3.046872;1.102614, -0.6943839, 2.636908;0.8938357, -0.7829992, 3.036871;1.046655, -0.7756336, 2.592865;
0.9623336, 0.8191885, 2.962519;1.023816, 0.6512549, 2.937777;0.9685351, 0.2639144, 2.903867;0.915258, 0.5164239, 3.081655;1.076129, 0.5137442, 2.810829;0.8362269, -0.03429953, 2.983299;1.026583, 0.0185756, 2.665565;0.9574587, 0.1863049, 2.90041;0.9119796, 0.1233542, 2.946055;0.9843695, 0.1230901, 2.84008;0.9521101, -0.353667, 3.011318;1.067372, -0.3267089, 2.716777;0.9466515, -0.7151518, 3.046921;1.103312, -0.6953203, 2.63806;0.8982627, -0.7827188, 3.037669;1.046652, -0.7760727, 2.592737;
0.9615477, 0.8188822, 2.962289;1.023957, 0.6509378, 2.936864;0.9688765, 0.2626843, 2.903177;0.9155149, 0.5162432, 3.081181;1.076099, 0.5138125, 2.810904;0.8364784, -0.03399686, 2.983552;1.007467, -0.01798237, 2.657053;0.9578576, 0.1848597, 2.899809;0.9126218, 0.1221577, 2.945371;0.9846773, 0.1222521, 2.839999;0.9509619, -0.3558218, 3.011467;1.06739, -0.3280395, 2.716775;0.9463838, -0.7155159, 3.046604;1.10286, -0.6970898, 2.638035;0.8985655, -0.7827718, 3.037159;1.046152, -0.7777506, 2.592086;
0.9618151, 0.8190033, 2.960963;1.023978, 0.6509809, 2.9366;0.9687529, 0.2643634, 2.902828;0.9156464, 0.516813, 3.081362;1.075988, 0.513753, 2.81069;0.8339931, -0.0458957, 2.978397;1.009164, -0.01836237, 2.657321;0.9576615, 0.1872676, 2.899509;0.9125322, 0.1253819, 2.945245;0.9843894, 0.123828, 2.839677;0.9506883, -0.3553613, 3.011117;1.067401, -0.327725, 2.716716;0.9480875, -0.7076934, 3.047125;1.102574, -0.6967031, 2.637563;0.9005681, -0.7810284, 3.035585;1.045972, -0.7778038, 2.591709;
0.9624536, 0.8187576, 2.961754;1.023938, 0.6509086, 2.936644;0.9686952, 0.2639744, 2.90277;0.9153547, 0.5160059, 3.080251;1.076999, 0.5139943, 2.811022;0.8321865, -0.06026047, 2.977131;1.008805, -0.02150714, 2.657068;0.9576069, 0.1867415, 2.899427;0.9121751, 0.1234268, 2.943899;0.9845844, 0.1241341, 2.840152;0.950689, -0.3546978, 3.011182;1.067537, -0.3283021, 2.716839;0.9480315, -0.7076975, 3.047123;1.102364, -0.6985005, 2.637273;0.9028084, -0.7776684, 3.035544;1.047383, -0.7777572, 2.590662;
0.9615413, 0.8174736, 2.960876;1.02395, 0.6508918, 2.936559;0.968546, 0.2639332, 2.903052;0.9153627, 0.5155857, 3.080758;1.076854, 0.5138866, 2.810962;0.8388286, -0.02882675, 2.984216;1.018013, 0.005409565, 2.663515;0.9573677, 0.1866675, 2.899925;0.9118092, 0.122135, 2.945216;0.9841391, 0.1247006, 2.840883;0.9507733, -0.3558479, 3.011587;1.067297, -0.3277708, 2.716855;0.9468234, -0.7106104, 3.046514;1.102431, -0.6980648, 2.637456;0.903667, -0.7787783, 3.035265;1.048028, -0.7766072, 2.589765;
0.9615067, 0.817564, 2.960921;1.023647, 0.6518133, 2.937561;0.9684412, 0.2637375, 2.903276;0.9154052, 0.5154246, 3.07958;1.076561, 0.5141425, 2.811116;0.8379898, -0.03296134, 2.981999;1.019385, 0.005838428, 2.663606;0.9572496, 0.1862438, 2.90013;0.9118695, 0.1212888, 2.945203;0.9840556, 0.1248153, 2.841156;0.9507388, -0.3558803, 3.011726;1.067271, -0.3277657, 2.716897;0.9470288, -0.7108229, 3.046633;1.101995, -0.6988161, 2.637225;0.8992547, -0.7819377, 3.034372;1.047857, -0.7770981, 2.589546;
0.9616015, 0.8175779, 2.960914;1.023226, 0.6518596, 2.937498;0.9683171, 0.2637094, 2.903326;0.9154432, 0.5153474, 3.079527;1.076677, 0.514177, 2.81092;0.8368939, -0.03360812, 2.98291;1.011318, -0.02246885, 2.656919;0.9571691, 0.1861977, 2.900184;0.9117724, 0.121137, 2.945238;0.9841413, 0.1253281, 2.84153;0.9507967, -0.3558561, 3.011643;1.067201, -0.3276776, 2.716764;0.9471377, -0.7109314, 3.046633;1.102945, -0.6978804, 2.638685;0.9003273, -0.781178, 3.034988;1.04862, -0.7761975, 2.589428;
0.9613932, 0.8177427, 2.961261;1.023436, 0.6512188, 2.938596;0.9681588, 0.2639093, 2.903947;0.9160443, 0.5153406, 3.080755;1.076706, 0.5141066, 2.810902;0.8392534, -0.03257922, 2.9878;1.01013, -0.02210732, 2.657264;0.9569639, 0.1865222, 2.900766;0.9116284, 0.1208425, 2.945962;0.9836974, 0.1260132, 2.841882;0.9509989, -0.3576454, 3.012335;1.067214, -0.327709, 2.716687;0.9466039, -0.7117685, 3.046034;1.10339, -0.6968198, 2.639409;0.9004126, -0.781551, 3.033731;1.048623, -0.7762111, 2.589447;
0.9616229, 0.8177978, 2.96153;1.023227, 0.6510323, 2.938927;0.9680216, 0.2629098, 2.904061;0.9153898, 0.5143908, 3.078825;1.076706, 0.5140405, 2.810888;0.838147, -0.03693954, 2.984405;1.020037, 0.005065521, 2.663445;0.9568758, 0.1852078, 2.900767;0.9116321, 0.1195256, 2.945129;0.9837915, 0.125802, 2.842285;0.9511629, -0.3570782, 3.012597;1.067315, -0.3277046, 2.716864;0.9464666, -0.7120469, 3.045777;1.102992, -0.6967332, 2.63914;0.9006039, -0.781431, 3.033662;1.048231, -0.7764148, 2.589351;
0.961694, 0.8180543, 2.961667;1.023242, 0.6511996, 2.93852;0.9679981, 0.2630511, 2.904238;0.9158822, 0.515081, 3.08166;1.076947, 0.5141584, 2.810787;0.8399543, -0.03079273, 2.988603;1.011749, -0.02514284, 2.655733;0.9568449, 0.1854093, 2.901109;0.9116122, 0.1194812, 2.945545;0.9837589, 0.1263673, 2.842972;0.9512787, -0.35631, 3.012573;1.067122, -0.3267145, 2.717236;0.9461571, -0.7119997, 3.045986;1.102916, -0.6943213, 2.638978;0.8983362, -0.7823424, 3.033849;1.048234, -0.7759448, 2.589675;
0.9615713, 0.8186722, 2.963012;1.023274, 0.6510615, 2.938672;0.9678773, 0.2627576, 2.904398;0.9160019, 0.5150501, 3.082031;1.076889, 0.5141699, 2.81095;0.8396481, -0.03374177, 2.988783;1.012595, -0.02682961, 2.65538;0.9566911, 0.1850774, 2.901255;0.9115531, 0.1192255, 2.945514;0.9835831, 0.1263765, 2.843297;0.9512818, -0.3559073, 3.012606;1.067137, -0.326667, 2.717341;0.9463251, -0.7119781, 3.046171;1.103079, -0.6943465, 2.638958;0.9005978, -0.7814271, 3.034691;1.048197, -0.7763334, 2.590236;
0.9616311, 0.819141, 2.962974;1.023381, 0.6515446, 2.939684;0.9679537, 0.2632801, 2.904998;0.9162184, 0.5151536, 3.082576;1.076941, 0.5142197, 2.810945;0.8343916, -0.05604463, 2.985052;1.024815, 0.002712265, 2.662998;0.9567746, 0.1856041, 2.901765;0.9116887, 0.1193794, 2.945925;0.9835727, 0.1267859, 2.843591;0.9511275, -0.3545959, 3.012534;1.067374, -0.3267316, 2.717416;0.9459509, -0.7124553, 3.045868;1.103233, -0.6937672, 2.63886;0.9017896, -0.7812213, 3.035287;1.048665, -0.7758595, 2.589846;
0.9615431, 0.8189289, 2.962512;1.023536, 0.6518165, 2.939621;0.9678437, 0.2634465, 2.905043;0.917074, 0.5152394, 3.083756;1.077023, 0.5145482, 2.810925;0.8386504, -0.03686763, 2.990335;1.024371, 0.002823137, 2.663336;0.9566084, 0.1857718, 2.90183;0.9114491, 0.1196816, 2.946135;0.9833433, 0.1272271, 2.843698;0.9511388, -0.3543872, 3.012469;1.067331, -0.3265316, 2.717385;0.946268, -0.712236, 3.045826;1.10323, -0.6937627, 2.638837;0.9007019, -0.7809767, 3.034883;1.04835, -0.7757719, 2.589866;
0.9612151, 0.8195854, 2.963625;1.023733, 0.6515924, 2.939445;0.9678642, 0.2632778, 2.905101;0.9172115, 0.5151583, 3.083595;1.077053, 0.5143032, 2.810757;0.8379818, -0.03840099, 2.9895;1.013515, -0.02795023, 2.656981;0.9566115, 0.185593, 2.901918;0.9114875, 0.1193506, 2.946291;0.9833271, 0.1271583, 2.843775;0.9511528, -0.3543956, 3.012499;1.067333, -0.3266071, 2.717374;0.9463177, -0.7123613, 3.045796;1.102347, -0.6962305, 2.639251;0.8897102, -0.7851098, 3.0316;1.049573, -0.7763123, 2.589318;
0.9610963, 0.8194194, 2.963485;1.023101, 0.6507968, 2.938877;0.9678943, 0.2629168, 2.90518;0.9172708, 0.5155375, 3.084878;1.076986, 0.5142632, 2.810681;0.8377484, -0.04000018, 2.98924;1.015019, -0.03074913, 2.656834;0.956729, 0.1852381, 2.902067;0.9116883, 0.1191902, 2.946349;0.9835474, 0.1268653, 2.844201;0.9511482, -0.3543901, 3.012524;1.067532, -0.3264381, 2.717464;0.9459575, -0.7126243, 3.04562;1.102265, -0.6947916, 2.638918;0.8970938, -0.7831339, 3.034865;1.049201, -0.7758534, 2.589295;
0.9610665, 0.8194737, 2.963392;1.023054, 0.650407, 2.939089;0.9678017, 0.2628136, 2.905499;0.9173531, 0.5156224, 3.084903;1.077011, 0.5142015, 2.810665;0.8320744, -0.07647537, 2.979601;1.011235, -0.03058223, 2.655731;0.9566346, 0.1851903, 2.902411;0.9116525, 0.1190804, 2.946651;0.9833965, 0.1269585, 2.844672;0.9515231, -0.3560777, 3.013393;1.067556, -0.3264079, 2.717464;0.9459559, -0.7136739, 3.04541;1.101804, -0.6945241, 2.638537;0.8982345, -0.7833437, 3.034022;1.048541, -0.7756426, 2.588639;
0.96104, 0.8192511, 2.963414;1.023607, 0.6500471, 2.938334;0.9677514, 0.2626895, 2.905752;0.9182026, 0.5169166, 3.08815;1.077014, 0.5142018, 2.810689;0.831479, -0.07916739, 2.979778;1.009743, -0.03227247, 2.655043;0.9564789, 0.1850425, 2.902941;0.9115434, 0.1188266, 2.947367;0.9829727, 0.1270038, 2.845658;0.9510231, -0.3577337, 3.01409;1.067552, -0.3264115, 2.717475;0.9453171, -0.7164876, 3.045449;1.101706, -0.6946042, 2.638306;0.8898, -0.7889807, 3.030469;1.048365, -0.7761175, 2.589551;
0.9609884, 0.818764, 2.962735;1.023673, 0.650081, 2.938225;0.9677491, 0.2626908, 2.905698;0.9180747, 0.5166595, 3.087006;1.077168, 0.5141326, 2.81053;0.832315, -0.08121438, 2.981225;1.01244, -0.03348998, 2.656723;0.9564713, 0.1850452, 2.902889;0.9114346, 0.1188109, 2.947411;0.9829988, 0.127017, 2.845581;0.9506973, -0.3573203, 3.013858;1.067563, -0.3259737, 2.717423;0.9466705, -0.713992, 3.046644;1.101804, -0.6947042, 2.638307;0.9018066, -0.7821571, 3.041183;1.048092, -0.7762913, 2.589911;
0.9615344, 0.8190501, 2.961823;1.023647, 0.6499265, 2.937759;0.9677263, 0.2627946, 2.905789;0.9182463, 0.5167397, 3.086911;1.077363, 0.5141204, 2.810855;0.8326596, -0.07856209, 2.981585;1.015745, -0.03459845, 2.656359;0.9564406, 0.1852728, 2.903105;0.9114347, 0.1187213, 2.948055;0.9829544, 0.127063, 2.845611;0.9508429, -0.3569528, 3.013785;1.067544, -0.3260427, 2.717361;0.9485108, -0.709267, 3.048514;1.10215, -0.6943572, 2.639147;0.9043608, -0.7775717, 3.04019;1.048611, -0.775609, 2.589604;
0.9607282, 0.8196245, 2.960271;1.023703, 0.6498162, 2.937987;0.9676487, 0.2626385, 2.906039;0.918152, 0.516664, 3.085697;1.07706, 0.5137411, 2.810776;0.8393474, -0.03939251, 2.991584;1.015134, -0.0356678, 2.656474;0.9563444, 0.1851189, 2.903341;0.9113862, 0.1185844, 2.948292;0.9828083, 0.126894, 2.845781;0.9512372, -0.3560843, 3.013968;1.067496, -0.3254615, 2.717482;0.9483584, -0.709365, 3.048543;1.102671, -0.6939507, 2.639054;0.9044942, -0.7777387, 3.039514;1.048453, -0.7757199, 2.589827;
0.9610435, 0.8194847, 2.961239;1.023795, 0.649858, 2.938184;0.9676464, 0.2625961, 2.906366;0.9182401, 0.516507, 3.08592;1.077353, 0.5138969, 2.810826;0.838203, -0.04460429, 2.992381;1.014632, -0.03666853, 2.656812;0.9563261, 0.1850632, 2.903682;0.9113561, 0.1184846, 2.948575;0.982807, 0.1268968, 2.846156;0.9515668, -0.3568119, 3.014281;1.067577, -0.3253625, 2.717487;0.9479546, -0.7102553, 3.047968;1.102701, -0.6939852, 2.638733;0.9039907, -0.7785661, 3.039309;1.048073, -0.7755684, 2.589687;
0.9604183, 0.8204197, 2.960805;1.02372, 0.6493492, 2.938414;0.9676492, 0.262609, 2.906396;0.9183164, 0.5163411, 3.085356;1.076798, 0.5141644, 2.811069;0.8382243, -0.04449166, 2.9918;1.012752, -0.03705516, 2.656514;0.9563403, 0.1851275, 2.903713;0.91149, 0.1183877, 2.948717;0.9827209, 0.1270422, 2.846013;0.9514607, -0.3566481, 3.014231;1.067621, -0.3254403, 2.717489;0.948216, -0.7098758, 3.047865;1.102786, -0.6944818, 2.639455;0.9044495, -0.7782167, 3.038745;1.048099, -0.7756532, 2.589766;
0.960395, 0.8203568, 2.960763;1.023809, 0.6493741, 2.938676;0.9674956, 0.2624736, 2.906724;0.918323, 0.516265, 3.085332;1.076767, 0.5140864, 2.811158;0.8407508, -0.03349339, 2.995366;1.010821, -0.03793395, 2.656218;0.956138, 0.1849669, 2.904038;0.9112193, 0.1182715, 2.949061;0.9825966, 0.127092, 2.846267;0.9515426, -0.3562897, 3.014;1.067612, -0.3255274, 2.71751;0.9477939, -0.7101691, 3.047572;1.102634, -0.6940162, 2.639261;0.9044467, -0.778735, 3.038331;1.047565, -0.7760009, 2.590266;
0.9603852, 0.82039, 2.960757;1.023824, 0.6493239, 2.938647;0.9674364, 0.2624679, 2.906874;0.9182468, 0.5161367, 3.08495;1.076623, 0.5136627, 2.81105;0.8399681, -0.03671229, 2.994892;1.007023, -0.03722556, 2.656298;0.9560527, 0.1849864, 2.904255;0.9110722, 0.1179856, 2.949742;0.9824865, 0.1270342, 2.846322;0.951543, -0.3562415, 3.014052;1.067583, -0.325534, 2.717536;0.9483373, -0.7112312, 3.047483;1.102511, -0.69326, 2.63927;0.903861, -0.7789525, 3.037541;1.047661, -0.7756513, 2.59061;
0.9599612, 0.8203503, 2.960094;1.023841, 0.6492229, 2.938877;0.9673673, 0.2625908, 2.907102;0.9184827, 0.5161849, 3.085647;1.076474, 0.5134, 2.810876;0.8398637, -0.03835377, 2.993698;1.006237, -0.03591017, 2.655798;0.9559686, 0.185175, 2.904483;0.9110464, 0.1179433, 2.95019;0.982329, 0.1271071, 2.846307;0.951368, -0.3551176, 3.013637;1.067735, -0.3257635, 2.717619;0.9480667, -0.7107157, 3.047756;1.102645, -0.693196, 2.639598;0.9057143, -0.7801082, 3.041205;1.048265, -0.7753758, 2.590579;
0.9594544, 0.8206345, 2.959728;1.023857, 0.6494887, 2.938826;0.9671811, 0.2630164, 2.907351;0.918226, 0.5166662, 3.087667;1.076443, 0.5134063, 2.810892;0.8383552, -0.04472166, 2.994225;1.01991, -0.002783809, 2.663778;0.9557313, 0.1856616, 2.904804;0.9107929, 0.1181626, 2.950706;0.9820827, 0.1273353, 2.846378;0.9514732, -0.3548301, 3.01372;1.06779, -0.325763, 2.717703;0.9475857, -0.7110385, 3.047278;1.102945, -0.6934816, 2.639363;0.9054372, -0.7804715, 3.040692;1.048225, -0.775421, 2.590574;
0.9590907, 0.8199736, 2.96015;1.023759, 0.6494741, 2.938972;0.9670677, 0.2627152, 2.907643;0.9179806, 0.5162506, 3.08646;1.076413, 0.5134002, 2.810885;0.8384668, -0.04398897, 2.993664;1.024509, 0.006873824, 2.666378;0.9556306, 0.1852879, 2.905108;0.910763, 0.1180737, 2.950771;0.982029, 0.1270871, 2.846879;0.9514628, -0.3548268, 3.013721;1.067771, -0.3267354, 2.71781;0.9476758, -0.7110817, 3.04727;1.102853, -0.6934792, 2.639419;0.9047867, -0.7798927, 3.039721;1.048202, -0.7754075, 2.590597;
0.9573219, 0.8197359, 2.960026;1.023413, 0.649406, 2.938788;0.9667882, 0.2630073, 2.908027;0.9165776, 0.5166412, 3.092024;1.076243, 0.5134277, 2.810884;0.8384891, -0.04384737, 2.993029;1.023361, 0.007165894, 2.66629;0.9553519, 0.1857286, 2.905682;0.910288, 0.1184643, 2.951794;0.9819095, 0.1274426, 2.847257;0.950994, -0.3546696, 3.01333;1.067514, -0.3269857, 2.717726;0.9474444, -0.7110552, 3.04715;1.10278, -0.6935446, 2.639335;0.9047957, -0.7799425, 3.039464;1.048479, -0.7752095, 2.590134;
0.9565932, 0.8192734, 2.960385;1.022916, 0.649553, 2.939013;0.9664629, 0.2638226, 2.909094;0.9164279, 0.5173435, 3.092308;1.076257, 0.5134797, 2.810965;0.8383685, -0.0435089, 2.993068;1.020259, -0.001943515, 2.664702;0.9551159, 0.1867461, 2.906954;0.9099918, 0.1190662, 2.953756;0.981787, 0.1275971, 2.847685;0.9509652, -0.3546168, 3.013336;1.067263, -0.3271399, 2.717935;0.9473131, -0.7112549, 3.047015;1.10312, -0.6947292, 2.639406;0.903401, -0.7791025, 3.037657;1.048242, -0.7753692, 2.590376;
0.9548856, 0.8176328, 2.957776;1.022112, 0.6492972, 2.93869;0.9660795, 0.2640548, 2.909631;0.9153091, 0.5177457, 3.092975;1.076176, 0.5133805, 2.810698;0.8359441, -0.04072751, 2.98793;1.016053, -0.005470821, 2.663026;0.9547669, 0.1871078, 2.907722;0.9092169, 0.1193294, 2.95505;0.9817525, 0.1278018, 2.848351;0.9505718, -0.355087, 3.013582;1.066671, -0.327385, 2.718227;0.9473796, -0.7113619, 3.047072;1.103161, -0.6948035, 2.639325;0.9035744, -0.7792625, 3.037795;1.048115, -0.7753721, 2.590427;
0.9506401, 0.8162539, 2.953611;1.019986, 0.6475779, 2.937269;0.9657648, 0.2644518, 2.910351;0.9146194, 0.5212352, 3.093956;1.07616, 0.5128761, 2.810233;0.8352432, -0.0396387, 2.985485;1.00775, -0.034328, 2.65677;0.954586, 0.1879689, 2.909012;0.9091086, 0.1198617, 2.956961;0.9816493, 0.1278716, 2.849464;0.9485989, -0.3536344, 3.012823;1.065676, -0.3271477, 2.718634;0.9468771, -0.7114892, 3.046996;1.102469, -0.6949869, 2.639553;0.9031503, -0.7794318, 3.03792;1.048119, -0.7754222, 2.590585;
0.9457328, 0.8146337, 2.951349;1.01821, 0.645727, 2.936237;0.9656451, 0.2645367, 2.911017;0.9108881, 0.5197825, 3.096479;1.076182, 0.5127121, 2.809958;0.8384047, -0.02781417, 2.987929;1.006259, -0.03657907, 2.655991;0.9546888, 0.1883245, 2.910121;0.908808, 0.1197581, 2.958683;0.9824232, 0.1277972, 2.850829;0.9470792, -0.3530245, 3.012175;1.06405, -0.32689, 2.718975;0.9464159, -0.7108091, 3.046691;1.102456, -0.6949745, 2.639567;0.9044762, -0.7798831, 3.038357;1.048092, -0.7753668, 2.590508;
0.9374099, 0.8110712, 2.950488;1.013827, 0.6427798, 2.936073;0.9650323, 0.2646024, 2.91327;0.9075858, 0.5197581, 3.101227;1.075487, 0.5118006, 2.809608;0.8370678, -0.03283112, 2.9878;1.003766, -0.03887019, 2.654702;0.9546351, 0.1888547, 2.913052;0.9086623, 0.120313, 2.962204;0.9833612, 0.1276211, 2.854473;0.9454898, -0.353043, 3.011796;1.062521, -0.327199, 2.719245;0.9453753, -0.7107245, 3.045806;1.102484, -0.695728, 2.640067;0.9045311, -0.780441, 3.03812;1.048546, -0.7753127, 2.590525;
0.9251088, 0.8072679, 2.946994;1.011002, 0.6406767, 2.93445;0.9649639, 0.2640518, 2.915105;0.9024258, 0.5162975, 3.101499;1.073886, 0.5093553, 2.809177;0.8365701, -0.03240038, 2.988208;1.00045, -0.04096619, 2.654409;0.9551736, 0.1884373, 2.915827;0.9093946, 0.1181847, 2.967527;0.9847577, 0.1254368, 2.857495;0.9426658, -0.3535546, 3.010787;1.061658, -0.3275927, 2.719507;0.9452417, -0.7109398, 3.045766;1.102461, -0.6957979, 2.640126;0.9042867, -0.7802827, 3.036206;1.048745, -0.7753375, 2.5905;
0.9149879, 0.8000629, 2.940462;1.005532, 0.6380112, 2.934546;0.9643593, 0.2635796, 2.918167;0.8971604, 0.514175, 3.102402;1.072754, 0.5083041, 2.808566;0.8347517, -0.03211406, 2.988658;0.9978946, -0.04341679, 2.654509;0.955403, 0.1883208, 2.919488;0.9095194, 0.117309, 2.972023;0.9862313, 0.1238176, 2.861149;0.9407097, -0.3524114, 3.009812;1.061256, -0.3274564, 2.720213;0.9451921, -0.7110029, 3.045747;1.101984, -0.6950126, 2.639853;0.904278, -0.7802247, 3.035659;1.048595, -0.7747101, 2.589787;
0.9013488, 0.7875896, 2.927912;0.9973467, 0.6300217, 2.931766;0.9635209, 0.2618621, 2.921756;0.8925727, 0.5113308, 3.102296;1.069597, 0.5039281, 2.807229;0.8343318, -0.03148188, 2.989556;0.9992785, -0.0329318, 2.65624;0.95559, 0.1872165, 2.924241;0.9098412, 0.1153159, 2.979457;0.9879243, 0.120778, 2.866243;0.9372544, -0.3516137, 3.00949;1.060351, -0.3291111, 2.720429;0.945012, -0.7111257, 3.04571;1.101672, -0.6953328, 2.63945;0.9034646, -0.7797909, 3.034825;1.048519, -0.7751464, 2.589999;
0.882487, 0.7778748, 2.924515;0.986919, 0.6235991, 2.924975;0.9631622, 0.2607793, 2.924893;0.8848353, 0.5061936, 3.098691;1.06586, 0.5012476, 2.806538;0.8323915, -0.03512051, 2.987809;1.000739, -0.02382275, 2.65712;0.9567556, 0.1867043, 2.929654;0.9122345, 0.1138796, 2.989359;0.99138, 0.1181198, 2.872388;0.9366421, -0.3515601, 3.009847;1.060119, -0.3300169, 2.720322;0.9448764, -0.7111368, 3.045833;1.101357, -0.6952134, 2.639271;0.9027208, -0.7791424, 3.033448;1.047827, -0.7754969, 2.590278;
0.8622408, 0.7578799, 2.907123;0.9754434, 0.6093113, 2.925797;0.9630669, 0.2567891, 2.928236;0.8764307, 0.5001819, 3.0943;1.058284, 0.4936119, 2.805504;0.8272604, -0.0429734, 2.993034;0.9976807, -0.02569951, 2.655491;0.9582795, 0.1841587, 2.932887;0.9146883, 0.1104071, 2.992883;0.9949918, 0.114871, 2.875341;0.935513, -0.3513606, 3.009882;1.058593, -0.3298119, 2.720563;0.9449388, -0.7103422, 3.046577;1.099872, -0.6949, 2.638061;0.898248, -0.7800153, 3.031317;1.047452, -0.7761923, 2.590604;
0.8420113, 0.7273436, 2.89911;0.9614766, 0.5948739, 2.925375;0.962733, 0.2466882, 2.933562;0.8637741, 0.4644497, 3.079626;1.050951, 0.4880873, 2.805407;0.8251027, -0.04350761, 2.992474;0.9948003, -0.02660808, 2.651178;0.9610442, 0.1754071, 2.938915;0.9202575, 0.0997166, 3.000293;1.000638, 0.1067488, 2.880805;0.9327965, -0.3517286, 3.009723;1.05643, -0.3326577, 2.72031;0.944438, -0.7101457, 3.046541;1.098855, -0.6951098, 2.6374;0.8984784, -0.780108, 3.031349;1.047408, -0.7763614, 2.587867;
0.8222779, 0.7085019, 2.889319;0.9488344, 0.5808077, 2.924986;0.9651059, 0.2415989, 2.93453;0.8587897, 0.4628344, 3.077807;1.045612, 0.4814219, 2.804195;0.8174983, -0.0513845, 2.987488;0.9862695, -0.0327521, 2.647813;0.966563, 0.1708925, 2.94022;0.9290865, 0.09369855, 3.000128;1.012219, 0.1025871, 2.883445;0.9312966, -0.3517081, 3.009876;1.054918, -0.3330818, 2.719936;0.9444754, -0.7101851, 3.046495;1.09867, -0.6951509, 2.637155;0.900043, -0.7799758, 3.031446;1.047333, -0.776384, 2.587785;
0.7951475, 0.6793094, 2.88372;0.9294279, 0.5611196, 2.91385;0.9703373, 0.2295036, 2.93399;0.8424675, 0.442847, 3.065205;1.036093, 0.4669502, 2.800181;0.8095334, -0.08347403, 2.980234;0.9783942, -0.05304284, 2.641375;0.9771907, 0.1595715, 2.940991;0.9447595, 0.0790884, 3.003357;1.030941, 0.09109449, 2.883986;0.928661, -0.3521102, 3.01133;1.052895, -0.3341357, 2.719036;0.9439788, -0.7095226, 3.045561;1.096023, -0.6980217, 2.634543;0.9006546, -0.779896, 3.031367;1.046312, -0.7773952, 2.587834;
0.7810218, 0.6500539, 2.858639;0.9190674, 0.5412624, 2.90247;0.975476, 0.2145627, 2.933975;0.8337086, 0.4232894, 3.05936;1.022057, 0.4494647, 2.795618;0.8074845, -0.08444667, 2.980009;0.970798, -0.06673961, 2.637188;0.9855962, 0.1470526, 2.943038;0.9556257, 0.06701521, 3.008914;1.040742, 0.08141947, 2.886286;0.9276041, -0.3525969, 3.012629;1.051651, -0.3336771, 2.718312;0.9436029, -0.7089106, 3.045877;1.096051, -0.6984214, 2.634321;0.9027199, -0.7796829, 3.031985;1.045798, -0.7776356, 2.587688;
0.7629732, 0.6216878, 2.849544;0.8931739, 0.4981912, 2.907562;0.9800969, 0.1914195, 2.937587;0.8205087, 0.3977879, 3.0481;1.014866, 0.4304335, 2.789252;0.7924256, -0.1437448, 2.967652;0.9632404, -0.08186082, 2.633278;0.9951599, 0.1274847, 2.947018;0.9677243, 0.04904418, 3.012717;1.057202, 0.06517847, 2.891083;0.9243366, -0.3574221, 3.015845;1.051949, -0.3342485, 2.718551;0.9437207, -0.7092867, 3.045861;1.095794, -0.6987494, 2.633954;0.9037929, -0.7793972, 3.032291;1.045746, -0.7777292, 2.587599;
0.7427059, 0.5756283, 2.827939;0.8880993, 0.4673013, 2.895344;0.9918001, 0.1643822, 2.934254;0.8152226, 0.3670616, 3.033303;1.003492, 0.4101315, 2.786648;0.7870986, -0.1509137, 2.963953;0.9541382, -0.09194479, 2.624195;1.012075, 0.1026408, 2.945345;0.9901208, 0.0264306, 3.01264;1.077007, 0.04721875, 2.89072;0.921583, -0.3699134, 3.022363;1.051393, -0.3363088, 2.717685;0.9443824, -0.7052255, 3.0472;1.094381, -0.7026142, 2.63153;0.9081284, -0.7763426, 3.034243;1.044488, -0.7787687, 2.587207;
0.7366782, 0.5593619, 2.820009;0.8765672, 0.4410638, 2.885091;0.9968557, 0.1413858, 2.937118;0.8062009, 0.3453789, 3.023706;1.000519, 0.3850437, 2.772191;0.7850165, -0.160333, 2.962178;0.9369123, -0.1515043, 2.615315;1.020717, 0.07991425, 2.95085;0.9972878, 0.01153781, 3.012207;1.089509, 0.03066438, 2.906457;0.9194347, -0.3819975, 3.026213;1.052852, -0.339192, 2.718057;0.9442888, -0.705928, 3.046887;1.094268, -0.7028544, 2.631539;0.9079744, -0.7769393, 3.033968;1.044557, -0.7785723, 2.586737;
0.7003795, 0.4570875, 2.781211;0.8546399, 0.367191, 2.846183;1.005939, 0.0797694, 2.917238;0.7850939, 0.2746222, 2.989409;0.9838964, 0.3231711, 2.760324;0.7666833, -0.2244865, 2.952883;0.9100521, -0.2359029, 2.597155;1.036199, 0.02228507, 2.934916;1.020797, -0.04675058, 2.992725;1.10951, -0.01868699, 2.900885;0.9067031, -0.4260989, 3.040569;1.049996, -0.3720701, 2.706846;0.9435271, -0.707652, 3.046386;1.094018, -0.7036918, 2.631305;0.9070197, -0.7784205, 3.033233;1.044293, -0.7790691, 2.586977;
0.6965019, 0.4500021, 2.775182;0.8456939, 0.3496355, 2.835097;1.00746, 0.07576522, 2.915462;0.7807823, 0.2439998, 2.982155;0.9762043, 0.3140841, 2.757227;0.7624197, -0.2353847, 2.960441;0.9086267, -0.2395105, 2.59743;1.038652, 0.01928043, 2.933856;1.024422, -0.04940323, 2.992214;1.111912, -0.0197129, 2.900303;0.9051889, -0.425809, 3.041558;1.050005, -0.3727436, 2.708761;0.9421118, -0.7044611, 3.04587;1.093337, -0.7034389, 2.631937;0.9097214, -0.7774262, 3.034691;1.044404, -0.7786584, 2.586719;
0.6856444, 0.3997698, 2.753462;0.839768, 0.3240225, 2.821236;1.008811, 0.06084274, 2.913795;0.7601742, 0.2079606, 2.976922;0.9665561, 0.2962373, 2.749989;0.7561802, -0.2691512, 2.959714;0.9072131, -0.2670031, 2.598881;1.041475, 0.007167732, 2.934387;1.024769, -0.06025305, 2.990948;1.118276, -0.02644067, 2.905529;0.9007763, -0.4335297, 3.043846;1.049693, -0.3745153, 2.708807;0.9399649, -0.7056397, 3.046438;1.092858, -0.7038434, 2.631208;0.9090627, -0.7789869, 3.034319;1.043839, -0.7795866, 2.58736;
0.6804343, 0.3552559, 2.743481;0.8360057, 0.2858737, 2.810053;1.033819, 0.05650267, 2.913933;0.7582662, 0.1793741, 2.968077;0.9772828, 0.2504125, 2.741153;0.7464889, -0.3388734, 2.948843;0.9023306, -0.2847105, 2.596609;1.080623, 0.009184242, 2.938079;1.080411, -0.05973445, 2.98769;1.163965, -0.0009987981, 2.923345;0.9075327, -0.4126935, 3.041004;1.050199, -0.3842415, 2.707968;0.9343646, -0.7203627, 3.047934;1.092695, -0.703851, 2.63138;0.9031669, -0.791518, 3.027112;1.043606, -0.779777, 2.587411;
0.6625419, 0.3114267, 2.724371;0.8311458, 0.2715063, 2.804052;1.01286, 0.004337564, 2.912057;0.7537921, 0.1584505, 2.950314;0.9691321, 0.2366012, 2.73849;0.7476445, -0.3462017, 2.952575;0.9031382, -0.3119461, 2.595037;1.049935, -0.04693175, 2.937982;1.035263, -0.1047972, 2.998437;1.134614, -0.0858768, 2.916642;0.8855869, -0.4679655, 3.048045;1.046905, -0.4136206, 2.694633;0.9150114, -0.7744225, 3.057317;1.092493, -0.7043353, 2.631723;0.8954567, -0.7897846, 2.980896;1.043997, -0.7794142, 2.586706;
0.6542186, 0.2804901, 2.711989;0.8221109, 0.2283796, 2.789903;1.017626, -0.008998613, 2.913891;0.7731475, 0.1266116, 2.920921;0.953334, 0.2053601, 2.731641;0.7416665, -0.3720981, 2.944959;0.8864974, -0.3711395, 2.589434;1.056276, -0.05931092, 2.941293;1.040642, -0.1093893, 2.998157;1.135296, -0.09114492, 2.920432;0.8926051, -0.472625, 3.047653;1.048074, -0.4197722, 2.697708;0.9226413, -0.7780776, 3.057632;1.093315, -0.7228106, 2.628515;0.8851331, -0.7777672, 2.986655;1.044733, -0.7790613, 2.586414;
0.6496067, 0.2422236, 2.701782;0.8211465, 0.2026216, 2.782115;1.019399, -0.02677665, 2.914421;0.7728422, 0.1020005, 2.913118;0.9478716, 0.1929659, 2.725893;0.7260211, -0.4153096, 2.944871;0.8855797, -0.3912649, 2.593926;1.058542, -0.0730008, 2.943401;1.045262, -0.1200901, 2.995966;1.133379, -0.09946988, 2.927308;0.8890848, -0.4791366, 3.046424;1.047424, -0.4287353, 2.694261;0.9158664, -0.7837257, 3.058884;1.094439, -0.7309948, 2.627807;0.8908174, -0.7710196, 2.983771;1.044268, -0.7793502, 2.586406;
0.6277944, 0.1443972, 2.676086;0.7992625, 0.1099647, 2.753384;1.012767, -0.09155454, 2.902235;0.7410695, -0.01651937, 2.921558;0.9361014, 0.09445585, 2.704134;0.7193894, -0.5027846, 2.92383;0.8718686, -0.4711505, 2.591192;1.055468, -0.1318584, 2.935424;1.047107, -0.1961725, 2.950436;1.131269, -0.1305961, 2.963954;0.8869058, -0.5324246, 3.042484;1.023335, -0.4322954, 2.679754;0.9311136, -0.7139499, 3.043301;1.095272, -0.730083, 2.629486;0.9021807, -0.7870328, 3.028103;1.043452, -0.7800508, 2.586244;
0.6184381, 0.1033611, 2.667558;0.787296, 0.05904087, 2.742053;1.012119, -0.09821618, 2.902707;0.7355758, -0.06301326, 2.924893;0.9326159, 0.07101846, 2.702529;0.7123376, -0.5247631, 2.925481;0.8643236, -0.5131038, 2.580341;1.055535, -0.1347275, 2.936333;1.04797, -0.2001989, 2.955717;1.131746, -0.1311366, 2.963857;0.8814667, -0.5255675, 3.038172;1.050938, -0.5049288, 2.673561;0.9309624, -0.7138954, 3.043;1.090894, -0.720166, 2.628187;0.8993149, -0.7856469, 3.027745;1.043009, -0.7806157, 2.585743;
0.6137366, 0.0765803, 2.659426;0.781233, 0.03474103, 2.735379;0.9876318, -0.1655689, 2.869465;0.7394521, -0.113752, 2.944219;0.9273415, 0.05431629, 2.70051;0.706551, -0.6111859, 2.92671;0.8616631, -0.545279, 2.581261;1.029384, -0.2037378, 2.900205;1.024978, -0.2712814, 2.920748;1.107067, -0.2031826, 2.924545;0.8661733, -0.5322258, 3.026533;1.046065, -0.5108613, 2.673192;0.9308193, -0.7151845, 3.042003;1.090715, -0.7199231, 2.628472;0.8975731, -0.7862098, 3.027579;1.042869, -0.7806649, 2.585592;
0.6078061, 0.05242629, 2.651672;0.7697147, 0.01128298, 2.724573;0.9725035, -0.2441111, 2.830225;0.7833314, -0.11764, 2.89613;0.9164882, 0.005677844, 2.681777;0.7114482, -0.5890931, 2.9312;0.8536422, -0.5907695, 2.576608;1.013822, -0.2936399, 2.855471;1.006905, -0.3363222, 2.872136;1.070697, -0.3108412, 2.86309;0.8572652, -0.5403016, 3.020564;1.053482, -0.5153368, 2.671762;0.9315012, -0.7191818, 3.041422;1.090252, -0.7202393, 2.62832;0.8940751, -0.787984, 3.027378;1.042426, -0.7808842, 2.585356;
0.6060519, 0.03701276, 2.648675;0.7671725, 0.0001982572, 2.722128;0.9590038, -0.2474699, 2.822134;0.7322415, -0.1510242, 2.936466;0.9166988, 0.004545968, 2.681757;0.7221789, -0.666277, 2.902266;0.8604504, -0.5712057, 2.575266;0.99509, -0.2963302, 2.844335;0.9785658, -0.3562812, 2.843849;1.067097, -0.3149002, 2.864158;0.8880972, -0.5623958, 3.037001;1.052255, -0.5169372, 2.670834;0.9308934, -0.7221362, 3.040841;1.089445, -0.7179352, 2.62881;0.8920372, -0.7900054, 3.027008;1.042163, -0.7814668, 2.58548;
0.6064935, 0.01160016, 2.642942;0.7721897, -0.03479216, 2.723116;0.9594786, -0.2473367, 2.822605;0.7325214, -0.1521105, 2.936049;0.8828526, -0.007543156, 2.67781;0.7145037, -0.61884, 2.925386;0.8586023, -0.5829221, 2.570999;0.9965116, -0.2940956, 2.84587;0.9895378, -0.3504399, 2.847531;1.066885, -0.307965, 2.87313;0.8889836, -0.5640015, 3.03654;1.036951, -0.4629741, 2.666093;0.9311776, -0.7232538, 3.040472;1.089536, -0.7191236, 2.629344;0.8865366, -0.787689, 3.028399;1.042826, -0.7817141, 2.585161;
0.6087848, 0.007783681, 2.642451;0.7764757, -0.0403977, 2.724651;0.9594525, -0.2509801, 2.819973;0.7198085, -0.1779469, 2.941499;0.8832253, -0.007862534, 2.677559;0.7157453, -0.6275257, 2.928249;0.8459244, -0.5915057, 2.57118;0.9959909, -0.2961096, 2.842796;0.9897444, -0.355529, 2.851859;1.06737, -0.3168651, 2.850107;0.8893788, -0.5657777, 3.035357;1.038813, -0.4634505, 2.66732;0.9297293, -0.7247776, 3.039968;1.089559, -0.7206431, 2.629776;0.8822561, -0.7865827, 3.025766;1.042976, -0.7822675, 2.584465;
0.6064008, 0.002453668, 2.64174;0.7652023, -0.04464485, 2.718791;0.9605927, -0.2535049, 2.822076;0.7230867, -0.1863869, 2.932249;0.8866029, -0.03703365, 2.677757;0.7164944, -0.6384157, 2.929409;0.8444729, -0.5957478, 2.566718;0.999162, -0.2983499, 2.846597;0.9952462, -0.3573189, 2.860864;1.070735, -0.3149668, 2.859232;0.8882128, -0.5722401, 3.033117;0.8630571, -0.5039362, 2.570071;0.9294573, -0.7304822, 3.038338;1.08917, -0.7206517, 2.629904;0.8803859, -0.7911855, 3.025502;1.044273, -0.7823507, 2.582642;
0.6193149, -0.03920599, 2.648264;0.7712783, -0.07434178, 2.720935;0.9565296, -0.2724031, 2.823674;0.7434862, -0.2265285, 2.931571;0.8797245, -0.04023286, 2.670286;0.7172785, -0.6490169, 2.926087;0.8421991, -0.5922985, 2.572181;0.9943169, -0.3123845, 2.847703;0.9886904, -0.37919, 2.869991;1.065989, -0.3213714, 2.858272;0.8417426, -0.6361402, 3.028406;0.8601558, -0.5059527, 2.565426;0.9276233, -0.7314171, 3.036987;1.089268, -0.7221071, 2.630124;0.8777187, -0.7913148, 3.024328;1.044363, -0.7827643, 2.582527;
0.6145494, -0.04169668, 2.646654;0.7691289, -0.07726833, 2.720274;0.956925, -0.2762611, 2.824206;0.7417649, -0.2274468, 2.93092;0.8785437, -0.06636553, 2.666531;0.7030181, -0.73391, 2.926966;0.8432794, -0.6172531, 2.566997;0.9950559, -0.3164504, 2.848478;0.9889629, -0.3800064, 2.870463;1.065929, -0.3238768, 2.858335;0.8459218, -0.6308715, 3.027591;0.8594319, -0.4906961, 2.555508;0.9234923, -0.7216315, 3.03598;1.08912, -0.722208, 2.630164;0.8766534, -0.7847455, 3.028785;1.043405, -0.7835099, 2.580897;
0.6140605, -0.05310456, 2.649094;0.7706249, -0.091801, 2.723871;0.9543409, -0.2794059, 2.824733;0.7354623, -0.2154065, 2.902025;0.876469, -0.046049, 2.66822;0.7145241, -0.6673796, 2.922881;0.8431677, -0.6133038, 2.572398;0.9916904, -0.3185576, 2.848702;0.9851168, -0.3836628, 2.865826;1.06165, -0.3260753, 2.865706;0.8427901, -0.6322737, 3.026786;0.8616663, -0.4862569, 2.555104;0.9235432, -0.7215986, 3.036037;1.087895, -0.7227381, 2.630177;0.8744297, -0.7828171, 3.028502;1.043143, -0.7839686, 2.580808;
0.6110078, -0.05280882, 2.647572;0.7683612, -0.0914921, 2.722651;0.9574642, -0.2775161, 2.825752;0.7288255, -0.2069689, 2.894055;0.8712999, -0.06101673, 2.669803;0.7098916, -0.7440013, 2.916244;0.8432916, -0.644329, 2.559673;0.9972482, -0.3150058, 2.850623;1.005192, -0.3703795, 2.85382;1.068937, -0.3199314, 2.884148;0.8826871, -0.5983967, 3.020638;0.8824114, -0.4801885, 2.565353;0.9245036, -0.7331429, 3.035992;1.087941, -0.7237701, 2.630034;0.8683098, -0.7874113, 3.026314;1.043254, -0.7841172, 2.58111;
0.6100453, -0.05305821, 2.646859;0.7675025, -0.09160188, 2.7211;0.9570328, -0.2777015, 2.825374;0.7279828, -0.2053015, 2.8909;0.8736763, -0.0423655, 2.673667;0.7061118, -0.7465316, 2.913798;0.8494852, -0.6526572, 2.554972;0.9964386, -0.3152415, 2.850196;0.9999868, -0.3734771, 2.854546;1.067342, -0.3205373, 2.88258;0.8809514, -0.596931, 3.020737;0.8791884, -0.4776832, 2.563616;0.9236802, -0.735911, 3.034294;1.08763, -0.7243318, 2.630269;0.8668498, -0.7895862, 3.026221;1.042681, -0.7845473, 2.581025;
0.6060886, -0.05503346, 2.646439;0.7648098, -0.09148895, 2.720978;0.9524236, -0.2762434, 2.820915;0.7256331, -0.2040018, 2.890322;0.8756973, -0.03872643, 2.674138;0.7059553, -0.7471821, 2.914019;0.8461071, -0.6607181, 2.556942;0.9901881, -0.3130568, 2.843599;0.992204, -0.3754663, 2.838659;1.065882, -0.321076, 2.881773;0.8809616, -0.5969361, 3.020638;0.8722355, -0.4852832, 2.570459;0.9237294, -0.7375718, 3.034644;1.088687, -0.7272279, 2.630674;0.867274, -0.7916005, 3.027666;1.041396, -0.7855233, 2.580187;
0.6052293, -0.05655524, 2.645985;0.7643775, -0.09180818, 2.72077;0.9476619, -0.2779987, 2.821603;0.7254024, -0.203936, 2.890021;0.8766176, -0.03743067, 2.674128;0.7045035, -0.7494041, 2.913277;0.8527534, -0.6268575, 2.557822;0.983744, -0.315336, 2.844921;0.9817895, -0.3828135, 2.841266;1.059616, -0.3243277, 2.885684;0.8366448, -0.6476643, 3.025712;0.872449, -0.4783725, 2.565313;0.9236144, -0.7375456, 3.034508;1.088483, -0.7277697, 2.630283;0.8673279, -0.7915584, 3.027527;1.041226, -0.7855316, 2.580022;
0.6047825, -0.05845583, 2.645326;0.7643855, -0.09216835, 2.720627;0.9489062, -0.2764511, 2.821748;0.7254473, -0.2039663, 2.889828;0.8785852, -0.03556064, 2.673464;0.7041599, -0.7490104, 2.914176;0.8527871, -0.6262265, 2.557936;0.9858475, -0.3126526, 2.845285;0.9864637, -0.3776909, 2.845445;1.061927, -0.3196405, 2.883503;0.8786095, -0.5970314, 3.02314;0.872576, -0.4771152, 2.566604;0.9229419, -0.7223617, 3.034567;1.088402, -0.7278568, 2.630912;0.876153, -0.7847674, 3.028473;1.041289, -0.7855683, 2.580059;
0.6049767, -0.06072899, 2.6453;0.7648199, -0.09325006, 2.720884;0.9522218, -0.2855583, 2.825312;0.7258484, -0.2043686, 2.889826;0.8601767, -0.06812173, 2.673848;0.7066109, -0.7356192, 2.916267;0.8449687, -0.6584802, 2.554595;0.9901379, -0.3249118, 2.850044;0.9877994, -0.3821779, 2.852055;1.058016, -0.3300449, 2.879725;0.8739288, -0.6128007, 3.022945;0.8678225, -0.477529, 2.558744;0.9232476, -0.7118708, 3.035772;1.087906, -0.7274073, 2.630791;0.8800728, -0.7793628, 3.028655;1.0422, -0.7856635, 2.580012;
0.6081712, -0.06600344, 2.647116;0.7684937, -0.09749434, 2.723203;0.9484934, -0.2929292, 2.827217;0.7295471, -0.2074708, 2.891599;0.8625292, -0.06793851, 2.67316;0.7044516, -0.744066, 2.915462;0.8432886, -0.6664983, 2.55613;0.9840109, -0.3332095, 2.851748;0.9764799, -0.393876, 2.856993;1.049025, -0.3402305, 2.878943;0.8295009, -0.6423416, 3.021477;0.8645694, -0.4782712, 2.550533;0.924348, -0.7070816, 3.035178;1.087555, -0.7307066, 2.627922;0.880878, -0.7748898, 3.028389;1.041849, -0.7866161, 2.580067;
0.6076019, -0.06603263, 2.64686;0.7681308, -0.09738847, 2.723117;0.9458895, -0.2956654, 2.827537;0.7292838, -0.2072593, 2.891466;0.863106, -0.06859276, 2.672322;0.7092347, -0.6904292, 2.916467;0.8424609, -0.6686682, 2.556143;0.9810238, -0.336477, 2.852053;0.9729599, -0.3954672, 2.858517;1.044807, -0.3444907, 2.876819;0.8296461, -0.6424159, 3.021265;0.8619034, -0.4779836, 2.545916;0.9236555, -0.707042, 3.034527;1.087501, -0.7306756, 2.628293;0.8638673, -0.7876492, 3.019943;1.042014, -0.7866445, 2.579931;
0.605081, -0.06504926, 2.646743;0.7675565, -0.09712938, 2.72316;0.9409812, -0.2902402, 2.825608;0.7288215, -0.2068691, 2.891448;0.881327, -0.03488643, 2.674504;0.7088389, -0.6881166, 2.916555;0.8526049, -0.6252263, 2.555904;0.9746805, -0.3284156, 2.849081;0.9695152, -0.392938, 2.854791;1.044226, -0.3389215, 2.878319;0.8296458, -0.6424295, 3.021145;0.9343054, -0.5166889, 2.633968;0.922506, -0.7042542, 3.033568;1.087451, -0.7304887, 2.628679;0.8737838, -0.7821748, 3.024352;1.041152, -0.7875205, 2.580748;
0.6039981, -0.06462847, 2.646584;0.7673097, -0.09701324, 2.723134;0.9400424, -0.2896916, 2.82511;0.7286351, -0.2066716, 2.891387;0.87486, -0.0532847, 2.675058;0.6878116, -0.7481194, 2.918484;0.8438756, -0.6628932, 2.555246;0.9738246, -0.3278856, 2.848526;0.9681225, -0.3915842, 2.849643;1.042997, -0.3380872, 2.880534;0.8295876, -0.6423938, 3.021002;0.8596498, -0.4767065, 2.552917;0.923981, -0.7056555, 3.033573;1.087171, -0.7303669, 2.628685;0.8736324, -0.7828802, 3.02469;1.041103, -0.7874249, 2.580749;
0.6042909, -0.06523234, 2.647373;0.7682971, -0.09798862, 2.724476;0.9389741, -0.2892824, 2.824749;0.7297175, -0.2074095, 2.892595;0.8788463, -0.04272982, 2.676314;0.7086025, -0.67707, 2.915742;0.8435279, -0.6579306, 2.559624;0.9721207, -0.3271244, 2.847797;0.9666216, -0.3917798, 2.84921;1.042519, -0.3375787, 2.880214;0.8286438, -0.6433829, 3.020999;0.8998723, -0.5471011, 2.571848;0.9210999, -0.705282, 3.032011;1.071792, -0.785532, 2.575602;0.8747079, -0.7844207, 3.020613;0.9952052, -0.7908761, 2.589979;
0.603537, -0.06495588, 2.647196;0.7678659, -0.0980623, 2.724386;0.9379276, -0.2921741, 2.825001;0.7293958, -0.2074083, 2.892479;0.8743352, -0.06044004, 2.675126;0.7080078, -0.6775613, 2.915025;0.8419515, -0.6613634, 2.559917;0.9711996, -0.3312961, 2.848276;0.965041, -0.3935457, 2.850382;1.040083, -0.3414079, 2.878667;0.8285827, -0.6433641, 3.020754;0.8979213, -0.5480267, 2.568546;0.9248372, -0.706417, 3.032944;1.070138, -0.785306, 2.573003;0.8731875, -0.7835268, 3.022315;0.9943984, -0.7893211, 2.591633;
0.6031011, -0.06369819, 2.647073;0.767731, -0.09763547, 2.724132;0.9364167, -0.294417, 2.822584;0.7292961, -0.2068455, 2.892179;0.8744588, -0.06116662, 2.675099;0.7075913, -0.6791086, 2.914626;0.8412216, -0.6637818, 2.560575;0.9693845, -0.3346471, 2.845045;0.9626409, -0.3949421, 2.847047;1.036298, -0.348224, 2.873389;0.8289197, -0.6435825, 3.020736;0.8941174, -0.5528451, 2.562462;0.9248332, -0.7063451, 3.033073;1.067881, -0.7879348, 2.568204;0.872244, -0.7853552, 3.022433;0.9957396, -0.7860802, 2.598066;
0.6020687, -0.06305175, 2.646542;0.7669712, -0.09741522, 2.723493;0.9360653, -0.2946575, 2.822776;0.7286051, -0.2065467, 2.891518;0.8751155, -0.06234945, 2.674381;0.7074919, -0.6770494, 2.915168;0.8403044, -0.6561784, 2.561469;0.9691221, -0.3349124, 2.845501;0.961929, -0.3951542, 2.847995;1.036125, -0.3480315, 2.874104;0.8292898, -0.6429273, 3.020516;0.8951858, -0.5525101, 2.562971;0.9244927, -0.7070067, 3.032869;1.06778, -0.7875308, 2.568978;0.8724335, -0.7856492, 3.022361;0.994306, -0.7868469, 2.595448;
0.6015757, -0.06256622, 2.646422;0.7666845, -0.09724375, 2.723305;0.9357157, -0.2945898, 2.822698;0.7283483, -0.2063317, 2.891315;0.8780825, -0.04033624, 2.674677;0.7069398, -0.6760575, 2.914988;0.8400217, -0.6615667, 2.563951;0.9688438, -0.3348047, 2.845468;0.9605671, -0.3962741, 2.853084;1.036373, -0.3472195, 2.872181;0.8291405, -0.6431787, 3.020583;0.8939433, -0.5531128, 2.5633;0.9246229, -0.7073483, 3.03278;1.067102, -0.7867801, 2.569566;0.8712174, -0.7910019, 3.018914;0.9933134, -0.7884085, 2.595156;
0.6004457, -0.06082984, 2.646856;0.765851, -0.09612492, 2.723472;0.9355482, -0.2934851, 2.822787;0.7275599, -0.2051123, 2.891458;0.8816997, -0.04870798, 2.675205;0.7048061, -0.6742569, 2.914164;0.8400344, -0.6632973, 2.564319;0.9689, -0.3334253, 2.845633;0.960367, -0.3943355, 2.852723;1.037502, -0.3451972, 2.872766;0.8276791, -0.642564, 3.020621;0.8946662, -0.5525365, 2.565605;0.9229145, -0.7157412, 3.031585;1.067759, -0.7853108, 2.571969;0.8743851, -0.7877143, 3.020159;0.9926545, -0.7934951, 2.591735;
0.6000977, -0.05901095, 2.64735;0.7655847, -0.094745, 2.723773;0.9261948, -0.2984738, 2.818307;0.7273393, -0.2036251, 2.891747;0.88078, -0.03154515, 2.677944;0.7049202, -0.6725031, 2.914969;0.8401749, -0.6540181, 2.565638;0.9560074, -0.341231, 2.839156;0.946877, -0.4048803, 2.860918;1.014583, -0.3686112, 2.834306;0.8268575, -0.6431867, 3.020736;0.9218246, -0.5085669, 2.624162;0.9233286, -0.7142106, 3.031924;1.084673, -0.727251, 2.629614;0.8543466, -0.7934568, 3.019799;1.042178, -0.7877359, 2.578461;
0.571124, -0.02044873, 2.629015;0.7367278, -0.05684796, 2.704758;0.9377683, -0.2708628, 2.819221;0.6987423, -0.1654673, 2.872603;0.8806353, -0.05164994, 2.674027;0.7076842, -0.6649784, 2.91506;0.8325237, -0.6181933, 2.576042;0.9799041, -0.3070356, 2.845188;0.9766874, -0.3548428, 2.853104;1.051878, -0.3181262, 2.871897;0.8779432, -0.5942493, 3.021185;0.9086761, -0.5499759, 2.585102;0.9240814, -0.712193, 3.031742;1.075897, -0.7858959, 2.587348;0.8653073, -0.7886254, 3.021673;1.00026, -0.7900968, 2.568022;
0.5823843, -0.02325847, 2.638391;0.7393638, -0.05810078, 2.705449;0.9368487, -0.2723647, 2.81509;0.7013784, -0.1667201, 2.873294;0.8811357, -0.02797789, 2.671322;0.7053695, -0.6599568, 2.916451;0.8322117, -0.616501, 2.575619;0.9764985, -0.3121405, 2.837767;0.9722198, -0.3632389, 2.85366;1.044862, -0.3364894, 2.8382;0.8786498, -0.5924067, 3.021252;0.9298577, -0.5116429, 2.628454;0.9241321, -0.7105212, 3.031226;1.084754, -0.7272304, 2.6296;0.866612, -0.7908938, 3.02234;1.042189, -0.7877508, 2.57856;
0.5946016, -0.02052577, 2.647754;0.7491555, -0.0565078, 2.710796;0.9381086, -0.272801, 2.815293;0.7111701, -0.1651271, 2.87864;0.8849353, -0.03278863, 2.672808;0.7080374, -0.652224, 2.916636;0.8319275, -0.6152445, 2.574575;0.977356, -0.3133541, 2.838086;0.9723546, -0.3640106, 2.854388;1.045458, -0.3369965, 2.840848;0.8789356, -0.5912459, 3.021118;0.8542129, -0.5246435, 2.550747;0.9267131, -0.7197359, 3.032951;1.084559, -0.7263269, 2.629472;0.8812643, -0.7828439, 3.025685;1.041915, -0.7873431, 2.57828;
0.5956283, -0.009860565, 2.647187;0.7500744, -0.05351524, 2.71226;0.9381651, -0.2731245, 2.815587;0.7120891, -0.1621345, 2.880105;0.8854482, -0.03353658, 2.672755;0.7090584, -0.6462513, 2.918871;0.8355317, -0.6133149, 2.574281;0.9770584, -0.3151572, 2.83895;0.9705802, -0.368158, 2.870595;1.045163, -0.3409424, 2.83884;0.8751855, -0.4801627, 2.992809;0.8518289, -0.5242914, 2.548163;0.9325663, -0.7276213, 3.035337;1.086056, -0.727757, 2.628937;0.8794467, -0.7837397, 3.024716;1.042003, -0.7874534, 2.578172;
0.5963159, 0.04157431, 2.65093;0.755478, 0.001359553, 2.72359;0.9485912, -0.2327331, 2.82398;0.7363411, -0.1246887, 2.926058;0.8947566, -0.01544503, 2.67416;0.7007442, -0.599968, 2.91422;0.854122, -0.5728872, 2.580433;0.9865273, -0.2816323, 2.846735;0.9809605, -0.3251904, 2.859039;1.051658, -0.2950571, 2.864872;0.9016706, -0.6526276, 3.05121;0.8895631, -0.5007382, 2.570326;0.9325421, -0.7291868, 3.035317;1.086876, -0.7284827, 2.628703;0.8833584, -0.788379, 3.023445;1.041875, -0.7873959, 2.578985;
0.5999775, 0.05980141, 2.652633;0.7680265, 0.02781631, 2.72887;0.9485385, -0.2216297, 2.821796;0.7305841, -0.1098329, 2.9318;0.8974252, 0.03974822, 2.688566;0.7082974, -0.5824993, 2.912559;0.8788359, -0.5438523, 2.574893;0.985221, -0.2703841, 2.843693;0.9793946, -0.3202992, 2.858854;1.0501, -0.2909254, 2.858096;0.8598797, -0.5112768, 3.014417;1.038919, -0.4580444, 2.664055;0.9313831, -0.7251734, 3.036043;1.08689, -0.7284817, 2.628705;0.8856544, -0.7868891, 3.024058;1.041882, -0.7865814, 2.579909;
0.6086153, 0.09212898, 2.661492;0.7751442, 0.04557899, 2.73449;0.9607452, -0.1750892, 2.840055;0.7406728, -0.05057823, 2.890722;0.9043308, 0.05237368, 2.692878;0.7172987, -0.5313931, 2.919128;0.8699334, -0.5387064, 2.578175;0.9970363, -0.2212918, 2.863762;0.9892917, -0.271425, 2.870759;1.05989, -0.2413187, 2.885268;0.8611584, -0.5110632, 3.015542;0.976601, -0.4966424, 2.598405;0.9314321, -0.725239, 3.036042;1.088314, -0.728251, 2.629361;0.887293, -0.78798, 3.024234;1.041654, -0.7861347, 2.580347;
0.6141081, 0.1192345, 2.669353;0.7810202, 0.08346504, 2.746928;0.9590982, -0.1688258, 2.838982;0.7315234, -0.04321747, 2.911454;0.9168717, 0.07907664, 2.700613;0.714163, -0.5370809, 2.916935;0.8736131, -0.5118303, 2.58299;0.9950767, -0.216543, 2.861892;0.9870414, -0.2695549, 2.867663;1.060038, -0.2400604, 2.885;0.8689217, -0.5130349, 3.019598;1.07725, -0.5742655, 2.658067;0.9331108, -0.7189537, 3.037032;1.089435, -0.7260862, 2.630791;0.8907704, -0.782784, 3.025041;1.040941, -0.7855618, 2.581351;
0.6152573, 0.1386519, 2.671091;0.7801364, 0.1007872, 2.750188;0.9589353, -0.1489842, 2.841436;0.7345883, -0.03837365, 2.920964;0.9257512, 0.1018597, 2.706942;0.7212298, -0.4946962, 2.915891;0.8749847, -0.5007287, 2.587449;0.9948581, -0.1995756, 2.863237;0.9863533, -0.2646469, 2.863462;1.065789, -0.21584, 2.897244;0.8788285, -0.5113003, 3.022746;1.072901, -0.5736704, 2.660261;0.9330668, -0.7189231, 3.037158;1.089452, -0.7260065, 2.629842;0.8908273, -0.7827545, 3.025365;1.040279, -0.78534, 2.581447;
0.6235525, 0.1789804, 2.677072;0.7874043, 0.132137, 2.751523;0.9612177, -0.1378869, 2.843252;0.7380365, 0.007846693, 2.915706;0.9301195, 0.1119464, 2.703243;0.7227849, -0.4827355, 2.915258;0.8722611, -0.4965141, 2.606534;0.9964546, -0.1907793, 2.864903;0.9850543, -0.2514472, 2.86549;1.066402, -0.2117073, 2.896128;0.8955687, -0.5059007, 3.027307;1.023209, -0.5003788, 2.636578;0.93304, -0.7201282, 3.036879;1.089246, -0.7792674, 2.600527;0.8922248, -0.7846707, 3.024475;1.01741, -0.7876322, 2.573048;
0.6253522, 0.1874706, 2.677235;0.7890811, 0.1406079, 2.7517;0.9621884, -0.1230945, 2.84942;0.7387236, 0.01199601, 2.91566;0.9322692, 0.1225616, 2.708336;0.7287704, -0.4768025, 2.916124;0.8852101, -0.4260623, 2.596535;0.9969058, -0.1755359, 2.872437;0.9827904, -0.2337904, 2.876718;1.065904, -0.1982733, 2.898987;0.8963422, -0.5050304, 3.027438;1.025046, -0.4915065, 2.645657;0.934163, -0.7193915, 3.03716;1.090847, -0.769645, 2.608402;0.8928228, -0.7834482, 3.024458;1.023938, -0.7903086, 2.575694;
0.6377855, 0.235743, 2.688241;0.8046502, 0.1891387, 2.768155;0.9644509, -0.1042847, 2.852808;0.7466738, 0.03355226, 2.929511;0.9300194, 0.1427096, 2.713022;0.7356987, -0.4608662, 2.91333;0.8883805, -0.4175668, 2.610001;0.9975255, -0.1615184, 2.874048;0.9832526, -0.2203836, 2.880882;1.062159, -0.1830644, 2.893335;0.8996874, -0.5014013, 3.030703;1.043593, -0.4874475, 2.652491;0.9339687, -0.7170113, 3.037198;1.088696, -0.7680638, 2.601346;0.8939899, -0.7819247, 3.024829;1.01954, -0.7914875, 2.576171;
0.6387269, 0.2378598, 2.689074;0.8060274, 0.1920865, 2.768108;0.9665387, -0.09786917, 2.859729;0.7502754, 0.04198024, 2.931646;0.9296549, 0.172218, 2.71675;0.7405171, -0.445635, 2.907005;0.8939934, -0.3731909, 2.609655;0.9991229, -0.155249, 2.882191;0.9833618, -0.2167765, 2.885769;1.062919, -0.1749692, 2.90485;0.8859816, -0.5196685, 3.079732;1.047363, -0.4726758, 2.656401;0.9090437, -0.8009055, 3.09299;1.088298, -0.7532153, 2.602146;0.8969485, -0.7788977, 3.020008;1.026532, -0.7928754, 2.578291;
0.6402657, 0.2696961, 2.693624;0.806532, 0.2140474, 2.770349;0.9720871, -0.08159751, 2.860048;0.7492123, 0.1276834, 2.901997;0.9284686, 0.180626, 2.719594;0.7437544, -0.3624715, 2.916994;0.9089875, -0.361617, 2.618646;1.00517, -0.1405389, 2.881675;0.9929105, -0.1865435, 2.88901;1.064908, -0.1645363, 2.899012;0.8926491, -0.5012433, 3.061191;1.050407, -0.4685595, 2.660258;0.9202492, -0.7812454, 3.077192;1.08942, -0.712948, 2.629804;0.8893968, -0.7799227, 3.006466;1.039935, -0.7841782, 2.583799;
0.6463923, 0.3009478, 2.699549;0.8161352, 0.2371228, 2.77635;0.9764498, -0.06643865, 2.86142;0.7495229, 0.1337046, 2.916262;0.9330946, 0.2073879, 2.723773;0.7490802, -0.3556006, 2.915414;0.912613, -0.322759, 2.634242;1.008704, -0.1268871, 2.882103;0.9937918, -0.1807631, 2.889794;1.068004, -0.1525024, 2.896422;0.8942564, -0.4920219, 3.06593;1.057934, -0.4602607, 2.664412;0.9402992, -0.7112324, 3.039051;1.090049, -0.7123475, 2.63026;0.8988842, -0.7800176, 3.026264;1.040331, -0.783805, 2.584138;
0.6514707, 0.332702, 2.70455;0.8150495, 0.254961, 2.774172;0.9772283, -0.04531479, 2.872;0.7486889, 0.1494849, 2.922341;0.9338652, 0.2236169, 2.724325;0.7599459, -0.3165351, 2.911074;0.9132135, -0.3181846, 2.636687;1.009804, -0.1048283, 2.895606;0.9966159, -0.1528148, 2.914339;1.068611, -0.1394198, 2.90408;0.9027628, -0.482005, 3.058062;1.066933, -0.4461711, 2.672358;0.9404469, -0.7117165, 3.039238;1.091132, -0.7106515, 2.631297;0.8996686, -0.77916, 3.026447;1.040453, -0.7832434, 2.58403;
0.6625417, 0.3524199, 2.715234;0.8175428, 0.2695174, 2.778687;0.9784472, -0.03665166, 2.871087;0.7526147, 0.1605689, 2.93097;0.9362174, 0.2316167, 2.724309;0.7608706, -0.3224118, 2.909283;0.9133975, -0.3061194, 2.64079;1.010775, -0.09729725, 2.893611;0.9969227, -0.1445881, 2.901615;1.068329, -0.1234041, 2.907481;0.9073414, -0.4690322, 3.054902;1.072361, -0.4314175, 2.679407;0.9399037, -0.7128388, 3.039643;1.091075, -0.7095075, 2.631521;0.900708, -0.779174, 3.026449;1.0408, -0.7829691, 2.584207;
0.6746706, 0.3758491, 2.732231;0.8184577, 0.2889435, 2.785045;0.9882636, 0.02790113, 2.888746;0.7529561, 0.1933414, 2.94351;0.9392157, 0.2507698, 2.727407;0.7685788, -0.2912658, 2.913045;0.913725, -0.2952595, 2.64517;1.022122, -0.02649415, 2.912008;1.01166, -0.08330432, 2.950022;1.086886, -0.0569238, 2.903425;0.9134654, -0.4321592, 3.032229;1.075982, -0.388492, 2.70657;0.9424434, -0.706009, 3.040413;1.091537, -0.707832, 2.632654;0.9014766, -0.7781149, 3.027218;1.040891, -0.7822104, 2.584413;
0.6902896, 0.409591, 2.733498;0.8251497, 0.3186158, 2.791406;0.9891291, 0.03417153, 2.892216;0.753089, 0.2180136, 2.940761;0.940483, 0.2640931, 2.730018;0.7729007, -0.2829982, 2.909045;0.9151649, -0.2639285, 2.650535;1.022524, -0.02138575, 2.915564;1.00927, -0.07137327, 2.952546;1.08705, -0.05355484, 2.908115;0.9212357, -0.4232755, 3.031453;1.078164, -0.3846219, 2.708658;0.9424917, -0.7068655, 3.04104;1.093114, -0.7057392, 2.634057;0.9039491, -0.7773984, 3.029096;1.041265, -0.7816125, 2.58452;
0.6875697, 0.42023, 2.735874;0.8253695, 0.327808, 2.793303;0.9825739, 0.05618682, 2.88485;0.7582004, 0.230124, 2.949157;0.9412782, 0.2909111, 2.734521;0.7763125, -0.2664461, 2.907929;0.9146878, -0.2525612, 2.654881;1.013583, 0.002747021, 2.905493;1.007353, -0.05717459, 2.945111;1.072605, -0.03231887, 2.895279;0.9344029, -0.4082447, 3.03614;1.079753, -0.3784685, 2.711092;0.9427418, -0.7011726, 3.044176;1.093207, -0.7054911, 2.633939;0.9100108, -0.7722626, 3.031217;1.04152, -0.7813749, 2.584599;
0.6910984, 0.4442095, 2.743514;0.8315881, 0.3477946, 2.797287;0.9826369, 0.05927432, 2.88422;0.7638547, 0.2629909, 2.954907;0.9422166, 0.3096128, 2.735265;0.7817147, -0.2473662, 2.909705;0.9144957, -0.2309947, 2.659716;1.013383, 0.00406929, 2.904932;1.005925, -0.05118751, 2.939648;1.071899, -0.03168824, 2.895396;0.9408843, -0.4017725, 3.03438;1.084438, -0.3742888, 2.713979;0.9399006, -0.7105799, 3.042584;1.093496, -0.7045199, 2.634199;0.9078283, -0.7796831, 3.030252;1.041805, -0.7806317, 2.584831;
0.6919583, 0.4610489, 2.750893;0.8317323, 0.3645241, 2.813072;0.9818021, 0.0743252, 2.883977;0.7653117, 0.2735576, 2.961412;0.9448509, 0.3229491, 2.738066;0.7912465, -0.2285289, 2.901034;0.9161001, -0.2126253, 2.662448;1.012128, 0.01736787, 2.90218;1.00566, -0.04071827, 2.935148;1.069502, -0.02001222, 2.891525;0.9486806, -0.3910208, 3.032402;1.089198, -0.3683178, 2.716229;0.9400219, -0.7106983, 3.042467;1.093984, -0.7041589, 2.634327;0.9070178, -0.7792771, 3.029785;1.042219, -0.7802074, 2.584992;
0.701592, 0.4776226, 2.764162;0.8361017, 0.3764803, 2.82132;0.9829878, 0.09562388, 2.885199;0.7680897, 0.3094559, 2.966735;0.9481797, 0.3404736, 2.742261;0.7945473, -0.2232472, 2.898419;0.9174432, -0.2043704, 2.671631;1.012315, 0.04007102, 2.901149;1.007855, -0.02305682, 2.935714;1.068566, 0.0001334045, 2.886193;0.9535701, -0.3850015, 3.033087;1.092135, -0.374429, 2.717278;0.9423352, -0.7072454, 3.043011;1.095711, -0.7043875, 2.635318;0.908507, -0.7754473, 3.030459;1.042765, -0.7795118, 2.585816;
0.7069399, 0.4891286, 2.772643;0.8470349, 0.4000929, 2.825188;0.9857839, 0.1135077, 2.891169;0.7705133, 0.3120834, 2.970796;0.9552119, 0.3535057, 2.748257;0.7938464, -0.1957474, 2.906145;0.9229887, -0.1922341, 2.680201;1.013782, 0.05648271, 2.907448;1.003196, -0.001757702, 2.953252;1.07357, 0.01476338, 2.886171;0.9566669, -0.385778, 3.033897;1.093901, -0.3738496, 2.718254;0.9413825, -0.7120264, 3.041886;1.097158, -0.7038379, 2.636344;0.9061517, -0.7794917, 3.029261;1.04373, -0.7783018, 2.586387;
0.7223824, 0.5442641, 2.781388;0.8523234, 0.4191439, 2.829931;0.9843047, 0.1289127, 2.889318;0.7811126, 0.3225502, 2.966986;0.9617217, 0.3745859, 2.755328;0.7941315, -0.1816498, 2.905124;0.9335177, -0.15653, 2.68681;1.010952, 0.07142274, 2.904494;0.9994924, 0.007221826, 2.952904;1.071654, 0.03009933, 2.875936;0.9585263, -0.3849675, 3.034129;1.099874, -0.3669843, 2.721138;0.9402139, -0.71697, 3.041385;1.098228, -0.7028992, 2.63665;0.9038933, -0.7838826, 3.029049;1.044699, -0.7774247, 2.586958;
0.7305824, 0.5449573, 2.789513;0.8537176, 0.429594, 2.845562;0.9781272, 0.1466137, 2.88927;0.7891494, 0.3303437, 2.97432;0.9646558, 0.3793351, 2.756589;0.7961256, -0.1686077, 2.905957;0.9332246, -0.156315, 2.690511;1.002321, 0.09212986, 2.90097;0.9921191, 0.01917161, 2.952736;1.064291, 0.0490679, 2.862498;0.962104, -0.3770785, 3.032675;1.100662, -0.3674787, 2.721559;0.9407322, -0.7142897, 3.041495;1.099267, -0.6995826, 2.638127;0.90557, -0.7818747, 3.029501;1.046697, -0.7745724, 2.588123;
0.7414174, 0.5673599, 2.788418;0.8581408, 0.4350041, 2.846735;0.9769717, 0.1565725, 2.890313;0.7940707, 0.3497213, 2.985037;0.9698392, 0.3891889, 2.757763;0.801434, -0.1622302, 2.907815;0.9375691, -0.1422543, 2.691512;1.000204, 0.1017685, 2.902054;0.9896064, 0.02708339, 2.956297;1.062682, 0.05382314, 2.862161;0.9636673, -0.3763277, 3.033206;1.104563, -0.3575265, 2.724445;0.9409292, -0.7140772, 3.041561;1.101112, -0.6978511, 2.63911;0.9063495, -0.7819307, 3.029385;1.048069, -0.7726054, 2.58925;
0.7414701, 0.5674496, 2.788594;0.8611267, 0.4385443, 2.848219;0.9767389, 0.1614991, 2.890346;0.7986635, 0.3547462, 2.990603;0.9766679, 0.3925597, 2.759655;0.8069389, -0.1516013, 2.905288;0.9319216, -0.1580888, 2.694;0.9994862, 0.106734, 2.901857;0.9881542, 0.03031618, 2.958652;1.062654, 0.05803841, 2.859244;0.9651563, -0.3759735, 3.032893;1.104671, -0.3569501, 2.724683;0.9492304, -0.708131, 3.043788;1.101716, -0.6972014, 2.639604;0.9098231, -0.7752908, 3.030526;1.048806, -0.7722475, 2.589926;
0.7427397, 0.5735354, 2.794684;0.8651303, 0.4468949, 2.852969;0.9760967, 0.1729867, 2.89193;0.8023764, 0.3634993, 2.999168;0.9855505, 0.3985518, 2.762391;0.8106546, -0.1471718, 2.907206;0.9328393, -0.1565466, 2.694983;0.998024, 0.1186694, 2.902842;0.9864326, 0.0397987, 2.961522;1.06219, 0.06404217, 2.858082;0.9681493, -0.373894, 3.031453;1.105352, -0.3562688, 2.724947;0.9499946, -0.7057527, 3.043876;1.10336, -0.6960838, 2.640418;0.9097967, -0.7745504, 3.030371;1.049982, -0.7708939, 2.590729;
0.7440356, 0.5780747, 2.793324;0.8677197, 0.4508976, 2.855361;0.974783, 0.1754452, 2.893487;0.8069254, 0.3689209, 3.000862;0.9867483, 0.401278, 2.762566;0.8135786, -0.1497193, 2.907475;0.9370455, -0.1468666, 2.693926;0.9960517, 0.1209524, 2.904418;0.9835976, 0.04405195, 2.963535;1.058088, 0.0663946, 2.860045;0.9699059, -0.373578, 3.03056;1.107115, -0.3461099, 2.726904;0.9500476, -0.7063041, 3.043666;1.10336, -0.6960846, 2.640388;0.9101205, -0.7744815, 3.030536;1.050096, -0.7711164, 2.590774;
0.7574472, 0.5891929, 2.797657;0.884804, 0.4807079, 2.857121;0.9757228, 0.1796701, 2.893319;0.810684, 0.3718923, 3.003833;0.9866613, 0.4023049, 2.762511;0.8158808, -0.1501618, 2.905642;0.9514287, -0.09330092, 2.692266;0.9960246, 0.1227466, 2.904179;0.9831671, 0.04583307, 2.963473;1.056114, 0.06867953, 2.85883;0.9711682, -0.3731494, 3.03038;1.106497, -0.3431089, 2.727825;0.9516283, -0.7050748, 3.044402;1.103663, -0.6952908, 2.640429;0.9079418, -0.7756658, 3.029228;1.050338, -0.7703748, 2.590756;
0.7622214, 0.5860146, 2.802598;0.8866797, 0.4731456, 2.858618;0.9770387, 0.1811018, 2.893796;0.8144518, 0.3771803, 3.007691;0.9891525, 0.4060763, 2.762159;0.8174807, -0.1461717, 2.906293;0.9567739, -0.09016022, 2.695934;0.9970317, 0.1246448, 2.904538;0.9844482, 0.04836458, 2.963281;1.056316, 0.06994417, 2.859318;0.9727476, -0.3721745, 3.030342;1.105895, -0.3434062, 2.727603;0.9517875, -0.7042509, 3.044544;1.10388, -0.6953326, 2.640457;0.907789, -0.7757304, 3.028983;1.050373, -0.7704233, 2.590789;
0.7656492, 0.590835, 2.804325;0.8875101, 0.4736957, 2.858549;0.9774632, 0.1849818, 2.894854;0.8177456, 0.3788954, 3.006942;0.9968463, 0.4208132, 2.762583;0.8228773, -0.1353046, 2.90812;0.9604371, -0.08908352, 2.697422;0.9966567, 0.1285411, 2.905691;0.9826946, 0.05225772, 2.965076;1.055597, 0.07289368, 2.860142;0.9724213, -0.3678724, 3.029565;1.10363, -0.3424833, 2.727553;0.9518477, -0.7043262, 3.044609;1.104028, -0.6953067, 2.640652;0.9077545, -0.7757351, 3.02851;1.050468, -0.7702779, 2.590659;
0.7693259, 0.5909845, 2.808109;0.8884264, 0.4729483, 2.861098;0.9769357, 0.186885, 2.896694;0.820427, 0.3810657, 3.00908;0.9991937, 0.419414, 2.76236;0.8251014, -0.1414019, 2.916344;0.962037, -0.09138723, 2.69674;0.9954889, 0.1308096, 2.907429;0.980078, 0.05491749, 2.967912;1.054729, 0.07399504, 2.860677;0.9729073, -0.3651798, 3.029109;1.102669, -0.3423807, 2.727309;0.9523124, -0.7038555, 3.044708;1.104043, -0.6956152, 2.640736;0.9077553, -0.7757837, 3.028432;1.050356, -0.7704908, 2.590537;
0.7717734, 0.5904768, 2.8096;0.8898897, 0.4724189, 2.862367;0.9774299, 0.1874556, 2.896717;0.8226779, 0.3815882, 3.009977;0.9989998, 0.418188, 2.762662;0.826543, -0.1419986, 2.915793;0.966229, -0.08880095, 2.6965;0.995772, 0.1313668, 2.907264;0.9806064, 0.05591064, 2.967489;1.054527, 0.07444157, 2.860278;0.9729236, -0.3635484, 3.028183;1.101108, -0.335535, 2.727697;0.952843, -0.7036424, 3.044961;1.104201, -0.6957204, 2.640721;0.9077975, -0.7757605, 3.028422;1.051158, -0.770367, 2.589316;
0.7746358, 0.6000153, 2.810296;0.8933913, 0.4789332, 2.863904;0.9785737, 0.1907594, 2.897281;0.8260314, 0.3864216, 3.010989;0.9992213, 0.421608, 2.764689;0.8265454, -0.1392992, 2.915537;0.9678643, -0.09073719, 2.690068;0.9963267, 0.1337088, 2.907539;0.9810234, 0.05843547, 2.967607;1.054067, 0.07632055, 2.860254;0.9727647, -0.361874, 3.027456;1.099566, -0.342593, 2.725451;0.9553859, -0.703784, 3.047409;1.104265, -0.6957629, 2.64032;0.8978047, -0.7824335, 3.030011;1.05124, -0.7707494, 2.589057;
0.7743554, 0.5996966, 2.810581;0.8948556, 0.4808359, 2.864575;0.9783447, 0.1928291, 2.898015;0.8274337, 0.3867683, 3.011347;0.9993495, 0.4232566, 2.764727;0.8299679, -0.13577, 2.918802;0.9688676, -0.09031925, 2.690192;0.995619, 0.1357264, 2.90822;0.9799973, 0.06003811, 2.96883;1.052605, 0.07774439, 2.860284;0.972952