0.7607389, 0.8198012, 3.088932;0.8054235, 0.6468201, 3.058356;0.7484043, 0.2528686, 2.979884;0.6775855, 0.5187469, 3.16173;0.8736384, 0.5047628, 2.921399;0.5891517, -0.01796939, 3.038402;0.8011374, -0.04665449, 2.736867;0.7370005, 0.1740783, 2.967869;0.6833285, 0.1111735, 3.005237;0.7715523, 0.1048807, 2.90101;0.7100578, -0.3793543, 3.057065;0.859492, -0.3446824, 2.822107;0.7226932, -0.7303391, 3.097079;0.903121, -0.7034978, 2.767099;0.6595778, -0.8092155, 3.073518;0.8718047, -0.7835928, 2.724276;
0.7604029, 0.820372, 3.087892;0.8051753, 0.6469343, 3.057954;0.7483803, 0.2529749, 2.979567;0.677192, 0.517891, 3.161061;0.873839, 0.5048795, 2.92168;0.5902169, -0.01820064, 3.034312;0.8018689, -0.04607661, 2.737297;0.7370116, 0.1741862, 2.967556;0.683277, 0.1111473, 3.00482;0.7716898, 0.105125, 2.900729;0.7099454, -0.3784454, 3.056757;0.8607162, -0.3467011, 2.822101;0.7236741, -0.7281245, 3.095025;0.9033369, -0.703241, 2.767632;0.6595674, -0.8071941, 3.071508;0.8682952, -0.7858075, 2.720578;
0.7600231, 0.8209215, 3.088236;0.805088, 0.6470673, 3.057648;0.7485111, 0.2529078, 2.979404;0.6766793, 0.5168342, 3.160244;0.8738762, 0.5046614, 2.921811;0.5890316, -0.02221357, 3.032954;0.8055577, -0.03622704, 2.737191;0.7371967, 0.1740758, 2.967397;0.6834746, 0.1109816, 3.004514;0.7719814, 0.1051073, 2.900716;0.7088764, -0.3717815, 3.054267;0.8607576, -0.3456809, 2.822641;0.7226926, -0.7157668, 3.090124;0.9038837, -0.7039315, 2.76794;0.6596609, -0.8052558, 3.073091;0.8648439, -0.7878908, 2.717;
0.7602569, 0.8218949, 3.088431;0.8048139, 0.6474961, 3.056812;0.7483966, 0.2532023, 2.979208;0.6765913, 0.5171779, 3.16027;0.873688, 0.5044875, 2.921802;0.5902944, -0.01843188, 3.034126;0.804486, -0.03359267, 2.738743;0.7370961, 0.1743667, 2.967269;0.6833786, 0.1113379, 3.00454;0.7719071, 0.105182, 2.900572;0.7086204, -0.3708735, 3.053636;0.8607509, -0.3456759, 2.822597;0.7228544, -0.7142993, 3.089731;0.9034218, -0.7044387, 2.767865;0.6625479, -0.8010784, 3.070292;0.8635318, -0.788641, 2.715657;
0.7602372, 0.8220603, 3.088038;0.8049588, 0.647911, 3.056752;0.7484787, 0.2532832, 2.979287;0.6758683, 0.5164214, 3.159542;0.8736997, 0.5044148, 2.921769;0.5893064, -0.02196294, 3.033205;0.8120217, -0.009401113, 2.74292;0.7371827, 0.1744167, 2.967383;0.6833937, 0.1113288, 3.004607;0.7721657, 0.1053274, 2.900901;0.7084932, -0.3703828, 3.05369;0.8614405, -0.3466007, 2.82275;0.7232029, -0.7147413, 3.089848;0.9023364, -0.7058674, 2.767119;0.663579, -0.8021084, 3.067035;0.8569286, -0.7928723, 2.708942;
0.7592061, 0.8213975, 3.085463;0.8049285, 0.6479204, 3.056745;0.7484322, 0.2533322, 2.979281;0.6757115, 0.5160267, 3.159534;0.8734906, 0.5040805, 2.921651;0.5899779, -0.02015051, 3.031798;0.8038808, -0.03745566, 2.737834;0.7371329, 0.1744739, 2.96738;0.6833469, 0.1113652, 3.004606;0.7721007, 0.1054178, 2.9009;0.7080377, -0.3690643, 3.052903;0.8614377, -0.3465878, 2.822733;0.7233528, -0.7131922, 3.08913;0.9023073, -0.7073312, 2.767587;0.6670825, -0.802079, 3.061068;0.8540809, -0.7952963, 2.707111;
0.7586991, 0.8212159, 3.084886;0.8049594, 0.6481369, 3.0567;0.7482482, 0.2531809, 2.979239;0.6755303, 0.5157471, 3.159355;0.873213, 0.5039553, 2.921647;0.5906025, -0.01951724, 3.032012;0.8050536, -0.03649522, 2.738773;0.7368317, 0.1741677, 2.967324;0.6830379, 0.1113035, 3.004187;0.7717264, 0.1054938, 2.90142;0.7072666, -0.367256, 3.052494;0.861326, -0.3464433, 2.822804;0.7237025, -0.7133697, 3.08988;0.9015977, -0.7084314, 2.766589;0.6698768, -0.801717, 3.058482;0.8528143, -0.7967718, 2.708454;
0.7585126, 0.8214909, 3.084839;0.8047752, 0.648478, 3.056531;0.7478276, 0.2530965, 2.979114;0.6748324, 0.5148278, 3.159255;0.8732017, 0.5039346, 2.921658;0.589507, -0.02099463, 3.029063;0.8115017, -0.009703405, 2.744783;0.7363174, 0.1739785, 2.967205;0.6821365, 0.1112762, 3.003356;0.7712547, 0.1058338, 2.902047;0.7073196, -0.3680251, 3.052548;0.8621266, -0.3483473, 2.822925;0.7240985, -0.7145114, 3.090257;0.901403, -0.7085851, 2.766508;0.6632729, -0.8020184, 3.069765;0.8546841, -0.7957686, 2.711489;
0.7585593, 0.8217859, 3.085729;0.8045291, 0.6479578, 3.056396;0.7479019, 0.2526534, 2.978781;0.6747546, 0.5145632, 3.159586;0.8728709, 0.5024226, 2.921076;0.5897194, -0.0202445, 3.029116;0.8057468, -0.03342196, 2.73966;0.7364744, 0.1735414, 2.966832;0.6823532, 0.1108898, 3.003115;0.7715457, 0.1049505, 2.901214;0.7071764, -0.3667521, 3.052224;0.8617232, -0.3475832, 2.822886;0.7239995, -0.714548, 3.090234;0.9010746, -0.708302, 2.766028;0.662086, -0.8012199, 3.073139;0.8549644, -0.7957366, 2.710836;
0.7591671, 0.8218368, 3.08381;0.8043753, 0.6486561, 3.054962;0.7474037, 0.2525739, 2.978787;0.6747569, 0.5145437, 3.159523;0.8728384, 0.5024261, 2.921063;0.5893342, -0.02149813, 3.028718;0.8101833, -0.009485602, 2.742775;0.7357654, 0.1733312, 2.967063;0.6808404, 0.1086338, 3.003517;0.7702807, 0.1068401, 2.902592;0.7086081, -0.3699431, 3.053864;0.8617467, -0.3476388, 2.822894;0.7242733, -0.7178376, 3.090003;0.9009691, -0.7083052, 2.76602;0.6568907, -0.8054434, 3.073726;0.8547487, -0.7959377, 2.710287;
0.7586594, 0.8223171, 3.084246;0.8031449, 0.6482448, 3.054184;0.7470284, 0.2525144, 2.978734;0.6741678, 0.513459, 3.158697;0.8732628, 0.5025124, 2.921178;0.5882415, -0.02405911, 3.026537;0.809307, -0.01205342, 2.742982;0.7355232, 0.1733093, 2.967089;0.6799371, 0.106866, 3.003451;0.7702409, 0.107588, 2.902738;0.7085802, -0.3682568, 3.053078;0.8625575, -0.3492066, 2.822832;0.7242358, -0.7172014, 3.090191;0.9000813, -0.7083678, 2.766107;0.6592959, -0.802171, 3.073351;0.8536842, -0.7960707, 2.708074;
0.7589106, 0.8223656, 3.084339;0.8033462, 0.6484288, 3.054337;0.7467178, 0.2527822, 2.978942;0.6742853, 0.5138181, 3.158523;0.8732731, 0.5025359, 2.921162;0.5882739, -0.0248901, 3.027665;0.8083287, -0.01260567, 2.743717;0.7350651, 0.1736385, 2.967367;0.6794586, 0.1065173, 3.003779;0.7695237, 0.1090955, 2.903069;0.7085906, -0.3668686, 3.052513;0.8623761, -0.3489972, 2.82265;0.7244561, -0.7144477, 3.089804;0.9005416, -0.7081672, 2.766138;0.6612868, -0.8003086, 3.071422;0.8549542, -0.7952733, 2.709238;
0.7592539, 0.8224031, 3.081515;0.8033727, 0.6485305, 3.054293;0.7465658, 0.2526577, 2.978881;0.6743066, 0.5138837, 3.15854;0.8731971, 0.502416, 2.92119;0.5881382, -0.02621218, 3.027259;0.8063525, -0.01331688, 2.741393;0.7348636, 0.1734282, 2.967305;0.6792011, 0.1055155, 3.003461;0.7694008, 0.1093545, 2.903133;0.7085754, -0.3667556, 3.052678;0.8631309, -0.350912, 2.822491;0.7240355, -0.7134382, 3.090049;0.9004099, -0.7087272, 2.766074;0.6686226, -0.7993791, 3.060618;0.855189, -0.7961244, 2.709341;
0.7590036, 0.8224133, 3.081757;0.8032989, 0.6485549, 3.054285;0.7460856, 0.2527159, 2.979331;0.6746706, 0.5149387, 3.157903;0.8730171, 0.5025209, 2.921154;0.588322, -0.02666825, 3.026963;0.8059796, -0.01365013, 2.741071;0.7342972, 0.1734994, 2.967954;0.6788266, 0.1050802, 3.004343;0.7686673, 0.109993, 2.903909;0.7084146, -0.3664612, 3.05249;0.8631623, -0.3513222, 2.822412;0.7241691, -0.7128357, 3.090116;0.8999631, -0.7088461, 2.766443;0.6687155, -0.8011948, 3.063131;0.855261, -0.79613, 2.709103;
0.7590517, 0.82236, 3.081772;0.803312, 0.6485543, 3.054264;0.7460327, 0.2528818, 2.9796;0.6746057, 0.5158505, 3.157967;0.8730007, 0.5023481, 2.921244;0.5882561, -0.02704231, 3.026834;0.8061659, -0.01437324, 2.740982;0.7342418, 0.1737605, 2.968388;0.6788732, 0.1044588, 3.005172;0.7685979, 0.1105419, 2.904221;0.7082446, -0.3668859, 3.052647;0.8629301, -0.3500443, 2.822663;0.7236732, -0.7132207, 3.090061;0.8999846, -0.7076277, 2.766268;0.6683296, -0.801289, 3.063994;0.856018, -0.7952948, 2.709319;
0.7585666, 0.8221917, 3.081305;0.8034375, 0.6484833, 3.05431;0.7459229, 0.2526683, 2.979588;0.674248, 0.5153765, 3.157642;0.8729829, 0.5023532, 2.921284;0.5882717, -0.02733638, 3.026765;0.8075182, -0.01261384, 2.742174;0.7340789, 0.173483, 2.968353;0.6785845, 0.1038415, 3.004736;0.7685649, 0.1106737, 2.904374;0.7079394, -0.3665895, 3.052278;0.8634295, -0.3508658, 2.822248;0.7237601, -0.7133774, 3.090234;0.8994797, -0.7080407, 2.765355;0.6762164, -0.8027359, 3.050475;0.8540744, -0.795941, 2.706275;
0.7580254, 0.8221438, 3.080871;0.8031543, 0.6482036, 3.053946;0.7454692, 0.2526415, 2.979696;0.6743275, 0.516452, 3.157362;0.8730317, 0.5026988, 2.922105;0.5880564, -0.02802587, 3.026447;0.8086052, -0.01584874, 2.74178;0.7335889, 0.1735066, 2.968562;0.6782134, 0.1037725, 3.004816;0.76802, 0.1111853, 2.90499;0.7075912, -0.3659658, 3.051811;0.8631173, -0.3491444, 2.822767;0.7234135, -0.7142302, 3.089931;0.8998078, -0.7076191, 2.766064;0.6713526, -0.7991269, 3.064862;0.8555832, -0.7953218, 2.708328;
0.7577028, 0.8227601, 3.081275;0.8032807, 0.648324, 3.054023;0.745495, 0.2525845, 2.979797;0.6745118, 0.5167835, 3.157464;0.8730793, 0.5026302, 2.922113;0.5883426, -0.02681069, 3.02685;0.8223898, 0.02943345, 2.755158;0.7336272, 0.1733934, 2.968675;0.6784912, 0.1031066, 3.00485;0.768036, 0.1112032, 2.90511;0.7075238, -0.3665932, 3.052059;0.8632122, -0.3496757, 2.822906;0.723386, -0.7138182, 3.090369;0.8998636, -0.7077913, 2.765932;0.6711165, -0.8002963, 3.064948;0.8543426, -0.7964408, 2.706455;
0.7577999, 0.8229568, 3.081427;0.8031772, 0.648512, 3.054041;0.7454445, 0.2525771, 2.979793;0.674985, 0.5177945, 3.15803;0.8732176, 0.5026165, 2.922117;0.5887654, -0.02680621, 3.026353;0.8090776, -0.009607539, 2.742736;0.7335894, 0.1733691, 2.968667;0.6784581, 0.1031066, 3.004747;0.7680649, 0.1113953, 2.905313;0.7075933, -0.3664352, 3.052135;0.8634598, -0.3500128, 2.822775;0.7234985, -0.7138867, 3.090247;0.9003139, -0.7082983, 2.76615;0.6692228, -0.7996156, 3.065199;0.8537892, -0.7981832, 2.711654;
0.7568345, 0.8229412, 3.081041;0.8031756, 0.6483551, 3.054555;0.7452844, 0.2525242, 2.980209;0.6750855, 0.5179676, 3.158188;0.8732654, 0.5024335, 2.921866;0.5887969, -0.02664189, 3.026435;0.8083146, -0.01106665, 2.742204;0.7334318, 0.1733374, 2.969056;0.6783117, 0.1029172, 3.005183;0.767979, 0.1114708, 2.905534;0.7076425, -0.3662863, 3.052117;0.8633847, -0.3502357, 2.822676;0.7231365, -0.7131503, 3.090301;0.9002434, -0.7081848, 2.766389;0.6655753, -0.7999941, 3.06989;0.8553996, -0.7966174, 2.712754;
0.7569093, 0.8231211, 3.080293;0.8035381, 0.6483698, 3.054571;0.7451942, 0.2525611, 2.980419;0.6755493, 0.5187147, 3.15928;0.8733863, 0.5024472, 2.921844;0.589165, -0.02632814, 3.026978;0.8087657, -0.01078553, 2.742777;0.7332468, 0.1733914, 2.969369;0.6781402, 0.102911, 3.005379;0.7676767, 0.1119515, 2.906257;0.7073579, -0.3679332, 3.05231;0.8633199, -0.3503252, 2.822602;0.7226626, -0.7165869, 3.091568;0.9002201, -0.7081832, 2.766344;0.6657991, -0.7992945, 3.071112;0.8549242, -0.7968065, 2.712817;
0.7569534, 0.8229793, 3.080298;0.804094, 0.6485669, 3.054799;0.7450921, 0.252405, 2.980505;0.6752481, 0.5177708, 3.158689;0.873364, 0.5022089, 2.922056;0.5894107, -0.02615473, 3.026929;0.815657, 0.01553468, 2.746912;0.7330185, 0.1731069, 2.969463;0.6778645, 0.1027282, 3.005265;0.7675112, 0.1119653, 2.906574;0.7075256, -0.367524, 3.052764;0.8639499, -0.3533351, 2.822112;0.722636, -0.7141737, 3.091291;0.9005268, -0.7083942, 2.766914;0.6642258, -0.7995156, 3.072402;0.85532, -0.7964668, 2.713076;
0.7568719, 0.8229141, 3.080386;0.8041176, 0.6485791, 3.055046;0.7450037, 0.2524197, 2.980618;0.675224, 0.5176545, 3.158719;0.8740887, 0.5022255, 2.921962;0.5893623, -0.02591017, 3.02733;0.8096098, -0.01128172, 2.741121;0.7329308, 0.1731248, 2.969547;0.6776671, 0.1027218, 3.005285;0.7675112, 0.1120056, 2.906654;0.7073591, -0.3668194, 3.052456;0.86397, -0.3533448, 2.822124;0.722632, -0.7142107, 3.091386;0.9003016, -0.7089503, 2.766374;0.6605959, -0.7999707, 3.072349;0.8556497, -0.7965998, 2.712513;
0.7568168, 0.8226267, 3.080498;0.803719, 0.6483361, 3.054753;0.7448105, 0.2523632, 2.980813;0.6752212, 0.5174891, 3.158749;0.8740247, 0.5021732, 2.921951;0.5893636, -0.02587898, 3.027033;0.8100261, -0.007914014, 2.741394;0.7327573, 0.1730926, 2.969837;0.677596, 0.1025814, 3.00558;0.7673144, 0.1121822, 2.907125;0.7073634, -0.3667507, 3.052539;0.8633328, -0.3503985, 2.822581;0.7234027, -0.713384, 3.091481;0.9004772, -0.7087521, 2.766528;0.6613844, -0.7996994, 3.075542;0.8567017, -0.7957329, 2.713424;
0.7564102, 0.8220173, 3.081036;0.8037046, 0.6477211, 3.054826;0.7448258, 0.2523358, 2.980781;0.6752497, 0.5173348, 3.158648;0.8744894, 0.502084, 2.92147;0.589624, -0.02604569, 3.027137;0.8097908, -0.008404307, 2.741464;0.7327912, 0.1730978, 2.969779;0.6776158, 0.1024744, 3.005461;0.7674928, 0.1122442, 2.90688;0.7072401, -0.366485, 3.052619;0.8629599, -0.3495649, 2.822399;0.7234725, -0.7135187, 3.091431;0.9013404, -0.7083867, 2.767112;0.6600864, -0.8002354, 3.077587;0.8604224, -0.7930088, 2.716268;
0.7568141, 0.8220093, 3.08071;0.8037349, 0.647724, 3.054555;0.7447166, 0.2523347, 2.980862;0.6751764, 0.5171586, 3.158607;0.8746937, 0.5021743, 2.921376;0.5894544, -0.02627368, 3.027109;0.8086354, -0.01110976, 2.740432;0.7326311, 0.1731071, 2.969962;0.6772555, 0.1024218, 3.005774;0.76744, 0.112297, 2.907123;0.7073205, -0.366295, 3.052525;0.8630041, -0.3495686, 2.822472;0.7232311, -0.7129304, 3.091792;0.9010119, -0.7083647, 2.767175;0.6595064, -0.7999452, 3.077669;0.8604003, -0.7930657, 2.716191;
0.7561386, 0.8220433, 3.080646;0.8035168, 0.6482139, 3.054618;0.7445273, 0.2525644, 2.981082;0.675101, 0.5172452, 3.158839;0.8745112, 0.5024029, 2.921664;0.5896555, -0.02590068, 3.027122;0.8090043, -0.01095615, 2.740849;0.7324693, 0.1733083, 2.970196;0.6772413, 0.102666, 3.005793;0.7670754, 0.1130222, 2.908097;0.7071851, -0.3652275, 3.052312;0.8634229, -0.3499321, 2.822607;0.7234119, -0.7125182, 3.092097;0.9010934, -0.7082887, 2.767312;0.6610968, -0.7992443, 3.076395;0.8604062, -0.7930225, 2.716309;
0.7562181, 0.8219334, 3.08056;0.8035203, 0.6485249, 3.055088;0.7444737, 0.252585, 2.981279;0.6752385, 0.5164086, 3.158072;0.8747692, 0.502203, 2.921562;0.5894199, -0.02655094, 3.026675;0.8070267, -0.01226315, 2.741667;0.7324276, 0.1733042, 2.970344;0.6771086, 0.1024417, 3.006181;0.7670838, 0.1129884, 2.908079;0.7072455, -0.3650687, 3.052294;0.863413, -0.3498974, 2.822554;0.7227859, -0.7117876, 3.091596;0.9013995, -0.7089472, 2.767275;0.6607416, -0.7996646, 3.077302;0.8586154, -0.7946495, 2.717078;
0.7562453, 0.8213621, 3.080614;0.8035626, 0.6484771, 3.055066;0.7444284, 0.25256, 2.981351;0.6752994, 0.5161188, 3.158066;0.8747677, 0.502198, 2.921568;0.589188, -0.02716398, 3.026407;0.8068659, -0.013304, 2.741859;0.7323654, 0.1732873, 2.970442;0.6769722, 0.1022382, 3.006498;0.767062, 0.1129792, 2.908069;0.707291, -0.3648669, 3.052337;0.863416, -0.3497271, 2.822679;0.7229493, -0.7116997, 3.091382;0.901296, -0.7084904, 2.766991;0.6584116, -0.8002584, 3.076848;0.858618, -0.7946282, 2.716999;
0.7561156, 0.8213881, 3.079916;0.8035859, 0.6485505, 3.054965;0.7443994, 0.2525705, 2.981435;0.6751988, 0.5155743, 3.158142;0.8749397, 0.502009, 2.921424;0.5887364, -0.02806303, 3.025467;0.8067535, -0.01423038, 2.741502;0.7323281, 0.1732932, 2.970584;0.6768212, 0.1021422, 3.006912;0.7670815, 0.1128649, 2.908084;0.7073787, -0.3636294, 3.051663;0.8635089, -0.3505187, 2.822625;0.723138, -0.7110807, 3.091467;0.9010925, -0.7089891, 2.767035;0.6705299, -0.7981836, 3.061489;0.8580462, -0.795337, 2.71521;
0.7562173, 0.8214728, 3.07998;0.804383, 0.6486118, 3.05565;0.7444766, 0.2527288, 2.981625;0.6752856, 0.5156481, 3.158338;0.8749642, 0.502004, 2.921358;0.5884472, -0.0283432, 3.02471;0.8060582, -0.01633721, 2.74274;0.7323561, 0.1734703, 2.970722;0.6767972, 0.1021659, 3.007177;0.7670835, 0.1129159, 2.907943;0.7073399, -0.3635544, 3.051624;0.8634808, -0.3508644, 2.822553;0.722977, -0.7103972, 3.091636;0.9011756, -0.7092659, 2.767205;0.6703728, -0.799056, 3.060637;0.8578331, -0.7955927, 2.713297;
0.7563159, 0.8213312, 3.079719;0.8043674, 0.6484374, 3.055288;0.7444349, 0.2523433, 2.981492;0.6751878, 0.5154458, 3.157938;0.8749407, 0.5019561, 2.921376;0.588456, -0.02812991, 3.023876;0.8049762, -0.01858241, 2.741788;0.7323198, 0.1730254, 2.970609;0.6767724, 0.1019377, 3.006922;0.7671478, 0.1127118, 2.908006;0.7073313, -0.363605, 3.051584;0.8636786, -0.3513533, 2.822714;0.72267, -0.7102582, 3.091295;0.9003983, -0.7094189, 2.766164;0.6710845, -0.7987714, 3.059974;0.8573352, -0.7957225, 2.709195;
0.7564446, 0.8216819, 3.080777;0.8042647, 0.6482779, 3.055131;0.74432, 0.2523331, 2.981551;0.6751264, 0.5152695, 3.157695;0.8748274, 0.5018567, 2.921234;0.5881813, -0.02796732, 3.023726;0.8055631, -0.01777802, 2.741954;0.7321907, 0.1730419, 2.970699;0.6765952, 0.1018003, 3.0072;0.766959, 0.1126088, 2.907911;0.707328, -0.363547, 3.051521;0.8637437, -0.3514344, 2.822694;0.7230563, -0.710596, 3.091278;0.9011448, -0.7090802, 2.766935;0.6606184, -0.8011494, 3.074952;0.8622071, -0.7922531, 2.716592;
0.7563929, 0.821603, 3.08065;0.8041859, 0.6484481, 3.05512;0.7441202, 0.2525979, 2.981692;0.6750693, 0.5152022, 3.158183;0.8749772, 0.501939, 2.921329;0.5880979, -0.02802021, 3.023729;0.8057501, -0.01770779, 2.741782;0.7319729, 0.1733371, 2.970866;0.676266, 0.1018214, 3.007584;0.7668503, 0.1126706, 2.907799;0.7075371, -0.3634475, 3.05173;0.86359, -0.3508531, 2.822713;0.72176, -0.7092038, 3.087949;0.9010119, -0.7084025, 2.766103;0.6600946, -0.8007782, 3.075008;0.8637458, -0.7908666, 2.718117;
0.756321, 0.8214497, 3.080416;0.8035756, 0.648983, 3.055195;0.7439158, 0.2530516, 2.981904;0.675139, 0.5165506, 3.160017;0.8743774, 0.50213, 2.921567;0.5879585, -0.02803744, 3.024082;0.8054419, -0.01740912, 2.742048;0.7318428, 0.1737982, 2.971087;0.6764246, 0.1024867, 3.007586;0.7665829, 0.1136253, 2.908421;0.70749, -0.3633165, 3.051683;0.8636825, -0.350475, 2.82289;0.721756, -0.7088084, 3.087956;0.9009884, -0.708306, 2.766101;0.662267, -0.7982697, 3.073213;0.8632179, -0.7907257, 2.717411;
0.7563735, 0.8214704, 3.08049;0.803583, 0.6489249, 3.054797;0.7437589, 0.2533652, 2.981872;0.6751642, 0.5167242, 3.159852;0.8744099, 0.5021515, 2.921597;0.588005, -0.02784624, 3.024038;0.8056692, -0.01809254, 2.742195;0.7316247, 0.17428, 2.971115;0.6761686, 0.102658, 3.007847;0.7663625, 0.1137738, 2.90806;0.7075357, -0.3632404, 3.05179;0.8637373, -0.3504518, 2.822941;0.7221546, -0.7102228, 3.089107;0.9010808, -0.7082331, 2.765975;0.6622756, -0.7983965, 3.073637;0.8637989, -0.7904913, 2.718704;
0.7564546, 0.8217916, 3.08031;0.8036077, 0.648971, 3.054968;0.7438171, 0.2533631, 2.98177;0.6751617, 0.5167079, 3.159893;0.8742495, 0.5025381, 2.921901;0.5879012, -0.027944, 3.023913;0.806903, -0.01878833, 2.74093;0.7317342, 0.1742633, 2.970883;0.6763291, 0.1025451, 3.007547;0.7666245, 0.113792, 2.907325;0.70809, -0.3636285, 3.052247;0.8637972, -0.3507603, 2.823173;0.7220066, -0.7101493, 3.089304;0.9013463, -0.7074785, 2.766201;0.6607364, -0.7992176, 3.075554;0.8642779, -0.7902723, 2.718869;
0.7574996, 0.8220344, 3.080114;0.8036833, 0.6491433, 3.055117;0.7437006, 0.253302, 2.981633;0.675341, 0.517333, 3.159319;0.874188, 0.5025749, 2.922011;0.5876029, -0.02841571, 3.024204;0.80718, -0.01846177, 2.738104;0.7315309, 0.1741166, 2.970613;0.6760923, 0.1023838, 3.007179;0.7663866, 0.1137125, 2.906909;0.7081182, -0.3636379, 3.052165;0.863396, -0.3499558, 2.823416;0.7220731, -0.7093771, 3.089316;0.9012709, -0.7073545, 2.767391;0.6608801, -0.799115, 3.075976;0.8640437, -0.7903671, 2.718642;
0.7577652, 0.8232339, 3.080811;0.8038203, 0.6494515, 3.0542;0.7437494, 0.2534218, 2.98115;0.6753924, 0.5174163, 3.159302;0.8741157, 0.5025663, 2.921948;0.5877518, -0.02788201, 3.024366;0.8054298, -0.01770655, 2.73778;0.7315829, 0.1742102, 2.970199;0.6763211, 0.1028713, 3.006272;0.7664122, 0.1138098, 2.9068;0.7080295, -0.3636456, 3.052132;0.8626666, -0.347412, 2.823365;0.7225986, -0.7100869, 3.089988;0.9021327, -0.7068366, 2.766833;0.6606351, -0.7991412, 3.07595;0.863798, -0.7906131, 2.71844;
0.7578073, 0.8234898, 3.079731;0.8038048, 0.6494302, 3.054041;0.7437487, 0.253412, 2.981003;0.6748115, 0.51722, 3.158746;0.8742905, 0.5024743, 2.921718;0.5874025, -0.02784378, 3.024454;0.8048369, -0.01786242, 2.737721;0.731593, 0.174203, 2.970056;0.6762124, 0.1028129, 3.00605;0.7665696, 0.113762, 2.906618;0.7080278, -0.3636912, 3.05216;0.862904, -0.3488555, 2.822411;0.7223854, -0.7109112, 3.089671;0.9024904, -0.7068463, 2.767297;0.6607894, -0.798418, 3.074461;0.8653631, -0.789692, 2.721007;
0.7575427, 0.8225977, 3.079359;0.8036307, 0.6493801, 3.054153;0.7435598, 0.2531662, 2.980965;0.6743568, 0.5157188, 3.157321;0.8739331, 0.5021552, 2.92124;0.5874694, -0.02801315, 3.024713;0.8053574, -0.01778285, 2.738788;0.7314059, 0.1738966, 2.969979;0.6759828, 0.1022189, 3.006109;0.7663413, 0.1133081, 2.906226;0.7080243, -0.3691552, 3.052894;0.8630891, -0.3491837, 2.822288;0.7233772, -0.723748, 3.091054;0.9023147, -0.707103, 2.76713;0.6540751, -0.80598, 3.071323;0.8636075, -0.7907456, 2.72033;
0.7569483, 0.8230088, 3.079548;0.803149, 0.6500782, 3.053547;0.7433015, 0.2532867, 2.980904;0.6743125, 0.5157103, 3.157289;0.8739719, 0.5021812, 2.92103;0.5874924, -0.02792393, 3.024793;0.805458, -0.01823395, 2.739245;0.7311859, 0.1739611, 2.969974;0.67572, 0.1022525, 3.006158;0.7662155, 0.1133268, 2.906243;0.7080417, -0.3688699, 3.052838;0.8625861, -0.3487947, 2.822119;0.7237358, -0.7213023, 3.091075;0.9022651, -0.7071409, 2.767129;0.6551467, -0.8041484, 3.072747;0.8604627, -0.7928455, 2.715517;
0.7568499, 0.822763, 3.079448;0.8028532, 0.6500589, 3.05323;0.743273, 0.2532606, 2.980798;0.6738487, 0.5153795, 3.157332;0.8738921, 0.5022051, 2.921009;0.5869238, -0.02782568, 3.024372;0.805353, -0.0181044, 2.739334;0.7311885, 0.1739347, 2.969897;0.6757001, 0.1020112, 3.006139;0.7663207, 0.1132773, 2.905969;0.7079223, -0.3688551, 3.052791;0.8625526, -0.3483564, 2.822171;0.7247156, -0.7213001, 3.091448;0.9019589, -0.7082433, 2.766903;0.6658822, -0.8140061, 3.048827;0.8572094, -0.7950392, 2.710389;
0.7560653, 0.8219654, 3.077455;0.8024879, 0.6498436, 3.05263;0.7431146, 0.253188, 2.980639;0.673696, 0.5151296, 3.15714;0.8739322, 0.5021197, 2.920729;0.5867407, -0.02818051, 3.025436;0.8069892, -0.0172203, 2.739289;0.7310777, 0.1738821, 2.969805;0.6755014, 0.1017962, 3.00615;0.7662393, 0.1131476, 2.905759;0.7077814, -0.3676127, 3.052643;0.8626121, -0.3490397, 2.822049;0.7244712, -0.7198009, 3.090529;0.9017559, -0.7085281, 2.766982;0.6610065, -0.8049616, 3.067306;0.8548756, -0.7962825, 2.70813;
0.756098, 0.822882, 3.07659;0.8018343, 0.6506183, 3.051169;0.7431091, 0.2534404, 2.980398;0.6733297, 0.514944, 3.157224;0.8738754, 0.502098, 2.920652;0.5866109, -0.02844166, 3.025214;0.8057438, -0.01759836, 2.738863;0.7311303, 0.1740711, 2.969682;0.6755716, 0.1019685, 3.006046;0.7663807, 0.1133142, 2.905761;0.7077179, -0.3675012, 3.052607;0.8625543, -0.3481287, 2.822006;0.7241794, -0.7178006, 3.090747;0.9017704, -0.7087638, 2.766684;0.6595421, -0.8043663, 3.070402;0.8608785, -0.7938007, 2.714649;
0.7552887, 0.8225706, 3.075399;0.8018155, 0.6504606, 3.051032;0.7430469, 0.2532355, 2.980392;0.6728312, 0.5152164, 3.155594;0.873615, 0.5019183, 2.920168;0.5865514, -0.02889402, 3.025659;0.8046063, -0.02066745, 2.737834;0.7310709, 0.1738382, 2.969721;0.6755002, 0.101831, 3.006112;0.7663918, 0.1130663, 2.905879;0.7077484, -0.3674037, 3.052498;0.8626003, -0.3479725, 2.822137;0.7230495, -0.7128989, 3.089333;0.9016558, -0.7086875, 2.766849;0.6591191, -0.803643, 3.070953;0.8608564, -0.7936771, 2.714693;
0.7538464, 0.8205239, 3.072729;0.8013696, 0.6502656, 3.051207;0.7430381, 0.2532299, 2.98039;0.672334, 0.5140598, 3.155194;0.8733428, 0.5019346, 2.919837;0.5862235, -0.02886432, 3.025489;0.8045923, -0.02024717, 2.737943;0.7310759, 0.1738368, 2.969717;0.6755691, 0.1014183, 3.00637;0.7665114, 0.1129549, 2.905415;0.7076864, -0.3674123, 3.0525;0.8625642, -0.3476954, 2.822166;0.7229776, -0.7131801, 3.09005;0.9017168, -0.7090838, 2.766567;0.6588694, -0.8030677, 3.073986;0.8591397, -0.7945675, 2.715029;
0.7485299, 0.818961, 3.070018;0.8012133, 0.6503417, 3.051248;0.7428988, 0.2532255, 2.980522;0.6714282, 0.5146737, 3.15502;0.8714677, 0.5022622, 2.920455;0.585652, -0.0291453, 3.024674;0.8031973, -0.01965608, 2.736618;0.7309543, 0.1738137, 2.969888;0.6755498, 0.1014984, 3.006393;0.7662324, 0.1132752, 2.906434;0.7076954, -0.3668864, 3.052515;0.8628311, -0.3476962, 2.822303;0.7233615, -0.7132935, 3.090346;0.901592, -0.7092785, 2.766769;0.6683738, -0.8035889, 3.061103;0.8580242, -0.79501, 2.715401;
0.7396461, 0.8163615, 3.064754;0.8009326, 0.6503006, 3.050912;0.7427801, 0.2532177, 2.980746;0.6688508, 0.514178, 3.155312;0.8708887, 0.502279, 2.919775;0.5849727, -0.02944751, 3.024958;0.8024632, -0.02037485, 2.736251;0.7308477, 0.1738085, 2.970338;0.6751919, 0.1011506, 3.007407;0.7662981, 0.1131599, 2.906826;0.7076284, -0.3662131, 3.052379;0.8630964, -0.3477979, 2.822658;0.72324, -0.7134798, 3.090309;0.9030842, -0.7085947, 2.767651;0.6638543, -0.802303, 3.068415;0.85823, -0.7946867, 2.715694;
0.7355607, 0.8138375, 3.058861;0.7989526, 0.6497015, 3.049603;0.7427976, 0.2532004, 2.980742;0.6671594, 0.5140208, 3.155318;0.8699861, 0.5026998, 2.91924;0.5841354, -0.02943145, 3.024333;0.8040084, -0.0121687, 2.736691;0.7310454, 0.1737823, 2.970408;0.6756296, 0.1012332, 3.007293;0.7671937, 0.1132939, 2.907674;0.7074898, -0.3659, 3.052325;0.8632454, -0.3484698, 2.822812;0.7226987, -0.7124949, 3.09002;0.9024549, -0.7093264, 2.766729;0.6710505, -0.8000551, 3.057062;0.8561066, -0.7960839, 2.712293;
0.7312436, 0.8126727, 3.055673;0.7899882, 0.6453626, 3.044871;0.7425923, 0.2530607, 2.980785;0.6600494, 0.5094809, 3.156311;0.8680778, 0.5020869, 2.917571;0.5835157, -0.02750503, 3.027123;0.8031603, -0.01179408, 2.735764;0.731106, 0.1737565, 2.970612;0.6758327, 0.1009766, 3.007603;0.7679328, 0.1131325, 2.908456;0.707387, -0.3669696, 3.052818;0.8633583, -0.3485594, 2.822878;0.722937, -0.7139365, 3.090152;0.9019995, -0.7093878, 2.7669;0.6626557, -0.8037578, 3.065527;0.8562809, -0.7959266, 2.712371;
0.714487, 0.8094407, 3.054381;0.7879985, 0.6435614, 3.044271;0.7424223, 0.2525178, 2.981247;0.6562121, 0.5068637, 3.15744;0.8617618, 0.499903, 2.914593;0.5811424, -0.03096363, 3.024485;0.8015003, -0.01087163, 2.735535;0.7314007, 0.1733295, 2.9715;0.6767399, 0.1001022, 3.009068;0.7686049, 0.1126153, 2.909611;0.7076045, -0.3661028, 3.053056;0.863224, -0.3477648, 2.823106;0.7228093, -0.7131953, 3.090063;0.9026178, -0.7081703, 2.767426;0.6606689, -0.8022968, 3.068608;0.8605415, -0.7922138, 2.715682;
0.6940935, 0.802213, 3.040992;0.776751, 0.6387326, 3.038411;0.7420684, 0.2523611, 2.981407;0.6505654, 0.5044885, 3.158081;0.8595856, 0.4993434, 2.912879;0.580035, -0.02762218, 3.023704;0.7937165, -0.01194366, 2.733863;0.7315974, 0.1734257, 2.97212;0.6773977, 0.09982774, 3.01006;0.7699646, 0.1125225, 2.911149;0.7078182, -0.3653831, 3.053074;0.8637782, -0.3468284, 2.823902;0.7226303, -0.7126197, 3.090198;0.9025861, -0.7081496, 2.767377;0.6597244, -0.8021662, 3.069633;0.8605219, -0.7922228, 2.715671;
0.6874331, 0.800817, 3.038924;0.7695061, 0.6355724, 3.033721;0.7422719, 0.2519754, 2.981471;0.6448917, 0.4985915, 3.157887;0.8553518, 0.4986463, 2.910697;0.5743013, -0.03156541, 3.019493;0.7859508, -0.01674815, 2.734509;0.7336675, 0.1730438, 2.97318;0.6825375, 0.09754674, 3.012872;0.7745732, 0.1118326, 2.91275;0.7096983, -0.3646257, 3.053796;0.8653807, -0.3477417, 2.825008;0.7223671, -0.7114241, 3.089593;0.9026194, -0.7081698, 2.767337;0.6658157, -0.7963088, 3.075326;0.8584065, -0.7939843, 2.715517;
0.6740558, 0.7933618, 3.029781;0.7549449, 0.6268067, 3.022299;0.7422101, 0.2513579, 2.981759;0.6388364, 0.4952341, 3.155207;0.8521861, 0.4972801, 2.907784;0.5734375, -0.03265429, 3.019377;0.7837261, -0.01785711, 2.733239;0.7352685, 0.1727661, 2.975063;0.6857263, 0.0954088, 3.017707;0.7789707, 0.1106723, 2.915442;0.7136068, -0.3694048, 3.056749;0.8686676, -0.3502364, 2.827865;0.7245676, -0.721558, 3.091988;0.9041959, -0.7060129, 2.768898;0.6590821, -0.8031745, 3.075523;0.8587242, -0.7938266, 2.715492;
0.6503612, 0.7731613, 3.014436;0.7509799, 0.622331, 3.018523;0.7420626, 0.2485268, 2.983446;0.633587, 0.4898648, 3.151852;0.8462327, 0.4939228, 2.903704;0.5693707, -0.03525335, 3.015673;0.7746087, -0.02394545, 2.728978;0.7370782, 0.1705114, 2.978845;0.6886003, 0.09142095, 3.024609;0.7822652, 0.1079989, 2.919627;0.7155858, -0.3692523, 3.059179;0.8707872, -0.3497523, 2.829907;0.7247751, -0.7213832, 3.092334;0.9039699, -0.7061436, 2.768588;0.6569533, -0.8034529, 3.075153;0.8587735, -0.7939441, 2.715423;
0.6369286, 0.7605395, 3.008843;0.7427075, 0.6159107, 3.009431;0.7425594, 0.2459351, 2.984426;0.6234406, 0.4820302, 3.146436;0.8347838, 0.4861803, 2.898599;0.5643328, -0.0389579, 3.011907;0.7707106, -0.02511144, 2.728176;0.7397803, 0.1682701, 2.981824;0.6934672, 0.0875511, 3.030823;0.7869849, 0.1047992, 2.923075;0.7169098, -0.3692183, 3.060215;0.8734444, -0.3507616, 2.832487;0.7243991, -0.7192225, 3.092239;0.9035921, -0.7064688, 2.768786;0.657486, -0.803473, 3.076771;0.8586204, -0.7945892, 2.714576;
0.6248406, 0.7483659, 2.993653;0.7269153, 0.6030599, 3.006082;0.7415617, 0.2403556, 2.986679;0.6151816, 0.4718471, 3.138235;0.8294098, 0.4834944, 2.895338;0.5612387, -0.04198993, 3.010307;0.7661909, -0.028261, 2.726116;0.7411407, 0.1646095, 2.985028;0.6956919, 0.08365508, 3.034721;0.7903179, 0.1012349, 2.926447;0.719805, -0.3700155, 3.063478;0.877303, -0.3523456, 2.836446;0.7250361, -0.7171118, 3.093494;0.9037013, -0.7065189, 2.768657;0.6602244, -0.8035046, 3.075243;0.8582541, -0.795212, 2.713109;
0.6004909, 0.7265611, 2.982781;0.7127472, 0.5901778, 2.996886;0.7457184, 0.2293962, 2.989985;0.6046294, 0.4565265, 3.128917;0.8208253, 0.4749843, 2.8888;0.5487326, -0.08693633, 3.001643;0.7557435, -0.0520428, 2.718576;0.7515269, 0.1532541, 2.992219;0.7127777, 0.06833938, 3.04632;0.807805, 0.0896822, 2.936166;0.7210622, -0.370577, 3.064626;0.8821461, -0.3544139, 2.839735;0.7252392, -0.7170938, 3.093499;0.9029318, -0.7080038, 2.767699;0.6651573, -0.8024849, 3.066478;0.8566426, -0.7963035, 2.710722;
0.5822865, 0.7074116, 2.955801;0.7001698, 0.5784081, 2.990406;0.7463053, 0.2224621, 2.991609;0.5947978, 0.4449872, 3.116686;0.8099648, 0.4670552, 2.87905;0.5492001, -0.06888738, 3.006132;0.7504289, -0.04758649, 2.717532;0.753894, 0.1483412, 2.994766;0.7153264, 0.06494534, 3.048611;0.8110235, 0.08625776, 2.939077;0.7241811, -0.3712941, 3.067368;0.8853204, -0.3557606, 2.841787;0.7252154, -0.7169805, 3.093534;0.9030963, -0.7077895, 2.767627;0.6714783, -0.8007177, 3.061571;0.8567758, -0.7960705, 2.710509;
0.5650623, 0.6715204, 2.942132;0.683598, 0.5594504, 2.984578;0.7497847, 0.2070515, 2.99349;0.580156, 0.4131838, 3.100245;0.7956449, 0.4564553, 2.871644;0.5461192, -0.07569725, 3.005708;0.7352117, -0.07732087, 2.705843;0.7617708, 0.1341659, 2.998441;0.7266924, 0.0514825, 3.052297;0.8214695, 0.07612406, 2.944487;0.7269623, -0.3802429, 3.073224;0.8885732, -0.3590684, 2.843675;0.7245903, -0.7213721, 3.094002;0.9031375, -0.7077683, 2.767534;0.6546344, -0.8090991, 3.065179;0.8563486, -0.795883, 2.709209;
0.5520695, 0.6547482, 2.925864;0.6683763, 0.5372619, 2.975942;0.7540631, 0.1975032, 2.993266;0.5736378, 0.4061512, 3.093545;0.7828263, 0.4377259, 2.863339;0.5429236, -0.09467474, 3.001791;0.7304081, -0.08480328, 2.709632;0.7695879, 0.12625, 2.999488;0.7385945, 0.04457738, 3.053585;0.833518, 0.06972624, 2.947791;0.7277247, -0.3804051, 3.07384;0.8918641, -0.3616794, 2.845665;0.7236111, -0.7152424, 3.094775;0.902876, -0.7081163, 2.767259;0.6589366, -0.8076285, 3.063597;0.8566879, -0.7957339, 2.70941;
0.5257809, 0.6239846, 2.906891;0.6478447, 0.5147185, 2.965421;0.7519122, 0.1824802, 2.994353;0.5667379, 0.3879548, 3.0812;0.7738243, 0.4313607, 2.858456;0.538995, -0.1222727, 3.00296;0.7241724, -0.09631006, 2.703961;0.770597, 0.1145588, 3.002368;0.7408569, 0.03839602, 3.05578;0.8357563, 0.06134449, 2.953183;0.7303193, -0.3820552, 3.076345;0.8949905, -0.3640423, 2.847414;0.7236046, -0.7153632, 3.094789;0.902943, -0.7081627, 2.767593;0.6600466, -0.8032125, 3.069041;0.8620082, -0.7933542, 2.714948;
0.5196419, 0.60745, 2.893408;0.6345429, 0.4793921, 2.952201;0.754725, 0.1669466, 2.9947;0.5540046, 0.3636167, 3.071482;0.7660751, 0.419091, 2.850748;0.5335298, -0.1350342, 3.001811;0.7236573, -0.1005919, 2.703749;0.7765528, 0.1018068, 3.005105;0.7506518, 0.02254803, 3.05981;0.8458064, 0.05303922, 2.960243;0.7339082, -0.383146, 3.079284;0.900376, -0.3703973, 2.849899;0.7236704, -0.7133626, 3.096864;0.9016818, -0.7102964, 2.766427;0.6622602, -0.8002561, 3.069318;0.8620083, -0.7933438, 2.714852;
0.4887778, 0.5669122, 2.869545;0.6229097, 0.454301, 2.93953;0.7615176, 0.1344833, 2.992068;0.5464681, 0.355074, 3.066847;0.7521534, 0.3967497, 2.844168;0.5328603, -0.1546981, 2.999383;0.7144008, -0.1312524, 2.691452;0.789178, 0.0696564, 3.006025;0.7667188, -0.0009835958, 3.057005;0.8575155, 0.03087666, 2.969164;0.7357854, -0.3991169, 3.083274;0.9074236, -0.380725, 2.852123;0.7243108, -0.7119133, 3.094945;0.9010455, -0.7108448, 2.766542;0.6638184, -0.7995498, 3.06994;0.8591591, -0.7949966, 2.715393;
0.4853825, 0.557309, 2.860728;0.6163701, 0.4403458, 2.927947;0.7631624, 0.1284463, 2.991314;0.5389757, 0.3357388, 3.052902;0.7481685, 0.3853339, 2.836694;0.5270583, -0.161711, 2.998452;0.7017069, -0.1829142, 2.678385;0.7918099, 0.0645323, 3.00649;0.7709016, -0.007219539, 3.059222;0.8639112, 0.02296706, 2.971241;0.7434515, -0.4045399, 3.090353;0.9091442, -0.3819277, 2.85305;0.7236823, -0.7173266, 3.094965;0.9009118, -0.7108184, 2.766426;0.6638476, -0.7997732, 3.070145;0.8590777, -0.7949889, 2.715245;
0.4783552, 0.5162243, 2.837849;0.6068753, 0.393581, 2.903702;0.764416, 0.09524973, 2.993755;0.536792, 0.3235033, 3.04197;0.7353886, 0.3443238, 2.821984;0.5252573, -0.2000088, 2.99931;0.7009864, -0.1928241, 2.672375;0.7953168, 0.03467179, 3.014018;0.7779396, -0.02668092, 3.067792;0.8657862, -0.01179745, 2.986156;0.7419454, -0.4232462, 3.092008;0.9118098, -0.3907672, 2.851541;0.7239375, -0.7156197, 3.095389;0.9007178, -0.7112277, 2.766266;0.6818135, -0.8025454, 3.040726;0.8572239, -0.7959393, 2.712606;
0.4744579, 0.4860127, 2.832432;0.5986436, 0.3644546, 2.907023;0.7655808, 0.07527004, 2.998351;0.5261953, 0.3067603, 3.035418;0.7317711, 0.333909, 2.818347;0.5227335, -0.2265836, 2.994042;0.697324, -0.2002055, 2.671661;0.7983385, 0.01676494, 3.019644;0.7797511, -0.03896618, 3.068749;0.8703254, -0.02313698, 2.995936;0.7448961, -0.4347081, 3.094466;0.9156576, -0.3979957, 2.851138;0.7239653, -0.714588, 3.094541;0.9012519, -0.7116222, 2.766255;0.6653754, -0.7967111, 3.061786;0.8575965, -0.7954414, 2.712515;
0.4547389, 0.448575, 2.814229;0.5937234, 0.3518647, 2.895919;0.7709472, 0.04977783, 2.997713;0.5218964, 0.2484392, 3.016312;0.7253838, 0.3119634, 2.809359;0.5212923, -0.2414446, 2.992688;0.6913019, -0.2233791, 2.66691;0.8071394, -0.01261835, 3.022227;0.7875481, -0.06861947, 3.065086;0.879063, -0.04430348, 3.006542;0.7481213, -0.4615019, 3.104307;0.9180681, -0.4129601, 2.845449;0.7177137, -0.7284406, 3.09099;0.9012396, -0.7116123, 2.766187;0.6604943, -0.8010973, 3.063551;0.8567965, -0.7957248, 2.711022;
0.4482242, 0.4255346, 2.806758;0.5898639, 0.319227, 2.872935;0.7732797, 0.0354631, 2.994697;0.5239686, 0.2346118, 3.008491;0.7216282, 0.2920675, 2.804781;0.5228702, -0.2684323, 3.00009;0.6854892, -0.2633482, 2.673072;0.8095584, -0.02287572, 3.021272;0.7909709, -0.07832175, 3.060692;0.8797768, -0.05049793, 3.009872;0.7550769, -0.4690363, 3.110923;0.918925, -0.4164916, 2.84445;0.7140067, -0.7674159, 3.099829;0.9006753, -0.7123404, 2.765436;0.6676955, -0.8101707, 3.031834;0.8554224, -0.7969345, 2.709487;
0.4488849, 0.3717137, 2.791187;0.5912653, 0.2873269, 2.860222;0.7614712, 0.004329322, 2.988813;0.5168684, 0.2222289, 3.000473;0.7209259, 0.2605343, 2.795431;0.521836, -0.3115402, 2.994816;0.6839595, -0.276546, 2.670183;0.7957464, -0.05196347, 3.017949;0.7789805, -0.09928476, 3.041575;0.8557822, -0.09199544, 3.031624;0.7549609, -0.4851291, 3.115995;0.9258875, -0.4359759, 2.831984;0.7151787, -0.7832246, 3.106371;0.9003663, -0.7124692, 2.764919;0.6521762, -0.8012319, 3.040874;0.8553655, -0.7961364, 2.70804;
0.4375263, 0.3483592, 2.782042;0.5844896, 0.2647, 2.848955;0.7653936, -0.01172565, 2.98424;0.4972321, 0.1834815, 2.98502;0.7184402, 0.2372444, 2.790129;0.5158818, -0.3276116, 2.988327;0.6747437, -0.3283193, 2.668245;0.8014112, -0.06774016, 3.014401;0.7864643, -0.1198509, 3.034629;0.8655823, -0.1008111, 3.030425;0.7662812, -0.5048068, 3.109792;0.9266059, -0.4441166, 2.828287;0.7080845, -0.7991165, 3.102924;0.9003872, -0.7123553, 2.765272;0.6448689, -0.7915028, 3.035709;0.8558534, -0.7957134, 2.708618;
0.4328326, 0.3100252, 2.766859;0.5827421, 0.2438005, 2.83369;0.7779491, -0.06005155, 2.976528;0.5154835, 0.1132177, 2.995677;0.7177925, 0.2206505, 2.785031;0.5088089, -0.3653349, 2.969713;0.6732373, -0.3417692, 2.663567;0.8171262, -0.1191992, 3.009894;0.8071219, -0.1745308, 3.009853;0.8778582, -0.1388608, 3.045532;0.7605768, -0.4895909, 3.112122;0.9285522, -0.4631354, 2.811536;0.7211238, -0.722946, 3.09463;0.9000861, -0.711778, 2.765536;0.6684152, -0.795203, 3.062121;0.8552404, -0.7962618, 2.709929;
0.4200802, 0.2732717, 2.757712;0.5779932, 0.2098499, 2.820029;0.7785684, -0.05044176, 2.989318;0.5169699, 0.1067908, 2.99143;0.7176884, 0.1853147, 2.780062;0.5044535, -0.39141, 2.959825;0.6703206, -0.3707115, 2.662566;0.8189324, -0.09811869, 3.032948;0.8015119, -0.141125, 3.057385;0.8880969, -0.1170154, 3.061645;0.7470007, -0.5214193, 3.13103;0.9250981, -0.4422407, 2.82718;0.7106498, -0.8186863, 3.097016;0.9002069, -0.7117075, 2.765524;0.639194, -0.7866542, 3.047839;0.8560013, -0.7956533, 2.7101;
0.422904, 0.265734, 2.753881;0.5750288, 0.1935808, 2.81354;0.7792441, -0.05064993, 2.989621;0.5090276, 0.08376773, 2.969153;0.7178843, 0.1770299, 2.775403;0.51136, -0.4134375, 2.974154;0.6742423, -0.3959726, 2.664922;0.819974, -0.09824946, 3.032805;0.8068157, -0.1459041, 3.053266;0.8907346, -0.1159607, 3.063079;0.7187825, -0.5201726, 3.123333;0.9246997, -0.4404412, 2.827922;0.7193077, -0.8189467, 3.101133;0.9003471, -0.7113498, 2.765149;0.6443008, -0.7904512, 3.055266;0.8565183, -0.7952976, 2.710192;
0.4270957, 0.2381561, 2.747466;0.5660648, 0.1625056, 2.800033;0.7776205, -0.05200895, 2.990432;0.5011946, 0.06041189, 2.95657;0.7113152, 0.1422391, 2.769986;0.5114834, -0.4475067, 2.966178;0.6718093, -0.4199672, 2.665742;0.8188841, -0.09847657, 3.033329;0.8059782, -0.1468031, 3.053321;0.8895118, -0.1146042, 3.066016;0.7185152, -0.5207734, 3.123513;0.9246448, -0.4388104, 2.831346;0.7198913, -0.8188794, 3.100232;0.9003034, -0.711234, 2.765001;0.643723, -0.7900645, 3.056622;0.856286, -0.7952677, 2.710302;
0.4244611, 0.1836619, 2.743719;0.5603319, 0.1108442, 2.795735;0.776776, -0.0631621, 2.989412;0.5061682, 0.0233379, 2.954851;0.6766277, 0.146102, 2.731437;0.5030557, -0.4831062, 2.974455;0.668781, -0.4418278, 2.661559;0.8189002, -0.1026707, 3.032441;0.812752, -0.1580615, 3.046394;0.8885721, -0.1147255, 3.068279;0.7096677, -0.5099677, 3.119454;0.9249159, -0.4390413, 2.834688;0.719359, -0.7324258, 3.095963;0.8998467, -0.7118039, 2.763808;0.6542171, -0.8004616, 3.064723;0.8567307, -0.7950377, 2.71039;
0.4232996, 0.1825913, 2.740681;0.5591705, 0.1097735, 2.792731;0.7739856, -0.08141817, 2.987469;0.5048428, -0.02780239, 2.969103;0.6777048, 0.1094604, 2.735729;0.5046304, -0.522756, 2.967894;0.6666926, -0.4693654, 2.663174;0.8167936, -0.1213384, 3.031075;0.8176134, -0.1905854, 3.036376;0.8857508, -0.1269047, 3.081277;0.7107135, -0.5096453, 3.118548;0.9228097, -0.4435441, 2.837547;0.7180607, -0.7300445, 3.096124;0.900098, -0.7343687, 2.753798;0.6544653, -0.7995233, 3.06474;0.8540838, -0.7997625, 2.707738;
0.4098004, 0.1431484, 2.725402;0.5456713, 0.07033064, 2.777493;0.7639838, -0.1106597, 2.98658;0.5055134, -0.03449833, 2.958653;0.6666148, 0.05676569, 2.725983;0.5051461, -0.532246, 2.969059;0.6622584, -0.5107189, 2.66419;0.8078117, -0.1467004, 3.031667;0.8127981, -0.1981686, 3.037318;0.8715774, -0.1501299, 3.083416;0.7115707, -0.508138, 3.115513;0.9192576, -0.4998275, 2.825563;0.7182724, -0.7275299, 3.094447;0.8923678, -0.7909069, 2.750461;0.6540504, -0.7993421, 3.067483;0.830282, -0.7987247, 2.682715;
0.4106797, 0.1374278, 2.725879;0.5465505, 0.06461004, 2.777994;0.7620858, -0.1111517, 2.985773;0.5073883, -0.04418038, 2.95496;0.6828547, 0.1232888, 2.74611;0.5056715, -0.5422484, 2.963224;0.6629999, -0.5152889, 2.662223;0.8048412, -0.1466199, 3.030496;0.810643, -0.2055938, 3.035183;0.8705241, -0.1477473, 3.090479;0.7131415, -0.5084918, 3.115036;0.9196633, -0.5003377, 2.825445;0.719963, -0.7235751, 3.09552;0.8922293, -0.7912084, 2.749986;0.6537398, -0.7981398, 3.068977;0.8301373, -0.7951136, 2.681983;
0.4016771, 0.1176474, 2.719718;0.5375479, 0.04482961, 2.771937;0.7225327, -0.1552366, 2.957474;0.5717518, 0.1256172, 2.800023;0.6804152, 0.1160819, 2.744407;0.5079614, -0.4587475, 2.930838;0.6657218, -0.5301721, 2.662533;0.7604123, -0.1933106, 2.99874;0.778999, -0.2445069, 2.99497;0.8134241, -0.2140801, 3.070253;0.7140262, -0.5091931, 3.115023;0.9218081, -0.5073977, 2.820164;0.7197343, -0.7232276, 3.09657;0.8942961, -0.7974967, 2.745385;0.6555521, -0.7930816, 3.067598;0.8276973, -0.7849299, 2.68314;
0.3933433, 0.1099543, 2.708495;0.5292141, 0.03713652, 2.760725;0.7236479, -0.1552948, 2.95725;0.6556758, 0.1720878, 2.814205;0.6795945, 0.1126369, 2.746796;0.5236351, -0.4416826, 2.946688;0.6661174, -0.5129802, 2.665866;0.7628433, -0.1932389, 2.999111;0.7958853, -0.2399125, 2.996414;0.8130724, -0.2144209, 3.070696;0.7189122, -0.510649, 3.110445;0.9205279, -0.5074806, 2.820567;0.7195315, -0.7234154, 3.09622;0.8933071, -0.7968746, 2.746801;0.6579652, -0.7931939, 3.067673;0.8273376, -0.7878274, 2.683416;
0.3923913, 0.1074729, 2.706138;0.5282621, 0.03465509, 2.758466;0.7460137, -0.1773077, 2.980384;0.5636074, 0.06524026, 2.797774;0.6675023, -0.002414815, 2.716115;0.5116084, -0.5324942, 2.9726;0.6779922, -0.5472289, 2.6682;0.7936183, -0.2217464, 3.033194;0.7957453, -0.2391762, 3.045568;0.8247961, -0.232006, 3.062994;0.723529, -0.5216607, 3.109796;0.9253092, -0.5227338, 2.808017;0.7185879, -0.7236241, 3.09455;0.8976448, -0.8113584, 2.735151;0.6556162, -0.7968783, 3.072068;0.8222569, -0.776272, 2.696274;
0.3901583, 0.1043156, 2.703139;0.5260292, 0.03149781, 2.755489;0.745936, -0.1770142, 2.96937;0.6783347, 0.1271273, 2.790993;0.6678091, -0.002860294, 2.716172;0.5313345, -0.4759167, 2.943457;0.6825854, -0.547585, 2.669059;0.7918375, -0.218701, 3.013534;0.8238124, -0.2352148, 3.011944;0.8199813, -0.2432486, 3.054563;0.7231884, -0.5301306, 3.109989;0.9194325, -0.5071691, 2.821808;0.7179036, -0.7224539, 3.094792;0.8991953, -0.713721, 2.761232;0.642863, -0.8031118, 3.069346;0.8591392, -0.7940583, 2.715399;
0.3633016, 0.07391319, 2.663278;0.4991725, 0.001095402, 2.715721;0.7465888, -0.2219729, 2.906127;0.6115286, 0.06044136, 2.775369;0.6676633, -0.003113338, 2.715562;0.5082176, -0.5921273, 2.966796;0.6846029, -0.5478879, 2.668416;0.7960721, -0.2665866, 2.947771;0.8234779, -0.2950722, 2.943655;0.8363827, -0.2991536, 3.001489;0.7223165, -0.5259953, 3.108726;0.9184906, -0.5085993, 2.820857;0.7176091, -0.7223353, 3.094615;0.8988681, -0.7138839, 2.760729;0.6430455, -0.803027, 3.070521;0.8599096, -0.7933793, 2.714253;
0.364874, 0.07393542, 2.665207;0.5007449, 0.001117633, 2.717738;0.7500979, -0.2164392, 2.915211;0.6114153, 0.06024171, 2.775555;0.6671656, -0.002211639, 2.714838;0.5078783, -0.5961598, 2.962099;0.6867856, -0.5485741, 2.668007;0.8000596, -0.259166, 2.959018;0.8258632, -0.2868409, 2.956044;0.8388403, -0.2868974, 3.011448;0.7321696, -0.595418, 3.104074;0.9179417, -0.5191728, 2.818316;0.7177246, -0.7224565, 3.094676;0.8989646, -0.715118, 2.759435;0.6529276, -0.7956522, 3.069168;0.8590744, -0.7938916, 2.714104;
0.3659098, 0.07362105, 2.666042;0.5017807, 0.0008032625, 2.71866;0.7498144, -0.2131408, 2.919157;0.6111727, 0.06020112, 2.775406;0.6661649, -0.00105463, 2.715224;0.5133944, -0.5235463, 2.958618;0.689191, -0.5461819, 2.667869;0.79923, -0.2549728, 2.96355;0.82633, -0.2863267, 2.956351;0.8347023, -0.2746252, 3.028973;0.7201844, -0.5856097, 3.102217;0.9169123, -0.5214551, 2.816688;0.7164692, -0.723628, 3.094523;0.8976563, -0.7164311, 2.759573;0.6378819, -0.8039798, 3.069268;0.858374, -0.7941719, 2.714043;
0.5831293, 0.2594878, 2.814481;0.7190002, 0.18667, 2.867113;0.8012723, -0.163485, 2.963683;0.6110147, 0.0602304, 2.775361;0.709357, 0.03170704, 2.712942;0.5150012, -0.5245156, 2.955148;0.6916341, -0.5461266, 2.667752;0.8127339, -0.2393077, 2.98033;0.8221009, -0.2854796, 2.959331;0.836243, -0.2725768, 3.02874;0.727972, -0.5167531, 3.081154;0.9169723, -0.5228137, 2.816762;0.7167493, -0.7233102, 3.094544;0.8976442, -0.7164232, 2.75954;0.641876, -0.802025, 3.06724;0.8590111, -0.7935567, 2.713592;
0.5831409, 0.2594694, 2.814424;0.7190118, 0.1866516, 2.867069;0.8011772, -0.1624448, 2.963716;0.6104049, 0.06007328, 2.775399;0.716401, 0.02213372, 2.714023;0.518967, -0.5363063, 2.944887;0.6936032, -0.5467143, 2.667924;0.8141007, -0.2344642, 2.982588;0.8200138, -0.2855517, 2.960383;0.8387815, -0.2706286, 3.030873;0.7349367, -0.5872049, 3.096164;0.9165087, -0.522917, 2.816487;0.7194816, -0.7226784, 3.097413;0.8973081, -0.7169086, 2.759453;0.6400738, -0.8033121, 3.064162;0.8595133, -0.7931304, 2.713026;
0.5831901, 0.2593628, 2.814148;0.7190611, 0.186545, 2.866807;0.8013057, -0.1625433, 2.963874;0.6094336, 0.06031064, 2.775071;0.7184111, 0.0192857, 2.71367;0.5112235, -0.6007126, 2.957777;0.6875049, -0.5879573, 2.671278;0.8151747, -0.2343096, 2.984064;0.8170537, -0.2837494, 2.96559;0.8403533, -0.2702829, 3.030231;0.7317182, -0.5210025, 3.089306;0.9166479, -0.5245501, 2.816252;0.7204585, -0.7243561, 3.097938;0.8965809, -0.7173889, 2.759312;0.6398926, -0.804824, 3.061964;0.8588297, -0.7936108, 2.712729;
0.5829672, 0.2592822, 2.813559;0.7188382, 0.1864644, 2.866231;0.7991674, -0.1578858, 2.962212;0.5969112, 0.06755765, 2.783293;0.7153268, 0.02345109, 2.712861;0.5107886, -0.6001398, 2.958158;0.6885089, -0.5882928, 2.670875;0.813254, -0.2267095, 2.98316;0.8137042, -0.2821438, 2.963053;0.8400224, -0.2664388, 3.031294;0.7297862, -0.5970059, 3.095515;0.9164597, -0.5248322, 2.816154;0.7209186, -0.7225235, 3.097172;0.896534, -0.7173703, 2.759124;0.6417887, -0.8039182, 3.061506;0.8592512, -0.7932876, 2.712331;
0.5828065, 0.2591798, 2.812938;0.7186775, 0.186362, 2.865623;0.7983012, -0.1557641, 2.96134;0.5958468, 0.07017343, 2.78542;0.7123179, 0.02683952, 2.712186;0.5106402, -0.6000502, 2.958209;0.6964814, -0.5360258, 2.666063;0.8126683, -0.223905, 2.982712;0.8128936, -0.2820306, 2.961385;0.8396032, -0.2649526, 3.03251;0.7298279, -0.5968863, 3.09561;0.915928, -0.5252816, 2.816157;0.7209525, -0.7231414, 3.097055;0.8954683, -0.7180847, 2.759873;0.6405448, -0.8064536, 3.064224;0.8594511, -0.7931976, 2.712236;
0.5849723, 0.2580582, 2.812407;0.7208432, 0.1852404, 2.865108;0.7981058, -0.1571841, 2.961413;0.5966886, 0.06852083, 2.78272;0.6521847, 0.009101527, 2.701396;0.5136662, -0.5223392, 2.950029;0.6971865, -0.5368708, 2.665997;0.8123212, -0.2257369, 2.983167;0.8132867, -0.281995, 2.961343;0.8327801, -0.2672811, 3.032066;0.7181115, -0.520503, 3.084876;0.9153296, -0.5264693, 2.815474;0.7211929, -0.7232398, 3.097145;0.8953741, -0.717897, 2.759774;0.6384237, -0.8068143, 3.067612;0.857857, -0.794131, 2.712415;
0.5875555, 0.2570064, 2.81236;0.7234264, 0.1841886, 2.865079;0.797935, -0.1554136, 2.960966;0.5976107, 0.06648425, 2.780055;0.6560457, 0.005756855, 2.701131;0.509759, -0.5995691, 2.955421;0.6977677, -0.5400431, 2.665816;0.8118221, -0.2227562, 2.982749;0.8140525, -0.2813156, 2.960246;0.8311993, -0.2661592, 3.033115;0.7175872, -0.6097053, 3.092368;0.9150802, -0.5274786, 2.815197;0.723579, -0.7233347, 3.097827;0.8946872, -0.7185757, 2.758894;0.6402184, -0.8061836, 3.068188;0.858073, -0.7947216, 2.710684;
0.5874765, 0.2568901, 2.812156;0.7233474, 0.1840723, 2.864895;0.7985037, -0.1560323, 2.962239;0.598749, 0.06618971, 2.779362;0.7109383, 0.005868738, 2.707114;0.508916, -0.5993662, 2.955786;0.6975102, -0.5424484, 2.665706;0.8130879, -0.2238491, 2.985258;0.8136666, -0.2803786, 2.965465;0.8335402, -0.2661581, 3.033567;0.7174021, -0.6088481, 3.091849;0.914975, -0.5274929, 2.815098;0.7223837, -0.7243012, 3.096791;0.8943435, -0.7188206, 2.760039;0.6393965, -0.8063921, 3.06841;0.8592568, -0.7937568, 2.710444;
0.5904304, 0.2547304, 2.812342;0.7263013, 0.1819126, 2.865091;0.7984391, -0.1763476, 2.954313;0.5965409, 0.07117198, 2.78559;0.6547497, 0.01440956, 2.713474;0.5057933, -0.5982767, 2.953443;0.6969765, -0.5467952, 2.665773;0.8116642, -0.2511587, 2.974062;0.8129349, -0.2855422, 2.960876;0.8246906, -0.2930273, 3.006776;0.7129208, -0.5241486, 3.083484;0.9143695, -0.5265905, 2.815404;0.7216205, -0.724344, 3.095154;0.8940712, -0.7192207, 2.760423;0.6396523, -0.8068882, 3.06855;0.8572879, -0.7953916, 2.709006;
0.5900028, 0.2547561, 2.812305;0.7258736, 0.1819383, 2.865139;0.7979486, -0.1763587, 2.95221;0.5995158, 0.06979059, 2.783259;0.6883683, 0.1072088, 2.774276;0.5050093, -0.5988542, 2.953285;0.6965219, -0.5329329, 2.665821;0.8114781, -0.2504978, 2.971629;0.80881, -0.294028, 2.945852;0.8273082, -0.2882297, 3.006729;0.7133647, -0.5231891, 3.083907;0.9144906, -0.5265716, 2.815409;0.7188281, -0.7216412, 3.092212;0.8939675, -0.7192308, 2.760243;0.6388998, -0.8070188, 3.068898;0.8577724, -0.7946668, 2.708671;
0.5871467, 0.2557762, 2.811264;0.7230176, 0.1829584, 2.864186;0.7959042, -0.1730484, 2.949003;0.5980582, 0.07311384, 2.787404;0.6891484, 0.107339, 2.774116;0.5103858, -0.5291379, 2.939736;0.6940848, -0.5309724, 2.666567;0.8098301, -0.2454175, 2.968098;0.8065289, -0.2945709, 2.941363;0.8293284, -0.2833084, 3.008309;0.7203407, -0.580057, 3.094997;0.9144994, -0.5265072, 2.815268;0.7177547, -0.721199, 3.090938;0.8937039, -0.7195638, 2.760019;0.6401718, -0.8056486, 3.066816;0.8569966, -0.7950624, 2.707485;
0.5873421, 0.2558775, 2.811185;0.723213, 0.1830597, 2.864119;0.7962844, -0.1729203, 2.949096;0.5683488, 0.06441961, 2.793757;0.664825, 0.01329376, 2.716213;0.5033763, -0.597498, 2.95505;0.6906713, -0.5490345, 2.666118;0.8104817, -0.2450895, 2.968467;0.8075268, -0.292863, 2.944184;0.8305523, -0.2831856, 3.00834;0.7191088, -0.5445504, 3.086724;0.913969, -0.5248815, 2.815166;0.7176287, -0.7212228, 3.090492;0.8935694, -0.7192411, 2.760041;0.6510103, -0.7984141, 3.066201;0.8560774, -0.7961808, 2.708816;
0.588108, 0.2616525, 2.810697;0.7239789, 0.1888347, 2.863644;0.7954126, -0.1713675, 2.950494;0.5665179, 0.06531131, 2.795333;0.6643447, 0.01265911, 2.716883;0.5023568, -0.5907782, 2.954722;0.6878132, -0.5589122, 2.666024;0.8092628, -0.2435266, 2.970766;0.805516, -0.2937183, 2.94813;0.8295885, -0.2807599, 3.011609;0.7194315, -0.5435029, 3.087085;0.912825, -0.5201617, 2.815752;0.71397, -0.7169551, 3.088488;0.894092, -0.7185893, 2.760125;0.6532388, -0.7956688, 3.065388;0.8570964, -0.7959735, 2.710233;
0.6167031, 0.1789764, 2.789009;0.7214659, 0.1982159, 2.861386;0.7773015, -0.1180959, 2.940562;0.5618909, 0.1016485, 2.798913;0.9998066, 0.08118916, 2.972394;0.5085161, -0.4746534, 2.939605;0.7261917, -0.4462037, 2.692229;0.7890916, -0.1836835, 2.960479;0.7294934, -0.2956086, 2.950361;0.8850734, -0.2741604, 3.015593;0.7296219, -0.4444032, 3.079648;0.9134521, -0.516789, 2.818172;0.7159998, -0.7180653, 3.089269;0.8941706, -0.7183084, 2.760433;0.6521792, -0.8011197, 3.066471;0.8579841, -0.7953066, 2.710153;
0.6142541, 0.1863187, 2.79122;0.7163223, 0.2180234, 2.863883;0.7762502, -0.1178078, 2.941494;0.5617614, 0.1020977, 2.798919;0.9928722, 0.09458022, 2.973069;0.5022845, -0.4957926, 2.944226;0.7274918, -0.4379405, 2.693953;0.7879871, -0.1839898, 2.961377;0.7286871, -0.2953371, 2.950953;0.8824096, -0.2735439, 3.016003;0.7263673, -0.4480435, 3.080654;0.9082928, -0.4837207, 2.826228;0.7161089, -0.7179074, 3.089129;0.8935889, -0.7194936, 2.759008;0.6643463, -0.8019069, 3.058846;0.8566056, -0.7962875, 2.708998;
0.6108824, 0.1894449, 2.785265;0.7137102, 0.2218029, 2.857489;0.7755826, -0.1167231, 2.94136;0.5609897, 0.08561195, 2.804013;0.9897365, 0.1021276, 2.973408;0.5009491, -0.507441, 2.947468;0.7230074, -0.4269116, 2.68589;0.7875465, -0.1833186, 2.961555;0.7286878, -0.295237, 2.950878;0.8805206, -0.2694306, 3.018891;0.7246253, -0.4457925, 3.081396;0.9115468, -0.4950205, 2.825738;0.7176199, -0.7170193, 3.09027;0.8940998, -0.7184956, 2.760291;0.6609145, -0.8004345, 3.066642;0.8562613, -0.7964125, 2.709658;
0.6063924, 0.2061608, 2.787146;0.7099509, 0.238028, 2.85927;0.7730923, -0.08273464, 2.946893;0.559675, 0.08612535, 2.804313;0.9896002, 0.1039074, 2.973388;0.5015404, -0.4981623, 2.94584;0.7210742, -0.4221762, 2.684988;0.7859215, -0.1468312, 2.967993;0.7239009, -0.2520387, 2.962371;0.8858759, -0.2321836, 3.021445;0.7115114, -0.5074375, 3.090591;0.9160339, -0.4433412, 2.837961;0.7221398, -0.7296147, 3.094896;0.8942778, -0.7180097, 2.760358;0.6584164, -0.8020688, 3.068452;0.855804, -0.7965303, 2.709822;
0.4528216, 0.09992868, 2.704253;0.553426, 0.1430631, 2.776543;0.7196211, -0.1026189, 2.915218;0.5575091, 0.08748911, 2.807879;0.9861622, 0.112462, 2.975786;0.5033562, -0.4475837, 2.94761;0.7190307, -0.4050029, 2.685482;0.7596431, -0.150745, 2.950885;0.7243857, -0.2486862, 2.958275;0.885867, -0.2278628, 3.022614;0.711037, -0.5081849, 3.091178;0.9142118, -0.5004991, 2.824029;0.7229711, -0.7243828, 3.096104;0.8948152, -0.7187001, 2.760198;0.6928852, -0.809333, 3.012049;0.8549865, -0.7968475, 2.708026;
0.4582658, 0.1106861, 2.707275;0.5613686, 0.1473716, 2.779437;0.7422324, -0.05979364, 2.948752;0.5517944, 0.06881023, 2.849895;0.9822312, 0.1226493, 2.973845;0.5039464, -0.4413124, 2.948685;0.7195017, -0.3887484, 2.683816;0.7763506, -0.1023412, 2.985369;0.7439472, -0.1889177, 3.00733;0.9197229, -0.1541505, 3.065168;0.7121182, -0.5080017, 3.090733;0.919199, -0.4645793, 2.823595;0.722399, -0.7276552, 3.093433;0.8938508, -0.7479743, 2.743815;0.6517125, -0.7999216, 3.062361;0.8447087, -0.8094812, 2.698045;
0.4617114, 0.1424683, 2.713628;0.5691214, 0.1736252, 2.784941;0.7451419, -0.02553241, 2.958691;0.5517242, 0.08571436, 2.852899;0.9831511, 0.1382487, 2.97654;0.5062358, -0.427088, 2.950149;0.7192222, -0.3746414, 2.684601;0.7800402, -0.06399633, 2.997396;0.7429471, -0.1393506, 3.028032;0.9303563, -0.1152471, 3.075814;0.7117494, -0.5144554, 3.092911;0.919253, -0.4373764, 2.839547;0.7245506, -0.8003116, 3.102606;0.8948985, -0.7204762, 2.760567;0.6446319, -0.7996451, 3.058982;0.8550809, -0.7965008, 2.707921;
0.4620648, 0.1682341, 2.717666;0.5709598, 0.1884817, 2.7894;0.7445163, -0.02185346, 2.959587;0.5521052, 0.1039625, 2.857995;0.9861975, 0.1369225, 2.976924;0.5091242, -0.4007349, 2.947051;0.7224001, -0.3300866, 2.691024;0.7794327, -0.06216377, 2.997739;0.7413618, -0.1382493, 3.028016;0.9303637, -0.1152471, 3.075728;0.7131143, -0.5131594, 3.094779;0.9190453, -0.4356999, 2.839114;0.724048, -0.7989877, 3.10127;0.8955071, -0.7185098, 2.761073;0.643337, -0.7996897, 3.059152;0.8559375, -0.7956472, 2.707505;
0.4245575, 0.2908023, 2.74647;0.5721474, 0.2120355, 2.796263;0.7702048, -0.02508607, 2.977408;0.5041468, 0.1384339, 2.93266;0.6981384, 0.1670321, 2.760745;0.5147269, -0.3774265, 2.960197;0.6998438, -0.3753803, 2.6665;0.8157424, -0.07483074, 3.020869;0.8030034, -0.1320525, 3.033733;0.8878226, -0.08620398, 3.057659;0.7160441, -0.5046271, 3.092612;0.9186991, -0.4347062, 2.838871;0.7239611, -0.790028, 3.099349;0.8957088, -0.7171267, 2.761262;0.6434272, -0.8017914, 3.058569;0.8547059, -0.7966228, 2.708534;
0.4227686, 0.3190518, 2.749605;0.5716744, 0.2418422, 2.808654;0.770484, -0.01586035, 2.978016;0.5020569, 0.1409686, 2.945509;0.7013026, 0.207319, 2.766201;0.5163603, -0.3371455, 2.966234;0.6964879, -0.3281309, 2.669038;0.8135488, -0.06583026, 3.018642;0.8003589, -0.1196082, 3.026437;0.8861795, -0.08271937, 3.057678;0.7113376, -0.4840039, 3.095815;0.9178438, -0.4311715, 2.83797;0.7124979, -0.7693272, 3.101522;0.8962769, -0.7142323, 2.761578;0.6422298, -0.8057215, 3.056531;0.8549091, -0.7963008, 2.708419;
0.4265598, 0.3595046, 2.760401;0.5694633, 0.2535125, 2.814867;0.7701125, -0.01718762, 2.977273;0.50629, 0.1504875, 2.971024;0.7010481, 0.2134051, 2.768386;0.5195762, -0.3345195, 2.968354;0.6991361, -0.3180851, 2.668036;0.81165, -0.07159504, 3.014629;0.7965848, -0.1321196, 3.020112;0.8810902, -0.08779835, 3.048603;0.7126168, -0.4943652, 3.101234;0.917179, -0.42431, 2.837569;0.7111774, -0.7793503, 3.107262;0.8964834, -0.7143023, 2.76168;0.6418548, -0.8031233, 3.053266;0.8547575, -0.7967931, 2.70935;
0.4277509, 0.3958398, 2.772757;0.5696772, 0.302432, 2.824874;0.7692571, 0.009649616, 2.974545;0.5099776, 0.1585687, 2.980135;0.7048628, 0.2445649, 2.775652;0.5259892, -0.3156666, 2.983662;0.7035786, -0.2920223, 2.672813;0.8096396, -0.04736964, 3.009099;0.7959042, -0.0994248, 3.012069;0.8777961, -0.07011206, 3.04398;0.7215737, -0.4635188, 3.092973;0.9162798, -0.4204276, 2.837707;0.7179751, -0.7480949, 3.09974;0.8966733, -0.7127359, 2.761683;0.6609907, -0.8023024, 3.053899;0.8540496, -0.797038, 2.709524;
0.425799, 0.4411716, 2.780074;0.5691183, 0.3248905, 2.833629;0.7611954, 0.01721349, 2.970848;0.5069039, 0.2250455, 2.984264;0.7034822, 0.261839, 2.777819;0.5330181, -0.2836382, 2.984868;0.7046671, -0.2500777, 2.672881;0.7989177, -0.04167932, 3.002339;0.7830557, -0.09220952, 3.002583;0.8606434, -0.06653778, 3.033149;0.7252325, -0.4558523, 3.094076;0.9144155, -0.4139671, 2.83849;0.7239144, -0.7150603, 3.092068;0.8968733, -0.7128727, 2.76141;0.6688756, -0.7995563, 3.05404;0.8535373, -0.7973316, 2.709923;
0.4353089, 0.4733383, 2.796896;0.5697032, 0.3605497, 2.847174;0.7557113, 0.0321113, 2.968295;0.5034227, 0.2494907, 2.988555;0.7036502, 0.2824729, 2.782642;0.5380319, -0.2613922, 2.995263;0.7052058, -0.2408097, 2.672482;0.7933586, -0.03125255, 2.997784;0.7767847, -0.08046872, 2.999435;0.8548261, -0.05869098, 3.024693;0.7306412, -0.4449373, 3.091843;0.9123385, -0.3999436, 2.839842;0.7224883, -0.711084, 3.090271;0.896817, -0.7127342, 2.761279;0.6683823, -0.7965226, 3.060236;0.8548683, -0.7962545, 2.709487;
0.4412143, 0.4910991, 2.810892;0.5813338, 0.3952317, 2.863278;0.7537519, 0.07604454, 2.967079;0.5045819, 0.2700762, 2.998209;0.7076709, 0.309538, 2.788074;0.5332421, -0.234219, 2.997035;0.7096249, -0.2163396, 2.67696;0.7881422, 0.01207009, 2.99128;0.7703094, -0.0466911, 3.034903;0.8551556, -0.0171481, 2.973667;0.7336764, -0.4217411, 3.084276;0.9118989, -0.4000275, 2.839638;0.7230511, -0.7110711, 3.090605;0.897016, -0.7128905, 2.76129;0.6671177, -0.7955476, 3.064;0.8559922, -0.7952801, 2.709505;
0.4637278, 0.5419699, 2.82787;0.5873002, 0.4205736, 2.86904;0.7543238, 0.09827298, 2.963628;0.5116257, 0.29446, 3.004874;0.7126371, 0.3293089, 2.79294;0.533816, -0.2265919, 2.998922;0.710679, -0.2071564, 2.683955;0.7877922, 0.03438074, 2.986072;0.7713145, -0.03223749, 3.036328;0.8557752, -0.002891626, 2.963088;0.7348225, -0.4077023, 3.081761;0.9104196, -0.3989245, 2.839876;0.7230461, -0.7110678, 3.090568;0.8969079, -0.7129127, 2.761009;0.6718948, -0.7983508, 3.048738;0.8544146, -0.7963309, 2.709433;
0.4813117, 0.5803632, 2.835293;0.5978472, 0.4503768, 2.880052;0.7512579, 0.1114164, 2.963095;0.511874, 0.3333432, 3.022788;0.7197815, 0.3494819, 2.802009;0.5334039, -0.1774512, 3.002868;0.7120184, -0.2022515, 2.687261;0.7829684, 0.0455443, 2.98411;0.7660773, -0.02163559, 3.036436;0.8515596, 0.003130942, 2.958332;0.7362134, -0.399743, 3.08094;0.9089667, -0.3988854, 2.839617;0.7232149, -0.7108625, 3.090442;0.8968843, -0.7128351, 2.760957;0.6739509, -0.799147, 3.04606;0.853623, -0.7969795, 2.70975;
0.4881037, 0.5999423, 2.846135;0.6077945, 0.4684805, 2.890038;0.74777, 0.1237511, 2.959878;0.5161882, 0.3455026, 3.029445;0.7274375, 0.3729554, 2.809989;0.5360515, -0.1743098, 3.003686;0.7205437, -0.1618612, 2.689938;0.7763904, 0.05724508, 2.977936;0.7579556, -0.01300444, 3.031949;0.8432828, 0.01288562, 2.945117;0.7363245, -0.399795, 3.080621;0.9064173, -0.3974009, 2.83906;0.7256962, -0.721356, 3.090875;0.8970192, -0.7128747, 2.760854;0.6637957, -0.8021779, 3.056527;0.8530346, -0.7974985, 2.709929;
0.5073828, 0.6397647, 2.872926;0.6186211, 0.4919425, 2.901274;0.7396511, 0.1528772, 2.9583;0.522512, 0.363215, 3.038808;0.7350367, 0.3888938, 2.812493;0.5334088, -0.1541948, 3.011776;0.7263534, -0.1366991, 2.689905;0.7635466, 0.08627222, 2.973108;0.7451987, 0.00621559, 3.032218;0.8324535, 0.02942265, 2.934178;0.7359376, -0.3987983, 3.079517;0.9023196, -0.3932814, 2.83783;0.7234014, -0.7219776, 3.090108;0.8972548, -0.7128293, 2.760868;0.663668, -0.801946, 3.057286;0.8528289, -0.7978135, 2.710188;
0.5249492, 0.6593806, 2.887027;0.6284643, 0.5121949, 2.903351;0.7372972, 0.1625234, 2.957013;0.527102, 0.3809069, 3.045097;0.7394369, 0.4030347, 2.813446;0.5264485, -0.1742797, 3.006284;0.7317541, -0.1023639, 2.694721;0.759789, 0.09411587, 2.971432;0.7393873, 0.01331181, 3.031157;0.8247399, 0.03971375, 2.929492;0.7350338, -0.4000335, 3.078827;0.897329, -0.385381, 2.836854;0.7239757, -0.7229775, 3.090579;0.8972923, -0.7132049, 2.761243;0.6734108, -0.8140684, 3.029245;0.8512759, -0.7982453, 2.706817;
0.5389138, 0.6927563, 2.90739;0.6396109, 0.5303189, 2.910063;0.7319916, 0.1855035, 2.95104;0.5361846, 0.4217927, 3.062095;0.7481602, 0.4274441, 2.821345;0.5314084, -0.146623, 3.009952;0.7263091, -0.1019087, 2.698444;0.7499517, 0.118419, 2.962124;0.7257696, 0.03463432, 3.024087;0.8128734, 0.05781004, 2.913416;0.733345, -0.3979717, 3.077225;0.8956925, -0.3848528, 2.835111;0.7241908, -0.7196787, 3.09048;0.8974266, -0.7130526, 2.761385;0.6658739, -0.797101, 3.062463;0.8519821, -0.7983593, 2.70688;
0.5509495, 0.7069181, 2.913187;0.654056, 0.552878, 2.931021;0.7294497, 0.1969002, 2.951961;0.5402557, 0.4288658, 3.064603;0.754564, 0.4383433, 2.823885;0.5382954, -0.1065388, 3.012837;0.725956, -0.1004, 2.702276;0.7456857, 0.1280221, 2.961113;0.7182263, 0.04345112, 3.023294;0.8074939, 0.06559148, 2.907634;0.7323819, -0.3962294, 3.076085;0.8916211, -0.3764386, 2.834828;0.7236204, -0.7168818, 3.089735;0.8976034, -0.7137526, 2.760938;0.6753941, -0.8053584, 3.042017;0.8515573, -0.7985211, 2.705225;
0.5762075, 0.7271525, 2.930007;0.6625333, 0.5603994, 2.934012;0.7296441, 0.1988602, 2.951229;0.554127, 0.4332932, 3.063357;0.7654086, 0.4569384, 2.831491;0.5402553, -0.09728953, 3.012188;0.7252095, -0.1003844, 2.703721;0.7449957, 0.1292141, 2.959739;0.7149507, 0.04656077, 3.018013;0.8046442, 0.0682582, 2.90539;0.7289227, -0.3886993, 3.07142;0.8885112, -0.3723285, 2.833604;0.7234117, -0.7170677, 3.089512;0.8981113, -0.7119831, 2.761611;0.6755607, -0.8048622, 3.044055;0.8514873, -0.7987199, 2.705859;
0.5884917, 0.7416495, 2.941932;0.6763518, 0.5788622, 2.946913;0.7262539, 0.2057158, 2.950613;0.5623122, 0.4413256, 3.068138;0.7693474, 0.4614365, 2.83418;0.5431386, -0.09076912, 3.011947;0.7317089, -0.08366582, 2.717007;0.7379081, 0.1350476, 2.956661;0.7011251, 0.05384891, 3.011926;0.7919174, 0.0754289, 2.898772;0.7287526, -0.388826, 3.071334;0.8867111, -0.3659391, 2.832793;0.7234154, -0.7192176, 3.090073;0.9011165, -0.7102296, 2.762779;0.6694015, -0.8043356, 3.048877;0.8533785, -0.7972008, 2.707014;
0.6055499, 0.763198, 2.958066;0.6853147, 0.5920617, 2.952821;0.7258225, 0.2097799, 2.94949;0.5732364, 0.4507377, 3.075477;0.7761987, 0.4717951, 2.843171;0.5438973, -0.07181242, 3.016343;0.7343581, -0.06912011, 2.725002;0.7361523, 0.1372761, 2.954376;0.6975545, 0.05772006, 3.006837;0.7891361, 0.07843849, 2.896341;0.7274932, -0.3867275, 3.06986;0.8846214, -0.3622818, 2.832267;0.7233464, -0.7189108, 3.090488;0.9011956, -0.7102592, 2.762646;0.6671827, -0.8002795, 3.054497;0.8527611, -0.7979472, 2.707993;
0.614466, 0.7673418, 2.963358;0.701824, 0.6077218, 2.964195;0.7246555, 0.230416, 2.948767;0.5843357, 0.4620332, 3.087154;0.7834265, 0.4802089, 2.85043;0.5459062, -0.06825289, 3.017243;0.7416128, -0.05463903, 2.726018;0.7303411, 0.1566781, 2.950125;0.6913565, 0.07226521, 3.002241;0.7787311, 0.09680528, 2.888884;0.7258575, -0.3793857, 3.065591;0.8835807, -0.3581094, 2.832421;0.7225997, -0.7154682, 3.087856;0.9020919, -0.7096389, 2.763975;0.6699326, -0.7954634, 3.060273;0.8543673, -0.7968788, 2.709189;
0.6400133, 0.7859706, 2.987372;0.7125168, 0.6147518, 2.97011;0.7254315, 0.2321208, 2.948463;0.5923275, 0.4703, 3.096167;0.7954867, 0.4868114, 2.854024;0.5493979, -0.05481851, 3.018278;0.7425711, -0.04823653, 2.725996;0.7302839, 0.1576476, 2.949323;0.6892231, 0.0762926, 2.99732;0.7784047, 0.09824589, 2.888745;0.7256054, -0.3795409, 3.06526;0.8813583, -0.3574784, 2.830902;0.7253245, -0.7213675, 3.09032;0.9019409, -0.7098791, 2.763586;0.6635381, -0.7992034, 3.062671;0.8546526, -0.7970059, 2.708466;
0.6481961, 0.7901976, 3.000216;0.7232872, 0.6235237, 2.978607;0.7263106, 0.2362567, 2.949502;0.6015416, 0.4817839, 3.106595;0.8021735, 0.4904258, 2.85873;0.552094, -0.05031371, 3.017558;0.7521259, -0.02835022, 2.733501;0.7296936, 0.16044, 2.949209;0.6868522, 0.08110127, 2.995683;0.7766879, 0.1019666, 2.889208;0.7247971, -0.3790291, 3.06437;0.8805474, -0.3568867, 2.830587;0.7251319, -0.7210694, 3.090102;0.9024098, -0.7091667, 2.763958;0.6636645, -0.7990223, 3.062669;0.8556811, -0.7960796, 2.709136;
0.6630678, 0.8052314, 3.006638;0.731935, 0.6353105, 2.987385;0.7272683, 0.2396985, 2.951405;0.6098458, 0.4889062, 3.123728;0.8100768, 0.4966372, 2.86557;0.5614135, -0.04490757, 3.02248;0.7529249, -0.02641024, 2.73386;0.729371, 0.1621168, 2.949772;0.6851541, 0.08504531, 2.994594;0.7754092, 0.1048213, 2.891308;0.7234825, -0.3812388, 3.063433;0.8799766, -0.3551863, 2.829751;0.7244943, -0.7285392, 3.09125;0.9026887, -0.7075146, 2.764177;0.662462, -0.8005034, 3.064625;0.8545828, -0.7965323, 2.709981;
0.6709334, 0.811435, 3.012793;0.7370565, 0.6389358, 2.991966;0.7294177, 0.2427065, 2.951556;0.6124955, 0.4904037, 3.125258;0.8179011, 0.5015305, 2.871158;0.5661084, -0.04320446, 3.026214;0.7542632, -0.03036992, 2.732646;0.7302371, 0.1643434, 2.948931;0.6852472, 0.08907874, 2.990843;0.7759074, 0.1070388, 2.891037;0.7231794, -0.3766761, 3.061534;0.8791109, -0.3533385, 2.828923;0.7235196, -0.7204983, 3.088706;0.9027656, -0.7074768, 2