0.7572029, 0.8190195, 3.0702;0.8069855, 0.6476104, 3.052554;0.746609, 0.2513808, 2.978328;0.6773536, 0.5173171, 3.161632;0.8753586, 0.4992585, 2.919894;0.5754327, -0.07640508, 2.999284;0.7832749, -0.0670708, 2.731148;0.7345337, 0.1721349, 2.967181;0.6798041, 0.1094003, 3.005631;0.7689064, 0.101274, 2.900492;0.7092118, -0.366561, 3.057586;0.8659111, -0.3576162, 2.82693;0.7263108, -0.7137279, 3.092884;0.8975066, -0.7100533, 2.764296;0.6631181, -0.7939434, 3.066826;0.8564987, -0.7939917, 2.704059;
0.757166, 0.8178193, 3.069856;0.8066275, 0.6466508, 3.052406;0.7465649, 0.2513225, 2.978295;0.6767392, 0.5154674, 3.162576;0.8754266, 0.4993441, 2.919643;0.5820509, -0.03528246, 3.012924;0.779775, -0.0214265, 2.736838;0.7345153, 0.172125, 2.967159;0.6796886, 0.1091994, 3.005551;0.7689092, 0.1013278, 2.900472;0.7086624, -0.3662561, 3.057173;0.8657733, -0.3576661, 2.826779;0.7255217, -0.7130422, 3.092314;0.8977326, -0.7103162, 2.764569;0.6661392, -0.7956148, 3.066153;0.8541048, -0.7962155, 2.704545;
0.7579119, 0.8180409, 3.069814;0.8062924, 0.6464741, 3.050838;0.7465266, 0.2513944, 2.978017;0.6765369, 0.5152218, 3.162706;0.8755994, 0.4993006, 2.919358;0.5822113, -0.03490735, 3.01319;0.8020581, 0.031552, 2.756902;0.734496, 0.1722118, 2.966944;0.6796306, 0.1092434, 3.005336;0.7689633, 0.1014811, 2.900357;0.7085757, -0.3662884, 3.056934;0.8657901, -0.3575504, 2.826587;0.7255854, -0.7126653, 3.092722;0.8977293, -0.7104098, 2.764535;0.6628888, -0.7970048, 3.068609;0.8526018, -0.7972234, 2.706909;
0.7562538, 0.8185691, 3.07254;0.806237, 0.646604, 3.050685;0.7464311, 0.2514054, 2.977937;0.6758914, 0.5147866, 3.163719;0.8752263, 0.4994044, 2.919294;0.5821817, -0.03420856, 3.014067;0.8024966, 0.03161085, 2.756952;0.7344014, 0.1722132, 2.966893;0.6795057, 0.1091112, 3.005359;0.7688267, 0.101495, 2.900173;0.7086833, -0.3683519, 3.057464;0.8658052, -0.3575841, 2.82659;0.7248921, -0.7211084, 3.090351;0.8977609, -0.7103894, 2.7646;0.6588047, -0.802664, 3.072527;0.8527552, -0.7969008, 2.706405;
0.7552038, 0.8181102, 3.074728;0.8051976, 0.6445421, 3.049175;0.7460433, 0.2516207, 2.977814;0.6751469, 0.5136665, 3.164702;0.8745563, 0.4986857, 2.918988;0.5810121, -0.03665037, 3.012409;0.8039805, 0.03287843, 2.757388;0.7339002, 0.1728014, 2.966938;0.6788694, 0.1093195, 3.005948;0.7683393, 0.1017775, 2.89986;0.7085908, -0.367543, 3.057263;0.8652668, -0.3561411, 2.826959;0.7250424, -0.7162223, 3.089529;0.8982722, -0.7104458, 2.764437;0.6580786, -0.8026049, 3.073112;0.8545884, -0.7961854, 2.707869;
0.755543, 0.8185297, 3.076195;0.8046108, 0.6442956, 3.049049;0.7459816, 0.2516269, 2.977682;0.6747818, 0.5132676, 3.165271;0.8741556, 0.4986763, 2.918845;0.5814325, -0.03496672, 3.014662;0.7902132, -0.002690598, 2.746561;0.7338858, 0.1728286, 2.966817;0.6788814, 0.1093104, 3.005842;0.7683411, 0.1018628, 2.8997;0.7083998, -0.3675222, 3.056974;0.8640106, -0.355962, 2.827952;0.7250277, -0.7161424, 3.089439;0.8981865, -0.7105985, 2.764099;0.6608531, -0.8034658, 3.067386;0.8531681, -0.7969365, 2.706291;
0.7554033, 0.8179117, 3.076181;0.8037655, 0.6433637, 3.049189;0.7458505, 0.2515474, 2.977621;0.6742802, 0.5128934, 3.166081;0.8740711, 0.4986516, 2.918751;0.5801215, -0.03747343, 3.01289;0.7908003, 0.001008593, 2.747735;0.7338451, 0.1728203, 2.966755;0.6788333, 0.1092624, 3.005759;0.7683371, 0.1018692, 2.899641;0.7083612, -0.367488, 3.056924;0.8641541, -0.3555781, 2.827641;0.7254409, -0.7147931, 3.089804;0.8985109, -0.7097927, 2.764679;0.6681179, -0.8029886, 3.059951;0.8527603, -0.7975653, 2.708562;
0.7548238, 0.8182449, 3.075675;0.8029453, 0.6426718, 3.048279;0.7456067, 0.2515816, 2.977441;0.6740642, 0.5111347, 3.164102;0.8740436, 0.4986184, 2.918575;0.5807734, -0.03534002, 3.013204;0.8048694, 0.01272506, 2.750869;0.7336797, 0.1729323, 2.966644;0.6787075, 0.1092294, 3.005682;0.7681862, 0.102147, 2.899567;0.7076799, -0.36662, 3.055837;0.8643173, -0.3559743, 2.827492;0.7255694, -0.713786, 3.089874;0.8985783, -0.709821, 2.764653;0.6638378, -0.8023189, 3.067749;0.8531663, -0.7972778, 2.707739;
0.7548028, 0.818219, 3.07556;0.8028696, 0.6428055, 3.048223;0.7453011, 0.2517958, 2.977494;0.6737884, 0.5107805, 3.163963;0.8735043, 0.4986365, 2.918612;0.5801455, -0.03783348, 3.01321;0.8040494, 0.02129114, 2.752501;0.7333497, 0.1732086, 2.966759;0.6783346, 0.1091888, 3.006086;0.7678131, 0.1024191, 2.899471;0.7076547, -0.3679008, 3.055836;0.8643176, -0.3559709, 2.827426;0.72493, -0.7184811, 3.090417;0.8986308, -0.710132, 2.764424;0.6620086, -0.8024254, 3.068999;0.8544079, -0.7970867, 2.70976;
0.7545331, 0.8183881, 3.075226;0.802653, 0.6432084, 3.048419;0.7437174, 0.2520306, 2.978281;0.673586, 0.5107933, 3.163829;0.8734396, 0.4984936, 2.918295;0.5800532, -0.0378574, 3.012458;0.7873814, -0.01787245, 2.740442;0.7314314, 0.1734352, 2.967769;0.6751411, 0.1070293, 3.007291;0.7654433, 0.1049128, 2.901311;0.7075785, -0.3676291, 3.055752;0.8642983, -0.3559599, 2.827328;0.7246614, -0.7153717, 3.090294;0.8987914, -0.7092953, 2.765388;0.6620632, -0.8014545, 3.069371;0.8558919, -0.7955596, 2.711411;
0.7540882, 0.818126, 3.074739;0.8026242, 0.6431961, 3.04844;0.7434199, 0.2519924, 2.978393;0.6733997, 0.5107739, 3.163742;0.873302, 0.4979224, 2.917741;0.5790651, -0.03979275, 3.008662;0.800794, 0.02190138, 2.752978;0.731122, 0.173425, 2.967906;0.6743947, 0.1055672, 3.007488;0.7650994, 0.1055927, 2.901498;0.7071459, -0.3671544, 3.055005;0.8640559, -0.3560095, 2.827234;0.7251269, -0.7153897, 3.090796;0.8989767, -0.7090691, 2.765569;0.6607536, -0.8013551, 3.071179;0.8564378, -0.794964, 2.711436;
0.7532825, 0.8170394, 3.071456;0.8026717, 0.6432085, 3.048429;0.7432933, 0.251876, 2.978424;0.6731349, 0.5108475, 3.163555;0.8729888, 0.4980195, 2.917903;0.5790105, -0.04038657, 3.008425;0.8014758, 0.02431664, 2.753809;0.7309618, 0.1732846, 2.967962;0.6741133, 0.104447, 3.007362;0.7649145, 0.106135, 2.901795;0.7071322, -0.3675913, 3.054827;0.8640413, -0.3561327, 2.827234;0.7232906, -0.7255968, 3.091579;0.89884, -0.7087626, 2.764929;0.6603387, -0.802084, 3.070238;0.8568603, -0.7946575, 2.711603;
0.7529687, 0.8163153, 3.070098;0.8027421, 0.6434155, 3.048281;0.742717, 0.2517871, 2.978496;0.6724547, 0.5108343, 3.162901;0.8728236, 0.4980737, 2.917788;0.5785563, -0.04093271, 3.007203;0.7854328, -0.02250492, 2.740204;0.7301768, 0.1731239, 2.968137;0.6729513, 0.1035161, 3.007458;0.7641923, 0.1067864, 2.902225;0.707073, -0.3675083, 3.054721;0.8632873, -0.3545027, 2.826746;0.7238003, -0.7181984, 3.090839;0.8987856, -0.7090959, 2.764935;0.6620888, -0.7999905, 3.070031;0.8549831, -0.7959064, 2.713048;
0.7522895, 0.8163486, 3.069566;0.8026742, 0.6434726, 3.048253;0.7423854, 0.251781, 2.978413;0.6723244, 0.5107815, 3.162964;0.872789, 0.4981347, 2.917713;0.578406, -0.04157776, 3.006763;0.8013523, 0.02008521, 2.753049;0.7298527, 0.1731223, 2.968052;0.6725857, 0.1032525, 3.007254;0.7639744, 0.1070826, 2.902157;0.7063361, -0.3660047, 3.054272;0.8633456, -0.3546093, 2.826628;0.7233878, -0.7175165, 3.090494;0.8989826, -0.708491, 2.764608;0.6628293, -0.79831, 3.074231;0.858398, -0.7932202, 2.714713;
0.7510005, 0.8160956, 3.067842;0.8024093, 0.6429831, 3.047716;0.7422308, 0.2514315, 2.978273;0.6720722, 0.5107187, 3.162777;0.8724645, 0.4984786, 2.917421;0.5760115, -0.05347046, 3.000685;0.8016284, 0.02431268, 2.752826;0.7297637, 0.1728498, 2.967979;0.6726443, 0.1027862, 3.006741;0.7640231, 0.1073814, 2.902542;0.7066897, -0.3718428, 3.054917;0.863283, -0.3547457, 2.826542;0.7236838, -0.726083, 3.089982;0.8987152, -0.7085091, 2.764245;0.6570156, -0.8056532, 3.068897;0.8583052, -0.7931577, 2.714624;
0.7506044, 0.815392, 3.066871;0.8024925, 0.6430752, 3.047818;0.741904, 0.2513441, 2.978225;0.6708132, 0.5076437, 3.16199;0.8723845, 0.4984975, 2.917268;0.5778257, -0.04242304, 3.004574;0.8023947, 0.02629527, 2.753118;0.7293208, 0.1727245, 2.96789;0.6718105, 0.1020571, 3.006653;0.763734, 0.1075838, 2.902332;0.7063181, -0.3702236, 3.054409;0.8620501, -0.3521895, 2.82651;0.723901, -0.7201843, 3.089555;0.8987243, -0.708181, 2.764431;0.6580298, -0.8041106, 3.073987;0.856918, -0.7939665, 2.714364;
0.7503885, 0.8159572, 3.067363;0.8025573, 0.6432062, 3.047869;0.7418171, 0.2513251, 2.978186;0.6705037, 0.507678, 3.161789;0.8723554, 0.4985317, 2.917257;0.5772774, -0.04275843, 3.00254;0.7846342, -0.02247183, 2.739762;0.7292127, 0.1726882, 2.96783;0.6716375, 0.1017633, 3.006319;0.7636608, 0.1078779, 2.902363;0.7060291, -0.3708271, 3.054499;0.8621491, -0.3525172, 2.826411;0.7230474, -0.722934, 3.089677;0.8984782, -0.7087731, 2.764632;0.654821, -0.805806, 3.071853;0.8567897, -0.7944352, 2.714277;
0.7501577, 0.8156838, 3.065592;0.8025333, 0.6432925, 3.047802;0.7417114, 0.2511877, 2.977937;0.670188, 0.5077126, 3.161037;0.8722183, 0.4987799, 2.917154;0.5772359, -0.04280476, 3.002524;0.7861379, -0.02353723, 2.739814;0.7291211, 0.1724984, 2.967534;0.6716377, 0.1014237, 3.005548;0.7636873, 0.1080079, 2.902313;0.7059607, -0.370637, 3.05434;0.8620778, -0.352679, 2.826374;0.7246461, -0.717776, 3.090609;0.8977541, -0.7102404, 2.763472;0.6642472, -0.8082668, 3.058129;0.8550725, -0.7967378, 2.71197;
0.7495815, 0.8154463, 3.065067;0.8023376, 0.643766, 3.047721;0.741181, 0.2510873, 2.977873;0.6693152, 0.5084237, 3.158377;0.8719572, 0.4992716, 2.916751;0.5770209, -0.04274458, 3.003137;0.785374, -0.02521126, 2.739274;0.7285265, 0.1722943, 2.967479;0.6711313, 0.1012975, 3.0053;0.7632748, 0.1081722, 2.902553;0.7057871, -0.3721861, 3.054446;0.8619353, -0.3528252, 2.826486;0.7226129, -0.7260658, 3.087698;0.8975559, -0.7100754, 2.764062;0.6557202, -0.8125231, 3.062416;0.8552936, -0.7963062, 2.712045;
0.7497311, 0.8164861, 3.064601;0.8022256, 0.6441483, 3.047601;0.7411, 0.2510801, 2.9778;0.6693447, 0.5086874, 3.158404;0.8717408, 0.4994842, 2.916705;0.5769428, -0.04279403, 3.003086;0.7857676, -0.02480711, 2.739367;0.7284647, 0.1722594, 2.967413;0.6711764, 0.1012439, 3.005047;0.7632048, 0.1084384, 2.902642;0.7056305, -0.3707261, 3.053865;0.861063, -0.3524275, 2.825968;0.7219085, -0.722479, 3.088323;0.8979679, -0.7106634, 2.763792;0.6576843, -0.8066686, 3.072482;0.8555479, -0.7961411, 2.710546;
0.7496878, 0.8164566, 3.064736;0.8020597, 0.6440842, 3.047518;0.7408653, 0.2507949, 2.977381;0.6690801, 0.5087965, 3.157516;0.8716123, 0.49964, 2.916703;0.5768979, -0.04304464, 3.00321;0.8021588, 0.02483288, 2.74807;0.7282754, 0.1719487, 2.966931;0.6711118, 0.100994, 3.003841;0.7631928, 0.1085095, 2.902622;0.7054565, -0.3702635, 3.0537;0.8610629, -0.352428, 2.825981;0.7221925, -0.7187386, 3.088822;0.8980427, -0.7105856, 2.763799;0.6574442, -0.8062881, 3.073888;0.8547732, -0.7964278, 2.710988;
0.7495132, 0.8164361, 3.064819;0.8019032, 0.6442558, 3.047314;0.7399312, 0.2510099, 2.977398;0.6690771, 0.508965, 3.157475;0.8712044, 0.4995152, 2.916406;0.5767449, -0.04326073, 3.002887;0.8030848, 0.02804231, 2.749214;0.727165, 0.1721923, 2.967045;0.6701523, 0.101145, 3.004153;0.7617929, 0.1090405, 2.902741;0.7046558, -0.3666026, 3.052033;0.8610922, -0.353037, 2.825472;0.7223024, -0.7180585, 3.088597;0.8994485, -0.7098838, 2.764719;0.6605122, -0.8020258, 3.072068;0.8555281, -0.7954696, 2.711336;
0.7494504, 0.815744, 3.063954;0.8018454, 0.6445672, 3.046502;0.7397928, 0.2509238, 2.977166;0.6690547, 0.5089779, 3.157454;0.8711897, 0.4995768, 2.916355;0.5770167, -0.04301067, 3.004005;0.803157, 0.02957353, 2.749763;0.7270454, 0.1720774, 2.966879;0.6700444, 0.1010658, 3.003923;0.7617809, 0.1090617, 2.902749;0.7049696, -0.3672192, 3.052193;0.8609455, -0.3533361, 2.824507;0.7230927, -0.7186509, 3.089372;0.8991749, -0.7095126, 2.764624;0.6602613, -0.8018557, 3.070959;0.8548495, -0.7957805, 2.711323;
0.7495528, 0.8158429, 3.06376;0.8017916, 0.6447053, 3.046565;0.7397616, 0.2509136, 2.97702;0.6688666, 0.5088635, 3.156892;0.8710018, 0.4997105, 2.916132;0.5767068, -0.04297441, 3.003419;0.8031375, 0.02977654, 2.74973;0.7270337, 0.1720379, 2.966653;0.6701027, 0.1009888, 3.003502;0.7618439, 0.1092497, 2.902578;0.7048577, -0.3670456, 3.052169;0.8605753, -0.3523864, 2.824675;0.7231892, -0.7184882, 3.089308;0.8983409, -0.7104783, 2.764007;0.6611872, -0.8027653, 3.069844;0.8527716, -0.7973101, 2.707534;
0.7495154, 0.8158903, 3.063891;0.8017035, 0.6445937, 3.046713;0.7396699, 0.2509815, 2.977062;0.6687983, 0.5089891, 3.156826;0.8706664, 0.499712, 2.915828;0.5769687, -0.04333932, 3.00567;0.7852362, -0.02293755, 2.738079;0.7269437, 0.1721544, 2.966691;0.6700525, 0.100997, 3.003605;0.7617234, 0.109437, 2.902483;0.7047532, -0.3663402, 3.051988;0.8602744, -0.3520159, 2.824903;0.7242451, -0.7163306, 3.090096;0.8991916, -0.7096243, 2.765224;0.6610113, -0.8020212, 3.0707;0.8544735, -0.796923, 2.709845;
0.7495887, 0.816408, 3.063703;0.8012855, 0.6456047, 3.045823;0.7396117, 0.2510648, 2.976929;0.668821, 0.5092344, 3.157104;0.8704715, 0.500155, 2.916115;0.5769005, -0.04343102, 3.005201;0.7857445, -0.02268791, 2.73805;0.72693, 0.1721764, 2.966635;0.6703296, 0.1015489, 3.002814;0.761777, 0.1104241, 2.90344;0.7048613, -0.3675941, 3.052712;0.8602343, -0.3520861, 2.8248;0.7241708, -0.7163261, 3.090088;0.8991438, -0.7099709, 2.765218;0.6605798, -0.8016258, 3.068898;0.8541011, -0.797, 2.710291;
0.7495683, 0.8161005, 3.063844;0.801621, 0.6454973, 3.045874;0.7394448, 0.2509703, 2.976926;0.6688693, 0.5098422, 3.155378;0.8704264, 0.4998689, 2.915688;0.5769945, -0.04340915, 3.005421;0.801599, 0.01957302, 2.749231;0.7266346, 0.1720484, 2.966633;0.6699185, 0.1014967, 3.00287;0.7614446, 0.110271, 2.90344;0.7048706, -0.3671327, 3.052274;0.8603947, -0.3524256, 2.824832;0.7258526, -0.7135137, 3.09076;0.8997935, -0.7086667, 2.766281;0.6608504, -0.8005241, 3.068247;0.8544042, -0.7966599, 2.710353;
0.7491023, 0.8162911, 3.064288;0.8016261, 0.6458564, 3.045948;0.7394346, 0.2510056, 2.976858;0.6687769, 0.509959, 3.155292;0.8704962, 0.4998838, 2.915617;0.5769489, -0.04354358, 3.00489;0.8015379, 0.02230536, 2.750179;0.7266392, 0.1720541, 2.96654;0.6699179, 0.1013104, 3.002783;0.7615151, 0.1103012, 2.903181;0.7046165, -0.3683758, 3.052025;0.8614509, -0.3542333, 2.825004;0.7241372, -0.7258696, 3.090904;0.8980862, -0.7099536, 2.763741;0.6689629, -0.8085176, 3.052258;0.8521748, -0.7984914, 2.708449;
0.7497773, 0.8167136, 3.064976;0.8017203, 0.6459392, 3.045884;0.7394019, 0.250797, 2.976773;0.6685753, 0.5099681, 3.154654;0.8703586, 0.4998761, 2.91558;0.5768879, -0.04353288, 3.004907;0.8024063, 0.02535505, 2.749478;0.7265896, 0.1717102, 2.966447;0.6698896, 0.1012893, 3.002643;0.7615654, 0.1101347, 2.903361;0.7046974, -0.3676495, 3.051919;0.8613064, -0.3542405, 2.825013;0.7242637, -0.7208223, 3.089897;0.8979694, -0.7104716, 2.763743;0.6577662, -0.8040505, 3.065758;0.8519495, -0.7986419, 2.709254;
0.749746, 0.8165213, 3.06488;0.8016939, 0.6459241, 3.045884;0.7392992, 0.2507311, 2.9767;0.6684384, 0.5092864, 3.154312;0.8705076, 0.499656, 2.915513;0.5767225, -0.04364425, 3.004775;0.8024359, 0.0261709, 2.750128;0.7264982, 0.1716421, 2.966372;0.6697181, 0.1011256, 3.002592;0.7615365, 0.1100563, 2.903248;0.70456, -0.3671535, 3.051673;0.8598706, -0.3522626, 2.824577;0.7243577, -0.7178668, 3.088907;0.898172, -0.7083829, 2.764941;0.66043, -0.8019223, 3.06811;0.8544862, -0.7962665, 2.710711;
0.7496861, 0.8163905, 3.06403;0.8014561, 0.645731, 3.04581;0.7391779, 0.2507464, 2.97667;0.6688874, 0.51052, 3.154032;0.8704191, 0.4996286, 2.915487;0.5768259, -0.04368095, 3.004953;0.7917923, -0.000538215, 2.742434;0.7264106, 0.171682, 2.966355;0.6697081, 0.1011229, 3.002594;0.7613788, 0.1102288, 2.903224;0.7045838, -0.3671959, 3.05167;0.8599367, -0.3516318, 2.82464;0.7243729, -0.7179063, 3.088937;0.8988925, -0.7074616, 2.765159;0.659815, -0.8021496, 3.068869;0.8597286, -0.7911382, 2.714759;
0.7497686, 0.8163193, 3.06486;0.8015667, 0.6457732, 3.046042;0.7391831, 0.2507502, 2.976668;0.6687403, 0.5104231, 3.154038;0.8703203, 0.4995826, 2.915545;0.5768381, -0.04371756, 3.004936;0.7921938, -0.0006962456, 2.742594;0.7264217, 0.1716888, 2.966335;0.6697267, 0.1010724, 3.002569;0.7614192, 0.1102877, 2.903126;0.704522, -0.3675095, 3.051723;0.8599953, -0.3521084, 2.824544;0.7243997, -0.7181984, 3.089329;0.8989098, -0.7076658, 2.764989;0.6603552, -0.8021034, 3.068407;0.8580981, -0.7922924, 2.715106;
0.7497658, 0.8162588, 3.064869;0.8014911, 0.6452141, 3.045916;0.7390903, 0.2508282, 2.976721;0.6687902, 0.5105468, 3.15397;0.8703303, 0.4995963, 2.915548;0.5766816, -0.04373458, 3.003967;0.7916967, -0.001190964, 2.742585;0.7262912, 0.1719077, 2.966456;0.6695665, 0.1010525, 3.002949;0.7612749, 0.1104354, 2.903076;0.7043813, -0.3672131, 3.051831;0.8600585, -0.3521634, 2.824488;0.7248893, -0.7178395, 3.089885;0.8988594, -0.7076383, 2.765333;0.6597542, -0.8019779, 3.069897;0.8570402, -0.7930136, 2.714695;
0.7499432, 0.8162503, 3.065656;0.801482, 0.6454236, 3.046031;0.7391086, 0.2508938, 2.976768;0.6689145, 0.5105509, 3.155139;0.8703011, 0.4996105, 2.915442;0.5765362, -0.04379989, 3.003313;0.7919752, -0.0006165355, 2.74293;0.7263263, 0.1719627, 2.966501;0.6696938, 0.1009176, 3.003222;0.7613027, 0.1104673, 2.903019;0.7051411, -0.3701327, 3.052841;0.8597328, -0.3519184, 2.824439;0.7239847, -0.7236997, 3.090427;0.8988912, -0.7084056, 2.765045;0.6603067, -0.8104949, 3.060354;0.8557711, -0.7943339, 2.71209;
0.7499368, 0.8161343, 3.065612;0.8014463, 0.6456308, 3.046048;0.7390749, 0.2507951, 2.97673;0.6682087, 0.5101175, 3.152146;0.8702332, 0.4996129, 2.915442;0.5771236, -0.04380441, 3.005398;0.7922683, -9.280816E-05, 2.742954;0.7262976, 0.1717573, 2.966438;0.6696745, 0.1008391, 3.00315;0.7613455, 0.1103049, 2.903037;0.7051009, -0.3701619, 3.052839;0.859893, -0.3526976, 2.824414;0.7238042, -0.7233411, 3.090289;0.8990089, -0.7088028, 2.764677;0.66126, -0.8077648, 3.066889;0.8556089, -0.7951268, 2.710634;
0.7496676, 0.8162705, 3.065446;0.8014936, 0.6456978, 3.046034;0.7388736, 0.2507565, 2.976828;0.6681972, 0.5101363, 3.152147;0.8700777, 0.4995591, 2.915426;0.5770891, -0.04374168, 3.005363;0.8055823, 0.03397421, 2.753207;0.7260093, 0.1716796, 2.966595;0.6693493, 0.1007612, 3.003371;0.7609926, 0.1102992, 2.903275;0.7048209, -0.3690242, 3.052278;0.859542, -0.351911, 2.824482;0.7241693, -0.7212809, 3.090296;0.89963, -0.7082253, 2.764993;0.6624836, -0.8028982, 3.067712;0.8541522, -0.7961101, 2.711404;
0.7498353, 0.8162306, 3.065326;0.8016371, 0.6456574, 3.045623;0.7388117, 0.2505229, 2.976555;0.6682748, 0.5102202, 3.152051;0.8697507, 0.4992923, 2.915594;0.5773529, -0.04351407, 3.004903;0.8055823, 0.03411048, 2.753384;0.7259368, 0.1714101, 2.966344;0.6693369, 0.1006787, 3.003066;0.7609742, 0.1102772, 2.903263;0.7049466, -0.3683692, 3.05217;0.8596987, -0.3523966, 2.824662;0.7240967, -0.7182139, 3.092691;0.8996707, -0.7082198, 2.764985;0.6631796, -0.8011267, 3.068089;0.8538538, -0.7962381, 2.711938;
0.7503875, 0.8152025, 3.063083;0.8016621, 0.6456588, 3.045564;0.7388158, 0.2505185, 2.976547;0.6681359, 0.5101541, 3.151811;0.8703274, 0.4990964, 2.9155;0.5772731, -0.04364572, 3.004827;0.7921925, -0.0002311766, 2.743372;0.7259436, 0.1714062, 2.96634;0.6693028, 0.1006805, 3.003021;0.761122, 0.1102244, 2.90334;0.7049525, -0.3683448, 3.052141;0.8600186, -0.3533289, 2.825115;0.7242354, -0.7153314, 3.091342;0.8995215, -0.708369, 2.764969;0.6641442, -0.8021591, 3.066316;0.8534219, -0.7966174, 2.712155;
0.7503173, 0.8152663, 3.063002;0.8008603, 0.6453567, 3.045544;0.7387302, 0.2506201, 2.976448;0.668162, 0.5099942, 3.152125;0.8705693, 0.4989254, 2.915373;0.5770723, -0.0436825, 3.004027;0.7918983, -0.0008489974, 2.743341;0.7259267, 0.1715829, 2.966209;0.6692907, 0.1007324, 3.002951;0.761214, 0.1103158, 2.903062;0.7048157, -0.3668109, 3.052275;0.8598174, -0.3526492, 2.825031;0.7232882, -0.7145279, 3.090729;0.8994445, -0.7084433, 2.764948;0.6604525, -0.8017278, 3.071376;0.85415, -0.7961534, 2.712226;
0.7501047, 0.8154511, 3.062968;0.8006751, 0.6453716, 3.045197;0.7387485, 0.2505841, 2.976404;0.6681482, 0.5099717, 3.152297;0.8705544, 0.4989086, 2.915375;0.5771664, -0.04382463, 3.004173;0.7876113, -0.0211945, 2.73814;0.725983, 0.1715363, 2.966184;0.6693938, 0.100677, 3.002913;0.7613317, 0.1102722, 2.903092;0.7047875, -0.366743, 3.052241;0.859264, -0.3516409, 2.825013;0.7231163, -0.7136143, 3.091027;0.8994319, -0.7084851, 2.764887;0.6601378, -0.801302, 3.071509;0.8549209, -0.7955709, 2.712481;
0.7500622, 0.8156567, 3.063876;0.7998735, 0.6445855, 3.04521;0.738579, 0.2503028, 2.976266;0.6675501, 0.5087032, 3.151978;0.8705673, 0.498899, 2.91537;0.57713, -0.04394582, 3.004091;0.8031299, 0.0272216, 2.751683;0.7259151, 0.1713339, 2.966053;0.6692663, 0.100451, 3.00264;0.7613994, 0.1101375, 2.903039;0.7047283, -0.3664345, 3.052202;0.8596559, -0.3524382, 2.825136;0.7231127, -0.7122985, 3.090341;0.8993512, -0.7083023, 2.764785;0.6608481, -0.8004709, 3.071059;0.8539093, -0.7962947, 2.712372;
0.7499051, 0.8163587, 3.063317;0.7997984, 0.6448485, 3.044202;0.7387353, 0.250302, 2.976104;0.66741, 0.5086413, 3.152115;0.8705904, 0.4987648, 2.915157;0.5771283, -0.04392723, 3.004105;0.7859049, -0.02100684, 2.738962;0.7261511, 0.1713148, 2.965952;0.6695467, 0.1001753, 3.002698;0.7618779, 0.1099462, 2.902768;0.7050608, -0.3672088, 3.052613;0.8593006, -0.3522546, 2.825091;0.723253, -0.7132083, 3.090261;0.8994038, -0.7091236, 2.765803;0.660632, -0.8007824, 3.071421;0.8522575, -0.7965149, 2.708552;
0.7496428, 0.8160462, 3.06293;0.7997341, 0.6447652, 3.043923;0.7387317, 0.2503134, 2.976125;0.6667898, 0.5089681, 3.153293;0.8705174, 0.4987333, 2.915172;0.5770538, -0.04399513, 3.004689;0.7864599, -0.02185575, 2.739028;0.7261658, 0.1713568, 2.966043;0.669542, 0.1000834, 3.003006;0.7618987, 0.1099292, 2.90281;0.7058168, -0.3693305, 3.053456;0.8594692, -0.3525127, 2.825171;0.7244361, -0.7186766, 3.089824;0.8993816, -0.7091667, 2.765722;0.6609331, -0.8008686, 3.069278;0.852113, -0.7967489, 2.709437;
0.7483308, 0.8147135, 3.062772;0.8000932, 0.6440498, 3.04347;0.7387033, 0.2504499, 2.976255;0.6650512, 0.5103754, 3.159202;0.8707545, 0.4984461, 2.914609;0.5770723, -0.04384273, 3.004908;0.7864294, -0.02253308, 2.738418;0.7260925, 0.1717433, 2.966391;0.6692244, 0.1002304, 3.003479;0.7618724, 0.1100425, 2.903042;0.7057284, -0.3689683, 3.053303;0.8586341, -0.3512641, 2.825373;0.7258003, -0.7160161, 3.0909;0.8994142, -0.7089951, 2.765758;0.6604593, -0.801064, 3.070637;0.853387, -0.7954099, 2.709747;
0.7468211, 0.8139287, 3.059678;0.7998326, 0.6444481, 3.043117;0.7383391, 0.2507262, 2.976733;0.6646191, 0.5109301, 3.160074;0.87059, 0.4979268, 2.914177;0.5770169, -0.04397461, 3.006117;0.7859465, -0.02251516, 2.738452;0.7256864, 0.1720335, 2.96717;0.6687796, 0.1009967, 3.004005;0.7613379, 0.1103986, 2.905604;0.7054154, -0.3680194, 3.052902;0.8583071, -0.3507293, 2.82553;0.7241579, -0.7134358, 3.088864;0.899282, -0.7089838, 2.76597;0.6604728, -0.8007736, 3.072426;0.8593526, -0.7919728, 2.713439;
0.7438689, 0.813571, 3.056617;0.7990713, 0.6445968, 3.043111;0.7383546, 0.2505417, 2.976886;0.6631035, 0.5102514, 3.160264;0.8697126, 0.4981238, 2.914061;0.5771365, -0.04381194, 3.006931;0.7862219, -0.02311587, 2.737176;0.7258613, 0.1717044, 2.967419;0.6689994, 0.1006945, 3.004106;0.7618986, 0.1101546, 2.90621;0.7058036, -0.3708886, 3.053792;0.85897, -0.3531293, 2.825979;0.7242612, -0.7293282, 3.091228;0.8992234, -0.708916, 2.766065;0.6594887, -0.8038917, 3.067885;0.8593327, -0.7919998, 2.713334;
0.7325855, 0.8093897, 3.045942;0.7979003, 0.6437649, 3.042237;0.7384748, 0.2503152, 2.977095;0.6609409, 0.5077333, 3.157197;0.8683497, 0.4972593, 2.912479;0.5778407, -0.03904167, 3.011868;0.7942609, -0.002339143, 2.742804;0.7262521, 0.1714295, 2.967874;0.6696721, 0.09996348, 3.0051;0.7626433, 0.1096989, 2.906619;0.7050937, -0.3693992, 3.053175;0.8589243, -0.3529759, 2.826078;0.7243394, -0.7259025, 3.091012;0.8991484, -0.7098211, 2.765905;0.6646646, -0.8049612, 3.064524;0.8554159, -0.7958435, 2.709875;
0.728716, 0.8109615, 3.046313;0.7908287, 0.6405143, 3.039381;0.7385689, 0.2500753, 2.977384;0.654783, 0.5027813, 3.155575;0.8648599, 0.4972498, 2.911761;0.5781557, -0.03754241, 3.012362;0.7836388, -0.02334182, 2.737487;0.7270149, 0.1712149, 2.968661;0.6711662, 0.09933269, 3.006114;0.7645642, 0.1095526, 2.908237;0.7052564, -0.3703909, 3.053394;0.8598851, -0.3584404, 2.82613;0.7240783, -0.7263759, 3.091391;0.8991745, -0.709887, 2.765876;0.6583281, -0.8074542, 3.066602;0.855625, -0.7958246, 2.709275;
0.7139722, 0.8093499, 3.042475;0.7833331, 0.6363935, 3.031881;0.7388434, 0.2493954, 2.977673;0.6516041, 0.5007609, 3.154471;0.8615871, 0.4956114, 2.909914;0.5785138, -0.03604017, 3.012904;0.7859087, -0.01274605, 2.739737;0.7283918, 0.1704233, 2.969871;0.6733321, 0.0987105, 3.007601;0.7680336, 0.1082388, 2.911576;0.705249, -0.3697208, 3.053645;0.8607178, -0.3581979, 2.826588;0.7247198, -0.7194574, 3.091809;0.8990069, -0.7099068, 2.765727;0.6572677, -0.8050569, 3.072707;0.854984, -0.7963813, 2.710315;
0.692372, 0.8002686, 3.026567;0.7763528, 0.6349785, 3.028564;0.7388051, 0.249451, 2.978689;0.6485204, 0.4994602, 3.154732;0.8609384, 0.4954593, 2.907995;0.5784504, -0.03604041, 3.012851;0.7803689, -0.01852727, 2.73748;0.7295679, 0.1711001, 2.972539;0.6750186, 0.09895437, 3.011333;0.7708986, 0.1084016, 2.915261;0.7052403, -0.3692055, 3.053818;0.8603243, -0.353505, 2.82768;0.7240555, -0.719152, 3.091457;0.8990899, -0.7097025, 2.76565;0.6579669, -0.8005973, 3.070935;0.8554437, -0.7959914, 2.710945;
0.6859887, 0.7974672, 3.022541;0.7670139, 0.6302778, 3.023994;0.7386739, 0.2490547, 2.980586;0.6405352, 0.4960133, 3.154555;0.8567734, 0.4943228, 2.90487;0.5781158, -0.0361459, 3.013011;0.7795169, -0.01880299, 2.737806;0.7309618, 0.1713415, 2.976341;0.6781126, 0.09585966, 3.021615;0.7732517, 0.1072719, 2.917249;0.7056869, -0.3680539, 3.05425;0.8610777, -0.3519844, 2.828671;0.7229401, -0.7166914, 3.091186;0.8990043, -0.7103231, 2.765521;0.6695654, -0.8054682, 3.05275;0.8544377, -0.7967932, 2.708568;
0.6233256, 0.7555028, 2.99074;0.723933, 0.5967889, 2.993001;0.7395964, 0.2421332, 2.985039;0.6048377, 0.4665709, 3.136091;0.8314193, 0.4797904, 2.88853;0.569229, -0.04718003, 3.006054;0.7645246, -0.04482887, 2.731524;0.7379355, 0.1649918, 2.986032;0.6945896, 0.07954986, 3.044298;0.7896029, 0.09649706, 2.9299;0.7066597, -0.3668627, 3.055675;0.8666186, -0.3521286, 2.834497;0.7226253, -0.7158076, 3.090897;0.8990822, -0.7102286, 2.765418;0.6652087, -0.7984133, 3.070771;0.854573, -0.7968277, 2.708267;
0.6122867, 0.7411194, 2.979004;0.7185298, 0.5927669, 2.993162;0.7387695, 0.2365711, 2.989463;0.6032522, 0.4655147, 3.134466;0.8245801, 0.4750701, 2.8849;0.5694427, -0.07291381, 3.000001;0.7614147, -0.04657365, 2.729689;0.7398322, 0.1616012, 2.991557;0.6963039, 0.07802667, 3.047036;0.7921724, 0.09436169, 2.935255;0.7087592, -0.3670943, 3.058166;0.8699097, -0.3516872, 2.838202;0.7227744, -0.715832, 3.090885;0.9000249, -0.7091948, 2.767564;0.6650606, -0.7978603, 3.070438;0.8533751, -0.7973903, 2.708841;
0.5877296, 0.7146869, 2.954853;0.6986575, 0.5764267, 2.985645;0.7405378, 0.2241077, 2.993732;0.5883077, 0.4488875, 3.119806;0.810742, 0.4656152, 2.877578;0.5686791, -0.0745194, 3.002106;0.7575174, -0.0647549, 2.727663;0.7467288, 0.1501642, 2.99861;0.7064341, 0.06702872, 3.054556;0.8036748, 0.08463743, 2.944635;0.70969, -0.3681405, 3.059749;0.8738844, -0.3523989, 2.842642;0.7228125, -0.7159504, 3.09085;0.9005827, -0.7087069, 2.767923;0.6652291, -0.7993883, 3.068871;0.8535035, -0.7970621, 2.707152;
0.5679969, 0.696713, 2.939606;0.6868784, 0.567385, 2.983346;0.7443748, 0.2117516, 2.998199;0.576722, 0.425934, 3.107368;0.7996945, 0.4586718, 2.871958;0.5673015, -0.08527818, 3.005098;0.7466282, -0.07878201, 2.721449;0.7555439, 0.1377437, 3.005229;0.7168937, 0.05731901, 3.059299;0.8168284, 0.07675642, 2.95476;0.7125955, -0.3723564, 3.063622;0.8807641, -0.3533492, 2.847685;0.7241186, -0.7182957, 3.092386;0.9012702, -0.7077177, 2.767856;0.6613215, -0.8008087, 3.069099;0.8543293, -0.7966686, 2.707871;
0.5032338, 0.5950574, 2.876065;0.6316879, 0.4698134, 2.940224;0.7595012, 0.1515874, 3.000959;0.5473906, 0.3587564, 3.063688;0.7591346, 0.4013655, 2.844019;0.5508031, -0.162114, 2.997673;0.7234733, -0.1670264, 2.710216;0.7850639, 0.08794221, 3.016741;0.7602654, 0.01417645, 3.075732;0.8584906, 0.0406349, 2.977295;0.7194566, -0.387204, 3.071355;0.8991815, -0.3816076, 2.85415;0.7247724, -0.7177474, 3.092563;0.9011179, -0.7077839, 2.767638;0.6630347, -0.7987164, 3.06922;0.8540833, -0.7967951, 2.708702;
0.4696932, 0.5117247, 2.843722;0.6090704, 0.4122358, 2.90947;0.7734001, 0.1003194, 2.994915;0.5310749, 0.3262443, 3.04656;0.7386668, 0.3565437, 2.82018;0.5422938, -0.2048621, 2.996123;0.7179603, -0.1865847, 2.697112;0.806266, 0.03793616, 3.015633;0.7864379, -0.02611799, 3.056804;0.8724004, 0.01411911, 2.993784;0.7178757, -0.4211854, 3.081806;0.9049318, -0.3877647, 2.854458;0.7242832, -0.7158867, 3.093088;0.900891, -0.7081819, 2.767018;0.6631243, -0.7984524, 3.069729;0.8607179, -0.7943565, 2.712495;
0.4658363, 0.4858122, 2.82894;0.6051995, 0.3803427, 2.901772;0.7728236, 0.07834148, 3.004053;0.5237896, 0.3138165, 3.02941;0.7342519, 0.341868, 2.814075;0.5398164, -0.2319767, 2.998208;0.7123439, -0.2051568, 2.68866;0.8062316, 0.01655424, 3.028159;0.782968, -0.03946033, 3.066871;0.8798663, -0.02137771, 3.019733;0.7260127, -0.4357682, 3.090541;0.9095508, -0.3933525, 2.854778;0.7220179, -0.7268169, 3.092895;0.9005559, -0.7084979, 2.766883;0.6628171, -0.8005506, 3.069246;0.8577802, -0.7951245, 2.712354;
0.4614019, 0.4471189, 2.80999;0.5952082, 0.3388473, 2.888572;0.7780807, 0.057928, 3.004596;0.5336699, 0.2389965, 3.013242;0.7256923, 0.3139878, 2.802069;0.5345879, -0.2619364, 2.992785;0.7100924, -0.215325, 2.680622;0.8134676, -0.0001334124, 3.030436;0.7949594, -0.05954184, 3.06364;0.8811164, -0.02337413, 3.022376;0.7324073, -0.4526606, 3.100754;0.9118861, -0.3936582, 2.855611;0.7225608, -0.725774, 3.094214;0.9005516, -0.7084885, 2.766852;0.6627891, -0.8004804, 3.069268;0.8578056, -0.7950898, 2.71228;
0.4399567, 0.3671114, 2.774468;0.5890572, 0.2837097, 2.84405;0.773568, -0.01055728, 2.990851;0.5254151, 0.1681594, 3.007903;0.7189716, 0.2531433, 2.781147;0.5275802, -0.3306774, 2.981823;0.6900611, -0.3404451, 2.670755;0.8104702, -0.06941067, 3.023825;0.7919282, -0.122174, 3.056815;0.8794676, -0.09711589, 3.028433;0.7424853, -0.5121779, 3.117507;0.9232497, -0.449931, 2.829666;0.7118685, -0.8120827, 3.11236;0.9012003, -0.7076841, 2.766956;0.6432709, -0.7943483, 3.052422;0.8625761, -0.7925421, 2.713809;
0.4351285, 0.3096662, 2.779948;0.5874148, 0.2539532, 2.836606;0.7817924, -0.004316112, 2.992757;0.5290223, 0.1551317, 2.996885;0.7195103, 0.2445049, 2.7803;0.5186816, -0.3672443, 2.971873;0.6899682, -0.3471496, 2.669953;0.8250515, -0.05350608, 3.028477;0.8117998, -0.1006939, 3.059515;0.8995135, -0.06684086, 3.040639;0.7394875, -0.4879364, 3.112531;0.919889, -0.4232474, 2.846049;0.7152869, -0.7878876, 3.107699;0.9011797, -0.7077699, 2.766788;0.6406769, -0.8049348, 3.055296;0.8622199, -0.7926654, 2.713595;
0.4262174, 0.2957797, 2.766376;0.5822532, 0.237527, 2.82881;0.7850032, -0.006494974, 2.994631;0.5216767, 0.1191111, 2.982434;0.7132392, 0.2094468, 2.773562;0.5110208, -0.3945625, 2.961316;0.6895058, -0.3691339, 2.672385;0.8282388, -0.05534373, 3.03135;0.813, -0.1035671, 3.059529;0.9043599, -0.06804934, 3.0492;0.7605999, -0.4961921, 3.118388;0.9220564, -0.4214363, 2.849208;0.7147689, -0.7936233, 3.1007;0.9010571, -0.7079443, 2.766488;0.6350303, -0.8039243, 3.054534;0.8611449, -0.7924614, 2.712261;
0.4330517, 0.2715725, 2.756532;0.58048, 0.1940974, 2.817446;0.7896828, -0.01173897, 2.999483;0.5208629, 0.1163723, 2.968018;0.7181385, 0.1639967, 2.765851;0.509814, -0.3956298, 2.959174;0.6951777, -0.40076, 2.666545;0.8329701, -0.05785022, 3.038311;0.8151035, -0.1037488, 3.068887;0.9097289, -0.07039677, 3.054442;0.7314767, -0.5053657, 3.117954;0.9243051, -0.4206903, 2.84894;0.7219236, -0.8053012, 3.101316;0.9010272, -0.707948, 2.766367;0.6399461, -0.7951133, 3.059361;0.8612018, -0.7924017, 2.712649;
0.4421374, 0.229043, 2.748164;0.581892, 0.1629351, 2.812963;0.7949423, -0.06970786, 2.991225;0.5218746, 0.08285236, 2.953311;0.7184669, 0.1621587, 2.765966;0.5078577, -0.4212987, 2.964533;0.6938939, -0.4199451, 2.668323;0.8374789, -0.1146165, 3.030694;0.8214294, -0.1626418, 3.057549;0.9113157, -0.1276011, 3.050071;0.7250885, -0.5074624, 3.117206;0.9271789, -0.4659222, 2.825261;0.7240413, -0.7246126, 3.097787;0.9026495, -0.7582729, 2.736168;0.6597216, -0.7973236, 3.069344;0.8377521, -0.8114282, 2.696954;
0.4239172, 0.2091172, 2.727175;0.5679982, 0.145965, 2.794008;0.7869354, -0.0668631, 2.988027;0.5079649, 0.06786989, 2.93353;0.7121068, 0.1396395, 2.759755;0.5121853, -0.4497952, 2.967032;0.6928627, -0.4334274, 2.667452;0.8291218, -0.1098021, 3.028814;0.8146123, -0.1539673, 3.058142;0.9014975, -0.124303, 3.048405;0.7202598, -0.5077258, 3.112497;0.9285761, -0.4638503, 2.827763;0.723828, -0.7225685, 3.098167;0.9033874, -0.75541, 2.739202;0.6572365, -0.7976062, 3.069154;0.8399743, -0.8092535, 2.698576;
0.4140103, 0.1884522, 2.719803;0.5582551, 0.1303338, 2.789277;0.7883096, -0.07460952, 2.985544;0.5030134, -0.007638567, 2.975702;0.6763116, 0.1077871, 2.737981;0.5103723, -0.5258422, 2.962061;0.6907751, -0.4624906, 2.665564;0.8326494, -0.1167856, 3.027132;0.8286075, -0.1702737, 3.046331;0.9018013, -0.125664, 3.050025;0.7202054, -0.5077136, 3.111953;0.9295239, -0.467192, 2.833788;0.7236496, -0.7224104, 3.098255;0.9000605, -0.7573431, 2.74478;0.6568066, -0.7979103, 3.069719;0.8410114, -0.8090838, 2.695762;
0.4111464, 0.1617757, 2.715723;0.55407, 0.1026764, 2.78539;0.7807209, -0.09101783, 2.978625;0.4986575, -0.01503551, 2.97528;0.6792482, 0.1021443, 2.737786;0.5101407, -0.5320405, 2.955875;0.6589251, -0.510515, 2.666466;0.8259611, -0.1298222, 3.020878;0.82332, -0.1878117, 3.031471;0.896098, -0.1361868, 3.057802;0.7236388, -0.4778847, 3.108794;0.9289001, -0.4716804, 2.833493;0.7222013, -0.7274491, 3.095165;0.8979749, -0.7606764, 2.743263;0.6471764, -0.805274, 3.067629;0.838405, -0.8108833, 2.693294;
0.3982376, 0.1140216, 2.703902;0.5408014, 0.05531682, 2.773756;0.7701343, -0.1186726, 2.96807;0.5082814, -0.04308545, 2.958752;0.6741587, 0.06018778, 2.72206;0.5101591, -0.5505154, 2.952607;0.6893264, -0.5155979, 2.667392;0.8159977, -0.1540707, 3.010612;0.8226791, -0.2162164, 3.008348;0.8838611, -0.1560194, 3.067293;0.7236311, -0.4980446, 3.113499;0.9255233, -0.5131026, 2.832515;0.7148783, -0.7357864, 3.089808;0.8860888, -0.8015753, 2.745189;0.6482158, -0.8057209, 3.064389;0.829868, -0.7855604, 2.673515;
0.3968627, 0.1074623, 2.701515;0.5394265, 0.0487575, 2.771389;0.7530971, -0.1620951, 2.933407;0.5095668, -0.05809271, 2.961076;0.6744715, 0.05604361, 2.721072;0.5102609, -0.5653589, 2.946268;0.6829365, -0.5511011, 2.668954;0.7962861, -0.2020954, 2.970155;0.8166029, -0.273086, 2.955717;0.8720983, -0.2201363, 3.05434;0.7273368, -0.5075536, 3.111472;0.9255049, -0.5130878, 2.83227;0.7200522, -0.7350153, 3.091351;0.8984388, -0.7118251, 2.763383;0.6476976, -0.8070436, 3.064424;0.8700769, -0.8033212, 2.711848;
0.3974432, 0.1062472, 2.700523;0.5400069, 0.0475424, 2.770504;0.7534717, -0.162827, 2.934078;0.5844238, 0.1112896, 2.797064;0.677374, 0.04732094, 2.724047;0.5096652, -0.5065261, 2.952128;0.6819848, -0.5583149, 2.668579;0.7966264, -0.203326, 2.971238;0.8194953, -0.252348, 2.967257;0.8495238, -0.2375121, 3.037503;0.7252837, -0.523556, 3.112666;0.9258494, -0.5150756, 2.831671;0.7188995, -0.7279491, 3.093648;0.8981144, -0.7135177, 2.762201;0.6587226, -0.794886, 3.066572;0.8418854, -0.8055333, 2.748873;
0.3708335, 0.08781137, 2.66955;0.5133972, 0.0291065, 2.739627;0.7545515, -0.1807807, 2.934723;0.6162276, 0.06795061, 2.767372;0.6568779, 0.004782941, 2.718116;0.5166552, -0.5263147, 2.930933;0.6851695, -0.5732431, 2.66839;0.8017766, -0.226913, 2.976153;0.8239355, -0.256568, 2.969007;0.8407973, -0.2532353, 3.0328;0.7301447, -0.5937937, 3.110095;0.9238125, -0.5169485, 2.828064;0.7188934, -0.72778, 3.093496;0.897626, -0.7151481, 2.759886;0.6588323, -0.7946693, 3.066567;0.831966, -0.799525, 2.778572;
0.3711199, 0.08670815, 2.669068;0.5136836, 0.02800331, 2.739157;0.7514764, -0.1820512, 2.931709;0.6772099, 0.1285181, 2.777479;0.6609465, 0.002547879, 2.714807;0.5260588, -0.4938321, 2.925694;0.6860394, -0.5769196, 2.668891;0.7981322, -0.2267673, 2.972926;0.8278514, -0.2567867, 2.967516;0.8310934, -0.2594744, 3.030811;0.7401868, -0.520088, 3.098636;0.9230901, -0.5174763, 2.826419;0.7202484, -0.7247891, 3.09444;0.8972995, -0.715152, 2.759465;0.6577719, -0.7945176, 3.07117;0.830331, -0.7751728, 2.820028;
0.6027094, 0.250462, 2.793125;0.7452732, 0.1917572, 2.863248;0.7952517, -0.109683, 2.950674;0.6179972, 0.09726168, 2.782708;1.000297, 0.07277121, 2.963858;0.5197395, -0.4821236, 2.929197;0.7328152, -0.4647502, 2.695637;0.8052474, -0.169971, 2.971709;0.7475986, -0.2639066, 2.960748;0.893648, -0.2615115, 3.030836;0.732829, -0.5201225, 3.1001;0.9219702, -0.5191897, 2.824512;0.7204229, -0.7232829, 3.094254;0.8972884, -0.7141801, 2.759725;0.6419537, -0.802339, 3.068629;0.9360461, -0.7693451, 2.674819;
0.5842484, 0.2553132, 2.781887;0.7268122, 0.1966083, 2.852037;0.7892188, -0.1028425, 2.946797;0.5573017, 0.07102637, 2.791454;1.016019, 0.06054437, 2.96468;0.5076734, -0.5937954, 2.947149;0.7327514, -0.4698763, 2.695941;0.8006847, -0.1627402, 2.968693;0.7425594, -0.2626663, 2.961762;0.8957574, -0.2611319, 3.030291;0.7302793, -0.5166386, 3.10192;0.9214467, -0.5194174, 2.823663;0.7206955, -0.7270454, 3.094645;0.8972378, -0.7141855, 2.759702;0.644085, -0.8053681, 3.062495;0.9292067, -0.7707337, 2.672905;
0.6065048, 0.2465856, 2.797739;0.7216921, 0.1984816, 2.850838;0.7871417, -0.1025822, 2.946286;0.5768819, 0.06561163, 2.773926;1.017895, 0.05920125, 2.965737;0.5103027, -0.5920868, 2.947912;0.7306476, -0.4700174, 2.697541;0.7993988, -0.1626766, 2.968418;0.7403193, -0.2630143, 2.962318;0.8959461, -0.2612256, 3.030052;0.7251991, -0.5184165, 3.102029;0.9199035, -0.5180104, 2.823364;0.7207779, -0.7267362, 3.094764;0.8971451, -0.7144161, 2.759346;0.6417085, -0.8097309, 3.065468;0.933674, -0.7700988, 2.673772;
0.6066765, 0.2499061, 2.798988;0.7213537, 0.2001845, 2.852751;0.7855653, -0.103114, 2.945781;0.5732429, 0.06738044, 2.777122;1.018061, 0.05867168, 2.96604;0.5102429, -0.5882729, 2.945343;0.724958, -0.4786967, 2.693751;0.7973743, -0.1638066, 2.967429;0.735099, -0.2699395, 2.959309;0.8952494, -0.2633445, 3.028811;0.7245229, -0.5190998, 3.10098;0.919219, -0.5176151, 2.823153;0.7237022, -0.7249639, 3.097754;0.8972508, -0.7143941, 2.759693;0.643386, -0.8085897, 3.063998;0.8586052, -0.794671, 2.710851;
0.6045058, 0.2508281, 2.797022;0.7189238, 0.2013215, 2.852063;0.7820932, -0.1165775, 2.937533;0.573283, 0.06787686, 2.776872;1.001651, 0.07707199, 2.96721;0.5096679, -0.5831501, 2.941808;0.7249874, -0.4652607, 2.694714;0.7945117, -0.183669, 2.956385;0.7362584, -0.2893924, 2.945385;0.8922895, -0.2807833, 3.013803;0.7229174, -0.5182127, 3.101012;0.9180363, -0.5167494, 2.822104;0.7243863, -0.7271564, 3.097429;0.896971, -0.7144328, 2.759908;0.6431261, -0.8086911, 3.064046;0.857988, -0.7952393, 2.709949;
0.6044202, 0.2526564, 2.798475;0.7186755, 0.2032953, 2.854583;0.7753805, -0.115632, 2.932981;0.5676935, 0.07336402, 2.781657;1.000895, 0.07689582, 2.966887;0.5092919, -0.5824105, 2.936551;0.7235401, -0.4652025, 2.693924;0.7850131, -0.1813524, 2.949709;0.7224263, -0.2885454, 2.931515;0.87776, -0.2834283, 3.005031;0.7175974, -0.5340791, 3.10427;0.916538, -0.5121219, 2.822036;0.7252547, -0.7254085, 3.098242;0.8969513, -0.7147989, 2.759956;0.6447057, -0.8072548, 3.063482;0.8574952, -0.7955533, 2.708592;
0.6036679, 0.2530572, 2.797748;0.7180627, 0.203965, 2.854613;0.7746249, -0.1087671, 2.938101;0.5650045, 0.07282612, 2.784313;0.9992909, 0.07912786, 2.966517;0.5053768, -0.5748882, 2.935104;0.7228156, -0.4507443, 2.693082;0.7852471, -0.1701049, 2.959039;0.7236991, -0.2801841, 2.94612;0.8848113, -0.2603342, 3.027068;0.7173829, -0.5276167, 3.103211;0.9152129, -0.510834, 2.821016;0.7250807, -0.7254853, 3.097754;0.8968531, -0.7147374, 2.760006;0.6595755, -0.7963327, 3.065084;0.8561747, -0.7960624, 2.709278;
0.6029167, 0.2533965, 2.796966;0.7175221, 0.2044223, 2.854398;0.7745341, -0.1013421, 2.941592;0.5657836, 0.07856312, 2.784761;0.9957545, 0.07910863, 2.965317;0.5052904, -0.5747777, 2.934572;0.7210863, -0.4607464, 2.691795;0.7858375, -0.161132, 2.963504;0.7255269, -0.2624663, 2.955312;0.8854901, -0.2558994, 3.029102;0.7198412, -0.5258266, 3.10172;0.9146628, -0.511161, 2.820346;0.7250206, -0.7245473, 3.097555;0.8968393, -0.7146404, 2.760117;0.6589394, -0.7969423, 3.072537;0.8553309, -0.7968116, 2.709748;
0.60222, 0.2536375, 2.795984;0.717037, 0.2045718, 2.853816;0.7730256, -0.09476703, 2.939789;0.5652847, 0.08039849, 2.786209;0.995867, 0.07930592, 2.965068;0.5045832, -0.5351753, 2.939745;0.7206129, -0.4615369, 2.691986;0.7841974, -0.1530435, 2.961102;0.7247987, -0.2590446, 2.95042;0.8848114, -0.2534367, 3.029742;0.7195885, -0.5221799, 3.102246;0.9138815, -0.5080807, 2.820269;0.7244082, -0.7233018, 3.096486;0.8957785, -0.7154642, 2.759086;0.6485473, -0.8014151, 3.071807;0.8555023, -0.7968761, 2.709376;
0.602607, 0.2548128, 2.797337;0.7175098, 0.2056391, 2.855814;0.7742944, -0.1004443, 2.936675;0.5654808, 0.08070567, 2.786399;0.9960579, 0.0795828, 2.965152;0.5043323, -0.5306392, 2.940359;0.7231017, -0.463011, 2.692993;0.7860965, -0.1637652, 2.954715;0.7255321, -0.2646042, 2.94539;0.8851691, -0.2719884, 3.002737;0.7207311, -0.5207234, 3.100375;0.9138822, -0.5080575, 2.820277;0.7244491, -0.7230551, 3.096933;0.8945224, -0.7172812, 2.757407;0.6538814, -0.7970276, 3.076417;0.8559182, -0.7968167, 2.70844;
0.6027818, 0.255181, 2.797149;0.7178475, 0.2058371, 2.856128;0.77407, -0.1007562, 2.937414;0.5654668, 0.07859705, 2.787783;0.9963049, 0.07961789, 2.96523;0.5033153, -0.5710469, 2.932938;0.7228122, -0.4636252, 2.692224;0.7855444, -0.1639679, 2.956081;0.723823, -0.2677822, 2.94661;0.8831351, -0.2668445, 3.01404;0.7229998, -0.5172082, 3.099903;0.9138296, -0.5089133, 2.81914;0.7281684, -0.7215015, 3.099623;0.8940175, -0.7172341, 2.75668;0.6542282, -0.7966825, 3.07657;0.8561287, -0.7969857, 2.708184;
0.6013945, 0.2553731, 2.796479;0.7165506, 0.2058907, 2.856173;0.7738686, -0.113079, 2.933629;0.5650077, 0.07856645, 2.787917;0.9972517, 0.07944342, 2.965728;0.5021771, -0.5138978, 2.942581;0.7215377, -0.4643772, 2.69013;0.7860581, -0.1794816, 2.95161;0.7243161, -0.2836783, 2.941481;0.8861625, -0.2834377, 3.004584;0.72278, -0.5173558, 3.0997;0.9142493, -0.510038, 2.81896;0.7279564, -0.7215207, 3.099027;0.8940632, -0.7171834, 2.75675;0.6542563, -0.7966391, 3.076555;0.8549109, -0.7974608, 2.708926;
0.6120768, 0.254725, 2.798736;0.7269564, 0.2053285, 2.859519;0.775563, -0.1107262, 2.937476;0.5645407, 0.08852497, 2.787924;0.9973227, 0.0830905, 2.966707;0.5064158, -0.5136919, 2.931111;0.721429, -0.4626128, 2.690783;0.7865738, -0.1749825, 2.957072;0.7218231, -0.278401, 2.950392;0.8842453, -0.274035, 3.011745;0.7184064, -0.5254701, 3.102191;0.9142326, -0.5102327, 2.818675;0.7254226, -0.7206627, 3.096043;0.8940713, -0.7171796, 2.756716;0.6421517, -0.8030812, 3.075619;0.8556978, -0.7968133, 2.70901;
0.6206162, 0.1760485, 2.768603;0.7257766, 0.2182631, 2.85841;0.7919688, -0.05490915, 2.966607;0.5351356, 0.02906704, 2.862972;0.9952554, 0.09268607, 2.966674;0.5020387, -0.5201792, 2.943914;0.7184514, -0.4583663, 2.688813;0.8054335, -0.1120239, 2.991988;0.7379886, -0.2265511, 3.001137;0.919508, -0.1952919, 3.052169;0.7172734, -0.5266004, 3.102878;0.9142749, -0.5202427, 2.811664;0.7252263, -0.7206143, 3.095869;0.8858407, -0.8121299, 2.736684;0.6457123, -0.7997819, 3.068653;0.8245913, -0.7794325, 2.676278;
0.6520938, 0.1382894, 2.752848;0.7156749, 0.2411729, 2.850492;0.7808191, -0.02066089, 2.961112;0.4983842, -0.02552035, 2.957309;0.9936739, 0.1063892, 2.972238;0.5060489, -0.5412462, 2.951991;0.7145231, -0.4246068, 2.679003;0.793224, -0.07077126, 2.98664;0.7284082, -0.2036272, 2.999417;0.9154124, -0.1628931, 3.056503;0.7153221, -0.5181247, 3.101096;0.9147742, -0.5038717, 2.820657;0.7231179, -0.7185016, 3.094258;0.8870839, -0.7955122, 2.744527;0.6454788, -0.7998472, 3.067858;0.82731, -0.7973051, 2.674569;
0.4179873, 0.2620155, 2.733949;0.5634571, 0.1793404, 2.797519;0.7289872, -0.03503577, 2.926741;0.4719807, 0.07659478, 2.970608;0.997156, 0.1586169, 2.989201;0.5175817, -0.4357264, 2.963277;0.7170165, -0.3543657, 2.678297;0.7657397, -0.07707468, 2.959688;0.7282053, -0.1870923, 2.979589;0.9247214, -0.157535, 3.047724;0.7178827, -0.5139663, 3.100063;0.9196525, -0.4842176, 2.811228;0.7234657, -0.7196475, 3.094263;0.8931515, -0.7728838, 2.722568;0.6471162, -0.8005746, 3.06828;0.819919, -0.8181161, 2.689978;
0.4250109, 0.2776961, 2.739786;0.5675292, 0.1996425, 2.794226;0.7273025, -0.03185824, 2.927965;0.4953167, 0.132569, 2.929465;0.9818869, 0.1535475, 2.979488;0.5164403, -0.3883489, 2.96439;0.7264105, -0.3198993, 2.687204;0.7622566, -0.07516699, 2.960481;0.7175006, -0.16762, 2.978588;0.9151198, -0.1540109, 3.043943;0.7241534, -0.5067086, 3.098017;0.9210602, -0.4830786, 2.812072;0.7221775, -0.723151, 3.092101;0.8950415, -0.7711187, 2.723522;0.6711941, -0.8091409, 3.044355;0.8222631, -0.8172334, 2.691188;
0.416236, 0.3209589, 2.748193;0.5656409, 0.2486536, 2.809247;0.7428752, -0.04154598, 2.937947;0.4957007, 0.1419806, 2.944109;0.697229, 0.2066313, 2.760664;0.5179257, -0.3523255, 2.964983;0.7057995, -0.3632903, 2.676518;0.7846364, -0.1013868, 2.971839;0.7790579, -0.1619798, 2.963603;0.8486797, -0.1305625, 3.018229;0.7098314, -0.5099967, 3.119256;0.9307112, -0.4702998, 2.823024;0.7082649, -0.803221, 3.12302;0.9086469, -0.7588557, 2.737617;0.6575645, -0.8090686, 3.046451;0.8409508, -0.8062533, 2.697141;
0.4187345, 0.353637, 2.752438;0.5650195, 0.258958, 2.813729;0.7518988, 0.008734055, 2.981678;0.4995046, 0.1512087, 2.959165;0.6977206, 0.2191377, 2.76358;0.5246726, -0.3129581, 2.985105;0.7153505, -0.2924135, 2.677918;0.789412, -0.04358799, 3.017782;0.7731475, -0.09842283, 3.018115;0.8594743, -0.06378832, 3.061575;0.7195371, -0.4769358, 3.095253;0.9201771, -0.4269453, 2.845438;0.7165453, -0.7695289, 3.100894;0.8982593, -0.7151841, 2.760519;0.6506554, -0.8093763, 3.050542;0.8556976, -0.796023, 2.705576;
0.4233481, 0.4111458, 2.767867;0.5613486, 0.3028466, 2.827563;0.7528608, 0.01537139, 2.980482;0.5020045, 0.1650368, 2.985528;0.6982677, 0.2500434, 2.774302;0.5296245, -0.3022789, 2.990959;0.7192852, -0.2616979, 2.679184;0.7906287, -0.03881414, 3.015911;0.7736392, -0.09309852, 3.018973;0.8616604, -0.05739796, 3.051897;0.7162247, -0.4715896, 3.092282;0.9182703, -0.4195493, 2.846844;0.7212629, -0.7286599, 3.093129;0.8983708, -0.7139224, 2.762095;0.6568506, -0.802961, 3.057776;0.8559023, -0.795826, 2.705818;
0.4249973, 0.4616525, 2.780984;0.5659081, 0.3472061, 2.839926;0.7517231, 0.07453489, 2.968747;0.4998999, 0.2357789, 2.982554;0.6985187, 0.2767827, 2.781559;0.5335318, -0.2703336, 2.990339;0.7199332, -0.2398703, 2.679628;0.7888502, 0.01965198, 2.997929;0.7775788, -0.03792683, 3.05416;0.8605692, -0.01212509, 2.980537;0.7218904, -0.4240338, 3.081474;0.9150755, -0.4151211, 2.847168;0.7231019, -0.720125, 3.092767;0.8984523, -0.7139336, 2.76207;0.6584861, -0.8005856, 3.061481;0.856245, -0.795601, 2.706026;
0.4341078, 0.4838056, 2.797212;0.5693437, 0.3746233, 2.851518;0.7517744, 0.07440266, 2.968846;0.4969373, 0.2678307, 2.98939;0.7033294, 0.3037694, 2.784737;0.5311413, -0.2426206, 2.995471;0.7206095, -0.223411, 2.678029;0.7888755, 0.0179283, 2.997828;0.7758378, -0.04107723, 3.048879;0.859769, -0.01374477, 2.981593;0.7225323, -0.4262654, 3.082546;0.9139237, -0.413507, 2.847725;0.7229309, -0.7169634, 3.093483;0.8985455, -0.7123065, 2.762872;0.6578808, -0.8001992, 3.063538;0.8609136, -0.7925144, 2.708803;
0.4643196, 0.5329907, 2.820556;0.5872627, 0.4221532, 2.871251;0.7485386, 0.08854271, 2.968523;0.5010002, 0.2809901, 2.996837;0.7094634, 0.3279123, 2.794069;0.5311644, -0.2307612, 2.996513;0.723466, -0.1992825, 2.68368;0.7837046, 0.02627968, 2.994803;0.7691495, -0.03492205, 3.044796;0.8532143, -0.008912489, 2.976843;0.7197977, -0.419691, 3.08112;0.9113013, -0.4081511, 2.849692;0.7231493, -0.7173252, 3.093568;0.8985205, -0.7122698, 2.762839;0.6581568, -0.8000121, 3.064102;0.8605195, -0.7923266, 2.708734;
0.4759002, 0.5814421, 2.835395;0.5973401, 0.4504503, 2.879883;0.7407371, 0.1188113, 2.969876;0.508617, 0.3372183, 3.018355;0.7200217, 0.3596363, 2.804656;0.5338555, -0.1717832, 3.005773;0.7227256, -0.1964168, 2.691601;0.7703637, 0.05273762, 2.992147;0.75437, -0.01352445, 3.044895;0.8402031, 0.003688087, 2.969612;0.7233346, -0.3998417, 3.078767;0.9062679, -0.3894276, 2.853392;0.7228908, -0.7172011, 3.0934;0.8992682, -0.711006, 2.763837;0.6599798, -0.7986726, 3.064735;0.8605444, -0.7922751, 2.708699;
0.492691, 0.6048696, 2.844154;0.6061637, 0.475655, 2.88759;0.7386514, 0.1293308, 2.970445;0.5130479, 0.3457992, 3.019108;0.7258076, 0.3737755, 2.811455;0.534899, -0.1639872, 3.006997;0.7340715, -0.1557969, 2.694593;0.7665197, 0.06165793, 2.991551;0.7462282, -0.003656978, 3.045773;0.8346431, 0.01262111, 2.964823;0.7240235, -0.3965354, 3.078464;0.9026271, -0.3816628, 2.853678;0.7222905, -0.717625, 3.092523;0.8993723, -0.7089108, 2.765553;0.6601009, -0.7986304, 3.06489;0.8580189, -0.7939977, 2.709068;
0.5365093, 0.6800058, 2.894908;0.6387738, 0.5308347, 2.906158;0.7255812, 0.1870126, 2.967018;0.5330713, 0.4011413, 3.049048;0.745911, 0.4243872, 2.823974;0.5366727, -0.1666697, 3.002401;0.7479703, -0.1096385, 2.710221;0.7429427, 0.1182481, 2.982701;0.7134764, 0.0443938, 3.043447;0.8062187, 0.05819105, 2.942136;0.7237877, -0.3946112, 3.077652;0.8987995, -0.3691349, 2.855097;0.7226347, -0.7177485, 3.093145;0.9008176, -0.7073802, 2.764969;0.6603489, -0.7983884, 3.067417;0.8573952, -0.7944185, 2.708066;
0.5469767, 0.7083428, 2.908111;0.6480196, 0.5456882, 2.924372;0.7262331, 0.1939174, 2.967677;0.5375636, 0.4107773, 3.051922;0.7563369, 0.4379298, 2.831425;0.5280218, -0.1712978, 2.998849;0.7524858, -0.08492417, 2.711639;0.7427582, 0.1248224, 2.981604;0.7129602, 0.04608998, 3.043096;0.8061554, 0.06383005, 2.937285;0.7234135, -0.3945131, 3.077142;0.8975393, -0.3649631, 2.854787;0.725195, -0.7221904, 3.09433;0.900834, -0.7074192, 2.765042;0.6719199, -0.8049154, 3.041246;0.8561333, -0.7961469, 2.707548;
0.566503, 0.7171414, 2.920068;0.6641604, 0.5611647, 2.934639;0.7256281, 0.2010781, 2.965527;0.554732, 0.4340682, 3.050716;0.7651088, 0.4509443, 2.838583;0.5417823, -0.09326848, 3.011401;0.7544104, -0.08036926, 2.714562;0.7396286, 0.1318597, 2.976787;0.7043806, 0.0555189, 3.035199;0.7999926, 0.0718803, 2.926619;0.7206043, -0.3879627, 3.070647;0.8973487, -0.3648935, 2.854512;0.7249196, -0.7214229, 3.0938;0.9013393, -0.7073476, 2.76531;0.6734558, -0.8036118, 3.043198;0.8562768, -0.7961487, 2.70685;
0.5925624, 0.7469841, 2.944074;0.6739794, 0.5761499, 2.949227;0.7246932, 0.207935, 2.963613;0.5630692, 0.4463263, 3.057513;0.7762572, 0.464847, 2.846153;0.5415203, -0.09099851, 3.009946;0.763836, -0.0494264, 2.725645;0.7365808, 0.1377202, 2.971981;0.6980276, 0.06151449, 3.02647;0.7951474, 0.0782828, 2.919027;0.7190311, -0.38517, 3.069022;0.8948351, -0.3548206, 2.852608;0.724802, -0.7207734, 3.093455;0.9012759, -0.7075233, 2.765034;0.6731405, -0.8042156, 3.043386;0.8544341, -0.7974083, 2.704851;
0.6053811, 0.7545223, 2.950873;0.684962, 0.5956776, 2.95857;0.7239608, 0.2147316, 2.962821;0.5710191, 0.4602159, 3.072117;0.7814003, 0.4703792, 2.851099;0.5437415, -0.0752666, 3.007592;0.7616684, -0.06250388, 2.722405;0.7341878, 0.1419884, 2.969596;0.6931763, 0.06641991, 3.021851;0.7913673, 0.08248147, 2.916063;0.7181878, -0.3820795, 3.066895;0.8941141, -0.3530165, 2.851997;0.7246237, -0.720421, 3.09304;0.9012473, -0.7074671, 2.764865;0.6612755, -0.8029982, 3.070253;0.8530061, -0.7987099, 2.707037;
0.6294905, 0.7746738, 2.975022;0.702629, 0.6048431, 2.962879;0.7259563, 0.2261821, 2.958234;0.5806634, 0.4672098, 3.083314;0.8015242, 0.4843776, 2.860862;0.5456324, -0.07001646, 3.008048;0.7650043, -0.05764473, 2.724356;0.7325405, 0.152997, 2.961911;0.6878748, 0.07669346, 3.008708;0.787104, 0.09444332, 2.908628;0.7171838, -0.3816599, 3.065996;0.8932053, -0.3516649, 2.85094;0.7245691, -0.7247291, 3.092184;0.9015027, -0.7068253, 2.76483;0.6636722, -0.8026499, 3.067807;0.854057, -0.7979199, 2.707508;
0.6368887, 0.7784827, 2.98235;0.7176471, 0.613613, 2.972471;0.7274666, 0.2302682, 2.955974;0.5917729, 0.4736083, 3.093298;0.8050966, 0.4859594, 2.863028;0.5466558, -0.05823544, 3.006604;0.7673389, -0.04924968, 2.725315;0.7322484, 0.1563923, 2.957707;0.6861147, 0.08175448, 3.000086;0.7848098, 0.09883086, 2.904043;0.7164115, -0.3778306, 3.064444;0.8923177, -0.3509579, 2.849842;0.7248696, -0.7233542, 3.092131;0.9016551, -0.7070164, 2.763369;0.6621433, -0.8026206, 3.070148;0.8541779, -0.7978333, 2.707639;
0.6585363, 0.7935062, 3.00178;0.7241403, 0.618992, 2.979452;0.7294158, 0.235351, 2.954945;0.5995629, 0.480596, 3.101305;0.8146312, 0.492591, 2.87112;0.5385517, -0.09907631, 2.996544;0.7698525, -0.04051597, 2.726527;0.7326975, 0.1605273, 2.955136;0.6857667, 0.08588143, 2.996173;0.7842163, 0.1029061, 2.901252;0.717133, -0.3743857, 3.063634;0.8914524, -0.3497087, 2.848264;0.7242997, -0.718998, 3.091367;0.9016218, -0.7065756, 2.763298;0.6615698, -0.8022574, 3.070863;0.8538713, -0.7979395, 2.708217;
0.6693361, 0.8010592, 3.007873;0.7361373, 0.6299007, 2.988267;0.7313146, 0.2397618, 2.95575;0.6118783, 0.4918847, 3.115253;0.8227257, 0.4942962, 2.873988;0.549835, -0.04904798, 3.004106;0.7757578, -0.03264762, 2.726622;0.7329585, 0.1631867, 2.954809;0.6852347, 0.08857609, 2.995424;0.7835835, 0.1049558, 2.900713;0.7179257, -0.3754285, 3.063526;0.8897399, -0.3491282, 2.846631;0.7245029, -0.7218205, 3.09126;0.902544, -0.7066564, 2.763546;0.6692144, -0.8055972, 3.055855;0.8542503, -0.7975183, 2.70778;
0.6840638, 0.8097329, 3.013204;0.7455721, 0.6380573, 2.999229;0.7334638, 0.2437753, 2.957279;0.622142, 0.4966161, 3.122157;0.8284637, 0.4987564, 2.879284;0.5618922, -0.04445631, 3.010895;0.7799684, -0.02789083, 2.727336;0.7335205, 0.1657804, 2.954822;0.6856281, 0.09164944, 2.994749;0.7823786, 0.1085892, 2.900093;0.7187475, -0.3724358, 3.062006;0.8887185, -0.348593, 2.845097;0.7238201, -0.7198464, 3.091155;0.9034703, -0.7051932, 2.763587;0.6611868, -0.8030342, 3.065411;0.854414, -0.7960808, 2.705579;
0.6978574, 0.8197854, 3.027503;0.7557414, 0.6418409, 3.006541;0.7363213, 0.2472196, 2.958938;0.6262215, 0.4979851, 3.124367;0.8357558, 0.5022033, 2.885609;0.563523, -0.04107469, 3.010627;0.7861982, -0.019752, 2.728566;0.7346389, 0.1684373, 2.955101;0.6859145, 0.09432375, 2.994334;0.7822616, 0.1107197, 2.899825;0.7202969, -0.3706596, 3.061004;0.8866143, -0.3473615, 2.842603;0.7241361, -0.7176332, 3.090781;0.9039133, -0.7041617, 2.763848;0.6621424, -0.8012353, 3.066391;0.8550938, -0.7948681, 2.706388;
0.7092045, 0.8209426, 3.040653;0.7665472, 0.6456196, 3.020203;0.7382456, 0.2495553, 2.962369;0.6339417, 0.5020859, 3.132283;0.8421263, 0.5062712, 2.892771;0.5698587, -0.03776322, 3.012201;0.7894243, -0.01944224, 2.725171;0.7350245, 0.1700999, 2.956559;0.6855906, 0.0960582, 2.995037;0.7815216, 0.1121771, 2.900496;0.7215981, -0.3738335, 3.061234;0.8856795, -0.347863, 2.840693;0.7226925, -0.7240606, 3.09181;0.9038876, -0.7042677, 2.763792;0.6633554, -0.8042271, 3.062187;0.8546956, -0.79488, 2.70488;
0.7179947, 0.8227744, 3.048384;0.7784277, 0.6533339, 3.029809;0.74035, 0.2515647, 2.964388;0.6452722, 0.5066941, 3.132247;0.8535417, 0.5089431, 2.899889;0.5730954, -0.03575748, 3.013555;0.7933773, -0.01665411, 2.725485;0.7355125, 0.1711839, 2.957153;0.6853408, 0.0985994, 2.99444;0.7809922, 0.1139696, 2.901253;0.7219801, -0.3741344, 3.061024;0.8838639, -0.3469929, 2.83864;0.7224506, -0.7241867, 3.091586;0.9051082, -0.7037489, 2.764782;0.6632227, -0.802978, 3.062931;0.8565139, -0.7926458, 2.706319;
0.7365823, 0.8230254, 3.061184;0.7856347, 0.6553384, 3.039426;0.7429684, 0.2556019, 2.969529;0.6545736, 0.508925, 3.143215;0.8603678, 0.5117375, 2.907322;0.5781108, -0.0334639, 3.014971;0.7972052, -0.01502304, 2.724533;0.7363745, 0.17508, 2.960437;0.6848515, 0.1024455, 2.996963;0.7802023, 0.1161511, 2.902167;0.7218558, -0.3722707, 3.05943;0.8801932, -0.3486804, 2.83509;0.7234235, -0.7227997, 3.092845;0.9058702, -0.7032543, 2.764122;0.6618629, -0.8014269, 3.067384;0.8567707, -0.792333, 2.706715;
0.7428873, 0.8247596, 3.067019;0.7904058, 0.6556344, 3.042946;0.7442833, 0.2566313, 2.971673;0.65934, 0.5113648, 3.142222;0.8642814, 0.5133952, 2.910985;0.5814095, -0.03292763, 3.014711;0.800227, -0.01289502, 2.723647;0.7367786, 0.1761869, 2.961923;0.6846178, 0.1045967, 2.998006;0.7795554, 0.1173831, 2.903472;0.7217198, -0.3716319, 3.058836;0.8794289, -0.3487082, 2.833911;0.7242367, -0.7202457, 3.093485;0.905829, -0.7041146, 2.764426;0.664646, -0.8005553, 3.064073;0.8567759, -0.7924163, 2.705064;
0.7502333, 0.8248534, 3.076326;0.7951927, 0.6559274, 3.047401;0.7458713, 0.2577949, 2.973985;0.6644264, 0.5141419, 3.146353;0.8663347, 0.5137031, 2.912477;0.5875537, -0.03530084, 3.017845;0.8012433, -0.01310014, 2.723956;0.7374877, 0.1774734, 2.963565;0.6847479, 0.1056466, 2.999994;0.779348, 0.1177022, 2.903538;0.7214259, -0.3702524, 3.057753;0.8787187, -0.3486677, 2.832919;0.7248029, -0.7176218, 3.093562;0.9056312, -0.704689, 2.764088;0.6658689, -0.79812, 3.065343;0.8568342, -0.7927577, 2.704578;
0.7547593, 0.8264618, 3.078725;0.7998654, 0.656632, 3.048269;0.7472332, 0.2588339, 2.975431;0.669971, 0.5176648, 3.150731;0.8691431, 0.5151374, 2.915724;0.5936884, -0.0382277, 3.024451;0.804213, -0.01510704, 2.724121;0.7381203, 0.1786667, 2.964909;0.684949, 0.1068688, 3.001735;0.7789407, 0.1185041, 2.903933;0.7210487, -0.369