0.7574315, 0.8252379, 3.084815;0.7958701, 0.6497145, 3.050313;0.7384706, 0.2557298, 2.976329;0.6675351, 0.5122398, 3.166088;0.8661109, 0.5064182, 2.919752;0.5841477, -0.03701932, 3.02952;0.8028005, 0.03476205, 2.755391;0.7269906, 0.1769329, 2.965193;0.6729267, 0.113829, 3.000802;0.7622858, 0.1112093, 2.902309;0.7079896, -0.36323, 3.055271;0.8643507, -0.3538289, 2.824241;0.7225851, -0.7148645, 3.086429;0.8990278, -0.7086319, 2.76565;0.6714593, -0.8050023, 3.062349;0.8560869, -0.7968768, 2.70361;
0.757318, 0.8251733, 3.085176;0.796511, 0.6502829, 3.05152;0.7386611, 0.2557362, 2.97652;0.6682328, 0.5128446, 3.165306;0.8662005, 0.5063705, 2.919804;0.584193, -0.03568428, 3.029789;0.8030599, 0.03431544, 2.754458;0.7271943, 0.176892, 2.965297;0.6731472, 0.1137611, 3.00101;0.762565, 0.1107863, 2.901703;0.7079777, -0.3635701, 3.055625;0.8654385, -0.3557263, 2.824559;0.7226043, -0.7149881, 3.086821;0.8990525, -0.7088681, 2.765579;0.671315, -0.8051674, 3.06218;0.8585076, -0.7960548, 2.707897;
0.7563316, 0.824489, 3.08216;0.7969648, 0.6508884, 3.052768;0.7390317, 0.2554984, 2.976609;0.6679286, 0.5129789, 3.166633;0.8652951, 0.5072126, 2.920471;0.5843932, -0.03262415, 3.031028;0.8024681, 0.03357063, 2.752702;0.7276869, 0.1764258, 2.965175;0.6739399, 0.1131679, 3.000694;0.7629015, 0.1105877, 2.90158;0.7077316, -0.3667386, 3.05556;0.8652002, -0.3550334, 2.824692;0.7233897, -0.7173092, 3.088946;0.8989677, -0.7084147, 2.765357;0.6622944, -0.8066633, 3.067129;0.8586802, -0.7954485, 2.708896;
0.755555, 0.824276, 3.082388;0.796905, 0.6512095, 3.052837;0.7391031, 0.2555316, 2.976695;0.6679118, 0.5129698, 3.166722;0.8653207, 0.507115, 2.920335;0.5843318, -0.03227524, 3.031343;0.7909996, -0.01434784, 2.738263;0.7277735, 0.1764342, 2.965262;0.6740877, 0.1129454, 3.001056;0.7631639, 0.1102144, 2.901076;0.7076696, -0.3668153, 3.055672;0.8651835, -0.3550725, 2.824778;0.7242824, -0.717979, 3.089979;0.8988664, -0.7091007, 2.765475;0.6625, -0.8070098, 3.067016;0.8561488, -0.7971496, 2.70847;
0.7551465, 0.8244321, 3.081966;0.7976003, 0.6523565, 3.054199;0.7392129, 0.2553947, 2.976781;0.6681696, 0.51336, 3.16778;0.8653248, 0.5071469, 2.920429;0.5826162, -0.03654765, 3.027301;0.7898357, -0.01652192, 2.738405;0.7278907, 0.1760565, 2.96518;0.6742197, 0.1127016, 3.000883;0.7632009, 0.1099541, 2.90104;0.7084448, -0.3685043, 3.056573;0.8653485, -0.355765, 2.824951;0.7242189, -0.7219493, 3.09055;0.8987466, -0.7097675, 2.765185;0.6587528, -0.8078818, 3.067173;0.856196, -0.7971951, 2.708555;
0.7550504, 0.8242796, 3.0817;0.7976283, 0.6524852, 3.054133;0.739278, 0.2554302, 2.976816;0.6677691, 0.5135758, 3.168799;0.865282, 0.5074676, 2.920641;0.5826972, -0.03643824, 3.027845;0.7886368, -0.01998232, 2.737323;0.7279442, 0.1760769, 2.965222;0.6742651, 0.1126294, 3.00102;0.7632709, 0.1099357, 2.901012;0.7083161, -0.3692334, 3.056579;0.8653673, -0.355768, 2.825015;0.7238168, -0.7213657, 3.090346;0.8985151, -0.7105707, 2.764508;0.6579216, -0.8078158, 3.069911;0.8553494, -0.7979041, 2.707962;
0.7545661, 0.824245, 3.082132;0.7976801, 0.6523154, 3.053981;0.7393788, 0.2553148, 2.976821;0.667594, 0.5130896, 3.168679;0.8655648, 0.5072342, 2.920333;0.5827655, -0.03533018, 3.027899;0.7875994, -0.02219385, 2.736795;0.7280335, 0.1759667, 2.965244;0.6742922, 0.1124065, 3.001057;0.7634247, 0.1097805, 2.901019;0.7083116, -0.3693425, 3.056678;0.86536, -0.3557046, 2.825111;0.723829, -0.7212655, 3.090265;0.8988284, -0.7101805, 2.764753;0.6577349, -0.8075801, 3.070441;0.8623405, -0.7923751, 2.715717;
0.7545912, 0.8240131, 3.082107;0.7977061, 0.6524438, 3.053544;0.7394269, 0.2553378, 2.976672;0.6700979, 0.5170698, 3.167133;0.8655687, 0.5072159, 2.920182;0.582637, -0.03504083, 3.026839;0.7870401, -0.02490729, 2.736311;0.7280663, 0.1759749, 2.965122;0.6744386, 0.1125923, 3.001045;0.7632651, 0.109439, 2.900583;0.7081567, -0.3680815, 3.056042;0.8653576, -0.3558614, 2.824999;0.7236816, -0.7204398, 3.089938;0.8993257, -0.7101635, 2.764876;0.6587466, -0.8052176, 3.070938;0.8622772, -0.7924239, 2.715682;
0.7542117, 0.8235228, 3.08064;0.7977367, 0.6535507, 3.054049;0.7394634, 0.2553758, 2.976709;0.6691644, 0.5162745, 3.16715;0.865331, 0.5077148, 2.920545;0.582562, -0.03370413, 3.027266;0.7867035, -0.02614102, 2.736191;0.7280945, 0.1759725, 2.965142;0.6744598, 0.1124536, 3.001086;0.7633377, 0.10946, 2.900484;0.7082473, -0.3678594, 3.056065;0.8655083, -0.3560307, 2.825103;0.72319, -0.7195973, 3.08926;0.8992078, -0.7101751, 2.764958;0.6577322, -0.8042141, 3.072175;0.8604327, -0.7935545, 2.71299;
0.754105, 0.8225138, 3.081878;0.7986518, 0.653082, 3.054212;0.7392619, 0.2549233, 2.977038;0.668727, 0.515732, 3.166643;0.8641521, 0.5073349, 2.92031;0.5825235, -0.03335334, 3.027255;0.800151, 0.01771116, 2.746323;0.7275866, 0.1753545, 2.965567;0.6731922, 0.1093677, 3.001997;0.762414, 0.1100343, 2.901113;0.7081785, -0.367315, 3.056006;0.8653574, -0.3559401, 2.825135;0.7227909, -0.7192851, 3.088799;0.9000292, -0.7094058, 2.765695;0.6597096, -0.8016776, 3.071781;0.8604246, -0.7934941, 2.713773;
0.7540171, 0.8224416, 3.081584;0.7988212, 0.6538396, 3.054178;0.7391645, 0.2548262, 2.977104;0.6682742, 0.5158969, 3.167423;0.8627891, 0.5075148, 2.920635;0.5826924, -0.03216752, 3.027297;0.7979162, 0.009694206, 2.743624;0.7273526, 0.1750505, 2.965662;0.6729512, 0.1083387, 3.001923;0.7618974, 0.1107845, 2.901685;0.7079302, -0.3669813, 3.055846;0.8652638, -0.3554097, 2.825295;0.7254129, -0.7144384, 3.092584;0.9001338, -0.7090483, 2.76575;0.6613532, -0.7988375, 3.071006;0.8573614, -0.795332, 2.714482;
0.7536941, 0.8226208, 3.08158;0.7986087, 0.6540088, 3.053653;0.7389745, 0.2546325, 2.977164;0.6681368, 0.5154803, 3.167026;0.8628595, 0.5072843, 2.92023;0.5825402, -0.03216094, 3.027463;0.7976041, 0.006893254, 2.744035;0.7270948, 0.1747344, 2.965792;0.6724631, 0.1068211, 3.002113;0.761691, 0.1109608, 2.901915;0.7083288, -0.3688445, 3.05632;0.8652215, -0.3553773, 2.825334;0.7257515, -0.7170748, 3.093653;0.9007199, -0.7086234, 2.766012;0.65779, -0.8019411, 3.072318;0.8560419, -0.7963417, 2.715658;
0.7536603, 0.8222836, 3.08106;0.7988403, 0.6542667, 3.054177;0.7388527, 0.2545196, 2.977285;0.6680692, 0.5158733, 3.166728;0.8616388, 0.5074553, 2.920484;0.5826714, -0.0318016, 3.028072;0.7984359, 0.004540293, 2.744125;0.7268834, 0.1745378, 2.965878;0.6723492, 0.1064619, 3.002129;0.7611974, 0.1114872, 2.902137;0.7083426, -0.3685614, 3.056284;0.8652196, -0.355291, 2.825332;0.7250883, -0.7167787, 3.092387;0.9006437, -0.7085332, 2.765841;0.6577723, -0.8009182, 3.072867;0.8559241, -0.7964497, 2.715325;
0.7533279, 0.8222663, 3.081199;0.7989117, 0.654366, 3.054118;0.7387455, 0.2545793, 2.977378;0.667925, 0.5166654, 3.167029;0.8610924, 0.5076382, 2.920612;0.5827405, -0.03164923, 3.028726;0.7986093, 0.003252384, 2.743909;0.7267042, 0.1746033, 2.966011;0.6722589, 0.1064011, 3.002242;0.7606662, 0.1122248, 2.902472;0.7082857, -0.368345, 3.056006;0.8650563, -0.3552878, 2.825172;0.7254252, -0.7153307, 3.09303;0.9005948, -0.7088186, 2.765862;0.6584201, -0.8009524, 3.075246;0.856222, -0.7963353, 2.715621;
0.7532989, 0.8225455, 3.081731;0.7988776, 0.654358, 3.054048;0.7386674, 0.2544896, 2.977459;0.6677315, 0.5158489, 3.166333;0.860602, 0.5077046, 2.920537;0.5828958, -0.03123242, 3.02885;0.7979012, 0.002526645, 2.743878;0.7266036, 0.1744801, 2.966123;0.6722343, 0.1057638, 3.002529;0.7605028, 0.1123887, 2.902573;0.7082111, -0.3682323, 3.055933;0.8641878, -0.3544294, 2.825017;0.7253487, -0.7153167, 3.093081;0.8996645, -0.710433, 2.764516;0.6702127, -0.7982762, 3.059669;0.8552198, -0.7973871, 2.71298;
0.7531248, 0.822157, 3.080256;0.7988704, 0.6546009, 3.054164;0.7385503, 0.2545954, 2.977572;0.6676037, 0.5168467, 3.167509;0.8602833, 0.5080447, 2.92094;0.5780901, -0.06506212, 3.019031;0.7970945, 0.001580618, 2.743515;0.7264671, 0.1745675, 2.966221;0.6721731, 0.1056971, 3.002593;0.7601654, 0.1130431, 2.902713;0.7082158, -0.3692562, 3.056039;0.8641778, -0.3544499, 2.825026;0.7248244, -0.7179978, 3.092592;0.8993164, -0.71106, 2.764266;0.665995, -0.8072737, 3.060331;0.8534234, -0.7981095, 2.710393;
0.7528843, 0.8219059, 3.080148;0.7988048, 0.6546219, 3.054096;0.7384486, 0.2546382, 2.977608;0.6673056, 0.5165285, 3.167644;0.8601905, 0.5080778, 2.920836;0.5780252, -0.06599344, 3.01948;0.7971438, 0.001448236, 2.743474;0.7263504, 0.1746197, 2.966269;0.6720319, 0.1055386, 3.00268;0.7600119, 0.1133191, 2.902702;0.7080982, -0.3692756, 3.055945;0.8644755, -0.3550845, 2.825083;0.7248876, -0.7182165, 3.092653;0.899337, -0.7111363, 2.764315;0.6632845, -0.8068557, 3.069184;0.8539832, -0.7981221, 2.709972;
0.7527324, 0.8226163, 3.080769;0.7985641, 0.6555175, 3.053373;0.738414, 0.2546527, 2.977498;0.6670816, 0.5162395, 3.167477;0.8598101, 0.5083979, 2.921008;0.5791399, -0.05760584, 3.02198;0.7972405, 0.001247797, 2.743321;0.7263271, 0.1745833, 2.966177;0.672053, 0.1053917, 3.002557;0.7600346, 0.1134458, 2.902618;0.7080375, -0.3690683, 3.055845;0.8645052, -0.3551696, 2.825022;0.7242715, -0.7150739, 3.091745;0.899702, -0.7107846, 2.764095;0.6640518, -0.8040552, 3.070303;0.8546693, -0.7974526, 2.711113;
0.7529398, 0.8227451, 3.080824;0.7984837, 0.6558988, 3.053811;0.7383941, 0.2546214, 2.977549;0.6671093, 0.5164552, 3.167477;0.8594742, 0.5086001, 2.921167;0.5791489, -0.05731547, 3.022112;0.8009217, 0.02046221, 2.742748;0.7262998, 0.1744897, 2.966205;0.6721106, 0.1052778, 3.002512;0.7600194, 0.1134771, 2.90267;0.7078109, -0.3686699, 3.05548;0.8645502, -0.3552668, 2.824997;0.7235264, -0.7143384, 3.091623;0.8993199, -0.7102928, 2.764717;0.6621737, -0.8035576, 3.073368;0.8550134, -0.7970542, 2.710452;
0.7519282, 0.8219525, 3.080746;0.7989136, 0.6554825, 3.053907;0.7383428, 0.2546098, 2.977705;0.667102, 0.5168821, 3.168231;0.8589435, 0.5082234, 2.921003;0.579177, -0.05782877, 3.022237;0.7970586, 0.006566834, 2.741832;0.7261792, 0.1745126, 2.9664;0.6720248, 0.1051586, 3.002802;0.7597157, 0.1136317, 2.902816;0.7076671, -0.3681489, 3.055001;0.864532, -0.3553872, 2.824981;0.7232289, -0.7109098, 3.088508;0.8993009, -0.7104164, 2.765004;0.6681793, -0.799896, 3.064872;0.8550041, -0.7970665, 2.710377;
0.7520153, 0.8224027, 3.081056;0.7989018, 0.6556965, 3.053979;0.7383514, 0.2546665, 2.977742;0.6670658, 0.5171556, 3.168344;0.8587894, 0.508266, 2.92114;0.5829427, -0.03089757, 3.030697;0.7970077, 0.005847451, 2.741683;0.7261893, 0.1745452, 2.966427;0.6723094, 0.1054404, 3.002379;0.759771, 0.1147834, 2.903768;0.7076937, -0.3676314, 3.055026;0.8639549, -0.3542261, 2.824991;0.7223688, -0.7106557, 3.087712;0.899189, -0.7108071, 2.76506;0.6903925, -0.8062317, 3.020603;0.8544766, -0.7973155, 2.709141;
0.7517492, 0.8218002, 3.080832;0.7991642, 0.6558548, 3.054241;0.7383119, 0.2545371, 2.977835;0.6673948, 0.5175574, 3.167519;0.8583455, 0.5081959, 2.921418;0.5787804, -0.05979481, 3.021135;0.7971739, 0.003891966, 2.741733;0.7260859, 0.1743047, 2.966503;0.672325, 0.1052395, 3.002403;0.7596089, 0.114753, 2.903854;0.7074392, -0.3671731, 3.054843;0.8638171, -0.354399, 2.82483;0.7227589, -0.7101893, 3.087852;0.8991473, -0.7109299, 2.765028;0.6651936, -0.7978102, 3.07242;0.8546529, -0.7973691, 2.708992;
0.7513735, 0.8218219, 3.080842;0.7990267, 0.6557703, 3.053415;0.7381927, 0.2543834, 2.977779;0.6680642, 0.5176868, 3.164902;0.8590982, 0.5076981, 2.920822;0.5788196, -0.06105548, 3.021131;0.7958481, 0.00254465, 2.741686;0.7259575, 0.1741228, 2.966499;0.6721635, 0.1047901, 3.002383;0.7595335, 0.114687, 2.903899;0.7076986, -0.3685356, 3.055248;0.8639265, -0.3545456, 2.824858;0.7221323, -0.7199714, 3.088466;0.8994483, -0.7108017, 2.765319;0.6667411, -0.7975115, 3.071773;0.8533284, -0.7975259, 2.710377;
0.7514874, 0.8222256, 3.081133;0.7990413, 0.6557245, 3.053346;0.7382464, 0.2542709, 2.977745;0.667399, 0.5171231, 3.167172;0.8587378, 0.5079098, 2.920798;0.5786135, -0.06088352, 3.021157;0.7962011, 0.001934047, 2.741267;0.7260288, 0.1739845, 2.966464;0.6723372, 0.1045914, 3.002251;0.7595841, 0.1146857, 2.903926;0.7074938, -0.3682648, 3.054857;0.8639037, -0.3545881, 2.824914;0.7217958, -0.7155833, 3.08786;0.8990887, -0.7117304, 2.765054;0.6817731, -0.8027442, 3.049142;0.8521588, -0.7979981, 2.707551;
0.7511615, 0.8218938, 3.080503;0.7990744, 0.6561344, 3.053802;0.7381606, 0.2541242, 2.977869;0.6674877, 0.5175432, 3.166423;0.8583285, 0.5080047, 2.920998;0.5792201, -0.05648711, 3.022006;0.796416, 0.001712496, 2.741238;0.7258964, 0.1736973, 2.96657;0.6723405, 0.1045298, 3.00224;0.7594144, 0.1146453, 2.904195;0.7073267, -0.3682917, 3.054691;0.8639249, -0.3544185, 2.824831;0.722078, -0.714268, 3.08844;0.8996412, -0.7105359, 2.765685;0.6731097, -0.7989466, 3.066709;0.8545451, -0.7966114, 2.708568;
0.7509219, 0.8213139, 3.080747;0.7990215, 0.6562004, 3.054;0.7379801, 0.2538943, 2.977847;0.6673083, 0.5171027, 3.166459;0.8581657, 0.5078333, 2.920994;0.5790668, -0.05715002, 3.021118;0.7967548, 0.000767043, 2.741236;0.7256502, 0.1733346, 2.966452;0.6721139, 0.1039819, 3.001896;0.7592769, 0.1146103, 2.904182;0.7072987, -0.3678472, 3.05481;0.8638108, -0.3543211, 2.824827;0.7214929, -0.7131087, 3.087397;0.8997302, -0.7105001, 2.76573;0.667362, -0.7988496, 3.07119;0.8531588, -0.7977888, 2.711956;
0.7503024, 0.8209193, 3.080351;0.7990201, 0.6562157, 3.05402;0.7379474, 0.2539034, 2.977876;0.667226, 0.5173263, 3.166563;0.8576785, 0.5084414, 2.921347;0.5789509, -0.05826787, 3.020717;0.7970647, 0.0004576604, 2.741259;0.7256132, 0.173344, 2.966481;0.6721114, 0.103979, 3.001912;0.7591524, 0.1147623, 2.904247;0.7073022, -0.3677863, 3.054892;0.8637555, -0.3543594, 2.824735;0.7225611, -0.7135909, 3.089432;0.8997377, -0.7105806, 2.76597;0.6641797, -0.7996616, 3.074812;0.8529881, -0.798084, 2.712974;
0.7501209, 0.82032, 3.080041;0.7989434, 0.6561658, 3.053955;0.7379107, 0.2538752, 2.977888;0.6664333, 0.5161868, 3.168036;0.8576187, 0.5081807, 2.921005;0.5788164, -0.05891747, 3.020538;0.7860221, -0.02804169, 2.732314;0.7255869, 0.1733231, 2.966499;0.672025, 0.1038264, 3.001968;0.7591481, 0.1147458, 2.904242;0.706713, -0.3665388, 3.053943;0.8626347, -0.3531531, 2.824587;0.7228041, -0.7143269, 3.089708;0.899794, -0.710499, 2.765959;0.6714291, -0.8010578, 3.064737;0.8529605, -0.7979525, 2.711559;
0.749615, 0.8201983, 3.079774;0.7989473, 0.6561761, 3.053852;0.7378802, 0.2538398, 2.977889;0.6664086, 0.5164447, 3.168129;0.8575167, 0.508226, 2.920905;0.5816265, -0.03563168, 3.025252;0.7851705, -0.02867455, 2.733287;0.7255503, 0.1732782, 2.96651;0.6720152, 0.1038131, 3.001956;0.7591056, 0.1147571, 2.904319;0.7066103, -0.3663341, 3.053662;0.8628471, -0.3539382, 2.824422;0.7227576, -0.7132102, 3.090737;0.9004424, -0.710535, 2.766109;0.6664165, -0.8004006, 3.072502;0.8531326, -0.7980487, 2.710953;
0.7497721, 0.8201036, 3.079465;0.7984586, 0.6564178, 3.054183;0.737828, 0.253997, 2.977825;0.6660768, 0.5161723, 3.168891;0.8573991, 0.5083591, 2.920979;0.5817145, -0.03448082, 3.025403;0.7856898, -0.03055862, 2.733712;0.725547, 0.1734761, 2.966367;0.67221, 0.1041941, 3.00129;0.7591515, 0.1153437, 2.904308;0.706619, -0.3663482, 3.053723;0.8627101, -0.3542081, 2.824081;0.7227554, -0.7146239, 3.090813;0.9003583, -0.7106506, 2.76616;0.6618655, -0.8007867, 3.075374;0.8539069, -0.7980364, 2.710553;
0.749427, 0.8199938, 3.079671;0.7983594, 0.6562542, 3.053605;0.7377985, 0.2539797, 2.97783;0.6661892, 0.5164803, 3.168878;0.8572396, 0.5082815, 2.920939;0.5821256, -0.03295867, 3.026355;0.7854926, -0.03047397, 2.733758;0.7255207, 0.1734643, 2.966397;0.6722041, 0.1041217, 3.001427;0.7590951, 0.1153265, 2.904331;0.7065843, -0.3663781, 3.053694;0.8627255, -0.3541722, 2.82428;0.7228839, -0.714568, 3.090861;0.9003837, -0.7103783, 2.766558;0.6603581, -0.8011814, 3.076261;0.8535883, -0.7982156, 2.712053;
0.7496086, 0.821652, 3.0795;0.7982404, 0.6565386, 3.05357;0.7377002, 0.2540317, 2.977831;0.6661793, 0.5166122, 3.168797;0.8570753, 0.5081425, 2.92085;0.5823204, -0.03235065, 3.027363;0.7854833, -0.03095544, 2.733578;0.725434, 0.1734925, 2.966403;0.6721684, 0.1044324, 3.001136;0.7588248, 0.1156589, 2.9048;0.7067863, -0.3666467, 3.053773;0.8625489, -0.3547626, 2.824304;0.7228284, -0.7234318, 3.090132;0.8997825, -0.7121954, 2.765807;0.6652732, -0.8117056, 3.050609;0.8526705, -0.7985051, 2.709318;
0.7495383, 0.8216701, 3.079688;0.7984463, 0.6568205, 3.054006;0.737704, 0.2540377, 2.977844;0.6660385, 0.5164585, 3.169083;0.8568628, 0.5083372, 2.920819;0.5824454, -0.03214864, 3.027594;0.7860871, -0.03125674, 2.733842;0.725436, 0.1734939, 2.966405;0.6721746, 0.1042153, 3.001245;0.7588236, 0.1156156, 2.904362;0.7069162, -0.3670061, 3.05383;0.862585, -0.3550062, 2.824063;0.7236699, -0.7215545, 3.090233;0.9000897, -0.7122549, 2.765971;0.6579, -0.8049928, 3.065424;0.8530341, -0.7984884, 2.709191;
0.7487352, 0.8213418, 3.079954;0.7983451, 0.6568814, 3.053957;0.7376828, 0.2540615, 2.977815;0.6658869, 0.5162659, 3.169465;0.8562904, 0.5086012, 2.921016;0.5828123, -0.03156888, 3.029326;0.8011757, 0.02158365, 2.749488;0.7254289, 0.1735135, 2.966375;0.6723465, 0.1042549, 3.000986;0.7587553, 0.1158667, 2.904455;0.7067884, -0.3682343, 3.053879;0.862142, -0.3548238, 2.824022;0.7244174, -0.7213098, 3.091496;0.8999535, -0.7123414, 2.765983;0.6659355, -0.8050787, 3.060024;0.8525871, -0.7987994, 2.708642;
0.7499446, 0.8234239, 3.081275;0.7981175, 0.6573501, 3.053746;0.7375483, 0.2539482, 2.977625;0.6656921, 0.5159225, 3.169248;0.8563349, 0.5086695, 2.921064;0.5827065, -0.03253644, 3.029209;0.8025984, 0.02310489, 2.75052;0.7252862, 0.173273, 2.966128;0.6722496, 0.1044575, 2.999585;0.7587121, 0.1159623, 2.904862;0.7064191, -0.3722546, 3.054671;0.8616172, -0.3539888, 2.824052;0.7233636, -0.7262851, 3.091466;0.900176, -0.7123654, 2.766038;0.6655546, -0.8054007, 3.060103;0.8546677, -0.7979531, 2.709559;
0.7498248, 0.8232319, 3.081219;0.7980957, 0.6573405, 3.053754;0.7374951, 0.2539308, 2.977627;0.6658302, 0.5168418, 3.168784;0.8561532, 0.5087243, 2.921064;0.5827105, -0.03249472, 3.029127;0.7908774, -0.008936282, 2.740431;0.7252345, 0.1732551, 2.966129;0.6721735, 0.1043084, 2.999773;0.758602, 0.1159142, 2.904731;0.7065713, -0.37193, 3.054393;0.8615425, -0.354083, 2.824051;0.7240723, -0.718755, 3.091081;0.9003112, -0.7120429, 2.766123;0.665729, -0.803027, 3.062899;0.8608137, -0.7939236, 2.717794;
0.748772, 0.822585, 3.081001;0.7979175, 0.6572899, 3.05391;0.7373957, 0.2538711, 2.977678;0.6653941, 0.5164851, 3.169219;0.8572612, 0.5081744, 2.920412;0.5827036, -0.03246349, 3.029106;0.7897388, -0.009861447, 2.740483;0.7251558, 0.1731964, 2.966164;0.6718549, 0.1041088, 2.999775;0.7586437, 0.1158437, 2.904807;0.7066406, -0.3715731, 3.054383;0.8607178, -0.3523303, 2.824286;0.7242157, -0.7181254, 3.091334;0.9000529, -0.7118105, 2.766227;0.6672055, -0.8032983, 3.060255;0.8580828, -0.7951381, 2.717938;
0.7482179, 0.8221526, 3.080391;0.7976933, 0.6571144, 3.053637;0.7372994, 0.2537904, 2.977498;0.6656371, 0.5168024, 3.168092;0.8572255, 0.5081951, 2.920425;0.577886, -0.06350063, 3.019617;0.8030869, 0.007459049, 2.74771;0.7250882, 0.1731303, 2.966001;0.671885, 0.1042894, 2.999362;0.7586282, 0.1158569, 2.904834;0.7066388, -0.3713309, 3.05441;0.8614394, -0.3558955, 2.824836;0.7235596, -0.7167377, 3.091944;0.8999576, -0.7119693, 2.766122;0.6708439, -0.8020824, 3.059577;0.8576377, -0.7955844, 2.714963;
0.748257, 0.8220805, 3.080357;0.7970878, 0.6559981, 3.052622;0.7369827, 0.253224, 2.977211;0.6650722, 0.5172248, 3.166237;0.8571696, 0.5081111, 2.92035;0.5777476, -0.06452329, 3.019586;0.802063, 0.005029362, 2.74675;0.7248322, 0.1726505, 2.965812;0.6715892, 0.1038228, 2.999304;0.7585203, 0.1153709, 2.904721;0.7064911, -0.3706308, 3.054147;0.8612061, -0.3561256, 2.824609;0.7237788, -0.7161015, 3.091877;0.9003185, -0.7119658, 2.76621;0.6713986, -0.8015999, 3.059502;0.8573956, -0.7958696, 2.71342;
0.7470402, 0.821226, 3.079692;0.7956443, 0.6552812, 3.051388;0.7368677, 0.2530702, 2.976853;0.665024, 0.5171559, 3.165727;0.8564655, 0.5079638, 2.920167;0.5826358, -0.03587839, 3.028343;0.8018748, 0.003733043, 2.746199;0.7248363, 0.1725518, 2.965551;0.6718416, 0.1037953, 2.999003;0.7585213, 0.1153432, 2.904663;0.7058829, -0.3686795, 3.053295;0.8608211, -0.3558418, 2.824669;0.7233995, -0.7161045, 3.09158;0.9004502, -0.7111744, 2.76638;0.6713188, -0.8016424, 3.05965;0.8563566, -0.7962229, 2.714114;
0.7457552, 0.8230778, 3.075952;0.7951878, 0.6557816, 3.051388;0.7365661, 0.2531508, 2.976818;0.6647041, 0.5172227, 3.165269;0.8560731, 0.5087715, 2.920445;0.5832123, -0.03344686, 3.029614;0.8010272, 0.002033215, 2.74582;0.724587, 0.1725829, 2.965521;0.6715978, 0.1040934, 2.99875;0.7582254, 0.1156373, 2.905107;0.7058815, -0.3682196, 3.053138;0.8607181, -0.3561915, 2.82461;0.7240211, -0.713362, 3.092661;0.9001834, -0.7113003, 2.766012;0.6656406, -0.8004185, 3.065088;0.8560812, -0.7964959, 2.712595;
0.7430925, 0.821732, 3.074691;0.7942492, 0.6550361, 3.051061;0.7362778, 0.2530164, 2.976878;0.6633509, 0.514303, 3.164903;0.8558201, 0.5087252, 2.920269;0.5826642, -0.0340864, 3.029339;0.7988847, -0.0007772577, 2.743296;0.7243969, 0.1725152, 2.965616;0.670983, 0.1030253, 3.000029;0.7579852, 0.1150773, 2.904597;0.7056443, -0.3680599, 3.053068;0.8605695, -0.3565725, 2.824528;0.7236974, -0.7123898, 3.091157;0.8995174, -0.7114457, 2.765555;0.6691585, -0.8002347, 3.061581;0.8562833, -0.7967231, 2.711359;
0.7416701, 0.82055, 3.072096;0.792778, 0.653182, 3.047987;0.736073, 0.2527695, 2.976718;0.6634914, 0.5144314, 3.162076;0.855223, 0.5078788, 2.918551;0.5772069, -0.07122704, 3.017164;0.7860347, -0.03321434, 2.732666;0.7243151, 0.1724065, 2.965619;0.670939, 0.102567, 3.000613;0.7578546, 0.1145102, 2.904304;0.7055628, -0.3675957, 3.053088;0.8606119, -0.357944, 2.824631;0.7233376, -0.7129969, 3.091156;0.8995488, -0.7120484, 2.764964;0.66681, -0.798682, 3.065196;0.8561802, -0.7966995, 2.710862;
0.7413195, 0.82029, 3.071213;0.7913465, 0.6535879, 3.047374;0.7357749, 0.2527762, 2.976672;0.6626921, 0.513852, 3.162121;0.8551018, 0.5080161, 2.918395;0.580668, -0.03890166, 3.028532;0.7861817, -0.0330488, 2.732363;0.7241755, 0.1724028, 2.965645;0.6708962, 0.1025746, 3.000602;0.7578257, 0.1145667, 2.904511;0.705628, -0.3677116, 3.053071;0.8604557, -0.3581958, 2.82462;0.723375, -0.7128139, 3.091378;0.8993726, -0.7108991, 2.764918;0.6652567, -0.7989328, 3.067354;0.8566285, -0.7960438, 2.711761;
0.7396629, 0.81942, 3.070384;0.7894825, 0.6512972, 3.046215;0.735625, 0.2524664, 2.976644;0.6578853, 0.5073108, 3.163592;0.8544081, 0.5075455, 2.917606;0.5774717, -0.06033678, 3.021749;0.7858499, -0.03251693, 2.731604;0.7241644, 0.172268, 2.965704;0.6709089, 0.1024237, 3.000615;0.7581237, 0.1143555, 2.904891;0.7056265, -0.3675108, 3.053326;0.8589644, -0.3553483, 2.824547;0.7234622, -0.7123916, 3.091079;0.8993238, -0.7107928, 2.765004;0.6653624, -0.8002175, 3.067289;0.8566288, -0.7959598, 2.711453;
0.733439, 0.8174121, 3.065469;0.787331, 0.6501367, 3.045038;0.734991, 0.2515348, 2.976867;0.656569, 0.5062932, 3.162832;0.8526816, 0.5061827, 2.916096;0.5792748, -0.04768225, 3.025548;0.7857445, -0.03218893, 2.731423;0.7237986, 0.1713899, 2.966225;0.6705024, 0.1010208, 3.001914;0.7582053, 0.1132109, 2.905335;0.7056557, -0.3672426, 3.05346;0.8592084, -0.353913, 2.824998;0.72293, -0.7121701, 3.091238;0.9001169, -0.7088835, 2.76558;0.6628696, -0.8010803, 3.073445;0.8607402, -0.7926173, 2.716025;
0.7273996, 0.8134357, 3.056649;0.7815824, 0.6473491, 3.041372;0.7345402, 0.2512353, 2.97701;0.6555457, 0.5058779, 3.162525;0.8517889, 0.5048689, 2.915229;0.5797926, -0.04550657, 3.026119;0.7849925, -0.0324107, 2.730754;0.723663, 0.1712398, 2.966656;0.6705241, 0.1009096, 3.002485;0.7585869, 0.1128075, 2.906445;0.7056708, -0.3672055, 3.053456;0.8593911, -0.3524949, 2.825681;0.7235149, -0.7114457, 3.091587;0.8999749, -0.7090187, 2.765474;0.6709424, -0.8003294, 3.060566;0.8587328, -0.7935965, 2.711357;
0.7220955, 0.8137759, 3.058496;0.7799639, 0.6463838, 3.039976;0.7344869, 0.2512966, 2.977026;0.651278, 0.5038283, 3.162731;0.8511994, 0.5045044, 2.913717;0.5817839, -0.03026132, 3.030663;0.7965096, -0.002040244, 2.740038;0.7238222, 0.1715956, 2.967025;0.6707032, 0.1007624, 3.003341;0.7592712, 0.1128192, 2.906677;0.7056614, -0.3671689, 3.05345;0.8596293, -0.3525307, 2.825922;0.7240092, -0.7117832, 3.091907;0.9001235, -0.7091042, 2.765654;0.6686554, -0.8001432, 3.07137;0.8584842, -0.7935143, 2.709732;
0.7121409, 0.8111713, 3.055212;0.7763197, 0.6450602, 3.037249;0.7344602, 0.2512535, 2.977128;0.6491342, 0.5041051, 3.160567;0.8502932, 0.503493, 2.911767;0.5802972, -0.0337248, 3.029602;0.7896569, -0.0085941, 2.738753;0.7242666, 0.1716692, 2.967772;0.6717716, 0.1002522, 3.004954;0.7606745, 0.1123303, 2.907862;0.7061395, -0.3664514, 3.054036;0.8602421, -0.3499387, 2.826189;0.7238708, -0.7119771, 3.0919;0.9002076, -0.7087826, 2.766083;0.6663008, -0.8000139, 3.072966;0.8639409, -0.7907038, 2.716168;
0.7031324, 0.8072017, 3.045452;0.7645031, 0.6386132, 3.025452;0.7343564, 0.2512157, 2.977019;0.6440234, 0.5027074, 3.158403;0.8482425, 0.5024594, 2.90853;0.5795885, -0.03477536, 3.028207;0.7871351, -0.009057419, 2.738582;0.7246189, 0.1718936, 2.968133;0.6726383, 0.0998482, 3.006529;0.762577, 0.1119395, 2.908557;0.7066287, -0.3681784, 3.054764;0.8617278, -0.3502117, 2.826502;0.7242118, -0.7167297, 3.092398;0.900237, -0.7091062, 2.76639;0.6649924, -0.80099, 3.072827;0.8607956, -0.7921925, 2.715554;
0.6914316, 0.8073343, 3.0453;0.7604486, 0.635196, 3.021926;0.7343059, 0.2510759, 2.977119;0.6368306, 0.4965856, 3.156673;0.8429786, 0.4985806, 2.90286;0.5786545, -0.03526898, 3.028268;0.7820133, -0.02148336, 2.736527;0.7255674, 0.1721227, 2.969524;0.6750541, 0.09802854, 3.011765;0.7648631, 0.110862, 2.909458;0.7068125, -0.367556, 3.055191;0.862843, -0.3494932, 2.82733;0.7246156, -0.7168222, 3.092442;0.9002069, -0.7093349, 2.76608;0.662921, -0.8015306, 3.076206;0.8607212, -0.7925074, 2.715629;
0.6728688, 0.7969551, 3.035131;0.7487761, 0.6293007, 3.015614;0.7340542, 0.2508532, 2.9774;0.6318333, 0.4950173, 3.156011;0.8375978, 0.4960189, 2.89929;0.5777187, -0.03586075, 3.028573;0.7815036, -0.01458746, 2.739951;0.7265701, 0.1724639, 2.97132;0.6777474, 0.09645523, 3.016417;0.7673731, 0.110431, 2.911041;0.7072098, -0.3673826, 3.055538;0.8642213, -0.3482069, 2.82861;0.724803, -0.7168254, 3.092566;0.9004583, -0.709062, 2.766107;0.6782466, -0.7962832, 3.060866;0.8571857, -0.7951242, 2.716086;
0.6610572, 0.7939831, 3.027187;0.7413393, 0.6249001, 3.009458;0.7326937, 0.24968, 2.977915;0.6244987, 0.4906974, 3.153869;0.832912, 0.4935746, 2.896935;0.5767418, -0.03695895, 3.028233;0.7751674, -0.02079875, 2.739645;0.7264619, 0.1719955, 2.972751;0.6776516, 0.09407046, 3.020579;0.7683699, 0.1092383, 2.912221;0.708779, -0.3664406, 3.055983;0.8665025, -0.3459591, 2.830569;0.7248677, -0.7160687, 3.092582;0.9007951, -0.7083915, 2.766365;0.6574143, -0.8039566, 3.078534;0.8572687, -0.7945621, 2.715075;
0.6463286, 0.7863377, 3.018278;0.7374501, 0.6204454, 3.004458;0.7325596, 0.2481606, 2.978775;0.6173933, 0.4851836, 3.152774;0.8266963, 0.4885062, 2.891203;0.5761002, -0.03884044, 3.027875;0.7610733, -0.0528186, 2.732966;0.7279642, 0.1707448, 2.97561;0.6805598, 0.09028386, 3.026505;0.7720475, 0.1067477, 2.915525;0.7109151, -0.3696963, 3.058833;0.8676218, -0.3467559, 2.831041;0.7244771, -0.7191504, 3.092917;0.9012561, -0.7070339, 2.766448;0.6570219, -0.8036329, 3.076245;0.857272, -0.7943962, 2.714707;
0.6256536, 0.7702661, 3.011231;0.7266957, 0.6119002, 2.996309;0.7323753, 0.2459848, 2.979584;0.6092223, 0.4788167, 3.14583;0.8228498, 0.486084, 2.888147;0.5683421, -0.1331194, 3.013464;0.756452, -0.06021913, 2.730416;0.7296379, 0.169177, 2.97801;0.6836878, 0.08651929, 3.030921;0.776462, 0.1047513, 2.918574;0.713193, -0.3692799, 3.059986;0.8694378, -0.3462308, 2.833086;0.7255083, -0.7168613, 3.093827;0.9011695, -0.7068575, 2.766246;0.6561661, -0.802807, 3.076591;0.857535, -0.7944742, 2.71486;
0.5904815, 0.7286906, 2.973787;0.6970603, 0.5883107, 2.979705;0.7315817, 0.2326907, 2.98242;0.5851531, 0.4539269, 3.126271;0.8003128, 0.4713869, 2.875157;0.5591303, -0.117258, 3.007006;0.7454127, -0.07100481, 2.725229;0.734166, 0.1576981, 2.984405;0.6922914, 0.07291915, 3.041173;0.7869551, 0.09164298, 2.92668;0.7161179, -0.3692501, 3.062209;0.8748288, -0.3469197, 2.837278;0.7259591, -0.716867, 3.093847;0.9011809, -0.706722, 2.766215;0.6561243, -0.8027148, 3.076656;0.8566575, -0.7951521, 2.712259;
0.5790105, 0.7187678, 2.962592;0.6885486, 0.581131, 2.979224;0.7343988, 0.2206196, 2.985954;0.5831691, 0.4513068, 3.122587;0.7936041, 0.4685254, 2.872447;0.5675812, -0.07249802, 3.018074;0.7437524, -0.07824995, 2.726927;0.7424089, 0.1454903, 2.990514;0.7052277, 0.06288894, 3.046254;0.7971934, 0.08341068, 2.934652;0.7190396, -0.3707173, 3.06512;0.8817766, -0.3490109, 2.842647;0.7246886, -0.7147244, 3.093365;0.9010903, -0.7065852, 2.766264;0.6567495, -0.8019845, 3.075103;0.8549004, -0.7961294, 2.712381;
0.5564547, 0.6909851, 2.936426;0.6783941, 0.5699729, 2.975123;0.7362823, 0.2130847, 2.986286;0.5733009, 0.4342589, 3.104432;0.786036, 0.4612478, 2.867722;0.5654814, -0.08137058, 3.016532;0.7390034, -0.07540826, 2.725532;0.7464821, 0.1393369, 2.991654;0.7102953, 0.05753221, 3.047368;0.8041641, 0.07877077, 2.936854;0.7207103, -0.3700067, 3.066303;0.88706, -0.3529591, 2.845119;0.7244986, -0.7144912, 3.093025;0.9013464, -0.7063183, 2.766413;0.6693738, -0.8007532, 3.066648;0.855346, -0.7959967, 2.712739;
0.5120557, 0.6315377, 2.915227;0.6374378, 0.5135863, 2.952962;0.7431692, 0.181941, 2.983826;0.5520138, 0.3778715, 3.079589;0.7624275, 0.4275699, 2.850832;0.5566672, -0.1754427, 3.005654;0.7337404, -0.0954974, 2.7249;0.7618605, 0.1137747, 2.992641;0.7361741, 0.03097738, 3.047471;0.8276599, 0.05978573, 2.944421;0.7274232, -0.3776125, 3.071965;0.8918647, -0.3549381, 2.84777;0.7244714, -0.7144495, 3.092976;0.9021252, -0.7067305, 2.767362;0.6691835, -0.800667, 3.066876;0.855597, -0.795895, 2.71113;
0.4965869, 0.6136236, 2.902745;0.6294608, 0.4947413, 2.948543;0.7461877, 0.1641205, 2.984037;0.5487537, 0.3728209, 3.078043;0.7604638, 0.4192534, 2.848341;0.5639784, -0.1387798, 3.013521;0.7108898, -0.1868705, 2.715474;0.7684558, 0.09696525, 2.994335;0.7406467, 0.0208953, 3.047512;0.8375329, 0.04866853, 2.949692;0.7312669, -0.3826408, 3.075609;0.8990114, -0.3623416, 2.849244;0.7245877, -0.713655, 3.093056;0.9019461, -0.7074347, 2.766961;0.6681823, -0.7997463, 3.069949;0.8564783, -0.7956313, 2.711838;
0.4789047, 0.5743783, 2.874139;0.6111387, 0.4468168, 2.937231;0.7519909, 0.132754, 2.984067;0.5420223, 0.3372682, 3.062455;0.7478014, 0.4027051, 2.842422;0.5554748, -0.1547576, 3.017111;0.7059848, -0.1863833, 2.706944;0.7789608, 0.0684725, 2.996496;0.7557053, -0.005531353, 3.047341;0.8478994, 0.03117254, 2.956378;0.7323323, -0.4072572, 3.081342;0.9026796, -0.3692273, 2.850333;0.7242877, -0.7127753, 3.093449;0.9018398, -0.7103676, 2.765281;0.6761711, -0.8012221, 3.054647;0.8548609, -0.7970171, 2.710266;
0.4694708, 0.5445695, 2.861366;0.6099902, 0.436469, 2.930426;0.7549257, 0.1229144, 2.985374;0.5390104, 0.3304955, 3.059347;0.7448881, 0.3875719, 2.838058;0.5531076, -0.1739677, 3.016822;0.7049116, -0.196833, 2.704263;0.7833662, 0.05895045, 2.999674;0.7628551, -0.01335143, 3.048607;0.8539736, 0.01742333, 2.968095;0.7352728, -0.4135688, 3.085527;0.9098744, -0.3856549, 2.852975;0.7236685, -0.7105286, 3.095287;0.9015291, -0.7115566, 2.764938;0.670464, -0.7988672, 3.067596;0.8545381, -0.7963535, 2.709856;
0.4623868, 0.4764856, 2.833312;0.5972233, 0.3599846, 2.890685;0.7592303, 0.07229792, 2.981911;0.5405166, 0.2550712, 3.033188;0.727862, 0.3189094, 2.81391;0.5426404, -0.2437442, 3.013585;0.6997703, -0.2310617, 2.704306;0.7908307, 0.01904282, 3.0034;0.7771623, -0.03987185, 3.048692;0.8551095, -0.01048059, 2.98213;0.7437309, -0.4375733, 3.093285;0.9142209, -0.3924811, 2.851379;0.7188805, -0.7288425, 3.094603;0.9023951, -0.7090887, 2.76638;0.6675596, -0.8004847, 3.0664;0.8593552, -0.7936997, 2.713184;
0.4432459, 0.4362365, 2.81991;0.5888001, 0.3441926, 2.885868;0.7576851, 0.07310379, 2.980819;0.536795, 0.2391775, 3.027421;0.7226405, 0.309437, 2.809925;0.5425608, -0.2613961, 3.01505;0.6990561, -0.2354428, 2.702564;0.7898067, 0.02007649, 3.002577;0.7817334, -0.04391262, 3.061703;0.8582615, -0.0155716, 2.974339;0.7487634, -0.4422486, 3.094586;0.916483, -0.3985501, 2.849943;0.7219745, -0.7212746, 3.096978;0.9014717, -0.7093011, 2.766651;0.6643453, -0.7979876, 3.068195;0.8592796, -0.7936511, 2.712791;
0.4291652, 0.3796501, 2.810403;0.5865977, 0.316018, 2.872284;0.773915, 0.005045176, 2.996176;0.5380523, 0.1776571, 3.025408;0.7179943, 0.2817086, 2.8039;0.5303721, -0.3049043, 3.017174;0.698359, -0.2588466, 2.694531;0.8114945, -0.05566516, 3.025313;0.7929994, -0.1084369, 3.058852;0.8798715, -0.08347865, 3.023115;0.7430684, -0.5020412, 3.105782;0.9224759, -0.4396247, 2.827679;0.7225542, -0.7196728, 3.09756;0.901494, -0.7101231, 2.766819;0.6641672, -0.7977127, 3.068193;0.8592954, -0.7936856, 2.712732;
0.4318421, 0.3738442, 2.809522;0.5831816, 0.2838569, 2.856599;0.7634212, -0.009833258, 2.992811;0.5375816, 0.1691762, 3.021936;0.7158669, 0.2603016, 2.795471;0.5239418, -0.3656495, 3.007215;0.6966664, -0.2878014, 2.688584;0.7991383, -0.0700186, 3.023061;0.7859411, -0.1162649, 3.056092;0.8574736, -0.1076775, 3.024618;0.7470675, -0.5081686, 3.113261;0.9300817, -0.4523144, 2.819327;0.7146272, -0.806139, 3.113864;0.9010062, -0.7106313, 2.76596;0.6460372, -0.7928793, 3.053391;0.8593219, -0.7933874, 2.711972;
0.4241605, 0.307459, 2.7943;0.5814812, 0.2604067, 2.845479;0.7774584, -0.04167579, 2.984407;0.5348864, 0.1478799, 2.994116;0.7150693, 0.2324125, 2.79372;0.5289721, -0.3598087, 3.005706;0.6828729, -0.3581614, 2.682593;0.8171006, -0.1022897, 3.015947;0.8074832, -0.1545682, 3.025666;0.8714151, -0.122142, 3.0314;0.7471702, -0.4492726, 3.102761;0.929953, -0.4606567, 2.81322;0.7256922, -0.7204435, 3.097712;0.9012554, -0.7111398, 2.765755;0.6628107, -0.7966402, 3.067475;0.8591812, -0.7933686, 2.711854;
0.4180437, 0.2719129, 2.785521;0.5759878, 0.2200384, 2.830363;0.7754811, -0.04663377, 2.984403;0.5299991, 0.115319, 2.979421;0.7063987, 0.2037796, 2.782524;0.5213948, -0.3621609, 3.004307;0.6903141, -0.3665352, 2.679834;0.8155476, -0.104513, 3.016671;0.8057534, -0.1553364, 3.027558;0.870684, -0.1248067, 3.033643;0.7514964, -0.503416, 3.127115;0.9308084, -0.4626406, 2.81668;0.7251061, -0.7202346, 3.097508;0.9012316, -0.711476, 2.765269;0.66263, -0.7972424, 3.067376;0.8578388, -0.794704, 2.710188;
0.4079765, 0.2526039, 2.772003;0.5713223, 0.2117748, 2.826335;0.7858614, -0.04796483, 2.994612;0.5562648, 0.06442126, 2.979307;0.7076418, 0.1766042, 2.779506;0.5203201, -0.4510438, 2.992721;0.6889274, -0.3908248, 2.679847;0.8338993, -0.1006449, 3.036292;0.8248161, -0.1498824, 3.054224;0.8998882, -0.1051967, 3.062278;0.7429653, -0.5061007, 3.123431;0.9255528, -0.4396747, 2.833608;0.7255711, -0.7223832, 3.09816;0.9012043, -0.7118245, 2.764574;0.6624287, -0.7979446, 3.064999;0.8564886, -0.7958896, 2.711833;
0.4077516, 0.232962, 2.762098;0.5697691, 0.1953446, 2.817215;0.7886577, -0.04476394, 2.994136;0.5175201, 0.03784256, 2.996086;0.7083839, 0.1720954, 2.780673;0.5177765, -0.4820166, 2.987354;0.6939493, -0.4193874, 2.678593;0.8367328, -0.0927022, 3.034949;0.8270002, -0.147277, 3.052159;0.9074003, -0.09617212, 3.065827;0.725022, -0.5053236, 3.111291;0.9253336, -0.4330452, 2.840668;0.7204013, -0.7341259, 3.094648;0.9015476, -0.7110536, 2.764824;0.6589399, -0.8004177, 3.064307;0.861081, -0.7930209, 2.713726;
0.4054596, 0.1726986, 2.750407;0.5589285, 0.133291, 2.803708;0.7863669, -0.0689101, 2.993078;0.5575207, 0.03256874, 2.918898;0.688618, 0.138031, 2.746959;0.5204018, -0.4452274, 2.997893;0.6930521, -0.4232283, 2.676312;0.833101, -0.1101949, 3.034382;0.8271198, -0.1580352, 3.046754;0.8907551, -0.1132684, 3.065891;0.718259, -0.5071071, 3.113712;0.9279503, -0.445242, 2.836415;0.7198888, -0.7302445, 3.094553;0.9012176, -0.7103976, 2.764355;0.656948, -0.7996519, 3.064473;0.8627121, -0.7918051, 2.715836;
0.4011971, 0.1673561, 2.745888;0.5573285, 0.1307263, 2.801485;0.7798855, -0.07647008, 2.983495;0.5128386, -0.02647267, 3.004772;0.6874884, 0.1380821, 2.746686;0.5178213, -0.5587679, 2.991959;0.691333, -0.4505952, 2.673054;0.8245064, -0.1185978, 3.02278;0.8208779, -0.1927334, 3.018806;0.8903829, -0.1153931, 3.066178;0.7110161, -0.5084363, 3.10571;0.927677, -0.4481348, 2.838788;0.7196402, -0.7253079, 3.095575;0.9021532, -0.7381531, 2.75012;0.6558636, -0.7996562, 3.065182;0.8516715, -0.804058, 2.710293;
0.3846912, 0.1212622, 2.732374;0.5431594, 0.08663075, 2.78906;0.7723432, -0.09028085, 2.982687;0.5051323, -0.02864641, 2.985786;0.6715647, 0.05837933, 2.737715;0.5192391, -0.5535676, 2.99228;0.6835022, -0.5186843, 2.670803;0.8181124, -0.1281026, 3.023508;0.8182043, -0.1944931, 3.022007;0.8844218, -0.1253358, 3.070709;0.7116355, -0.5102436, 3.105272;0.9286988, -0.4516938, 2.83556;0.7203531, -0.7252727, 3.096063;0.9029649, -0.7411107, 2.747452;0.6559475, -0.7996395, 3.065054;0.8499331, -0.8057482, 2.708997;
0.3866985, 0.1139332, 2.728465;0.5451208, 0.0785889, 2.784911;0.7659733, -0.09847646, 2.974877;0.5085213, -0.04613289, 2.952355;0.6795075, 0.1304826, 2.748746;0.5162072, -0.5558129, 2.987849;0.684166, -0.5369895, 2.672212;0.8100573, -0.1347754, 3.015905;0.8117707, -0.2058421, 3.021679;0.8818467, -0.1262728, 3.067666;0.7114682, -0.5102094, 3.105245;0.9186972, -0.5078521, 2.828454;0.7201132, -0.7212611, 3.096421;0.8901467, -0.7971833, 2.746583;0.6565311, -0.7981049, 3.064627;0.8272049, -0.7930144, 2.679651;
0.3863587, 0.1022155, 2.721525;0.5446439, 0.06665979, 2.778029;0.7657668, -0.1773476, 2.951616;0.5546753, -0.04991452, 2.885651;0.6666329, 0.04861311, 2.739957;0.5182616, -0.5280616, 2.995996;0.6874453, -0.5392435, 2.669462;0.8100783, -0.2239761, 2.99116;0.8204746, -0.2845886, 2.976511;0.8612726, -0.2281747, 3.053182;0.7153702, -0.5140673, 3.101867;0.9187402, -0.5079353, 2.828104;0.7199312, -0.7207981, 3.096534;0.8967418, -0.7179608, 2.760426;0.6572493, -0.7973641, 3.064858;0.8580917, -0.7959081, 2.714019;
0.3798696, 0.07801004, 2.712046;0.5380625, 0.04242377, 2.768687;0.7558762, -0.1748054, 2.944617;0.5866159, 0.1352027, 2.811634;0.6740152, 0.04160839, 2.73981;0.5289449, -0.4551522, 2.97501;0.689194, -0.5307931, 2.670324;0.7971967, -0.2178298, 2.982152;0.8179538, -0.2668796, 2.969964;0.8445944, -0.2392504, 3.047552;0.7147276, -0.5145915, 3.101861;0.9183167, -0.5091882, 2.826768;0.7200655, -0.7209827, 3.096329;0.8971097, -0.7168208, 2.761316;0.6572605, -0.797647, 3.066066;0.8588873, -0.7953251, 2.714006;
0.3691691, 0.07341365, 2.698515;0.5273466, 0.03783524, 2.755273;0.7552512, -0.1779689, 2.943472;0.6174861, 0.1254891, 2.806655;0.6735402, 0.04172366, 2.73973;0.532306, -0.4705266, 2.972824;0.6930345, -0.5521137, 2.67347;0.7980189, -0.2215855, 2.982308;0.81978, -0.2654736, 2.970533;0.8369742, -0.2464851, 3.042191;0.7192929, -0.5360947, 3.100916;0.9187251, -0.5141826, 2.82353;0.7202637, -0.720686, 3.096744;0.8959873, -0.716928, 2.759688;0.6570938, -0.7980788, 3.067177;0.8586473, -0.7952718, 2.711878;
0.3685655, 0.07025006, 2.697028;0.5267401, 0.03467402, 2.753888;0.759202, -0.2072726, 2.9335;0.588867, 0.09154841, 2.803854;0.6655765, 0.01325447, 2.733488;0.5290039, -0.5129741, 2.979193;0.6972169, -0.5427211, 2.675193;0.8062331, -0.2584763, 2.971881;0.8208616, -0.2739453, 2.968578;0.8375285, -0.2871736, 3.00794;0.720337, -0.5320696, 3.099173;0.9177128, -0.5167683, 2.820618;0.720301, -0.7208899, 3.096583;0.8958442, -0.7170452, 2.759512;0.6580948, -0.7975022, 3.067193;0.8580241, -0.7954639, 2.71219;
0.3705934, 0.05432654, 2.69575;0.5287624, 0.01875391, 2.752633;0.7572228, -0.2048847, 2.934961;0.6131789, 0.09554583, 2.800302;0.6644037, 0.01118931, 2.731857;0.5308062, -0.5105784, 2.974066;0.7006466, -0.5422609, 2.670952;0.8013979, -0.2493961, 2.975785;0.8229877, -0.2754066, 2.969691;0.8310707, -0.2645256, 3.037443;0.7154597, -0.6379092, 3.120272;0.9171914, -0.5177093, 2.819115;0.721974, -0.7234945, 3.096756;0.8957109, -0.716661, 2.759531;0.6459958, -0.8093412, 3.064661;0.8578663, -0.7954529, 2.712219;
0.367027, 0.05104819, 2.690513;0.5251945, 0.01547496, 2.747415;0.7545055, -0.2044681, 2.934029;0.6094928, 0.09224334, 2.80086;0.661763, 0.00787912, 2.731505;0.5308087, -0.5006757, 2.968972;0.701206, -0.5404043, 2.671053;0.799154, -0.2485994, 2.975194;0.8229733, -0.2800432, 2.968476;0.8309606, -0.2646516, 3.037377;0.7152283, -0.6400802, 3.119689;0.9171104, -0.5187907, 2.818404;0.7213861, -0.7234607, 3.096493;0.8952795, -0.7181907, 2.758601;0.6447405, -0.8074026, 3.061985;0.8576421, -0.7955342, 2.712337;
0.5633114, 0.2215917, 2.803735;0.7214768, 0.186018, 2.860646;0.7951448, -0.1885114, 2.951914;0.6065508, 0.0890311, 2.800199;0.6643273, 0.004945939, 2.726843;0.5300608, -0.4960484, 2.964448;0.7013911, -0.5394912, 2.670551;0.8037136, -0.2539459, 2.974877;0.8133451, -0.3152665, 2.955635;0.8302468, -0.2987041, 3.018952;0.7150829, -0.6407323, 3.119642;0.9168296, -0.5195398, 2.818053;0.7201508, -0.7272545, 3.094451;0.8952243, -0.7178235, 2.758795;0.6404921, -0.8077117, 3.064625;0.8589373, -0.7939994, 2.712112;
0.5640618, 0.2214148, 2.804065;0.7222272, 0.1858411, 2.860988;0.7960936, -0.1852265, 2.951654;0.5976105, 0.07249485, 2.797053;0.6633608, 0.005470275, 2.725493;0.5271773, -0.504155, 2.963906;0.7013156, -0.5393316, 2.669983;0.8058462, -0.2526123, 2.974221;0.8135334, -0.3138134, 2.954611;0.8304039, -0.2943038, 3.017622;0.7169896, -0.5834848, 3.100785;0.9166779, -0.5204095, 2.817455;0.7202998, -0.7268946, 3.094861;0.8952318, -0.7178035, 2.758772;0.6363179, -0.8103684, 3.068299;0.8587981, -0.7939327, 2.711928;
0.565397, 0.2211392, 2.804747;0.7235625, 0.1855655, 2.861691;0.7977118, -0.1773306, 2.957662;0.6063048, 0.06990691, 2.786843;0.6622527, 0.004867882, 2.724888;0.5268896, -0.5240493, 2.964252;0.702361, -0.5388628, 2.669066;0.8092896, -0.2461952, 2.980541;0.8161578, -0.3092892, 2.958313;0.8279967, -0.282699, 3.029321;0.7170844, -0.5842248, 3.100415;0.9163748, -0.5220593, 2.815956;0.7206976, -0.7263962, 3.095659;0.8952945, -0.7179849, 2.758806;0.6360595, -0.810241, 3.068735;0.8577481, -0.7949371, 2.712749;
0.578119, 0.200975, 2.843552;0.7238284, 0.1854716, 2.861738;0.7973152, -0.177213, 2.956598;0.6022426, 0.07127059, 2.788382;0.7227135, -0.03680472, 2.704342;0.5274304, -0.4992394, 2.95453;0.6993941, -0.5637174, 2.668325;0.8091782, -0.2466519, 2.978963;0.8104084, -0.312716, 2.956712;0.8338649, -0.2918286, 3.022826;0.7170939, -0.5843003, 3.100293;0.9160136, -0.5225376, 2.815819;0.7209132, -0.7263917, 3.095505;0.8949699, -0.7184131, 2.758498;0.6480826, -0.8020644, 3.066641;0.8551358, -0.796047, 2.708171;
0.5784415, 0.201032, 2.843722;0.7244391, 0.1854786, 2.862051;0.7977083, -0.1710095, 2.959785;0.6047831, 0.07047816, 2.785387;0.6621505, -0.001678232, 2.71288;0.5270559, -0.5019315, 2.952778;0.7024688, -0.5372072, 2.668215;0.810388, -0.2400258, 2.982845;0.8144958, -0.3024575, 2.962414;0.828903, -0.2762902, 3.030411;0.7168566, -0.5845162, 3.100067;0.9154401, -0.5215731, 2.815324;0.7234066, -0.7247756, 3.096125;0.8938797, -0.7187712, 2.757519;0.6521944, -0.7974731, 3.066684;0.8553911, -0.7961363, 2.707621;
0.5771707, 0.2014213, 2.84335;0.7234715, 0.1856311, 2.861655;0.7976182, -0.1701746, 2.960184;0.6060045, 0.0689443, 2.784152;0.6620789, -0.001927227, 2.712784;0.5273287, -0.5027747, 2.951163;0.7020391, -0.5349528, 2.665155;0.8107401, -0.2393593, 2.983413;0.815403, -0.3013646, 2.962945;0.8287878, -0.2756185, 3.030953;0.7172486, -0.5834688, 3.099821;0.9149283, -0.521082, 2.814479;0.7236285, -0.7244926, 3.096283;0.8938173, -0.718978, 2.757635;0.6496059, -0.7985862, 3.065702;0.8564852, -0.7956282, 2.707976;
0.5776253, 0.2011157, 2.842934;0.7243992, 0.1850836, 2.861176;0.7976949, -0.1713797, 2.958103;0.6057464, 0.067132, 2.781261;0.6666146, -0.006326245, 2.712381;0.5231355, -0.5274575, 2.949579;0.702756, -0.5359876, 2.665346;0.8109837, -0.2414536, 2.980555;0.8150381, -0.3043867, 2.959725;0.8290119, -0.2805254, 3.026055;0.7246804, -0.5832604, 3.098861;0.9107783, -0.5122023, 2.814106;0.7254071, -0.7278618, 3.097673;0.8938774, -0.7184508, 2.757579;0.6492581, -0.8025305, 3.062032;0.8570035, -0.7951662, 2.707901;
0.5778472, 0.2011785, 2.843119;0.7248899, 0.1850909, 2.861499;0.7967107, -0.1625399, 2.957595;0.6037155, 0.0724697, 2.785845;0.7117175, 0.03050271, 2.71169;0.5229743, -0.5262232, 2.948913;0.702395, -0.5361379, 2.665007;0.8098656, -0.2299529, 2.979806;0.811936, -0.3020838, 2.958392;0.8328422, -0.2693639, 3.029262;0.725587, -0.5845919, 3.097625;0.9112927, -0.514694, 2.81359;0.724975, -0.7276544, 3.097147;0.8936163, -0.7182653, 2.757253;0.6492972, -0.8017226, 3.068331;0.8577139, -0.794506, 2.707853;
0.5831918, 0.1972218, 2.842197;0.7306243, 0.1806518, 2.860412;0.7988875, -0.163024, 2.959517;0.6021765, 0.07429135, 2.788103;0.6658205, -0.005287949, 2.710904;0.5230334, -0.5084355, 2.946008;0.7024301, -0.535662, 2.664805;0.8123963, -0.23057, 2.982821;0.8165962, -0.2939516, 2.967349;0.8328997, -0.2692509, 3.029307;0.7264662, -0.5838977, 3.096473;0.9109906, -0.5153229, 2.813223;0.7250974, -0.7286901, 3.097203;0.8934804, -0.7182146, 2.757369;0.6473004, -0.8032279, 3.067083;0.858595, -0.7941919, 2.70853;
0.5828908, 0.1973014, 2.842051;0.7306246, 0.1806979, 2.860418;0.7992127, -0.1626945, 2.960578;0.6073604, 0.07395863, 2.783318;0.6655387, -0.00489486, 2.710802;0.5232051, -0.5065956, 2.94479;0.7026039, -0.5357913, 2.664645;0.8128696, -0.2303734, 2.984268;0.8176838, -0.2931104, 2.968175;0.8316973, -0.2684245, 3.030864;0.7267894, -0.5842608, 3.095708;0.910823, -0.5159642, 2.812867;0.7232101, -0.7268541, 3.095182;0.8934616, -0.7181373, 2.75753;0.6487989, -0.8016062, 3.066309;0.8590788, -0.7938439, 2.708616;
0.5824654, 0.197467, 2.841811;0.7305183, 0.1808112, 2.860329;0.7964832, -0.178097, 2.954302;0.603241, 0.07655255, 2.788288;0.6968703, 0.004468353, 2.70493;0.5213492, -0.5191894, 2.946816;0.702101, -0.5447142, 2.666934;0.8091142, -0.2542882, 2.975045;0.8035978, -0.3137833, 2.9577;0.8332734, -0.2948904, 3.014337;0.7271531, -0.583611, 3.094463;0.9108956, -0.5156069, 2.813133;0.7222898, -0.726791, 3.094571;0.8925999, -0.719129, 2.757085;0.6586756, -0.7950096, 3.068652;0.8589529, -0.7941934, 2.707686;
0.5763154, 0.2003465, 2.841264;0.7247275, 0.1836009, 2.859924;0.7974797, -0.1742533, 2.961118;0.608235, 0.0456996, 2.756604;0.6778882, -0.0005022894, 2.71154;0.5126637, -0.5562594, 2.948737;0.7017159, -0.5441673, 2.666929;0.812861, -0.2463231, 2.987403;0.8147004, -0.2931541, 2.977218;0.8314354, -0.2714545, 3.027862;0.7271782, -0.5825483, 3.093735;0.9100366, -0.5125266, 2.813947;0.722577, -0.727076, 3.094626;0.8925977, -0.719064, 2.756992;0.6605541, -0.794171, 3.068462;0.8594833, -0.7939466, 2.707916;
0.5744354, 0.2014781, 2.83911;0.7232516, 0.1846845, 2.857981;0.7968174, -0.1766609, 2.958204;0.5635052, 0.06429825, 2.797504;0.673251, -0.00198206, 2.712267;0.5101659, -0.5948793, 2.956491;0.7009208, -0.5439924, 2.667265;0.812016, -0.2501167, 2.982723;0.8105485, -0.2970298, 2.971626;0.8320725, -0.2816718, 3.013278;0.7280558, -0.5804294, 3.092933;0.9102193, -0.5126852, 2.81403;0.7217078, -0.7242283, 3.094598;0.8927273, -0.7189031, 2.756951;0.6513654, -0.7973183, 3.062321;0.8597033, -0.7938867, 2.708352;
0.5738046, 0.2043677, 2.837515;0.7228102, 0.1875606, 2.8565;0.7998816, -0.1709569, 2.965679;0.5636021, 0.06415772, 2.797239;0.6682981, 0.002116286, 2.715114;0.5123681, -0.5269235, 2.962567;0.7005384, -0.5363343, 2.667134;0.8162769, -0.2426114, 2.993423;0.8126094, -0.2847619, 2.987034;0.8375291, -0.2667658, 3.023689;0.7259199, -0.5571116, 3.090441;0.9107668, -0.5131798, 2.814194;0.7197791, -0.7294786, 3.093709;0.8930089, -0.7176989, 2.757459;0.6523697, -0.8005692, 3.06004;0.8598486, -0.7937422, 2.708559;
0.5728874, 0.2104077, 2.838609;0.722124, 0.1935966, 2.857712;0.7985084, -0.1733416, 2.963551;0.5652978, 0.06590573, 2.795561;0.6654087, 0.003791652, 2.717045;0.5137955, -0.5269443, 2.956823;0.6982577, -0.5392471, 2.666032;0.8134934, -0.2484417, 2.988258;0.8092146, -0.2856011, 2.984619;0.8313231, -0.2748958, 3.004804;0.7230983, -0.6227507, 3.092119;0.90915, -0.5066972, 2.816411;0.7194565, -0.7266417, 3.094597;0.8931414, -0.7174577, 2.757338;0.6650695, -0.7950842, 3.069453;0.8599141, -0.7936756, 2.708452;
0.5723674, 0.2149524, 2.839694;0.7218609, 0.1981197, 2.85893;0.7949636, -0.1527064, 2.966408;0.5731416, 0.1019136, 2.795525;0.6654202, 0.04183745, 2.725254;0.5195281, -0.4778598, 2.93986;0.6935113, -0.5502243, 2.665751;0.8089195, -0.220717, 2.991636;0.8071314, -0.2778541, 2.981509;0.8286393, -0.2465171, 3.028245;0.7206387, -0.525216, 3.09529;0.9098485, -0.5065374, 2.81708;0.7243008, -0.7275849, 3.096229;0.8931934, -0.7166147, 2.758035;0.6566293, -0.8070334, 3.07201;0.8608449, -0.7931617, 2.708787;
0.5772041, 0.2309283, 2.840977;0.7268932, 0.214082, 2.860319;0.7971026, -0.1390077, 2.967639;0.5733242, 0.1031195, 2.789194;0.6659387, 0.04417753, 2.724933;0.509107, -0.5077109, 2.956095;0.6926063, -0.5262473, 2.665147;0.810732, -0.2094907, 2.992656;0.808738, -0.2595264, 2.977508;0.8298743, -0.2411389, 3.03104;0.7179479, -0.5216872, 3.097851;0.9108126, -0.5064344, 2.818045;0.7236421, -0.7222452, 3.095566;0.8935454, -0.7153094, 2.758089;0.6475317, -0.8068525, 3.071961;0.8608889, -0.7928847, 2.708598;
0.569374, 0.2600295, 2.838925;0.7191514, 0.2431641, 2.85832;0.7949921, -0.1199848, 2.968439;0.5649461, 0.09628595, 2.79641;0.6722596, 0.09181567, 2.734362;0.512984, -0.4705309, 2.961485;0.696438, -0.4707314, 2.664788;0.8097417, -0.1923013, 2.993868;0.8034709, -0.2422596, 2.97663;0.8331598, -0.2172292, 3.034005;0.7156964, -0.5197768, 3.09927;0.9323388, -0.5120829, 2.794384;0.7240848, -0.7192293, 3.090819;0.9076833, -0.7971568, 2.715944;0.6486325, -0.8047942, 3.071299;0.8178576, -0.7926693, 2.702523;
0.424197, 0.1777076, 2.763165;0.5723155, 0.1427353, 2.778215;0.7690761, -0.1109512, 2.948618;0.5366713, 0.05890903, 2.880803;0.6981741, 0.1204212, 2.748512;0.5229579, -0.4411483, 2.970201;0.7031695, -0.4525999, 2.668111;0.8039041, -0.168442, 2.984594;0.800652, -0.2300615, 2.975199;0.8587413, -0.1708461, 3.032022;0.7169402, -0.5191545, 3.098715;0.923276, -0.4860912, 2.80894;0.7241685, -0.7209178, 3.090486;0.9017086, -0.7705003, 2.72907;0.6482832, -0.8052158, 3.0704;0.8272809, -0.8115898, 2.697137;
0.4278287, 0.1976173, 2.771255;0.5793646, 0.1820965, 2.786542;0.7662824, -0.09925044, 2.946926;0.4967983, 0.0546099, 2.953818;0.6990147, 0.1228083, 2.749434;0.5186444, -0.4529684, 2.977311;0.7047319, -0.4132696, 2.670926;0.8018204, -0.1540362, 2.982258;0.7961399, -0.2210817, 2.975341;0.8610953, -0.1677792, 3.031946;0.719026, -0.5149143, 3.098085;0.924287, -0.4832205, 2.80976;0.7248454, -0.7213445, 3.091074;0.9033215, -0.7671192, 2.730369;0.6538001, -0.8020344, 3.066876;0.8292101, -0.8097047, 2.699758;
0.4284426, 0.2690392, 2.742685;0.5774525, 0.1876299, 2.789161;0.7602434, -0.09496188, 2.947165;0.4950526, 0.05783825, 2.955652;0.6963909, 0.142629, 2.752514;0.51797, -0.4359204, 2.968758;0.7052502, -0.3989048, 2.673466;0.7960349, -0.1508376, 2.982098;0.7811614, -0.2157453, 2.980378;0.8583183, -0.1655126, 3.028534;0.7363978, -0.510344, 3.096494;0.9261347, -0.481565, 2.809874;0.7245668, -0.7193702, 3.091761;0.9047685, -0.7648029, 2.730241;0.6547628, -0.8005059, 3.065664;0.8316835, -0.8093708, 2.700051;
0.4249165, 0.2867775, 2.744911;0.5750268, 0.2206741, 2.794765;0.759308, -0.05922602, 2.946777;0.488322, 0.1266086, 2.969828;0.6990771, 0.1746045, 2.758769;0.529932, -0.3717813, 2.976071;0.7065925, -0.3722198, 2.670585;0.7960609, -0.1155112, 2.980659;0.7832331, -0.1629703, 2.983268;0.8594887, -0.1420932, 3.020167;0.7349666, -0.5166561, 3.104115;0.9240581, -0.4690199, 2.819443;0.7148683, -0.8028735, 3.101262;0.90233, -0.7515327, 2.739129;0.6365964, -0.802282, 3.055402;0.8441266, -0.8083411, 2.69894;
0.4182768, 0.3297019, 2.748885;0.5700468, 0.2497984, 2.81084;0.7568783, -0.05119543, 2.953751;0.4952548, 0.1442425, 2.962056;0.6980894, 0.2019632, 2.760765;0.5337077, -0.3405363, 2.984314;0.7045749, -0.3673641, 2.676037;0.7940587, -0.1098872, 2.986372;0.7785531, -0.1606125, 2.993718;0.8572383, -0.1314555, 3.019558;0.7338193, -0.5184152, 3.102927;0.9250346, -0.4579715, 2.820388;0.7138172, -0.8034975, 3.106478;0.8962305, -0.7133349, 2.759053;0.6381299, -0.8019853, 3.056522;0.8602245, -0.792672, 2.710067;
0.4180255, 0.3675678, 2.759927;0.5682651, 0.2642024, 2.814236;0.7573909, -0.02852464, 2.9546;0.4992743, 0.1545558, 2.966661;0.7005628, 0.2258986, 2.766098;0.5359799, -0.3264175, 2.991619;0.7127354, -0.2939989, 2.680951;0.795237, -0.08727831, 2.986205;0.7825203, -0.1400293, 2.999174;0.8561538, -0.106829, 3.007409;0.7251686, -0.4952842, 3.108137;0.9218035, -0.4440742, 2.829609;0.7205234, -0.7257311, 3.093503;0.8964142, -0.7132965, 2.759398;0.652347, -0.8014183, 3.063887;0.8597483, -0.7931299, 2.708919;
0.4288445, 0.4283763, 2.764232;0.5680364, 0.3182384, 2.823541;0.7385166, 0.003644514, 2.940986;0.4973106, 0.2144366, 2.977143;0.7019263, 0.2528227, 2.771948;0.5416732, -0.2945967, 2.999553;0.7173167, -0.260499, 2.674064;0.771836, -0.05712387, 2.967595;0.7657799, -0.1184927, 2.995046;0.8276019, -0.08655478, 2.968793;0.7299826, -0.4766732, 3.100833;0.920777, -0.4347475, 2.835537;0.7225075, -0.7219398, 3.092726;0.8965405, -0.7132664, 2.760607;0.6568331, -0.7989447, 3.065293;0.8577187, -0.7945712, 2.710108;
0.4288521, 0.4594208, 2.782696;0.5700631, 0.3441485, 2.832329;0.7640042, 0.05812697, 2.970885;0.5006285, 0.2331169, 2.977726;0.7023473, 0.2744622, 2.776487;0.5401232, -0.2650599, 2.993179;0.7191244, -0.2404884, 2.67594;0.8026507, -0.0008893535, 3.001511;0.7895905, -0.05418124, 3.044135;0.8680601, -0.02753883, 2.993123;0.7354088, -0.4264439, 3.085538;0.9155318, -0.4175757, 2.841224;0.7230858, -0.7179542, 3.093664;0.8967715, -0.7133829, 2.760661;0.6618116, -0.8007141, 3.056948;0.8551545, -0.7966208, 2.707929;
0.4438738, 0.4899879, 2.800251;0.576876, 0.3933093, 2.853027;0.7500394, 0.07583304, 2.958435;0.502885, 0.2743911, 2.985589;0.7066317, 0.308631, 2.783404;0.5415469, -0.2363737, 2.997344;0.7205467, -0.2342621, 2.677271;0.7826223, 0.01670624, 2.981674;0.7723618, -0.04433658, 3.029412;0.8470383, -0.01736153, 2.964476;0.7362328, -0.4261177, 3.085288;0.9111475, -0.4064327, 2.842099;0.7232885, -0.7217525, 3.093837;0.8968639, -0.7134763, 2.760408;0.6565089, -0.8043405, 3.059103;0.8541591, -0.7969434, 2.707866;
0.4575425, 0.5160697, 2.816316;0.5844541, 0.4104555, 2.862726;0.7474804, 0.0864713, 2.957556;0.5052294, 0.2859431, 2.992052;0.7112987, 0.3253288, 2.789747;0.5478139, -0.2383412, 2.998713;0.7251546, -0.1909338, 2.68415;0.7799885, 0.02348784, 2.980181;0.7678618, -0.03889706, 3.027646;0.8453308, -0.01361878, 2.962023;0.734336, -0.4097179, 3.080569;0.9088192, -0.40244, 2.842402;0.7234757, -0.716391, 3.092335;0.8973658, -0.7139921, 2.760698;0.6648586, -0.8031231, 3.059284;0.8536894, -0.7972814, 2.708749;
0.479004, 0.5845913, 2.832817;0.5989126, 0.4516504, 2.87961;0.7482108, 0.1178453, 2.959031;0.5094775, 0.3384914, 3.013039;0.718272, 0.3611857, 2.799372;0.5424723, -0.1711791, 3.003013;0.7243846, -0.1896544, 2.686338;0.7786592, 0.05116372, 2.979144;0.7621942, -0.01678162, 3.03011;0.8460563, 0.009198437, 2.953326;0.7335513, -0.4009181, 3.077947;0.9044756, -0.3964091, 2.841822;0.7231343, -0.7152115, 3.092353;0.8981277, -0.7127801, 2.761139;0.6654617, -0.7993677, 3.061387;0.8540816, -0.7970705, 2.708539;
0.4903742, 0.6020337, 2.842018;0.6043824, 0.4671666, 2.885079;0.7451437, 0.1283239, 2.956627;0.5121623, 0.3443038, 3.015651;0.723487, 0.3755329, 2.805126;0.5434119, -0.1683435, 3.003655;0.7350639, -0.1577899, 2.697034;0.7735243, 0.06183168, 2.9748;0.7539576, -0.006013352, 3.025462;0.8406267, 0.01815507, 2.945846;0.7325468, -0.402934, 3.076122;0.9029452, -0.3939786, 2.84222;0.7207783, -0.7259424, 3.089253;0.8986494, -0.7113738, 2.76293;0.6644837, -0.8012804, 3.061174;0.8549123, -0.7960695, 2.708757;
0.5083528, 0.6305628, 2.856705;0.6195376, 0.4989142, 2.894487;0.7383373, 0.1439114, 2.954381;0.5201142, 0.3742551, 3.033797;0.7315662, 0.389514, 2.806395;0.5442359, -0.1583666, 3.006109;0.7332025, -0.1489221, 2.690923;0.7628692, 0.07579104, 2.970506;0.7400612, 0.005153663, 3.022871;0.8291056, 0.02651493, 2.937418;0.7311508, -0.3992883, 3.074208;0.8972318, -0.3856016, 2.843295;0.722036, -0.7211955, 3.088932;0.8986968, -0.7113972, 2.762919;0.6648434, -0.801334, 3.061029;0.8549728, -0.7960345, 2.706623;
0.5313859, 0.6688099, 2.883755;0.6268945, 0.5132315, 2.899869;0.7247024, 0.1767799, 2.950407;0.5225015, 0.3823702, 3.03745;0.7422726, 0.4081844, 2.812746;0.5436119, -0.1439589, 3.004683;0.746377, -0.1112109, 2.704312;0.7422057, 0.1112352, 2.963101;0.7160255, 0.03048609, 3.021137;0.809321, 0.05133, 2.921841;0.7291493, -0.3963979, 3.072377;0.8951789, -0.3768658, 2.844206;0.7227416, -0.7164305, 3.088665;0.8985789, -0.7106006, 2.762916;0.6661904, -0.7994733, 3.06199;0.8547761, -0.795997, 2.706538;
0.5378122, 0.693028, 2.900922;0.6403182, 0.5301185, 2.907463;0.7231942, 0.1857696, 2.948952;0.5315277, 0.4054348, 3.051484;0.7525686, 0.4286939, 2.823029;0.5457204, -0.1363479, 3.007116;0.7455913, -0.1013662, 2.705576;0.739748, 0.1186126, 2.960939;0.7114253, 0.03672414, 3.020376;0.8050592, 0.05809065, 2.915533;0.7271609, -0.3950737, 3.070262;0.8923871, -0.3659751, 2.844162;0.7226902, -0.7166512, 3.088548;0.8988935, -0.7098706, 2.763231;0.6623811, -0.7996562, 3.065214;0.855692, -0.796241, 2.708447;
0.5529999, 0.7110571, 2.909944;0.6544641, 0.5554407, 2.924949;0.718008, 0.1965196, 2.950451;0.5391766, 0.4191073, 3.052837;0.7570251, 0.4377304, 2.826108;0.5489202, -0.1056459, 3.014657;0.7456772, -0.09949406, 2.708519;0.7318677, 0.1276329, 2.960571;0.6975667, 0.04583881, 3.022192;0.793394, 0.06423412, 2.90875;0.7255005, -0.3946446, 3.0695;0.8920764, -0.3647389, 2.8437;0.723536, -0.7233209, 3.092427;0.8991201, -0.7096516, 2.763493;0.6623223, -0.799625, 3.064895;0.8549141, -0.7965612, 2.708336;
0.573789, 0.7268859, 2.92671;0.6621118, 0.5643308, 2.933032;0.7175118, 0.2020042, 2.950735;0.5487694, 0.4325078, 3.056944;0.7663578, 0.450059, 2.834288;0.5475637, -0.0969414, 3.014514;0.7565442, -0.07584849, 2.716301;0.7301092, 0.1317477, 2.959505;0.6937623, 0.05163527, 3.018027;0.7898905, 0.0687653, 2.906849;0.7231327, -0.3889911, 3.067197;0.8914192, -0.3634402, 2.843239;0.7236534, -0.7229674, 3.092207;0.8997753, -0.7086484, 2.763779;0.6604106, -0.7997508, 3.067211;0.8559206, -0.7960358, 2.70896;
0.6017722, 0.7671825, 2.96672;0.6862169, 0.6028375, 2.96033;0.7170025, 0.2142664, 2.950802;0.5694252, 0.4719969, 3.084573;0.7795404, 0.4706697, 2.846653;0.5425849, -0.09357257, 3.007905;0.7703251, -0.04997702, 2.730964;0.7267323, 0.1405735, 2.956374;0.6860864, 0.06339377, 3.007865;0.7818148, 0.08155379, 2.901476;0.7208483, -0.3896873, 3.065376;0.8883943, -0.359619, 2.840699;0.7214876, -0.7345473, 3.090869;0.8995177, -0.7094008, 2.764634;0.6585835, -0.8023692, 3.067421;0.8561692, -0.7961594, 2.708262;
0.6113956, 0.7760775, 2.970491;0.6916278, 0.6064003, 2.961319;0.7167151, 0.2237693, 2.950002;0.5706323, 0.4722636, 3.08528;0.7853371, 0.4758135, 2.852811;0.5472183, -0.09502174, 3.010464;0.7691569, -0.05173749, 2.729695;0.7234359, 0.1495968, 2.953361;0.6794881, 0.07571447, 2.998392;0.7757894, 0.09175619, 2.900532;0.7190215, -0.3841038, 3.063019;0.8861121, -0.3579997, 2.839508;0.7234257, -0.7270206, 3.089665;0.900996, -0.7076608, 2.764802;0.6575691, -0.8022428, 3.06779;0.8565708, -0.7960784, 2.708732;
0.6205873, 0.783392, 2.979505;0.6996498, 0.6131922, 2.965682;0.7175633, 0.2314925, 2.949679;0.5765061, 0.4735546, 3.089239;0.7968482, 0.4842656, 2.860397;0.5521584, -0.06763338, 3.012392;0.7726952, -0.03837408, 2.731244;0.7224874, 0.156587, 2.951479;0.6781126, 0.07986706, 2.996043;0.7739908, 0.09723862, 2.8985;0.7178957, -0.3813237, 3.061183;0.8831508, -0.3601923, 2.836339;0.7242185, -0.721945, 3.088891;0.9009249, -0.7075541, 2.76481;0.6568092, -0.801998, 3.068515;0.8569385, -0.7960111, 2.709265;
0.6327416, 0.7877131, 2.988181;0.7109087, 0.6164978, 2.969931;0.7186897, 0.2332152, 2.949592;0.5862938, 0.4762328, 3.099553;0.8003655, 0.4857638, 2.86241;0.5559499, -0.06154723, 3.013237;0.7759479, -0.02885274, 2.731917;0.7226222, 0.1578184, 2.95086;0.6778167, 0.08117108, 2.994561;0.7732342, 0.09907221, 2.897754;0.7169161, -0.3811908, 3.059913;0.8807493, -0.3579217, 2.834051;0.7240398, -0.7232902, 3.089022;0.9025505, -0.7071183, 2.765957;0.6591517, -0.8049448, 3.063217;0.8570874, -0.7960167, 2.70911;
0.648174, 0.7969226, 3.004552;0.7185794, 0.6211066, 2.975626;0.7202764, 0.2366779, 2.950387;0.5933204, 0.4791832, 3.105796;0.8094012, 0.4898193, 2.867954;0.5596471, -0.05714422, 3.014645;0.779616, -0.02246907, 2.734729;0.7228836, 0.1605414, 2.95065;0.6773722, 0.08319528, 2.99376;0.7726284, 0.1016188, 2.897134;0.7168313, -0.3813992, 3.05961;0.8782024, -0.3553784, 2.831796;0.7237347, -0.7259957, 3.089037;0.9022349, -0.7072717, 2.765685;0.6525163, -0.810696, 3.066091;0.8560964, -0.7965314, 2.709326;
0.6606309, 0.806049, 3.011225;0.7282076, 0.6267741, 2.985337;0.7217196, 0.2406298, 2.951569;0.6007687, 0.4884182, 3.112705;0.8149483, 0.4923557, 2.872004;0.561754, -0.05376517, 3.014711;0.7808116, -0.02161727, 2.735691;0.7228968, 0.1640304, 2.950496;0.6760666, 0.08890559, 2.991385;0.7715057, 0.1046929, 2.89687;0.7167719, -0.3809128, 3.059082;0.8772042, -0.3538405, 2.83081;0.724081, -0.7252775, 3.089032;0.9018705, -0.7075456, 2.765299;0.6627972, -0.8068446, 3.06033;0.8561458, -0.7965969, 2.709165;
0.67102, 0.8089051, 3.016336;0.7373402, 0.6372154, 2.998754;0.7228482, 0.2436082, 2.953954;0.6071614, 0.4925281, 3.124643;0.8197083, 0.4937225, 2.875234;0.5674433, -0.04963593, 3.01955;0.778013, -0.03680354, 2.733092;0.7227801, 0.1656669, 2.95118;0.6748865, 0.09148978, 2.990802;0.7706169, 0.1070518, 2.897744;0.7169088, -0.3810611, 3.058988;0.8760468, -0.3532391, 2.829709;0.7241396, -0.7261737, 3.08926;0.9018605, -0.7074253, 2.765327;0.6559308, -0.8088804, 3.062616;0.857173, -0.7959121, 2.710199;
0.6752096, 0.8098959, 3.016526;0.7408044, 0.636973, 3.000795;0.7244807, 0.2460068, 2.955053;0.6127928, 0.4963259, 3.127775;0.8256422, 0.4971581, 2.878462;0.5689865, -0.04777513, 3.019598;0.7788562, -0.0329785, 2.733459;0.7233671, 0.1681439, 2.951446;0.6750517, 0.09310384, 2.990381;0.7699822, 0.1096381, 2.897413;0.7176205, -0.3818807, 3.059389;0.8744962, -0.3487867, 2.828128;0.7236721, -0.7270141, 3.089969;0.9017917, -0.7076877, 2.765129;0.6670196, -0.808799, 3.052801;0.8561566, -0.7967359, 2.710503;
0.6860651, 0.8144262, 3.02101;0.7473891, 0.6404722, 3.006059;0.7259797, 0.2491504, 2.956568;0.6174796, 0.4975666, 3.133021;0.8317753, 0.4990247, 2.881956;0.5723258, -0.0455372, 3.018461;0.7800426, -0.03331165, 2.733378;0.7236775, 0.1709524, 2.95195;0.6745355, 0.0962308, 2.989891;0.7694122, 0.1115935, 2.897372;0.7194455, -0.3757393, 3.057799;0.8739248, -0.3479394, 2.827126;0.7230031, -0.7177413, 3.090661;0.9022052, -0.7069485, 2.76514;0.6707803, -0.8016995, 3.053587;0.8563663, -0.7963647, 2.710342;
0.698221, 0.8227921, 3.042684;0.7521228, 0.6416707, 3.008636;0.7268557, 0.2502485, 2.957479;0.6227273, 0.4991404, 3.136434;0.8359193, 0.5024526, 2.888276;0.5760574, -0.04219078, 3.018512;0.7821342, -0.02962442, 2.732849;0.7238069, 0.1718508, 2.952324;0.6743019, 0.09808939, 2.989628;0.7687416, 0.1128528, 2.897856;0.7196872, -0.3752522, 3.057833;0.8733106, -0.3479966, 2.826387;0.7219856, -0.7156588, 3.088871;0.9021598, -0.707245, 2.765031;0.6605396, -0.8008263, 3.063607;0.856629, -0.7961614, 2.710053;
0.7026672, 0.8238002, 3.041857;0.7590966, 0.6474721, 3.018193;0.7283421, 0.2520284, 2.95975;0.6284944, 0.5013913, 3.141706;0.8380084, 0.503683, 2.89078;0.5788933, -0.03924946, 3.01984;0.7843081, -0.03001437, 2.73202;0.7241986, 0.172918, 2.953258;0.6745446, 0.09954302, 2.989807;0.7682005, 0.1141465, 2.898597;0.7190182, -0.3715883, 3.055893;0.872852, -0.3486789, 2.825684;0.7217206, -0.7150749, 3.089128;0.9012226, -0.7078671, 2.764431;0.6609465, -0.8010687, 3.063541;0.8555189, -0.797105, 2.708529;
0.7081109, 0.8256634, 3.046001;0.7657217, 0.6500789, 3.024762;0.7297645, 0.2530592, 2.960968;0.6308702, 0.50143, 3.142359;0.8399181, 0.5047648, 2.89322;0.5777624, -0.06530719, 3.014436;0.7899063, -0.01559671, 2.735041;0.7246077, 0.1735244, 2.953573;0.6747397, 0.1003619, 2.989578;0.7679371, 0.1149886, 2.898578;0.71891, -0.3719995, 3.055839;0.8722524, -0.3487332, 2.825213;0.722537, -0.7200583, 3.088613;0.9012487, -0.7077586, 2.764408;0.6556345, -0.8051208, 3.065949;0.8562446, -0.7966399, 2.709947;
0.7140043, 0.8253034, 3.049417;0.7716552, 0.6514369, 3.030249;0.731153, 0.2542779, 2.96308;0.6374335, 0.4991522, 3.148429;0.8448976, 0.506112, 2.897367;0.5777488, -0.06677558, 3.015136;0.795024, -0.01493349, 2.72879;0.7249655, 0.1744892, 2.954636;0.674678, 0.1011823, 2.990029;0.7674203, 0.1157665, 2.898926;0.717349, -0.3702061, 3.054712;0.8713948, -0.3489204, 2.8248;0.722648, -0.7154059, 3.088285;0.9012039, -0.7083808, 2.763778;0.6552477, -0.8045737, 3.068559;0.8552672, -0.797094, 2.710269;
0.7198726, 0.8191427, 3.048656;0.7799562, 0.6528838, 3.03686;0.7322954, 0.254669, 2.964889;0.6409907, 0.4992488, 3.14958;0.8472562, 0.5073097, 2.901255;0.5745687, -0.06346619, 3.011153;0.7941193, -0.02858068, 2.720031;0.725108, 0.1747432, 2.955433;0.6745412, 0.1017916, 2.990291;0.7665096, 0.1164798, 2.899678;0.7168444, -0.3702607, 3.054574;0.8706443, -0.3497066, 2.824212;0.7228575, -0.7155024, 3.088644;0.9013879, -0.7092127, 2.763992;0.655467, -0.8045093, 3.068562;0.855242, -0.7971661, 2.709827;
0.7251035, 0.8188572, 3.052444;0.7849172, 0.6537277, 3.038696;0.7334707, 0.2555481, 2.966497;0.6461188, 0.5008467, 3.151798;0.8495007, 0.507736, 2.904509;0.5765067, -0.06073476, 3.011185;0.7953495, -0.02941041, 2.719332;0.7253444, 0.1755469, 2.95656;0.6744421, 0.1031133, 2.9911;0.7654376, 0.117564, 2.900504;0.7160743, -0.3697443, 3.053889;0.8696901, -0.3482085, 2.824016;0.7228388, -0.7155417, 3.088661;0.9014103, -0.