0.9799372, 0.8161967, 2.978969;1.044638, 0.6554208, 2.936545;1.01999, 0.2553732, 2.910083;0.9552996, 0.5119721, 3.098284;1.098116, 0.5131765, 2.802613;0.8401735, -0.007358424, 3.015665;0.9699603, 0.01269976, 2.609544;1.015061, 0.1753637, 2.908409;0.9789233, 0.1101082, 2.959518;1.043191, 0.1106502, 2.845674;0.9769296, -0.3510281, 3.00683;1.081837, -0.3421156, 2.720456;1.002087, -0.6923283, 3.02747;1.118993, -0.6978906, 2.629501;0.922564, -0.7761329, 3.004699;1.070374, -0.7748619, 2.578202;
0.9790003, 0.8181279, 2.977868;1.044138, 0.6556455, 2.935594;1.019249, 0.2621271, 2.909576;0.9548559, 0.5141696, 3.098412;1.097696, 0.5149341, 2.80239;0.8392384, -0.00650157, 3.015849;0.9697152, 0.01291712, 2.609334;1.01443, 0.1846763, 2.908033;0.9784032, 0.1158722, 2.96111;1.042691, 0.1158158, 2.842781;0.9771972, -0.3509877, 3.005888;1.081735, -0.3422366, 2.719442;1.000787, -0.6931228, 3.027645;1.119321, -0.6977683, 2.629019;0.9260628, -0.7777229, 3.0054;1.070446, -0.7747426, 2.577575;
0.9767469, 0.8193371, 2.976202;1.044231, 0.6565977, 2.935435;1.019185, 0.2619556, 2.909533;0.9541151, 0.5215392, 3.105537;1.097458, 0.516413, 2.803108;0.8389912, -0.004234394, 3.016734;0.967991, 0.01363147, 2.609237;1.014238, 0.1839355, 2.907939;0.9780712, 0.1168527, 2.959418;1.042415, 0.116116, 2.844381;0.9792336, -0.3527814, 3.007536;1.081861, -0.3424979, 2.719173;0.9984818, -0.6980462, 3.027802;1.118846, -0.6969512, 2.629006;0.9269195, -0.7787189, 3.005856;1.070515, -0.7746131, 2.577473;
0.9725229, 0.8180782, 2.9724;1.043286, 0.6567909, 2.933911;1.019036, 0.2609755, 2.909003;0.9541488, 0.5215925, 3.105686;1.097085, 0.5164639, 2.802994;0.8381122, -0.001838173, 3.018561;0.9620797, 0.01118191, 2.609808;1.014192, 0.1823219, 2.907417;0.9782515, 0.1164742, 2.958924;1.042366, 0.1156536, 2.84462;0.9793315, -0.3527257, 3.007777;1.081865, -0.3424704, 2.719322;0.9985348, -0.6983692, 3.027397;1.120283, -0.6979516, 2.630843;0.9273951, -0.7786028, 3.005907;1.070596, -0.7744908, 2.577629;
0.9687312, 0.8173406, 2.969727;1.043086, 0.6570144, 2.933965;1.018875, 0.2608877, 2.90919;0.953508, 0.5212613, 3.105919;1.096496, 0.5168482, 2.803185;0.8386217, -0.000331326, 3.018808;0.9578714, 0.009468334, 2.612;1.013988, 0.182109, 2.907639;0.9776814, 0.1152573, 2.959992;1.041884, 0.1146958, 2.843919;0.9797257, -0.3524229, 3.008245;1.081888, -0.3429242, 2.719234;0.9979368, -0.698906, 3.02743;1.119535, -0.6984247, 2.630208;0.9280572, -0.778758, 3.006233;1.070614, -0.7745185, 2.577764;
0.9642746, 0.814697, 2.965389;1.042949, 0.6571587, 2.93393;1.018439, 0.2603475, 2.908687;0.9534756, 0.5213735, 3.105732;1.095035, 0.5169215, 2.802609;0.8380438, -0.0002981795, 3.018959;0.955301, 0.008184365, 2.613225;1.01344, 0.181211, 2.906984;0.977474, 0.1146803, 2.959837;1.0407, 0.1131382, 2.842203;0.9802416, -0.3527771, 3.00861;1.082707, -0.3417466, 2.719493;0.9982178, -0.701305, 3.028165;1.118749, -0.695622, 2.629997;0.9286695, -0.7794893, 3.006218;1.070329, -0.7741709, 2.578325;
0.9580355, 0.8121624, 2.955147;1.041486, 0.6575791, 2.932768;1.018221, 0.2602277, 2.908273;0.9531778, 0.5203524, 3.106016;1.093846, 0.5174493, 2.802831;0.8378851, 0.0001447748, 3.018882;0.9533967, 0.007244505, 2.613675;1.013357, 0.1810199, 2.906683;0.9776011, 0.1141146, 2.959808;1.040597, 0.1129959, 2.841408;0.9823528, -0.3568609, 3.010363;1.083452, -0.3446753, 2.718644;0.9974641, -0.7011685, 3.028344;1.118804, -0.6926291, 2.63122;0.929013, -0.780666, 3.006351;1.070801, -0.772814, 2.57779;
0.9580217, 0.8121309, 2.955271;1.041226, 0.6576209, 2.933192;1.017769, 0.2603132, 2.908166;0.9524937, 0.5197021, 3.10235;1.093566, 0.5175532, 2.802758;0.8372955, 0.000727939, 3.018913;0.9527861, 0.00677391, 2.614492;1.012847, 0.1810938, 2.906474;0.9770492, 0.1137644, 2.959984;1.039653, 0.1126889, 2.839957;0.9826869, -0.3566827, 3.010433;1.083063, -0.3449454, 2.718205;0.9977219, -0.701176, 3.028136;1.11837, -0.692901, 2.630697;0.9292547, -0.7803764, 3.006207;1.07081, -0.7730106, 2.57801;
0.9583594, 0.8128114, 2.956659;1.040981, 0.6567353, 2.931985;1.01699, 0.2582008, 2.906087;0.9523623, 0.5198088, 3.102353;1.093019, 0.5172647, 2.802098;0.8367473, 0.0005282804, 3.018785;0.9519968, 0.006025876, 2.617356;1.011996, 0.1786208, 2.904287;0.9763284, 0.1125481, 2.95707;1.039218, 0.1116795, 2.839408;0.9828342, -0.3563494, 3.010298;1.082702, -0.3453379, 2.71814;0.9979107, -0.6992892, 3.028817;1.118418, -0.6930321, 2.630752;0.9355257, -0.7812498, 2.992401;1.070778, -0.773005, 2.578121;
0.9583092, 0.8123721, 2.956395;1.040766, 0.6567113, 2.931459;1.016018, 0.2571054, 2.905698;0.9523152, 0.5199077, 3.102233;1.092906, 0.5173182, 2.802025;0.8369462, -0.001399035, 3.018055;0.9528345, 0.004740094, 2.621147;1.010792, 0.1771158, 2.903995;0.974747, 0.1103143, 2.955435;1.038174, 0.1123658, 2.840426;0.9827463, -0.3560791, 3.010168;1.083006, -0.3441293, 2.71798;0.9976007, -0.7002352, 3.02816;1.118568, -0.6937668, 2.630894;0.9339983, -0.7814135, 2.997868;1.070837, -0.772743, 2.579085;
0.9583718, 0.8124112, 2.956571;1.039232, 0.6576568, 2.930157;1.015055, 0.2563523, 2.905119;0.9522002, 0.5198928, 3.102109;1.092339, 0.5174402, 2.801822;0.8368323, -0.002357096, 3.017674;0.9532624, 0.004678829, 2.620829;1.009871, 0.1760156, 2.903502;0.9738928, 0.1086038, 2.954092;1.037481, 0.1129464, 2.840839;0.982801, -0.3553791, 3.009419;1.082936, -0.3441976, 2.717906;0.9969804, -0.6980087, 3.028943;1.118596, -0.6936908, 2.630702;0.9341112, -0.7787906, 3.001475;1.070847, -0.7727082, 2.579308;
0.9590015, 0.8129783, 2.958039;1.039445, 0.6577153, 2.930378;1.014759, 0.2561578, 2.905011;0.9520047, 0.5199469, 3.102616;1.092207, 0.5176791, 2.801591;0.8375847, -0.003281804, 3.016935;0.9556811, 0.006598775, 2.620199;1.009395, 0.1757102, 2.903286;0.9731383, 0.1080604, 2.953171;1.036832, 0.1135385, 2.841075;0.9827749, -0.3551658, 3.009325;1.082955, -0.3441705, 2.717767;0.9972644, -0.6981798, 3.029044;1.118584, -0.6952715, 2.629892;0.934108, -0.7794975, 3.002615;1.070585, -0.7737106, 2.579966;
0.959008, 0.8130302, 2.958151;1.03931, 0.658067, 2.930395;1.013839, 0.2570933, 2.904928;0.95204, 0.520014, 3.102676;1.091788, 0.5182053, 2.80127;0.8383397, -0.004302789, 3.017258;0.9585553, 0.007992268, 2.619825;1.008338, 0.1767983, 2.903227;0.9726088, 0.1080141, 2.953486;1.034927, 0.1153634, 2.840377;0.9823915, -0.3551625, 3.008747;1.08239, -0.3440412, 2.717362;0.9972718, -0.6981713, 3.029064;1.11888, -0.6958401, 2.629969;0.938316, -0.7825416, 2.991782;1.070181, -0.7737248, 2.579348;
0.9605248, 0.8149241, 2.960261;1.03935, 0.6582733, 2.930134;1.013231, 0.2569196, 2.904413;0.9509664, 0.5193009, 3.100469;1.09191, 0.5189064, 2.800856;0.8382905, -0.004587825, 3.017561;0.9595861, 0.008173154, 2.618656;1.007589, 0.1765178, 2.902675;0.9712436, 0.1073166, 2.952452;1.034535, 0.1155605, 2.840277;0.9822546, -0.3545758, 3.008318;1.081656, -0.3431726, 2.717461;0.9981587, -0.6953414, 3.030751;1.119144, -0.6953545, 2.630167;0.9377318, -0.778429, 3.002182;1.070486, -0.7735435, 2.579627;
0.9607566, 0.8148138, 2.960556;1.039447, 0.6583161, 2.930203;1.012564, 0.2563468, 2.904253;0.9511589, 0.520681, 3.101592;1.09174, 0.5189511, 2.800352;0.8382512, -0.005676712, 3.016799;0.960346, 0.007974249, 2.617555;1.006628, 0.1756836, 2.902442;0.9701887, 0.1064072, 2.952085;1.033648, 0.115407, 2.840328;0.9820966, -0.3566992, 3.008152;1.081578, -0.3430546, 2.717473;0.9962111, -0.7014838, 3.028781;1.119201, -0.6953795, 2.630389;0.9354459, -0.7822397, 3.002546;1.070346, -0.7734476, 2.579444;
0.9609947, 0.8150551, 2.960611;1.038814, 0.657722, 2.930034;1.011583, 0.2575743, 2.904428;0.9505535, 0.5209363, 3.100535;1.09185, 0.5190252, 2.800127;0.8388173, -0.006436385, 3.017506;0.9631095, 0.009532878, 2.614621;1.005516, 0.1777363, 2.902804;0.9691068, 0.1069907, 2.953177;1.03289, 0.1164377, 2.840014;0.9816529, -0.3557788, 3.007706;1.081368, -0.3428995, 2.717319;0.9963982, -0.7014818, 3.02876;1.119129, -0.6956601, 2.630379;0.9349649, -0.7816297, 3.00346;1.070475, -0.7741065, 2.580062;
0.9614707, 0.8147075, 2.960918;1.038844, 0.6577055, 2.930088;1.011106, 0.2570945, 2.904283;0.9498835, 0.5217088, 3.098947;1.091916, 0.5188094, 2.799639;0.8387588, -0.006439561, 3.017584;0.9643977, 0.009485801, 2.612038;1.004908, 0.1770538, 2.902582;0.9679646, 0.1057322, 2.952891;1.032483, 0.1162273, 2.839878;0.9815242, -0.3563227, 3.007653;1.080459, -0.3393874, 2.716675;0.9956986, -0.698725, 3.029863;1.119343, -0.6942087, 2.631388;0.937031, -0.7802745, 3.004207;1.070473, -0.772815, 2.581509;
0.9652387, 0.816821, 2.966985;1.039036, 0.6574953, 2.929808;1.010432, 0.2575303, 2.904318;0.9498773, 0.5222401, 3.098741;1.092111, 0.5188642, 2.799361;0.8388921, -0.006063276, 3.017719;0.965179, 0.009482795, 2.611369;1.003962, 0.1777472, 2.902751;0.9666419, 0.1064964, 2.953352;1.031265, 0.1167836, 2.840081;0.9803782, -0.3545604, 3.006427;1.079963, -0.3398104, 2.716052;0.9958309, -0.6977952, 3.029307;1.119095, -0.6939649, 2.630899;0.9368908, -0.7802337, 3.004315;1.070501, -0.7727596, 2.581444;
0.9669732, 0.8179587, 2.973006;1.039429, 0.6576635, 2.930398;1.009964, 0.2566399, 2.904406;0.9494684, 0.5224445, 3.096478;1.092459, 0.5194315, 2.799307;0.8390015, -0.004025678, 3.019246;0.965387, 0.00971858, 2.609946;1.003276, 0.1763242, 2.902727;0.9658281, 0.106178, 2.952782;1.030923, 0.1162222, 2.840594;0.9802464, -0.3536204, 3.006394;1.079811, -0.3397704, 2.715892;0.9972312, -0.6965993, 3.028768;1.119015, -0.6939958, 2.630766;0.9368783, -0.7788607, 3.004963;1.070604, -0.7727632, 2.581349;
0.9682177, 0.8185775, 2.972775;1.039782, 0.6574745, 2.930819;1.009269, 0.2549294, 2.904166;0.9493974, 0.5225992, 3.096823;1.09253, 0.5195813, 2.798914;0.8400063, -0.003127489, 3.018438;0.965588, 0.009716791, 2.609932;1.002336, 0.174043, 2.902239;0.9647878, 0.1053311, 2.951284;1.030341, 0.1154991, 2.84109;0.980163, -0.3535278, 3.006155;1.079724, -0.3397758, 2.715805;0.9970729, -0.6982182, 3.028159;1.118889, -0.6942506, 2.630735;0.9364806, -0.7789647, 3.005534;1.070618, -0.7727414, 2.581343;
0.9685928, 0.8174582, 2.97313;1.03969, 0.6571147, 2.931145;1.008896, 0.2541838, 2.904222;0.951216, 0.5214174, 3.098747;1.092965, 0.5195185, 2.798441;0.8406821, -0.002617921, 3.01825;0.9658783, 0.009528242, 2.609672;1.002028, 0.1733091, 2.902252;0.9646818, 0.1051938, 2.951079;1.029907, 0.1151008, 2.841513;0.9801581, -0.3532869, 3.005918;1.07961, -0.3400918, 2.715605;0.997101, -0.6973596, 3.027842;1.119666, -0.6951982, 2.63094;0.9365914, -0.7787777, 3.005738;1.071726, -0.7725167, 2.581416;
0.9710687, 0.8168539, 2.976442;1.040125, 0.6572272, 2.931055;1.00845, 0.2536839, 2.903953;0.9512696, 0.5218912, 3.099008;1.093116, 0.5194309, 2.798318;0.8412888, -0.001712011, 3.017668;0.9664882, 0.009104139, 2.609708;1.001364, 0.1726044, 2.901925;0.9636444, 0.1052497, 2.94963;1.029154, 0.1150131, 2.842092;0.9802651, -0.3527645, 3.005739;1.07984, -0.3408666, 2.715004;0.9977648, -0.696758, 3.02822;1.120217, -0.6958616, 2.631282;0.9363183, -0.7780311, 3.006291;1.071727, -0.7725727, 2.581386;
0.9722753, 0.813666, 2.975765;1.041092, 0.6575264, 2.93106;1.008335, 0.2534576, 2.903798;0.9513292, 0.5218815, 3.098991;1.093181, 0.5194972, 2.798354;0.8422242, -0.001372906, 3.015844;0.9673032, 0.008495708, 2.610582;1.001133, 0.1722607, 2.901713;0.9633426, 0.1051207, 2.949221;1.028874, 0.1149307, 2.842123;0.9802653, -0.3525636, 3.005431;1.07999, -0.338671, 2.715706;0.9976609, -0.6963207, 3.028007;1.120984, -0.6945632, 2.631614;0.9353579, -0.7784674, 3.00671;1.071552, -0.7719534, 2.58286;
0.9738329, 0.8104931, 2.970448;1.041915, 0.6573295, 2.931448;1.008072, 0.2527108, 2.903602;0.9514971, 0.5206082, 3.099507;1.094019, 0.5192355, 2.797972;0.8426454, -0.001620451, 3.015564;0.9701195, 0.007216363, 2.612823;1.000686, 0.1713278, 2.901395;0.9624815, 0.1040681, 2.948501;1.028573, 0.1146215, 2.842099;0.9811708, -0.3563716, 3.006242;1.080042, -0.3386907, 2.715773;0.9972122, -0.6961257, 3.027882;1.120304, -0.6942385, 2.63146;0.9362178, -0.7788666, 3.006609;1.072128, -0.7715932, 2.582422;
0.9740162, 0.8094814, 2.969389;1.044641, 0.6598085, 2.933506;1.008074, 0.2522182, 2.90339;0.9520707, 0.5201207, 3.100052;1.094592, 0.5199966, 2.797841;0.8428115, -0.001852625, 3.01548;0.9727393, 0.006327725, 2.617617;1.000489, 0.1702233, 2.900808;0.9621913, 0.1035284, 2.946677;1.028442, 0.1146055, 2.842195;0.9817008, -0.3573481, 3.006603;1.080264, -0.3353764, 2.715899;0.9967946, -0.6967661, 3.028184;1.120916, -0.6932809, 2.631869;0.9326593, -0.7819441, 3.007218;1.072487, -0.7710308, 2.582571;
0.9741673, 0.8076469, 2.965431;1.045039, 0.6593996, 2.933447;1.007693, 0.2502446, 2.90296;0.9547842, 0.5187728, 3.101999;1.094978, 0.51981, 2.797721;0.8453641, -0.002686513, 3.01661;0.9771361, 0.005479346, 2.621063;0.999889, 0.1679236, 2.900316;0.9619346, 0.1027427, 2.94592;1.027676, 0.1136886, 2.842554;0.9816965, -0.3586085, 3.006239;1.080548, -0.3356383, 2.716107;0.996807, -0.6986048, 3.028499;1.12234, -0.6947343, 2.632959;0.9331048, -0.7827327, 3.006964;1.072756, -0.7709948, 2.581676;
0.9745669, 0.808152, 2.96565;1.045392, 0.6593199, 2.933219;1.007654, 0.2502685, 2.902953;0.9559224, 0.5188029, 3.102859;1.09562, 0.5199528, 2.797647;0.8482608, -0.003814376, 3.018855;0.9787366, 0.0054233, 2.622277;0.9998012, 0.1679966, 2.900322;0.9618586, 0.1028223, 2.945938;1.027301, 0.1137692, 2.842602;0.9826075, -0.3602912, 3.006959;1.08085, -0.3355549, 2.715857;0.9935723, -0.7063506, 3.026584;1.122414, -0.6953806, 2.633403;0.9310782, -0.7859321, 3.007473;1.072843, -0.7712179, 2.581692;
0.9749765, 0.8090457, 2.965727;1.048449, 0.6611322, 2.932862;1.007632, 0.249963, 2.902351;0.9560677, 0.5193204, 3.102058;1.096072, 0.5202494, 2.797152;0.8496473, -0.003267493, 3.020381;0.9800678, 0.004624317, 2.623294;0.9994726, 0.1674023, 2.899473;0.9610963, 0.1029772, 2.943484;1.027027, 0.1137646, 2.84261;0.98289, -0.3607899, 3.007094;1.081664, -0.3371842, 2.714885;0.9938805, -0.7127805, 3.025201;1.122441, -0.6953515, 2.633426;0.9289591, -0.7876348, 3.007698;1.072632, -0.7713418, 2.581533;
0.9750488, 0.8091526, 2.965847;1.049206, 0.6611782, 2.933262;1.007643, 0.2499927, 2.902361;0.9564927, 0.5195435, 3.101617;1.096451, 0.5204288, 2.797117;0.8518901, -0.003816231, 3.021987;0.9807823, 0.004435568, 2.623892;0.9994462, 0.1674642, 2.899466;0.9610606, 0.1030552, 2.94348;1.026822, 0.1138793, 2.842589;0.9833816, -0.3653677, 3.008869;1.082347, -0.3381211, 2.714389;0.9921364, -0.7269408, 3.026009;1.122167, -0.6960183, 2.633148;0.9278308, -0.7922507, 3.009686;1.07287, -0.7715681, 2.581972;
0.97712, 0.8114162, 2.969417;1.049199, 0.6614112, 2.933212;1.007372, 0.2502684, 2.902244;0.9566343, 0.5193986, 3.101572;1.096884, 0.5209048, 2.797132;0.8525938, -0.003727543, 3.024858;0.9817351, 0.004529465, 2.62482;0.999072, 0.167797, 2.899357;0.9607506, 0.102986, 2.943607;1.025988, 0.1143689, 2.842159;0.9833048, -0.3657804, 3.009162;1.082344, -0.3398063, 2.713527;0.9905642, -0.7291215, 3.026142;1.122458, -0.6969277, 2.633485;0.9227297, -0.7949356, 3.010551;1.07282, -0.7719868, 2.582038;
0.9782386, 0.812032, 2.969678;1.049363, 0.6615183, 2.93324;1.00744, 0.2513534, 2.901984;0.9570968, 0.5196179, 3.101964;1.097488, 0.5212554, 2.796951;0.8534158, -0.003745939, 3.025323;0.9820698, 0.004551246, 2.62465;0.999065, 0.1693168, 2.899029;0.960606, 0.1041997, 2.943818;1.025835, 0.1149924, 2.841459;0.9827081, -0.364652, 3.00877;1.081938, -0.3387716, 2.713667;0.9938962, -0.7191282, 3.026584;1.122161, -0.6970823, 2.632813;0.9306539, -0.7914582, 2.99003;1.072587, -0.7720123, 2.581764;
0.9800967, 0.8120734, 2.97334;1.049505, 0.6606461, 2.932313;1.007223, 0.251232, 2.901735;0.9579127, 0.5179572, 3.100752;1.09754, 0.5212294, 2.796956;0.8536808, -0.00390733, 3.025744;0.9836492, 0.004912454, 2.623816;0.9988075, 0.1692677, 2.89887;0.9601213, 0.1034249, 2.944295;1.024838, 0.1144978, 2.840268;0.9825033, -0.3663891, 3.009003;1.081902, -0.3382609, 2.713512;0.9898497, -0.7300736, 3.024594;1.122009, -0.6969087, 2.632725;0.9276522, -0.7969338, 2.995757;1.072572, -0.7720214, 2.581737;
0.9805079, 0.8124448, 2.973869;1.049705, 0.6607761, 2.932205;1.007199, 0.2512549, 2.901668;0.958377, 0.5176142, 3.102342;1.09795, 0.5211107, 2.797016;0.8543584, -0.002514356, 3.029623;0.9842647, 0.00517705, 2.623626;0.9987541, 0.169285, 2.898814;0.95998, 0.1036349, 2.944192;1.024803, 0.1145039, 2.840272;0.9824486, -0.3663547, 3.008958;1.081629, -0.338114, 2.713514;0.9930584, -0.7095795, 3.025224;1.122353, -0.696453, 2.633579;0.9261504, -0.7948536, 2.998781;1.072793, -0.7719408, 2.581873;
0.985681, 0.8126817, 2.961659;1.050077, 0.6603554, 2.931918;1.007184, 0.2513221, 2.901461;0.9584968, 0.5176829, 3.102258;1.098226, 0.5210817, 2.797103;0.8546526, -0.002555104, 3.029414;0.984575, 0.005361192, 2.622974;0.9986826, 0.1694345, 2.8986;0.9598158, 0.1036603, 2.944294;1.024657, 0.1143465, 2.839338;0.9822829, -0.3662298, 3.008657;1.081065, -0.3378683, 2.713495;0.9927354, -0.7107929, 3.025261;1.122216, -0.695844, 2.633519;0.9252319, -0.7950276, 3.001517;1.072789, -0.7719198, 2.582026;
0.9859222, 0.8134813, 2.96015;1.050397, 0.6601273, 2.930903;1.006964, 0.2521192, 2.9012;0.9588268, 0.5179098, 3.102467;1.100084, 0.5207917, 2.796847;0.8552063, -0.003010852, 3.028579;0.9849473, 0.006212483, 2.621312;0.9982738, 0.170679, 2.898509;0.9590893, 0.1045045, 2.944852;1.024417, 0.1147691, 2.839115;0.9824634, -0.3679718, 3.009699;1.081036, -0.3378287, 2.713444;0.9867414, -0.7273788, 3.023329;1.122466, -0.6966313, 2.633526;0.923206, -0.7984838, 3.004084;1.072731, -0.7720057, 2.581517;
0.9880387, 0.8150715, 2.955759;1.052299, 0.6610658, 2.930785;1.00693, 0.252802, 2.901133;0.9598145, 0.5203484, 3.10261;1.100595, 0.5211704, 2.797198;0.8552038, -0.003037086, 3.028572;0.9853161, 0.006351179, 2.621287;0.9979972, 0.171425, 2.898484;0.9587097, 0.1049308, 2.945151;1.023875, 0.1151768, 2.838853;0.9819908, -0.3688116, 3.009516;1.080893, -0.3377877, 2.713367;0.9866507, -0.7272442, 3.023267;1.12244, -0.6966868, 2.633523;0.9236186, -0.7984796, 3.0039;1.07318, -0.7719216, 2.581447;
0.9878374, 0.8156317, 2.955304;1.052569, 0.6608753, 2.93076;1.00688, 0.2527864, 2.9011;0.9603708, 0.5208194, 3.101592;1.100764, 0.5210922, 2.797295;0.8556296, -0.002884225, 3.028638;0.9858052, 0.006568894, 2.620508;0.9978692, 0.1714086, 2.898443;0.958551, 0.1049972, 2.945101;1.023601, 0.1151822, 2.838876;0.9813558, -0.3690768, 3.009089;1.080697, -0.3382463, 2.713048;0.9864954, -0.7303245, 3.022849;1.124521, -0.6990127, 2.635765;0.9237146, -0.7994153, 3.004519;1.073702, -0.7717193, 2.58181;
0.9874691, 0.8148978, 2.951849;1.053476, 0.6601274, 2.930555;1.007222, 0.2562854, 2.90216;0.9612737, 0.5228907, 3.102041;1.100895, 0.520993, 2.798066;0.8560761, -0.002691829, 3.028848;0.9858102, 0.006573249, 2.619973;0.9979417, 0.1769469, 2.90026;0.9584075, 0.1077277, 2.949618;1.022953, 0.1169603, 2.838423;0.9813687, -0.3691688, 3.009086;1.080451, -0.3380582, 2.713116;0.9862459, -0.731705, 3.023051;1.122374, -0.6973268, 2.634131;0.9231812, -0.7989644, 3.00467;1.073831, -0.7716779, 2.58146;
0.9878732, 0.8153824, 2.951802;1.053764, 0.6596803, 2.930929;1.0071, 0.2558621, 2.901999;0.9609395, 0.5213967, 3.098089;1.101451, 0.5205194, 2.79793;0.8559785, -0.001931169, 3.026777;0.9861515, 0.00669539, 2.619455;0.997671, 0.1761441, 2.899879;0.9579424, 0.1073449, 2.948991;1.022858, 0.1167011, 2.838313;0.9811379, -0.369727, 3.009013;1.080171, -0.3377827, 2.713133;0.9861051, -0.7322662, 3.023202;1.121957, -0.6972314, 2.634088;0.9262733, -0.7992735, 3.003686;1.073832, -0.7716702, 2.581491;
0.9877156, 0.8158195, 2.951825;1.053976, 0.6592817, 2.930461;1.007047, 0.2557402, 2.901936;0.960641, 0.5203317, 3.096152;1.101493, 0.5205321, 2.797949;0.8561511, -0.001993891, 3.026693;0.9864374, 0.006897442, 2.619481;0.997572, 0.1759378, 2.899836;0.9577102, 0.1068022, 2.949066;1.022767, 0.1166628, 2.838279;0.9811219, -0.36988, 3.009002;1.079546, -0.3373393, 2.713042;0.9872097, -0.7330526, 3.023493;1.121801, -0.697364, 2.633895;0.9272271, -0.7993079, 3.003978;1.073493, -0.7720677, 2.581652;
0.9875683, 0.8160938, 2.951773;1.053838, 0.6587113, 2.930592;1.006858, 0.2542087, 2.901197;0.9606566, 0.5203223, 3.096133;1.101505, 0.5205145, 2.797928;0.8545132, -0.001944401, 3.025068;0.9867828, 0.007033398, 2.618869;0.9973764, 0.173774, 2.898731;0.9575902, 0.1051944, 2.947508;1.022719, 0.1161512, 2.837929;0.980778, -0.3689864, 3.008803;1.079237, -0.3367751, 2.713003;0.9892747, -0.7219774, 3.02444;1.121304, -0.6975453, 2.633248;0.9250348, -0.7983679, 3.006114;1.073322, -0.7722552, 2.581764;
0.9872913, 0.8165455, 2.951862;1.053879, 0.6584627, 2.930649;1.006839, 0.2539358, 2.901174;0.9630337, 0.520564, 3.086134;1.102052, 0.5206531, 2.798063;0.8561443, -0.001926133, 3.025104;0.986964, 0.007014601, 2.618471;0.9973493, 0.1734203, 2.898704;0.9575865, 0.1051575, 2.947454;1.022684, 0.115933, 2.837986;0.9808542, -0.3690548, 3.008995;1.079184, -0.3369368, 2.712928;0.9898066, -0.7236916, 3.02487;1.121468, -0.697903, 2.633294;0.9278834, -0.7980281, 3.005129;1.073323, -0.7729531, 2.582044;
0.9872302, 0.8169847, 2.951843;1.053521, 0.6579225, 2.930253;1.006901, 0.2553931, 2.901079;0.962628, 0.5197649, 3.0867;1.102439, 0.5208331, 2.798256;0.8562733, -0.001956166, 3.025064;0.9870291, 0.006951265, 2.618454;0.9975859, 0.1757313, 2.898747;0.9576294, 0.1059328, 2.948248;1.022838, 0.1166799, 2.837137;0.9809785, -0.3686913, 3.008935;1.079066, -0.3369541, 2.712779;0.9889631, -0.7228711, 3.024246;1.121749, -0.6977648, 2.633621;0.9250816, -0.7963111, 3.005702;1.072981, -0.7727113, 2.581635;
0.9903673, 0.8187361, 2.949922;1.053508, 0.6579009, 2.930243;1.006733, 0.2545459, 2.900717;0.9622915, 0.5194259, 3.087026;1.102393, 0.5208378, 2.798237;0.8562833, -0.002115529, 3.024781;0.9871228, 0.007040402, 2.618378;0.9973454, 0.1743122, 2.898211;0.9574296, 0.1053977, 2.94753;1.022797, 0.1163763, 2.83705;0.9807997, -0.3684779, 3.008863;1.078796, -0.3370024, 2.712581;0.9892355, -0.7227952, 3.02414;1.121984, -0.6982166, 2.633597;0.9240855, -0.7964682, 3.005564;1.072895, -0.7727486, 2.581484;
0.9899229, 0.8192898, 2.949761;1.053614, 0.6578925, 2.930095;1.006734, 0.25455, 2.900708;0.9632726, 0.5195409, 3.091798;1.102396, 0.5208341, 2.798241;0.8564163, -0.002023224, 3.024595;0.987148, 0.006985846, 2.618215;0.997344, 0.1743129, 2.898207;0.9575076, 0.1056639, 2.947464;1.022701, 0.1164323, 2.837177;0.9810175, -0.369023, 3.00924;1.078724, -0.3373705, 2.712413;0.9895573, -0.730263, 3.024212;1.121591, -0.6980081, 2.633198;0.9254922, -0.7972445, 3.005692;1.073193, -0.7725509, 2.581351;
0.9915138, 0.8207966, 2.94884;1.052971, 0.6579502, 2.930247;1.00665, 0.2544856, 2.900801;0.9631965, 0.5218259, 3.099414;1.102092, 0.5207571, 2.798068;0.8565336, -0.002120688, 3.024531;0.9872601, 0.007003366, 2.61824;0.9972985, 0.1741937, 2.898334;0.9575841, 0.1055949, 2.947637;1.022613, 0.1163158, 2.837257;0.9809458, -0.368767, 3.00913;1.07864, -0.3373405, 2.712298;0.989787, -0.7294574, 3.024237;1.120884, -0.6976583, 2.63279;0.9246375, -0.7968742, 3.005066;1.073026, -0.7726293, 2.581161;
0.9909182, 0.8215959, 2.948608;1.052409, 0.6579896, 2.929674;1.006683, 0.2544529, 2.900717;0.9620128, 0.5206281, 3.095901;1.101892, 0.5211679, 2.797853;0.8574034, -0.002192352, 3.026833;0.9872691, 0.006942572, 2.618335;0.9974157, 0.1741061, 2.898273;0.9576936, 0.1056041, 2.947625;1.02294, 0.1162978, 2.83719;0.9794322, -0.3632522, 3.006898;1.07847, -0.3374506, 2.712127;0.9935441, -0.7163159, 3.024425;1.120896, -0.6977919, 2.632775;0.924859, -0.7951812, 3.006118;1.072834, -0.7724805, 2.580865;
0.9900132, 0.8223618, 2.949456;1.051554, 0.657756, 2.928218;1.006775, 0.2544302, 2.900628;0.960928, 0.5204822, 3.093251;1.101162, 0.5216857, 2.797325;0.8573047, -0.002303446, 3.027086;0.9871549, 0.006787868, 2.618412;0.9976509, 0.1740585, 2.898264;0.9582, 0.1058464, 2.947639;1.02337, 0.1163483, 2.837392;0.9794902, -0.3632928, 3.006822;1.078414, -0.3379129, 2.711846;0.9930987, -0.716417, 3.024894;1.120438, -0.6973348, 2.63244;0.9248129, -0.7950609, 3.006273;1.072907, -0.772248, 2.580708;
0.9837937, 0.8219565, 2.959888;1.050369, 0.6574355, 2.926888;1.006871, 0.2547914, 2.900596;0.9586948, 0.5235901, 3.096378;1.100799, 0.5224932, 2.796099;0.8545511, -0.001090582, 3.025804;0.9867092, 0.006690694, 2.618325;0.9979776, 0.1746595, 2.898439;0.9587471, 0.106826, 2.947673;1.02397, 0.1171073, 2.838134;0.9799569, -0.3634365, 3.00759;1.078257, -0.3381013, 2.711704;0.9931198, -0.7165885, 3.024839;1.120236, -0.6970387, 2.632433;0.9237905, -0.7947201, 3.006192;1.072974, -0.7722556, 2.580425;
0.9822559, 0.8222141, 2.96091;1.049926, 0.6574212, 2.926966;1.007807, 0.253497, 2.900121;0.9570935, 0.5233581, 3.094783;1.100152, 0.5214822, 2.79387;0.8541912, -0.0009630781, 3.026026;0.9851225, 0.006299939, 2.617265;0.9996973, 0.1725649, 2.897787;0.9609338, 0.1057619, 2.945212;1.026252, 0.1161573, 2.839017;0.9795331, -0.3642636, 3.00766;1.077828, -0.3385936, 2.711443;0.9878446, -0.7225459, 3.023129;1.120121, -0.6973621, 2.632172;0.9273144, -0.7950748, 3.006589;1.072804, -0.7724417, 2.580573;
0.9801104, 0.8222167, 2.96113;1.047905, 0.6567734, 2.925955;1.008301, 0.2525899, 2.900344;0.9549932, 0.5228989, 3.093784;1.097892, 0.5200965, 2.792701;0.8513736, 0.0003111547, 3.027155;0.9788858, 0.00688185, 2.613391;1.000756, 0.1712959, 2.898422;0.9621121, 0.10531, 2.945374;1.028114, 0.1151094, 2.841087;0.978567, -0.3595985, 3.005381;1.077479, -0.3416622, 2.710412;0.9921092, -0.7179233, 3.024352;1.119639, -0.6973234, 2.632223;0.9341547, -0.7903156, 2.988522;1.072717, -0.7725132, 2.580675;
0.9776561, 0.823103, 2.96194;1.04598, 0.6571696, 2.924884;1.008441, 0.2526891, 2.900328;0.9522443, 0.5238719, 3.0978;1.09644, 0.5205615, 2.792605;0.8497068, 0.0008780799, 3.027352;0.974944, 0.007986885, 2.610289;1.001183, 0.1715042, 2.898535;0.9629798, 0.1053564, 2.945542;1.028746, 0.1155668, 2.84138;0.9784634, -0.3599734, 3.005352;1.077497, -0.3414515, 2.710419;0.9919894, -0.7195117, 3.023915;1.119535, -0.697092, 2.632171;0.9264286, -0.7953602, 2.999496;1.072722, -0.7725149, 2.580698;
0.9730018, 0.8221033, 2.963713;1.044346, 0.6567697, 2.924423;1.009083, 0.2514847, 2.900554;0.9503683, 0.5244962, 3.102118;1.093245, 0.5207424, 2.792591;0.8453268, 0.002879713, 3.027671;0.9723294, 0.007558397, 2.610087;1.002457, 0.1698469, 2.899081;0.9650994, 0.1050134, 2.944787;1.030354, 0.1152934, 2.844156;0.978449, -0.3599904, 3.005362;1.077604, -0.3419784, 2.710381;0.9909118, -0.7181261, 3.023388;1.11922, -0.6970776, 2.632039;0.925321, -0.794966, 3.00016;1.072673, -0.7725279, 2.580697;
0.9629828, 0.8172288, 2.953716;1.039595, 0.6556745, 2.923909;1.009242, 0.2517005, 2.900667;0.9475771, 0.5254449, 3.105184;1.090919, 0.5207916, 2.792771;0.8390384, 0.001875353, 3.025686;0.9670159, 0.009999438, 2.607276;1.003206, 0.1705309, 2.899456;0.9665277, 0.1055064, 2.945421;1.031352, 0.1160158, 2.84443;0.9789324, -0.3623834, 3.006109;1.077628, -0.3426735, 2.710453;0.9898114, -0.7186821, 3.023333;1.119316, -0.6974906, 2.631809;0.9253727, -0.7971516, 3.001258;1.072627, -0.7726069, 2.580385;
0.953218, 0.8135161, 2.947924;1.028414, 0.6517886, 2.913788;1.009342, 0.2522904, 2.90033;0.9421419, 0.5122083, 3.099274;1.086429, 0.5188664, 2.790494;0.8345509, 0.000529798, 3.026171;0.9627401, 0.01007371, 2.60655;1.004139, 0.171993, 2.899534;0.9691279, 0.1049407, 2.948375;1.032439, 0.116309, 2.843268;0.9788846, -0.3592403, 3.005439;1.078207, -0.3449227, 2.710388;0.9938579, -0.7054933, 3.024403;1.118686, -0.6968667, 2.630969;0.9235567, -0.791404, 3.001611;1.07252, -0.7726371, 2.58029;
0.9464294, 0.8093617, 2.94236;1.021252, 0.6484085, 2.911587;1.010651, 0.2506945, 2.899598;0.9390285, 0.5074727, 3.095665;1.081788, 0.5178448, 2.78937;0.8264285, -0.004436, 3.023557;0.9569087, 0.01126602, 2.604875;1.007715, 0.1699515, 2.899145;0.9756101, 0.1018813, 2.947944;1.037755, 0.1147222, 2.843117;0.978189, -0.3582142, 3.004487;1.079103, -0.3474053, 2.709582;0.9938049, -0.7057889, 3.023786;1.119564, -0.6978429, 2.632219;0.9236355, -0.7908085, 3.00192;1.072495, -0.7726765, 2.580286;
0.9334368, 0.8058467, 2.938445;1.012044, 0.6461275, 2.908463;1.011381, 0.251892, 2.899857;0.9314083, 0.5073373, 3.099203;1.073615, 0.5143313, 2.789093;0.8241423, -0.004740301, 3.025023;0.9519147, 0.01047768, 2.603125;1.010877, 0.173298, 2.90075;0.9805171, 0.1032238, 2.953073;1.042338, 0.1168843, 2.843021;0.9766337, -0.3567764, 3.003158;1.079025, -0.3485629, 2.709108;0.9927588, -0.7079079, 3.022633;1.119353, -0.6979685, 2.631605;0.9237112, -0.7902287, 3.002701;1.072236, -0.7729483, 2.579957;
0.9167249, 0.8010033, 2.931464;1.00298, 0.6414691, 2.903841;1.012224, 0.2522247, 2.900269;0.9210306, 0.5028477, 3.079849;1.066079, 0.5104368, 2.788409;0.8212705, -0.00696604, 3.025055;0.9454222, 0.007784203, 2.602109;1.014032, 0.1745594, 2.902636;0.9877982, 0.1000192, 2.962489;1.04741, 0.116713, 2.842474;0.9732256, -0.359986, 3.003129;1.078268, -0.3499904, 2.707954;0.9902544, -0.7183555, 3.022416;1.119617, -0.6991235, 2.631067;0.9344201, -0.7993109, 2.982937;1.071694, -0.773318, 2.579473;
0.9088229, 0.793857, 2.928263;0.9839597, 0.6263436, 2.907545;1.014179, 0.2487124, 2.903103;0.9152824, 0.4938515, 3.077536;1.056973, 0.4985604, 2.783087;0.8111146, -0.01357906, 3.02422;0.9307647, -0.002847813, 2.594502;1.018956, 0.1710332, 2.906578;0.9966298, 0.08946815, 2.971972;1.056748, 0.1105597, 2.84307;0.9643391, -0.3639675, 3.003189;1.073117, -0.3560967, 2.704267;0.9889202, -0.7261313, 3.022272;1.115921, -0.7011613, 2.628947;0.8999583, -0.8019804, 2.996805;1.070855, -0.7742522, 2.579206;
0.8889189, 0.7735643, 2.920247;0.9735591, 0.6091369, 2.903151;1.017224, 0.2378627, 2.909768;0.9053108, 0.4815604, 3.07442;1.049071, 0.4895567, 2.780203;0.7982317, -0.03486308, 3.012774;0.9230172, -0.01192677, 2.591064;1.025221, 0.1614074, 2.915316;1.003699, 0.07811294, 2.984536;1.066762, 0.09782276, 2.850432;0.9596173, -0.3662758, 3.002673;1.070901, -0.3634284, 2.699934;0.9856972, -0.7324138, 3.020429;1.114839, -0.702095, 2.627972;0.8975673, -0.8042647, 2.996023;1.070077, -0.7757885, 2.580432;
0.8723217, 0.7578782, 2.916863;0.9572498, 0.5894827, 2.898318;1.020865, 0.2283012, 2.912053;0.888881, 0.4554183, 3.075552;1.037246, 0.476642, 2.777583;0.7873357, -0.05461392, 3.006591;0.9214072, -0.01969351, 2.587312;1.032279, 0.1531165, 2.918526;1.012131, 0.07028387, 2.988528;1.077824, 0.09066005, 2.852821;0.952756, -0.3637278, 3.001214;1.067872, -0.3666931, 2.696021;0.9796611, -0.700666, 3.024674;1.112752, -0.7035621, 2.626642;0.9036211, -0.7894213, 2.998253;1.068414, -0.776252, 2.579638;
0.8452886, 0.7222915, 2.913679;0.9407074, 0.5671533, 2.897367;1.022345, 0.2087317, 2.915438;0.8743343, 0.4269873, 3.066992;1.026299, 0.4576609, 2.774097;0.7782387, -0.07143513, 3.006037;0.919732, -0.03801106, 2.586812;1.037463, 0.1360031, 2.922501;1.019053, 0.05401691, 2.991467;1.086306, 0.07616889, 2.857688;0.9458719, -0.3706375, 3.000299;1.061628, -0.3740177, 2.690804;0.9862904, -0.731788, 3.023258;1.108023, -0.706033, 2.622834;0.9009756, -0.7925295, 2.997414;1.067997, -0.7768508, 2.579966;
0.8398129, 0.71323, 2.908996;0.9291717, 0.5521041, 2.896886;1.021481, 0.1871594, 2.92028;0.8616307, 0.4023741, 3.058992;1.01045, 0.4300008, 2.770059;0.76621, -0.09349135, 3.006346;0.9146889, -0.0537389, 2.579199;1.039799, 0.1133302, 2.928719;1.023356, 0.03316959, 2.998498;1.091756, 0.05306864, 2.864629;0.9417523, -0.3724905, 2.999691;1.058901, -0.3781355, 2.688109;0.9788128, -0.7196424, 3.025934;1.106018, -0.7073497, 2.621017;0.9091511, -0.7898175, 2.998167;1.067282, -0.7773048, 2.579622;
0.8167, 0.6694134, 2.89445;0.9177343, 0.5186109, 2.888201;1.023041, 0.1626654, 2.922989;0.8521782, 0.3812084, 3.054159;1.008106, 0.4165093, 2.7698;0.7557176, -0.1050949, 3.004615;0.913019, -0.0684583, 2.57372;1.043556, 0.09065097, 2.933167;1.02614, 0.01714973, 2.999543;1.097778, 0.03552885, 2.874738;0.9360107, -0.3792624, 3.00011;1.055433, -0.3819066, 2.68554;0.9761988, -0.7221963, 3.023509;1.105763, -0.7078748, 2.62086;0.9084101, -0.7920873, 3.000524;1.066984, -0.7774109, 2.578521;
0.81188, 0.6597599, 2.892593;0.9075742, 0.500114, 2.884829;1.024705, 0.1483382, 2.927995;0.8451714, 0.3660476, 3.048174;1.001478, 0.3832494, 2.762071;0.7294691, -0.1641731, 2.994928;0.9065539, -0.08974177, 2.570339;1.047697, 0.07662806, 2.940162;1.033587, 0.0009271568, 3.008475;1.105378, 0.01898312, 2.885972;0.9303758, -0.3878508, 2.998215;1.052207, -0.3865556, 2.682543;0.9750689, -0.7216046, 3.022941;1.105377, -0.7089448, 2.620342;0.9156741, -0.7932694, 3.001549;1.064905, -0.7786264, 2.57796;
0.7916615, 0.6307513, 2.884394;0.8907685, 0.4642326, 2.880488;1.029914, 0.1228012, 2.927617;0.8261493, 0.3104079, 3.040101;0.993145, 0.3719076, 2.765799;0.7299169, -0.170691, 2.998356;0.8796045, -0.1560569, 2.560055;1.056817, 0.05318441, 2.940448;1.044832, -0.02163313, 3.006178;1.115657, 0.004473832, 2.888056;0.922114, -0.4040212, 2.998456;1.048035, -0.3918096, 2.679845;0.974926, -0.7233552, 3.023581;1.104075, -0.7101496, 2.618747;0.9153037, -0.7935948, 3.001649;1.06535, -0.7789273, 2.576472;
0.7805439, 0.607397, 2.878683;0.8821334, 0.4408924, 2.87587;1.029924, 0.1088879, 2.920251;0.8233891, 0.3020613, 3.034443;0.9860183, 0.3432295, 2.764442;0.7148444, -0.2212942, 2.990699;0.8704004, -0.1795249, 2.544713;1.05859, 0.04167603, 2.932932;1.04786, -0.03299485, 2.996844;1.11975, -0.004595893, 2.881355;0.9152729, -0.4111406, 2.998991;1.046093, -0.39315, 2.678286;0.9744697, -0.7137072, 3.024049;1.103398, -0.7105354, 2.618294;0.9155024, -0.7938858, 3.001832;1.063904, -0.7791259, 2.576378;
0.7732165, 0.5751939, 2.860839;0.8755012, 0.4130865, 2.869804;1.028476, 0.09140795, 2.906722;0.809693, 0.2624345, 3.018122;0.9768817, 0.3191648, 2.759571;0.7108738, -0.2253424, 2.991235;0.8731141, -0.1860486, 2.546708;1.058598, 0.02628455, 2.91781;1.047773, -0.05066721, 2.980408;1.123201, -0.01525192, 2.864521;0.9073059, -0.4241258, 3.002006;1.044037, -0.3972436, 2.675411;0.966779, -0.7160399, 3.020922;1.10332, -0.7104686, 2.617583;0.9171022, -0.7966152, 3.003968;1.06339, -0.7781475, 2.574378;
0.7621797, 0.5260482, 2.852252;0.872192, 0.3932062, 2.865947;1.005006, 0.0386872, 2.923042;0.8070026, 0.2566181, 3.015322;0.9734955, 0.294859, 2.756334;0.7070094, -0.2390199, 2.991019;0.8600795, -0.2215689, 2.535586;1.03194, -0.02998533, 2.938471;1.021243, -0.09394117, 2.992335;1.088569, -0.08313827, 2.901668;0.8839048, -0.4681666, 3.004292;1.037362, -0.4129314, 2.667414;0.9707165, -0.7259436, 3.021855;1.10211, -0.7115343, 2.617068;0.9206803, -0.7989919, 3.003568;1.06169, -0.7798762, 2.575667;
0.7551647, 0.5084351, 2.852582;0.8595238, 0.3496066, 2.86029;1.00638, 0.02471031, 2.922521;0.8000963, 0.2008907, 3.000525;0.9666497, 0.2717634, 2.752869;0.6985782, -0.2623146, 2.995819;0.8536937, -0.2566804, 2.530981;1.03467, -0.04252764, 2.938254;1.02411, -0.1061731, 2.991225;1.091884, -0.09070347, 2.902355;0.8768191, -0.4752932, 3.005768;1.034122, -0.4238288, 2.666211;0.970373, -0.7259176, 3.020917;1.102596, -0.7169085, 2.616459;0.920751, -0.7994388, 3.003107;1.060575, -0.7806776, 2.573627;
0.7429773, 0.4800639, 2.840097;0.8525242, 0.3323183, 2.858796;1.005016, 0.005072701, 2.919121;0.796389, 0.1920345, 3.000538;0.9648117, 0.2449493, 2.753253;0.6930754, -0.2866699, 2.99752;0.8510398, -0.2706739, 2.529673;1.035137, -0.06010574, 2.93485;1.025572, -0.1228781, 2.989216;1.095762, -0.1105245, 2.897331;0.8642671, -0.4846938, 3.006907;1.030954, -0.4342816, 2.661454;0.9691088, -0.7237831, 3.018809;1.101602, -0.7264019, 2.611774;0.8930197, -0.8014659, 3.000114;1.054927, -0.7880678, 2.570795;
0.7296163, 0.4540726, 2.833925;0.8424829, 0.2994546, 2.848557;1.003846, -0.01402565, 2.916986;0.7916375, 0.1554346, 2.992153;0.9605491, 0.2224332, 2.750065;0.6832908, -0.3215956, 2.988361;0.8512819, -0.2892693, 2.534813;1.035424, -0.07747993, 2.933784;1.027102, -0.1444432, 2.98995;1.097696, -0.1219943, 2.896935;0.8494365, -0.497524, 3.008357;1.026031, -0.4418653, 2.659022;0.9741659, -0.7114367, 3.023135;1.103874, -0.7318305, 2.612751;0.8952638, -0.7974132, 3.002879;1.053024, -0.7886139, 2.569699;
0.7241029, 0.4355228, 2.828451;0.8361858, 0.2702051, 2.841895;1.007633, -0.04096343, 2.911779;0.78633, 0.1361547, 2.989519;0.9536617, 0.1885653, 2.741173;0.6742653, -0.3515363, 2.985475;0.8516306, -0.3079926, 2.533676;1.041601, -0.1033392, 2.929198;1.032795, -0.1640198, 2.986832;1.106134, -0.1446623, 2.89218;0.8422539, -0.5087107, 3.012708;1.023225, -0.4893508, 2.648565;0.9648665, -0.7262226, 3.014766;1.119716, -0.7733252, 2.614371;0.8941915, -0.7994782, 3.001827;1.046294, -0.7827688, 2.567792;
0.7101902, 0.38185, 2.82113;0.8326564, 0.239733, 2.830346;0.9964445, -0.07225488, 2.897378;0.7781062, 0.1137915, 2.991007;0.9542737, 0.1719246, 2.741897;0.6733025, -0.3609913, 2.987779;0.8538426, -0.3138652, 2.530109;1.029086, -0.1346236, 2.914321;1.021426, -0.204609, 2.967179;1.093121, -0.1822087, 2.879502;0.8808258, -0.4469709, 3.008029;1.021429, -0.499561, 2.641101;0.9637569, -0.7268233, 3.014768;1.116341, -0.7832515, 2.607224;0.9040312, -0.7978687, 3.002685;1.041382, -0.7774775, 2.562775;
0.7006544, 0.3494052, 2.811301;0.8283558, 0.2192842, 2.824057;0.9950649, -0.08406294, 2.89443;0.7853955, 0.06730521, 2.976802;0.9468811, 0.1352071, 2.733805;0.6675447, -0.4125409, 2.99295;0.8212849, -0.398262, 2.521521;1.028193, -0.1450247, 2.911899;1.023838, -0.2131599, 2.967492;1.091212, -0.1897674, 2.876732;0.8783703, -0.4561363, 3.01035;1.020017, -0.5054317, 2.637456;0.964937, -0.7271099, 3.015946;1.115064, -0.7882308, 2.603561;0.9033099, -0.8001532, 3.006256;1.038349, -0.7761174, 2.563882;
0.6981198, 0.320248, 2.797019;0.8235213, 0.1868081, 2.817944;0.9882554, -0.1123441, 2.88576;0.7854206, 0.04605626, 2.969931;0.9476626, 0.1193082, 2.732122;0.6654459, -0.4236704, 2.993761;0.8170765, -0.4195572, 2.515785;1.02123, -0.1720758, 2.902937;1.020358, -0.2452339, 2.959041;1.084275, -0.2153302, 2.868351;0.8755909, -0.4612127, 3.00978;1.020511, -0.4926689, 2.647994;0.9697469, -0.7329469, 3.017257;1.099061, -0.7184201, 2.614065;0.9034163, -0.7994835, 3.003912;1.056401, -0.7829401, 2.574042;
0.6919858, 0.2987583, 2.792911;0.8182895, 0.1569872, 2.815184;0.9861567, -0.1288359, 2.880598;0.7811056, 0.02133084, 2.965413;0.937674, 0.08852857, 2.724734;0.6570446, -0.4615001, 2.988747;0.8190595, -0.4356333, 2.514527;1.019579, -0.1866017, 2.897425;1.020995, -0.257107, 2.954035;1.081989, -0.2282201, 2.86265;0.8730392, -0.4630357, 3.010132;1.016377, -0.5005592, 2.648301;0.9682446, -0.7276579, 3.017462;1.097613, -0.7197375, 2.613897;0.9036393, -0.7980286, 3.005006;1.055705, -0.7845192, 2.573785;
0.6842308, 0.2761336, 2.786528;0.8130346, 0.1334285, 2.804442;0.9860113, -0.1497818, 2.875664;0.7698096, -0.0004602834, 2.965979;0.9315434, 0.06911133, 2.721504;0.6535546, -0.4940279, 2.989186;0.8197662, -0.4660873, 2.50648;1.020428, -0.2065154, 2.893422;1.022089, -0.2765251, 2.951289;1.08386, -0.2437027, 2.85928;0.8699979, -0.5267611, 3.025558;1.013824, -0.5057589, 2.646716;0.9627588, -0.7389019, 3.015805;1.097042, -0.7211018, 2.614159;0.9033771, -0.8011343, 3.004393;1.05518, -0.7852823, 2.573443;
0.6769162, 0.222996, 2.783742;0.809498, 0.09410243, 2.800662;0.9898645, -0.18367, 2.875858;0.7671447, -0.02572478, 2.962273;0.936063, 0.0351152, 2.717817;0.6300309, -0.5289825, 2.96935;0.8177798, -0.4854013, 2.499953;1.025799, -0.2394646, 2.894362;1.025631, -0.305241, 2.950101;1.090598, -0.271551, 2.862412;0.9072963, -0.6433926, 3.05144;1.010722, -0.5102439, 2.643984;0.9625434, -0.7431868, 3.015286;1.095882, -0.7255642, 2.612612;0.9011226, -0.8027682, 3.002136;1.052704, -0.7885389, 2.571804;
0.6745713, 0.2173637, 2.781285;0.8075371, 0.07650028, 2.798954;0.9915031, -0.2021838, 2.870191;0.7723973, -0.06420349, 2.956923;0.9322352, 0.0230379, 2.712923;0.651148, -0.5316712, 2.994537;0.80489, -0.5298854, 2.489382;1.028286, -0.2580368, 2.887894;1.035591, -0.3336688, 2.942481;1.091511, -0.2917344, 2.854594;0.9037381, -0.6348262, 3.050929;1.004708, -0.5087047, 2.64183;0.95919, -0.7464287, 3.01402;1.096385, -0.725945, 2.612451;0.8978508, -0.8060303, 3.001857;1.052883, -0.7883533, 2.571517;
0.6679029, 0.1792525, 2.770195;0.8055788, 0.05285149, 2.795495;0.9927628, -0.2071458, 2.868803;0.7615001, -0.08002131, 2.963876;0.9258628, -0.00453209, 2.712053;0.6441726, -0.55998, 2.998291;0.8148054, -0.5464491, 2.488274;1.02965, -0.261008, 2.886813;1.038576, -0.3368428, 2.944366;1.096315, -0.2975411, 2.851193;0.9030645, -0.6330931, 3.046195;0.984518, -0.5092504, 2.633707;0.9589949, -0.7506987, 3.010279;1.095447, -0.728393, 2.610197;0.8945784, -0.8071993, 3.000942;1.053026, -0.7894191, 2.566548;
0.6687471, 0.1665018, 2.766569;0.8047596, 0.03017137, 2.792202;0.9930915, -0.2092939, 2.868161;0.7701724, -0.1195332, 2.955814;0.9253707, -0.01888417, 2.709688;0.6514861, -0.5695189, 3.003587;0.8203305, -0.5504802, 2.484925;1.029904, -0.2613579, 2.886467;1.039904, -0.3371657, 2.948593;1.099136, -0.2973999, 2.848301;0.9006416, -0.6407629, 3.042803;0.9212874, -0.5297043, 2.577905;0.9578804, -0.74841, 3.006102;1.075998, -0.780493, 2.574712;0.8954535, -0.8073429, 3.000955;0.9909602, -0.7752631, 2.586454;
0.6665864, 0.1569166, 2.763721;0.8033967, 0.02059087, 2.792743;0.9913624, -0.2196489, 2.868571;0.7668403, -0.1146527, 2.952445;0.9246358, -0.03913527, 2.709665;0.6521273, -0.5997019, 3.004348;0.8284147, -0.5498889, 2.482169;1.028751, -0.2683776, 2.886889;1.038711, -0.3412498, 2.953241;1.099829, -0.3064507, 2.846165;0.9072599, -0.6856443, 3.035342;0.9134589, -0.5355629, 2.579605;0.9380467, -0.7193661, 2.996217;1.06998, -0.7856451, 2.569642;0.8970647, -0.8009436, 3.004827;1.021005, -0.734231, 2.617965;
0.6643357, 0.1403635, 2.762686;0.800867, -0.0001982874, 2.793294;0.9907863, -0.2257864, 2.868205;0.7645241, -0.1146494, 2.950814;0.9229414, -0.05088383, 2.709028;0.6520705, -0.6012691, 3.005797;0.8353707, -0.549939, 2.481327;1.028477, -0.2722358, 2.88656;1.039942, -0.3445861, 2.956939;1.101862, -0.3123242, 2.84341;0.9133633, -0.6246938, 3.037169;0.9129202, -0.5386723, 2.577056;0.9437221, -0.734019, 2.998105;1.068668, -0.7890236, 2.567244;0.9014288, -0.8085216, 2.994266;1.039852, -0.735123, 2.627398;
0.6634196, 0.1313832, 2.762287;0.8004373, -0.005905116, 2.794121;0.992611, -0.2275181, 2.8678;0.7632322, -0.1153613, 2.950016;0.9215604, -0.05607305, 2.708884;0.6520736, -0.6024985, 3.001286;0.8379486, -0.554877, 2.480868;1.03082, -0.2732742, 2.885991;1.045464, -0.343494, 2.957404;1.104903, -0.3124921, 2.842277;0.8453115, -0.5385194, 3.008172;0.9521039, -0.4976529, 2.629044;0.9581337, -0.7919361, 3.003199;1.095857, -0.7254575, 2.616872;0.8743652, -0.8054435, 2.992079;1.061808, -0.7889141, 2.570642;
0.6624272, 0.1275888, 2.761284;0.8006696, -0.009268166, 2.793113;0.9980347, -0.2422166, 2.870214;0.7614233, -0.1157265, 2.94851;0.9211703, -0.05930787, 2.708786;0.65151, -0.6050705, 2.999714;0.8439315, -0.559409, 2.480238;1.037852, -0.2898346, 2.889561;1.047179, -0.3510654, 2.956746;1.107887, -0.319347, 2.848018;0.7017251, -0.5091411, 3.015195;1.036594, -0.6002066, 2.639319;0.8287237, -0.7693279, 3.042992;1.178585, -0.8194048, 2.62429;0.8868986, -0.8194492, 3.005334;1.077052, -0.7823631, 2.582964;
0.6621222, 0.1262484, 2.760674;0.7986904, -0.01324892, 2.79328;0.9985211, -0.2497154, 2.87109;0.7608195, -0.1165446, 2.947901;0.9206099, -0.0609781, 2.708463;0.6509621, -0.6058204, 2.998604;0.8459317, -0.5612379, 2.479903;1.038831, -0.2974925, 2.890393;1.04737, -0.3602222, 2.956107;1.10852, -0.3248686, 2.850132;0.6888124, -0.4878454, 3.007038;1.037628, -0.6001832, 2.638903;0.8146533, -0.7478025, 3.037191;1.179619, -0.8193815, 2.623934;0.8879964, -0.808274, 2.99883;1.077117, -0.7824211, 2.585199;
0.6620619, 0.1262332, 2.760836;0.7976163, -0.01437258, 2.793058;0.9918308, -0.2615598, 2.873714;0.7596464, -0.1167045, 2.946692;0.92009, -0.06152275, 2.70821;0.651081, -0.6063896, 2.999366;0.849427, -0.5582058, 2.481477;1.030308, -0.3124552, 2.893891;1.033618, -0.3793898, 2.957776;1.098579, -0.3419445, 2.857743;0.6708626, -0.4902325, 3.012867;1.038571, -0.5996655, 2.636352;0.8078004, -0.7451081, 3.039029;1.180562, -0.8188638, 2.62143;0.8869404, -0.8075157, 2.999451;1.077484, -0.7806551, 2.585836;
0.6617779, 0.1265843, 2.760937;0.7968771, -0.01507563, 2.793324;0.988284, -0.2391054, 2.869251;0.7574152, -0.1165581, 2.945648;0.9191694, -0.0623393, 2.707597;0.6513067, -0.6044675, 3.000006;0.8513222, -0.5624346, 2.478112;1.026077, -0.2761618, 2.886178;1.044844, -0.3432875, 2.969798;1.105303, -0.3183756, 2.836838;0.6975424, -0.5022147, 3.004102;1.038933, -0.6009466, 2.635895;0.8324878, -0.7582097, 3.028543;1.180925, -0.8201449, 2.62104;0.8902611, -0.8110656, 2.9946;1.078011, -0.7810888, 2.586173;
0.6611827, 0.1272199, 2.760335;0.7957057, -0.01446344, 2.792681;0.9888806, -0.2367713, 2.868404;0.7554929, -0.1169168, 2.94574;0.9186746, -0.06247102, 2.707298;0.6534864, -0.6053162, 3.002608;0.849968, -0.567161, 2.475166;1.026751, -0.2756259, 2.88582;1.045521, -0.3423721, 2.968336;1.106058, -0.3163227, 2.836999;0.6990215, -0.5012077, 3.004351;1.040586, -0.60256, 2.635513;0.8335017, -0.7576325, 3.026333;1.182577, -0.8217583, 2.620718;0.8960651, -0.8059109, 2.994259;1.07932, -0.7818494, 2.58817;
0.6607249, 0.1287727, 2.760469;0.7953832, -0.0139452, 2.791979;0.9894611, -0.2379605, 2.867822;0.7545179, -0.116617, 2.945261;0.9182761, -0.06269825, 2.706733;0.6525401, -0.6049151, 3.003789;0.8495576, -0.5714328, 2.471999;1.028496, -0.2804208, 2.885351;1.044003, -0.3469417, 2.96358;1.105804, -0.3171355, 2.837586;0.6971753, -0.5013289, 3.00606;0.9552332, -0.5088667, 2.633583;0.9396676, -0.7425913, 3.009166;1.098496, -0.7232894, 2.61502;0.8902116, -0.8102601, 2.994156;1.063577, -0.7918923, 2.578626;
0.6602417, 0.129086, 2.760953;0.7952038, -0.01328183, 2.791327;0.9878218, -0.2389931, 2.866063;0.746906, -0.1657391, 2.976918;0.9172904, -0.06319317, 2.70572;0.6484826, -0.6138123, 3.005115;0.8496376, -0.5712976, 2.47109;1.026032, -0.2829308, 2.88329;1.03796, -0.3601392, 2.958832;1.104581, -0.3183097, 2.836633;0.6873113, -0.5008788, 3.010784;0.9596738, -0.5097434, 2.629463;0.8332517, -0.7490112, 3.039462;1.098828, -0.7228329, 2.615652;0.8848864, -0.8068106, 3.002109;1.063624, -0.7911391, 2.578968;
0.6602148, 0.1315663, 2.765807;0.7944928, -0.01341868, 2.791522;0.9878595, -0.2422833, 2.865156;0.7466166, -0.1657512, 2.976893;0.9158628, -0.06377708, 2.705484;0.648802, -0.6122595, 3.005088;0.8490515, -0.5692959, 2.467316;1.026564, -0.2882763, 2.882187;1.037194, -0.3662748, 2.951041;1.103744, -0.3187988, 2.837776;0.686321, -0.4985225, 3.014169;0.9590806, -0.5107931, 2.629099;0.8216911, -0.7526348, 3.04143;1.098709, -0.7228131, 2.615538;0.8830911, -0.8090664, 3.004078;1.063503, -0.7912419, 2.579137;
0.6603267, 0.1320684, 2.766335;0.7942115, -0.01239749, 2.791481;0.9879556, -0.2448165, 2.864638;0.746372, -0.1654796, 2.976588;0.9148619, -0.06476275, 2.705305;0.6479424, -0.610591, 3.008302;0.8484758, -0.5672868, 2.464731;1.026817, -0.2925644, 2.881751;1.03569, -0.3693171, 2.946932;1.101922, -0.3201827, 2.840164;0.6865451, -0.5015241, 3.014257;0.9581745, -0.510442, 2.627765;0.8227023, -0.7545899, 3.043144;1.098741, -0.7227693, 2.61545;0.8781147, -0.8087907, 3.003419;1.063727, -0.7915003, 2.579477;
0.6608216, 0.1328355, 2.765662;0.793642, -0.009917882, 2.791142;0.9896822, -0.2435468, 2.864062;0.7463695, -0.1654655, 2.97637;0.9128247, -0.06561748, 2.705243;0.6456984, -0.6091493, 3.008307;0.8479465, -0.5654926, 2.463331;1.029331, -0.291013, 2.881275;1.04, -0.36477, 2.944628;1.102979, -0.3164611, 2.8412;0.6926847, -0.5018984, 3.010796;0.827688, -0.4429783, 2.5947;0.8285743, -0.7547822, 3.040957;1.099325, -0.7197187, 2.615911;0.8811972, -0.8099442, 3.003168;1.06715, -0.7882615, 2.577096;
0.6625022, 0.1342574, 2.767755;0.7932425, -0.007644402, 2.790653;0.9917487, -0.2415848, 2.863243;0.7465301, -0.1647645, 2.975749;0.9118191, -0.06586195, 2.705405;0.6439468, -0.6076297, 3.008479;0.8486418, -0.5620955, 2.463672;1.03205, -0.2887776, 2.880528;1.044199, -0.3598111, 2.94318;1.104233, -0.3143479, 2.841178;0.701087, -0.5061585, 3.008156;0.8301027, -0.4421153, 2.595055;0.8374581, -0.7582707, 3.040303;1.100302, -0.7179348, 2.616358;0.8898524, -0.8123088, 3.00068;1.065742, -0.7869022, 2.580521;
0.6642436, 0.1405791, 2.76995;0.7925167, -0.002575994, 2.791439;0.9764468, -0.2563173, 2.86059;0.7466816, -0.1643931, 2.975677;0.9109688, -0.06568076, 2.705459;0.64057, -0.6132103, 3.006655;0.8485689, -0.5622677, 2.462025;1.008754, -0.3133492, 2.876639;1.006637, -0.3968982, 2.938276;1.073972, -0.348692, 2.836694;0.6535035, -0.5044888, 3.019319;0.8089234, -0.4455571, 2.566506;0.7938625, -0.7533057, 3.055718;1.099541, -0.7179378, 2.616057;0.8839061, -0.8054844, 3.006697;1.065561, -0.7891729, 2.584425;
0.6674562, 0.1469953, 2.774728;0.7932606, 0.001430984, 2.790491;0.9771039, -0.2545235, 2.861202;0.7468527, -0.1617801, 2.97452;0.910951, -0.06543919, 2.705566;0.6346624, -0.6097267, 3.009627;0.8483585, -0.5627583, 2.460358;1.011474, -0.3084599, 2.87866;1.01482, -0.3831688, 2.945623;1.080762, -0.3399922, 2.839234;0.6678506, -0.5194881, 3.010467;0.8156326, -0.4457854, 2.572967;0.8095195, -0.7670009, 3.048796;1.099699, -0.7168261, 2.616234;0.8839859, -0.8071494, 3.006041;1.063722, -0.7888957, 2.589066;
0.6720461, 0.1570679, 2.777594;0.7954906, 0.01040956, 2.789493;0.9774269, -0.2415572, 2.861761;0.7486036, -0.1399187, 2.967916;0.9110446, -0.06378467, 2.705957;0.6370705, -0.5983486, 3.014393;0.8464826, -0.5603443, 2.458923;1.012717, -0.2914248, 2.879762;1.018057, -0.3593335, 2.953299;1.083386, -0.3311372, 2.836685;0.6832833, -0.5302473, 3.00095;0.820729, -0.4453915, 2.571759;0.8143321, -0.7838257, 3.037854;1.099743, -0.7167289, 2.616848;0.8923869, -0.8082088, 3.005693;1.065357, -0.790017, 2.590999;
0.6754763, 0.161774, 2.783505;0.7964779, 0.01646907, 2.79004;0.9793704, -0.2371562, 2.862118;0.7501823, -0.1276433, 2.96752;0.9112904, -0.05924914, 2.708103;0.6351684, -0.5993804, 3.014587;0.8417661, -0.5561636, 2.456779;1.015183, -0.2874323, 2.880036;1.021428, -0.3538009, 2.950965;1.085113, -0.3249818, 2.837769;0.7973658, -0.4943266, 2.980066;0.9125992, -0.5550293, 2.575139;0.9287723, -0.73308, 3.002199;1.090323, -0.7853986, 2.575682;0.8898277, -0.8084981, 3.003055;1.028434, -0.7710173, 2.631969;
0.6843209, 0.1818249, 2.791582;0.7988217, 0.03913709, 2.791284;0.9841925, -0.2264807, 2.862244;0.7553468, -0.1011554, 2.968516;0.9137546, -0.04644115, 2.709926;0.6249077, -0.5899698, 3.003121;0.8352246, -0.5516843, 2.455237;1.020654, -0.2786505, 2.879949;1.027617, -0.3462822, 2.951384;1.089485, -0.3166265, 2.835501;0.7123892, -0.5496689, 2.994775;0.9201618, -0.5533653, 2.578182;0.8583765, -0.7950065, 3.028716;1.092682, -0.7871516, 2.579569;0.9194264, -0.8189472, 2.974902;1.018835, -0.7775705, 2.620202;
0.689701, 0.1886693, 2.795635;0.804427, 0.04725135, 2.794978;0.9820669, -0.2264682, 2.863058;0.7568856, -0.09725098, 2.969433;0.9157906, -0.03917369, 2.710908;0.6172796, -0.5779381, 3.003956;0.8284431, -0.5471866, 2.455473;1.016619, -0.2799534, 2.880826;1.020555, -0.3485186, 2.950623;1.080616, -0.3215002, 2.837545;0.7072613, -0.5530371, 2.99617;1.020594, -0.6044698, 2.620406;0.8526903, -0.7985916, 3.030275;1.092836, -0.7135198, 2.616875;0.9185618, -0.8108903, 2.978333;1.061157, -0.7881725, 2.59214;
0.6955426, 0.1968925, 2.800646;0.8082327, 0.05887403, 2.795927;0.9821494, -0.2260372, 2.862756;0.7597262, -0.08864862, 2.970617;0.9160239, -0.03341949, 2.712261;0.6111112, -0.5746893, 2.999877;0.8230838, -0.5380758, 2.458146;1.016652, -0.2800035, 2.880446;1.020435, -0.3488865, 2.950034;1.080566, -0.321575, 2.836088;0.6941586, -0.5325224, 2.989184;1.002451, -0.5838571, 2.611339;0.9330032, -0.7423559, 3.003416;1.086437, -0.7120023, 2.615886;0.9003695, -0.8192365, 2.989276;1.042277, -0.8011203, 2.587641;
0.7278894, 0.2544695, 2.817791;0.8116299, 0.06913146, 2.798373;0.9813781, -0.2229987, 2.861487;0.7615101, -0.08154474, 2.970766;0.9181803, -0.02219214, 2.71401;0.6078516, -0.5666794, 2.995928;0.8133067, -0.5207725, 2.454726;1.015599, -0.2785099, 2.878684;1.018595, -0.3482688, 2.946891;1.078647, -0.3195537, 2.833125;0.6935487, -0.5328888, 2.989838;0.920057, -0.5519823, 2.566811;0.9343115, -0.7434016, 3.003947;1.082521, -0.7907982, 2.575929;0.8967145, -0.8182623, 2.991882;1.008454, -0.801675, 2.536445;
0.7307934, 0.2593424, 2.817181;0.8177282, 0.08127476, 2.80125;0.9802706, -0.2218822, 2.863226;0.7652469, -0.07241542, 2.970958;0.9190531, -0.01118238, 2.716486;0.6153011, -0.5545232, 3.001037;0.8117859, -0.5079501, 2.458538;1.013591, -0.2788385, 2.88037;1.0139, -0.3486907, 2.947752;1.074241, -0.3202429, 2.836414;0.689784, -0.5353627, 2.989147;0.9156551, -0.5432476, 2.561787;0.9346343, -0.7424914, 3.004421;1.078173, -0.780855, 2.575963;0.9034469, -0.8200295, 2.991748;1.008833, -0.8121586, 2.53912;
0.7380613, 0.2660145, 2.823508;0.822583, 0.08914699, 2.800667;0.9784238, -0.2187329, 2.863643;0.7688832, -0.06035497, 2.970976;0.9245343, -0.00283136, 2.718176;0.6499074, -0.5095347, 2.98649;0.8062435, -0.504868, 2.461158;1.010657, -0.277117, 2.880559;1.009721, -0.3479274, 2.948371;1.071176, -0.3202682, 2.835942;0.6890798, -0.5407929, 2.988504;0.9126809, -0.5414683, 2.559797;0.9360896, -0.7420343, 3.003143;1.076917, -0.7771446, 2.5762;0.9021203, -0.8184996, 2.992365;1.003429, -0.8156067, 2.560796;
0.7447309, 0.2809593, 2.825567;0.8282436, 0.1030164, 2.801524;0.9734968, -0.2122661, 2.864611;0.7728633, -0.02568784, 2.966319;0.9289128, 0.00835039, 2.71887;0.6239701, -0.4956535, 2.997715;0.8011854, -0.4964695, 2.465042;1.003245, -0.2725563, 2.881228;0.996884, -0.3419318, 2.949335;1.063253, -0.3191431, 2.835709;0.6868773, -0.550141, 2.988778;0.9762223, -0.562147, 2.602403;0.9374456, -0.7421277, 3.003528;1.080054, -0.7141051, 2.610412;0.8993075, -0.8166752, 2.994716;1.056531, -0.7867407, 2.571862;
0.749415, 0.2856416, 2.826304;0.8362623, 0.1159132, 2.803269;0.9716356, -0.2057509, 2.864266;0.7746686, -0.0219291, 2.965274;0.9305201, 0.02065075, 2.718683;0.6094621, -0.5267155, 2.991347;0.7921566, -0.4847772, 2.462526;0.9999629, -0.2678689, 2.880406;0.9920246, -0.3365136, 2.948209;1.05875, -0.3159845, 2.833815;0.8114933, -0.5296699, 2.978943;0.9626096, -0.5469571, 2.599364;0.9401193, -0.7420192, 3.003627;1.079619, -0.7153304, 2.610192;0.9092216, -0.8190877, 2.990786;1.058361, -0.7871106, 2.57205;
0.7752544, 0.3139007, 2.835153;0.8397379, 0.1238664, 2.806494;0.9717088, -0.2011435, 2.863896;0.7779471, -0.01519418, 2.964164;0.9348102, 0.03190472, 2.718828;0.6018578, -0.5011506, 2.992291;0.7891662, -0.4752038, 2.462497;0.9992945, -0.2646808, 2.879473;0.9900026, -0.3322017, 2.945608;1.057651, -0.3128621, 2.832563;0.8276129, -0.5480406, 2.985041;0.9582153, -0.5506273, 2.601819;0.9408877, -0.7429424, 3.003006;1.080097, -0.7199153, 2.607435;0.9006662, -0.8153116, 2.989799;1.057392, -0.7914113, 2.569987;
0.7786667, 0.3164722, 2.836981;0.8507397, 0.1504417, 2.817525;0.9701394, -0.1929242, 2.863617;0.7837909, -0.002344981, 2.963219;0.9367118, 0.04105433, 2.720464;0.6046772, -0.4837619, 2.984933;0.7952136, -0.4353377, 2.469347;0.9961084, -0.2587982, 2.877847;0.9838637, -0.3248146, 2.942132;1.052269, -0.3072692, 2.829104;0.827114, -0.5480264, 2.984309;0.9485388, -0.5364401, 2.598805;0.9405808, -0.7423841, 3.002498;1.079865, -0.7250873, 2.604141;0.8943375, -0.8111329, 2.990773;1.05191, -0.7951332, 2.567887;
0.7912852, 0.3256767, 2.843763;0.8550799, 0.1613835, 2.820576;0.9711319, -0.185533, 2.861012;0.7854233, 0.0002108244, 2.964395;0.9414281, 0.05261859, 2.724274;0.6148397, -0.4495597, 2.980195;0.8138387, -0.4110064, 2.478372;0.9957943, -0.2532109, 2.873855;0.9832746, -0.3212175, 2.936912;1.050926, -0.3032436, 2.824206;0.8269817, -0.5481374, 2.983865;0.9481516, -0.5329416, 2.598299;0.9406669, -0.7427756, 3.001883;1.07975, -0.7265125, 2.603464;0.897957, -0.8135936, 2.990554;1.053769, -0.7978475, 2.568766;
0.7972044, 0.3386465, 2.850843;0.8633425, 0.1806221, 2.827497;0.9671389, -0.1784225, 2.861203;0.789965, 0.009657111, 2.96604;0.9437361, 0.06222243, 2.72684;0.6141378, -0.4299852, 2.970469;0.8310773, -0.3680831, 2.486885;0.989138, -0.2474715, 2.872622;0.9743837, -0.3145898, 2.933158;1.039386, -0.2996279, 2.822287;0.7209589, -0.5810146, 2.984521;0.9477159, -0.5309526, 2.597732;0.9406438, -0.7426594, 3.001285;1.082522, -0.7273102, 2.605439;0.8998365, -0.814223, 2.989292;1.05733, -0.79605, 2.565809;
0.8077726, 0.3498114, 2.860148;0.8728058, 0.1913246, 2.833508;0.9636853, -0.1589039, 2.862051;0.7948219, 0.01927229, 2.967222;0.9508805, 0.07381953, 2.730196;0.6130531, -0.4165654, 2.971523;0.8054506, -0.3929646, 2.476216;0.9818206, -0.2275217, 2.871394;0.9625455, -0.2967419, 2.9275;1.031896, -0.2793325, 2.822335;0.7316385, -0.5804453, 2.98485;0.9369118, -0.5527775, 2.574046;0.9415415, -0.7429581, 3.00106;1.097948, -0.785896, 2.591413;0.8935353, -0.8097866, 2.989874;1.023063, -0.7686528, 2.559937;
0.8130927, 0.3624557, 2.863133;0.879053, 0.20477, 2.837025;0.9630466, -0.156388, 2.862127;0.8002491, 0.02969748, 2.969557;0.9545277, 0.08717538, 2.733593;0.6152593, -0.3921664, 2.971946;0.831654, -0.3434191, 2.484064;0.9808177, -0.2262743, 2.87118;0.9614233, -0.2954903, 2.926239;1.029407, -0.2780215, 2.822699;0.7310863, -0.5784507, 2.983914;0.9367228, -0.5499193, 2.573059;0.9404352, -0.7420577, 2.999961;1.096208, -0.7835255, 2.59071;0.8923651, -0.8087431, 2.98973;1.020027, -0.7695131, 2.561343;
0.8409123, 0.3882116, 2.873925;0.8881136, 0.2176024, 2.839713;0.9619038, -0.1437967, 2.865527;0.8051113, 0.03872695, 2.973456;0.9542273, 0.09409629, 2.735524;0.6113395, -0.3826103, 2.960226;0.804688, -0.3784508, 2.476833;0.9774568, -0.2151903, 2.874273;0.9562274, -0.2809932, 2.931546;1.024587, -0.2704442, 2.824003;0.7383902, -0.5751423, 2.978893;0.9359023, -0.5427729, 2.574418;0.9382644, -0.7402282, 2.99762;1.094204, -0.7766732, 2.591929;0.890774, -0.8074783, 2.990359;1.018536, -0.7779695, 2.558713;
0.8453342, 0.3911712, 2.877115;0.8963696, 0.2274951, 2.842956;0.9644918, -0.1379114, 2.86675;0.8114405, 0.04798084, 2.976127;0.9573253, 0.1042417, 2.738304;0.6106775, -0.3761553, 2.95462;0.8041331, -0.3771622, 2.481458;0.9788963, -0.2105451, 2.875068;0.9572343, -0.2755629, 2.930535;1.024876, -0.2623784, 2.826318;0.736477, -0.5676106, 2.9733;0.936544, -0.535615, 2.578704;0.9395068, -0.7386294, 2.996375;1.094189, -0.769583, 2.595579;0.891905, -0.8058941, 2.993437;1.023643, -0.7865522, 2.556407;
0.853366, 0.4114998, 2.881224;0.9106719, 0.2507879, 2.847433;0.9696951, -0.1183197, 2.865318;0.8188041, 0.06461635, 2.985267;0.9643573, 0.1235904, 2.740589;0.6095198, -0.3669296, 2.952653;0.8111423, -0.3595478, 2.490645;0.9820907, -0.1919084, 2.872519;0.9584738, -0.2641962, 2.92903;1.026663, -0.245554, 2.820662;0.7424476, -0.5592697, 2.969907;0.917166, -0.5166746, 2.580735;0.9374431, -0.7354154, 2.993853;1.078167, -0.7489799, 2.591617;0.8928146, -0.8045445, 2.992798;1.042292, -0.8164637, 2.561112;
0.8700301, 0.4232158, 2.886894;0.9157212, 0.259019, 2.849945;0.9708514, -0.1093346, 2.869895;0.8251244, 0.07730666, 2.988793;0.9660035, 0.1323316, 2.740366;0.6042296, -0.3559319, 2.945583;0.8350813, -0.3130957, 2.499297;0.9821934, -0.1828115, 2.877414;0.9563311, -0.247751, 2.939542;1.026535, -0.2392962, 2.822357;0.7500489, -0.5517641, 2.962778;0.9163144, -0.5109183, 2.584224;0.9363759, -0.73548, 2.992891;1.077357, -0.7429668, 2.59396;0.8968543, -0.8074399, 2.993853;1.048069, -0.8131701, 2.56306;
0.8878555, 0.4399506, 2.90218;0.9268693, 0.2744669, 2.854073;0.9748013, -0.09986217, 2.874488;0.8322583, 0.0892672, 2.98911;0.9705395, 0.141067, 2.740078;0.5971929, -0.340499, 2.951054;0.828127, -0.323037, 2.501722;0.9849079, -0.1744426, 2.881899;0.95777, -0.2406485, 2.942937;1.028827, -0.2287008, 2.826839;0.753011, -0.5458783, 2.959415;0.9162533, -0.500942, 2.591402;0.9348565, -0.7335715, 2.991195;1.083524, -0.7268044, 2.606798;0.8952544, -0.8052924, 2.990518;1.055945, -0.7942096, 2.569267;
0.894169, 0.4486661, 2.903602;0.9308825, 0.28295, 2.854938;0.9749223, -0.09417792, 2.874056;0.8429914, 0.1133166, 2.98634;0.9762813, 0.1536686, 2.74017;0.6047298, -0.3222014, 2.946219;0.8091801, -0.3068735, 2.479404;0.9842788, -0.1692457, 2.881269;0.9563373, -0.2343333, 2.941505;1.027079, -0.2218081, 2.825622;0.753936, -0.5408856, 2.955291;0.9146705, -0.4974565, 2.595062;0.9336653, -0.7323183, 2.990234;1.083282, -0.7268074, 2.606806;0.8970389, -0.8053563, 2.992886;1.055647, -0.7941593, 2.569616;
0.9089471, 0.4656362, 2.909861;0.9393373, 0.2991787, 2.856831;0.9776098, -0.08346798, 2.870882;0.8458325, 0.1166391, 2.990505;0.9788853, 0.1669443, 2.74196;0.6074641, -0.3168775, 2.944919;0.8246361, -0.2804981, 2.485367;0.9858428, -0.1595196, 2.877287;0.956557, -0.2280989, 2.938932;1.028463, -0.2079654, 2.817312;0.7569, -0.5361714, 2.951947;0.914423, -0.4922945, 2.599686;0.9336501, -0.7325448, 2.989899;1.083324, -0.726927, 2.606976;0.8973292, -0.8054724, 2.993994;1.055396, -0.7939038, 2.569713;
0.9316252, 0.5015655, 2.918405;0.9613569, 0.3349714, 2.863855;0.9830802, -0.06451985, 2.867663;0.8633813, 0.1530642, 2.982128;0.9895126, 0.1905128, 2.744877;0.6316963, -0.2664283, 2.948645;0.8270676, -0.265773, 2.485013;0.9887905, -0.143283, 2.872658;0.9588251, -0.2106352, 2.932615;1.028484, -0.1946159, 2.812324;0.7659085, -0.5225398, 2.946515;0.9148232, -0.485735, 2.604866;0.9342614, -0.7379279, 2.988953;1.083086, -0.7269411, 2.607066;0.8967626, -0.8098814, 2.995285;1.056736, -0.793613, 2.568542;
0.9310908, 0.5092064, 2.918521;0.9656938, 0.3431436, 2.867527;0.987143, -0.05180722, 2.865784;0.86435, 0.1593474, 2.981423;1.002025, 0.213153, 2.742768;0.6323465, -0.2661105, 2.947563;0.8276598, -0.2524679, 2.486085;0.9919832, -0.1303775, 2.869034;0.9593608, -0.2002586, 2.9272;1.0328, -0.1783291, 2.80805;0.7704104, -0.5140866, 2.943589;0.9169604, -0.4798843, 2.609009;0.9352825, -0.7404516, 2.990161;1.082931, -0.7254692, 2.608568;0.8984326, -0.8124223, 2.99759;1.055935, -0.7919633, 2.570586;
0.9415263, 0.5246662, 2.930391;0.9811131, 0.359857, 2.875185;0.9910789, -0.03705579, 2.866325;0.871745, 0.1811178, 2.997678;1.007404, 0.2213794, 2.743179;0.6422608, -0.250639, 2.945452;0.8289949, -0.2427481, 2.484957;0.9938992, -0.1158941, 2.868321;0.9597872, -0.1897497, 2.92723;1.032803, -0.168841, 2.805159;0.7748294, -0.5058789, 2.941451;0.9179215, -0.4768651, 2.609929;0.936101, -0.7408304, 2.990526;1.082403, -0.7253205, 2.608313;0.8988678, -0.8125958, 2.998162;1.056062, -0.7924603, 2.570985;
0.9554098, 0.5370504, 2.930198;0.9859141, 0.3700991, 2.875934;0.9918913, -0.0245, 2.868963;0.8864937, 0.2118161, 2.999264;1.014838, 0.2440017, 2.746052;0.6527722, -0.2399515, 2.946942;0.8327609, -0.2287484, 2.48351;0.9934296, -0.1032215, 2.871111;0.9593872, -0.1718272, 2.932377;1.030162, -0.1577343, 2.806329;0.78053, -0.4919104, 2.938532;0.9173676, -0.4755524, 2.609818;0.9372002, -0.739185, 2.989702;1.082744, -0.7255032, 2.60815;0.900171, -0.8107967, 2.997772;1.055868, -0.7923533, 2.571092;
0.9585919, 0.5501025, 2.930004;0.9921303, 0.383542, 2.876323;0.994832, -0.006741122, 2.86948;0.8904694, 0.2156599, 2.998839;1.020652, 0.252135, 2.747034;0.6577066, -0.2316037, 2.943866;0.849729, -0.1968455, 2.489348;0.9954176, -0.08466218, 2.871517;0.9613299, -0.1605674, 2.9342;1.029939, -0.1428665, 2.804015;0.7850515, -0.4821331, 2.937149;0.9186919, -0.4670256, 2.610845;0.9372106, -0.7392097, 2.989688;1.082655, -0.7250934, 2.607939;0.9040643, -0.8127021, 2.995574;1.05594, -0.7921134, 2.571482;
1.02162, 0.5735833, 2.939109;1.006802, 0.4051069, 2.88003;0.9977124, 0.009671575, 2.860719;0.8989949, 0.2292237, 2.986676;1.027772, 0.2653171, 2.746071;0.6659886, -0.2097245, 2.947901;0.849317, -0.1848375, 2.489704;0.9964015, -0.06810556, 2.85991;0.9609057, -0.1453374, 2.922359;1.029219, -0.1186834, 2.785077;0.7893044, -0.4687436, 2.935561;0.9183092, -0.4653406, 2.610976;0.9358221, -0.7369019, 2.988913;1.082624, -0.7251241, 2.607868;0.9041539, -0.810746, 2.995881;1.055874, -0.7921436, 2.571852;
1.033969, 0.5959202, 2.940257;1.016048, 0.4198731, 2.882279;0.9991208, 0.02493005, 2.857113;0.9176711, 0.293269, 2.977288;1.035943, 0.2819946, 2.746169;0.6773937, -0.1833922, 2.960354;0.8521229, -0.1665106, 2.489221;0.9960631, -0.05356832, 2.855378;0.9598938, -0.1204995, 2.913307;1.027123, -0.104788, 2.783363;0.7909335, -0.4649542, 2.935006;0.9176148, -0.4614741, 2.61117;0.9432253, -0.7421566, 2.98769;1.081811, -0.7215874, 2.608349;0.9120033, -0.8159976, 2.994447;1.057071, -0.7902059, 2.574402;
1.042017, 0.6065703, 2.942844;1.025362, 0.4384727, 2.88585;0.9992435, 0.02610249, 2.857468;0.9167995, 0.2887554, 2.975302;1.043598, 0.3085434, 2.752294;0.6715605, -0.1811478, 2.954646;0.8552543, -0.1489749, 2.490016;0.995887, -0.05335325, 2.855507;0.9584543, -0.1162394, 2.908701;1.025788, -0.09963299, 2.793491;0.794717, -0.4607387, 2.934606;0.9172328, -0.4571493, 2.611607;0.9431124, -0.742102, 2.98776;1.082706, -0.722504, 2.608388;0.8971438, -0.8070856, 2.998393;1.056683, -0.7903702, 2.57424;
1.062705, 0.6581439, 2.945946;1.050776, 0.488906, 2.89581;1.000046, 0.05979066, 2.852822;0.9218459, 0.3061026, 2.968733;1.059164, 0.3415901, 2.754018;0.6850123, -0.1352204, 2.962181;0.8685696, -0.09210631, 2.503088;0.991549, -0.02641819, 2.848644;0.9492556, -0.07104667, 2.882232;1.020598, -0.06397717, 2.797996;0.8030899, -0.449122, 2.935122;0.919319, -0.4513174, 2.613403;0.9467437, -0.7442369, 2.990543;1.082571, -0.721517, 2.608691;0.9013749, -0.8099395, 2.997488;1.058766, -0.7895219, 2.573591;
1.083012, 0.7107553, 2.94822;1.072807, 0.5410121, 2.901793;1.006406, 0.1006457, 2.838291;0.9396291, 0.3691379, 2.950572;1.092542, 0.3683424, 2.737862;0.6944047, -0.07947309, 2.943496;0.8629802, -0.0401633, 2.504977;0.9935303, 0.01359936, 2.828861;0.9458677, -0.03095798, 2.851776;1.028289, -0.02338762, 2.790581;0.8139866, -0.4308739, 2.936688;0.9417748, -0.4146306, 2.620497;0.9554037, -0.7386765, 2.996166;1.085843, -0.7201084, 2.607335;0.9037173, -0.8051422, 2.997893;1.060504, -0.7862621, 2.570122;
1.122396, 0.7551973, 2.971135;1.080549, 0.5357232, 2.903688;1.002095, 0.1545952, 2.833608;0.9742199, 0.4546137, 2.953483;1.091289, 0.4569453, 2.771757;0.7235606, -0.01417936, 2.944808;0.8787475, 0.01900642, 2.52501;0.984412, 0.07973027, 2.822423;0.9484254, 0.04222002, 2.840628;1.004841, 0.05137216, 2.789954;0.8453663, -0.4021458, 2.942284;0.9583214, -0.3922458, 2.630142;0.9627004, -0.7432265, 2.999873;1.087355, -0.7197687, 2.607708;0.904869, -0.8049631, 2.997761;1.061002, -0.7857026, 2.571083;
1.124246, 0.7560695, 2.972092;1.082904, 0.5362479, 2.903274;1.003017, 0.1559742, 2.831946;0.9491413, 0.4153914, 2.976052;1.092074, 0.4616318, 2.773661;0.7005845, -0.03423147, 2.939824;0.8911488, 0.03355626, 2.529005;0.9855361, 0.08104256, 2.820536;0.9480191, 0.04176839, 2.838784;1.007853, 0.05214791, 2.786906;0.849036, -0.3992853, 2.942696;0.9613789, -0.3900946, 2.632013;0.970602, -0.7413113, 3.005052;1.090235, -0.7204936, 2.607617;0.9107574, -0.80074, 2.997105;1.059928, -0.7851091, 2.57197;
1.136744, 0.7633754, 2.985104;1.089174, 0.5408103, 2.904131;1.003569, 0.1607196, 2.830214;0.9816899, 0.4758482, 2.951001;1.095011, 0.4703419, 2.776753;0.7356094, 0.006289035, 2.949783;0.8979458, 0.04439357, 2.534774;0.9856645, 0.08561006, 2.81848;0.9488329, 0.04978886, 2.834785;1.007445, 0.0578863, 2.786088;0.8543718, -0.3968949, 2.942738;0.9698803, -0.3822091, 2.636892;0.972216, -0.7391522, 3.005928;1.093163, -0.7170349, 2.608744;0.9110242, -0.8004455, 2.998008;1.065025, -0.7840673, 2.576138;
1.138294, 0.769716, 2.985827;1.094497, 0.5454143, 2.907655;1.003015, 0.1732631, 2.829342;1.004456, 0.5010439, 2.938994;1.09799, 0.4774704, 2.778647;0.7337996, 0.01097423, 2.947143;0.9009895, 0.05373079, 2.5358;0.9839098, 0.1001764, 2.816524;0.9487656, 0.05847801, 2.8371;1.000705, 0.07211594, 2.776985;0.8681734, -0.3941122, 2.943491;0.9753594, -0.3801381, 2.638974;0.9739711, -0.7400225, 3.006862;1.094972, -0.7146888, 2.609331;0.9119917, -0.8007542, 2.998219;1.066088, -0.7816693, 2.577501;
1.139642, 0.7720563, 2.983136;1.096483, 0.54664, 2.908306;1.003249, 0.1749338, 2.827204;1.010841, 0.4808321, 2.881714;1.103315, 0.4832444, 2.778562;0.7343267, 0.01784974, 2.94722;0.8998193, 0.05411698, 2.535759;0.9839627, 0.1017338, 2.813703;0.9491155, 0.06035163, 2.835091;1.000289, 0.0733052, 2.773211;0.8735882, -0.3903832, 2.943577;0.9839288, -0.3739198, 2.640554;0.9749588, -0.7339754, 3.006699;1.095883, -0.7141987, 2.609442;0.9111663, -0.7987625, 2.997348;1.066371, -0.7806739, 2.577306;
1.144906, 0.777017, 2.983109;1.099317, 0.5514185, 2.909859;1.002188, 0.1780753, 2.826912;1.010534, 0.4810748, 2.880531;1.108995, 0.4895254, 2.777597;0.7349297, 0.02237015, 2.950184;0.9047806, 0.0615033, 2.53937;0.982493, 0.1043606, 2.813289;0.9468913, 0.06361584, 2.835748;0.9989703, 0.07440277, 2.772099;0.8908135, -0.3877537, 2.94618;0.9936832, -0.3678143, 2.644597;0.9776247, -0.7347931, 3.007207;1.096573, -0.7116681, 2.610229;0.9119828, -0.7987733, 2.997339;1.066705, -0.7792307, 2.577342;
1.145085, 0.7784837, 2.983527;1.099726, 0.5523535, 2.910621;1.000222, 0.1809972, 2.826416;1.01049, 0.4809936, 2.880224;1.114743, 0.4960795, 2.780086;0.7360481, 0.02456674, 2.950545;0.9098547, 0.06818794, 2.540352;0.9798455, 0.1075709, 2.812463;0.9435432, 0.06778044, 2.834787;0.9963914, 0.07663118, 2.771271;0.8976778, -0.385141, 2.948162;0.9988908, -0.3668525, 2.647851;0.9782596, -0.7229862, 3.006763;1.097806, -0.7097518, 2.612135;0.914493, -0.7951305, 2.998537;1.066776, -0.7792235, 2.577337;
1.145645, 0.779312, 2.983789;1.100011, 0.552703, 2.91148;0.9983466, 0.1856368, 2.827122;1.010414, 0.4812047, 2.880565;1.117592, 0.4991581, 2.78135;0.7402997, 0.03255535, 2.956656;0.9140958, 0.07079206, 2.541863;0.9773602, 0.1132991, 2.813122;0.9403832, 0.07135548, 2.837251;0.9935139, 0.07907467, 2.769048;0.9083366, -0.3810361, 2.950675;1.007188, -0.3633627, 2.6533;0.9795299, -0.7229709, 3.008057;1.098342, -0.7088218, 2.612651;0.9156555, -0.7952908, 2.998184;1.066689, -0.7791747, 2.577278;
1.145103, 0.7811682, 2.986888;1.100703, 0.5540677, 2.912613;0.9979125, 0.1894297, 2.827944;1.011403, 0.4844849, 2.88418;1.12301, 0.5028604, 2.782918;0.7406629, 0.03269444, 2.956437;0.9198194, 0.07445112, 