0.9370258, 0.8138565, 2.943633;1.015664, 0.646944, 2.945318;0.9729959, 0.2681091, 2.908613;0.9124906, 0.5159105, 3.085174;1.072751, 0.5121744, 2.805246;0.8408889, -0.0516377, 2.99806;1.014961, -0.006771884, 2.667242;0.9644623, 0.1923422, 2.904761;0.9208679, 0.1262746, 2.954117;0.9929852, 0.1245933, 2.839266;0.9521855, -0.3601331, 3.013308;1.07227, -0.3316686, 2.715461;0.9466928, -0.7223136, 3.04782;1.099581, -0.7062797, 2.638977;0.8912701, -0.7900047, 3.029461;1.047368, -0.7827612, 2.590034;
0.937791, 0.8138821, 2.944779;1.01558, 0.6468918, 2.944319;0.9732329, 0.2672701, 2.908749;0.9121922, 0.5161626, 3.087616;1.072879, 0.5121396, 2.805576;0.8409313, -0.05173765, 2.998185;1.014606, -0.006416534, 2.666755;0.9647889, 0.191248, 2.905057;0.921154, 0.1248278, 2.954766;0.9936262, 0.1227168, 2.839332;0.9524026, -0.3604081, 3.014067;1.071387, -0.3309265, 2.7162;0.946701, -0.7224997, 3.047862;1.098762, -0.7059976, 2.638115;0.890373, -0.7909749, 3.030749;1.047482, -0.7827437, 2.590463;
0.9382228, 0.8130326, 2.944307;1.015788, 0.6467161, 2.943328;0.9732658, 0.2658153, 2.908292;0.9135858, 0.5160939, 3.091253;1.072682, 0.5122907, 2.805619;0.8415016, -0.04884527, 2.999234;1.016678, -0.001805765, 2.666316;0.9647743, 0.189387, 2.904716;0.9214657, 0.1235065, 2.954425;0.9933844, 0.1218664, 2.839533;0.9528927, -0.3615956, 3.015114;1.071547, -0.3310776, 2.716467;0.9454079, -0.7254934, 3.046704;1.098952, -0.7059261, 2.638227;0.8902097, -0.7918812, 3.030665;1.04744, -0.7825059, 2.590224;
0.939109, 0.8126646, 2.944725;1.015865, 0.6472359, 2.942206;0.973257, 0.2660051, 2.90801;0.9139876, 0.5150385, 3.088376;1.072694, 0.5123015, 2.805331;0.8412887, -0.0484487, 2.996227;1.017979, -0.0006180219, 2.66554;0.9647535, 0.1896149, 2.904511;0.9214739, 0.1237796, 2.95418;0.9932702, 0.1227185, 2.839909;0.9530474, -0.3618911, 3.015036;1.071436, -0.3309878, 2.716165;0.9452883, -0.7256981, 3.046554;1.099411, -0.7057873, 2.638309;0.8902737, -0.7922578, 3.030833;1.047417, -0.7823564, 2.590168;
0.9391811, 0.8127261, 2.944901;1.015862, 0.6471256, 2.941912;0.9731809, 0.2643934, 2.907632;0.9142811, 0.515322, 3.08969;1.07269, 0.5123782, 2.805339;0.8436663, -0.06096654, 2.989429;1.019402, 0.001102261, 2.665166;0.9646482, 0.1875116, 2.90418;0.9215603, 0.1225595, 2.953426;0.9931549, 0.1216072, 2.84036;0.9531608, -0.3615526, 3.015108;1.071412, -0.3309885, 2.716316;0.9451638, -0.7251372, 3.045965;1.100651, -0.7058039, 2.639181;0.8902763, -0.7922592, 3.03094;1.04807, -0.7817075, 2.590883;
0.9400109, 0.8116233, 2.946301;1.016335, 0.6470604, 2.94172;0.9734533, 0.2632836, 2.907325;0.9143928, 0.5153295, 3.090009;1.072838, 0.5124447, 2.805247;0.8434909, -0.05690394, 2.9902;1.018416, -0.00867937, 2.663863;0.9648546, 0.1861347, 2.903865;0.9217305, 0.121076, 2.953028;0.9932815, 0.1201528, 2.840093;0.9531409, -0.3615753, 3.015286;1.071447, -0.3312654, 2.716463;0.9459544, -0.7239989, 3.045866;1.100752, -0.7058266, 2.639222;0.8902773, -0.7922233, 3.030947;1.049851, -0.7809501, 2.590067;
0.940624, 0.8118466, 2.947013;1.016488, 0.6473321, 2.941601;0.9734557, 0.2627285, 2.907224;0.9144962, 0.5153732, 3.090192;1.073068, 0.5125408, 2.805225;0.8450969, -0.04517195, 2.991311;1.007086, -0.04516179, 2.655874;0.9648152, 0.1853036, 2.903756;0.921656, 0.1202016, 2.952865;0.9932397, 0.1192641, 2.840054;0.9533629, -0.3632626, 3.016013;1.071613, -0.3314724, 2.716694;0.9449264, -0.7284438, 3.046337;1.101888, -0.7064286, 2.63924;0.890404, -0.7928436, 3.030838;1.050234, -0.780735, 2.5904;
0.9420027, 0.8128557, 2.948729;1.017155, 0.6476066, 2.941212;0.9736722, 0.2622171, 2.907055;0.9144232, 0.515465, 3.090427;1.073225, 0.512595, 2.804952;0.8445265, -0.04584856, 2.991655;1.00794, -0.04281372, 2.65647;0.9649783, 0.1846509, 2.903617;0.9217176, 0.1197396, 2.952564;0.9934127, 0.1187527, 2.84018;0.9535219, -0.3632456, 3.016125;1.070333, -0.3289428, 2.717194;0.9452394, -0.72727, 3.046346;1.101927, -0.7058526, 2.638881;0.8895179, -0.7928536, 3.030474;1.049905, -0.7806235, 2.591061;
0.9424393, 0.8134016, 2.949759;1.017684, 0.648288, 2.940739;0.9738269, 0.2616064, 2.906703;0.914379, 0.5154007, 3.09041;1.073296, 0.5127597, 2.805071;0.8442048, -0.04581884, 2.991975;1.0209, -0.001816762, 2.664157;0.9650888, 0.1837218, 2.903227;0.9218062, 0.119019, 2.951507;0.9934998, 0.1185532, 2.840344;0.953528, -0.3632429, 3.016153;1.070246, -0.3292364, 2.717223;0.9453952, -0.7262657, 3.046099;1.101814, -0.7059596, 2.638513;0.8895274, -0.7927405, 3.030496;1.049846, -0.7805877, 2.59091;
0.9435998, 0.8142218, 2.952039;1.018351, 0.6487328, 2.940319;0.9735113, 0.2613133, 2.907429;0.9144942, 0.5154965, 3.090178;1.073544, 0.5128449, 2.805067;0.8439507, -0.04588888, 2.992033;1.023467, 0.003297172, 2.662434;0.9643826, 0.1832189, 2.904586;0.9206164, 0.1178187, 2.953003;0.9925045, 0.1193196, 2.843271;0.9536803, -0.3622254, 3.015548;1.070352, -0.3290596, 2.717221;0.9458576, -0.7241484, 3.04626;1.101795, -0.7059859, 2.638477;0.8886612, -0.7916605, 3.031121;1.049521, -0.7805346, 2.590511;
0.9439288, 0.8142333, 2.952111;1.018625, 0.6487481, 2.940279;0.973455, 0.2611666, 2.907513;0.9148821, 0.5151518, 3.089539;1.07374, 0.5131211, 2.805216;0.8446653, -0.04422495, 2.98885;1.025061, 0.001625823, 2.662288;0.964272, 0.1830582, 2.904684;0.9204096, 0.1168294, 2.952798;0.9922243, 0.1197846, 2.843637;0.9535015, -0.3616858, 3.01536;1.070226, -0.3292063, 2.717234;0.947927, -0.7209712, 3.047554;1.102126, -0.7059365, 2.639122;0.8881876, -0.7900583, 3.030586;1.049775, -0.7804701, 2.590724;
0.9440379, 0.8143561, 2.952327;1.01935, 0.6486054, 2.93973;0.9734699, 0.2610728, 2.907532;0.91527, 0.5144361, 3.088651;1.074344, 0.5126942, 2.804811;0.843725, -0.04417348, 2.989502;1.025252, 0.003979434, 2.662922;0.9642532, 0.1829921, 2.90473;0.9202406, 0.1159225, 2.952897;0.9921941, 0.1198727, 2.843685;0.9524972, -0.3591885, 3.013992;1.070192, -0.3295861, 2.71721;0.9468944, -0.7184203, 3.046748;1.102117, -0.7061267, 2.639147;0.8885453, -0.7897619, 3.030602;1.04994, -0.7804871, 2.590817;
0.9442191, 0.8140893, 2.952602;1.019763, 0.6486639, 2.939621;0.9734758, 0.261055, 2.907702;0.9153439, 0.5137929, 3.088372;1.076527, 0.5121309, 2.80452;0.8453267, -0.04014798, 2.994513;1.025985, 0.002409172, 2.663283;0.9641971, 0.1829995, 2.905;0.919778, 0.1153184, 2.953456;0.9922656, 0.1200776, 2.843973;0.9530091, -0.3604982, 3.014745;1.070198, -0.3295658, 2.717178;0.9465087, -0.7201792, 3.046452;1.102099, -0.7054045, 2.639439;0.8881043, -0.7902805, 3.030629;1.050117, -0.7803116, 2.59087;
0.9445425, 0.8129928, 2.95163;1.020616, 0.6478283, 2.939229;0.9735394, 0.2608364, 2.907738;0.9155056, 0.5137253, 3.087942;1.077479, 0.5119973, 2.803642;0.8461879, -0.03731214, 2.994602;1.026281, 0.001131689, 2.663987;0.9642009, 0.1828912, 2.905056;0.9196835, 0.1148929, 2.95333;0.9922996, 0.1201793, 2.844148;0.9532214, -0.3615967, 3.01545;1.070264, -0.3298008, 2.717298;0.9453449, -0.7215742, 3.046219;1.102006, -0.705757, 2.63921;0.8881002, -0.7907994, 3.030978;1.049813, -0.7803566, 2.590796;
0.9448424, 0.8127274, 2.951489;1.021454, 0.6478037, 2.938443;0.9736241, 0.2606807, 2.907717;0.9157206, 0.5138122, 3.087328;1.078227, 0.5118206, 2.803608;0.844005, -0.03907727, 2.993439;1.028969, -0.0001062774, 2.66416;0.9642254, 0.1827666, 2.905088;0.9196206, 0.1143669, 2.953162;0.9923575, 0.1202706, 2.844314;0.9534293, -0.3631461, 3.016155;1.070294, -0.3299287, 2.717304;0.9421053, -0.7274809, 3.04474;1.102262, -0.7042319, 2.639822;0.8844163, -0.7972243, 3.02881;1.051055, -0.7795475, 2.590564;
0.9456068, 0.8135134, 2.950923;1.021544, 0.6477962, 2.938598;0.973636, 0.2606635, 2.907735;0.91566, 0.51377, 3.08717;1.079524, 0.5123106, 2.804113;0.8447221, -0.04103982, 2.995053;1.029698, -0.002882971, 2.663292;0.9642273, 0.1827622, 2.905098;0.9194894, 0.1142006, 2.952904;0.9925752, 0.120609, 2.844528;0.9532076, -0.3622742, 3.015759;1.070167, -0.3301046, 2.717349;0.9427093, -0.7233731, 3.046197;1.101931, -0.7052564, 2.638979;0.889765, -0.7919347, 3.034126;1.050733, -0.7796464, 2.590502;
0.946521, 0.8133297, 2.951756;1.021928, 0.6465572, 2.936575;0.9735879, 0.26061, 2.907808;0.9159487, 0.513741, 3.087232;1.080273, 0.5118684, 2.803298;0.8443511, -0.04142904, 2.994996;1.028445, -0.003566359, 2.663932;0.9640718, 0.1827934, 2.905467;0.9190488, 0.1140314, 2.953857;0.9924293, 0.1206649, 2.844982;0.9531924, -0.361129, 3.015377;1.070379, -0.3320267, 2.717204;0.9440897, -0.7203712, 3.046111;1.102259, -0.7063225, 2.639146;0.8898917, -0.7913212, 3.033934;1.051047, -0.7798854, 2.591037;
0.9471037, 0.8141024, 2.951286;1.021926, 0.6465578, 2.936605;0.9735435, 0.2606751, 2.907913;0.9160594, 0.5131922, 3.087874;1.080257, 0.5118513, 2.803324;0.8440632, -0.04210699, 2.995035;1.027838, -0.007002981, 2.664448;0.9639893, 0.1829429, 2.905628;0.9189532, 0.1136964, 2.954287;0.9922627, 0.1208597, 2.844955;0.9534137, -0.3620175, 3.015706;1.070658, -0.331948, 2.717302;0.9432269, -0.7255818, 3.046382;1.102238, -0.706435, 2.638483;0.8880659, -0.7980468, 3.031073;1.050926, -0.7796299, 2.590447;
0.9483674, 0.8143247, 2.953245;1.022073, 0.6468465, 2.936852;0.9735678, 0.2607031, 2.907904;0.9163544, 0.5132666, 3.088092;1.080527, 0.511793, 2.803388;0.8455887, -0.0294404, 3.003834;1.027624, -0.008234484, 2.664504;0.9640077, 0.1829775, 2.905602;0.9189842, 0.1136158, 2.954173;0.9923228, 0.1211492, 2.844852;0.9534971, -0.3621226, 3.01576;1.070669, -0.3319216, 2.717312;0.9433331, -0.7255549, 3.046288;1.102088, -0.7065132, 2.638269;0.8983424, -0.7933044, 3.0376;1.050592, -0.77991, 2.590442;
0.9491213, 0.8141384, 2.953408;1.022384, 0.6467906, 2.936336;0.9735599, 0.2607189, 2.907815;0.9165279, 0.5132929, 3.088056;1.080704, 0.5116525, 2.803394;0.8361838, -0.08800101, 2.99198;1.027552, -0.008134931, 2.664232;0.9639589, 0.1830404, 2.905532;0.9187776, 0.1135943, 2.954261;0.9922824, 0.1212721, 2.844702;0.9536393, -0.3605431, 3.015289;1.070659, -0.3321447, 2.71732;0.9446386, -0.720733, 3.045993;1.102413, -0.7064455, 2.638306;0.8987491, -0.7904873, 3.038127;1.051438, -0.7793044, 2.590096;
0.9523377, 0.8145659, 2.956874;1.022982, 0.6470982, 2.936433;0.9735654, 0.2607348, 2.907807;0.9169889, 0.5130681, 3.087925;1.080718, 0.5116326, 2.803346;0.8359796, -0.08914229, 2.990017;1.02656, -0.009925831, 2.662781;0.96393, 0.1830637, 2.905533;0.9187202, 0.1135363, 2.954324;0.992157, 0.1214142, 2.844641;0.9536189, -0.3596924, 3.014887;1.070648, -0.3321901, 2.717331;0.9450914, -0.7194155, 3.046313;1.102405, -0.7063985, 2.638195;0.8975143, -0.7889198, 3.036001;1.050795, -0.779556, 2.589963;
0.9546416, 0.8153599, 2.958107;1.023992, 0.6470088, 2.935935;0.9737414, 0.2605432, 2.907531;0.9170873, 0.5130827, 3.088073;1.080741, 0.5116045, 2.803229;0.836071, -0.09007999, 2.989378;1.026571, -0.009592973, 2.662;0.9639926, 0.1829015, 2.9053;0.9187915, 0.1131514, 2.953732;0.9921616, 0.1215018, 2.844573;0.9531862, -0.3605454, 3.015222;1.070629, -0.3321579, 2.717352;0.9447042, -0.7197109, 3.045961;1.102382, -0.7068955, 2.638512;0.8955946, -0.7901917, 3.035572;1.050297, -0.7797132, 2.590234;
0.9547445, 0.8152058, 2.957483;1.024575, 0.6471643, 2.934855;0.9738127, 0.2605034, 2.907437;0.917328, 0.5133015, 3.088101;1.080687, 0.5116122, 2.803245;0.83609, -0.0908353, 2.990254;1.01885, -0.03134518, 2.657053;0.9640108, 0.1828803, 2.905276;0.9188319, 0.1131409, 2.953697;0.9921551, 0.121566, 2.844608;0.9533058, -0.3592797, 3.01451;1.07054, -0.3321317, 2.717352;0.9447717, -0.7183219, 3.045828;1.102806, -0.7072607, 2.638896;0.8956447, -0.7891212, 3.035274;1.050843, -0.7798758, 2.590817;
0.9573902, 0.8161363, 2.958582;1.025195, 0.6471797, 2.934376;0.974135, 0.2603768, 2.907031;0.9173791, 0.51299, 3.087829;1.080907, 0.5114062, 2.803207;0.8363842, -0.09182359, 2.990129;1.021835, -0.02289545, 2.658457;0.9642317, 0.1827694, 2.904935;0.9190028, 0.1126924, 2.953287;0.9923784, 0.1216085, 2.844229;0.9534653, -0.3598073, 3.014718;1.070516, -0.3326314, 2.717224;0.9438245, -0.7206446, 3.044598;1.102714, -0.7074121, 2.638794;0.89566, -0.7891026, 3.035325;1.050597, -0.7799721, 2.590717;
0.9586092, 0.8162172, 2.959627;1.025409, 0.6468095, 2.933717;0.9742285, 0.260444, 2.906992;0.9178003, 0.5132844, 3.087382;1.080912, 0.5113735, 2.803189;0.8359578, -0.09182684, 2.989756;1.018497, -0.03289504, 2.655967;0.9643245, 0.182912, 2.904948;0.9191507, 0.1126579, 2.953528;0.9923905, 0.1216639, 2.844141;0.9535185, -0.3602201, 3.014972;1.070438, -0.3328655, 2.717269;0.9443079, -0.7208945, 3.044766;1.102716, -0.7074507, 2.638816;0.8941883, -0.7897738, 3.034171;1.050499, -0.779954, 2.590691;
0.9587969, 0.8146791, 2.956968;1.025639, 0.6468245, 2.933655;0.9743024, 0.2603627, 2.907001;0.91817, 0.512955, 3.087386;1.08058, 0.5111566, 2.803224;0.83605, -0.09274776, 2.988719;1.018121, -0.03446398, 2.65531;0.9643629, 0.1828217, 2.904985;0.9192283, 0.1126053, 2.953766;0.9923893, 0.1216602, 2.844091;0.9534039, -0.3587072, 3.014395;1.070336, -0.3335453, 2.717166;0.9449988, -0.7185611, 3.045202;1.102542, -0.7081518, 2.638167;0.8918647, -0.7891593, 3.033321;1.050431, -0.7802827, 2.590715;
0.9588783, 0.8147113, 2.956972;1.026461, 0.6476753, 2.933731;0.9745426, 0.2601106, 2.907007;0.9182301, 0.5129932, 3.087334;1.080534, 0.5111257, 2.803366;0.8354783, -0.09333685, 2.988442;1.017689, -0.03571204, 2.654859;0.9645659, 0.1823799, 2.905003;0.9194437, 0.1124754, 2.953528;0.9925303, 0.1216032, 2.844415;0.953333, -0.3581026, 3.014372;1.070633, -0.3332114, 2.717626;0.9445226, -0.7180638, 3.044932;1.102506, -0.708275, 2.637653;0.8913269, -0.7883893, 3.033342;1.050216, -0.7803088, 2.590528;
0.959216, 0.8146815, 2.957324;1.027445, 0.6479818, 2.934602;0.9746944, 0.2601095, 2.907102;0.9184217, 0.5130376, 3.086807;1.080597, 0.5111921, 2.80334;0.8354952, -0.08913092, 2.982809;1.017034, -0.03922775, 2.653883;0.9646171, 0.1823737, 2.905045;0.9194702, 0.1124483, 2.953553;0.9925416, 0.1216148, 2.844428;0.9533248, -0.3591017, 3.014855;1.070746, -0.3334392, 2.717748;0.9446121, -0.7182273, 3.044973;1.102533, -0.7082957, 2.637566;0.891376, -0.7895851, 3.032683;1.05015, -0.7802938, 2.590481;
0.9586363, 0.8144233, 2.956294;1.027371, 0.6475477, 2.934146;0.9747052, 0.2601126, 2.907117;0.9183248, 0.5130695, 3.086852;1.080469, 0.5109815, 2.803312;0.8457457, -0.03345228, 2.99019;1.016829, -0.04032996, 2.653462;0.9646341, 0.1824184, 2.905109;0.9194889, 0.1123553, 2.953758;0.9925413, 0.1216592, 2.844469;0.9533293, -0.3590969, 3.014862;1.070723, -0.3329697, 2.718008;0.9444686, -0.7181643, 3.044657;1.102428, -0.7081299, 2.637494;0.8916534, -0.7895828, 3.032623;1.050242, -0.7800186, 2.590198;
0.9587693, 0.8148159, 2.957322;1.026633, 0.6475559, 2.934329;0.9747213, 0.2601283, 2.907266;0.9180034, 0.5129365, 3.086998;1.080332, 0.5109559, 2.803507;0.8447241, -0.02936005, 2.992224;1.015797, -0.04206051, 2.652771;0.9647052, 0.182454, 2.905313;0.9196287, 0.1122061, 2.954072;0.99266, 0.1217055, 2.844632;0.9536396, -0.36109, 3.015848;1.070687, -0.3328549, 2.718113;0.9436851, -0.7215219, 3.044993;1.102582, -0.7083573, 2.637193;0.8993076, -0.788399, 3.033797;1.050053, -0.7801038, 2.590328;
0.9544844, 0.8147032, 2.953609;1.026071, 0.6474954, 2.93425;0.9747189, 0.2601855, 2.907551;0.9181468, 0.514661, 3.087306;1.080491, 0.5108916, 2.803715;0.8388467, -0.06888226, 2.987147;1.015244, -0.04224729, 2.652525;0.9647685, 0.1825719, 2.905775;0.9197304, 0.1124806, 2.954466;0.9928914, 0.1217948, 2.84556;0.9533215, -0.3599035, 3.015315;1.070586, -0.3335146, 2.718216;0.9445516, -0.7198328, 3.045476;1.102841, -0.7077836, 2.637336;0.8972928, -0.7876264, 3.032683;1.050006, -0.7797128, 2.589789;
0.9528626, 0.8150705, 2.953241;1.024137, 0.6470045, 2.934649;0.9747483, 0.2599205, 2.908075;0.9173958, 0.5161576, 3.085128;1.080419, 0.5106493, 2.803517;0.8397128, -0.06781836, 2.9882;1.012966, -0.04334176, 2.651951;0.9650064, 0.1822903, 2.906439;0.9199679, 0.1125711, 2.954672;0.9937612, 0.1216072, 2.847359;0.9531274, -0.3603429, 3.015357;1.070712, -0.3336897, 2.718721;0.94429, -0.7201558, 3.045357;1.102791, -0.7079196, 2.637251;0.8955153, -0.7899613, 3.032315;1.050052, -0.7798238, 2.589732;
0.94978, 0.8141698, 2.950344;1.021557, 0.6448551, 2.934649;0.9750276, 0.2598474, 2.908902;0.9157985, 0.5150036, 3.083772;1.080443, 0.5106917, 2.803476;0.8403059, -0.06268261, 2.989337;1.019531, -0.01948696, 2.656885;0.965766, 0.1825012, 2.907714;0.9207991, 0.1128177, 2.956164;0.9953434, 0.1213653, 2.848886;0.9531201, -0.3602282, 3.015355;1.07078, -0.3339043, 2.719006;0.9441237, -0.7206368, 3.045033;1.102821, -0.7080722, 2.637463;0.8942419, -0.7906519, 3.031981;1.050085, -0.7798131, 2.589708;
0.9388667, 0.8110158, 2.944206;1.018183, 0.6433218, 2.935067;0.9756701, 0.259941, 2.910722;0.9112703, 0.5132424, 3.088769;1.080263, 0.5105882, 2.803242;0.8461899, -0.02639106, 2.999538;1.01095, -0.03397869, 2.654415;0.9673322, 0.1830049, 2.910274;0.9226853, 0.1128295, 2.959584;0.9981598, 0.1209866, 2.851404;0.95296, -0.3604108, 3.015431;1.070836, -0.3340514, 2.719331;0.9439449, -0.7204549, 3.045047;1.102737, -0.707225, 2.638237;0.8937039, -0.7910849, 3.031563;1.050115, -0.7798225, 2.589769;
0.9283133, 0.8074483, 2.940782;1.0133, 0.6436148, 2.932289;0.9756706, 0.2603163, 2.912725;0.9067706, 0.513676, 3.090721;1.078545, 0.5097861, 2.802596;0.8458191, -0.02726737, 2.999297;1.007675, -0.03446417, 2.652231;0.9680718, 0.1836125, 2.913638;0.9233416, 0.1137104, 2.965657;1.000406, 0.1207101, 2.855013;0.9526458, -0.3588271, 3.014947;1.071182, -0.3340733, 2.71936;0.944527, -0.7180792, 3.04506;1.103149, -0.7072786, 2.638487;0.8931863, -0.7890444, 3.03161;1.050393, -0.7798294, 2.590236;
0.9176034, 0.8013331, 2.936915;1.003374, 0.6383653, 2.926337;0.9755356, 0.2608959, 2.914442;0.9012703, 0.5114832, 3.091297;1.076446, 0.5091994, 2.802116;0.8389238, -0.03318563, 2.995334;1.004427, -0.03719638, 2.650866;0.9689525, 0.1851846, 2.9169;0.9245834, 0.1147507, 2.970615;1.002852, 0.1216657, 2.858737;0.9526794, -0.3570575, 3.014883;1.07185, -0.3347038, 2.719452;0.9450142, -0.716719, 3.045085;1.103104, -0.7073869, 2.638413;0.8940777, -0.7879694, 3.03241;1.049994, -0.7799755, 2.589667;
0.9006915, 0.7911035, 2.929928;0.9927725, 0.6316648, 2.92822;0.9756935, 0.2606211, 2.91822;0.8932285, 0.5091481, 3.089397;1.069783, 0.5057517, 2.801895;0.8388625, -0.03381146, 2.99587;1.004992, -0.02039235, 2.652877;0.9708146, 0.1857168, 2.921413;0.9283589, 0.1136928, 2.976361;1.006158, 0.1211873, 2.863303;0.9528067, -0.3583486, 3.015741;1.072679, -0.3352456, 2.719412;0.9446685, -0.717384, 3.045071;1.102739, -0.7085885, 2.639518;0.8927417, -0.7902002, 3.031993;1.050026, -0.7802904, 2.589756;
0.8791251, 0.7815989, 2.922406;0.9871261, 0.6269435, 2.922768;0.9764011, 0.2602369, 2.918836;0.8852987, 0.5062424, 3.086196;1.066363, 0.5025821, 2.800208;0.8382474, -0.03447556, 2.996418;0.9983687, -0.03489045, 2.649967;0.9731802, 0.1856526, 2.922884;0.9329044, 0.1107892, 2.980183;1.011031, 0.1197998, 2.864772;0.9528069, -0.3587821, 3.016079;1.074384, -0.3348987, 2.72019;0.9443376, -0.7179188, 3.044775;1.102601, -0.7082976, 2.639164;0.8922687, -0.7906873, 3.031442;1.049999, -0.7804014, 2.589696;
0.8643195, 0.7718909, 2.915324;0.9701788, 0.6183212, 2.919378;0.9767612, 0.25835, 2.920733;0.8743609, 0.4888988, 3.076455;1.059078, 0.4989336, 2.799394;0.8359846, -0.04390775, 2.996695;0.994612, -0.03655376, 2.646016;0.9755418, 0.1840656, 2.925581;0.9385551, 0.1058313, 2.986676;1.015914, 0.116856, 2.866826;0.9526856, -0.359, 3.016337;1.074974, -0.3355732, 2.720472;0.944518, -0.7184552, 3.044255;1.100938, -0.7074524, 2.638906;0.8923155, -0.7911085, 3.031409;1.049284, -0.7805884, 2.589176;
0.8368485, 0.7354739, 2.892864;0.9559071, 0.6029209, 2.918033;0.9784471, 0.2528515, 2.921887;0.8660365, 0.4781231, 3.073622;1.053743, 0.4949201, 2.796544;0.8318247, -0.04958323, 2.988576;0.9891788, -0.05051435, 2.646434;0.9801831, 0.1796549, 2.926817;0.945256, 0.09974202, 2.987011;1.025342, 0.1120612, 2.868173;0.9518945, -0.3567731, 3.016348;1.07839, -0.351234, 2.719261;0.9448088, -0.7176816, 3.044369;1.101282, -0.7076346, 2.639374;0.8919141, -0.7903849, 3.030891;1.049427, -0.7809721, 2.589421;
0.8193891, 0.7218945, 2.882871;0.9440617, 0.591354, 2.914866;0.9814826, 0.2451366, 2.923405;0.8575529, 0.4678906, 3.066494;1.045013, 0.4869771, 2.793576;0.8300641, -0.04975292, 2.988962;0.9898956, -0.04176452, 2.646585;0.9872769, 0.1727251, 2.929032;0.9554633, 0.09155597, 2.99017;1.036965, 0.1057164, 2.870207;0.9518704, -0.3584404, 3.018013;1.078263, -0.3504057, 2.71987;0.9445584, -0.7197741, 3.04421;1.10113, -0.7081748, 2.638824;0.8914301, -0.7912025, 3.029868;1.04943, -0.7810048, 2.589413;
0.7922934, 0.6911857, 2.87233;0.9226879, 0.5701066, 2.907099;0.9838071, 0.2360343, 2.923587;0.8424468, 0.4541607, 3.059657;1.033413, 0.4762497, 2.789465;0.8194591, -0.1023819, 2.980293;0.9791151, -0.07209051, 2.641829;0.9931245, 0.165543, 2.929928;0.9641455, 0.08262433, 2.992335;1.047517, 0.1001316, 2.871104;0.9522933, -0.3612255, 3.021892;1.078367, -0.351676, 2.719585;0.9443739, -0.719591, 3.044119;1.100561, -0.7080154, 2.638357;0.8914429, -0.7913163, 3.029717;1.049303, -0.7808655, 2.589375;
0.7841752, 0.672125, 2.859641;0.91496, 0.5562307, 2.902212;0.9877446, 0.2194528, 2.925225;0.8297076, 0.4316816, 3.050058;1.024533, 0.4627651, 2.783848;0.815122, -0.08278291, 2.978433;0.9764977, -0.06941213, 2.64064;1.001182, 0.1505064, 2.933176;0.9734923, 0.06910272, 2.996817;1.059843, 0.08675774, 2.875804;0.9514015, -0.3621532, 3.023555;1.079744, -0.3589377, 2.718772;0.9440323, -0.7197564, 3.044589;1.101404, -0.7082779, 2.638924;0.8907597, -0.7920464, 3.029143;1.049318, -0.7808667, 2.589331;
0.7725207, 0.6392968, 2.842059;0.8913782, 0.5160546, 2.888026;0.991768, 0.1971715, 2.923135;0.8210431, 0.4113071, 3.040501;1.014058, 0.4461781, 2.777395;0.7962724, -0.1553355, 2.959881;0.9695483, -0.09005338, 2.637982;1.009713, 0.1309626, 2.93272;0.985116, 0.05110741, 2.995967;1.070452, 0.07537444, 2.877964;0.9516462, -0.3634842, 3.025194;1.080056, -0.3601572, 2.718975;0.943259, -0.7182692, 3.04509;1.10078, -0.7090584, 2.638538;0.8911749, -0.7911184, 3.029916;1.049502, -0.7810796, 2.589697;
0.7349741, 0.5984874, 2.828522;0.8784289, 0.4930269, 2.889568;1.000628, 0.1632651, 2.921864;0.8127474, 0.3711142, 3.021841;0.994368, 0.4194525, 2.777783;0.8018546, -0.1339141, 2.957451;0.9650919, -0.1037667, 2.635808;1.025852, 0.09601171, 2.931563;1.008889, 0.01926537, 2.98804;1.085191, 0.05587002, 2.88205;0.9511962, -0.3762791, 3.031118;1.082566, -0.368753, 2.718182;0.9400735, -0.722, 3.045845;1.100081, -0.7092136, 2.638111;0.8942956, -0.792781, 3.031303;1.0497, -0.7808294, 2.588623;
0.7248021, 0.5502857, 2.819749;0.8676482, 0.4470679, 2.875084;1.005839, 0.1441337, 2.923136;0.8039341, 0.3515222, 3.01316;0.9902819, 0.3934451, 2.767714;0.79558, -0.1916922, 2.964962;0.9533193, -0.1493609, 2.633142;1.032368, 0.08110763, 2.93477;1.012532, 0.01041773, 2.989544;1.099407, 0.04008129, 2.892009;0.9502574, -0.3839518, 3.0327;1.082579, -0.3691419, 2.718009;0.9399498, -0.7203147, 3.046637;1.100091, -0.7092241, 2.638147;0.8934604, -0.7912787, 3.031151;1.049671, -0.7808173, 2.588491;
0.7204844, 0.532196, 2.809542;0.8591421, 0.4193021, 2.875624;1.009535, 0.1160158, 2.918252;0.7960978, 0.3155998, 2.998653;0.9886663, 0.3681723, 2.755706;0.7895992, -0.1974316, 2.955636;0.9348918, -0.2093906, 2.621552;1.039076, 0.0557284, 2.930078;1.023263, -0.01622383, 2.984087;1.110414, 0.01274901, 2.887474;0.946606, -0.4053818, 3.037802;1.081913, -0.3701251, 2.717607;0.93937, -0.7219456, 3.046276;1.099315, -0.708535, 2.638038;0.893671, -0.7907498, 3.030596;1.049098, -0.7804101, 2.587623;
0.6937037, 0.465922, 2.78966;0.8525937, 0.3737576, 2.852555;1.011705, 0.09638472, 2.918135;0.7875561, 0.2879293, 2.988221;0.9783695, 0.339359, 2.752404;0.7818477, -0.2425452, 2.959026;0.9235243, -0.2178136, 2.614379;1.042642, 0.03862214, 2.932789;1.02657, -0.02791453, 2.987796;1.114859, -0.0006095204, 2.893473;0.9432173, -0.4149786, 3.040223;1.083079, -0.3743471, 2.71747;0.9381689, -0.7235755, 3.046706;1.099218, -0.7086537, 2.63861;0.8925728, -0.791396, 3.030343;1.049156, -0.7802749, 2.587531;
0.6902387, 0.4491927, 2.778947;0.8363105, 0.3414168, 2.847682;1.022812, 0.09192167, 2.916441;0.7788938, 0.2424583, 2.985679;0.9569256, 0.3177667, 2.747916;0.7797514, -0.2456725, 2.961094;0.9238596, -0.2211052, 2.610418;1.06292, 0.03795553, 2.932177;1.068965, -0.02455221, 2.979045;1.133549, 0.01352395, 2.901154;0.9418699, -0.3976979, 3.038355;1.082777, -0.3745292, 2.717381;0.9381861, -0.7231792, 3.046704;1.098477, -0.7084779, 2.638153;0.8922889, -0.7909725, 3.030712;1.048831, -0.7802947, 2.587212;
0.6845492, 0.3826098, 2.761066;0.8386448, 0.3024485, 2.826249;1.022673, 0.07705891, 2.924057;0.7672212, 0.1757965, 2.988752;0.957203, 0.2816828, 2.728345;0.777408, -0.3380515, 2.956602;0.9162357, -0.2491132, 2.60884;1.060832, 0.02723569, 2.944854;1.046054, -0.04418194, 3.027999;1.151369, -0.01610485, 2.92015;0.9305903, -0.4268328, 3.038643;1.081189, -0.3800164, 2.715824;0.93747, -0.722402, 3.04593;1.097967, -0.7085742, 2.637756;0.8919666, -0.7912707, 3.030102;1.048707, -0.7803898, 2.586862;
0.6723977, 0.3350732, 2.745928;0.8368097, 0.2712284, 2.817747;1.051927, 0.05082017, 2.917946;0.764543, 0.1703781, 2.979242;0.9556048, 0.2489952, 2.72923;0.7742491, -0.332417, 2.956743;0.9099106, -0.3127114, 2.60809;1.095374, 0.006758187, 2.941344;1.098004, -0.05666423, 2.992362;1.16104, -0.01080404, 2.919843;0.9311913, -0.4151984, 3.039742;1.079583, -0.3864698, 2.713819;0.9365189, -0.7237767, 3.044564;1.097309, -0.7082625, 2.637178;0.8923427, -0.7918987, 3.029421;1.048602, -0.7804272, 2.586674;
0.6688337, 0.2853237, 2.738937;0.8305054, 0.2269859, 2.802791;1.023885, -0.01010718, 2.917938;0.754492, 0.1436189, 2.940958;0.9504692, 0.2130369, 2.720079;0.7682205, -0.3682295, 2.956217;0.8985974, -0.3822522, 2.601078;1.062599, -0.05725531, 2.944492;1.051936, -0.1080782, 3.007721;1.14535, -0.09422264, 2.921018;0.9056526, -0.4759894, 3.04625;1.071571, -0.4261478, 2.69744;0.9152696, -0.7854826, 3.053929;1.093927, -0.7336486, 2.624431;0.8603874, -0.7999052, 2.996495;1.045464, -0.7838767, 2.583844;
0.6545162, 0.2695604, 2.7254;0.8147053, 0.1993126, 2.789222;1.028702, -0.03087904, 2.921937;0.7802424, 0.1036128, 2.914646;0.9455789, 0.1834846, 2.721434;0.7601907, -0.4087318, 2.955864;0.9017424, -0.3873269, 2.599441;1.071496, -0.07956608, 2.951927;1.056573, -0.1199102, 3.004703;1.146606, -0.1018282, 2.932096;0.8993322, -0.4825749, 3.043709;1.075891, -0.4354945, 2.699764;0.9166938, -0.7903956, 3.054464;1.098198, -0.7426177, 2.631073;0.8588633, -0.7941397, 2.998243;1.045876, -0.7825754, 2.584328;
0.64583, 0.221949, 2.714688;0.804696, 0.1625755, 2.778157;1.025202, -0.05077365, 2.919386;0.7741635, 0.07665722, 2.907279;0.9390116, 0.1495035, 2.7107;0.7531694, -0.4487439, 2.956705;0.8894486, -0.4285244, 2.5913;1.069161, -0.09386715, 2.950641;1.058922, -0.1420476, 3.009373;1.144983, -0.1166978, 2.930582;0.9138386, -0.4610196, 3.034526;1.068112, -0.4839633, 2.686372;0.9378544, -0.7199454, 3.043689;1.104987, -0.7893158, 2.625536;0.8884712, -0.7926781, 3.027766;1.038552, -0.7803637, 2.580564;
0.6423123, 0.1906259, 2.70575;0.8020478, 0.1259787, 2.768149;1.022983, -0.08415574, 2.916838;0.7705547, 0.03242794, 2.895349;0.933164, 0.1103282, 2.70882;0.7479998, -0.4852675, 2.955278;0.8859551, -0.4455877, 2.589378;1.067151, -0.1260797, 2.949806;1.056255, -0.1782995, 2.992517;1.139576, -0.1323491, 2.940276;0.9171481, -0.528918, 3.045327;1.064251, -0.4835469, 2.685546;0.9369863, -0.7202046, 3.043295;1.105583, -0.7867986, 2.625829;0.8884087, -0.7927395, 3.028069;1.038686, -0.7809662, 2.581075;
0.6275625, 0.1412974, 2.698935;0.7865053, 0.09551942, 2.75849;0.9968393, -0.1231911, 2.898345;0.7392992, -0.03822277, 2.937564;0.9298308, 0.09488887, 2.709894;0.7383962, -0.5451754, 2.937626;0.8723611, -0.4747882, 2.588565;1.039486, -0.165796, 2.930079;1.029956, -0.2308803, 2.960288;1.119537, -0.1622773, 2.941373;0.9051716, -0.5202122, 3.041199;1.064226, -0.4878452, 2.68422;0.9300719, -0.7525074, 3.037431;1.105901, -0.7896508, 2.623397;0.8757638, -0.81029, 3.023974;1.038562, -0.7802951, 2.580418;
0.6178466, 0.09306209, 2.686174;0.7802804, 0.04106689, 2.751176;0.9829395, -0.197008, 2.876219;0.7787379, -0.05144808, 2.857313;0.9104297, 0.04128194, 2.69645;0.717597, -0.568065, 2.927334;0.8639857, -0.5299243, 2.590015;1.023471, -0.244623, 2.904628;1.017888, -0.2943301, 2.926595;1.077465, -0.2517863, 2.910438;0.8907557, -0.5189099, 3.038261;1.061201, -0.5045612, 2.68098;0.9302903, -0.7485162, 3.038294;1.095917, -0.7200372, 2.631066;0.8710786, -0.801708, 3.02776;1.046272, -0.7820088, 2.585455;
0.6158053, 0.05195276, 2.681869;0.778239, -4.243501E-05, 2.746936;0.9712251, -0.2279603, 2.860209;0.7758042, -0.04466899, 2.85502;0.9184568, 0.03371007, 2.704365;0.7231182, -0.5756056, 2.934268;0.8612714, -0.5549771, 2.588525;1.009608, -0.2744305, 2.885955;0.9970912, -0.3220595, 2.893371;1.066109, -0.2838899, 2.899966;0.9083604, -0.6438283, 3.056744;1.060164, -0.5090463, 2.680432;0.9310625, -0.7474364, 3.038335;1.094934, -0.7224995, 2.63009;0.8718526, -0.8001189, 3.026409;1.045851, -0.7823151, 2.585235;
0.6134485, 0.04343687, 2.67676;0.7667358, -0.01821429, 2.740023;0.9694112, -0.2304526, 2.863605;0.7637596, -0.05167171, 2.847554;0.8926357, 0.01444834, 2.695624;0.7211433, -0.6043173, 2.934943;0.8655402, -0.5694006, 2.587586;1.008437, -0.2755993, 2.891287;0.9976728, -0.3214319, 2.898022;1.061265, -0.2817822, 2.910699;0.9080387, -0.6371162, 3.054635;1.068782, -0.456891, 2.680839;0.930928, -0.7473931, 3.038294;1.094728, -0.7231408, 2.630201;0.8722826, -0.8003459, 3.025719;1.045774, -0.7821863, 2.583305;
0.6118126, 0.02503147, 2.672431;0.7635897, -0.03474719, 2.737538;0.945786, -0.2891974, 2.849919;0.7693155, -0.06232792, 2.840051;0.8869789, -0.0009391573, 2.689536;0.7205023, -0.6276288, 2.935659;0.8681974, -0.5797758, 2.586947;0.9826753, -0.3377224, 2.876115;0.9732129, -0.3755096, 2.869256;1.02591, -0.3443596, 2.902266;0.9070535, -0.6366546, 3.053661;1.053256, -0.5885062, 2.674142;0.9310455, -0.746969, 3.037848;1.093186, -0.7241179, 2.629638;0.8724774, -0.7998697, 3.025471;1.045009, -0.7833314, 2.582578;
0.6017282, 0.003825355, 2.662092;0.7524964, -0.05643925, 2.727789;0.9373512, -0.3040406, 2.849876;0.7637631, -0.08105104, 2.827611;0.8802177, -0.04366745, 2.684992;0.7226495, -0.6625399, 2.932444;0.8562704, -0.5978727, 2.585793;0.9736398, -0.3542206, 2.877513;0.961024, -0.4004022, 2.908899;1.015703, -0.3835852, 2.873477;0.8786216, -0.6956542, 3.047415;1.053063, -0.5888513, 2.673966;0.9317909, -0.7211627, 3.033231;1.091811, -0.7228037, 2.63018;0.8731486, -0.7990429, 3.025779;1.043868, -0.783062, 2.580983;
0.6119428, -0.0346061, 2.663022;0.7624704, -0.09455117, 2.729135;0.9342281, -0.3122082, 2.859334;0.8119676, -0.00898748, 2.746483;0.8890419, -0.06736447, 2.680939;0.721427, -0.6003134, 2.923177;0.8462569, -0.6491668, 2.583372;0.968978, -0.3594365, 2.889086;0.9606819, -0.3885646, 2.911823;1.000328, -0.3857974, 2.897362;0.8750436, -0.6999424, 3.04733;1.052275, -0.5895759, 2.673824;0.9309231, -0.7156047, 3.030617;1.091617, -0.7235573, 2.630375;0.8657784, -0.8016257, 3.023017;1.043764, -0.7840048, 2.580629;
0.6115372, -0.03586951, 2.662257;0.7620629, -0.09585868, 2.728472;0.9391996, -0.312482, 2.865456;0.8157716, -0.02297685, 2.743313;0.8809144, -0.07180179, 2.680942;0.7192329, -0.6186822, 2.915854;0.8470325, -0.6682144, 2.585582;0.9763598, -0.3572602, 2.898322;0.9873315, -0.3648063, 2.939897;1.002588, -0.3848928, 2.897405;0.8721563, -0.7185783, 3.052795;1.051167, -0.5889075, 2.673407;1.001088, -0.4523657, 2.968215;1.090598, -0.7234687, 2.63016;0.9617301, -0.5518057, 2.98355;1.043411, -0.7848384, 2.580619;
0.6099067, -0.04169799, 2.661064;0.7604321, -0.1017573, 2.727377;0.9329585, -0.3163766, 2.872603;0.8173171, -0.04633287, 2.741138;0.9511741, -0.1260892, 2.670795;0.7178457, -0.6347842, 2.92071;0.8488772, -0.6734076, 2.586694;0.9676294, -0.3600214, 2.907102;0.9508611, -0.376967, 2.941559;1.006866, -0.389769, 2.911665;0.8559821, -0.7106364, 3.045798;1.051415, -0.5890698, 2.673676;0.9141207, -0.7567003, 3.028919;1.0877, -0.7229111, 2.631265;0.8553527, -0.8101516, 3.021968;1.0425, -0.7861263, 2.580932;
0.6072421, -0.04897223, 2.657426;0.7577755, -0.1090535, 2.723839;0.9407497, -0.314962, 2.875058;0.8173946, -0.04797659, 2.740787;0.8721754, -0.08895282, 2.677161;0.7181941, -0.6405648, 2.920481;0.8511462, -0.6792753, 2.586082;0.9803392, -0.3555643, 2.91076;0.9864204, -0.3598653, 2.923304;1.010237, -0.3738413, 2.916696;0.8867863, -0.669014, 3.030588;0.9427954, -0.5567528, 2.642186;0.9118135, -0.780661, 3.024893;1.086989, -0.7255492, 2.630992;0.8395808, -0.813903, 3.021661;1.042587, -0.7883073, 2.583179;
0.6054899, -0.05198295, 2.654673;0.7560287, -0.1120686, 2.721192;0.9406169, -0.3131157, 2.874847;0.8173849, -0.0493979, 2.739229;0.9455804, -0.1230861, 2.666431;0.7117577, -0.6805813, 2.932924;0.8544262, -0.6855012, 2.588733;0.9796414, -0.3521145, 2.910409;0.9791793, -0.3574289, 2.926167;1.016517, -0.3729566, 2.918462;0.8876854, -0.6685879, 3.030134;0.9422829, -0.5569838, 2.641484;0.9067035, -0.7842756, 3.024227;1.086942, -0.7255624, 2.630869;0.8345547, -0.8173973, 3.022836;1.043612, -0.7876284, 2.582471;
0.6037895, -0.05418219, 2.651725;0.7543322, -0.114271, 2.718328;0.9397308, -0.3134293, 2.874609;0.8277909, -0.05465983, 2.728743;0.8840151, -0.04473599, 2.684948;0.7191457, -0.638856, 2.911356;0.866511, -0.6545245, 2.581023;0.9780959, -0.3525393, 2.910194;0.9717491, -0.3642057, 2.916722;0.9995866, -0.3599312, 2.921436;0.8667747, -0.6682919, 3.0334;0.9408157, -0.5578286, 2.639821;0.9192124, -0.7035226, 3.030269;1.087039, -0.7255613, 2.631051;0.8678935, -0.7976893, 3.022796;1.042619, -0.7876943, 2.583362;
0.6051421, -0.05768166, 2.651527;0.755688, -0.1177772, 2.718239;0.9419067, -0.3139311, 2.873896;0.823553, -0.05449471, 2.72919;0.8577248, -0.1222144, 2.663599;0.7191693, -0.6375868, 2.912373;0.8562745, -0.692512, 2.590446;0.9802237, -0.352749, 2.909136;0.979921, -0.3608023, 2.917033;1.002669, -0.3650414, 2.917723;0.8771452, -0.6681348, 3.032605;0.9402822, -0.5593998, 2.639355;0.9251841, -0.7031167, 3.030941;1.086637, -0.7254423, 2.630786;0.8700243, -0.7948754, 3.022953;1.043793, -0.7861885, 2.58175;
0.6016986, -0.05869249, 2.649041;0.7522467, -0.1187891, 2.715854;0.9422892, -0.3140626, 2.873463;0.8211285, -0.05542841, 2.728677;0.8564641, -0.122174, 2.663556;0.7196164, -0.636852, 2.91417;0.8643966, -0.6598303, 2.591187;0.9810132, -0.3529244, 2.908634;0.9825827, -0.3594232, 2.918075;1.003101, -0.367422, 2.915107;0.8793174, -0.6681567, 3.032986;0.9379679, -0.5608476, 2.636563;0.9250043, -0.7031515, 3.030818;1.086865, -0.7266952, 2.630741;0.8717746, -0.7959895, 3.024168;1.042307, -0.7887935, 2.583941;
0.6017699, -0.05909906, 2.648638;0.7523181, -0.1191963, 2.715546;0.9432244, -0.3143071, 2.872704;0.8184274, -0.05599659, 2.727256;0.862431, -0.1028865, 2.666394;0.7192809, -0.6356379, 2.915551;0.873616, -0.6925977, 2.563917;0.982094, -0.3531336, 2.907681;0.9829016, -0.3596954, 2.91721;1.004116, -0.3671013, 2.913966;0.882865, -0.669758, 3.032824;0.9383205, -0.5616852, 2.636376;0.9252492, -0.7022238, 3.030277;1.086428, -0.726607, 2.631031;0.8721457, -0.7952249, 3.023539;1.042666, -0.7881354, 2.58202;
0.6039998, -0.06185387, 2.649092;0.754549, -0.1219528, 2.716101;0.9429654, -0.3135522, 2.871212;0.8051852, -0.0342555, 2.742005;0.8636209, -0.1002802, 2.665957;0.7125079, -0.6865022, 2.930722;0.8682626, -0.7441053, 2.536296;0.9810471, -0.3513482, 2.905013;0.9816057, -0.358075, 2.91476;1.004121, -0.3667959, 2.912902;0.8832275, -0.6695305, 3.032256;0.9385312, -0.5621555, 2.635978;0.9263021, -0.7005545, 3.030016;1.086327, -0.7269927, 2.631325;0.8729157, -0.7935523, 3.024022;1.042136, -0.7889189, 2.582308;
0.6020527, -0.06275927, 2.646977;0.7526022, -0.1228585, 2.714068;0.9433978, -0.3133954, 2.869902;0.8211583, -0.06545282, 2.714078;0.8881673, -0.04454019, 2.680628;0.7131432, -0.686437, 2.929995;0.8664272, -0.744505, 2.536658;0.9817877, -0.3511145, 2.903752;0.9808853, -0.3620623, 2.909208;1.006946, -0.3605108, 2.912219;0.8844112, -0.6694744, 3.031337;0.9501441, -0.5647671, 2.648649;0.9263533, -0.7004933, 3.030025;1.084993, -0.727266, 2.630802;0.8728954, -0.7936418, 3.025418;1.040563, -0.7892581, 2.58253;
0.6020364, -0.06275138, 2.646712;0.7525859, -0.1228506, 2.713906;0.9379538, -0.315325, 2.868073;0.8186076, -0.06462534, 2.715657;0.9519812, -0.118069, 2.670575;0.713346, -0.6859086, 2.930059;0.8656525, -0.7416846, 2.534824;0.9738863, -0.3540991, 2.901392;0.9589598, -0.3733713, 2.912547;1.011378, -0.3716726, 2.913543;0.8745931, -0.7250205, 3.041223;0.943898, -0.564649, 2.642934;1.130407, -0.7402079, 3.163312;1.084991, -0.7282441, 2.631378;1.037408, -0.7615772, 3.113648;1.040581, -0.7893295, 2.582721;
0.5989029, -0.06210904, 2.643966;0.7494527, -0.1222087, 2.711249;0.9331425, -0.3174821, 2.866163;0.8172252, -0.06191329, 2.714458;0.9449203, -0.114094, 2.664414;0.7190471, -0.6510875, 2.918559;0.876466, -0.6881552, 2.508064;0.9692698, -0.3567194, 2.899986;0.9564927, -0.3748399, 2.914354;1.009689, -0.3761772, 2.910488;0.8347437, -0.7188975, 3.033194;0.9486784, -0.5644395, 2.647322;1.117751, -0.689756, 3.087437;1.084775, -0.7284946, 2.631483;1.021959, -0.7323373, 3.062962;1.040297, -0.7899423, 2.583212;
0.5988616, -0.0615724, 2.643144;0.7494113, -0.1216723, 2.710527;0.9335984, -0.314222, 2.865641;0.815367, -0.0627366, 2.715245;0.9476266, -0.1166597, 2.665898;0.719129, -0.6182091, 2.909487;0.8807307, -0.6798095, 2.53931;0.9700995, -0.3524201, 2.899717;0.9580598, -0.3684082, 2.917746;1.016444, -0.373987, 2.910605;0.890283, -0.6709802, 3.028556;0.944041, -0.5644896, 2.643137;0.9282649, -0.7072919, 3.030446;1.084717, -0.728629, 2.631612;0.8710531, -0.7983322, 3.024187;1.040379, -0.789986, 2.583593;
0.5988913, -0.05887162, 2.642625;0.7509369, -0.1195769, 2.71119;0.936935, -0.3105538, 2.865729;0.8127664, -0.05884562, 2.715635;0.8731824, -0.08720459, 2.665368;0.716144, -0.6129857, 2.910718;0.8810668, -0.6741427, 2.541106;0.974017, -0.3484604, 2.899701;0.9703009, -0.3568818, 2.91502;1.012574, -0.3660599, 2.907845;0.8912687, -0.6702099, 3.028679;0.9399213, -0.5639648, 2.638742;0.9213159, -0.7242646, 3.027839;1.083884, -0.7278773, 2.631315;0.8687588, -0.8010421, 3.023168;1.040092, -0.7899517, 2.585068;
0.5983005, -0.05498853, 2.642458;0.7513765, -0.1155582, 2.711199;0.93683, -0.3032919, 2.862958;0.8036475, -0.02010112, 2.727444;0.8794007, -0.09277374, 2.666381;0.7172492, -0.5962383, 2.907455;0.8761477, -0.6606063, 2.547547;0.9738057, -0.3405876, 2.89627;0.975499, -0.3450796, 2.923857;1.011873, -0.3664862, 2.89764;0.8921015, -0.6690266, 3.028966;0.9381136, -0.5619297, 2.63809;0.9201813, -0.730068, 3.028343;1.085364, -0.7295972, 2.630826;0.8685068, -0.8014219, 3.022681;1.039981, -0.7901762, 2.584837;
0.6023641, -0.04960048, 2.643691;0.7568986, -0.1095967, 2.71274;0.9383734, -0.289476, 2.864293;0.8032174, -0.01770376, 2.727324;0.8796203, -0.09033073, 2.666761;0.7174531, -0.5933173, 2.907025;0.8766997, -0.6553163, 2.549106;0.9743196, -0.3246225, 2.897717;0.9783185, -0.3289747, 2.930883;1.010558, -0.3582704, 2.896143;0.8923639, -0.6675377, 3.029635;0.9364472, -0.5609198, 2.637827;0.9227676, -0.724079, 3.030043;1.085686, -0.7290247, 2.631267;0.8757643, -0.7975302, 3.024672;1.040703, -0.7907481, 2.58444;
0.6059308, -0.03992504, 2.64582;0.7610037, -0.1001145, 2.714946;0.9405123, -0.2860458, 2.86064;0.8052572, -0.01213973, 2.731017;0.8708751, -0.06756331, 2.669476;0.72172, -0.5781893, 2.90914;0.8799102, -0.6333498, 2.551928;0.9764961, -0.322028, 2.892898;0.9841798, -0.3334306, 2.881062;1.006628, -0.3399311, 2.902189;0.8925528, -0.665987, 3.030176;0.9124478, -0.5629079, 2.58851;0.9227648, -0.7239846, 3.029809;1.095789, -0.7903557, 2.591044;0.8748933, -0.7956226, 3.024217;1.017634, -0.7893423, 2.576733;
0.6072355, -0.00496483, 2.647691;0.7592162, -0.08623207, 2.715723;0.9413384, -0.2818379, 2.85648;0.8067437, -0.008212185, 2.729173;0.876569, -0.06867129, 2.668861;0.7214757, -0.5730074, 2.907649;0.8817764, -0.6141756, 2.560948;0.9776709, -0.31923, 2.887925;0.98413, -0.3333873, 2.880866;1.007198, -0.3375871, 2.901015;0.8739955, -0.5112221, 3.001079;0.9119375, -0.5597546, 2.58833;0.9256424, -0.7361883, 3.030271;1.094111, -0.7874179, 2.590688;0.8754458, -0.7974937, 3.025521;1.016194, -0.7909066, 2.575945;
0.60998, -0.000927266, 2.649278;0.762949, -0.07780445, 2.718484;0.9434487, -0.2799041, 2.852929;0.8028136, -0.004730891, 2.725632;0.8752699, -0.05538595, 2.670364;0.7212816, -0.5704415, 2.907537;0.8479909, -0.6218097, 2.577779;0.9799739, -0.3184868, 2.882726;0.9840499, -0.3341048, 2.87862;1.008654, -0.3350075, 2.8983;0.8781122, -0.523263, 3.000408;0.9105444, -0.5574058, 2.587996;0.926838, -0.7352794, 3.030367;1.090225, -0.7866805, 2.587366;0.8764104, -0.796009, 3.022847;1.012142, -0.7896396, 2.573877;
0.6083881, 0.01458805, 2.646926;0.7578811, -0.02969629, 2.715758;0.9418435, -0.2232496, 2.850075;0.8027875, -0.002630285, 2.725119;0.8804482, -0.05241957, 2.669818;0.7136989, -0.6230233, 2.920722;0.8727354, -0.5897593, 2.571738;0.9786521, -0.2621134, 2.880159;0.9912986, -0.313327, 2.870822;1.020869, -0.2820396, 2.932957;0.8828744, -0.6256741, 3.041038;0.9410888, -0.5262095, 2.634885;0.9280783, -0.7342036, 3.030332;1.108705, -0.7645413, 2.629384;0.8775036, -0.7945722, 3.021814;1.045321, -0.7884248, 2.579647;
0.6081138, 0.02414216, 2.64643;0.7582535, -0.02961267, 2.715727;0.9405546, -0.2379988, 2.847524;0.8049606, 0.01023648, 2.725226;0.8880312, -0.0380411, 2.66514;0.7148439, -0.6078593, 2.91813;0.8451307, -0.5889467, 2.573054;0.976218, -0.2834713, 2.87641;0.9855649, -0.3151225, 2.870684;1.008232, -0.3074125, 2.903156;0.8673601, -0.5093399, 3.003106;1.00529, -0.5772358, 2.656768;0.9276501, -0.7322972, 3.030488;1.089301, -0.729609, 2.632212;0.8778958, -0.7934288, 3.023406;1.045309, -0.7884519, 2.5796;
0.6087204, 0.03549592, 2.645612;0.7624131, -0.0221977, 2.714761;0.9480325, -0.2273756, 2.855516;0.8011144, 0.01074382, 2.722364;0.9076287, -0.01565935, 2.68003;0.7203786, -0.5385591, 2.908287;0.8626226, -0.5990407, 2.582315;0.9862312, -0.2679546, 2.888756;0.9854366, -0.282395, 2.9175;1.027398, -0.2851315, 2.900515;0.8822454, -0.5667795, 3.020189;0.971058, -0.5250269, 2.652539;0.9280109, -0.7323467, 3.030522;1.090269, -0.7307701, 2.632115;0.8781246, -0.7932485, 3.023308;1.046334, -0.788227, 2.579587;
0.6085963, 0.04192096, 2.646148;0.7643934, -0.01793322, 2.715705;0.9530541, -0.2159707, 2.857115;0.7981393, 0.02535649, 2.726644;0.8973163, -0.01371753, 2.673216;0.7209275, -0.5843587, 2.923387;0.8648954, -0.5898807, 2.584327;0.991255, -0.2554351, 2.889435;0.9962165, -0.2734961, 2.894807;1.029089, -0.2658283, 2.914482;0.8949384, -0.6347818, 3.043022;1.062915, -0.4665016, 2.674082;0.9287204, -0.7322971, 3.030686;1.092049, -0.7315289, 2.632151;0.8787463, -0.79292, 3.02272;1.045981, -0.7879804, 2.579597;
0.610782, 0.07417493, 2.649832;0.7711542, 0.01689369, 2.719863;0.9630119, -0.1789619, 2.876478;0.8036516, 0.06037137, 2.726289;0.9258106, 0.02938241, 2.695949;0.7343844, -0.4941202, 2.906714;0.8699554, -0.5663764, 2.59419;1.001459, -0.2181692, 2.911343;0.9963629, -0.2406712, 2.922709;1.040031, -0.2366811, 2.925114;0.8954575, -0.6350554, 3.044483;0.9769092, -0.4871251, 2.630985;0.9294549, -0.7307996, 3.031085;1.08737, -0.7543089, 2.607974;0.8792453, -0.7926528, 3.022966;1.031575, -0.7971164, 2.572228;
0.6107659, 0.09350736, 2.656395;0.7706474, 0.02649881, 2.722155;0.9542822, -0.1776167, 2.864347;0.7830772, 0.1254807, 2.767058;0.9206056, 0.03537466, 2.694719;0.7369813, -0.4756648, 2.905352;0.8834282, -0.5335767, 2.590415;0.9886231, -0.2190654, 2.892444;0.9847861, -0.2449794, 2.897154;1.032941, -0.2398259, 2.915955;0.8922416, -0.6289426, 3.04367;0.975583, -0.4927808, 2.623277;0.9293689, -0.7302909, 3.031273;1.092313, -0.7315717, 2.632106;0.8798425, -0.7924741, 3.022773;1.044553, -0.7868091, 2.580234;
0.6186891, 0.1006427, 2.659533;0.7792567, 0.04062997, 2.72966;0.9555769, -0.1765456, 2.862143;0.7663791, 0.02237301, 2.817203;0.921831, 0.04673865, 2.695949;0.7321399, -0.5108908, 2.918025;0.8769826, -0.5236392, 2.591648;0.9900881, -0.2187178, 2.890016;0.9860308, -0.2562335, 2.885602;1.03911, -0.2357675, 2.916578;0.8930106, -0.6291809, 3.044031;1.002467, -0.5111567, 2.642668;0.9293144, -0.7298982, 3.031631;1.098987, -0.7823511, 2.60903;0.8801869, -0.792114, 3.022497;1.029395, -0.7872582, 2.572564;
0.623328, 0.1419145, 2.664074;0.7826356, 0.06944048, 2.736969;0.9592752, -0.1651832, 2.853255;0.7439551, -0.02983221, 2.900787;0.9219307, 0.06222693, 2.696944;0.7428842, -0.5069009, 2.915048;0.8833348, -0.5184351, 2.604674;0.9943669, -0.2100202, 2.879535;0.9879538, -0.2581152, 2.877605;1.054155, -0.2259934, 2.910487;0.8519613, -0.5109494, 3.006584;1.006634, -0.5088808, 2.64747;0.9294056, -0.7255918, 3.031796;1.098843, -0.7807312, 2.611848;0.8804658, -0.7916632, 3.022804;1.030548, -0.7868167, 2.573307;
0.6292716, 0.1585255, 2.670734;0.79029, 0.105601, 2.745214;0.960925, -0.153312, 2.848853;0.7401797, -0.01838778, 2.905349;0.9235177, 0.0848313, 2.701328;0.7437203, -0.4900336, 2.919772;0.8918753, -0.5019366, 2.61091;0.9954056, -0.2023044, 2.874246;0.987284, -0.256154, 2.873374;1.057217, -0.2213429, 2.906442;0.8636764, -0.5075386, 3.008031;1.009631, -0.5085315, 2.649458;0.9307995, -0.7258639, 3.034378;1.098854, -0.7804613, 2.612324;0.8809982, -0.7918139, 3.022385;1.031146, -0.7861245, 2.572825;
0.6356612, 0.1963914, 2.673847;0.7936573, 0.1325802, 2.743197;0.9617262, -0.1447686, 2.84833;0.7408785, 0.002516096, 2.912762;0.9216371, 0.09789561, 2.703457;0.7460924, -0.472756, 2.919126;0.8832669, -0.4542742, 2.620402;0.9957187, -0.1979576, 2.873508;0.9860834, -0.2518254, 2.872647;1.057016, -0.2184206, 2.904646;0.8750219, -0.5029681, 3.013042;1.014506, -0.5075301, 2.650156;0.9312034, -0.7261717, 3.034159;1.098208, -0.7802539, 2.610209;0.8789831, -0.7952495, 3.022715;1.029015, -0.7862007, 2.573504;
0.6375791, 0.2211987, 2.682981;0.7947285, 0.1563494, 2.751358;0.9677121, -0.1021972, 2.861451;0.7459723, 0.03843538, 2.918536;0.9273047, 0.1249241, 2.709835;0.7498509, -0.4242939, 2.923381;0.8826032, -0.4539903, 2.62335;1.002247, -0.1554492, 2.886127;0.9896718, -0.2124868, 2.883072;1.063981, -0.1758655, 2.91705;0.8719184, -0.5246666, 3.048512;1.030808, -0.4707406, 2.669299;0.90853, -0.8027735, 3.074235;1.093971, -0.7478424, 2.620687;0.872478, -0.7933517, 3.005146;1.040329, -0.7873999, 2.579218;
0.6431695, 0.2330788, 2.686429;0.8023806, 0.1718851, 2.756483;0.9722655, -0.08969316, 2.87568;0.74615, 0.07246171, 2.90581;0.9315929, 0.1410352, 2.714748;0.7533702, -0.4072106, 2.919567;0.8762788, -0.4492533, 2.641072;1.00648, -0.1416638, 2.903804;0.9915423, -0.1827053, 2.939359;1.067057, -0.1719626, 2.917532;0.8766407, -0.5264166, 3.032594;1.035958, -0.4668194, 2.670632;0.9126375, -0.804122, 3.058038;1.093248, -0.7444399, 2.619534;0.8624162, -0.7899315, 2.999462;1.040967, -0.78684, 2.579238;
0.6563045, 0.2676984, 2.693111;0.8221127, 0.2156902, 2.765938;0.9722925, -0.08844508, 2.875312;0.744534, 0.115822, 2.912304;0.9325478, 0.1774403, 2.717471;0.7572513, -0.3767913, 2.919784;0.8950561, -0.4178763, 2.633779;1.005923, -0.1416495, 2.903005;0.9852149, -0.1878815, 2.922869;1.066407, -0.1716544, 2.916274;0.8814541, -0.5249874, 3.042378;1.038841, -0.4631597, 2.666169;0.9323157, -0.735913, 3.035611;1.093122, -0.7234707, 2.629347;0.882579, -0.7960873, 3.022025;1.043683, -0.7846252, 2.581383;
0.659252, 0.2842691, 2.693707;0.8227693, 0.2201908, 2.767312;0.9777871, -0.07360694, 2.876252;0.7450768, 0.1226142, 2.912188;0.9339768, 0.1839175, 2.717601;0.7598183, -0.3586723, 2.917985;0.9165888, -0.3590655, 2.647602;1.009382, -0.1321665, 2.902309;0.9904396, -0.1786273, 2.918431;1.069226, -0.1610961, 2.915706;0.8862576, -0.5114092, 3.045836;1.044735, -0.455891, 2.670773;0.9339182, -0.7264711, 3.037802;1.093455, -0.7201137, 2.629519;0.8926815, -0.7921113, 3.023743;1.044865, -0.7840209, 2.581046;
0.6682315, 0.299873, 2.69982;0.8287317, 0.2342734, 2.76957;0.9830468, -0.0581578, 2.877674;0.7497321, 0.1450783, 2.92493;0.9425789, 0.2152998, 2.72116;0.7635757, -0.3473163, 2.915745;0.9156293, -0.3520102, 2.649162;1.014088, -0.1167707, 2.902916;0.9958485, -0.1661612, 2.91602;1.073161, -0.1463478, 2.918015;0.8901461, -0.4965591, 3.045257;1.062834, -0.4409612, 2.673397;0.9366077, -0.7198283, 3.038105;1.094779, -0.7197235, 2.63133;0.8923451, -0.7913662, 3.024325;1.046537, -0.7840444, 2.583426;
0.6682144, 0.3474657, 2.707075;0.8285611, 0.2548872, 2.775194;0.9853726, -0.02079469, 2.880787;0.7532528, 0.1537606, 2.933663;0.942614, 0.2273386, 2.721461;0.7686971, -0.3217143, 2.911901;0.9183141, -0.3036486, 2.653419;1.016916, -0.07513797, 2.904871;1.000133, -0.1211485, 2.916516;1.076375, -0.1026359, 2.919192;0.9060512, -0.4596419, 3.032112;1.069223, -0.4110551, 2.694594;0.9364786, -0.7209067, 3.038038;1.09462, -0.7163025, 2.631383;0.8916737, -0.7917545, 3.025034;1.046419, -0.7835805, 2.583157;
0.6705034, 0.3632035, 2.713221;0.8286395, 0.2890361, 2.783952;0.9929143, 0.007841342, 2.892176;0.7542102, 0.1904712, 2.938833;0.9417752, 0.2473179, 2.725328;0.7834262, -0.287573, 2.915172;0.9189686, -0.2929209, 2.656996;1.025643, -0.04838818, 2.916816;1.013905, -0.09189118, 2.957358;1.087093, -0.08532609, 2.915796;0.9111816, -0.4421092, 3.023447;1.076253, -0.3988166, 2.700188;0.9366219, -0.7212077, 3.038078;1.094152, -0.711525, 2.632329;0.891397, -0.7917736, 3.025059;1.046582, -0.7832069, 2.583301;
0.6698291, 0.4247694, 2.719783;0.8239742, 0.3159758, 2.787053;0.9830589, 0.04341242, 2.887377;0.7576462, 0.2011358, 2.94496;0.9553704, 0.2722412, 2.738237;0.7861241, -0.2810736, 2.915446;0.9171371, -0.2847509, 2.665581;1.014658, -0.01077109, 2.910278;1.009328, -0.07501598, 2.951414;1.074482, -0.04325355, 2.902435;0.9232346, -0.4262296, 3.028244;1.079213, -0.3917124, 2.704705;0.937236, -0.7172969, 3.039264;1.095321, -0.7109727, 2.633261;0.8920801, -0.7897381, 3.025738;1.04696, -0.7827985, 2.583579;
0.7091997, 0.439805, 2.751269;0.8277594, 0.3270184, 2.791741;0.9789498, 0.05568501, 2.88466;0.763849, 0.2346332, 2.954852;0.9484266, 0.2846866, 2.735732;0.796465, -0.2616735, 2.915114;0.9159216, -0.2732571, 2.669585;1.008692, 0.002336752, 2.90596;1.002144, -0.05124108, 2.942125;1.064585, -0.03210561, 2.896841;0.9333992, -0.4033183, 3.026606;1.082027, -0.38413, 2.708735;0.9370512, -0.7214437, 3.039188;1.095257, -0.7105016, 2.632487;0.892176, -0.7896554, 3.025743;1.046869, -0.7826009, 2.583331;
0.7085696, 0.4443409, 2.75051;0.8347172, 0.3541202, 2.798925;0.9732152, 0.06542291, 2.884351;0.7685328, 0.2592218, 2.95767;0.9479452, 0.3053963, 2.733184;0.811852, -0.234906, 2.919945;0.922097, -0.2236329, 2.6725;1.001427, 0.00993147, 2.904943;0.992345, -0.04207294, 2.938279;1.054397, -0.02611781, 2.89664;0.9447755, -0.395521, 3.026621;1.08586, -0.3778609, 2.711429;0.9365343, -0.7229276, 3.039738;1.095394, -0.7104945, 2.632991;0.8924468, -0.7896945, 3.025998;1.047376, -0.7823446, 2.583894;
0.7059578, 0.4626817, 2.75679;0.8375211, 0.3724944, 2.805046;0.9688213, 0.07836626, 2.887554;0.7684529, 0.3129971, 2.965714;0.9472752, 0.3301472, 2.735158;0.814467, -0.2165942, 2.917438;0.9247035, -0.2081023, 2.676368;0.9958497, 0.0203358, 2.907383;0.9839827, -0.03004443, 2.943223;1.050574, -0.02127718, 2.896575;0.9524531, -0.3930207, 3.027574;1.091044, -0.3731802, 2.713822;0.936372, -0.7257745, 3.040661;1.095709, -0.7104506, 2.633318;0.8932161, -0.7896273, 3.027182;1.048142, -0.7823542, 2.584753;
0.7109549, 0.4770507, 2.767483;0.843101, 0.3963461, 2.815883;0.9845526, 0.1109118, 2.89298;0.771721, 0.3129106, 2.97;0.9486523, 0.3379041, 2.736573;0.816968, -0.2036175, 2.915551;0.9253371, -0.2206537, 2.689619;1.013023, 0.05363603, 2.911288;0.9979541, -0.004555809, 2.95735;1.076461, 0.02117799, 2.88456;0.9552945, -0.3916888, 3.028533;1.093555, -0.3708204, 2.715048;0.9373767, -0.7259988, 3.040692;1.096067, -0.7104347, 2.633557;0.8927771, -0.7901769, 3.027314;1.048688, -0.7825218, 2.585064;
0.7204576, 0.4971642, 2.784529;0.8495376, 0.4056186, 2.821002;0.985804, 0.1155396, 2.893983;0.7821237, 0.3209704, 2.966305;0.9591421, 0.3628316, 2.743572;0.8200516, -0.1877601, 2.910157;0.9260253, -0.1757281, 2.690137;1.013612, 0.05775515, 2.911888;0.9988127, -0.0001113331, 2.958998;1.076283, 0.02179421, 2.884625;0.9599802, -0.3912709, 3.029567;1.097573, -0.3695178, 2.716029;0.9380175, -0.7257038, 3.04055;1.097424, -0.7086051, 2.634678;0.8920429, -0.789567, 3.025666;1.048685, -0.7822455, 2.584932;
0.7216152, 0.5276072, 2.801403;0.8554887, 0.4255977, 2.830052;0.9760377, 0.1552436, 2.889009;0.7889166, 0.337834, 2.974586;0.9642249, 0.3792179, 2.747883;0.817731, -0.1683448, 2.907344;0.9251815, -0.1695297, 2.692474;0.9984808, 0.1037908, 2.902552;0.9887997, 0.02390171, 2.959768;1.061208, 0.05818981, 2.865214;0.9618486, -0.3840639, 3.028672;1.098453, -0.371156, 2.716249;0.9420207, -0.7220488, 3.040362;1.099124, -0.7067825, 2.635472;0.8918248, -0.7892609, 3.025664;1.049116, -0.7820179, 2.584866;
0.7508322, 0.5726104, 2.78548;0.8576882, 0.4375716, 2.836872;0.9740962, 0.1601933, 2.886607;0.7951527, 0.3514294, 2.986801;0.9664218, 0.3867097, 2.74911;0.8274412, -0.167114, 2.911336;0.927033, -0.1471707, 2.693632;0.996658, 0.1069122, 2.899624;0.9866865, 0.0289344, 2.955975;1.056726, 0.06241324, 2.85889;0.9628617, -0.3836842, 3.028374;1.102111, -0.3659507, 2.718667;0.9435399, -0.7317531, 3.04003;1.099295, -0.7064868, 2.63541;0.8912215, -0.7904221, 3.025241;1.04905, -0.7815083, 2.584632;
0.7563998, 0.5895905, 2.790808;0.8606137, 0.4500748, 2.843843;0.9693613, 0.1668817, 2.893144;0.8037485, 0.3633648, 2.990285;0.9719827, 0.3956138, 2.752131;0.8303234, -0.1504607, 2.911802;0.9248421, -0.1399155, 2.689082;0.990988, 0.1116609, 2.906122;0.972937, 0.04190621, 2.972156;1.052786, 0.06289769, 2.861827;0.9661989, -0.3835299, 3.028428;1.105701, -0.3634846, 2.719013;0.944191, -0.7294072, 3.039655;1.100254, -0.7066956, 2.635755;0.8907001, -0.7905816, 3.025424;1.049029, -0.7815529, 2.584644;
0.7582768, 0.5943282, 2.791911;0.8659167, 0.462874, 2.854402;0.9723849, 0.1753749, 2.891912;0.8088926, 0.378822, 2.998178;0.977594, 0.4123354, 2.756438;0.8268791, -0.1469513, 2.910057;0.9250355, -0.1390903, 2.689561;0.9938025, 0.1191329, 2.903239;0.9818538, 0.04830396, 2.960562;1.053154, 0.07024196, 2.859359;0.9704036, -0.3814318, 3.027473;1.108472, -0.357391, 2.720788;0.9460417, -0.7278797, 3.040386;1.101442, -0.7034876, 2.636521;0.8909293, -0.7906528, 3.025709;1.049624, -0.7801262, 2.58501;
0.7631804, 0.5991478, 2.798246;0.8726283, 0.4730165, 2.857634;0.9676578, 0.1878885, 2.893445;0.8136736, 0.3930165, 3.004868;0.9857433, 0.4183847, 2.759044;0.8282615, -0.1380032, 2.913986;0.9260473, -0.1319272, 2.691518;0.9862862, 0.1320729, 2.904111;0.9697856, 0.0588827, 2.966077;1.047741, 0.07509542, 2.856478;0.9733979, -0.36695, 3.02429;1.110092, -0.3549914, 2.721421;0.9460727, -0.7276887, 3.04041;1.103036, -0.7020146, 2.637366;0.8925318, -0.7903634, 3.02633;1.050705, -0.7784781, 2.586016;
0.7679108, 0.6053356, 2.805532;0.8858752, 0.4964869, 2.860973;0.967337, 0.1947114, 2.895338;0.8154963, 0.3938973, 3.004951;0.9927104, 0.4275748, 2.762765;0.8335369, -0.1189216, 2.917772;0.9326017, -0.1050323, 2.690274;0.9849664, 0.1364772, 2.905589;0.9668894, 0.06222031, 2.968086;1.045297, 0.07778786, 2.856947;0.9751544, -0.3647688, 3.024276;1.111195, -0.3503814, 2.721926;0.955001, -0.7122276, 3.043689;1.103541, -0.7001978, 2.638041;0.8926283, -0.7897754, 3.026316;1.051382, -0.7768854, 2.586516;
0.7696592, 0.6145592, 2.807649;0.8872753, 0.502389, 2.86373;0.9655753, 0.2035672, 2.899673;0.8179895, 0.4044811, 3.00886;0.9966413, 0.4331675, 2.76419;0.8340852, -0.1081813, 2.920389;0.9325829, -0.1053253, 2.69046;0.981966, 0.1445562, 2.90993;0.9620197, 0.06969514, 2.972653;1.040912, 0.08370163, 2.860534;0.9766762, -0.3647774, 3.024563;1.111719, -0.3500173, 2.721606;0.9539248, -0.7149289, 3.043994;1.103849, -0.7001657, 2.637932;0.8914818, -0.7903983, 3.026847;1.051396, -0.7768837, 2.586447;
0.7751586, 0.6173035, 2.810354;0.8902407, 0.5075065, 2.869185;0.9679003, 0.2084695, 2.897088;0.8245245, 0.4087574, 3.013482;0.9981344, 0.4398497, 2.764142;0.8329782, -0.115548, 2.917791;0.9339705, -0.09758075, 2.688112;0.9841657, 0.1497023, 2.905579;0.965035, 0.07342868, 2.967114;1.041315, 0.09114522, 2.851439;0.9791543, -0.3654616, 3.0253;1.114007, -0.3583121, 2.719004;0.9535412, -0.7151714, 3.044078;1.10387, -0.7002384, 2.637862;0.8913529, -0.7906228, 3.026734;1.051333, -0.777067, 2.586335;
0.7793158, 0.6246068, 2.817123;0.9008281, 0.5206838, 2.870192;0.9709857, 0.2113293, 2.894645;0.8293117, 0.4116743, 3.013892;0.9976252, 0.4441444, 2.764593;0.8331407, -0.1132664, 2.916444;0.9355489, -0.09287979, 2.687243;0.9861526, 0.1511433, 2.903058;0.9674355, 0.07479781, 2.963063;1.041026, 0.09323975, 2.849182;0.9803433, -0.3660708, 3.025867;1.112927, -0.3608688, 2.718471;0.9530447, -0.7169932, 3.044022;1.103961, -0.7002756, 2.637885;0.8917521, -0.7903078, 3.027304;1.051447, -0.7771618, 2.586167;
0.7816385, 0.6306565, 2.823404;0.9043953, 0.5241416, 2.872459;0.9722494, 0.2139048, 2.893459;0.8337535, 0.4161324, 3.015394;0.998562, 0.4461754, 2.765043;0.8337311, -0.09604435, 2.918678;0.9364819, -0.0927472, 2.684953;0.9868082, 0.1531648, 2.901312;0.9678901, 0.07649893, 2.960855;1.040014, 0.0951654, 2.846727;0.9818314, -0.3648643, 3.026057;1.111545, -0.3575042, 2.719461;0.9530731, -0.7173924, 3.044187;1.104465, -0.7002774, 2.638361;0.8924737, -0.7899433, 3.027691;1.051552, -0.7768615, 2.586369;
0.7867917, 0.6350025, 2.82735;0.9097812, 0.5304056, 2.880443;0.9734038, 0.2170757, 2.893319;0.8365893, 0.4186628, 3.016272;1.000916, 0.4492399, 2.765915;0.8316052, -0.1082882, 2.911762