0.9796877, 0.822183, 2.94872;1.049876, 0.6570114, 2.923519;1.013729, 0.2611806, 2.893549;0.9509565, 0.5183109, 3.097485;1.103783, 0.5166456, 2.799695;0.8780134, -0.01795543, 3.01475;1.042748, 0.001904606, 2.617489;1.0065, 0.1820144, 2.891157;0.9660932, 0.1164627, 2.941565;1.034865, 0.1157134, 2.827675;0.99743, -0.3475984, 3.004117;1.101947, -0.3394255, 2.709991;1.004265, -0.6998135, 3.030347;1.1294, -0.6993325, 2.638515;0.9308821, -0.7837502, 3.008126;1.070735, -0.7751581, 2.58363;
0.9796546, 0.8213099, 2.948582;1.050389, 0.656539, 2.92386;1.014309, 0.261533, 2.893052;0.9509755, 0.5182393, 3.097014;1.104591, 0.5171138, 2.798516;0.8783615, -0.01763478, 3.014163;1.043103, 0.001701911, 2.617598;1.00723, 0.1826123, 2.890462;0.9667391, 0.1170778, 2.940477;1.036045, 0.116834, 2.827029;0.99791, -0.3528567, 3.005059;1.102227, -0.3395277, 2.709342;0.9853293, -0.7268504, 3.021405;1.124924, -0.6993052, 2.631554;0.9272288, -0.7913556, 3.007051;1.07023, -0.7755162, 2.582287;
0.9794478, 0.8205248, 2.949293;1.05051, 0.6566722, 2.923941;1.014361, 0.2613674, 2.89317;0.9508102, 0.5179834, 3.095294;1.105273, 0.5177283, 2.798647;0.8784112, -0.01745006, 3.014006;1.043265, 0.001468952, 2.6183;1.00727, 0.1823152, 2.890578;0.9666572, 0.1167645, 2.940278;1.036151, 0.1167865, 2.827392;0.998154, -0.3546369, 3.006139;1.102367, -0.3392059, 2.709501;0.9866408, -0.7276267, 3.022305;1.123236, -0.6980408, 2.630235;0.9300903, -0.790188, 3.008182;1.070179, -0.7755623, 2.58231;
0.981573, 0.819713, 2.944776;1.050503, 0.6566938, 2.92399;1.014409, 0.2612583, 2.893177;0.9508395, 0.5178738, 3.095109;1.105849, 0.5178611, 2.798849;0.8788043, -0.01708324, 3.014336;1.043303, 0.001437166, 2.618362;1.007328, 0.1821576, 2.890574;0.9666459, 0.1165355, 2.940168;1.036271, 0.1166835, 2.827469;0.9982912, -0.3554145, 3.006223;1.101712, -0.3367572, 2.715293;0.9873827, -0.7280105, 3.023542;1.124068, -0.6968917, 2.630728;0.9282144, -0.7919956, 3.009966;1.070217, -0.7755261, 2.582257;
0.9813086, 0.8189514, 2.945473;1.050558, 0.6564725, 2.924272;1.014437, 0.261155, 2.8933;0.9508372, 0.5178372, 3.094685;1.107547, 0.5179601, 2.799055;0.8793857, -0.01624423, 3.015943;1.043729, 0.0008983447, 2.619636;1.007345, 0.1820735, 2.890677;0.9665582, 0.1164767, 2.940163;1.036491, 0.1165936, 2.827838;0.9979491, -0.3534088, 3.00563;1.100529, -0.3356234, 2.718606;0.9927603, -0.7194982, 3.024377;1.123668, -0.6974915, 2.630348;0.9279646, -0.7904436, 3.008197;1.06985, -0.775856, 2.582023;
0.9830835, 0.8183222, 2.943275;1.050846, 0.6559427, 2.924081;1.014462, 0.2611421, 2.89328;0.9507064, 0.5174704, 3.091975;1.107675, 0.5178732, 2.799034;0.879366, -0.01681877, 3.016043;1.044378, 0.0008821596, 2.620397;1.007352, 0.1820879, 2.890669;0.9664953, 0.1164052, 2.940213;1.036525, 0.1164616, 2.827588;0.9979827, -0.3535003, 3.005577;1.100878, -0.3360865, 2.716515;0.9959679, -0.7133058, 3.027336;1.123513, -0.6974189, 2.629924;0.9280984, -0.7906355, 3.008507;1.069542, -0.7759154, 2.581755;
0.9876556, 0.8188447, 2.93974;1.05097, 0.6558522, 2.924242;1.014531, 0.2610791, 2.893301;0.9507721, 0.5175017, 3.091982;1.109115, 0.517696, 2.799257;0.8791545, -0.01692729, 3.016547;1.044402, 0.0006032857, 2.620953;1.007408, 0.1820315, 2.890676;0.966445, 0.1162657, 2.94022;1.036783, 0.1161596, 2.82744;0.9982837, -0.3571774, 3.006134;1.100764, -0.3363419, 2.715299;0.9959292, -0.7155538, 3.026984;1.127257, -0.7006803, 2.633777;0.9266914, -0.7925369, 3.005418;1.069585, -0.7758995, 2.581735;
0.9888178, 0.8182234, 2.937782;1.050993, 0.655603, 2.923984;1.0145, 0.2613709, 2.893513;0.9508141, 0.5174056, 3.091803;1.1092, 0.5176893, 2.799232;0.8790972, -0.01702274, 3.017619;1.044379, 0.0005340655, 2.620871;1.007328, 0.1826103, 2.891154;0.9662204, 0.1168719, 2.940674;1.036713, 0.1171605, 2.828559;0.997921, -0.3585735, 3.005984;1.100687, -0.3353353, 2.714547;0.9860097, -0.72607, 3.020834;1.126019, -0.7013198, 2.631833;0.9262234, -0.7946985, 3.002733;1.069425, -0.7757564, 2.581435;
0.9908391, 0.8192495, 2.936974;1.050995, 0.6556673, 2.923997;1.014605, 0.2610807, 2.893337;0.9510863, 0.5172626, 3.092587;1.109753, 0.5175727, 2.799606;0.878872, -0.01701155, 3.017946;1.044707, -0.0002240263, 2.62224;1.007469, 0.1821315, 2.890871;0.9662495, 0.116244, 2.94037;1.037026, 0.1164192, 2.828072;0.9979485, -0.3585249, 3.005985;1.100898, -0.3355253, 2.714045;0.9872302, -0.7254282, 3.020995;1.124009, -0.6998596, 2.629329;0.9266851, -0.7946051, 3.003126;1.069375, -0.7756842, 2.581262;
0.9909188, 0.8192325, 2.936876;1.051277, 0.6555634, 2.923892;1.014544, 0.2613246, 2.89362;0.9516405, 0.5175518, 3.093436;1.110649, 0.5171528, 2.799183;0.8791505, -0.01550729, 3.019242;1.044725, -0.0006086283, 2.622334;1.007272, 0.1825394, 2.891345;0.96579, 0.1160088, 2.940835;1.03669, 0.1181325, 2.829255;0.9975408, -0.3568172, 3.005024;1.100667, -0.3355695, 2.713125;1.000523, -0.7116523, 3.027702;1.125387, -0.7020663, 2.63042;0.9271351, -0.792838, 3.004251;1.069371, -0.7756862, 2.581211;
0.9910566, 0.8194312, 2.938591;1.051291, 0.6555423, 2.923759;1.014368, 0.261634, 2.893811;0.9523176, 0.5176707, 3.094405;1.111358, 0.5172122, 2.799397;0.8790501, -0.01535866, 3.01939;1.044737, -0.000633843, 2.622281;1.006993, 0.1830063, 2.891677;0.9651866, 0.1154121, 2.941642;1.036336, 0.1190283, 2.829417;0.9970769, -0.3545692, 3.003963;1.100561, -0.3349157, 2.713073;1.000782, -0.7102267, 3.02711;1.122716, -0.7023907, 2.627622;0.9269783, -0.7925167, 3.004567;1.06949, -0.7758701, 2.581134;
0.9915521, 0.8202412, 2.93845;1.051534, 0.655563, 2.923621;1.01433, 0.2616347, 2.893686;0.952492, 0.5172991, 3.092771;1.112012, 0.5169716, 2.799564;0.8782266, -0.01528508, 3.020197;1.044756, -0.0001736805, 2.622024;1.006882, 0.1829977, 2.89154;0.9644049, 0.1146983, 2.941557;1.036268, 0.1192797, 2.829201;0.9965389, -0.3539805, 3.003614;1.100252, -0.3343607, 2.71284;1.000581, -0.710464, 3.027204;1.122336, -0.7017971, 2.627561;0.9274765, -0.7914949, 3.00801;1.069487, -0.7758688, 2.581066;
0.9921906, 0.8201891, 2.939084;1.05182, 0.6554418, 2.923856;1.014333, 0.2615673, 2.893575;0.9523935, 0.5169585, 3.092731;1.112899, 0.516775, 2.799469;0.8794798, -0.01436565, 3.024317;1.0447, -0.0002173172, 2.621916;1.006854, 0.1828874, 2.891351;0.9639403, 0.1139038, 2.940716;1.036424, 0.1195861, 2.829059;0.9968032, -0.3551867, 3.003887;1.100189, -0.3342744, 2.712709;0.9958925, -0.720187, 3.02414;1.122254, -0.7018785, 2.627239;0.9263782, -0.7936028, 3.00618;1.068888, -0.7762079, 2.580295;
0.9929, 0.8203707, 2.939848;1.05222, 0.6551344, 2.923897;1.0143, 0.2615484, 2.89368;0.952455, 0.5168775, 3.092255;1.113297, 0.5164086, 2.799369;0.8793514, -0.01425244, 3.024301;1.044704, -0.0002732044, 2.62187;1.006759, 0.1828871, 2.891484;0.9636034, 0.1133657, 2.941018;1.036299, 0.119757, 2.8292;0.9966376, -0.3553524, 3.004242;1.100232, -0.3342643, 2.712626;0.9948639, -0.7216834, 3.023897;1.121866, -0.7019907, 2.626771;0.9258329, -0.7945517, 3.007044;1.06888, -0.7761242, 2.580317;
0.9937749, 0.8212096, 2.94128;1.052541, 0.6550349, 2.924013;1.01415, 0.2617121, 2.894099;0.9530182, 0.5169039, 3.093207;1.113335, 0.5162041, 2.799441;0.8791471, -0.01439253, 3.024002;1.04442, -0.0001732364, 2.621498;1.006453, 0.1831416, 2.892019;0.9633539, 0.1133196, 2.941605;1.035679, 0.1203172, 2.829826;0.9963453, -0.3574417, 3.004593;1.100169, -0.3342692, 2.712294;0.9926415, -0.725217, 3.024249;1.122388, -0.7022496, 2.626951;0.9514444, -0.804809, 2.969957;1.069058, -0.7761993, 2.580372;
0.9940462, 0.8210503, 2.941404;1.052999, 0.6549425, 2.924403;1.014117, 0.2619389, 2.894398;0.953046, 0.5168399, 3.093112;1.11323, 0.5161582, 2.799514;0.8796148, -0.01416561, 3.025427;1.043976, -0.0001067292, 2.620708;1.006336, 0.183438, 2.892306;0.9632843, 0.1133299, 2.941866;1.035397, 0.1208846, 2.830034;0.9958426, -0.3569306, 3.004601;1.100098, -0.334216, 2.712095;0.9935225, -0.7175128, 3.025983;1.12252, -0.7018142, 2.627612;0.929161, -0.7905213, 3.00528;1.069169, -0.7761568, 2.58037;
0.9945887, 0.8213726, 2.941917;1.05305, 0.6549811, 2.924334;1.013935, 0.2622095, 2.894593;0.953024, 0.5167908, 3.09308;1.113797, 0.515579, 2.799186;0.8794777, -0.01359827, 3.025814;1.04394, -0.0001058143, 2.620469;1.006055, 0.1837987, 2.892581;0.9628882, 0.1131755, 2.94232;1.035159, 0.1211423, 2.830165;0.9956867, -0.3601517, 3.005678;1.099858, -0.3343814, 2.711723;0.9904446, -0.7257873, 3.026697;1.121738, -0.7012132, 2.627082;0.929254, -0.7970152, 3.008478;1.069322, -0.7762703, 2.580558;
0.9949486, 0.8213992, 2.942375;1.053009, 0.6548277, 2.92417;1.013763, 0.2622686, 2.894766;0.9534369, 0.5168735, 3.093349;1.113534, 0.5155653, 2.79945;0.8794545, -0.01355571, 3.025775;1.04395, -4.501151E-05, 2.620522;1.005826, 0.1839157, 2.892851;0.9627112, 0.1132286, 2.942924;1.034837, 0.1213762, 2.830354;0.995661, -0.358454, 3.005146;1.099778, -0.3336751, 2.711659;0.9922082, -0.7201657, 3.026212;1.121657, -0.7000576, 2.626819;0.9295651, -0.7943901, 3.008689;1.069749, -0.7759607, 2.580466;
0.9951906, 0.8212909, 2.942342;1.053288, 0.6549047, 2.924203;1.013777, 0.2622668, 2.894718;0.9533246, 0.5166206, 3.093076;1.113755, 0.5154452, 2.799253;0.8795909, -0.01318705, 3.026096;1.043953, -1.243845E-05, 2.620655;1.005833, 0.1839047, 2.892785;0.9626148, 0.1129034, 2.942782;1.034943, 0.1215262, 2.830182;0.9956164, -0.3593501, 3.005137;1.099651, -0.3334565, 2.711451;0.9910145, -0.723362, 3.025508;1.121503, -0.7008407, 2.626161;0.9299101, -0.7947426, 3.007436;1.069733, -0.7759403, 2.580417;
0.9953954, 0.8214676, 2.942891;1.053299, 0.6549309, 2.9245;1.013757, 0.2622384, 2.894655;0.9534618, 0.5166842, 3.09255;1.114023, 0.5154951, 2.799316;0.8797135, -0.01307028, 3.027075;1.043801, 0.0007812498, 2.620125;1.005796, 0.1838422, 2.892669;0.9624725, 0.11276, 2.94254;1.034983, 0.1215983, 2.830048;0.9956987, -0.3590586, 3.004972;1.099535, -0.3329831, 2.711073;0.9941193, -0.7167394, 3.026455;1.121476, -0.6994303, 2.625707;0.9299692, -0.7946388, 3.007504;1.069681, -0.775934, 2.580329;
0.9942868, 0.820941, 2.940642;1.05325, 0.6549028, 2.924535;1.013669, 0.2622733, 2.894691;0.9534864, 0.5165795, 3.092371;1.113716, 0.5156521, 2.799219;0.879003, -0.01286819, 3.026578;1.043823, 0.0008187838, 2.620263;1.005707, 0.1838838, 2.892685;0.9624592, 0.1127734, 2.94252;1.034738, 0.1219457, 2.830153;0.9955528, -0.358593, 3.00455;1.09999, -0.3344967, 2.71062;0.9944281, -0.7148874, 3.026459;1.120175, -0.6978438, 2.625079;0.931482, -0.7940162, 3.00794;1.069773, -0.7757709, 2.58016;
0.9943617, 0.8212742, 2.94099;1.053095, 0.6547982, 2.924544;1.013596, 0.2623287, 2.894699;0.9535396, 0.5166671, 3.092225;1.113539, 0.5157838, 2.79951;0.8785924, -0.01282036, 3.02637;1.0439, 0.0008277812, 2.620311;1.005634, 0.1839698, 2.892669;0.9624641, 0.1128397, 2.942461;1.034614, 0.1220812, 2.830137;0.9956867, -0.356905, 3.004694;1.099895, -0.3343449, 2.710356;0.9952614, -0.7143047, 3.026387;1.120401, -0.6971934, 2.62526;0.9327335, -0.7920426, 3.0095;1.069949, -0.7757138, 2.58093;
0.9938779, 0.8230309, 2.94698;1.05314, 0.6545715, 2.924017;1.013616, 0.2623204, 2.89463;0.9534904, 0.5166227, 3.092216;1.113404, 0.5159604, 2.799731;0.8787733, -0.01283371, 3.026829;1.04389, 0.001096835, 2.620127;1.005654, 0.1839695, 2.892616;0.9625055, 0.1127777, 2.942389;1.034688, 0.1222123, 2.830088;0.9949192, -0.3539417, 3.002798;1.099665, -0.3341149, 2.710296;0.9965954, -0.707605, 3.027384;1.120218, -0.6973273, 2.625252;0.9304414, -0.7892859, 3.009439;1.069936, -0.7757741, 2.58112;
0.9919653, 0.8212415, 2.954566;1.05336, 0.6547832, 2.924083;1.013604, 0.2623802, 2.894575;0.9534228, 0.5166764, 3.092506;1.113181, 0.515707, 2.799505;0.8779846, -0.01269834, 3.025857;1.043901, 0.00114241, 2.620118;1.005618, 0.1840244, 2.892531;0.9624676, 0.1127397, 2.942338;1.034596, 0.1224607, 2.829804;0.9948007, -0.3539961, 3.002664;1.099584, -0.3341052, 2.710258;0.9970955, -0.7075229, 3.027578;1.120112, -0.6973473, 2.625138;0.9329069, -0.7896035, 3.009889;1.069844, -0.7756752, 2.580882;
0.9912208, 0.8218989, 2.954377;1.053227, 0.6548283, 2.92373;1.013489, 0.2624484, 2.894394;0.9535873, 0.5163822, 3.092864;1.113112, 0.5157853, 2.79951;0.8773493, -0.01296879, 3.02529;1.043887, 0.001462986, 2.620156;1.005503, 0.1840907, 2.892349;0.9624882, 0.112703, 2.941939;1.034338, 0.1228597, 2.829735;0.9951002, -0.3563141, 3.003328;1.099612, -0.3343069, 2.709933;0.9932616, -0.7169744, 3.026792;1.120065, -0.6987501, 2.624748;0.9327454, -0.7914849, 3.010878;1.070087, -0.7758512, 2.580905;
0.9912988, 0.8222353, 2.949968;1.053105, 0.6545972, 2.923739;1.01339, 0.2622983, 2.894237;0.9533374, 0.516178, 3.092797;1.11289, 0.5157939, 2.799462;0.8778797, -0.01347029, 3.026229;1.043931, 0.001454527, 2.62013;1.005397, 0.1839274, 2.892123;0.9623289, 0.112481, 2.941645;1.034335, 0.1228818, 2.829549;0.9950807, -0.3565662, 3.003222;1.099858, -0.334893, 2.709518;0.9931002, -0.7171624, 3.026722;1.119899, -0.6985019, 2.624643;0.9305785, -0.7953076, 3.012739;1.069723, -0.776, 2.58035;
0.99059, 0.8202134, 2.943549;1.053106, 0.6546126, 2.923818;1.013344, 0.2621308, 2.894229;0.9533092, 0.5161653, 3.092838;1.112884, 0.5157703, 2.799582;0.8775648, -0.01361714, 3.026127;1.043938, 0.001179627, 2.620392;1.005329, 0.1836485, 2.89205;0.9623053, 0.1119566, 2.941257;1.034314, 0.1228525, 2.829602;0.9952415, -0.3579815, 3.003259;1.099836, -0.335184, 2.709333;0.9927161, -0.7249727, 3.026979;1.12012, -0.6983393, 2.62484;0.9314023, -0.7961441, 3.010851;1.070102, -0.7755333, 2.580332;
0.9923036, 0.8207297, 2.940842;1.053096, 0.6545344, 2.923566;1.013299, 0.2620702, 2.894097;0.9536811, 0.5159588, 3.094388;1.112894, 0.5158016, 2.799518;0.8775041, -0.01358229, 3.026115;1.043919, 0.001217796, 2.620337;1.00528, 0.1835871, 2.891922;0.9622771, 0.1118182, 2.941072;1.034274, 0.1229495, 2.829539;0.995484, -0.3587545, 3.003052;1.099784, -0.3352254, 2.709322;0.9919721, -0.7250104, 3.026668;1.121783, -0.7010735, 2.626534;0.9320396, -0.7975647, 3.010359;1.07011, -0.7755418, 2.580328;
0.9922768, 0.8207188, 2.941283;1.053147, 0.6545274, 2.923733;1.013287, 0.2620201, 2.894037;0.9535498, 0.5160451, 3.094439;1.112363, 0.5155792, 2.799283;0.8775036, -0.01363942, 3.026146;1.043787, 0.001115493, 2.619866;1.005255, 0.183501, 2.891808;0.9622544, 0.1118258, 2.940852;1.034274, 0.1229666, 2.829484;0.9949874, -0.3533656, 3.001012;1.099895, -0.3365905, 2.708696;0.9984708, -0.7069387, 3.027492;1.121811, -0.700508, 2.626574;0.932089, -0.7906615, 3.01094;1.070079, -0.7754396, 2.580131;
0.993436, 0.8201893, 2.93708;1.052975, 0.654601, 2.923742;1.013216, 0.2620329, 2.894058;0.9533596, 0.5158004, 3.094179;1.112668, 0.5155614, 2.79905;0.8770388, -0.01369737, 3.025954;1.04379, 0.001282488, 2.619547;1.005201, 0.183507, 2.891827;0.9621183, 0.1116158, 2.9409;1.034258, 0.1229699, 2.829493;0.9949771, -0.3533862, 3.001199;1.099755, -0.3365663, 2.708691;0.9982427, -0.7069226, 3.027504;1.121144, -0.7000485, 2.626486;0.9329803, -0.7908409, 3.010107;1.069824, -0.7747753, 2.579762;
0.9963443, 0.8217115, 2.935401;1.052893, 0.6548052, 2.923608;1.013178, 0.2620336, 2.893989;0.9533135, 0.5163018, 3.093815;1.111852, 0.5156091, 2.79892;0.8762342, -0.01418329, 3.025285;1.043541, 0.001883064, 2.619518;1.005163, 0.1834892, 2.891753;0.9621132, 0.1115913, 2.940888;1.034177, 0.1230005, 2.829298;0.9948903, -0.35344, 3.001055;1.099627, -0.3362782, 2.708633;0.9981329, -0.7065978, 3.027545;1.121993, -0.7010459, 2.627292;0.9352565, -0.7901558, 3.010918;1.06984, -0.7747751, 2.579712;
0.9959382, 0.821278, 2.935801;1.052405, 0.6538634, 2.922486;1.013042, 0.2618766, 2.893634;0.953351, 0.5162857, 3.093686;1.11185, 0.5156353, 2.798724;0.8764023, -0.01430745, 3.026025;1.043531, 0.001891772, 2.619483;1.005073, 0.1834101, 2.891477;0.9620644, 0.1115381, 2.940703;1.034149, 0.1230381, 2.8291;0.9948441, -0.3546102, 3.00133;1.099452, -0.3361513, 2.708617;0.9872745, -0.7223119, 3.022688;1.122122, -0.7004831, 2.627244;0.9327285, -0.7946857, 3.006367;1.069913, -0.7742304, 2.579101;
0.9914454, 0.8207338, 2.941666;1.052192, 0.6537582, 2.921588;1.012682, 0.2617473, 2.893314;0.9531786, 0.5162216, 3.093984;1.111758, 0.5156499, 2.79863;0.8760156, -0.01474695, 3.026252;1.043537, 0.001960655, 2.619758;1.004693, 0.1832811, 2.89123;0.9617088, 0.1116108, 2.940221;1.033791, 0.1230442, 2.829188;0.9948007, -0.3545894, 3.001378;1.098471, -0.3340442, 2.708637;0.9928646, -0.7141623, 3.025958;1.121629, -0.7002688, 2.626604;0.9325709, -0.7943957, 3.007186;1.069581, -0.7744716, 2.578754;
0.9917971, 0.8218058, 2.942971;1.052005, 0.6538005, 2.921123;1.012568, 0.2615114, 2.892922;0.9531384, 0.5162087, 3.093111;1.11168, 0.5157233, 2.798456;0.8760008, -0.01473169, 3.026244;1.043038, 0.001616979, 2.6197;1.004598, 0.1829871, 2.890837;0.9616535, 0.111524, 2.93973;1.033794, 0.1230571, 2.829111;0.994762, -0.3564867, 3.002152;1.098358, -0.3340791, 2.708603;0.9925637, -0.7219847, 3.026133;1.122889, -0.7020699, 2.628401;0.9321079, -0.7949927, 3.007029;1.069487, -0.7744952, 2.578779;
0.9915599, 0.8217832, 2.943628;1.051958, 0.6538013, 2.921148;1.012379, 0.2616096, 2.893067;0.9534523, 0.5210115, 3.092875;1.111248, 0.51586, 2.798054;0.8755481, -0.01515612, 3.026264;1.042747, 0.001696053, 2.619892;1.004375, 0.1831228, 2.891018;0.9615743, 0.1117294, 2.939831;1.033269, 0.1234248, 2.829623;0.9951391, -0.3582204, 3.002961;1.09832, -0.3341157, 2.708586;0.9913096, -0.7269155, 3.025704;1.122227, -0.7015464, 2.628152;0.931241, -0.7976823, 3.006929;1.069584, -0.7744099, 2.578789;
0.989795, 0.8205001, 2.945491;1.051861, 0.6537265, 2.92134;1.012129, 0.261423, 2.892977;0.9535164, 0.5203062, 3.093149;1.111256, 0.5159554, 2.797904;0.8732491, -0.01641323, 3.025924;1.042494, 0.001769759, 2.619947;1.004068, 0.1828925, 2.890839;0.9613341, 0.1116214, 2.93942;1.03296, 0.1233131, 2.829566;0.9950385, -0.3580052, 3.002957;1.098179, -0.3342569, 2.708368;0.9916621, -0.727763, 3.025053;1.120946, -0.700204, 2.627461;0.9310962, -0.7975972, 3.006989;1.069317, -0.7744748, 2.57856;
0.9891109, 0.8200912, 2.944405;1.052187, 0.6538191, 2.920954;1.011886, 0.2610475, 2.89307;0.9531518, 0.519649, 3.093657;1.110671, 0.5159031, 2.79745;0.8719542, -0.01694286, 3.024815;1.041994, 0.001494924, 2.620281;1.003613, 0.1822809, 2.891092;0.9610696, 0.111505, 2.939477;1.03235, 0.1230272, 2.830391;0.9952486, -0.3586162, 3.00302;1.098054, -0.334504, 2.70826;0.9921046, -0.72952, 3.024779;1.120757, -0.7007518, 2.627077;0.9335297, -0.7978806, 3.003899;1.069193, -0.7746072, 2.578596;
0.9872362, 0.8192461, 2.944386;1.052473, 0.653989, 2.92129;1.01136, 0.2609523, 2.893495;0.9529926, 0.5195417, 3.093533;1.110012, 0.5157166, 2.796335;0.8710144, -0.01685272, 3.023306;1.041922, 0.00153885, 2.620316;1.00282, 0.1821282, 2.891596;0.960014, 0.111821, 2.940073;1.031387, 0.1228293, 2.831001;0.9950645, -0.3584605, 3.003033;1.097681, -0.3340001, 2.70813;0.9917389, -0.7287132, 3.024312;1.120519, -0.7004234, 2.626358;0.9315054, -0.7983178, 3.005124;1.069036, -0.7746763, 2.578175;
0.9880806, 0.8197854, 2.944017;1.052368, 0.6540399, 2.920798;1.010957, 0.2609161, 2.893403;0.9532316, 0.5206504, 3.093634;1.109033, 0.5154888, 2.795678;0.8692861, -0.01713193, 3.021968;1.040168, 0.00139179, 2.619685;1.002357, 0.182093, 2.891567;0.9597841, 0.1118674, 2.940117;1.030543, 0.1229339, 2.831026;0.9949722, -0.3595288, 3.003049;1.097612, -0.3340421, 2.707842;0.9912145, -0.7285025, 3.024455;1.119409, -0.7005289, 2.624562;0.9332992, -0.7977652, 3.005789;1.068789, -0.7748688, 2.578264;
0.9879813, 0.8195455, 2.943686;1.052476, 0.6544321, 2.921564;1.010927, 0.260945, 2.893387;0.953018, 0.520083, 3.094553;1.107839, 0.5164308, 2.795864;0.8690125, -0.01753934, 3.021418;1.039409, 0.001623993, 2.61982;1.002313, 0.1821259, 2.891495;0.9598229, 0.1120511, 2.939847;1.030389, 0.1231593, 2.830906;0.9927512, -0.353476, 3.000271;1.097756, -0.3347218, 2.707756;0.9989571, -0.7042851, 3.028974;1.119394, -0.7004131, 2.62498;0.9292555, -0.7940851, 3.009014;1.068769, -0.7750475, 2.578926;
0.9877526, 0.8193654, 2.94315;1.052417, 0.6544205, 2.922132;1.010644, 0.2609327, 2.89361;0.9524024, 0.5194136, 3.094995;1.10697, 0.5165059, 2.794991;0.8682824, -0.01820493, 3.021162;1.037875, 0.001772106, 2.619764;1.002019, 0.1821232, 2.891652;0.9596193, 0.1120907, 2.939994;1.029922, 0.1229768, 2.830978;0.9925697, -0.3540919, 3.000262;1.096425, -0.336564, 2.707177;0.9989551, -0.7042999, 3.028981;1.119397, -0.7004513, 2.625068;0.9273568, -0.7938326, 3.00933;1.068937, -0.7751488, 2.579189;
0.9858959, 0.8184993, 2.947161;1.051571, 0.654207, 2.921768;1.009709, 0.260363, 2.893244;0.9515882, 0.5200021, 3.095124;1.104343, 0.5160797, 2.793754;0.8676769, -0.01829018, 3.02089;1.037038, 0.002289531, 2.619413;1.001125, 0.1815039, 2.891268;0.9591151, 0.1121642, 2.939078;1.029002, 0.1228489, 2.831268;0.9922847, -0.3549092, 3.000025;1.095397, -0.3351171, 2.707471;0.9970909, -0.7075998, 3.028359;1.120304, -0.6998746, 2.625513;0.9273965, -0.7934753, 3.009098;1.068834, -0.7750637, 2.579067;
0.9823577, 0.8171396, 2.95001;1.050296, 0.6529806, 2.92143;1.009093, 0.2596229, 2.893294;0.9506772, 0.5197686, 3.094722;1.103693, 0.5162466, 2.792977;0.8672652, -0.01933061, 3.021216;1.034737, 0.002007501, 2.618853;1.00065, 0.1808718, 2.891347;0.9588456, 0.112065, 2.939017;1.02876, 0.1224512, 2.831593;0.9924318, -0.3572272, 3.000256;1.09516, -0.3359981, 2.707227;0.9907006, -0.7214752, 3.027495;1.120277, -0.6996897, 2.625445;0.9327705, -0.7939686, 3.00554;1.068873, -0.7750602, 2.579031;
0.9803262, 0.8180941, 2.949733;1.046443, 0.6529975, 2.919786;1.008309, 0.2594201, 2.892853;0.9488261, 0.5193737, 3.092311;1.101174, 0.5163115, 2.791391;0.8662685, -0.01956532, 3.021466;1.03246, 0.001550309, 2.617526;1.000222, 0.1806907, 2.891043;0.9587002, 0.1120896, 2.938761;1.028551, 0.1224221, 2.831499;0.9918333, -0.3561435, 3.000368;1.094507, -0.3363617, 2.706767;0.9911616, -0.7192827, 3.027187;1.120274, -0.6996921, 2.625869;0.9413886, -0.7904713, 2.982775;1.068869, -0.775067, 2.579012;
0.9782817, 0.819784, 2.95137;1.045062, 0.6530305, 2.918563;1.007805, 0.2593202, 2.892482;0.9462281, 0.5213245, 3.094492;1.097658, 0.5165467, 2.792739;0.865208, -0.01997633, 3.02127;1.028011, 0.0005640523, 2.616669;0.9999079, 0.1805927, 2.890798;0.9586061, 0.1120429, 2.938593;1.028289, 0.1224557, 2.831393;0.9913855, -0.3609711, 3.001298;1.093538, -0.3369889, 2.706168;0.9908159, -0.7258276, 3.02706;1.120163, -0.7008336, 2.625904;0.9405699, -0.7932367, 2.996091;1.068494, -0.7757676, 2.578914;
0.9723636, 0.8202191, 2.948387;1.0412, 0.652362, 2.916309;1.00758, 0.2592744, 2.892463;0.9443188, 0.5196661, 3.093513;1.095758, 0.5161553, 2.792387;0.8626699, -0.02145815, 3.019398;1.02552, 0.0005075964, 2.615913;0.9998801, 0.1805816, 2.890839;0.9588117, 0.1118304, 2.938953;1.028273, 0.1223455, 2.831436;0.9909385, -0.3602673, 3.000743;1.09258, -0.3412476, 2.705482;0.9928681, -0.7206755, 3.027194;1.119233, -0.7012141, 2.625201;0.9343148, -0.7897391, 2.998711;1.068448, -0.7759362, 2.578943;
0.9680386, 0.8195763, 2.946453;1.034459, 0.6509626, 2.911695;1.006877, 0.2594256, 2.892028;0.9399109, 0.5198514, 3.097467;1.094605, 0.5157503, 2.791089;0.8623126, -0.02133037, 3.019938;1.022144, 0.001489718, 2.615173;0.9997307, 0.1807276, 2.89075;0.9588027, 0.1116727, 2.939057;1.028296, 0.122342, 2.831375;0.9891855, -0.3609825, 3.000527;1.088068, -0.3437322, 2.703906;0.9907893, -0.723724, 3.025635;1.118487, -0.7011748, 2.625085;0.9286944, -0.7926614, 3.000413;1.068471, -0.7759308, 2.578856;
0.9620221, 0.8179566, 2.944312;1.02824, 0.6487573, 2.907631;1.006345, 0.2591344, 2.891575;0.9353033, 0.5201981, 3.098244;1.089582, 0.5143284, 2.787277;0.8605957, -0.02234579, 3.021405;1.013914, 0.002130375, 2.613568;0.9997147, 0.1806746, 2.890692;0.959095, 0.1113899, 2.939077;1.02852, 0.1221547, 2.831414;0.9834258, -0.3562456, 2.996677;1.084714, -0.3449674, 2.7033;0.9934127, -0.7102913, 3.025218;1.118047, -0.7013021, 2.625334;0.9298305, -0.7892547, 3.002936;1.068468, -0.7760466, 2.57893;
0.9512821, 0.8139532, 2.939724;1.0225, 0.6463952, 2.905539;1.006214, 0.2575747, 2.891432;0.9275942, 0.5151578, 3.092207;1.080354, 0.5108496, 2.786106;0.8560653, -0.02403962, 3.023447;1.008216, 0.001807137, 2.611665;1.000618, 0.1789392, 2.89098;0.9618372, 0.1091826, 2.939883;1.030562, 0.1204346, 2.832453;0.979593, -0.3580877, 2.996334;1.079047, -0.3492167, 2.702961;0.9914571, -0.7058777, 3.026477;1.116729, -0.7010649, 2.624366;0.9335352, -0.790277, 2.994238;1.067986, -0.7761872, 2.57774;
0.9318668, 0.8081059, 2.925671;1.015538, 0.6450064, 2.903682;1.005501, 0.2583406, 2.891765;0.9201629, 0.5116433, 3.090997;1.076567, 0.5107515, 2.785344;0.8463677, -0.04768233, 3.020476;1.001402, 0.0001231283, 2.61036;1.00066, 0.1803834, 2.891894;0.9630307, 0.1083354, 2.945368;1.031061, 0.1204038, 2.832128;0.9753256, -0.3595071, 2.99535;1.074903, -0.3534906, 2.699043;0.9906523, -0.7071686, 3.025884;1.116166, -0.7013031, 2.624617;0.933217, -0.7911987, 2.997181;1.067823, -0.7762114, 2.577492;
0.9280756, 0.80642, 2.92938;1.008992, 0.6439103, 2.902473;1.005279, 0.2581569, 2.892097;0.9161079, 0.5106629, 3.082702;1.07196, 0.5089301, 2.78423;0.8420923, -0.04885402, 3.020458;0.9941162, 0.0009536371, 2.607725;1.001165, 0.1802249, 2.89274;0.965444, 0.1071249, 2.947528;1.032386, 0.1198057, 2.83305;0.9700855, -0.3615292, 2.99384;1.068852, -0.35776, 2.696294;0.9902824, -0.7110748, 3.024522;1.113748, -0.7015693, 2.624195;0.9332585, -0.7915635, 2.998276;1.067297, -0.7761969, 2.576939;
0.9213476, 0.8045986, 2.931158;0.9941493, 0.6349845, 2.899587;1.005037, 0.257782, 2.892266;0.9104266, 0.5045062, 3.074595;1.05735, 0.5002607, 2.781918;0.8332788, -0.04955249, 3.021312;0.9839243, -0.00419905, 2.603777;1.001934, 0.1801223, 2.893309;0.9713128, 0.1031049, 2.953487;1.034829, 0.1178373, 2.831622;0.9635075, -0.3634422, 2.994114;1.066042, -0.3583921, 2.694516;0.9872916, -0.7203058, 3.023546;1.113372, -0.7022976, 2.624388;0.9301468, -0.7922302, 2.998426;1.066964, -0.7765155, 2.576748;
0.9025777, 0.7889541, 2.919922;0.9785989, 0.6180591, 2.90055;1.004854, 0.2522143, 2.893559;0.9020709, 0.4880076, 3.07031;1.052904, 0.4928317, 2.778403;0.8266534, -0.04157632, 3.016344;0.9716422, -0.03088254, 2.595529;1.004976, 0.175988, 2.895078;0.9780349, 0.09439514, 2.957348;1.041876, 0.1105661, 2.831021;0.9570678, -0.3656901, 2.994738;1.062786, -0.3614692, 2.692238;0.9857231, -0.7273043, 3.023871;1.109946, -0.706021, 2.620658;0.9285932, -0.7947537, 3.001492;1.065891, -0.7770703, 2.57643;
0.8911861, 0.776345, 2.917655;0.9691746, 0.6105592, 2.899782;1.004808, 0.242041, 2.896335;0.8906424, 0.4697117, 3.067243;1.047857, 0.4857643, 2.777479;0.8100333, -0.07050289, 3.01334;0.9689365, -0.02487044, 2.597548;1.009185, 0.1662556, 2.898986;0.9835202, 0.08191699, 2.964377;1.050636, 0.09875615, 2.832167;0.9506155, -0.3651152, 2.991942;1.059274, -0.3649635, 2.689491;0.984697, -0.7246063, 3.021169;1.107955, -0.7067617, 2.619642;0.9255295, -0.7949637, 3.005222;1.064876, -0.7779174, 2.576352;
0.8722866, 0.7644667, 2.910118;0.9528585, 0.5932444, 2.896695;1.005038, 0.2296452, 2.898156;0.8837444, 0.4605559, 3.063613;1.034331, 0.4648111, 2.773396;0.8016618, -0.07966284, 3.013507;0.9602476, -0.03235702, 2.592455;1.01313, 0.1551093, 2.901685;0.9916874, 0.06957161, 2.967044;1.055736, 0.08703065, 2.835058;0.9434704, -0.3692365, 2.990038;1.056409, -0.3693281, 2.688753;0.9774537, -0.7273083, 3.019806;1.106743, -0.7071909, 2.619167;0.9266169, -0.7978129, 3.003796;1.064228, -0.7782239, 2.576103;
0.8492669, 0.7241693, 2.90283;0.9349133, 0.560987, 2.890896;1.009161, 0.2067303, 2.899975;0.8640304, 0.4153992, 3.053571;1.022472, 0.4478225, 2.770296;0.7927173, -0.08748063, 3.011122;0.9513919, -0.03977611, 2.583162;1.022532, 0.1339238, 2.905013;1.001372, 0.05562791, 2.96943;1.068488, 0.07247464, 2.839817;0.940078, -0.3674885, 2.98884;1.054547, -0.371815, 2.688222;0.9775935, -0.7178184, 3.019793;1.105393, -0.7074311, 2.618156;0.9254366, -0.7950479, 3.005125;1.063692, -0.778393, 2.575758;
0.8369691, 0.7123188, 2.90056;0.9270785, 0.5507275, 2.888252;1.007774, 0.1976136, 2.902167;0.860817, 0.4074769, 3.053438;1.014013, 0.4340037, 2.767417;0.7826824, -0.1132064, 3.005387;0.9408534, -0.06505047, 2.578255;1.022825, 0.1260323, 2.90806;1.004888, 0.04360897, 2.975206;1.070678, 0.06373876, 2.843685;0.9364563, -0.368912, 2.988034;1.0513, -0.3751947, 2.687033;0.9779176, -0.7139471, 3.022229;1.104236, -0.7076837, 2.618707;0.9247552, -0.7912873, 3.002929;1.06334, -0.7784488, 2.575672;
0.8170353, 0.6782691, 2.893197;0.9116747, 0.5134977, 2.878198;1.012468, 0.1476756, 2.904474;0.8458564, 0.3765374, 3.04224;1.006412, 0.4058363, 2.764092;0.7695789, -0.1370322, 3.008051;0.9342963, -0.07566701, 2.571675;1.032927, 0.07523619, 2.913482;1.016465, 0.001190301, 2.973865;1.085403, 0.02157976, 2.859326;0.9260347, -0.3899502, 2.989305;1.042977, -0.3853196, 2.684174;0.978079, -0.7139475, 3.022557;1.10318, -0.7080427, 2.618958;0.924462, -0.7912315, 3.002625;1.063157, -0.778709, 2.576108;
0.7970996, 0.6407308, 2.879238;0.9025351, 0.4967089, 2.876511;1.011333, 0.1419648, 2.903825;0.8399247, 0.360534, 3.039294;0.9981385, 0.3828613, 2.763954;0.7566448, -0.1617884, 3.005386;0.9139603, -0.1267069, 2.5564;1.032514, 0.0704851, 2.912882;1.017346, -0.006757664, 2.974241;1.08579, 0.01614451, 2.857897;0.9181331, -0.3947719, 2.990408;1.041117, -0.3895662, 2.683745;0.9783683, -0.7147771, 3.022403;1.102857, -0.7095979, 2.619397;0.9262707, -0.79388, 2.988345;1.062605, -0.7790579, 2.577709;
0.774911, 0.6049448, 2.871063;0.8842816, 0.4424124, 2.869614;1.014599, 0.1101224, 2.900926;0.8215936, 0.2985466, 3.030003;0.9856029, 0.3438148, 2.758585;0.7376502, -0.200073, 2.993091;0.8995592, -0.1672686, 2.547909;1.039355, 0.04326884, 2.910625;1.02645, -0.03285727, 2.972427;1.096988, -0.005367947, 2.85645;0.9076443, -0.4141725, 2.992572;1.037027, -0.3937654, 2.6835;0.9772367, -0.7094004, 3.022783;1.102809, -0.709948, 2.619562;0.9038699, -0.793656, 2.991845;1.062335, -0.7790275, 2.578057;
0.7589355, 0.5793216, 2.860692;0.8755248, 0.4158069, 2.866221;1.021747, 0.09040223, 2.898405;0.8136765, 0.262942, 3.018183;0.9800311, 0.3251056, 2.755927;0.7267558, -0.2148804, 2.997345;0.8870243, -0.2104252, 2.536002;1.050691, 0.02379102, 2.908178;1.0405, -0.05266731, 2.968739;1.112349, -0.01966101, 2.855511;0.8983662, -0.4244965, 2.995566;1.033248, -0.4003659, 2.682183;0.9645147, -0.7319698, 3.016071;1.102286, -0.7102555, 2.619731;0.9293839, -0.808394, 3.00078;1.061622, -0.7794941, 2.578086;
0.7506528, 0.525102, 2.845178;0.8636804, 0.3815348, 2.85846;1.024825, 0.07353742, 2.897878;0.8062602, 0.2449474, 3.007445;0.9696711, 0.2793719, 2.74527;0.7122532, -0.2574095, 3.000123;0.8867108, -0.2254617, 2.535119;1.055703, 0.01036592, 2.908669;1.046809, -0.06371512, 2.970837;1.1209, -0.03280422, 2.856203;0.891772, -0.4295425, 2.99903;1.028877, -0.4033326, 2.680725;0.9716443, -0.7254572, 3.021036;1.101689, -0.7125244, 2.619797;0.9247546, -0.7996361, 3.00255;1.061232, -0.7800443, 2.578291;
0.7296245, 0.4747353, 2.835223;0.8513743, 0.3303175, 2.852372;1.017619, 0.008937128, 2.904931;0.7966206, 0.190587, 3.001751;0.9673351, 0.2559488, 2.744095;0.7081743, -0.2830723, 2.999891;0.8802037, -0.2805151, 2.532744;1.050868, -0.05533894, 2.91898;1.045912, -0.1220219, 2.972836;1.113293, -0.09975364, 2.880143;0.8623983, -0.4719284, 3.008452;1.021574, -0.4316406, 2.665521;0.9716585, -0.7254354, 3.021046;1.10076, -0.7129145, 2.619107;0.9249862, -0.7989916, 3.001412;1.060582, -0.7801677, 2.577621;
0.7199824, 0.4471716, 2.824253;0.8424113, 0.3014187, 2.841524;1.027258, -0.002006046, 2.900821;0.7934454, 0.1554942, 2.991488;0.9586141, 0.2080932, 2.738252;0.69132, -0.3344018, 3.008655;0.8812988, -0.2916653, 2.528184;1.064481, -0.06508826, 2.915325;1.063719, -0.1327611, 2.970289;1.129029, -0.1045268, 2.876127;0.8567027, -0.4674456, 3.01066;1.022468, -0.4341237, 2.667024;0.9733813, -0.7139335, 3.024978;1.099925, -0.7304927, 2.61384;0.9040568, -0.799129, 3.003538;1.053657, -0.7886455, 2.572164;
0.7043082, 0.3956617, 2.813088;0.8340271, 0.2462792, 2.831927;1.031006, -0.03893884, 2.888076;0.7841186, 0.1226263, 2.986031;0.9545927, 0.1815839, 2.733294;0.6800315, -0.3596784, 2.998011;0.8694621, -0.3594219, 2.516602;1.069664, -0.09427987, 2.903782;1.068856, -0.1629842, 2.956932;1.135792, -0.1229075, 2.867715;0.8516603, -0.4856743, 3.01889;1.020172, -0.4498594, 2.661251;0.9378835, -0.7758131, 3.039218;1.103571, -0.7442575, 2.613992;0.8880008, -0.810298, 2.979415;1.048329, -0.7903876, 2.568449;
0.6967651, 0.3472613, 2.799365;0.8317527, 0.2147663, 2.827286;1.005645, -0.09769273, 2.892865;0.794726, 0.06862359, 2.959421;0.953101, 0.1371517, 2.729314;0.6730026, -0.4105153, 2.999976;0.8577729, -0.4019681, 2.51704;1.040537, -0.1585994, 2.909736;1.038962, -0.2219756, 2.962953;1.102774, -0.2011098, 2.876563;0.8804376, -0.4520916, 3.007134;1.021346, -0.4940339, 2.650914;0.9675723, -0.7187709, 3.021107;1.09871, -0.7176037, 2.618358;0.9141465, -0.7970226, 3.003878;1.059038, -0.7812269, 2.578177;
0.6932351, 0.3066356, 2.792019;0.8280906, 0.174426, 2.816805;1.003263, -0.1092803, 2.88595;0.7892444, 0.03042555, 2.968307;0.9545239, 0.1074543, 2.728365;0.6686332, -0.4546083, 2.994731;0.8544397, -0.4223479, 2.512698;1.038227, -0.1679586, 2.903057;1.039017, -0.2406025, 2.953383;1.101225, -0.2070928, 2.871896;0.8780766, -0.4679753, 3.009436;1.021925, -0.4967444, 2.651375;0.9675239, -0.7204245, 3.020719;1.097971, -0.7170119, 2.617886;0.9139919, -0.796791, 3.004003;1.058989, -0.7812088, 2.578118;
0.6849521, 0.2636506, 2.785779;0.8249954, 0.1374887, 2.814194;1.002939, -0.1395906, 2.881996;0.7804732, 0.01240868, 2.970787;0.9492494, 0.07726328, 2.725899;0.6655296, -0.47945, 2.991902;0.8582987, -0.4692234, 2.50428;1.038439, -0.1941658, 2.899248;1.039588, -0.2651845, 2.952213;1.104587, -0.2298297, 2.868119;0.8756207, -0.4724937, 3.008291;1.01294, -0.5037664, 2.646639;0.9645441, -0.7212611, 3.019123;1.097123, -0.7204286, 2.617028;0.9079309, -0.7936754, 3.00254;1.057697, -0.7842618, 2.577469;
0.6832759, 0.2410391, 2.780063;0.8225545, 0.1043988, 2.812198;0.9946747, -0.1714589, 2.8813;0.7700723, -0.04056871, 2.966477;0.9469912, 0.0555333, 2.724919;0.654837, -0.5231286, 2.978056;0.8653756, -0.4755491, 2.508029;1.02887, -0.2272287, 2.898653;1.019619, -0.3126485, 2.955117;1.101814, -0.2510711, 2.866279;0.8697566, -0.5206625, 3.012946;1.007921, -0.5030914, 2.64502;0.9592953, -0.7355044, 3.015859;1.097497, -0.7240173, 2.616556;0.9063341, -0.8000532, 3.002258;1.056423, -0.7859769, 2.576178;
0.6816931, 0.2183346, 2.775547;0.820892, 0.08129486, 2.80954;0.9898944, -0.2101071, 2.874025;0.774318, -0.06115747, 2.969667;0.9411191, 0.02565929, 2.721493;0.6598766, -0.5222456, 2.990442;0.8743894, -0.5076545, 2.507415;1.023599, -0.2683894, 2.890317;1.017474, -0.3455212, 2.949542;1.094627, -0.3013289, 2.852412;0.9126623, -0.6263617, 3.035229;0.9936346, -0.4925716, 2.645871;0.9568089, -0.7350925, 3.01386;1.097052, -0.7266523, 2.615085;0.9051363, -0.8007727, 3.002115;1.055098, -0.7878562, 2.574887;
0.6705106, 0.170817, 2.763038;0.8152448, 0.05550097, 2.808027;0.9894601, -0.2116636, 2.874451;0.7670941, -0.08798832, 2.972242;0.9405417, 0.008111464, 2.719579;0.6668997, -0.5719289, 2.991288;0.8661324, -0.5419602, 2.500487;1.023477, -0.2687026, 2.890607;1.018853, -0.349455, 2.952951;1.095436, -0.301512, 2.852672;0.919019, -0.6254994, 3.039236;0.9831328, -0.4946148, 2.645234;0.955378, -0.7342149, 3.013346;1.096735, -0.7263187, 2.615706;0.9038295, -0.8000594, 3.003319;1.055495, -0.7873688, 2.574896;
0.6683913, 0.1557823, 2.762606;0.8115761, 0.02556964, 2.808316;0.9915133, -0.2223985, 2.87915;0.7676437, -0.09300523, 2.966947;0.9353721, -0.02009437, 2.72152;0.6656454, -0.5802357, 2.990433;0.8693121, -0.5558997, 2.498446;1.026287, -0.2749072, 2.895576;1.03111, -0.369816, 2.968087;1.099239, -0.3020673, 2.855668;0.6830252, -0.5334927, 3.022539;0.97842, -0.4951364, 2.645278;0.8155599, -0.8006914, 3.041411;1.095819, -0.7250988, 2.616845;0.9028729, -0.8008317, 3.005818;1.056703, -0.7870178, 2.57556;
0.6695402, 0.1395268, 2.757695;0.8114916, 0.01384022, 2.805967;0.937463, -0.2768953, 2.885026;0.7687882, -0.09981619, 2.963096;0.9362875, -0.03385891, 2.7204;0.6700997, -0.6050032, 2.998379;0.8697324, -0.5664674, 2.496621;0.962675, -0.3325863, 2.904783;0.9459074, -0.4250283, 2.987287;1.036078, -0.3652469, 2.854796;0.8294567, -0.4856439, 2.99404;0.9758575, -0.4960243, 2.645829;0.9488933, -0.726405, 3.013496;1.094676, -0.7240239, 2.617288;0.9010199, -0.8014334, 3.008028;1.057357, -0.7866731, 2.575664;
0.6642315, 0.1185177, 2.759356;0.8090898, 0.002197752, 2.802758;0.966521, -0.2611448, 2.877256;0.7544729, -0.1673518, 2.989368;0.9321333, -0.05115501, 2.718543;0.664592, -0.6323865, 2.997222;0.8737467, -0.5690207, 2.495715;1.00596, -0.3073977, 2.894304;1.011065, -0.4153193, 2.974776;1.088319, -0.3301332, 2.849136;0.8569311, -0.5276252, 3.012091;0.9719623, -0.5026854, 2.644653;0.9508896, -0.716942, 3.014154;1.094587, -0.7245136, 2.618086;0.9008527, -0.8016729, 3.007828;1.05744, -0.7872959, 2.576652;
0.6640587, 0.112029, 2.758502;0.8072312, -0.01926473, 2.806563;0.9755026, -0.2609663, 2.879916;0.7553306, -0.1696116, 2.987886;0.9313816, -0.05887844, 2.7186;0.67714, -0.6203794, 2.999588;0.8816725, -0.572657, 2.498981;1.012653, -0.3071817, 2.897175;1.015862, -0.4126238, 2.976113;1.098345, -0.3233826, 2.852876;0.6493713, -0.5417359, 2.993298;0.9707446, -0.5050718, 2.643053;0.78836, -0.799014, 3.0344;1.094641, -0.7249898, 2.618393;0.8987242, -0.8012817, 3.008496;1.05774, -0.7876087, 2.576669;
0.6646162, 0.1037639, 2.756572;0.806849, -0.02954626, 2.804201;0.9832884, -0.2784644, 2.880662;0.777823, -0.1822478, 2.96042;0.9310207, -0.06802377, 2.716727;0.6792909, -0.6266956, 3.00158;0.8815696, -0.5743949, 2.496632;1.020616, -0.3285507, 2.899447;1.022732, -0.4279945, 2.979837;1.103958, -0.3444611, 2.852216;0.6435763, -0.5156483, 2.983159;0.9704157, -0.5102126, 2.641547;0.7844775, -0.7712085, 3.025086;1.095364, -0.725417, 2.618694;0.8932173, -0.7975391, 3.007412;1.05805, -0.787501, 2.576713;
0.6634844, 0.0998691, 2.755758;0.8048786, -0.03507088, 2.803315;0.9853842, -0.2736738, 2.879538;0.7761095, -0.1827809, 2.960582;0.928826, -0.07256632, 2.715989;0.6827018, -0.6382909, 3.006006;0.8799576, -0.583095, 2.493616;1.023679, -0.3190557, 2.897885;1.02668, -0.4112929, 2.975059;1.106889, -0.3211089, 2.850485;0.6527459, -0.5177735, 2.981144;0.969283, -0.5114046, 2.64049;0.7987996, -0.770615, 3.020722;1.09958, -0.7247915, 2.620351;0.902106, -0.8009389, 3.006247;1.059375, -0.7849114, 2.578283;
0.6592083, 0.08900765, 2.756531;0.8049245, -0.03679546, 2.801121;0.9864455, -0.2874068, 2.87955;0.7748524, -0.1838403, 2.960512;0.9255574, -0.07695811, 2.715826;0.6824538, -0.6400714, 3.005271;0.8819755, -0.6241428, 2.480953;1.023804, -0.3399197, 2.899343;1.024181, -0.435174, 2.966824;1.096944, -0.3503788, 2.863453;0.6439581, -0.5081727, 2.990926;0.8406215, -0.4672942, 2.581035;0.7898467, -0.7610741, 3.029869;1.099477, -0.7249722, 2.620021;0.8876837, -0.8056285, 3.005481;1.059625, -0.7856496, 2.578458;
0.6599988, 0.08756104, 2.756375;0.8041227, -0.04020888, 2.802035;0.9863958, -0.2874843, 2.87978;0.7717991, -0.1835884, 2.958746;0.9248894, -0.07965403, 2.715431;0.6820245, -0.6408274, 3.004183;0.88256, -0.6238335, 2.479118;1.023679, -0.3394986, 2.899591;1.024397, -0.4345305, 2.970723;1.098911, -0.350396, 2.862056;0.6390295, -0.4802136, 2.980525;0.8444562, -0.4722015, 2.580424;0.9511865, -0.7172003, 3.011115;1.098607, -0.7251233, 2.619134;0.8910303, -0.8044804, 3.000564;1.059547, -0.7867271, 2.578268;
0.6596651, 0.08768398, 2.756198;0.8026255, -0.04270367, 2.801543;0.985275, -0.2885143, 2.878787;0.771123, -0.1843861, 2.958455;0.9235135, -0.08235646, 2.714926;0.6817901, -0.6421413, 3.003547;0.8829863, -0.6238188, 2.478688;1.022421, -0.3398701, 2.898331;1.023572, -0.4349665, 2.967833;1.096787, -0.3500237, 2.86044;0.6368065, -0.4635354, 2.977533;0.8452659, -0.4748582, 2.577828;0.9491276, -0.7104377, 3.011049;1.098852, -0.7249964, 2.618744;0.8873258, -0.8047725, 3.002551;1.059697, -0.7867104, 2.578173;
0.6599663, 0.08838676, 2.756424;0.8012134, -0.04330158, 2.802252;0.9838244, -0.2878676, 2.87846;0.7553011, -0.1818002, 2.968098;0.921717, -0.08398612, 2.715111;0.6818656, -0.642546, 3.004435;0.8830917, -0.623356, 2.477405;1.020349, -0.338189, 2.897525;1.022069, -0.4333215, 2.965713;1.095121, -0.3481481, 2.859925;0.6429407, -0.509819, 2.985691;0.8448322, -0.4754858, 2.577775;0.7903209, -0.7599602, 3.029493;1.098407, -0.7249048, 2.617749;0.8863478, -0.8063303, 3.002799;1.063469, -0.7855177, 2.572058;
0.6591744, 0.08998003, 2.756462;0.8000196, -0.04352595, 2.802291;0.9825429, -0.2840486, 2.876468;0.756174, -0.1832148, 2.966487;0.9209666, -0.08414251, 2.714725;0.6817725, -0.6430457, 3.005702;0.8823057, -0.6238624, 2.475523;1.018943, -0.3316076, 2.894271;1.022538, -0.4277019, 2.963027;1.094056, -0.3381723, 2.853602;0.638881, -0.4770272, 2.979333;0.8417971, -0.4750359, 2.578497;0.7874112, -0.7265794, 3.022231;1.097576, -0.7250485, 2.616125;0.8723195, -0.7986429, 3.002859;1.062567, -0.7867509, 2.57199;
0.6584834, 0.09103237, 2.756828;0.798534, -0.04253996, 2.802502;0.98136, -0.2815199, 2.875116;0.7562301, -0.183162, 2.965844;0.9204236, -0.08404221, 2.714181;0.6812244, -0.6418014, 3.006355;0.8816212, -0.6227702, 2.473396;1.01789, -0.3288505, 2.89263;1.022128, -0.4248283, 2.960944;1.093251, -0.335999, 2.851934;0.6390583, -0.4761885, 2.978524;0.8354599, -0.472335, 2.58237;0.9449635, -0.7139546, 3.010153;1.098384, -0.7242178, 2.616426;0.8829029, -0.8067689, 3.000341;1.062892, -0.7871362, 2.574511;
0.6587953, 0.09544939, 2.757416;0.7974288, -0.04019655, 2.80349;0.9806753, -0.2827843, 2.87491;0.7568302, -0.1835772, 2.965304;0.9187498, -0.08230094, 2.713745;0.6780297, -0.6327475, 3.010548;0.8801355, -0.621027, 2.471675;1.016955, -0.3315963, 2.892245;1.019634, -0.4286961, 2.956038;1.090611, -0.3383452, 2.853552;0.6371109, -0.4753169, 2.983612;0.8355843, -0.4739239, 2.581156;0.948411, -0.723985, 3.008416;1.097957, -0.7240733, 2.61613;0.8853514, -0.8074808, 2.99879;1.063148, -0.7883644, 2.575866;
0.6580724, 0.101844, 2.757699;0.7958928, -0.02979651, 2.80048;0.9822291, -0.2755235, 2.874072;0.7585105, -0.1824817, 2.964711;0.9181077, -0.07875171, 2.713783;0.6754529, -0.6244899, 3.012957;0.8687065, -0.6154382, 2.470572;1.019218, -0.3244856, 2.891873;1.021952, -0.4173422, 2.953423;1.09231, -0.3273117, 2.855558;0.6427026, -0.4831157, 2.983735;0.840374, -0.4732916, 2.586055;0.9477003, -0.7246311, 3.00849;1.097584, -0.7236729, 2.61658;0.8853302, -0.8073095, 2.998506;1.064118, -0.7901138, 2.578877;
0.6606296, 0.1179271, 2.760406;0.7949703, -0.0227446, 2.802874;0.9863465, -0.2565091, 2.874375;0.7596834, -0.1806114, 2.964041;0.9178846, -0.07314041, 2.715157;0.6649441, -0.632643, 3.009968;0.8787906, -0.5820653, 2.482618;1.025096, -0.3022785, 2.891635;1.029094, -0.3950045, 2.957063;1.10119, -0.3060856, 2.851129;0.6541155, -0.4849204, 2.97947;0.8474663, -0.4716042, 2.595929;0.9483371, -0.7075906, 3.009848;1.097189, -0.7227934, 2.616488;0.8853979, -0.8012141, 3.011367;1.064654, -0.7900431, 2.579434;
0.6604598, 0.1263326, 2.763417;0.7938631, -0.006273932, 2.80207;0.9861136, -0.2286336, 2.870202;0.7540971, -0.1709938, 2.970965;0.9169084, -0.06496736, 2.71577;0.6631741, -0.6267503, 3.007356;0.8803273, -0.56992, 2.487725;1.024743, -0.2732857, 2.887056;1.039558, -0.3486434, 2.950856;1.10032, -0.297708, 2.849685;0.6889439, -0.5070195, 2.981078;0.8497023, -0.4715464, 2.597251;0.9459822, -0.7360971, 3.010817;1.097823, -0.7222078, 2.615947;0.8884439, -0.8083235, 3.005921;1.064456, -0.7896735, 2.580278;
0.6628441, 0.1437082, 2.769283;0.7945728, 0.005850974, 2.801769;0.9861666, -0.2206168, 2.870076;0.7587576, -0.1670188, 2.971968;0.9170432, -0.05503104, 2.716526;0.6634567, -0.6190551, 3.00602;0.8809542, -0.5644384, 2.489579;1.024624, -0.2658455, 2.88701;1.040854, -0.3463389, 2.953777;1.099695, -0.290292, 2.846648;0.9098038, -0.6263234, 3.009657;0.8510679, -0.4720455, 2.599084;0.946847, -0.7378826, 3.010486;1.098357, -0.7201995, 2.620176;0.8956919, -0.8068637, 3.002391;1.065727, -0.7871194, 2.583098;
0.6645907, 0.1641491, 2.775651;0.7940767, 0.02357956, 2.80247;0.9841766, -0.2126496, 2.870429;0.7587342, -0.1142266, 2.966968;0.9160762, -0.04033877, 2.718185;0.6641418, -0.5954834, 3.007032;0.8815838, -0.5512828, 2.494618;1.02245, -0.2593321, 2.887336;1.038119, -0.3395939, 2.955582;1.096612, -0.2858786, 2.846031;0.8918047, -0.6026281, 3.008512;0.8446311, -0.4645658, 2.600925;0.946842, -0.7379078, 3.010545;1.098609, -0.7201065, 2.620064;0.8957043, -0.8069673, 3.002459;1.065463, -0.7882138, 2.585987;
0.6654612, 0.1707005, 2.778848;0.7959267, 0.03776152, 2.804909;0.985081, -0.1959705, 2.881373;0.7596419, -0.1109492, 2.966587;0.9158537, -0.02858973, 2.72092;0.6582365, -0.5697095, 2.994854;0.8887919, -0.5245115, 2.509747;1.022956, -0.2424649, 2.900342;1.034939, -0.3144918, 2.977602;1.09649, -0.2731857, 2.856525;0.8724725, -0.5652693, 3.002033;0.853159, -0.4583962, 2.608433;0.9627268, -0.7548757, 3.009585;1.098281, -0.7199159, 2.620033;0.898329, -0.8080198, 3.002888;1.065849, -0.787469, 2.584497;
0.6680939, 0.1942798, 2.786392;0.7988402, 0.05618932, 2.806387;0.9845181, -0.1951797, 2.880846;0.7577991, -0.09449182, 2.97106;0.9204321, -0.01018132, 2.719319;0.6552283, -0.5676203, 3.000931;0.8822588, -0.5174681, 2.509056;1.022154, -0.2424307, 2.899616;1.032447, -0.3188994, 2.965585;1.091569, -0.2727186, 2.859066;0.9083648, -0.6136394, 3.011917;0.8537594, -0.4587001, 2.606958;0.9537562, -0.7402241, 3.009167;1.097932, -0.719328, 2.620529;0.8969887, -0.803195, 3.002506;1.06463, -0.7862275, 2.584828;
0.6766561, 0.2193507, 2.795331;0.8027349, 0.07460046, 2.807405;0.9774635, -0.1946312, 2.878444;0.7586679, -0.07370748, 2.97472;0.9240215, 0.004150507, 2.724689;0.6538367, -0.5669627, 2.999;0.8764052, -0.5147633, 2.509167;1.009783, -0.2462481, 2.895307;1.015104, -0.3276312, 2.955462;1.069157, -0.2829271, 2.857866;0.8640136, -0.54742, 2.994711;0.9100857, -0.5279876, 2.594007;0.951929, -0.7376739, 3.0087;1.068784, -0.7775295, 2.568238;0.9021232, -0.8034956, 3.003818;1.05919, -0.7973332, 2.647942;
0.6822627, 0.2377533, 2.801435;0.8061371, 0.09334007, 2.808303;0.9773272, -0.1819781, 2.872346;0.7577047, -0.04800381, 2.975557;0.9258326, 0.02254455, 2.725425;0.6530014, -0.5456824, 2.99414;0.8786055, -0.5068418, 2.51031;1.010375, -0.2363233, 2.888768;1.016996, -0.3165276, 2.947313;1.071998, -0.2721375, 2.851164;0.8423198, -0.5426437, 2.993377;0.9114264, -0.526911, 2.599431;0.9503795, -0.7316371, 3.006642;1.065483, -0.7787088, 2.570044;0.902496, -0.798776, 3.003416;1.061492, -0.7991551, 2.6499;
0.6874675, 0.2449937, 2.8045;0.8090581, 0.1090186, 2.811003;0.9758223, -0.1744774, 2.872724;0.7571896, -0.04211669, 2.976638;0.9306191, 0.03320458, 2.729506;0.6374233, -0.5243693, 2.952754;0.8798416, -0.4842632, 2.515831;1.008832, -0.2305102, 2.888741;1.01315, -0.3100518, 2.947904;1.072304, -0.2686127, 2.850934;0.8481165, -0.5430905, 2.994017;0.9133453, -0.5245426, 2.600667;0.9490457, -0.7275715, 3.005569;1.066937, -0.7759253, 2.572771;0.9036266, -0.7962563, 3.00346;1.044234, -0.81568, 2.641247;
0.7016076, 0.292717, 2.808416;0.8129405, 0.1353289, 2.816513;0.9743797, -0.1661096, 2.874479;0.7581188, -0.009590678, 2.983159;0.9340942, 0.05321837, 2.732619;0.668123, -0.5047532, 2.978877;0.8782355, -0.4772801, 2.517146;1.007145, -0.2248613, 2.889854;1.007168, -0.2993795, 2.94539;1.069794, -0.2619369, 2.854487;0.8492741, -0.5440348, 2.994292;0.917298, -0.5202239, 2.603702;0.9462498, -0.7196566, 3.003731;1.068612, -0.7722594, 2.574818;0.9040561, -0.7955468, 3.00363;1.035705, -0.8307538, 2.622316;
0.7074728, 0.3021287, 2.81343;0.8168018, 0.1462543, 2.819902;0.9713064, -0.1520999, 2.880255;0.7615455, 0.001311578, 2.983251;0.9357084, 0.06343066, 2.735156;0.6707063, -0.4772729, 2.983265;0.8817416, -0.4445846, 2.515674;1.002306, -0.211346, 2.895786;1.000045, -0.2837305, 2.953067;1.065307, -0.2543781, 2.858622;0.8364685, -0.4811219, 2.979666;0.9212645, -0.5170783, 2.607477;0.945918, -0.7208823, 3.004002;1.072355, -0.7687099, 2.579598;0.9050527, -0.7960001, 3.001741;1.024287, -0.8339329, 2.592718;
0.7289346, 0.3625386, 2.832129;0.8309233, 0.1999849, 2.839334;0.9753398, -0.1046996, 2.895398;0.7682661, 0.0505863, 2.997558;0.9442124, 0.1051072, 2.74403;0.6682045, -0.4392624, 2.996556;0.8843651, -0.4286078, 2.524654;1.004147, -0.1674811, 2.909379;0.9972326, -0.2393116, 2.969112;1.067466, -0.2178584, 2.867569;0.835537, -0.4773929, 2.978358;0.940997, -0.498329, 2.628305;0.9476537, -0.7240502, 3.004918;1.088356, -0.7515619, 2.600615;0.905565, -0.7968697, 3.002958;1.039703, -0.8068566, 2.564761;
0.731468, 0.3754878, 2.83957;0.8348033, 0.212872, 2.842219;0.9760697, -0.1011435, 2.896203;0.7700509, 0.05465405, 2.997299;0.9422159, 0.1165858, 2.745743;0.7022185, -0.4152875, 2.98023;0.8973954, -0.385496, 2.522255;1.00462, -0.1641939, 2.910167;0.9974725, -0.2361036, 2.970028;1.067157, -0.2129665, 2.868064;0.8310643, -0.4656272, 2.974394;0.94203, -0.4947861, 2.631131;0.9478441, -0.7239879, 3.004885;1.089661, -0.7473323, 2.603909;0.9109337, -0.7969201, 3.003685;1.042809, -0.8035444, 2.567467;
0.7438184, 0.395923, 2.843392;0.839959, 0.232188, 2.845645;0.9761249, -0.08714995, 2.895906;0.7714968, 0.07666279, 3.003668;0.9447005, 0.1366414, 2.748657;0.6900861, -0.4033808, 2.981557;0.9122664, -0.3041795, 2.527576;1.003688, -0.1507006, 2.909345;0.9971024, -0.2270912, 2.968443;1.064515, -0.200054, 2.867271;0.7786108, -0.5368415, 2.978366;0.9448641, -0.4879591, 2.63674;0.9478566, -0.724135, 3.005395;1.092348, -0.7400551, 2.608983;0.9114806, -0.7971423, 3.005018;1.048342, -0.7974036, 2.571193;
0.7684505, 0.45617, 2.865863;0.8565835, 0.2880232, 2.857759;0.9731323, -0.0646935, 2.902252;0.7857574, 0.124897, 3.005449;0.9557695, 0.1761295, 2.753059;0.6886209, -0.3669352, 2.99073;0.9155792, -0.2880152, 2.533231;0.9982764, -0.1337772, 2.9146;0.9842562, -0.1986038, 2.970849;1.05496, -0.1844594, 2.874039;0.7936259, -0.5256718, 2.973933;0.9488496, -0.4767125, 2.643763;0.9471909, -0.722968, 3.005205;1.095051, -0.7290281, 2.616407;0.9105179, -0.7970346, 3.00166;1.056095, -0.7886855, 2.577011;
0.8004464, 0.5086117, 2.887022;0.8815988, 0.3579215, 2.869307;0.9818626, 0.004798949, 2.898497;0.8084487, 0.1974403, 3.006848;0.9686067, 0.2436631, 2.762536;0.6945196, -0.3014366, 2.987528;0.9159828, -0.2804008, 2.537513;1.001915, -0.06582557, 2.907675;0.988598, -0.1347007, 2.962002;1.05088, -0.1224991, 2.860668;0.8230204, -0.4740909, 2.968372;0.9527643, -0.4591128, 2.648706;0.9520794, -0.7306041, 3.005646;1.093824, -0.7258183, 2.616337;0.9046906, -0.8015243, 3.000815;1.056796, -0.7871616, 2.577984;
0.8020923, 0.5197062, 2.891726;0.8842651, 0.3705393, 2.870608;0.9817781, 0.01743238, 2.897379;0.810459, 0.2051229, 3.010396;0.9676436, 0.2515264, 2.765236;0.705649, -0.2862493, 2.991722;0.9155574, -0.2488595, 2.544444;1.001281, -0.05306491, 2.906065;0.9892682, -0.127927, 2.962824;1.049502, -0.1133253, 2.856264;0.8246683, -0.4670749, 2.967206;0.9556659, -0.4488334, 2.651323;0.952048, -0.7306007, 3.005728;1.093695, -0.7250123, 2.615581;0.90445, -0.8027337, 3.000541;1.0565, -0.7869998, 2.578745;
0.8117347, 0.5368168, 2.89964;0.8945955, 0.3936214, 2.876558;0.9817414, 0.03338686, 2.898613;0.8144902, 0.2286803, 3.013962;0.9713892, 0.2735665, 2.768943;0.7084844, -0.2681587, 2.991225;0.9169817, -0.2363975, 2.547667;0.9996622, -0.03804747, 2.906602;0.9862025, -0.1127919, 2.964292;1.046933, -0.09939216, 2.854652;0.8303362, -0.4553569, 2.967754;0.9602505, -0.4442623, 2.654197;0.9553379, -0.7358389, 3.008738;1.093556, -0.723793, 2.615098;0.9126637, -0.8034928, 2.996104;1.056758, -0.7862762, 2.579049;
0.8333874, 0.591844, 2.90884;0.8999554, 0.4144304, 2.877971;0.9826883, 0.04788643, 2.89723;0.8221365, 0.251783, 3.018052;0.9742814, 0.2912267, 2.769691;0.7144217, -0.2241736, 2.997877;0.9247213, -0.2050283, 2.55544;0.9996508, -0.02515692, 2.904697;0.9851775, -0.09443565, 2.958513;1.044587, -0.08205176, 2.854136;0.8370571, -0.4394764, 2.966968;0.964133, -0.4390329, 2.656313;0.9549691, -0.7320317, 3.009055;1.095591, -0.7254641, 2.615584;0.9165509, -0.8021392, 2.997016;1.055598, -0.7857023, 2.57942;
0.8424127, 0.6033103, 2.912283;0.913116, 0.4385774, 2.881268;0.9813575, 0.06428602, 2.898279;0.8288181, 0.2754245, 3.025629;0.9775157, 0.3062364, 2.770871;0.7164704, -0.2227332, 2.997914;0.9252801, -0.1995585, 2.556651;0.9958328, -0.009554707, 2.905285;0.980487, -0.08259846, 2.958573;1.037889, -0.06835253, 2.855016;0.8420459, -0.4309171, 2.967457;0.9667263, -0.434292, 2.657925;0.9527599, -0.728765, 3.008023;1.095534, -0.7253383, 2.615325;0.9179864, -0.80279, 2.998733;1.055652, -0.7857528, 2.579629;
0.8472983, 0.6071423, 2.911585;0.9254555, 0.420238, 2.883929;0.9817881, 0.06842497, 2.897403;0.835023, 0.2893545, 3.024813;0.9831768, 0.3207423, 2.77227;0.7167792, -0.2158035, 2.993106;0.933334, -0.183076, 2.561762;0.9946106, -1.279777E-05, 2.903208;0.9775626, -0.06948896, 2.955291;1.035198, -0.06050338, 2.852687;0.8459083, -0.4195623, 2.966738;0.9702995, -0.4284279, 2.660352;0.9530839, -0.7185872, 3.007298;1.095631, -0.7244438, 2.615174;0.9081651, -0.796295, 2.996091;1.055927, -0.7849672, 2.579655;
0.8791134, 0.6336936, 2.925902;0.9286632, 0.4199426, 2.885562;0.9816443, 0.0812462, 2.897367;0.8393768, 0.3092903, 3.027292;0.9902205, 0.3370196, 2.773827;0.7255825, -0.1964142, 2.997231;0.9364512, -0.1711437, 2.564072;0.9921241, 0.01662867, 2.902591;0.9736283, -0.05407547, 2.953833;1.031425, -0.04643523, 2.851801;0.848486, -0.4139237, 2.966327;0.9725065, -0.4266444, 2.660927;0.9545186, -0.7189338, 3.008534;1.095321, -0.7240385, 2.614875;0.9117401, -0.7950863, 2.99628;1.056075, -0.7849199, 2.579676;
0.8885967, 0.6365463, 2.934286;0.9370812, 0.4220338, 2.890155;0.9809171, 0.09216623, 2.898235;0.8471241, 0.3296645, 3.031288;0.9951825, 0.3536564, 2.77479;0.7359543, -0.1728428, 3.002017;0.9394141, -0.1572459, 2.564166;0.9894018, 0.02835985, 2.902902;0.969408, -0.040044, 2.951314;1.0252, -0.03177903, 2.853653;0.8509247, -0.4113709, 2.965971;0.9753143, -0.4197451, 2.663024;0.957731, -0.7197728, 3.010154;1.095911, -0.7221732, 2.614222;0.9168103, -0.794912, 2.996045;1.056923, -0.7836475, 2.579997;
0.9068128, 0.6462016, 2.946306;0.9501973, 0.4299286, 2.900646;0.9782888, 0.1045253, 2.901198;0.8524389, 0.3422882, 3.038172;0.9992989, 0.3650261, 2.776502;0.7392013, -0.1582585, 3.008996;0.9412137, -0.1438028, 2.564872;0.983951, 0.04135517, 2.904947;0.9613573, -0.02557544, 2.951853;1.017344, -0.02101276, 2.855019;0.8537395, -0.4076774, 2.965715;0.9768866, -0.418295, 2.663085;0.9627308, -0.7233389, 3.011096;1.097545, -0.7226164, 2.614528;0.9168419, -0.7972026, 2.998045;1.057388, -0.7832118, 2.580302;
0.9088954, 0.6536269, 2.94309;0.9565295, 0.4375495, 2.90416;0.9766375, 0.1233662, 2.903254;0.8571292, 0.352024, 3.041666;1.003294, 0.3807262, 2.779732;0.735583, -0.1565011, 3.010745;0.946321, -0.117896, 2.566506;0.9800918, 0.0615031, 2.906342;0.9563097, -0.003928795, 2.950949;1.010436, -0.0005323677, 2.857397;0.8564373, -0.4055728, 2.966163;0.9790529, -0.4141162, 2.663589;0.9726377, -0.7324717, 3.013694;1.097977, -0.7226763, 2.614387;0.9191424, -0.7972494, 2.999242;1.057711, -0.7832627, 2.580494;
0.9214374, 0.6603975, 2.944874;0.9596448, 0.4417344, 2.906294;0.9751127, 0.1314958, 2.903388;0.865172, 0.3636431, 3.040802;1.012966, 0.3968106, 2.779239;0.7391219, -0.1488459, 3.008278;0.950401, -0.09949158, 2.568405;0.9776229, 0.07025689, 2.906002;0.9534743, 0.003020018, 2.949933;1.007247, 0.007158478, 2.856854;0.859287, -0.4020033, 2.966146;0.9818925, -0.409818, 2.663896;0.9708045, -0.7299396, 3.013682;1.099221, -0.7231932, 2.614237;0.919125, -0.7967496, 2.999505;1.058654, -0.7836359, 2.580668;
0.9310111, 0.6681254, 2.947336;0.9718006, 0.4491701, 2.906722;0.9762102, 0.1400045, 2.902421;0.8740296, 0.3798435, 3.042097;1.017554, 0.4074922, 2.78047;0.743041, -0.1370482, 3.006168;0.9549987, -0.08567431, 2.568337;0.9772838, 0.0791428, 2.904816;0.9520971, 0.01123231, 2.947972;1.00462, 0.01723997, 2.855968;0.8619399, -0.3981896, 2.965526;0.9842762, -0.4067302, 2.664879;0.9708863, -0.7289277, 3.013699;1.100031, -0.7233066, 2.614201;0.919011, -0.7962463, 3.000447;1.062262, -0.7857549, 2.581288;
0.9464676, 0.6763671, 2.952492;0.9808216, 0.4555458, 2.908507;0.9777514, 0.1474319, 2.90139;0.8805001, 0.3940523, 3.04399;1.026348, 0.4191334, 2.781104;0.7428846, -0.1316004, 3.000424;0.9542388, -0.08320788, 2.566469;0.977565, 0.08659762, 2.903323;0.9508435, 0.01915188, 2.944896;1.003706, 0.02552495, 2.854847;0.8639975, -0.3972419, 2.965428;0.9860479, -0.4050975, 2.664855;0.9708861, -0.7298743, 3.014407;1.10013, -0.7231933, 2.614046;0.9218683, -0.7998563, 3.001251;1.062313, -0.7855655, 2.581278;
0.9550595, 0.6826869, 2.953184;0.989405, 0.4611058, 2.909919;0.9791916, 0.1519973, 2.901608;0.8909176, 0.4131859, 3.052051;1.03678, 0.4295418, 2.781569;0.7563469, -0.09391208, 3.002091;0.9600326, -0.06812369, 2.563385;0.9779651, 0.09079916, 2.903387;0.9499406, 0.02745642, 2.943164;1.003274, 0.02969233, 2.856091;0.8647301, -0.3969328, 2.965481;0.9903364, -0.393984, 2.667472;0.9741759, -0.7334379, 3.016722;1.100103, -0.7220205, 2.613518;0.9224447, -0.8027281, 3.003074;1.061113, -0.7841464, 2.578861;
0.978428, 0.6924834, 2.963438;0.9974437, 0.4684045, 2.912107;0.9800623, 0.1573849, 2.900604;0.9019477, 0.4316577, 3.045972;1.043164, 0.4376495, 2.782146;0.7537359, -0.09611951, 3.004105;0.9626867, -0.06440751, 2.564125;0.9776058, 0.09593969, 2.901866;0.9482487, 0.03676561, 2.938895;1.001401, 0.03577719, 2.855436;0.8701015, -0.391127, 2.963892;0.9914533, -0.3909657, 2.667841;0.9725446, -0.7176808, 3.018456;1.100314, -0.7221258, 2.613502;0.9183929, -0.791795, 2.999245;1.061119, -0.7841927, 2.578843;
0.9802215, 0.6973781, 2.965093;1.00287, 0.4728513, 2.913621;0.9833406, 0.1652256, 2.898083;0.9075243, 0.439764, 3.049026;1.051253, 0.4468119, 2.784709;0.7578632, -0.08129299, 3.001625;0.9651353, -0.05314874, 2.562073;0.9799654, 0.1042569, 2.898321;0.9496123, 0.04101765, 2.935615;1.002546, 0.04477623, 2.851177;0.8718891, -0.3895446, 2.963602;0.9927709, -0.3886044, 2.667578;0.974157, -0.7163422, 3.019088;1.100417, -0.7208328, 2.613462;0.9135633, -0.7918682, 3.004482;1.06138, -0.7843273, 2.579069;
1.003509, 0.704915, 2.967896;1.01228, 0.4787373, 2.915629;0.9841484, 0.1687606, 2.896208;0.9143236, 0.4463543, 3.045673;1.057513, 0.4534677, 2.786145;0.7639766, -0.05968932, 2.999462;0.9676237, -0.04645181, 2.559663;0.9796409, 0.1077347, 2.895753;0.9482405, 0.04705093, 2.930044;1.000883, 0.04938307, 2.848761;0.874294, -0.3882201, 2.963301;0.9936473, -0.3846259, 2.667043;0.9754257, -0.7225257, 3.019891;1.100961, -0.7198142, 2.613531;0.9242282, -0.7943133, 2.994562;1.067039, -0.7852571, 2.583157;
1.031892, 0.773671, 2.963314;1.045121, 0.6067078, 2.932079;0.9973534, 0.2128276, 2.887401;0.9199224, 0.4486561, 3.042399;1.069224, 0.4625458, 2.787561;0.7616543, -0.06116938, 3.000761;0.9689848, -0.04263089, 2.556571;0.9853195, 0.1260892, 2.886433;0.9478364, 0.05197068, 2.93009;1.012392, 0.07329192, 2.818104;0.8744298, -0.3882535, 2.963337;0.9939262, -0.3794832, 2.666598;0.976679, -0.725461, 3.020517;1.100887, -0.7200588, 2.613256;0.9239935, -0.7942519, 2.994812;1.066383, -0.7849674, 2.58258;
1.048179, 0.7769194, 2.974726;1.048066, 0.6089472, 2.934622;0.9973257, 0.2129931, 2.887506;0.9269056, 0.4533756, 3.045623;1.071747, 0.463777, 2.789065;0.7631384, -0.05570126, 3.000724;0.9723829, -0.03579234, 2.557444;0.9853084, 0.1282545, 2.885352;0.9463533, 0.05606167, 2.929827;1.011909, 0.07418904, 2.81757;0.8745604, -0.3881346, 2.96332;0.9939349, -0.3787251, 2.665819;0.9764529, -0.7254231, 3.020187;1.100992, -0.7194357, 2.613122;0.9246606, -0.7947416, 2.996156;1.066259, -0.7844649, 2.582535;
1.071104, 0.7804132, 2.983346;1.056346, 0.6129422, 2.937656;0.9976469, 0.2132624, 2.887185;0.9377429, 0.4613351, 3.047648;1.080192, 0.4688058, 2.792697;0.762255, -0.05794004, 2.999025;0.9754797, -0.02743178, 2.557191;0.9857173, 0.1298573, 2.883151;0.9456585, 0.06165477, 2.925465;1.011608, 0.07528988, 2.81707;0.8757514, -0.387153, 2.962823;0.9940561, -0.3774322, 2.665253;0.975581, -0.7242256, 3.018685;1.101047, -0.7189364, 2.613003;0.9206879, -0.7932097, 2.997081;1.065769, -0.7842125, 2.582084;
1.080112, 0.7810531, 2.987395;1.065033, 0.613369, 2.942138;0.9977984, 0.2133584, 2.886338;0.950291, 0.4630967, 3.025356;1.08641, 0.4704061, 2.795189;0.7663956, -0.04621317, 3.000089;0.9774019, -0.02241822, 2.557353;0.9850727, 0.1309727, 2.879785;0.9429594, 0.06574933, 2.920237;1.010265, 0.07742897, 2.814804;0.8753294, -0.3872018, 2.961973;0.9937525, -0.3753568, 2.664313;0.9777244, -0.7264349, 3.020027;1.101933, -0.7196144, 2.613061;0.9207072, -0.7932708, 2.997111;1.0656, -0.7839614, 2.581593;
1.081276, 0.7820851, 2.989006;1.07272, 0.6137202, 2.943758;0.9979511, 0.2136621, 2.88525;0.9547997, 0.4625239, 3.014766;1.091164, 0.4701804, 2.795675;0.7661113, -0.04281602, 2.999315;0.9810162, -0.0170847, 2.556022;0.9842352, 0.1320975, 2.877158;0.9409152, 0.06765961, 2.91805;1.008271, 0.07873911, 2.811808;0.8739895, -0.3873334, 2.960922;0.993317, -0.3734777, 2.663506;0.9757006, -0.7202093, 3.019164;1.101906, -0.7195805, 2.61306;0.9206969, -0.7928066, 2.997689;1.065499, -0.7839036, 2.581362;
1.110053, 0.7822086, 2.994242;1.088334, 0.6147993, 2.949194;0.9988471, 0.211507, 2.881949;0.9568998, 0.4633266, 3.015906;1.096635, 0.4692473, 2.79724;0.7654333, -0.0411337, 2.998795;0.9849686, -0.008230926, 2.553195;0.9831756, 0.1292264, 2.871302;0.937957, 0.06920262, 2.90606;1.007711, 0.07887273, 2.811208;0.8738534, -0.3877056, 2.960297;0.9925451, -0.3732575, 2.662637;0.9765068, -0.7244698, 3.018702;1.102253, -0.7195947, 2.613384;0.9156609, -0.7930853, 2.998046;1.065559, -0.7834252, 2.581025;
1.121889, 0.7838665, 3.001559;1.097387, 0.6167409, 2.953021;1.000212, 0.2091699, 2.878303;0.966769, 0.4479002, 2.987201;1.104889, 0.4705162, 2.800704;0.7559327, -0.05400862, 2.997571;0.9867327, -0.00524094, 2.552599;0.9828633, 0.12617, 2.865685;0.9366887, 0.0675222, 2.901013;1.006667, 0.07746784, 2.806582;0.8745173, -0.3876626, 2.959273;0.992269, -0.3725811, 2.661894;0.9770252, -0.7274269, 3.018906;1.101611, -0.7186759, 2.613334;0.9164539, -0.7944118, 2.999449;1.065579, -0.783392, 2.580918;
1.131394, 0.778757, 3.004462;1.103035, 0.5589221, 2.945709;1.002288, 0.203839, 2.872017;0.9657153, 0.4481981, 2.990086;1.115219, 0.4719823, 2.802471;0.7678121, -0.0288003, 3.005735;0.9876419, -0.0007446234, 2.549717;0.983781, 0.1253711, 2.860556;0.935676, 0.06745394, 2.891239;1.007285, 0.07742003, 2.803799;0.8747278, -0.3870659, 2.958311;0.9927759, -0.371187, 2.660773;0.9782095, -0.7233709, 3.019365;1.100925, -0.7178534, 2.612522;0.9164569, -0.7931882, 3.000201;1.065578, -0.7833604, 2.580895;
1.147219, 0.7801609, 3.011959;1.108499, 0.5659078, 2.948814;1.00295, 0.2024415, 2.868513;0.9961846, 0.4627216, 2.945748;1.126162, 0.4751819, 2.805261;0.7710335, -0.02208368, 3.002839;0.9899608, 0.003831759, 2.550549;0.9833491, 0.1247603, 2.855036;0.9350886, 0.06828208, 2.88745;1.005179, 0.0776048, 2.795298;0.8756363, -0.3877661, 2.957963;0.9936408, -0.3707251, 2.659998;0.9780871, -0.7247233, 3.01929;1.101013, -0.7172982, 2.612306;0.9175489, -0.794863, 3.002584;1.065412, -0.7827861, 2.580497;
1.150654, 0.7765911, 3.010355;1.113646, 0.5697849, 2.948481;1.004137, 0.2044249, 2.867663;0.9738854, 0.4446679, 3.060569;1.131204, 0.4758518, 2.805923;0.7730242, -0.01864995, 3.003397;0.9920554, 0.008189455, 2.551883;0.9839276, 0.1286034, 2.854005;0.9338613, 0.07056481, 2.887096;1.005612, 0.08064384, 2.793766;0.876823, -0.3877688, 2.957846;0.9939566, -0.3700618, 2.659779;0.9781722, -0.7250224, 3.019149;1.100991, -0.716542, 2.612349;0.9176754, -0.7950034, 3.003194;1.065317, -0.7827038, 2.580152;
1.158986, 0.7760059, 3.008861;1.116915, 0.5656556, 2.947297;1.00443, 0.2042262, 2.866658;0.9739004, 0.4467937, 3.060024;1.137261, 0.4775328, 2.807648;0.7827301, -0.008580954, 3.015401;0.9926871, 0.01302996, 2.550456;0.983727, 0.1291701, 2.852973;0.9318244, 0.07212933, 2.884181;1.005463, 0.08095398, 2.793474;0.8791611, -0.3874879, 2.958843;0.9972844, -0.3723222, 2.659737;0.9799187, -0.7330003, 3.018763;1.101467, -0.7162217, 2.612925;0.9224181, -0.7983623, 3.003381;1.065402, -0.7825665, 2.579803;
1.168934, 0.7795103, 3.013058;1.125482, 0.5662442, 2.94942;1.005267, 0.2036391, 2.865135;0.9802694, 0.4550598, 3.06252;1.139691, 0.4779518, 2.808619;0.7810043, -0.007346714, 3.012757;0.9943648, 0.01705508, 2.548092;0.9836032, 0.1289398, 2.851098;0.9310828, 0.07417846, 2.879522;1.005366, 0.08154015, 2.793255;0.8835536, -0.3871177, 2.960632;0.998781, -0.3739202, 2.659962;0.9795434, -0.7329876, 3.018635;1.100992, -0.7139614, 2.615142;0.9217456, -0.7978995, 3.004343;1.070228, -0.780646, 2.583196;
1.172179, 0.7770189, 3.012296;1.127515, 0.5636475, 2.948763;1.005112, 0.2021383, 2.864095;0.9805754, 0.4549486, 3.062301;1.144062, 0.4782733, 2.808557;0.7810954, -0.006831542, 3.012058;0.9964307, 0.01988248, 2.546251;0.9827129, 0.127998, 2.850112;0.929381, 0.07468234, 2.877053;1.004684, 0.08124616, 2.793808;0.8903445, -0.3890303, 2.963967;1.000963, -0.3722382, 2.661167;0.9797058, -0.7340419, 3.018109;1.1014, -0.7125132, 2.615617;0.9218829, -0.7994238, 3.004698;1.071037, -0.7807652, 2.58319;
1.191247, 0.7737278, 3.024097;1.13059, 0.5614623, 2.948123;1.006655, 0.1989019, 2.858729;0.9719288, 0.4381891, 3.011374;1.150363, 0.4785825, 2.808058;0.781133, -0.006226016, 3.011502;0.9985763, 0.02391937, 2.544873;0.9830276, 0.12525, 2.843775;0.9270988, 0.07364541, 2.864162;1.005543, 0.08013007, 2.792491;0.89551, -0.3879485, 2.966038;1.004596, -0.372937, 2.663192;0.9806086, -0.7353053, 3.01843;1.102582, -0.7109678, 2.617914;0.9244656, -0.8006647, 3.004485;1.071767, -0.7803668, 2.583403;
1.195369, 0.7759631, 3.026077;1.134287, 0.5611055, 2.949917;1.006623, 0.1985756, 2.858697;0.9718341, 0.4382125, 3.01166;1.158757, 0.4787125, 2.808709;0.7812012, -0.006029137, 3.011544;1.002181, 0.02836126, 2.545136;0.9825537, 0.1248649, 2.843624;0.9249946, 0.07374625, 2.86329;1.005464, 0.07945275, 2.793219;0.8996944, -0.3884194, 2.967939;1.007502, -0.3715141, 2.665362;0.981631, -0.7346122, 3.018477;1.102818, -0.7107242, 2.61825;0.9239591, -0.7994111, 3.004271;1.073271, -0.7802894, 2.584643;
1.203428, 0.7766267, 3.026854;1.136436, 0.5589808, 2.950493;1.006809, 0.1981907, 2.858456;0.9679121, 0.433501, 3.000515;1.161705, 0.4791902, 2.811395;0.7813049, -0.004751713, 3.013429;1.002915, 0.02962256, 2.545735;0.9824792, 0.1247328, 2.843383;0.9240027, 0.07420507, 2.861957;1.005709, 0.07866883, 2.793651;0.901791, -0.3875523, 2.968103;1.01174, -0.3705606, 2.667147;0.9848663, -0.7277638, 3.019939;1.103055, -0.7102492, 2.618679;0.9245362, -0.7974522, 3.005205;1.072574, -0.7804078, 2.584062;
1.203888, 0.777276, 3.027669;1.140925, 0.5603626, 2.951993;1.006811, 0.1963203, 2.857239;1.043748, 0.4730705, 2.936491;1.16756, 0.4790372, 2.814263;0.7819543, -0.004217276, 3.015258;1.004989, 0.03073775, 2.546783;0.9812672, 0.1219555, 2.841246;0.9259618, 0.07485761, 2.860825;1.003512, 0.07888313, 2.793491;0.9104589, -0.3860884, 2.970627;1.015816, -0.3706458, 2.669904;0.9868885, -0.7303712, 3.01933;1.104919, -0.7077909, 2.622145;0.9249473, -0.7961626, 3.004047;1.072237, -0.7800583, 2.583956;
1.204807, 0.7772553, 3.026412;1.147702, 0.5583259, 2.955244;1.007399, 0.1926102, 2.855647;1.085992, 0.4761244, 2.893262;1.170041, 0.4792371, 2.81471;0.7837986, -0.002446059, 3.018546;1.006778, 0.03191526, 2.547845;0.980575, 0.1179547, 2.838804;0.9316752, 0.07469819, 2.860338;0.9975199, 0.07717514, 2.790478;0.9140153, -0.3863842, 2.972698;1.018924, -0.3718402, 2.67217;0.9867274, -0.7304255, 3.019858;1.105065, -0.7066724, 2.622465;0.9250098, -0.7962474, 3.004097;1.071465, -0.77955, 2.58354;
1.207816, 0.774623, 3.02597;1.148946, 0.5564286, 2.954136;1.007672, 0.1910866, 2.855245;1.03198, 0.4482043, 2.940116;1.172713, 0.4774704, 2.815689;0.7852095, -0.0016083, 3.022139;1.009706, 0.03339836, 2.551132;0.9805008, 0.1169466, 2.838605;0.9316786, 0.07465528, 2.860294;0.9973985, 0.07557815, 2.790926;0.9193435, -0.3837276, 2.974236;1.026541, -0.3752478, 2.676365;0.987641, -0.7140749, 3.022984;1.105832, -0.7064359, 2.623601;0.9243242, -0.7926596, 3.004129;1.071085, -0.7791683, 2.583;
1.208156, 0.7743375, 3.026483;1.14962, 0.555763, 2.954167;1.006441, 0.1863371, 2.855132;1.09244, 0.4736875, 2.890879;1.173045, 0.4765244, 2.81567;0.7872207, -0.0007302187, 3.024657;1.010637, 0.03151125, 2.554578;0.9781262, 0.1112873, 2.838524;0.9340349, 0.07354543, 2.860506;0.9916097, 0.07410339, 2.793559;0.9223108, -0.3843079, 2.976562;1.02847, -0.3761266, 2.67772;0.988569, -0.7183788, 3.023256;1.107217, -0.7046928, 2.625186;0.9204655, -0.7958715, 3.002942;1.070566, -0.7786278, 2.582961;
1.208972, 0.774223, 3.0277;1.152324, 0.5564056, 2.953502;1.006991, 0.1854593, 2.854601;1.092514, 0.4737936, 2.890907;1.173209, 0.475057, 2.816064;0.7923226, -0.00142745, 3.027855;1.012762, 0.02975621, 2.558196;0.9783818, 0.1103622, 2.838017;0.9372455, 0.07318074, 2.86058;0.9911299, 0.07400298, 2.793259;0.925225, -0.3849664, 2.978269;1.031157, -0.3751741, 2.680488;0.9888264, -0.7164015, 3.023964;1.108007, -0.7047154, 2.625938;0.9218004, -0.7948544, 3.003865;1.069507, -0.7783011, 2.582172;
1.210516, 0.7743372, 3.029091;1.153065, 0.5564304, 2.953678;1.007853, 0.1849952, 2.854197;1.092562, 0.4709067, 2.888167;1.174952, 0.4757489, 2.817855;0.7954992, 0.0005312609, 3.030835;1.013562, 0.02754257, 2.560025;0.9791548, 0.1099426, 2.837531;0.9420809, 0.07436268, 2.858977;0.9911982, 0.07430151, 2.793452;0.9276811, -0.3852035, 2.97979;1.033244, -0.3758483, 2.682681;0.9890329, -0.7158257, 3.024459;1.107686, -0.7048033, 2.625728;0.9215383, -0.7941968, 3.005473;1.069163, -0.7783588, 2.581884;
1.212714, 0.7786058, 3.032088;1.15462, 0.5568401, 2.954511;1.007567, 0.1851112, 2.855607;1.092634, 0.472111, 2.889194;1.176337, 0.4769049, 2.819794;0.7975017, 0.0009828949, 3.032058;1.015139, 0.02577417, 2.56233;0.9783455, 0.1101762, 2.839401;0.9417481, 0.07590601, 2.862805;0.9887248, 0.07487106, 2.795937;0.931152, -0.3865186, 2.98178;1.0341