0.7305294, 0.8111256, 3.035351;0.7915281, 0.644868, 3.040481;0.741346, 0.2502084, 2.970654;0.6548144, 0.5080625, 3.154332;0.8663128, 0.4999002, 2.908217;0.5751325, -0.0445401, 2.993036;0.7923244, -0.001378972, 2.748707;0.7313096, 0.1712765, 2.960335;0.6755861, 0.1091246, 2.992854;0.7707604, 0.1054516, 2.902128;0.7061824, -0.3637107, 3.055187;0.8640529, -0.3534133, 2.819383;0.7241635, -0.7164547, 3.094636;0.8920709, -0.7075369, 2.742656;0.6636896, -0.805061, 3.063173;0.8547648, -0.7973624, 2.692393;
0.730763, 0.8107497, 3.036336;0.79177, 0.6445131, 3.039617;0.7413818, 0.2503011, 2.970515;0.6548598, 0.5081419, 3.154303;0.8661781, 0.499466, 2.908255;0.5757352, -0.04255275, 2.994608;0.7564247, -0.006046362, 2.745715;0.7313443, 0.171456, 2.960239;0.6756367, 0.1093286, 2.993102;0.770731, 0.1054204, 2.901848;0.7060906, -0.3637346, 3.054998;0.8642251, -0.353501, 2.819145;0.7248996, -0.7138495, 3.09521;0.8919092, -0.7073921, 2.742828;0.6636826, -0.8033611, 3.065542;0.8533225, -0.7976463, 2.696595;
0.730819, 0.810338, 3.038013;0.792074, 0.644905, 3.040727;0.74143, 0.2503397, 2.970675;0.6549104, 0.5089023, 3.154376;0.8661005, 0.4994457, 2.908383;0.5757208, -0.04262336, 2.994493;0.7767153, -0.004484756, 2.750602;0.7313671, 0.1714682, 2.960323;0.6756793, 0.1094157, 2.993202;0.7707308, 0.1053875, 2.901877;0.7060928, -0.3638794, 3.055036;0.8640627, -0.3528348, 2.819185;0.7250358, -0.7134199, 3.095678;0.8934907, -0.7062322, 2.744737;0.6642052, -0.8020658, 3.066769;0.8520228, -0.7974281, 2.699094;
0.7309361, 0.8123095, 3.04212;0.7922078, 0.6450245, 3.040928;0.7414827, 0.2504285, 2.970768;0.6549234, 0.5087577, 3.154551;0.8660885, 0.4998332, 2.908899;0.5760205, -0.03952717, 2.995702;0.7802678, -0.0009274685, 2.75013;0.7314037, 0.1715476, 2.960396;0.6757052, 0.1094093, 2.9933;0.7707475, 0.1054798, 2.90188;0.7061422, -0.3639286, 3.055048;0.8640429, -0.3529162, 2.819027;0.7242988, -0.7121938, 3.09569;0.8938467, -0.7066038, 2.745517;0.6841245, -0.8047234, 3.041284;0.8514094, -0.7974248, 2.697536;
0.7309808, 0.8122405, 3.042327;0.7925268, 0.6448902, 3.041387;0.7414863, 0.2505771, 2.970961;0.6548591, 0.5090592, 3.154578;0.8663512, 0.4999953, 2.909785;0.5760034, -0.03996577, 2.995898;0.7803839, 0.01737334, 2.740489;0.7313601, 0.171768, 2.960582;0.6753666, 0.1092918, 2.994208;0.7705743, 0.1051918, 2.901115;0.7063102, -0.363854, 3.055003;0.8642057, -0.3529264, 2.81912;0.7244577, -0.7131956, 3.095165;0.8937736, -0.7046103, 2.746685;0.6829054, -0.8044233, 3.042434;0.8532841, -0.7945058, 2.69609;
0.7329321, 0.8115542, 3.046281;0.7923081, 0.644091, 3.042193;0.741428, 0.2504649, 2.971071;0.6548046, 0.5089408, 3.154625;0.8663417, 0.5000414, 2.909889;0.576443, -0.03818159, 2.998212;0.7868029, 0.0143617, 2.74596;0.7313153, 0.1717055, 2.960652;0.6752608, 0.1090332, 2.994283;0.7705021, 0.1050717, 2.901021;0.7063165, -0.3634882, 3.054887;0.8644801, -0.3557337, 2.818397;0.7242758, -0.7136373, 3.093854;0.8939785, -0.7059525, 2.745806;0.6710454, -0.7972659, 3.064763;0.8557097, -0.7952643, 2.695569;
0.7331207, 0.8117777, 3.046544;0.7923452, 0.644108, 3.042245;0.7414304, 0.2505207, 2.971171;0.6551806, 0.5101017, 3.155636;0.8662676, 0.5000535, 2.910001;0.5766036, -0.0373737, 2.998468;0.7852594, 0.01495935, 2.745941;0.7313052, 0.1717713, 2.960752;0.6752921, 0.1091569, 2.994646;0.7704502, 0.1050111, 2.900982;0.7072023, -0.3686595, 3.055469;0.8650424, -0.3557922, 2.818619;0.7219025, -0.7222199, 3.093722;0.8939822, -0.7062232, 2.745771;0.6692696, -0.7991573, 3.065912;0.8557098, -0.7952598, 2.695566;
0.7330933, 0.8117688, 3.046852;0.7922938, 0.6439756, 3.042313;0.7414137, 0.2504378, 2.971183;0.6555348, 0.5103798, 3.154449;0.8660645, 0.5001081, 2.91062;0.5769181, -0.0352607, 2.99935;0.7886569, 0.01229495, 2.74778;0.7312911, 0.1716958, 2.96075;0.6753222, 0.10914, 2.994613;0.7704113, 0.1049591, 2.900997;0.7072694, -0.3684658, 3.055405;0.8652555, -0.3566446, 2.818201;0.7231984, -0.717825, 3.094551;0.8923669, -0.7109553, 2.745447;0.6638558, -0.7992768, 3.07219;0.8556856, -0.7967515, 2.694466;
0.7347584, 0.8116659, 3.049309;0.7935693, 0.6446573, 3.044139;0.7414495, 0.2504035, 2.971281;0.655764, 0.5100976, 3.153654;0.8660282, 0.4998246, 2.910586;0.5775903, -0.03445464, 3.001649;0.7911412, 0.01966614, 2.753019;0.7312831, 0.1716459, 2.960782;0.6753199, 0.1091576, 2.994559;0.7703615, 0.1049338, 2.901047;0.7065408, -0.3667382, 3.0549;0.8652239, -0.3567236, 2.818179;0.7233742, -0.7154277, 3.094288;0.8928927, -0.711548, 2.74544;0.6641341, -0.7982997, 3.071311;0.8557555, -0.7968554, 2.694345;
0.7347574, 0.8122224, 3.050243;0.7945812, 0.644731, 3.043568;0.7413387, 0.250398, 2.97159;0.6557762, 0.5106215, 3.154465;0.8663912, 0.4996162, 2.911026;0.5775801, -0.03416315, 3.00179;0.7730885, -0.002671063, 2.750118;0.7309051, 0.1716142, 2.961354;0.6737927, 0.1062969, 2.996055;0.7696002, 0.1061629, 2.901962;0.7065267, -0.3665224, 3.054612;0.8650158, -0.3564989, 2.818335;0.723417, -0.7145562, 3.093964;0.8927884, -0.7117953, 2.745524;0.6655133, -0.8004034, 3.067462;0.8545645, -0.7972223, 2.693865;
0.7348596, 0.8122026, 3.050381;0.7943417, 0.6433402, 3.043754;0.7409396, 0.2498586, 2.972162;0.6556138, 0.5102821, 3.154252;0.8663331, 0.4993967, 2.911386;0.577733, -0.03373959, 3.002325;0.7718624, -0.004567415, 2.747256;0.7304403, 0.17118, 2.961937;0.6729185, 0.1042977, 2.996893;0.769293, 0.106367, 2.902299;0.7066416, -0.3659031, 3.054381;0.8650846, -0.3565232, 2.818368;0.7237312, -0.7136192, 3.09427;0.8927037, -0.712483, 2.745666;0.661917, -0.8011, 3.070346;0.8545421, -0.7975562, 2.691876;
0.734978, 0.8124038, 3.050668;0.7938964, 0.6423091, 3.043499;0.7407934, 0.2495585, 2.97248;0.6558638, 0.5101571, 3.153851;0.8657014, 0.4993127, 2.911842;0.5777901, -0.0336289, 3.0023;0.7791887, -0.008596018, 2.74674;0.7303046, 0.1709509, 2.962308;0.6730734, 0.1039831, 2.996967;0.7688001, 0.1073122, 2.903594;0.7066275, -0.3658608, 3.054362;0.8651745, -0.3561595, 2.818422;0.7232645, -0.712691, 3.094431;0.89307, -0.7107182, 2.74669;0.6607983, -0.79958, 3.072178;0.8560256, -0.7964882, 2.69822;
0.7352318, 0.8133384, 3.051033;0.7941935, 0.6424658, 3.043227;0.7407147, 0.2496116, 2.972602;0.6560371, 0.5105945, 3.154183;0.8658381, 0.4992245, 2.911928;0.577818, -0.03346245, 3.002496;0.7865958, 0.01476311, 2.751591;0.7301133, 0.1710141, 2.962536;0.6727207, 0.1031542, 2.997407;0.7684142, 0.1080622, 2.903809;0.7069219, -0.3670835, 3.054867;0.8649378, -0.3549994, 2.818102;0.723478, -0.7133193, 3.09435;0.8930651, -0.7098303, 2.746795;0.6589704, -0.8015456, 3.07215;0.8541608, -0.7961246, 2.700101;
0.7360072, 0.8132825, 3.052136;0.7942622, 0.6423541, 3.043712;0.740478, 0.2495261, 2.973403;0.6561903, 0.5102464, 3.153959;0.8659919, 0.4987403, 2.911619;0.5778419, -0.03338021, 3.002627;0.791804, 0.01239152, 2.75134;0.729797, 0.1709433, 2.963322;0.6723163, 0.1019066, 2.998783;0.768193, 0.1082164, 2.903956;0.706817, -0.3673893, 3.054771;0.8648874, -0.3537903, 2.818159;0.7239534, -0.7140774, 3.094602;0.8931947, -0.7086897, 2.746936;0.6588008, -0.801909, 3.07252;0.8543087, -0.7953775, 2.700267;
0.736055, 0.8132921, 3.052304;0.7939456, 0.6418082, 3.042803;0.7402326, 0.2497815, 2.973477;0.6561798, 0.510097, 3.153827;0.8669851, 0.4981882, 2.911698;0.5782131, -0.03288496, 3.003259;0.7914504, 0.01679131, 2.750705;0.7294433, 0.1714379, 2.963539;0.6721071, 0.1019068, 2.99881;0.7677754, 0.1091458, 2.90426;0.7071043, -0.3684303, 3.055174;0.8649286, -0.3537502, 2.818231;0.7239684, -0.7172608, 3.094713;0.8932179, -0.7078685, 2.749101;0.6588696, -0.8025122, 3.073288;0.8537434, -0.7957864, 2.702756;
0.7372236, 0.8148676, 3.052891;0.7939706, 0.6419717, 3.042929;0.7403176, 0.2498114, 2.973676;0.656543, 0.5097972, 3.153195;0.8671312, 0.4981855, 2.911792;0.5783683, -0.03222489, 3.003533;0.792183, 0.01851461, 2.750964;0.7295438, 0.1714371, 2.963737;0.6723375, 0.1018447, 2.998806;0.7679456, 0.1095024, 2.904778;0.7070128, -0.3680264, 3.055042;0.865045, -0.3554308, 2.818391;0.7244352, -0.7154739, 3.09464;0.8927031, -0.7103412, 2.747401;0.672754, -0.8013481, 3.054415;0.8539743, -0.7975779, 2.697381;
0.7372564, 0.8148493, 3.052859;0.7943825, 0.6423061, 3.043081;0.7402462, 0.2498502, 2.973921;0.6568086, 0.5091876, 3.154312;0.8671615, 0.4981764, 2.911936;0.5784011, -0.03224356, 3.003112;0.7707192, 0.0032226, 2.747238;0.7293872, 0.1714306, 2.96402;0.6720161, 0.101294, 2.999492;0.767808, 0.1095747, 2.904755;0.7069504, -0.3679012, 3.054901;0.8649667, -0.355335, 2.818433;0.7246022, -0.7144275, 3.094325;0.8927289, -0.7103282, 2.747324;0.6637341, -0.802619, 3.070239;0.8531945, -0.7977461, 2.69719;
0.738466, 0.8170086, 3.053846;0.7948273, 0.6423446, 3.043502;0.740385, 0.2498272, 2.974125;0.6570534, 0.5090917, 3.154058;0.8674495, 0.498022, 2.911971;0.5784757, -0.03231139, 3.003149;0.7835393, 0.00958912, 2.749183;0.7294814, 0.1713991, 2.964164;0.6721593, 0.1010533, 2.999581;0.7678684, 0.1096492, 2.904788;0.7069003, -0.3675925, 3.0547;0.8647944, -0.3548611, 2.81816;0.7252639, -0.7135981, 3.095349;0.8924162, -0.7100561, 2.747367;0.6620991, -0.8022035, 3.072161;0.8533752, -0.7972211, 2.696622;
0.7382673, 0.8172659, 3.053313;0.794796, 0.6424486, 3.043839;0.7404305, 0.2497852, 2.974328;0.6571607, 0.5091389, 3.154164;0.8674151, 0.4981429, 2.912412;0.5783033, -0.03558857, 3.004019;0.7830338, 0.007053938, 2.749135;0.7295376, 0.1713327, 2.964325;0.6722867, 0.1010232, 2.999578;0.7679279, 0.1097491, 2.905024;0.7076529, -0.3701587, 3.055786;0.8648123, -0.3547961, 2.818082;0.7236705, -0.7188109, 3.093229;0.8922673, -0.709419, 2.747191;0.6586142, -0.8043799, 3.071368;0.8528427, -0.7955553, 2.694951;
0.7385826, 0.8167955, 3.055134;0.7953209, 0.6421229, 3.044268;0.7406974, 0.2495113, 2.974666;0.6574368, 0.5090422, 3.154646;0.8676366, 0.4981377, 2.912407;0.5782386, -0.0372929, 3.004474;0.7882075, 0.01562481, 2.748471;0.7297605, 0.1710655, 2.96462;0.6725885, 0.1005694, 2.999716;0.768056, 0.1096915, 2.905195;0.7075939, -0.3685694, 3.055573;0.86492, -0.3545237, 2.818161;0.7233481, -0.7179567, 3.092884;0.892549, -0.7079407, 2.74763;0.6646329, -0.803908, 3.064877;0.8533698, -0.7951561, 2.695118;
0.7393054, 0.817147, 3.054806;0.7954184, 0.6423976, 3.044524;0.7408438, 0.2494748, 2.974885;0.6576357, 0.5089385, 3.154549;0.8677315, 0.4982234, 2.912451;0.5789471, -0.03829432, 3.00532;0.7829639, 0.009635262, 2.746704;0.7299314, 0.170967, 2.964836;0.6730343, 0.1005109, 2.999588;0.7682737, 0.1099363, 2.905887;0.7075491, -0.3682832, 3.055512;0.8648611, -0.354466, 2.818156;0.7224025, -0.7165816, 3.094543;0.8927021, -0.707913, 2.747606;0.666229, -0.8042877, 3.063745;0.8535336, -0.7949113, 2.695053;
0.7404779, 0.8179884, 3.055537;0.795866, 0.6426305, 3.044927;0.7409256, 0.2493376, 2.97505;0.6577343, 0.5087696, 3.154389;0.8677477, 0.4981497, 2.912753;0.5789471, -0.03920897, 3.005544;0.7816712, 0.005456189, 2.746925;0.7299774, 0.1707591, 2.964978;0.6730856, 0.1001944, 2.999642;0.7682889, 0.10994, 2.905921;0.7075955, -0.3678434, 3.055242;0.8644629, -0.3530659, 2.818148;0.7225106, -0.7154067, 3.093755;0.8927044, -0.7081227, 2.746829;0.6663063, -0.804621, 3.06394;0.8534548, -0.7949001, 2.695008;
0.7402278, 0.8174646, 3.055241;0.7962918, 0.6431947, 3.045643;0.7410192, 0.2495901, 2.975376;0.6580238, 0.5086145, 3.154738;0.8684014, 0.4986291, 2.913082;0.5793825, -0.03971775, 3.006022;0.7820755, 0.002592401, 2.747139;0.7300223, 0.1709473, 2.965208;0.6730579, 0.1001589, 2.999937;0.7683226, 0.110051, 2.905865;0.7076314, -0.3667153, 3.054776;0.8643974, -0.3529429, 2.818141;0.7223688, -0.7152329, 3.093242;0.8931454, -0.7083943, 2.747899;0.6731072, -0.8016649, 3.058227;0.8535373, -0.7949104, 2.694955;
0.7403087, 0.8175145, 3.055239;0.7964786, 0.6428793, 3.046084;0.7411002, 0.2496609, 2.975544;0.6583737, 0.5090794, 3.155982;0.8687842, 0.4987073, 2.913226;0.5793424, -0.04088606, 3.006017;0.783079, 0.0002332659, 2.747444;0.7300913, 0.1710604, 2.965338;0.6730806, 0.1001285, 2.999985;0.7683973, 0.1102314, 2.905849;0.7077076, -0.3664305, 3.054642;0.8643851, -0.352898, 2.818044;0.7224171, -0.7134165, 3.093058;0.8931972, -0.7085003, 2.7477;0.6739215, -0.8011488, 3.056807;0.8534081, -0.7948888, 2.694701;
0.738786, 0.8172345, 3.053393;0.7964388, 0.6428163, 3.046077;0.7411247, 0.2494493, 2.975629;0.6585914, 0.5089455, 3.155543;0.8688023, 0.4986534, 2.913238;0.5804383, -0.04060142, 3.009965;0.7863492, -0.002123632, 2.748498;0.7301343, 0.1707985, 2.965436;0.6731772, 0.09980315, 3.000079;0.7684391, 0.110069, 2.905864;0.7075949, -0.3686667, 3.054112;0.8645778, -0.3532604, 2.818272;0.723572, -0.7179437, 3.093271;0.8932678, -0.710785, 2.746731;0.6748232, -0.8018816, 3.055857;0.8526753, -0.7952766, 2.692879;
0.7388076, 0.8171794, 3.053407;0.796473, 0.6427748, 3.046063;0.7411775, 0.2494707, 2.97573;0.6586925, 0.5089179, 3.155476;0.8692133, 0.4983096, 2.913061;0.5808812, -0.03860781, 3.010766;0.7886645, -0.004368165, 2.748852;0.7301896, 0.1708394, 2.965562;0.6732098, 0.0997171, 3.000268;0.7684744, 0.1100819, 2.905869;0.7080005, -0.3679539, 3.053934;0.864509, -0.3530473, 2.818052;0.7238348, -0.7177268, 3.093513;0.893533, -0.7102545, 2.746434;0.6638198, -0.8008916, 3.068239;0.8565593, -0.7947816, 2.695509;
0.7389659, 0.8179881, 3.053412;0.7967386, 0.6422867, 3.04584;0.7412734, 0.2494631, 2.975844;0.6588373, 0.509179, 3.155532;0.8694663, 0.4981879, 2.913042;0.5808262, -0.03898272, 3.010208;0.7892292, -0.004121245, 2.749063;0.7302886, 0.1708796, 2.965724;0.6732909, 0.09968051, 3.000406;0.7685292, 0.1100915, 2.905954;0.7080469, -0.3669059, 3.053483;0.8644788, -0.3529826, 2.818047;0.7234008, -0.7158723, 3.093779;0.8935167, -0.7102011, 2.746571;0.6659434, -0.8011764, 3.065129;0.856017, -0.7947176, 2.695003;
0.7389088, 0.8174371, 3.053283;0.7969587, 0.6421535, 3.046139;0.741465, 0.2492814, 2.976017;0.6590886, 0.5089295, 3.155625;0.8694972, 0.4980984, 2.913157;0.580943, -0.03821778, 3.010743;0.7882562, -0.004670172, 2.748695;0.7304614, 0.1706968, 2.965855;0.6736181, 0.09937424, 3.000428;0.7685907, 0.110074, 2.906028;0.7079791, -0.3669199, 3.053434;0.8643133, -0.3529281, 2.817588;0.7234396, -0.7154511, 3.093668;0.8941182, -0.7095336, 2.74707;0.6664385, -0.7998489, 3.067154;0.8556994, -0.7945786, 2.694765;
0.7392795, 0.8173242, 3.053563;0.79708, 0.6421856, 3.046297;0.7416431, 0.2492727, 2.976082;0.6592161, 0.5091329, 3.155857;0.8694718, 0.4980885, 2.913234;0.5808961, -0.0372569, 3.010469;0.7881839, -0.004803892, 2.748698;0.7306474, 0.1706803, 2.96589;0.6740265, 0.09904575, 3.000507;0.7687452, 0.1100951, 2.905867;0.7081429, -0.3708094, 3.054743;0.8642244, -0.3528691, 2.817435;0.7234271, -0.7202446, 3.093071;0.89345, -0.7113761, 2.74648;0.6688733, -0.805878, 3.063242;0.8548528, -0.7962633, 2.69646;
0.7410327, 0.8183205, 3.053827;0.796909, 0.6426657, 3.046646;0.741634, 0.2492763, 2.97613;0.6594476, 0.5093037, 3.156093;0.8695555, 0.4981389, 2.913164;0.5808724, -0.03707058, 3.010644;0.7881064, -0.00487405, 2.748658;0.7306446, 0.1706594, 2.965912;0.6740251, 0.09900928, 3.000503;0.7687636, 0.110141, 2.905879;0.7084183, -0.3693001, 3.054549;0.8641796, -0.3525994, 2.81749;0.7221187, -0.7164508, 3.093147;0.8934095, -0.7110569, 2.74701;0.6679462, -0.8031343, 3.064625;0.8536153, -0.7971619, 2.700157;
0.7407807, 0.8179867, 3.053685;0.7969949, 0.6425822, 3.046659;0.7416614, 0.2493862, 2.976184;0.6594653, 0.5093269, 3.156164;0.8700759, 0.4982124, 2.91341;0.5803474, -0.03826254, 3.01021;0.7851543, -0.007519081, 2.74821;0.7306589, 0.1708369, 2.965975;0.6739702, 0.09900187, 3.000547;0.7688216, 0.11038, 2.905804;0.7085068, -0.3688509, 3.0543;0.8639883, -0.351261, 2.817026;0.7226462, -0.7153445, 3.093393;0.8936577, -0.7102527, 2.747341;0.6671935, -0.80172, 3.065841;0.8538166, -0.796407, 2.701124;
0.7408643, 0.8180984, 3.053859;0.7976445, 0.6418833, 3.046551;0.7417637, 0.2493821, 2.976236;0.659737, 0.5091954, 3.156685;0.8706185, 0.4975728, 2.913393;0.5806168, -0.03900114, 3.010097;0.7840014, -0.007487111, 2.747709;0.7307258, 0.170872, 2.966027;0.6739783, 0.09897138, 3.000601;0.7688643, 0.1103958, 2.905788;0.7082617, -0.3680543, 3.054156;0.8637639, -0.3507237, 2.817024;0.7230392, -0.7145084, 3.093606;0.8938119, -0.7100369, 2.747161;0.6671812, -0.8015128, 3.063836;0.8501493, -0.7973787, 2.696851;
0.7417682, 0.8188407, 3.054351;0.7976115, 0.6418673, 3.046686;0.7418152, 0.2493767, 2.976327;0.6597974, 0.509304, 3.1569;0.8706393, 0.4975668, 2.913386;0.5807014, -0.0386703, 3.010209;0.7841388, -0.007309459, 2.747741;0.7307835, 0.1708689, 2.9661;0.6740436, 0.09891126, 3.00067;0.7689145, 0.110401, 2.905801;0.7080188, -0.3670128, 3.053273;0.8637858, -0.3507067, 2.817045;0.7231892, -0.7136728, 3.093506;0.8938149, -0.7096756, 2.747624;0.6700093, -0.8013619, 3.056561;0.8502924, -0.796791, 2.696485;
0.7408623, 0.8165714, 3.054463;0.7971005, 0.6406008, 3.046484;0.7418225, 0.2492286, 2.976468;0.6601956, 0.5090132, 3.159221;0.8706051, 0.4975258, 2.913415;0.5807319, -0.0380424, 3.010613;0.7870367, -0.008236364, 2.74781;0.7308206, 0.1707932, 2.966261;0.674147, 0.09881059, 3.000854;0.768932, 0.1103573, 2.905916;0.7080461, -0.3666903, 3.052985;0.8637115, -0.3507315, 2.816979;0.7236514, -0.7134805, 3.093612;0.8943347, -0.7089797, 2.747945;0.6691818, -0.7984252, 3.062896;0.8524798, -0.7950941, 2.700999;
0.7411246, 0.8174756, 3.054859;0.7971195, 0.6417149, 3.046037;0.741941, 0.2496582, 2.976488;0.6602491, 0.5091169, 3.159186;0.8708577, 0.4977245, 2.913276;0.5808091, -0.0389439, 3.009378;0.7863446, -0.008830979, 2.746937;0.7309479, 0.1711662, 2.966323;0.6743609, 0.09911891, 3.000719;0.7690635, 0.1111549, 2.906332;0.7080151, -0.3666781, 3.052985;0.8633468, -0.3504153, 2.817051;0.7234052, -0.7132038, 3.093663;0.8944997, -0.7078819, 2.748158;0.6645716, -0.7991625, 3.070012;0.8524702, -0.7955761, 2.702705;
0.7411528, 0.8176051, 3.054838;0.7971075, 0.6417155, 3.045772;0.7419103, 0.2496327, 2.976436;0.6601748, 0.5085819, 3.15809;0.8708782, 0.4981088, 2.913481;0.580429, -0.04101925, 3.007793;0.7846591, -0.008500643, 2.745866;0.7309124, 0.1711394, 2.966284;0.6742433, 0.09903287, 3.000731;0.7690353, 0.1110981, 2.906191;0.7078192, -0.3664443, 3.052736;0.8635148, -0.3509033, 2.817106;0.7234789, -0.7128001, 3.093683;0.8946527, -0.7086017, 2.748482;0.6645449, -0.7990773, 3.070076;0.8528609, -0.7949175, 2.699368;
0.7416332, 0.817757, 3.055005;0.7971815, 0.6416081, 3.045626;0.7420748, 0.2492819, 2.976338;0.6603471, 0.5081875, 3.15727;0.8712474, 0.4981528, 2.912719;0.5805205, -0.04120547, 3.007236;0.7847895, -0.00781817, 2.745893;0.7310973, 0.1707287, 2.966197;0.674303, 0.09885723, 3.000677;0.7694407, 0.110442, 2.906043;0.707662, -0.366301, 3.052449;0.8634313, -0.3512556, 2.816921;0.7235788, -0.7129717, 3.093577;0.8954401, -0.7102453, 2.748415;0.66563, -0.7996441, 3.069216;0.8516792, -0.7960216, 2.695848;
0.7415907, 0.8183786, 3.055236;0.7974538, 0.6430112, 3.045085;0.7420962, 0.2494957, 2.976312;0.6599739, 0.5084653, 3.159184;0.8709517, 0.4982546, 2.912715;0.5804399, -0.04053145, 3.007196;0.7851223, -0.007896312, 2.746031;0.731099, 0.1708448, 2.966197;0.6743256, 0.09916833, 3.000605;0.7694298, 0.110761, 2.906236;0.7075868, -0.3660464, 3.052232;0.8633492, -0.3510986, 2.816881;0.7234324, -0.7122542, 3.093655;0.8952046, -0.7084268, 2.748244;0.6633102, -0.7974816, 3.072084;0.8534846, -0.7947309, 2.698995;
0.7407792, 0.8176395, 3.054493;0.7968572, 0.6424047, 3.044371;0.742022, 0.2494288, 2.976219;0.6597438, 0.5086035, 3.158055;0.8706306, 0.4982034, 2.912733;0.5804906, -0.03828848, 3.007199;0.7855929, -0.006084733, 2.746444;0.7310657, 0.1708182, 2.966155;0.6742805, 0.09895707, 3.000642;0.7693732, 0.1107463, 2.906052;0.7076219, -0.3660139, 3.05222;0.8631161, -0.3505753, 2.816923;0.7235378, -0.7119029, 3.093482;0.8951148, -0.7080369, 2.748789;0.6617503, -0.7974283, 3.073143;0.8542234, -0.7939927, 2.700131;
0.739822, 0.8159627, 3.053182;0.7967036, 0.6421703, 3.044257;0.7418803, 0.2492261, 2.976181;0.6594199, 0.5086781, 3.156763;0.8694839, 0.4965645, 2.911678;0.5806065, -0.03678433, 3.004841;0.7851563, -0.007526748, 2.746267;0.7309252, 0.1706221, 2.966136;0.6741309, 0.09864083, 3.000734;0.7691504, 0.1104405, 2.905866;0.7079663, -0.3679305, 3.052812;0.863151, -0.3505792, 2.816919;0.7245351, -0.7223251, 3.094246;0.8951192, -0.7076224, 2.748982;0.6598403, -0.799949, 3.070986;0.8614453, -0.7905043, 2.705245;
0.7383308, 0.815194, 3.052673;0.7964178, 0.6419974, 3.043009;0.7418479, 0.249232, 2.976072;0.659385, 0.5086972, 3.156702;0.8692313, 0.4965699, 2.911465;0.5806817, -0.03731324, 3.004895;0.7836195, -0.008050576, 2.746252;0.7309136, 0.1706307, 2.9661;0.6741363, 0.09870141, 3.000678;0.7691337, 0.1104825, 2.905886;0.7076188, -0.3675115, 3.052598;0.8631135, -0.3505174, 2.816895;0.7233613, -0.7184564, 3.09396;0.8950294, -0.7078333, 2.74888;0.6599587, -0.7995715, 3.074037;0.8571598, -0.7932968, 2.706266;
0.7361953, 0.814377, 3.051122;0.7959323, 0.6422625, 3.043169;0.7417675, 0.24933, 2.976189;0.658945, 0.5085784, 3.156697;0.8685827, 0.4965099, 2.911162;0.5807039, -0.03710927, 3.004941;0.7820632, -0.008221596, 2.745442;0.7308719, 0.1707205, 2.966233;0.674181, 0.09878686, 3.000727;0.7690406, 0.1107229, 2.906271;0.7072916, -0.36665, 3.052329;0.8624895, -0.3494739, 2.816846;0.7231176, -0.7154897, 3.09328;0.8948955, -0.7078292, 2.749074;0.6701822, -0.8000473, 3.061573;0.8560086, -0.793376, 2.702194;
0.7324479, 0.8128881, 3.049781;0.7928666, 0.6410686, 3.042885;0.7414923, 0.2494191, 2.976372;0.6546586, 0.5067794, 3.158301;0.8680174, 0.4969845, 2.910918;0.5804313, -0.03539658, 3.005555;0.7802265, -0.007828459, 2.744787;0.7307447, 0.1709041, 2.966486;0.674127, 0.09878445, 3.000834;0.7691026, 0.1108916, 2.906634;0.707467, -0.3695326, 3.053429;0.8625001, -0.3495256, 2.81679;0.720915, -0.7265519, 3.092689;0.8947214, -0.7078798, 2.748997;0.6657524, -0.8002123, 3.070193;0.8546105, -0.7950178, 2.70467;
0.7261594, 0.8134471, 3.049144;0.7857709, 0.638366, 3.039356;0.7409813, 0.2495132, 2.976421;0.6530689, 0.5071142, 3.157636;0.8641336, 0.49822, 2.910539;0.5800357, -0.03446992, 3.005653;0.7764824, -0.006528281, 2.743964;0.7305694, 0.1711271, 2.966701;0.6742691, 0.09897977, 3.001295;0.7690455, 0.1109795, 2.90682;0.707307, -0.3689226, 3.053138;0.8626118, -0.3498534, 2.816741;0.7220899, -0.7182781, 3.092917;0.8947175, -0.7081048, 2.748709;0.6630887, -0.8010095, 3.073442;0.8551161, -0.7951459, 2.703553;
0.7113988, 0.8079011, 3.037989;0.7823273, 0.638627, 3.036376;0.7403189, 0.249756, 2.976645;0.650745, 0.5087721, 3.156992;0.861506, 0.4987731, 2.90908;0.578329, -0.03325459, 3.002938;0.7691529, -0.01537676, 2.742267;0.7302091, 0.1714962, 2.967353;0.6742395, 0.09939968, 3.00254;0.7689101, 0.1111104, 2.907777;0.7068942, -0.3675609, 3.0526;0.8637816, -0.3508, 2.819113;0.7223954, -0.7148693, 3.091736;0.8978962, -0.7054627, 2.759145;0.6619657, -0.8013036, 3.075132;0.855927, -0.7944813, 2.705928;
0.6998322, 0.8067452, 3.035547;0.7780842, 0.6393672, 3.032147;0.7401062, 0.249917, 2.976685;0.6458983, 0.5077051, 3.156449;0.86015, 0.4988178, 2.907165;0.5777309, -0.03305435, 3.003106;0.7619109, -0.01936644, 2.739388;0.730285, 0.1717785, 2.967802;0.6744802, 0.09957048, 3.003612;0.7698454, 0.1109213, 2.908803;0.7070065, -0.3673093, 3.053074;0.8639913, -0.3500479, 2.820857;0.7224056, -0.7149003, 3.091743;0.8989551, -0.705439, 2.760648;0.6649663, -0.8018222, 3.06855;0.8562531, -0.7944261, 2.70577;
0.6911432, 0.8026634, 3.028826;0.763042, 0.635064, 3.022324;0.7400563, 0.2497989, 2.976472;0.6349677, 0.4996447, 3.152447;0.8545758, 0.4978611, 2.904077;0.5766667, -0.03425083, 3.003121;0.7518859, -0.02171152, 2.73389;0.7310941, 0.1717145, 2.967953;0.677228, 0.09823034, 3.005165;0.7734604, 0.1099603, 2.909117;0.7070662, -0.3668844, 3.053328;0.8657628, -0.3506236, 2.824676;0.7214978, -0.7139969, 3.09168;0.8994096, -0.7054934, 2.762389;0.6636684, -0.801122, 3.07032;0.8625512, -0.7916694, 2.712492;
0.6756707, 0.793294, 3.022049;0.7525634, 0.6274904, 3.015733;0.739753, 0.2493422, 2.976166;0.627637, 0.4959753, 3.148494;0.8476391, 0.4962213, 2.899041;0.5748395, -0.03601897, 3.002421;0.7469732, -0.01464575, 2.729688;0.7316639, 0.1715805, 2.968204;0.679202, 0.09702109, 3.006761;0.7759475, 0.1092824, 2.909785;0.7075285, -0.3666799, 3.054141;0.8664784, -0.3501414, 2.826315;0.7214683, -0.7138538, 3.092405;0.8995986, -0.7055035, 2.762956;0.6629399, -0.8012496, 3.075766;0.8622643, -0.792004, 2.712718;
0.6597577, 0.7846347, 3.010155;0.7415257, 0.6197106, 3.00379;0.73939, 0.2472027, 2.976068;0.6174222, 0.488994, 3.139635;0.8387225, 0.4943188, 2.893913;0.5723025, -0.03855829, 2.999777;0.743063, -0.02109429, 2.728654;0.7334957, 0.1696254, 2.970062;0.6838487, 0.09190698, 3.013041;0.7806764, 0.1063972, 2.913036;0.7085521, -0.3691289, 3.055984;0.8688516, -0.3499443, 2.829765;0.723497, -0.7243236, 3.093616;0.8995888, -0.7049301, 2.764812;0.6548568, -0.806366, 3.073372;0.8648235, -0.7905632, 2.715846;
0.6392733, 0.7764391, 3.001718;0.7329896, 0.6155974, 2.997426;0.7388042, 0.2456085, 2.975886;0.6099232, 0.4838323, 3.130528;0.828656, 0.4894817, 2.887952;0.5644687, -0.04231302, 2.994346;0.7396815, -0.02453879, 2.726097;0.7345262, 0.1685288, 2.971175;0.6867475, 0.08897, 3.016874;0.7828194, 0.1053038, 2.91419;0.7102873, -0.3676407, 3.056818;0.869759, -0.349951, 2.831991;0.724318, -0.7222661, 3.093074;0.8996938, -0.704791, 2.765682;0.6538257, -0.8061453, 3.07402;0.8604221, -0.7934839, 2.716043;
0.6150951, 0.7490258, 2.978673;0.7141442, 0.6038246, 2.990827;0.7376109, 0.241799, 2.977851;0.5928671, 0.4678763, 3.117404;0.8162745, 0.4832485, 2.88105;0.5624365, -0.04376026, 2.994241;0.7343947, -0.03256913, 2.72;0.7367268, 0.1654342, 2.976114;0.6919491, 0.08450915, 3.024642;0.788186, 0.1016352, 2.921535;0.7117277, -0.3670044, 3.058098;0.8723643, -0.3511425, 2.835606;0.7251407, -0.7195709, 3.093604;0.9006304, -0.7039985, 2.767833;0.6543031, -0.8051135, 3.075382;0.8602844, -0.7933941, 2.715723;
0.5936198, 0.7348843, 2.960105;0.699007, 0.5910133, 2.983;0.7393709, 0.2289331, 2.982665;0.5844701, 0.4574987, 3.108247;0.8067822, 0.4762822, 2.874678;0.5496006, -0.05578663, 2.988195;0.729808, -0.04452123, 2.71208;0.7453897, 0.1523919, 2.985954;0.7051311, 0.0703383, 3.037303;0.8027174, 0.08992898, 2.934626;0.71658, -0.3684235, 3.062766;0.8753728, -0.3519553, 2.839195;0.7262501, -0.71767, 3.09583;0.9004998, -0.703517, 2.76852;0.6546656, -0.8032004, 3.076967;0.8602715, -0.7933965, 2.715672;
0.5717722, 0.7089849, 2.936886;0.6812578, 0.5772767, 2.976765;0.7407745, 0.2184257, 2.98589;0.5721844, 0.4347541, 3.096352;0.7923343, 0.466112, 2.866303;0.5442449, -0.07342782, 2.98677;0.7195997, -0.06087102, 2.707519;0.7505801, 0.1434797, 2.990898;0.7128726, 0.06178485, 3.043319;0.8100414, 0.08369429, 2.939911;0.7183245, -0.3692693, 3.064739;0.8810954, -0.3541409, 2.844027;0.7258522, -0.7162628, 3.095269;0.9005314, -0.7035616, 2.768481;0.6552433, -0.8032744, 3.077724;0.8602384, -0.7934968, 2.715598;
0.5465785, 0.6707118, 2.918569;0.6610479, 0.5470941, 2.963822;0.7470083, 0.2033775, 2.987888;0.5579751, 0.4132602, 3.089652;0.7749884, 0.454251, 2.855439;0.5370113, -0.09701847, 2.986532;0.7143133, -0.07946254, 2.700575;0.762507, 0.1305271, 2.995478;0.7299125, 0.04972507, 3.047325;0.8269284, 0.07569256, 2.949169;0.7247102, -0.3739213, 3.074209;0.8887573, -0.3579919, 2.848963;0.7258332, -0.7160536, 3.094803;0.9021983, -0.7037919, 2.770108;0.6550183, -0.8030605, 3.077266;0.8631849, -0.7923661, 2.717703;
0.5275977, 0.6457554, 2.901391;0.6376592, 0.5232151, 2.945922;0.7464173, 0.18925, 2.99044;0.5473964, 0.3860803, 3.07063;0.7654092, 0.4409035, 2.845739;0.5257486, -0.1423723, 2.976379;0.7106717, -0.09119941, 2.692871;0.765406, 0.1194257, 3.000853;0.7339346, 0.04221128, 3.052586;0.8330405, 0.06702093, 2.959281;0.7271799, -0.3759224, 3.07829;0.8946868, -0.3611041, 2.854854;0.7251066, -0.7150576, 3.096276;0.9023882, -0.7039722, 2.770172;0.6551375, -0.8017808, 3.078361;0.8595052, -0.7942581, 2.715954;
0.4963231, 0.6065954, 2.873583;0.6220127, 0.4907308, 2.926695;0.751616, 0.1590644, 2.995635;0.538292, 0.3739449, 3.060612;0.7508317, 0.4186845, 2.833303;0.5246763, -0.139274, 2.982986;0.7090451, -0.09383361, 2.691712;0.7770075, 0.09011754, 3.012561;0.7466652, 0.02233481, 3.061637;0.8483903, 0.04541099, 2.981485;0.7337142, -0.3855491, 3.087436;0.8995957, -0.3692851, 2.857162;0.7249702, -0.7127249, 3.096074;0.9024069, -0.7041101, 2.770121;0.662604, -0.8022239, 3.071396;0.8579631, -0.7957266, 2.716027;
0.4766227, 0.5575762, 2.858387;0.604727, 0.4494209, 2.913759;0.7549181, 0.1279367, 2.996661;0.5299485, 0.343504, 3.040846;0.7368189, 0.3877097, 2.826867;0.5208162, -0.1590901, 2.988364;0.6882858, -0.1714123, 2.670027;0.7838397, 0.06312378, 3.016081;0.7590042, -0.00249185, 3.063447;0.8532116, 0.02779945, 2.989033;0.741378, -0.400543, 3.096129;0.9046037, -0.3797098, 2.858543;0.7238489, -0.7173017, 3.097834;0.9028285, -0.7041068, 2.770032;0.6616357, -0.8019198, 3.068838;0.8588838, -0.795226, 2.715789;
0.4684443, 0.5236538, 2.838571;0.5939692, 0.4124666, 2.907761;0.7553698, 0.1049941, 2.99943;0.5180676, 0.3312635, 3.035238;0.731444, 0.3674678, 2.816681;0.511591, -0.2111628, 2.98076;0.6872634, -0.1973042, 2.672155;0.7866836, 0.04247539, 3.020659;0.7638815, -0.01827778, 3.064466;0.8583888, 0.002522812, 3.003143;0.7427153, -0.4148689, 3.100792;0.9106879, -0.3871457, 2.86163;0.7244291, -0.7206807, 3.098829;0.9042517, -0.7039427, 2.771616;0.6621165, -0.8016065, 3.068422;0.8588575, -0.7949768, 2.715975;
0.4407464, 0.476599, 2.822163;0.5832225, 0.3687094, 2.89619;0.7581953, 0.06771838, 3.001605;0.5050189, 0.3079185, 3.005556;0.715889, 0.3371285, 2.804334;0.5106023, -0.2316845, 2.973035;0.6926954, -0.2011904, 2.668982;0.7927505, 0.007005392, 3.025875;0.7678577, -0.04234688, 3.059213;0.8638194, -0.02062568, 3.017775;0.7439467, -0.4364444, 3.106632;0.9126735, -0.3912854, 2.861751;0.724348, -0.7154551, 3.100503;0.9031693, -0.7041942, 2.771957;0.662276, -0.8011863, 3.06965;0.8589241, -0.7948745, 2.715826;
0.4348527, 0.4450973, 2.816423;0.5803785, 0.3482849, 2.885303;0.7618006, 0.06241715, 3.00724;0.5028166, 0.2425488, 3.002025;0.7100404, 0.3051535, 2.793804;0.5075336, -0.2529868, 2.980689;0.6874359, -0.2191413, 2.663959;0.7985895, 0.002602232, 3.035837;0.7735804, -0.04872612, 3.068642;0.875487, -0.02396886, 3.038854;0.7459266, -0.4428351, 3.111345;0.9130907, -0.3901194, 2.862958;0.723163, -0.7427604, 3.105328;0.9022071, -0.7059135, 2.770776;0.6705051, -0.8016804, 3.058293;0.8570061, -0.7958739, 2.715173;
0.4308348, 0.3577851, 2.780631;0.5710922, 0.2609602, 2.845713;0.7804461, 0.0411073, 3.016458;0.5011721, 0.1610662, 2.984134;0.7059383, 0.2480864, 2.780817;0.5011525, -0.347141, 2.986881;0.6832522, -0.3320837, 2.66622;0.8225794, -0.007686242, 3.052946;0.7996843, -0.06261549, 3.083716;0.9132848, -0.01929984, 3.07452;0.7407017, -0.4548608, 3.112086;0.9138411, -0.39327, 2.862432;0.7189093, -0.7544743, 3.105354;0.901592, -0.7078211, 2.770403;0.6588856, -0.8052512, 3.057572;0.8564982, -0.7967631, 2.713881;
0.4153113, 0.3007681, 2.767566;0.5669923, 0.2392656, 2.83614;0.773236, -0.009133101, 3.004615;0.4987296, 0.154418, 2.975844;0.7090279, 0.2087443, 2.782973;0.49852, -0.3705618, 2.978331;0.6786315, -0.3642735, 2.663374;0.8148479, -0.05689143, 3.042726;0.7950434, -0.108322, 3.05836;0.8935699, -0.07308096, 3.073376;0.7270522, -0.4923729, 3.124931;0.9173108, -0.414058, 2.854081;0.7111089, -0.7922126, 3.114051;0.901224, -0.708041, 2.770237;0.6469939, -0.8031144, 3.048949;0.8569016, -0.7964454, 2.713614;
0.4141324, 0.2818907, 2.760769;0.563211, 0.1992264, 2.821785;0.7728807, -0.0126257, 3.005013;0.4913574, 0.1266454, 2.962835;0.708165, 0.1843443, 2.781823;0.4930302, -0.4024922, 2.98653;0.6843619, -0.3722172, 2.668875;0.8146145, -0.05872161, 3.043526;0.7942673, -0.1111859, 3.061046;0.8940185, -0.07375916, 3.073995;0.7180791, -0.5149199, 3.119438;0.9170057, -0.4147456, 2.855127;0.7250221, -0.8144466, 3.103935;0.900541, -0.7074911, 2.770451;0.6482576, -0.7966384, 3.05638;0.8578004, -0.7963707, 2.717851;
0.4214813, 0.2531562, 2.751607;0.5597878, 0.18346, 2.814602;0.7641153, -0.04296576, 3.000976;0.4862884, 0.1056906, 2.953034;0.6781093, 0.1471289, 2.763941;0.4914833, -0.4516204, 2.984012;0.6845787, -0.4138519, 2.670523;0.8055032, -0.08690704, 3.042011;0.7924601, -0.1270086, 3.058903;0.8709384, -0.1062814, 3.073428;0.7200903, -0.5246556, 3.122493;0.920233, -0.4376423, 2.844374;0.7228491, -0.7175418, 3.099606;0.9030763, -0.7302257, 2.757048;0.6617068, -0.7990916, 3.064925;0.8567038, -0.7979165, 2.715312;
0.4213554, 0.2066152, 2.742074;0.5544823, 0.1334024, 2.802378;0.7702167, -0.07850938, 2.998631;0.5006191, 0.01364656, 2.961433;0.6742915, 0.1273858, 2.758063;0.5031646, -0.4836463, 2.99028;0.6837162, -0.4460642, 2.669638;0.8132844, -0.122198, 3.041109;0.8103078, -0.1821755, 3.048183;0.874163, -0.1213637, 3.079053;0.7128289, -0.5218354, 3.118611;0.9212479, -0.4461472, 2.840666;0.7221442, -0.716392, 3.099503;0.9017784, -0.7377422, 2.754061;0.6557884, -0.798499, 3.068124;0.8541939, -0.8030611, 2.709967;
0.4123504, 0.142096, 2.725173;0.5388629, 0.07259471, 2.782018;0.7532248, -0.111625, 2.984818;0.4849997, -0.04716117, 2.941072;0.6664988, 0.05857103, 2.742316;0.5207799, -0.5359762, 3.004452;0.6841077, -0.5131985, 2.683362;0.7977495, -0.1467731, 3.02989;0.8019527, -0.2047803, 3.031368;0.8623943, -0.1540694, 3.091258;0.7115562, -0.5195764, 3.118129;0.9229733, -0.4613745, 2.833379;0.7219037, -0.7125044, 3.100738;0.9022419, -0.7519802, 2.747241;0.657325, -0.7962035, 3.067652;0.8436689, -0.809769, 2.705923;
0.4096876, 0.1255306, 2.723493;0.5362, 0.05602928, 2.78038;0.7520072, -0.1060302, 2.985728;0.4823368, -0.0637266, 2.939435;0.6836781, 0.1051766, 2.761391;0.5313333, -0.5828742, 2.992597;0.6916888, -0.525587, 2.690382;0.7952968, -0.1351932, 3.031305;0.8008062, -0.1974094, 3.041684;0.868717, -0.1148298, 3.091333;0.7157331, -0.5222894, 3.117143;0.9178274, -0.5122483, 2.831837;0.7216809, -0.7131569, 3.100823;0.8903062, -0.8033639, 2.752199;0.6588256, -0.7935605, 3.067935;0.8282039, -0.7859041, 2.686522;
0.4047879, 0.1062667, 2.7171;0.5313003, 0.03676539, 2.774028;0.7575626, -0.1528261, 2.985914;0.4774371, -0.08299053, 2.933082;0.6611397, 0.01445596, 2.731472;0.5316578, -0.5839098, 2.995976;0.6956906, -0.5415875, 2.695372;0.803553, -0.190318, 3.032543;0.8028836, -0.2496284, 3.050504;0.8675641, -0.1808886, 3.071586;0.7161204, -0.5222316, 3.117168;0.91763, -0.5128171, 2.831394;0.7206209, -0.7134185, 3.101016;0.8909914, -0.8038244, 2.751758;0.6574643, -0.7938755, 3.069387;0.8306075, -0.7860472, 2.684614;
0.3929888, 0.09624888, 2.709465;0.5195012, 0.02674761, 2.766422;0.7490277, -0.146623, 2.98164;0.465638, -0.09300832, 2.925476;0.6743024, -0.005451582, 2.733156;0.5307541, -0.5905434, 2.997993;0.6971986, -0.5357794, 2.69473;0.7935588, -0.180104, 3.027682;0.7988849, -0.2423837, 3.041135;0.8659391, -0.1751828, 3.084636;0.7172054, -0.5231373, 3.116532;0.9176793, -0.5130877, 2.831362;0.7199867, -0.7164839, 3.099666;0.890922, -0.803848, 2.751426;0.6520083, -0.7992035, 3.068832;0.8303871, -0.7858985, 2.684467;
0.3900245, 0.08812617, 2.706079;0.516537, 0.01862492, 2.763158;0.7415174, -0.2271941, 2.934218;0.5655628, 0.06079241, 2.81409;0.6757277, -0.007747729, 2.732831;0.5288509, -0.5932127, 3.001161;0.7031068, -0.5327002, 2.697905;0.7873048, -0.2741896, 2.972787;0.7951875, -0.2974439, 2.973856;0.8308645, -0.303735, 3.009026;0.7172241, -0.5234938, 3.116433;0.9174846, -0.5132279, 2.831021;0.7199327, -0.7166139, 3.099497;0.8986375, -0.7128668, 2.766608;0.6400232, -0.8075133, 3.071345;0.8625524, -0.7928168, 2.717595;
0.3836693, 0.07770357, 2.703942;0.5101818, 0.008202291, 2.761141;0.7417178, -0.228044, 2.934256;0.5896427, 0.06761639, 2.814492;0.6634686, -0.03613564, 2.722775;0.5352561, -0.5329646, 2.984843;0.7047635, -0.5330963, 2.696898;0.7877972, -0.2749564, 2.972859;0.7994983, -0.2964929, 2.974608;0.828694, -0.3063737, 3.00857;0.7175471, -0.5242864, 3.116562;0.9171839, -0.5152762, 2.831307;0.7199845, -0.7165502, 3.099333;0.8985643, -0.7150456, 2.765246;0.6467252, -0.8015063, 3.067258;0.8625471, -0.7930167, 2.717489;
0.3842566, 0.07683764, 2.708234;0.5107691, 0.007336356, 2.765552;0.7429165, -0.2280187, 2.93478;0.5708967, 0.05609199, 2.816771;0.6630063, -0.03740986, 2.722241;0.5335379, -0.6001436, 3.003349;0.7077594, -0.5326495, 2.697386;0.7892466, -0.2748862, 2.972946;0.8023659, -0.2965038, 2.974355;0.8301049, -0.3065947, 3.008785;0.7135534, -0.5533108, 3.112712;0.9169571, -0.5151221, 2.830833;0.7205726, -0.7169406, 3.099681;0.8991378, -0.7147089, 2.764884;0.6414094, -0.8043665, 3.068159;0.836503, -0.8022177, 2.764421;
0.6155238, 0.2384983, 2.82304;0.7139411, 0.1803821, 2.891383;0.8013504, -0.1863849, 2.962652;0.5999653, 0.05492173, 2.802204;0.7169265, 0.03156012, 2.747291;0.5436016, -0.5135473, 2.982893;0.7101736, -0.5445805, 2.700342;0.8094289, -0.2645528, 2.977984;0.804793, -0.2987084, 2.970205;0.8368244, -0.3026543, 3.010238;0.7182156, -0.5799953, 3.113349;0.9169247, -0.5152105, 2.830611;0.7206229, -0.7172193, 3.099429;0.8991851, -0.7157546, 2.764001;0.641954, -0.8051668, 3.069937;0.8575635, -0.7742188, 2.684022;
0.6147969, 0.2382232, 2.821646;0.7123182, 0.1806439, 2.891482;0.797696, -0.1813558, 2.960774;0.5948546, 0.06197679, 2.808997;0.7170106, 0.03161084, 2.747434;0.5405884, -0.5304043, 2.985209;0.7116063, -0.5328234, 2.700707;0.8090049, -0.2553391, 2.976282;0.8033732, -0.3043768, 2.955376;0.8388497, -0.30015, 3.014293;0.721207, -0.6015503, 3.112894;0.9133433, -0.5169411, 2.828649;0.7219321, -0.7196761, 3.099639;0.8996446, -0.717279, 2.763122;0.6392189, -0.8070759, 3.071376;0.8623327, -0.7931488, 2.719021;
0.6133863, 0.2383799, 2.819587;0.7100376, 0.1816644, 2.890882;0.796157, -0.1824398, 2.962881;0.594875, 0.0663289, 2.810821;0.6749169, -0.01961278, 2.730963;0.5414363, -0.527451, 2.985482;0.7067338, -0.5868937, 2.700411;0.8090108, -0.2566691, 2.979903;0.8066341, -0.3034343, 2.958719;0.8329295, -0.3021354, 3.020482;0.7238351, -0.6088661, 3.115968;0.9130367, -0.5177835, 2.827498;0.7221975, -0.7196813, 3.099457;0.8991846, -0.7175869, 2.762821;0.6420795, -0.8060518, 3.072359;0.8625594, -0.792932, 2.718547;
0.6151538, 0.2385541, 2.816597;0.7105982, 0.1824901, 2.889284;0.7954943, -0.1824745, 2.963491;0.593989, 0.06737913, 2.811268;0.6757435, -0.01911834, 2.730189;0.5428286, -0.4917319, 2.981574;0.7079549, -0.5855812, 2.701339;0.8086905, -0.2566255, 2.98139;0.807044, -0.302212, 2.960397;0.8308218, -0.3015743, 3.022056;0.7258615, -0.518988, 3.101827;0.9130987, -0.5189573, 2.82719;0.7208344, -0.7161092, 3.097243;0.8988897, -0.7174909, 2.76263;0.6446844, -0.8023736, 3.074338;0.8606331, -0.7943165, 2.717963;
0.6150844, 0.2392079, 2.813275;0.7102119, 0.1836628, 2.887066;0.7946275, -0.1831869, 2.964086;0.5935267, 0.06625394, 2.806506;0.6593221, -0.03277471, 2.720259;0.5403886, -0.5301491, 2.988546;0.7131333, -0.5340715, 2.700837;0.8082594, -0.2575716, 2.982635;0.8085886, -0.3008525, 2.962766;0.8264761, -0.3025357, 3.02238;0.7070675, -0.5839891, 3.101079;0.9132426, -0.5194537, 2.826908;0.7209304, -0.7167934, 3.095859;0.8981263, -0.7176241, 2.762754;0.6437678, -0.8007734, 3.074025;0.8605228, -0.79421, 2.717703;
0.6170092, 0.2382895, 2.807304;0.711495, 0.1835352, 2.882556;0.7945086, -0.1829643, 2.963987;0.5810747, 0.05870138, 2.800567;0.6595351, -0.03401004, 2.719789;0.5390365, -0.5335832, 2.988149;0.7124835, -0.5314789, 2.700897;0.8083065, -0.2570827, 2.982816;0.8089136, -0.3004486, 2.962712;0.8263211, -0.30211, 3.022904;0.7119513, -0.5852406, 3.100954;0.9129344, -0.5207285, 2.82562;0.723078, -0.72005, 3.097268;0.8982909, -0.7175517, 2.762609;0.6549557, -0.8009063, 3.068788;0.860757, -0.7940257, 2.716505;
0.6099155, 0.1638137, 2.798262;0.7113982, 0.1838953, 2.879144;0.7943106, -0.1829841, 2.963896;0.5843067, 0.05958803, 2.797322;0.6710227, -0.01795137, 2.724206;0.5385637, -0.532373, 2.988201;0.7124753, -0.5317762, 2.700279;0.8082709, -0.2570744, 2.982899;0.8087831, -0.2999999, 2.962941;0.8258634, -0.3004163, 3.022743;0.7167851, -0.5296509, 3.091288;0.9136516, -0.5236398, 2.824333;0.7227836, -0.7200601, 3.097239;0.8976796, -0.7184056, 2.761805;0.6469259, -0.8033754, 3.06919;0.8607238, -0.7941819, 2.716549;
0.6083505, 0.1635158, 2.796579;0.7111677, 0.1848074, 2.876827;0.7793542, -0.1358511, 2.951801;0.5807331, 0.05904372, 2.796422;1.003727, 0.06544157, 2.982328;0.5374332, -0.5324641, 2.989199;0.7423683, -0.4680294, 2.717195;0.7931518, -0.2006174, 2.971902;0.7337219, -0.3035212, 2.961657;0.8934759, -0.289672, 3.026005;0.7185981, -0.5344809, 3.09197;0.9137616, -0.5235247, 2.824224;0.7142652, -0.7156068, 3.094809;0.8975303, -0.7184541, 2.761966;0.645436, -0.7994739, 3.06631;0.8611177, -0.7937394, 2.716169;
0.6070832, 0.1640643, 2.795295;0.7112011, 0.1849764, 2.875079;0.7800679, -0.1355199, 2.951684;0.5898986, 0.07697462, 2.801846;0.9464451, 0.1312806, 2.98153;0.5361742, -0.525328, 2.980295;0.7482734, -0.4454388, 2.731352;0.7941498, -0.200072, 2.971775;0.7428248, -0.296743, 2.958694;0.8883796, -0.2762393, 3.024976;0.7298465, -0.5795661, 3.093508;0.9138327, -0.5234368, 2.824033;0.7200445, -0.7138399, 3.100289;0.8972627, -0.717457, 2.762296;0.6519127, -0.7963986, 3.067243;0.8604571, -0.794059, 2.716042;
0.6074641, 0.1648356, 2.794021;0.7128949, 0.1882269, 2.872873;0.7804785, -0.1314616, 2.951088;0.5804068, 0.07383855, 2.807186;0.9992413, 0.06954202, 2.982887;0.5319635, -0.5880945, 2.99427;0.740742, -0.472781, 2.723003;0.7942263, -0.1954063, 2.971085;0.7411331, -0.2948951, 2.957957;0.8888869, -0.2761459, 3.025342;0.7146274, -0.5462734, 3.099609;0.9140354, -0.5211284, 2.824415;0.7197775, -0.7142587, 3.100116;0.8974211, -0.7173424, 2.762715;0.6534026, -0.7959453, 3.067232;0.8605842, -0.7939232, 2.715968;
0.6121814, 0.1725463, 2.798419;0.7182217, 0.1992838, 2.876738;0.782114, -0.1310324, 2.951907;0.5660306, 0.03038852, 2.833375;0.9322178, 0.1385844, 2.972387;0.5312157, -0.5466276, 2.997137;0.7377757, -0.4429495, 2.725479;0.7955387, -0.1956914, 2.971538;0.743567, -0.2962813, 2.958616;0.8879758, -0.2726569, 3.023799;0.7136109, -0.5433115, 3.099765;0.9139171, -0.5201523, 2.82468;0.7185822, -0.7142723, 3.097481;0.8970815, -0.7169701, 2.763626;0.6533305, -0.7959164, 3.06743;0.8609865, -0.7935503, 2.715936;
0.5726916, 0.1710603, 2.764888;0.6423052, 0.2105922, 2.865036;0.7678624, -0.1312934, 2.949765;0.5668465, 0.03151789, 2.834519;0.9992639, 0.08096353, 2.984727;0.5226645, -0.5291854, 2.987961;0.7400548, -0.466012, 2.723305;0.7892433, -0.1972366, 2.970254;0.7383066, -0.2994587, 2.956343;0.8884301, -0.2751862, 3.023958;0.716684, -0.5349097, 3.100279;0.9142833, -0.5176007, 2.825558;0.7193838, -0.7116779, 3.096135;0.8971233, -0.7166843, 2.76361;0.6547234, -0.7954576, 3.067633;0.8611813, -0.793429, 2.715742;
0.4810007, 0.050722, 2.680846;0.5524568, 0.08959947, 2.780745;0.7170211, -0.1375642, 2.912356;0.5345888, 0.03334158, 2.874997;0.9934952, 0.09306648, 2.983413;0.5259572, -0.5268992, 2.985605;0.7373956, -0.4600067, 2.717935;0.749934, -0.182997, 2.942176;0.7294628, -0.2871827, 2.950242;0.8913974, -0.2617123, 3.024935;0.7160658, -0.5262804, 3.099766;0.9147231, -0.5150133, 2.825583;0.7226939, -0.7134963, 3.098315;0.8972146, -0.7164266, 2.763546;0.6554955, -0.7938523, 3.066964;0.859787, -0.7942031, 2.715426;
0.4840032, 0.05723433, 2.687608;0.5586546, 0.1001578, 2.785129;0.722621, -0.1287777, 2.91298;0.5102559, -0.03123671, 2.968354;0.9897467, 0.1049972, 2.98371;0.5320762, -0.5313364, 2.989446;0.7306331, -0.4078426, 2.702585;0.7554747, -0.1744508, 2.942138;0.7306613, -0.2847716, 2.948826;0.9130083, -0.2301435, 3.027579;0.7161636, -0.5237203, 3.103441;0.9156338, -0.5069332, 2.828007;0.7223693, -0.7145466, 3.096935;0.8983032, -0.7141826, 2.764783;0.6552414, -0.7940141, 3.066738;0.8641599, -0.7917058, 2.717685;
0.4868274, 0.08985724, 2.687126;0.5633392, 0.125764, 2.786073;0.7244855, -0.1171908, 2.913523;0.5123236, 0.004084721, 2.94608;0.988035, 0.1107751, 2.984181;0.5335827, -0.4739201, 2.986053;0.7324132, -0.4049408, 2.705997;0.7568911, -0.1651122, 2.942565;0.7277681, -0.2720033, 2.949228;0.9117767, -0.2271672, 3.02606;0.7158187, -0.5216259, 3.102989;0.9083858, -0.4535027, 2.84433;0.7220305, -0.7151178, 3.096835;0.8983697, -0.7142708, 2.764502;0.6543801, -0.7951568, 3.065507;0.8626863, -0.79268, 2.71692;
0.4890801, 0.1312166, 2.697221;0.570976, 0.172263, 2.792234;0.7249025, -0.09163331, 2.918302;0.5129502, 0.05486793, 2.941666;0.9942452, 0.1281909, 2.99385;0.5377377, -0.4514968, 2.988936;0.7370518, -0.3879816, 2.714747;0.7561985, -0.1437765, 2.946941;0.7209707, -0.2496324, 2.954494;0.9073744, -0.2173069, 3.025722;0.7158535, -0.5167676, 3.106974;0.9127373, -0.4500528, 2.84533;0.7195066, -0.7329571, 3.090514;0.8983266, -0.7162449, 2.763813;0.6548511, -0.7981493, 3.065969;0.860979, -0.7936953, 2.714525;
0.4890777, 0.1648194, 2.697753;0.5723213, 0.1911041, 2.796033;0.7218172, -0.04881715, 2.926652;0.5141258, 0.0722592, 2.945221;1.020937, 0.1303004, 3.007819;0.5407376, -0.4157674, 2.986609;0.7446399, -0.3200543, 2.733812;0.7513531, -0.09610994, 2.956386;0.7100577, -0.1956828, 2.971607;0.90619, -0.1954582, 3.030366;0.7171637, -0.5143525, 3.107424;0.9220724, -0.5196642, 2.795259;0.7204838, -0.7265344, 3.092509;0.9015157, -0.8069464, 2.708475;0.654628, -0.7984449, 3.066059;0.8154852, -0.7812257, 2.721442;
0.4920849, 0.2090137, 2.707633;0.5737005, 0.2177967, 2.809154;0.7594624, -0.05109413, 2.957793;0.4963463, 0.1335288, 2.960099;0.7035741, 0.1923158, 2.7743;0.5474672, -0.374249, 2.997507;0.7161257, -0.3647256, 2.695674;0.797023, -0.1064797, 2.99064;0.7845229, -0.1584549, 2.989946;0.865051, -0.1372465, 3.032017;0.7469235, -0.5229098, 3.115026;0.9277843, -0.4750524, 2.829019;0.7099506, -0.8132496, 3.106345;0.9053918, -0.7617013, 2.742937;0.6389465, -0.7927802, 3.053789;0.8395977, -0.8089935, 2.702227;
0.4943913, 0.2447904, 2.714661;0.5677111, 0.2585351, 2.820363;0.7631744, -0.02413674, 2.974114;0.4991175, 0.141963, 2.964515;0.6922379, 0.2063191, 2.768143;0.5367078, -0.3362568, 2.993276;0.7171369, -0.3181444, 2.711878;0.8023113, -0.07922789, 3.009026;0.7909396, -0.1318267, 3.007455;0.8659618, -0.09500895, 3.052732;0.7281401, -0.4973714, 3.118103;0.9239155, -0.4317913, 2.847694;0.7215945, -0.7245966, 3.092884;0.8992153, -0.7147824, 2.765772;0.6554263, -0.7975989, 3.065602;0.8599091, -0.7944469, 2.714537;
0.4955918, 0.3023165, 2.721957;0.5662014, 0.2986407, 2.829753;0.763509, 0.01686075, 2.98192;0.4989724, 0.1992401, 2.97791;0.7053183, 0.2517492, 2.783938;0.5393596, -0.2959767, 3.002975;0.7207245, -0.3000991, 2.713822;0.8029549, -0.040695, 3.015665;0.7863014, -0.09173198, 3.021066;0.8717534, -0.06937394, 3.050593;0.7370555, -0.4668816, 3.10505;0.9207335, -0.4169161, 2.853209;0.7244985, -0.7198526, 3.092494;0.8991604, -0.7147157, 2.7657;0.6578279, -0.7961376, 3.065438;0.8600183, -0.7943089, 2.714336;
0.5069147, 0.3604024, 2.739765;0.5714664, 0.35305, 2.85029;0.7580972, 0.02748813, 2.979462;0.5015261, 0.2294273, 2.981829;0.7032877, 0.2787354, 2.784672;0.5447004, -0.2669995, 3.008107;0.7167871, -0.2390526, 2.704517;0.7962295, -0.03303993, 3.010971;0.7789528, -0.08460949, 3.013651;0.86032, -0.05940944, 3.041641;0.7423546, -0.4577161, 3.107833;0.9193006, -0.4087862, 2.855201;0.724247, -0.7161325, 3.093177;0.8992419, -0.7145214, 2.76559;0.6578274, -0.7961404, 3.065448;0.8600241, -0.7942608, 2.714323;
0.5193669, 0.4117644, 2.754758;0.5832703, 0.4042053, 2.865691;0.7462357, 0.09040563, 2.970972;0.502063, 0.2841435, 2.98707;0.7090681, 0.3229608, 2.791576;0.5441486, -0.2323181, 3.008497;0.7229502, -0.2248188, 2.708299;0.7788289, 0.0276457, 2.995514;0.7627617, -0.03390256, 3.04433;0.8462446, -0.009681046, 2.977042;0.7459387, -0.4195877, 3.096691;0.9190897, -0.4088071, 2.855022;0.7240748, -0.7174572, 3.094024;0.8991421, -0.7134812, 2.764941;0.686704, -0.7987064, 3.04254;0.8586996, -0.7944645, 2.713558;
0.5305521, 0.4432677, 2.762849;0.5927804, 0.4342719, 2.874609;0.7490209, 0.1020342, 2.968965;0.5084949, 0.2942456, 2.999543;0.7134131, 0.3375542, 2.798587;0.5482311, -0.1932965, 3.013054;0.7208204, -0.2135621, 2.718538;0.7808269, 0.0370589, 2.992319;0.7632553, -0.02797373, 3.043072;0.8493501, -8.919742E-06, 2.96949;0.747222, -0.4111897, 3.096173;0.9138029, -0.3900087, 2.856674;0.7239753, -0.7171438, 3.094189;0.8996015, -0.712596, 2.765013;0.6734409, -0.7938511, 3.06159;0.8629881, -0.792608, 2.715548;
0.520776, 0.6566001, 2.8802;0.6251535, 0.5098591, 2.901308;0.7308413, 0.1697552, 2.967862;0.5240851, 0.3908524, 3.033187;0.738938, 0.4057258, 2.818411;0.539741, -0.1518905, 3.01134;0.7164502, -0.1426354, 2.708249;0.7519788, 0.1017345, 2.984656;0.7277898, 0.02564566, 3.045963;0.8168846, 0.04679641, 2.945533;0.7420998, -0.4021218, 3.089737;0.9096311, -0.3869765, 2.854875;0.7235397, -0.7158321, 3.094421;0.9001189, -0.7118771, 2.764994;0.6728736, -0.7925357, 3.062211;0.8626837, -0.7925975, 2.714889;
0.5446097, 0.6855866, 2.903969;0.6354988, 0.5249721, 2.914939;0.7295897, 0.1788621, 2.965099;0.5264776, 0.3933941, 3.035941;0.7484905, 0.4213772, 2.81916;0.5386901, -0.1427549, 3.010482;0.7219951, -0.1171003, 2.712382;0.7488171, 0.1117184, 2.979012;0.7211789, 0.0337729, 3.038754;0.8144523, 0.05505369, 2.93637;0.7364954, -0.3966972, 3.084632;0.901222, -0.3781577, 2.853153;0.7233235, -0.7155596, 3.094211;0.9006505, -0.7104599, 2.765628;0.6721902, -0.7925841, 3.06334;0.8624821, -0.7926125, 2.714585;
0.5658435, 0.7146385, 2.926485;0.6600978, 0.5570135, 2.940232;0.7280782, 0.1895189, 2.963056;0.5426731, 0.4208814, 3.054242;0.7545173, 0.4367627, 2.827923;0.5373016, -0.1093423, 3.011201;0.7222632, -0.1005202, 2.714184;0.7444398, 0.1204928, 2.973935;0.7134751, 0.04124554, 3.032551;0.805701, 0.06321842, 2.923425;0.7344317, -0.3925844, 3.082117;0.8998865, -0.3770732, 2.853006;0.7233591, -0.7154241, 3.094176;0.9005916, -0.7101151, 2.765494;0.6717129, -0.7928293, 3.063696;0.8600454, -0.7940049, 2.708409;
0.5835413, 0.7390894, 2.94322;0.6687927, 0.5726575, 2.950275;0.7260408, 0.2021041, 2.962775;0.5525392, 0.4323426, 3.057765;0.7692303, 0.4614875, 2.842412;0.5373763, -0.1009234, 3.011749;0.7153835, -0.0808019, 2.715587;0.7395068, 0.1303173, 2.970759;0.7033882, 0.05113333, 3.027152;0.7991912, 0.0718731, 2.917213;0.7328657, -0.3909418, 3.080052;0.8948539, -0.3707428, 2.85059;0.7242935, -0.7173613, 3.094292;0.9004362, -0.7093914, 2.766048;0.6613704, -0.7996569, 3.06813;0.8598756, -0.7940859, 2.707256;
0.6046957, 0.7608641, 2.959316;0.6800317, 0.5866311, 2.957643;0.7246642, 0.2078724, 2.962353;0.5655003, 0.4558263, 3.068844;0.7757072, 0.4649624, 2.845079;0.5387848, -0.07872774, 3.009959;0.7173315, -0.07636573, 2.717892;0.7357998, 0.1350399, 2.968683;0.6942338, 0.05870306, 3.020529;0.7935716, 0.07718074, 2.915159;0.7296571, -0.3870021, 3.076283;0.8902959, -0.3647626, 2.849517;0.724288, -0.7195048, 3.094272;0.9013624, -0.708136, 2.767384;0.6625225, -0.8000535, 3.066784;0.8598284, -0.7940626, 2.707471;
0.6228573, 0.7709625, 2.975709;0.6995349, 0.606824, 2.968896;0.7411003, 0.226308, 2.974146;0.5719067, 0.47036, 3.07579;0.793869, 0.479687, 2.855766;0.5408045, -0.07168351, 3.011294;0.7195481, -0.05008386, 2.715653;0.7326693, 0.1518654, 2.961247;0.6875178, 0.07636572, 3.006123;0.7883187, 0.09255283, 2.908733;0.7240832, -0.3821783, 3.072228;0.8865721, -0.3621933, 2.847108;0.7246941, -0.7170827, 3.093819;0.9012494, -0.7081624, 2.767372;0.6627379, -0.7995879, 3.066624;0.8598646, -0.7940513, 2.707865;
0.6369778, 0.7853239, 2.991843;0.7100607, 0.6138758, 2.97731;0.7425331, 0.2328869, 2.974515;0.5809541, 0.4779584, 3.085538;0.809793, 0.492508, 2.867033;0.5448458, -0.05611432, 3.01054;0.7205268, -0.03895001, 2.717197;0.7316687, 0.1589856, 2.958764;0.6848788, 0.08203141, 3.001692;0.7861072, 0.1002795, 2.905791;0.7203786, -0.3760691, 3.067919;0.8860325, -0.358949, 2.846002;0.7242175, -0.7169151, 3.092666;0.9017545, -0.7070684, 2.768196;0.6611512, -0.7998437, 3.068517;0.8619828, -0.7924355, 2.711524;
0.6516714, 0.7932152, 3.005294;0.7241024, 0.6212807, 2.985453;0.7451634, 0.2369026, 2.973925;0.5947645, 0.4877889, 3.106855;0.8195465, 0.4940895, 2.871801;0.5453185, -0.05192692, 3.010396;0.7238029, -0.02967428, 2.721666;0.7318928, 0.1627579, 2.957833;0.6834911, 0.08626465, 2.998916;0.7855592, 0.1036122, 2.904991;0.7167554, -0.368683, 3.06268;0.8813822, -0.35573, 2.841882;0.7241092, -0.7157483, 3.092042;0.9019296, -0.7071623, 2.768156;0.6687676, -0.7996666, 3.060108;0.8612752, -0.7930783, 2.710086;
0.6734216, 0.8099861, 3.018662;0.7322892, 0.6271799, 2.993526;0.7462997, 0.2392752, 2.973982;0.599951, 0.4898238, 3.11132;0.8284373, 0.4983277, 2.877098;0.5463128, -0.04660235, 3.008486;0.7234227, -0.02270096, 2.722101;0.7320116, 0.1651631, 2.956627;0.6823671, 0.08958714, 2.995055;0.784766, 0.1066582, 2.903672;0.7161821, -0.3702725, 3.062206;0.8804647, -0.3547959, 2.840236;0.7236155, -0.7221067, 3.093384;0.9015742, -0.7076322, 2.767245;0.6556261, -0.8078572, 3.066748;0.8608385, -0.7933466, 2.708608;
0.6848396, 0.8142391, 3.020429;0.7520627, 0.6419881, 3.01402;0.7482451, 0.2433352, 2.975719;0.6089978, 0.4976389, 3.117999;0.8369315, 0.5045182, 2.885571;0.5524338, -0.03215683, 3.011619;0.7250547, -0.01627894, 2.723054;0.7319099, 0.1688528, 2.956331;0.6805866, 0.09341072, 2.993383;0.783121, 0.1110842, 2.902262;0.714347, -0.3692018, 3.060488;0.8790252, -0.3540863, 2.838801;0.7236159, -0.7221077, 3.093386;0.9012849, -0.7083225, 2.766453;0.6574242, -0.8080317, 3.064108;0.8598632, -0.7938963, 2.707188;
0.7042537, 0.826364, 3.049383;0.7570096, 0.6440064, 3.018511;0.7494121, 0.2465892, 2.976543;0.6215218, 0.5077444, 3.123985;0.847142, 0.50969, 2.89098;0.5542144, -0.02921305, 3.013467;0.7263395, -0.01159039, 2.725967;0.7314531, 0.1722648, 2.955736;0.6781843, 0.09849547, 2.990722;0.7812104, 0.1147152, 2.900965;0.7141284, -0.3718831, 3.060137;0.8777059, -0.3529329, 2.837318;0.7227581, -0.7297882, 3.092885;0.9017676, -0.7082612, 2.766562;0.6551375, -0.8096766, 3.065464;0.8601341, -0.7939129, 2.708866;
0.7103553, 0.8278624, 3.048328;0.7639715, 0.650275, 3.027346;0.7510289, 0.24936, 2.978375;0.6269273, 0.5092161, 3.127471;0.8533524, 0.5130552, 2.896771;0.5616006, -0.02230827, 3.016968;0.7291707, -0.00523147, 2.725216;0.7317647, 0.1743555, 2.955957;0.6781117, 0.1009587, 2.989803;0.7804817, 0.1165868, 2.900958;0.7140132, -0.3708959, 3.058958;0.8755032, -0.3529049, 2.835097;0.7237387, -0.7202526, 3.093279;0.9018192, -0.7084799, 2.7663;0.6656691, -0.8031163, 3.05822;0.859009, -0.7946452, 2.706562;
0.7203497, 0.8254153, 3.058223;0.7719568, 0.6562657, 3.039658;0.7524042, 0.2522301, 2.981505;0.633382, 0.5137266, 3.131887;0.8593326, 0.5166252, 2.902281;0.5660111, -0.01985283, 3.018476;0.7317808, -0.003409274, 2.727507;0.7317922, 0.1768553, 2.957136;0.6775917, 0.1033287, 2.99002;0.7793519, 0.1184394, 2.901299;0.714147, -0.3701555, 3.058091;0.8743816, -0.3518725, 2.833421;0.7239518, -0.7201619, 3.093476;0.9015859, -0.7076791, 2.766313;0.665436, -0.80222, 3.059288;0.8589547, -0.7944419, 2.706728;
0.7276712, 0.8256162, 3.064698;0.7771373, 0.6581175, 3.041998;0.7539448, 0.2549609, 2.982755;0.6385014, 0.5164639, 3.135306;0.863022, 0.5177552, 2.905181;0.5672035, -0.01982176, 3.018755;0.7370183, 0.002138436, 2.729733;0.7321073, 0.1798782, 2.95763;0.6773177, 0.1062398, 2.989864;0.7781902, 0.1209238, 2.901024;0.7135956, -0.3681251, 3.056738;0.872517, -0.3510688, 2.830915;0.7250267, -0.717855, 3.094253;0.9021407, -0.7067792, 2.766293;0.6636028, -0.8011156, 3.063057;0.8592962, -0.7941117, 2.708022;
0.7361061, 0.828458, 3.074063;0.7846248, 0.6619429, 3.045794;0.7553092, 0.2565839, 2.984855;0.643981, 0.5195113, 3.136966;0.8694417, 0.5201796, 2.913443;0.5714968, -0.0187883, 3.022376;0.7387151, 0.004884426, 2.729889;0.7325718, 0.1813146, 2.958624;0.6774356, 0.107324, 2.990391;0.7775598, 0.1219844, 2.901512;0.7140414, -0.3710893, 3.057284;0.8715815, -0.3509669, 2.830002;0.7232695, -0.7280885, 3.093235;0.9021569, -0.7068722, 2.766299;0.6581127, -0.8066447, 3.065612;0.8592764, -0.7939944, 2.708259;
0.7400997, 0.8281698, 3.077859;0.7869317, 0.6609845, 3.047518;0.7557338, 0.2570458, 2.985768;0.6484582, 0.5207716, 3.140053;0.8703142, 0.5200299, 2.915862;0.5740762, -0.01753408, 3.024635;0.7404206, 0.005362782, 2.729676;0.7323422, 0.1821447, 2.959427;0.6769041, 0.108297, 2.9915;0.7761728, 0.1226416, 2.901498;0.7132717, -0.3698811, 3.056763;0.8706416, -0.35102, 2.829225;0.7222726, -0.7191919, 3.092365;0.9024498, -0.7068939, 2.766515;0.6614966, -0.8026917, 3.068339;0.8592708, -0.7942327, 2.708178;
0.7436307, 0.8276806, 3.07762;0.7901623, 0.6618792, 3.049207;0.7563001, 0.2581309, 2.986881;0.6504337, 0.5216542, 3.141698;0.8725687, 0.5204589, 2.91865;0.5760942, -0.01678251, 3.025954;0.7440339, 0.006236108, 2.728718;0.7323281, 0.18345, 2.960181;0.6765515, 0.1091775, 2.99213;0.7753157, 0.1236164, 2.901573;0.711886, -0.3681227, 3.055624;0.8685407, -0.3499427, 2.826567;0.7224107, -0.7175295, 3.092573;0.9031119, -0.7069198, 2.766262;0.6614017, -0.8002403, 3.067202;0.8595033, -0.7940958, 2.708793;
0.7522658, 0.8279356, 3.081489;0.7929218, 0.6615019, 3.05105;0.7569072, 0.2584984, 2.987889;0.6518706, 0.521978, 3.143553;0.8732288, 0.5191848, 2.921654;0.5780166, -0.01826687, 3.026408;0.7499193, 0.006245475, 2.729774;0.7324741, 0.1840107, 2.960829;0.6765144, 0.109611, 2.992718;0.7749022, 0.1239496, 2.901734;0.7118475, -0.3680519, 3.055676;0.8677333, -0.3504103, 2.825959;0.7224384, -0.7170447, 3.092581;0.9023451, -0.70915, 2.765682;0.6593678, -0.8006631, 3.068351;0.8589984, -0.7945758, 2.70748;
0.7531602, 0.827474, 3.082513;0.7954917, 0.661396, 3.053246;0.7571633, 0.2587697, 2.988624;0.6531759, 0.5212004, 3.145654;0.8745708, 0.5186922, 2.92366;0.5783948, -0.0203327, 3.027887;0.7509987, 0.00379671, 2.730054;0.7323449, 0.1845098, 2.961334;0.6755658, 0.1095164, 2.994228;0.7740709, 0.1