1.000871, 0.8257384, 2.956204;1.051946, 0.6596994, 2.927923;1.000364, 0.2576565, 2.885499;0.9563018, 0.5291876, 3.100696;1.101402, 0.5184009, 2.796238;0.8605077, -0.02258365, 3.022108;1.002889, 0.005363602, 2.616948;0.9900476, 0.1772479, 2.880661;0.9495403, 0.118415, 2.925729;1.014835, 0.113561, 2.819802;0.9860218, -0.3548708, 2.998539;1.08473, -0.3336813, 2.706725;0.9972805, -0.6999907, 3.030082;1.121295, -0.6941743, 2.632757;0.9388875, -0.7821949, 3.002835;1.074, -0.7712002, 2.581772;
0.9999815, 0.8240426, 2.955055;1.052092, 0.659779, 2.928269;1.000299, 0.2577664, 2.885787;0.9535276, 0.523711, 3.094065;1.101368, 0.5182968, 2.79633;0.8605829, -0.02260531, 3.022055;1.002887, 0.005360159, 2.616992;0.9899375, 0.1773738, 2.880961;0.9489823, 0.1178585, 2.926615;1.01479, 0.1136002, 2.819883;0.9855393, -0.351761, 2.997556;1.084559, -0.3333897, 2.706774;0.9975506, -0.7002448, 3.030082;1.121285, -0.6944792, 2.632423;0.9382892, -0.7815664, 3.003998;1.073447, -0.7716414, 2.581936;
0.9973269, 0.8324988, 2.952967;1.052174, 0.6596484, 2.928252;1.000286, 0.257584, 2.88584;0.9534729, 0.5225525, 3.090966;1.101654, 0.5182353, 2.796445;0.8604439, -0.0224447, 3.022085;1.00296, 0.005352029, 2.617023;0.989905, 0.1771704, 2.881028;0.948798, 0.1174136, 2.926497;1.014809, 0.1135779, 2.820019;0.9857048, -0.3519693, 2.997677;1.083803, -0.3313471, 2.707527;0.9978498, -0.7006021, 3.0305;1.121968, -0.6934367, 2.632496;0.9390212, -0.7826999, 3.005011;1.073413, -0.7714902, 2.581697;
0.9965017, 0.8395258, 2.949596;1.052278, 0.6596351, 2.92816;1.000293, 0.2578001, 2.885621;0.9534413, 0.5214179, 3.08917;1.101686, 0.5180662, 2.79634;0.8605188, -0.02246477, 3.022149;1.002954, 0.00536469, 2.617021;0.9898769, 0.1774951, 2.88075;0.9487445, 0.1174718, 2.9263;1.014783, 0.1140741, 2.819509;0.9866444, -0.3534017, 2.998692;1.083771, -0.3312303, 2.707485;0.9986992, -0.7008263, 3.030415;1.121297, -0.6953741, 2.630632;0.9390569, -0.7834105, 3.005581;1.072627, -0.772163, 2.581964;
0.9966156, 0.8433615, 2.946654;1.052464, 0.6586322, 2.927339;1.000326, 0.2579006, 2.885505;0.952845, 0.5209273, 3.087339;1.102042, 0.5174972, 2.795942;0.8611904, -0.02160301, 3.024207;1.002986, 0.005324551, 2.617079;0.9899293, 0.1777998, 2.880697;0.9486672, 0.1175823, 2.926275;1.014926, 0.1142727, 2.819422;0.986668, -0.3516567, 2.998282;1.083287, -0.3303022, 2.707597;1.001156, -0.6986067, 3.032172;1.121218, -0.6954725, 2.630656;0.9532314, -0.7681284, 3.011097;1.072392, -0.7723944, 2.581944;
0.9962463, 0.846384, 2.944175;1.052515, 0.6585651, 2.927341;1.000292, 0.2579301, 2.885488;0.9541163, 0.522769, 3.08068;1.102161, 0.5171625, 2.795717;0.8611906, -0.02183856, 3.024357;1.00295, 0.005381239, 2.617784;0.9898573, 0.1778635, 2.880676;0.9485514, 0.1176272, 2.926338;1.014759, 0.1141783, 2.819207;0.9867036, -0.3514194, 2.998491;1.083307, -0.3303641, 2.707548;1.002164, -0.6985996, 3.032257;1.123677, -0.699295, 2.633277;0.9462353, -0.7744328, 3.011724;1.072747, -0.7723725, 2.582188;
0.9946393, 0.8485261, 2.944158;1.052756, 0.6584641, 2.927389;1.000251, 0.2579937, 2.885427;0.9540735, 0.5241125, 3.077399;1.102247, 0.51714, 2.795743;0.8612457, -0.02186747, 3.024297;1.002859, 0.005280854, 2.617827;0.9897465, 0.17799, 2.880595;0.9482721, 0.1178911, 2.926191;1.014671, 0.1142443, 2.81913;0.9861191, -0.3497657, 2.997951;1.083307, -0.3303192, 2.707523;1.002184, -0.6984063, 3.031993;1.124299, -0.6989259, 2.634127;0.9453008, -0.7742513, 3.011332;1.072486, -0.771825, 2.582935;
0.9923134, 0.8501023, 2.944357;1.053512, 0.6586772, 2.927114;1.000262, 0.2581654, 2.885271;0.9535661, 0.5277361, 3.084783;1.102136, 0.5172036, 2.795918;0.8613156, -0.02182573, 3.025087;1.002735, 0.005196082, 2.617812;0.9896786, 0.1781778, 2.880436;0.9481232, 0.1181348, 2.926101;1.014533, 0.1142521, 2.818852;0.9859152, -0.3508326, 2.998274;1.082303, -0.3324134, 2.70788;1.002003, -0.6985841, 3.032066;1.124161, -0.6989648, 2.6334;0.9434481, -0.7774944, 3.010114;1.072215, -0.7719889, 2.582961;
0.992062, 0.8518413, 2.94413;1.053513, 0.6586682, 2.927065;1.000242, 0.2582396, 2.885239;0.9531978, 0.5270144, 3.084519;1.101956, 0.5168757, 2.795607;0.8610924, -0.02146274, 3.024761;1.002775, 0.005367291, 2.617707;0.9896451, 0.1782874, 2.880419;0.9480635, 0.1182582, 2.926065;1.014518, 0.1143902, 2.818877;0.9855638, -0.3500345, 2.998036;1.082116, -0.3322878, 2.707823;1.002093, -0.6979963, 3.031348;1.124205, -0.6984075, 2.633003;0.9433557, -0.777247, 3.009781;1.071985, -0.7724065, 2.58321;
0.9929172, 0.8532035, 2.943355;1.053663, 0.6584861, 2.927105;0.9996487, 0.2585425, 2.886328;0.9527916, 0.5274254, 3.086117;1.101958, 0.5167363, 2.795615;0.8609663, -0.02163447, 3.024405;1.002634, 0.00514348, 2.617665;0.988667, 0.1788149, 2.882032;0.946667, 0.1176605, 2.927551;1.013092, 0.1168303, 2.822063;0.9853539, -0.3493398, 2.997725;1.081984, -0.3323615, 2.707804;1.002369, -0.6974173, 3.031111;1.122089, -0.6988032, 2.630833;0.9766493, -0.7761709, 2.957391;1.071262, -0.772935, 2.582322;
0.9927017, 0.8540365, 2.943242;1.054366, 0.6583847, 2.927024;0.9993632, 0.2588997, 2.886607;0.953155, 0.5275959, 3.08645;1.102135, 0.5167748, 2.795535;0.860817, -0.02148065, 3.024203;1.002509, 0.005120494, 2.617617;0.9880908, 0.1793553, 2.882457;0.9456856, 0.1173154, 2.928308;1.01229, 0.1177915, 2.822233;0.9853316, -0.3493212, 2.997705;1.08153, -0.3316599, 2.708188;1.002813, -0.6972034, 3.031085;1.122064, -0.6987655, 2.630847;0.93665, -0.7867393, 2.990297;1.071228, -0.7730344, 2.582503;
0.9930509, 0.8547991, 2.942835;1.054795, 0.6579441, 2.926844;0.9992815, 0.2590406, 2.886821;0.953814, 0.528702, 3.088567;1.102179, 0.5155154, 2.79416;0.8608108, -0.0213093, 3.024146;1.002458, 0.005042138, 2.617542;0.9879149, 0.1796205, 2.882791;0.9454975, 0.1171533, 2.928656;1.011971, 0.118293, 2.822577;0.9853216, -0.3493664, 2.997858;1.08152, -0.3313805, 2.708791;1.003086, -0.6972286, 3.031053;1.122036, -0.6986192, 2.630923;0.9345807, -0.7852563, 2.995751;1.070949, -0.7730258, 2.582052;
0.9929506, 0.8557701, 2.942692;1.054542, 0.6578324, 2.926606;0.9991509, 0.2588422, 2.886891;0.9534141, 0.527568, 3.086047;1.102153, 0.5154532, 2.794223;0.8604212, -0.02103899, 3.023573;1.002471, 0.005086509, 2.617646;0.9878035, 0.1793428, 2.882899;0.9453307, 0.1161907, 2.928649;1.01197, 0.1183251, 2.822736;0.9853299, -0.3493358, 2.99791;1.081335, -0.3325777, 2.708482;1.003185, -0.6971061, 3.031106;1.122473, -0.6989329, 2.631144;0.9345045, -0.7837157, 2.998394;1.070971, -0.7731556, 2.582545;
0.9956842, 0.8481201, 2.943918;1.054685, 0.6579083, 2.926747;0.9990468, 0.2587167, 2.886844;0.9526026, 0.5261028, 3.084736;1.102226, 0.5154285, 2.794432;0.8596047, -0.01992236, 3.022256;1.002129, 0.005137627, 2.61725;0.9876047, 0.1790751, 2.882737;0.9445124, 0.1144228, 2.928219;1.011897, 0.118324, 2.822419;0.9853145, -0.3493465, 2.997946;1.080856, -0.332513, 2.70857;1.003034, -0.6972737, 3.03101;1.122359, -0.6982076, 2.630823;0.9344456, -0.7826916, 3.000462;1.070869, -0.7731503, 2.58252;
0.9978985, 0.8421357, 2.943643;1.054713, 0.6578816, 2.926806;0.9988618, 0.2584736, 2.886914;0.9527941, 0.5269269, 3.079695;1.102161, 0.515694, 2.795003;0.8592845, -0.01973275, 3.022414;1.001826, 0.005077609, 2.616873;0.9873613, 0.1787306, 2.882785;0.9442027, 0.1136604, 2.928191;1.011799, 0.118363, 2.822458;0.9849727, -0.3487991, 2.997776;1.080541, -0.3324841, 2.708651;1.002937, -0.6968518, 3.030629;1.123667, -0.7002445, 2.6316;0.9410393, -0.7777028, 3.004604;1.07094, -0.7730926, 2.582407;
0.9994311, 0.8372411, 2.944438;1.054352, 0.6572072, 2.925966;0.9986702, 0.2583353, 2.8869;0.9529742, 0.5256385, 3.078554;1.102184, 0.5155554, 2.794966;0.8593553, -0.01884405, 3.022032;1.001758, 0.005219411, 2.616675;0.9872074, 0.1786299, 2.882827;0.9437556, 0.1121908, 2.929071;1.011581, 0.1182724, 2.822179;0.9859255, -0.3583743, 3.000869;1.080154, -0.3324164, 2.708579;0.9986165, -0.7081833, 3.031702;1.123177, -0.7001891, 2.631093;0.940313, -0.7807095, 3.002331;1.07073, -0.7736151, 2.58262;
0.9993522, 0.8387923, 2.944293;1.054356, 0.6572875, 2.925904;0.9985048, 0.2584696, 2.886818;0.9537923, 0.52474, 3.080022;1.102302, 0.5154306, 2.795011;0.8590275, -0.01875776, 3.022175;1.001547, 0.004891636, 2.616639;0.987022, 0.1787671, 2.882735;0.9436646, 0.1121968, 2.92906;1.011293, 0.118533, 2.821815;0.9852117, -0.3554524, 3.000301;1.07969, -0.3321807, 2.708509;1.000004, -0.7035596, 3.032157;1.12266, -0.700283, 2.630692;0.9377571, -0.7805398, 3.007145;1.070656, -0.7737532, 2.582697;
1.000591, 0.8349056, 2.944338;1.054259, 0.6571463, 2.925906;0.9981511, 0.2578126, 2.886781;0.9529134, 0.5257451, 3.081365;1.102277, 0.5153299, 2.794974;0.8587943, -0.01862444, 3.021973;1.000836, 0.004648897, 2.616149;0.9866442, 0.1779622, 2.882677;0.9433142, 0.1118612, 2.928621;1.011231, 0.1182544, 2.822073;0.9851758, -0.3540193, 2.999984;1.078461, -0.331227, 2.708131;1.001163, -0.7021181, 3.032266;1.122444, -0.6994661, 2.630504;0.9357072, -0.7805786, 3.007178;1.07103, -0.7731019, 2.581951;
1.001767, 0.8314221, 2.944544;1.054181, 0.6565992, 2.925233;0.9978203, 0.2580367, 2.886765;0.9529715, 0.5275639, 3.084096;1.102064, 0.5144947, 2.794221;0.8584296, -0.01854544, 3.021757;1.000787, 0.004591942, 2.615984;0.986191, 0.1783915, 2.882761;0.9429097, 0.1120343, 2.928866;1.010704, 0.1185694, 2.822007;0.9850467, -0.3548018, 3.000088;1.078188, -0.3314288, 2.707988;1.001197, -0.7026942, 3.032774;1.120685, -0.6984455, 2.629466;0.9497004, -0.790206, 2.968851;1.07101, -0.7731658, 2.581983;
1.002658, 0.828687, 2.943943;1.053836, 0.6565236, 2.924901;0.9974685, 0.2582406, 2.886826;0.9531887, 0.527488, 3.081828;1.10207, 0.5145346, 2.794201;0.8581026, -0.01850739, 3.021554;1.000774, 0.004576291, 2.615839;0.9858469, 0.1786588, 2.8829;0.9425099, 0.1122563, 2.929346;1.010453, 0.1185942, 2.82194;0.9841012, -0.351948, 2.998507;1.077857, -0.3310299, 2.708157;1.001218, -0.7013475, 3.032745;1.121702, -0.6996216, 2.630375;0.9356875, -0.7803231, 3.002831;1.071013, -0.7734891, 2.582079;
1.003577, 0.8263716, 2.943906;1.053715, 0.6564783, 2.924821;0.99732, 0.2583202, 2.886904;0.9535856, 0.527621, 3.079546;1.102185, 0.5145726, 2.794234;0.8583654, -0.01809008, 3.022365;1.000891, 0.004607511, 2.615743;0.9857096, 0.1787669, 2.883016;0.942361, 0.1122772, 2.929594;1.010373, 0.1186404, 2.821951;0.9834418, -0.3504381, 2.997556;1.077309, -0.3303537, 2.708009;1.001526, -0.7008559, 3.032315;1.121316, -0.6981812, 2.630074;0.935439, -0.7806947, 3.004344;1.071347, -0.7726551, 2.582091;
1.004371, 0.8238612, 2.943877;1.052816, 0.6552752, 2.923147;0.9971494, 0.25833, 2.886866;0.9523853, 0.5276873, 3.080588;1.1022, 0.5143613, 2.794082;0.857118, -0.01672333, 3.02206;1.000906, 0.004652943, 2.615531;0.9855809, 0.1788373, 2.883059;0.9421228, 0.1122863, 2.929703;1.010346, 0.1186602, 2.822005;0.9831107, -0.3484973, 2.997308;1.077217, -0.3304189, 2.707839;1.001476, -0.7001833, 3.031979;1.121927, -0.6990011, 2.630066;0.9365029, -0.7797809, 3.00698;1.071192, -0.7729003, 2.582394;
1.004976, 0.8221191, 2.944226;1.052441, 0.6550652, 2.92291;0.9967898, 0.2580169, 2.886708;0.9521683, 0.5265907, 3.080438;1.101968, 0.5143411, 2.79395;0.8571435, -0.01670773, 3.022072;1.000261, 0.003949195, 2.614673;0.9852913, 0.1785379, 2.882944;0.9419647, 0.1121072, 2.929568;1.01019, 0.1185905, 2.821984;0.9828737, -0.3477693, 2.996914;1.077037, -0.330417, 2.707764;1.001373, -0.6987608, 3.031659;1.122116, -0.6990399, 2.630428;0.9371516, -0.7784137, 3.007058;1.071344, -0.7727711, 2.58232;
1.004781, 0.8204376, 2.94251;1.052456, 0.6550623, 2.922867;0.9967154, 0.2579399, 2.886703;0.9515913, 0.5252628, 3.079775;1.10173, 0.5141607, 2.793693;0.8571919, -0.01653659, 3.020968;1.00026, 0.003994772, 2.614324;0.9852042, 0.1784388, 2.882961;0.9418843, 0.1120473, 2.929587;1.01012, 0.1184984, 2.822013;0.9829102, -0.3477016, 2.997037;1.076749, -0.3323995, 2.707153;1.001812, -0.6985424, 3.03141;1.123048, -0.6999468, 2.631191;0.9366352, -0.7785169, 3.006843;1.071181, -0.7728555, 2.582344;
1.004502, 0.8204077, 2.941733;1.053333, 0.6555066, 2.922915;0.9967088, 0.2582326, 2.886725;0.9518688, 0.5277116, 3.084581;1.101842, 0.5139093, 2.793215;0.8569841, -0.01657731, 3.02091;1.000428, 0.003963643, 2.614276;0.9851214, 0.1787748, 2.882999;0.9417831, 0.1121217, 2.929647;1.009953, 0.1188365, 2.821944;0.9828848, -0.3477337, 2.996833;1.076539, -0.3322648, 2.707219;1.001537, -0.6981725, 3.031157;1.122913, -0.6998895, 2.63119;0.9362302, -0.7789797, 3.007763;1.071325, -0.7726334, 2.58216;
1.00418, 0.8202235, 2.940921;1.052647, 0.6556849, 2.922383;0.9965429, 0.2581408, 2.886683;0.9517445, 0.5262815, 3.084233;1.102204, 0.5139765, 2.792937;0.8570509, -0.01655794, 3.020871;1.000455, 0.003986871, 2.614216;0.9850124, 0.1786587, 2.883004;0.9416761, 0.1120815, 2.929606;1.009957, 0.1187835, 2.822073;0.9834217, -0.3493692, 2.997205;1.076352, -0.332251, 2.707387;1.000729, -0.6969528, 3.03123;1.121724, -0.6981394, 2.63039;0.938882, -0.778465, 3.006745;1.071027, -0.7724478, 2.581634;
1.004197, 0.8201679, 2.940162;1.052253, 0.6554709, 2.921454;0.9962915, 0.2582469, 2.886449;0.952035, 0.5243669, 3.085004;1.102353, 0.5139068, 2.792147;0.8570213, -0.01657785, 3.020946;1.000252, 0.003961617, 2.613529;0.9848087, 0.1787914, 2.882863;0.9414807, 0.1121018, 2.929644;1.009734, 0.1188046, 2.821765;0.9834809, -0.3493459, 2.997211;1.076356, -0.332436, 2.707322;1.000923, -0.6968266, 3.031117;1.121411, -0.6975001, 2.629861;0.9379985, -0.7784418, 3.006152;1.070965, -0.7724607, 2.581653;
1.003099, 0.8202163, 2.939167;1.052104, 0.6555142, 2.921421;0.9959629, 0.2599422, 2.887044;0.9520048, 0.5247955, 3.08559;1.101908, 0.5139421, 2.792099;0.8570268, -0.01647926, 3.021106;1.000259, 0.003961692, 2.613563;0.9845276, 0.1811702, 2.883783;0.9413832, 0.1125698, 2.931925;1.009248, 0.119615, 2.821369;0.9833188, -0.3491784, 2.997072;1.07613, -0.3323513, 2.707171;1.000938, -0.6968172, 3.031119;1.121654, -0.6979429, 2.630455;0.9381329, -0.778329, 3.006786;1.073287, -0.772315, 2.582146;
1.002856, 0.820371, 2.938439;1.051942, 0.6554916, 2.92094;0.9958156, 0.2597117, 2.886978;0.9522523, 0.5245026, 3.085234;1.101763, 0.5139024, 2.791995;0.857026, -0.01640148, 3.021137;1.000315, 0.00402943, 2.612967;0.9843679, 0.180822, 2.883775;0.9413601, 0.1124263, 2.931905;1.009058, 0.1195182, 2.8215;0.9833437, -0.3490852, 2.997056;1.076008, -0.3323793, 2.707066;1.000862, -0.697032, 3.031013;1.121706, -0.6980017, 2.630528;0.9375188, -0.7781553, 3.006774;1.07285, -0.772468, 2.582207;
1.002727, 0.8203021, 2.937556;1.051519, 0.6551291, 2.918992;0.9956357, 0.2594144, 2.886538;0.9520872, 0.5240064, 3.085567;1.101508, 0.5134528, 2.790974;0.8572271, -0.01648129, 3.021216;1.000312, 0.004071509, 2.612421;0.9842377, 0.1805168, 2.883495;0.9412705, 0.1122963, 2.931586;1.00902, 0.1194735, 2.821496;0.983376, -0.3490686, 2.996993;1.075929, -0.3322394, 2.706977;1.001618, -0.6974195, 3.030805;1.121768, -0.6985016, 2.630526;0.9376377, -0.7785708, 3.006891;1.072432, -0.7727223, 2.582134;
1.002712, 0.8204066, 2.937138;1.05095, 0.654776, 2.918428;0.9955555, 0.2593456, 2.886534;0.9516, 0.5249808, 3.086882;1.101471, 0.5134984, 2.790529;0.8584268, -0.01557172, 3.023206;1.000197, 0.003794546, 2.612314;0.9841945, 0.1804523, 2.883536;0.9412457, 0.1122843, 2.931593;1.009018, 0.1194391, 2.821735;0.983153, -0.348722, 2.996519;1.075808, -0.3323015, 2.70695;1.001678, -0.6975034, 3.030743;1.121747, -0.698507, 2.630514;0.9311923, -0.7830539, 3.009772;1.072139, -0.772952, 2.581732;
1.002907, 0.8204564, 2.936803;1.050828, 0.6547678, 2.918283;0.9954221, 0.2592452, 2.886479;0.9514381, 0.5243471, 3.086257;1.100641, 0.5127938, 2.789582;0.8585581, -0.01549073, 3.023487;1.000395, 0.003991385, 2.612221;0.984071, 0.180318, 2.883513;0.9412147, 0.1122802, 2.931556;1.008874, 0.1194009, 2.821818;0.9825899, -0.3484698, 2.996045;1.07527, -0.3320956, 2.706708;1.001619, -0.6973958, 3.03052;1.121305, -0.6982594, 2.630127;0.9317065, -0.7830788, 3.009911;1.072066, -0.7728448, 2.581721;
1.002339, 0.8207386, 2.936719;1.050769, 0.6550176, 2.91803;0.9954755, 0.259049, 2.886604;0.9518299, 0.5235699, 3.091893;1.099428, 0.512876, 2.788782;0.8585067, -0.01548597, 3.023472;0.998879, 0.003252401, 2.610509;0.9842137, 0.1798733, 2.883844;0.9415594, 0.11226, 2.931614;1.008952, 0.1195684, 2.823212;0.9813672, -0.3474059, 2.995389;1.074207, -0.33142, 2.70649;1.001658, -0.6970218, 3.03096;1.121365, -0.6980243, 2.630093;0.9426073, -0.7796419, 2.992567;1.071474, -0.7726792, 2.581914;
0.9981691, 0.8198193, 2.937404;1.049986, 0.6549922, 2.918122;0.9954567, 0.2586835, 2.886718;0.9515303, 0.5222699, 3.093142;1.097844, 0.5127153, 2.787935;0.8584794, -0.01563004, 3.023473;0.9980898, 0.003359911, 2.609632;0.9843415, 0.1793404, 2.884009;0.9419384, 0.1121296, 2.931623;1.009047, 0.119322, 2.823539;0.981047, -0.347452, 2.995071;1.073717, -0.3316238, 2.706313;1.001022, -0.6992161, 3.029553;1.121266, -0.6980331, 2.630115;0.9385619, -0.7785941, 2.996851;1.071876, -0.7727093, 2.581457;
0.9857146, 0.8176678, 2.942302;1.048187, 0.6541364, 2.915394;0.9954016, 0.2581664, 2.886686;0.9508131, 0.5224728, 3.094071;1.097161, 0.5128103, 2.787644;0.8583143, -0.01618221, 3.023889;0.9981351, 0.003309667, 2.609667;0.9844509, 0.1787236, 2.884219;0.942166, 0.1118788, 2.931836;1.009338, 0.1186846, 2.824185;0.9806303, -0.3474813, 2.994769;1.073426, -0.3323769, 2.70645;1.001262, -0.69856, 3.029577;1.121368, -0.6980875, 2.630177;0.9395261, -0.777496, 3.004242;1.071873, -0.7727184, 2.5815;
0.9824104, 0.8179494, 2.946221;1.046486, 0.6537523, 2.914099;0.9954805, 0.2579828, 2.886863;0.949338, 0.5224066, 3.094308;1.095088, 0.512664, 2.786944;0.8569747, -0.01610773, 3.024728;0.9966745, 0.0020478, 2.60784;0.9848618, 0.178435, 2.884792;0.9433097, 0.1110455, 2.933602;1.009939, 0.1182421, 2.824712;0.9791313, -0.3476646, 2.99441;1.072791, -0.3336339, 2.705871;1.001265, -0.6985518, 3.029562;1.120802, -0.6991058, 2.629774;0.9386414, -0.7784161, 3.005197;1.071735, -0.772911, 2.580845;
0.9771335, 0.819581, 2.947018;1.044374, 0.6534463, 2.912426;0.9957161, 0.257827, 2.887322;0.9471507, 0.5241557, 3.096689;1.093468, 0.5126233, 2.786569;0.8564153, -0.01653606, 3.025422;0.9942923, 0.001071188, 2.60701;0.9857196, 0.1782382, 2.886009;0.9449679, 0.1107835, 2.935255;1.011305, 0.1180915, 2.826923;0.9781229, -0.347939, 2.994435;1.070405, -0.3324505, 2.705243;1.001246, -0.6985299, 3.029513;1.120506, -0.6986681, 2.629821;0.9380572, -0.7786493, 3.005191;1.070643, -0.7726137, 2.580864;
0.9704771, 0.8201236, 2.950278;1.038499, 0.6516491, 2.90925;0.9959812, 0.2570919, 2.887196;0.9439241, 0.5221065, 3.095855;1.091557, 0.5128955, 2.786072;0.8534712, -0.01661018, 3.024358;0.9923257, 0.0001046962, 2.606384;0.9866959, 0.1773222, 2.886087;0.9466533, 0.1095678, 2.935358;1.013129, 0.1172407, 2.827282;0.9777069, -0.3487233, 2.994498;1.067461, -0.3368205, 2.703066;1.001073, -0.6985123, 3.029313;1.118593, -0.6992335, 2.628363;0.940026, -0.7811055, 2.998178;1.070502, -0.7734075, 2.580946;
0.9600117, 0.8157533, 2.944045;1.030048, 0.6457216, 2.903913;0.9970328, 0.2559739, 2.887279;0.9378191, 0.5184681, 3.095735;1.089381, 0.5123088, 2.784685;0.8507813, -0.01746633, 3.023932;0.9890479, -0.00160561, 2.604999;0.9896163, 0.1762216, 2.886899;0.9510247, 0.1076775, 2.93678;1.018936, 0.1156645, 2.829022;0.9748789, -0.3507046, 2.993747;1.06171, -0.3507423, 2.698461;0.9998642, -0.7003551, 3.028989;1.118539, -0.6996081, 2.62808;0.9373242, -0.7807729, 3.001114;1.069797, -0.7734238, 2.579954;
0.9442164, 0.8104413, 2.931462;1.022328, 0.6430476, 2.904032;0.9977496, 0.2549886, 2.887768;0.9272478, 0.513225, 3.08629;1.082312, 0.5097994, 2.784523;0.8421761, -0.03103936, 3.020473;0.9824849, -0.003813349, 2.60008;0.9919245, 0.1752619, 2.887911;0.9549979, 0.1056347, 2.938959;1.022752, 0.1141856, 2.829605;0.9727505, -0.3504298, 2.99274;1.059303, -0.354271, 2.696579;0.9984168, -0.701717, 3.027788;1.115705, -0.6994027, 2.626508;0.9361792, -0.7803898, 3.001607;1.06919, -0.7739527, 2.57857;
0.9351544, 0.810354, 2.935458;1.012269, 0.6410148, 2.901875;0.9984598, 0.2559082, 2.889566;0.9211482, 0.5127476, 3.089372;1.076128, 0.5078093, 2.782991;0.8378862, -0.03154553, 3.01891;0.9787797, -0.004470848, 2.59721;0.9951488, 0.1781088, 2.891902;0.9612095, 0.1053431, 2.948484;1.026099, 0.114722, 2.831223;0.9705766, -0.3503566, 2.991965;1.058382, -0.3565586, 2.695765;0.9973687, -0.7013452, 3.027066;1.114848, -0.6989068, 2.626975;0.9359685, -0.7804485, 3.003965;1.069386, -0.7740335, 2.577978;
0.9147854, 0.8014709, 2.929183;1.00633, 0.6400216, 2.899963;0.9996474, 0.2559884, 2.890137;0.9158252, 0.5059513, 3.081875;1.068205, 0.5032184, 2.78101;0.838812, -0.02469039, 3.02117;0.975453, -0.001170099, 2.595562;0.9985484, 0.178628, 2.893032;0.9676526, 0.1035639, 2.951366;1.03075, 0.1144246, 2.831273;0.9686298, -0.3501262, 2.99136;1.05784, -0.3568603, 2.694531;0.9969866, -0.7013729, 3.026978;1.113916, -0.7000697, 2.626877;0.9323816, -0.7810716, 3.004328;1.069434, -0.774127, 2.577774;
0.882571, 0.7786502, 2.910605;0.9783727, 0.6174669, 2.890606;1.003924, 0.251305, 2.891812;0.896799, 0.4799437, 3.064166;1.053895, 0.4919785, 2.776551;0.8223468, -0.04432275, 3.018535;0.9600488, -0.01638483, 2.58546;1.008165, 0.1740558, 2.896123;0.9871623, 0.08888784, 2.964128;1.049609, 0.1045923, 2.829981;0.9612368, -0.3515738, 2.991218;1.05807, -0.357702, 2.692875;0.9959357, -0.7021291, 3.026822;1.110416, -0.7041315, 2.623105;0.9381927, -0.7865298, 2.980464;1.067903, -0.7763515, 2.577434;
0.8735889, 0.7698916, 2.907314;0.965232, 0.6053768, 2.893738;1.007558, 0.2373493, 2.896437;0.8885841, 0.4669135, 3.063328;1.045555, 0.4839041, 2.772648;0.8149577, -0.04858211, 3.020775;0.952449, -0.02088629, 2.581852;1.015366, 0.161803, 2.900823;0.9921522, 0.07941516, 2.967154;1.058175, 0.09544629, 2.833508;0.9582163, -0.3531139, 2.991806;1.058026, -0.3593635, 2.690327;0.9958521, -0.7020453, 3.026621;1.110505, -0.7051952, 2.624065;0.9338124, -0.7833407, 2.993872;1.067064, -0.7764934, 2.577093;
0.8498919, 0.7482478, 2.900736;0.9442465, 0.5823153, 2.887786;1.011898, 0.2220178, 2.900176;0.8756294, 0.4447971, 3.053783;1.032526, 0.4668637, 2.767383;0.8031675, -0.07085684, 3.014911;0.9397852, -0.04715777, 2.573984;1.024418, 0.1471005, 2.906314;1.002856, 0.06678118, 2.972702;1.071884, 0.08328369, 2.841554;0.9562989, -0.355462, 2.992373;1.058595, -0.3643633, 2.686342;0.9905864, -0.7037377, 3.02587;1.108438, -0.7060592, 2.622158;0.9239757, -0.7835505, 2.997327;1.066962, -0.7765934, 2.576362;
0.8232248, 0.7089736, 2.89178;0.9326409, 0.5704409, 2.888509;1.015511, 0.2111123, 2.901654;0.861564, 0.4194429, 3.053208;1.021003, 0.454639, 2.766495;0.7943658, -0.08996148, 3.011665;0.939016, -0.04335867, 2.572215;1.031398, 0.1370585, 2.907999;1.013858, 0.05563571, 2.973937;1.081165, 0.07606348, 2.843937;0.9549704, -0.3578117, 2.992122;1.058531, -0.3709974, 2.683775;0.9892102, -0.7053763, 3.024363;1.105776, -0.7062406, 2.620838;0.9226413, -0.7843317, 3.00138;1.066376, -0.7774595, 2.576484;
0.8142759, 0.7023543, 2.888225;0.9152719, 0.5406607, 2.879153;1.017744, 0.1859088, 2.910958;0.8523831, 0.4058129, 3.048773;1.010494, 0.4325436, 2.761225;0.7855643, -0.1204149, 3.011453;0.9231616, -0.08790374, 2.568047;1.037703, 0.113213, 2.920919;1.022713, 0.03629805, 2.987108;1.09275, 0.04755638, 2.865451;0.952512, -0.3608406, 2.99307;1.058036, -0.3731484, 2.683459;0.9886914, -0.7040057, 3.024032;1.104328, -0.7063408, 2.620173;0.9249545, -0.7835194, 3.002296;1.065605, -0.7771344, 2.57594;
0.7540948, 0.6006712, 2.857091;0.8740178, 0.4481701, 2.858539;1.021431, 0.1075019, 2.906827;0.8171586, 0.3001109, 3.021834;0.9759247, 0.3529096, 2.752351;0.7430834, -0.1945493, 3.004531;0.8991113, -0.159035, 2.534376;1.050913, 0.03936824, 2.920086;1.041397, -0.03319691, 2.982987;1.11238, -0.008123404, 2.870934;0.9285285, -0.4108649, 3.001506;1.053142, -0.3843903, 2.684454;0.982907, -0.6992347, 3.027229;1.104357, -0.706067, 2.620147;0.9218142, -0.7785968, 3.001929;1.06375, -0.7771882, 2.576307;
0.743921, 0.5854811, 2.850256;0.8668777, 0.4276792, 2.861034;1.025183, 0.09580156, 2.906255;0.8113126, 0.2807159, 3.015638;0.9691887, 0.3340458, 2.75146;0.7376927, -0.2148626, 3.007257;0.8847398, -0.2040694, 2.522902;1.056506, 0.02836495, 2.919021;1.046712, -0.03995012, 2.980201;1.117236, -0.01489889, 2.870748;0.9229051, -0.4129838, 3.00316;1.047825, -0.3953282, 2.683362;0.978016, -0.6941153, 3.027711;1.10367, -0.7063951, 2.619324;0.9257439, -0.7771946, 3.006756;1.063087, -0.7776082, 2.575922;
0.7363902, 0.5477017, 2.842453;0.8554721, 0.389081, 2.858284;1.029465, 0.0806485, 2.907917;0.8028308, 0.2341993, 3.011106;0.9627811, 0.2995686, 2.74359;0.731142, -0.2312644, 3.006685;0.8782847, -0.2300084, 2.521756;1.062745, 0.01659799, 2.921105;1.056039, -0.05529114, 2.984653;1.128305, -0.02520545, 2.872158;0.909134, -0.419485, 3.004132;1.041035, -0.4019919, 2.680271;0.9781175, -0.6947016, 3.027601;1.102817, -0.7068433, 2.619089;0.9245176, -0.7775453, 3.006932;1.062815, -0.7778828, 2.575926;
0.7189925, 0.4945706, 2.835843;0.8477086, 0.3632626, 2.850222;1.030524, 0.05871127, 2.90573;0.7984335, 0.2182599, 3.006749;0.9583438, 0.2815429, 2.742271;0.715371, -0.2795747, 3.00534;0.8726445, -0.2639141, 2.520835;1.066146, -0.002180078, 2.920179;1.059271, -0.0704549, 2.98225;1.132697, -0.03670029, 2.873497;0.8987251, -0.4276787, 3.006404;1.034188, -0.4133934, 2.674018;0.9782146, -0.6953405, 3.027512;1.10032, -0.7096597, 2.618503;0.9244416, -0.7782496, 3.006699;1.061561, -0.7783458, 2.575683;
0.713559, 0.4771948, 2.831276;0.8355829, 0.3254015, 2.844515;1.020495, 0.01280377, 2.909974;0.791276, 0.190805, 3.000066;0.9541147, 0.2474284, 2.738965;0.7097004, -0.3022541, 3.006497;0.868188, -0.2781205, 2.522625;1.057486, -0.05000534, 2.926863;1.05705, -0.1109406, 2.984952;1.121831, -0.09176578, 2.888163;0.8701109, -0.4540084, 3.008502;1.030095, -0.4194438, 2.671129;0.978072, -0.6948584, 3.028239;1.098487, -0.7147038, 2.618257;0.9245874, -0.7778876, 3.007135;1.060295, -0.7806333, 2.574937;
0.7102733, 0.4429526, 2.819275;0.833769, 0.2946827, 2.838269;1.022371, -0.001365733, 2.9076;0.782813, 0.1436109, 2.993749;0.9554576, 0.21198, 2.737768;0.7017077, -0.3294398, 3.01277;0.8747596, -0.2818081, 2.523299;1.059738, -0.06145523, 2.924938;1.058041, -0.1272428, 2.98249;1.125877, -0.1002045, 2.887117;0.8611673, -0.4631769, 3.00949;1.024157, -0.4284845, 2.667443;0.9468287, -0.7490376, 3.034722;1.099391, -0.7215002, 2.61771;0.9031785, -0.803009, 2.981399;1.056535, -0.7841623, 2.574139;
0.6973613, 0.4056491, 2.81554;0.8271964, 0.2632279, 2.832679;1.024323, -0.0226159, 2.903549;0.7798125, 0.1301788, 2.991032;0.9481798, 0.1883259, 2.736218;0.6929376, -0.361899, 3.008368;0.8757123, -0.293905, 2.524685;1.063179, -0.08012193, 2.921265;1.061357, -0.1450417, 2.980873;1.131421, -0.1146516, 2.882612;0.8594291, -0.4764716, 3.013613;1.0177, -0.4900558, 2.648712;0.9545329, -0.758635, 3.035304;1.118156, -0.7748349, 2.618324;0.8965569, -0.7966357, 2.982103;1.046045, -0.7809817, 2.569355;
0.691142, 0.3755777, 2.812564;0.8258986, 0.2385609, 2.828314;0.9828556, -0.09292006, 2.884726;0.7731207, 0.1084045, 2.985811;0.9461161, 0.1596242, 2.73398;0.6883532, -0.3865331, 3.006807;0.8443961, -0.3985963, 2.514124;1.014354, -0.1571832, 2.899927;1.009065, -0.2226914, 2.942801;1.073258, -0.2010597, 2.873738;0.8761088, -0.4519359, 3.005634;1.017972, -0.4914643, 2.648775;0.9752446, -0.7031734, 3.026591;1.096955, -0.7166477, 2.618208;0.9186654, -0.7814223, 3.003472;1.057215, -0.7826147, 2.577234;
0.69023, 0.355349, 2.807004;0.8227522, 0.2054012, 2.8211;0.9834301, -0.09816618, 2.883696;0.7812377, 0.05282211, 2.969406;0.9456331, 0.133665, 2.731716;0.6762722, -0.4257346, 3.009782;0.8450165, -0.416341, 2.514493;1.015109, -0.1607983, 2.899264;1.012666, -0.2302437, 2.944895;1.074179, -0.2045813, 2.871774;0.8724885, -0.4554301, 3.003651;1.014661, -0.4965835, 2.648724;0.9662113, -0.7082925, 3.02185;1.094539, -0.7199116, 2.61512;0.9194121, -0.7814884, 3.003417;1.05518, -0.7847363, 2.572453;
0.6895149, 0.3067893, 2.793117;0.8188087, 0.1813979, 2.821416;0.9842283, -0.1077852, 2.882597;0.7708535, 0.0398765, 2.976375;0.9395198, 0.1035244, 2.729812;0.6761524, -0.4612522, 3.009912;0.8436571, -0.4344892, 2.513521;1.016459, -0.1670467, 2.898321;1.017733, -0.241922, 2.948477;1.078266, -0.2120458, 2.867586;0.8654993, -0.4665062, 3.002105;1.011151, -0.5122449, 2.647336;0.9665638, -0.7100735, 3.021127;1.094856, -0.7209364, 2.615121;0.9189669, -0.7817712, 3.002213;1.055052, -0.7855389, 2.573038;
0.6842974, 0.2830003, 2.794734;0.8171644, 0.1409907, 2.813055;0.9817877, -0.14035, 2.880441;0.7696987, -0.005228049, 2.967603;0.9396515, 0.07484327, 2.726255;0.670319, -0.4839292, 3.007456;0.8477815, -0.449191, 2.50827;1.014627, -0.1959787, 2.897325;1.016185, -0.2720989, 2.952944;1.078762, -0.2342053, 2.864923;0.8604615, -0.4723249, 3.001982;1.009952, -0.5134065, 2.64647;0.9654981, -0.7105006, 3.020808;1.095197, -0.7227923, 2.614708;0.9193506, -0.7813459, 3.00232;1.05455, -0.7864798, 2.572519;
0.6830883, 0.2585987, 2.793366;0.8161045, 0.1273875, 2.809189;0.9878573, -0.1731761, 2.8773;0.7702473, -0.02982777, 2.967866;0.9391311, 0.05673525, 2.726884;0.6815783, -0.5010605, 3.024349;0.850599, -0.4652827, 2.508014;1.023017, -0.2350113, 2.894627;1.025436, -0.3145257, 2.95244;1.088608, -0.2723666, 2.86078;0.8505188, -0.4740113, 2.998256;1.009313, -0.5738236, 2.642551;0.9618016, -0.715139, 3.018183;1.095924, -0.7255108, 2.613749;0.9158596, -0.7859998, 3.000489;1.053407, -0.7882188, 2.572458;
0.6808285, 0.2387023, 2.7911;0.8118981, 0.09491272, 2.810679;0.9850678, -0.1843971, 2.874649;0.7704467, -0.04768952, 2.968133;0.9372995, 0.03602897, 2.726764;0.6503495, -0.5560725, 2.994637;0.8513743, -0.4996806, 2.509082;1.020319, -0.2422879, 2.891734;1.024132, -0.3228047, 2.951955;1.086156, -0.2825442, 2.853321;0.8413404, -0.4726694, 2.99528;1.010058, -0.5741464, 2.642466;0.9507247, -0.7205182, 3.013146;1.095861, -0.7272282, 2.613691;0.9049972, -0.7923091, 3.000486;1.052806, -0.7888389, 2.571792;
0.6811614, 0.221094, 2.787979;0.8102622, 0.07960719, 2.808427;0.9836617, -0.1989847, 2.872383;0.7695647, -0.06397432, 2.964151;0.9347371, 0.02029106, 2.722635;0.6614033, -0.5699413, 3.016322;0.8725158, -0.5120045, 2.512139;1.018736, -0.2547484, 2.889216;1.024352, -0.3361457, 2.951296;1.085488, -0.2936158, 2.850035;0.8332299, -0.4836928, 2.998775;1.014086, -0.5746943, 2.640799;0.945868, -0.7240664, 3.010349;1.096407, -0.727995, 2.613297;0.9013295, -0.7966443, 2.99979;1.052808, -0.7889254, 2.571472;
0.6794076, 0.1900136, 2.783904;0.8075609, 0.05152114, 2.805687;0.9776042, -0.2311611, 2.878257;0.7584673, -0.08944527, 2.97288;0.9291866, -0.01318707, 2.722697;0.6601265, -0.5742374, 3.012041;0.8749756, -0.5147428, 2.511497;1.011573, -0.287967, 2.896598;1.01602, -0.3618662, 2.953125;1.076746, -0.3252647, 2.865982;0.8260169, -0.470863, 2.992167;0.9585837, -0.4989815, 2.637842;0.9300745, -0.7074003, 3.006821;1.094645, -0.7252281, 2.615561;0.9004531, -0.7931333, 3.001474;1.057172, -0.7870511, 2.569561;
0.679741, 0.1792158, 2.782659;0.8072786, 0.03855759, 2.803348;0.9763674, -0.2383558, 2.876989;0.7550678, -0.1010432, 2.973697;0.9297911, -0.03218644, 2.721047;0.6603832, -0.6016001, 3.009673;0.8818877, -0.5184551, 2.512326;1.010253, -0.2940625, 2.895395;1.014336, -0.3726974, 2.954307;1.076271, -0.3331582, 2.863109;0.6767598, -0.5342784, 3.021689;0.9574349, -0.500334, 2.638426;0.8068848, -0.7924635, 3.048186;1.095297, -0.7247423, 2.616796;0.8974197, -0.7954481, 3.001645;1.057581, -0.7896584, 2.575692;
0.6757443, 0.1570458, 2.773763;0.8046145, 0.02107299, 2.802287;0.9946103, -0.2298848, 2.875529;0.7539181, -0.102119, 2.970548;0.9302428, -0.04425829, 2.721897;0.6606262, -0.6083822, 3.015516;0.8724272, -0.5481479, 2.501778;1.039754, -0.2755049, 2.893308;1.066899, -0.3483973, 2.969584;1.120919, -0.3072398, 2.846927;0.7217889, -0.5072927, 2.995697;0.9227533, -0.5405723, 2.603946;0.8552802, -0.762495, 3.025645;1.085204, -0.7852132, 2.585073;0.9165406, -0.8142693, 2.996006;1.016348, -0.7384449, 2.565489;
0.676713, 0.1485069, 2.774585;0.8049774, 0.005280499, 2.80274;0.9710836, -0.2753133, 2.87301;0.754096, -0.1074818, 2.964345;0.9293041, -0.05855769, 2.724013;0.6641986, -0.6109319, 3.020001;0.873904, -0.5598029, 2.499911;1.004248, -0.3289733, 2.89047;1.008966, -0.403217, 2.951584;1.069038, -0.3671916, 2.854834;0.653307, -0.5181681, 3.01591;0.8188699, -0.4944011, 2.581428;0.7889768, -0.7702844, 3.052645;1.097077, -0.7193109, 2.620111;0.8908998, -0.796325, 3.004768;1.072751, -0.7857877, 2.572288;
0.675012, 0.141946, 2.775128;0.8042659, -0.005470227, 2.802737;0.9873238, -0.2603231, 2.874841;0.7541127, -0.1106494, 2.962479;0.9276462, -0.07022648, 2.720776;0.6741352, -0.6256519, 3.015872;0.8748391, -0.5665076, 2.49585;1.028964, -0.3046264, 2.893331;1.048784, -0.3710863, 2.965704;1.102647, -0.3316247, 2.850196;0.6987619, -0.5159415, 2.989661;0.8391739, -0.487714, 2.609695;0.8361405, -0.7657902, 3.030293;1.097065, -0.7197558, 2.620423;0.9019378, -0.8025638, 2.990252;1.072378, -0.7857146, 2.572206;
0.6757144, 0.1340798, 2.77558;0.8037719, -0.01635088, 2.803531;0.9895032, -0.2614442, 2.874426;0.7528428, -0.1143638, 2.961716;0.9269947, -0.07985707, 2.720837;0.6757517, -0.6384572, 3.015626;0.895981, -0.5771567, 2.496178;1.03048, -0.3063825, 2.89265;1.049142, -0.374476, 2.964319;1.10303, -0.3340923, 2.849175;0.6999377, -0.5191472, 2.984987;0.8385453, -0.4862877, 2.609165;0.8551935, -0.7575358, 3.027072;1.09817, -0.7192684, 2.62079;0.9032548, -0.8135724, 2.984346;1.073365, -0.7852899, 2.572818;
0.6757898, 0.1277671, 2.774006;0.8033535, -0.02147797, 2.804427;0.9905273, -0.2658204, 2.874475;0.7532512, -0.1154396, 2.960134;0.92726, -0.08351129, 2.720526;0.6785963, -0.6396495, 3.015955;0.8952553, -0.5921571, 2.486827;1.030673, -0.3131701, 2.892355;1.04606, -0.3819606, 2.959985;1.099728, -0.3428425, 2.850972;0.6948633, -0.5168219, 2.986791;0.837989, -0.485898, 2.603894;0.8589951, -0.7488693, 3.02893;1.098096, -0.7189724, 2.620856;0.8981764, -0.8117183, 2.986864;1.104737, -0.7927061, 2.578737;
0.6766591, 0.1215871, 2.774446;0.8032446, -0.02418991, 2.804509;0.9889843, -0.2718517, 2.870612;0.7532675, -0.1889354, 2.969618;0.9249778, -0.08861271, 2.719593;0.6777794, -0.6505429, 3.015951;0.8945587, -0.6048307, 2.479777;1.0272, -0.3216312, 2.886491;1.03461, -0.409155, 2.9463;1.096981, -0.3459743, 2.846336;0.6753289, -0.5114699, 2.992408;0.8349411, -0.4871519, 2.59855;0.8368123, -0.7448021, 3.035392;1.100332, -0.7187719, 2.621538;0.8893317, -0.7984762, 2.995407;1.102718, -0.7920169, 2.578324;
0.6758906, 0.1177618, 2.775074;0.8033553, -0.02467238, 2.804137;0.9901764, -0.2730665, 2.869265;0.7541984, -0.1889582, 2.970288;0.9235018, -0.08974475, 2.719013;0.6753534, -0.6496042, 3.015598;0.8954139, -0.6057177, 2.478892;1.028363, -0.3228403, 2.885144;1.036655, -0.4092628, 2.944913;1.097119, -0.345957, 2.845765;0.6763541, -0.5081203, 2.990408;0.8383663, -0.4901762, 2.596301;0.9379508, -0.7398975, 3.01475;1.102201, -0.7219305, 2.620962;0.8852602, -0.8036745, 2.995789;1.082832, -0.7859288, 2.56869;
0.6761965, 0.1174821, 2.775756;0.8039032, -0.0254686, 2.805184;0.9899966, -0.2730668, 2.869207;0.7544384, -0.1884247, 2.971;0.9250021, -0.09111388, 2.71902;0.6798209, -0.6444917, 3.019723;0.8965557, -0.607028, 2.47427;1.027905, -0.3227404, 2.885112;1.031433, -0.4091515, 2.951619;1.099617, -0.3460869, 2.843041;0.6747727, -0.5170897, 3.00249;0.8388988, -0.4905673, 2.596104;0.8666183, -0.7308506, 3.028127;1.099765, -0.7188317, 2.61946;0.8908622, -0.8049164, 2.994672;1.063439, -0.7888941, 2.588404;
0.6776529, 0.1227746, 2.777723;0.8045879, -0.02325863, 2.803301;0.9929357, -0.2644216, 2.870865;0.7553681, -0.1844521, 2.970546;0.9261257, -0.0893762, 2.718324;0.6826781, -0.6393349, 3.022081;0.9012002, -0.5883353, 2.47831;1.031273, -0.3118482, 2.888277;1.035925, -0.3927614, 2.963716;1.109695, -0.334013, 2.843216;0.6855795, -0.5287169, 2.983003;0.8485804, -0.4873934, 2.60418;0.8562313, -0.75504, 3.024988;1.099599, -0.7184451, 2.619197;0.9001808, -0.8170725, 2.987493;1.068846, -0.7884969, 2.582693;
0.6803365, 0.1289297, 2.778956;0.8081522, -0.01161599, 2.799833;0.9929006, -0.2586411, 2.869926;0.7598206, -0.1789941, 2.969543;0.9289898, -0.08582491, 2.718645;0.6835129, -0.6354168, 3.01816;0.8977486, -0.5713385, 2.460712;1.030604, -0.3073433, 2.887527;1.034715, -0.3901692, 2.96297;1.109277, -0.3311087, 2.842113;0.6856655, -0.5260928, 2.984038;0.8714916, -0.51267, 2.600021;0.8506428, -0.7561319, 3.026035;1.098423, -0.7168616, 2.619014;0.8995032, -0.8133136, 2.987007;1.06316, -0.7868488, 2.586787;
0.6834339, 0.1362248, 2.780768;0.8081125, -0.006085108, 2.800134;0.9919633, -0.2530532, 2.870026;0.7571867, -0.1461449, 2.969919;0.9301654, -0.07962003, 2.71879;0.6727679, -0.6396838, 3.019826;0.8972302, -0.5711604, 2.460222;1.029269, -0.3021315, 2.887516;1.032491, -0.3839236, 2.962387;1.108297, -0.3282732, 2.841694;0.6875116, -0.5269649, 2.983877;0.8590835, -0.4952812, 2.60252;0.8495467, -0.7589435, 3.024932;1.098544, -0.7167428, 2.618856;0.9037944, -0.8154043, 2.992605;1.070832, -0.787582, 2.581579;
0.6879343, 0.1479453, 2.78832;0.8102694, 0.001874367, 2.800318;0.9911275, -0.2477197, 2.869529;0.7558074, -0.1379292, 2.972085;0.9303392, -0.07067373, 2.719693;0.6798912, -0.6294892, 3.019629;0.8961093, -0.5704497, 2.459957;1.027784, -0.2972637, 2.886867;1.029787, -0.3779168, 2.960366;1.106204, -0.3246163, 2.841212;0.6917399, -0.53364, 2.98474;0.8700805, -0.5045723, 2.59959;0.8557547, -0.7637584, 3.025767;1.09788, -0.7171813, 2.619054;0.9059858, -0.8172538, 2.983514;1.068387, -0.789282, 2.585859;
0.6956439, 0.1683623, 2.793477;0.8138126, 0.01829219, 2.801245;0.9891121, -0.2438018, 2.869228;0.7578435, -0.1274618, 2.973064;0.9314836, -0.06277431, 2.720597;0.6847705, -0.60947, 3.016391;0.8953755, -0.56646, 2.459402;1.025039, -0.2945335, 2.886407;1.027391, -0.3729992, 2.958682;1.097978, -0.3252949, 2.840975;0.6924082, -0.5341371, 2.98673;0.8714117, -0.5099253, 2.593612;0.8527509, -0.7669441, 3.02572;1.096983, -0.7171741, 2.618928;0.9091853, -0.8142116, 2.983922;1.064493, -0.7894288, 2.589099;
0.6961142, 0.1703909, 2.793354;0.8153547, 0.02411673, 2.803023;0.9919263, -0.2218465, 2.883647;0.7580775, -0.1152359, 2.973186;0.9349124, -0.05293212, 2.7212;0.6833439, -0.5983394, 3.019105;0.8950396, -0.5649822, 2.459388;1.027289, -0.2703378, 2.903871;1.030593, -0.3380506, 2.983413;1.101014, -0.3084973, 2.857805;0.7128739, -0.5338653, 2.97596;0.8893391, -0.5041835, 2.60683;0.8694894, -0.7687694, 3.014646;1.096836, -0.7172213, 2.618886;0.914674, -0.8331385, 2.983363;1.063233, -0.7864375, 2.58362;
0.7163613, 0.2148422, 2.804344;0.8181221, 0.0391966, 2.804631;0.9517619, -0.2506502, 2.869455;0.7620913, -0.09868823, 2.972455;0.9373425, -0.0419412, 2.722781;0.6427503, -0.5700268, 3.034255;0.8952223, -0.5571196, 2.459679;0.978047, -0.3110332, 2.885525;0.9649538, -0.3917285, 2.948291;1.043985, -0.3517351, 2.844774;0.6407715, -0.5613869, 3.008131;0.8659199, -0.5332738, 2.557743;0.7945869, -0.7974883, 3.047241;1.096051, -0.7161505, 2.61937;0.8890581, -0.7979991, 2.999324;1.062094, -0.7844792, 2.582764;
0.7162316, 0.2189239, 2.80538;0.8230061, 0.05375891, 2.806775;0.9907076, -0.205494, 2.884741;0.7638479, -0.08100799, 2.970953;0.9425721, -0.02707383, 2.726036;0.6451359, -0.5655477, 3.023939;0.8945795, -0.554774, 2.460999;1.023472, -0.2596583, 2.903343;1.020298, -0.3332872, 2.972763;1.094459, -0.2981338, 2.86185;0.7092065, -0.5366485, 2.979652;0.8965377, -0.5042851, 2.609536;0.857615, -0.7765046, 3.015634;1.092097, -0.7156712, 2.61805;0.9383163, -0.766366, 2.992806;1.060871, -0.7850538, 2.581341;
0.7220175, 0.2234823, 2.808279;0.8297826, 0.07176901, 2.81076;0.9888615, -0.2046932, 2.884316;0.7661417, -0.0705659, 2.972247;0.9485571, -0.006877405, 2.726231;0.6548737, -0.5396543, 3.015545;0.8888691, -0.5409688, 2.460967;1.020323, -0.2593179, 2.90252;1.015271, -0.334016, 2.971625;1.090445, -0.2995852, 2.860559;0.7039007, -0.5366266, 2.981082;0.8953378, -0.506611, 2.606754;0.8491718, -0.7785416, 3.014647;1.090046, -0.7150152, 2.618132;0.9317091, -0.7724608, 2.998647;1.059816, -0.7813427, 2.575798;
0.7417524, 0.2723851, 2.818721;0.834738, 0.08558246, 2.809394;0.9997202, -0.1900008, 2.873099;0.7687499, -0.0580327, 2.975699;0.9523265, 0.005277661, 2.728644;0.6632807, -0.5392713, 3.010018;0.8887905, -0.5066144, 2.474296;1.033065, -0.2446775, 2.888566;1.032808, -0.3228919, 2.953226;1.104504, -0.281776, 2.844553;0.7293, -0.531066, 2.988801;0.9006732, -0.5036209, 2.613719;0.8770441, -0.7715132, 3.020093;1.071659, -0.735267, 2.598751;0.9540073, -0.7744591, 2.986384;1.052283, -0.8084812, 2.562247;
0.7476295, 0.2785569, 2.820226;0.8454543, 0.1119431, 2.813792;0.9949178, -0.1863429, 2.877115;0.7831196, -0.009643055, 2.971059;0.9583346, 0.02654067, 2.731288;0.6772797, -0.5253788, 2.988934;0.88967, -0.4986062, 2.476282;1.024881, -0.2428403, 2.894009;1.01554, -0.3174103, 2.960698;1.089288, -0.2845196, 2.853951;0.7168811, -0.5331005, 2.984123;0.9020354, -0.5069274, 2.610932;0.8629256, -0.7737632, 3.01679;1.090006, -0.720067, 2.61626;0.9440542, -0.7765015, 2.995836;1.057611, -0.7839388, 2.572678;
0.7665167, 0.3092843, 2.834987;0.850906, 0.1306403, 2.816147;0.9843471, -0.178005, 2.881162;0.785823, -0.003830002, 2.975925;0.9617226, 0.04291023, 2.732922;0.6614286, -0.514602, 3.001819;0.889507, -0.4818963, 2.476839;1.010202, -0.2372893, 2.898312;0.997838, -0.3094342, 2.963617;1.070062, -0.2846452, 2.858296;0.7088743, -0.5386655, 2.981684;0.9017943, -0.5121154, 2.605833;0.9402174, -0.7136462, 3.006134;1.088347, -0.7221724, 2.614803;0.9216712, -0.7950798, 3.00281;1.05591, -0.7864501, 2.572345;
0.7769256, 0.3279344, 2.840861;0.8624527, 0.1701528, 2.829962;0.9826347, -0.1569976, 2.888321;0.7918538, 0.01557668, 2.984203;0.9644507, 0.05694493, 2.735632;0.6690406, -0.4967623, 2.986363;0.8911744, -0.4627805, 2.48448;1.007485, -0.221846, 2.903543;0.9937196, -0.294184, 2.969674;1.068602, -0.2752238, 2.859611;0.7159542, -0.5363759, 2.977699;0.9078283, -0.5098677, 2.610587;0.9404477, -0.7139131, 3.005878;1.086755, -0.7222481, 2.614152;0.9205859, -0.7947866, 3.003358;1.054681, -0.7873603, 2.57325;
0.7963786, 0.3601442, 2.852669;0.8729725, 0.1937419, 2.837199;0.9788058, -0.1525131, 2.889729;0.7973583, 0.0299532, 2.989778;0.9690213, 0.07659563, 2.740385;0.6662189, -0.479625, 2.988416;0.891378, -0.4361737, 2.488157;1.001052, -0.2186343, 2.904566;0.9829299, -0.2877641, 2.966632;1.054628, -0.2721053, 2.862274;0.7257262, -0.5516115, 2.977175;0.9088613, -0.5117831, 2.608445;0.863771, -0.7946912, 3.012969;1.086284, -0.7232398, 2.613788;0.8010865, -0.8518528, 2.964469;1.053975, -0.787944, 2.572939;
0.813485, 0.387169, 2.865435;0.8841438, 0.2109216, 2.847609;0.9818494, -0.1372002, 2.888553;0.8037908, 0.0478224, 2.991963;0.974854, 0.09344757, 2.743139;0.6826665, -0.463569, 2.976905;0.8983473, -0.41193, 2.484359;1.002154, -0.206025, 2.901199;0.983966, -0.2753557, 2.958227;1.055226, -0.2588012, 2.85802;0.7356226, -0.5466545, 2.978745;0.9135604, -0.5093431, 2.612795;0.8724461, -0.7899716, 3.01412;1.074761, -0.7454572, 2.593897;0.8085317, -0.8450733, 2.965458;1.041546, -0.8151323, 2.563929;
0.8300096, 0.4015342, 2.871433;0.8967198, 0.2318594, 2.85295;0.9808145, -0.1264866, 2.887936;0.8101646, 0.07082275, 3.003707;0.9774212, 0.1076479, 2.746583;0.6549191, -0.4191138, 2.997894;0.9045244, -0.3953339, 2.491775;0.9990064, -0.1965914, 2.899302;0.9793247, -0.2653983, 2.953573;1.049612, -0.2498911, 2.855924;0.7431985, -0.5453374, 2.97884;0.9168116, -0.5080593, 2.615622;0.8795098, -0.7884347, 3.01405;1.077244, -0.7441392, 2.596452;0.8128645, -0.8414024, 2.967336;1.041575, -0.811133, 2.564012;
0.8632338, 0.4368035, 2.890691;0.9110461, 0.253543, 2.858246;0.9807281, -0.1118176, 2.890404;0.8180979, 0.08598253, 3.00965;0.9847806, 0.1328048, 2.757182;0.6643718, -0.3830194, 2.989381;0.9099941, -0.3557124, 2.490745;0.9961998, -0.1839522, 2.900812;0.9765007, -0.2538177, 2.955702;1.044343, -0.243147, 2.855642;0.7517703, -0.542321, 2.974951;0.9188753, -0.5053529, 2.617605;0.8868495, -0.7853243, 3.010967;1.078731, -0.7412099, 2.599147;0.8198177, -0.8362305, 2.963114;1.043609, -0.8069677, 2.564282;
0.8689796, 0.4399134, 2.893146;0.9212615, 0.2643413, 2.861573;0.9828157, -0.1022718, 2.893595;0.8279928, 0.1060138, 3.017257;0.9879269, 0.1404781, 2.757776;0.6621596, -0.3815648, 2.986133;0.9087601, -0.3309387, 2.497504;0.9963231, -0.1751912, 2.903648;0.9737554, -0.2407825, 2.959924;1.0427, -0.2336348, 2.857355;0.7582719, -0.5360811, 2.969001;0.9211374, -0.4976149, 2.620751;0.8936402, -0.7782608, 3.005496;1.086169, -0.7239313, 2.613537;0.8244929, -0.8282118, 2.960316;1.0543, -0.78813, 2.5736;
0.889729, 0.4619499, 2.902173;0.9371696, 0.2851331, 2.86627;0.9835005, -0.09034248, 2.897452;0.840647, 0.1308371, 3.020921;0.9983109, 0.1573418, 2.756381;0.6766879, -0.3564596, 2.98727;0.9068969, -0.329586, 2.497854;0.9944376, -0.1643876, 2.907325;0.9677483, -0.2267008, 2.965558;1.039512, -0.2249865, 2.858956;0.7671806, -0.5320879, 2.961316;0.9236213, -0.4924698, 2.624814;0.9060715, -0.771013, 3.000228;1.08285, -0.7274536, 2.609424;0.8352872, -0.8191797, 2.956243;1.051988, -0.7926776, 2.570856;
0.9081702, 0.4769059, 2.918311;0.9481552, 0.3012702, 2.871751;0.9887846, -0.06782994, 2.898549;0.8452505, 0.1361561, 3.018898;1.00317, 0.1679327, 2.760386;0.6810421, -0.3331058, 2.988403;0.9032821, -0.3127626, 2.501283;0.9972793, -0.1416552, 2.90727;0.9682579, -0.2107366, 2.967895;1.040922, -0.2031696, 2.85313;0.7777668, -0.5220311, 2.957421;0.9255866, -0.4844864, 2.627888;0.9172436, -0.7594305, 2.99851;1.085216, -0.7220376, 2.614249;0.8954171, -0.8369467, 2.985145;1.055107, -0.7865818, 2.574358;
0.9173523, 0.4887829, 2.931423;0.9568337, 0.3162566, 2.87752;0.9919651, -0.05720563, 2.900192;0.8524626, 0.153234, 3.02681;1.009774, 0.1816202, 2.764111;0.6851807, -0.326665, 2.979781;0.9020501, -0.3010094, 2.499643;0.9994571, -0.1317257, 2.90828;0.9690875, -0.1994103, 2.96968;1.043057, -0.1932141, 2.852442;0.783578, -0.5132213, 2.95501;0.9257773, -0.4801318, 2.62997;0.9231811, -0.7507688, 2.993095;1.085585, -0.7227266, 2.615225;0.9127969, -0.8313864, 2.998736;1.055678, -0.7870858, 2.575195;
0.9247054, 0.492195, 2.932287;0.9708654, 0.3283903, 2.879746;0.9969953, -0.04266342, 2.89906;0.8624758, 0.170443, 3.033263;1.017554, 0.1944487, 2.764369;0.6890385, -0.3158977, 2.978693;0.9066029, -0.2858018, 2.500813;1.002721, -0.1164066, 2.906377;0.9700036, -0.1885741, 2.96984;1.045425, -0.1783966, 2.847005;0.7921981, -0.5063864, 2.950674;0.9257712, -0.4793291, 2.630528;0.9302101, -0.7429985, 2.99317;1.085722, -0.7233116, 2.615536;0.9099474, -0.8209442, 3.004353;1.057566, -0.7869362, 2.573461;
0.9321511, 0.5004026, 2.928814;0.980076, 0.3387809, 2.885206;1.00151, -0.02676322, 2.897837;0.871179, 0.1786078, 3.033525;1.028691, 0.211794, 2.76656;0.6974406, -0.2890311, 2.971659;0.9095312, -0.2758893, 2.503481;1.006018, -0.0992234, 2.903602;0.9733397, -0.1760684, 2.967071;1.046133, -0.1633884, 2.842181;0.7967683, -0.4941538, 2.948753;0.9249672, -0.4723131, 2.63551;0.9344665, -0.7300631, 2.992335;1.086045, -0.7236138, 2.616068;0.8989406, -0.802974, 2.994946;1.057794, -0.78673, 2.573605;
0.9556506, 0.5252818, 2.942136;0.9972035, 0.3616573, 2.900352;1.00547, -0.01898154, 2.898971;0.8847065, 0.1988539, 3.037596;1.035393, 0.2231983, 2.768661;0.701859, -0.2830849, 2.972201;0.9202366, -0.244743, 2.505484;1.00839, -0.09370563, 2.903457;0.9781483, -0.1633234, 2.960238;1.046491, -0.1540724, 2.844512;0.8019623, -0.4811664, 2.946173;0.9256106, -0.4693057, 2.637899;0.934323, -0.7191424, 2.991342;1.084624, -0.72239, 2.61775;0.9043751, -0.7943091, 2.994685;1.058047, -0.7859326, 2.575157;
0.9903195, 0.538317, 2.945631;1.00354, 0.3695928, 2.898664;1.008256, -0.005952305, 2.900758;0.8952311, 0.2135049, 3.040462;1.044292, 0.2373992, 2.770875;0.7055359, -0.2704668, 2.968414;0.9197226, -0.2416922, 2.504588;1.009612, -0.0807789, 2.905223;0.9766387, -0.1509152, 2.964061;1.046372, -0.1427439, 2.84479;0.8072118, -0.4721633, 2.945343;0.9256182, -0.4658726, 2.640463;0.9359341, -0.7116088, 2.990739;1.084581, -0.7224723, 2.617596;0.916793, -0.7897758, 2.9978;1.058034, -0.7860518, 2.575416;
1.016086, 0.559424, 2.951777;1.012879, 0.3826679, 2.900961;1.00866, 0.008656358, 2.905828;0.9017404, 0.2202827, 3.040941;1.052306, 0.2499245, 2.775713;0.7170221, -0.2548281, 2.972387;0.9215364, -0.2281378, 2.50576;1.008009, -0.06564549, 2.910574;0.9685426, -0.1305361, 2.978043;1.045368, -0.1318495, 2.845044;0.8090471, -0.4691118, 2.945132;0.9249112, -0.4636521, 2.641435;0.9311258, -0.7110828, 2.991938;1.084297, -0.7223647, 2.617276;0.9084307, -0.7884542, 2.994567;1.057864, -0.7859055, 2.575179;
1.037129, 0.5955062, 2.95613;1.039916, 0.4175009, 2.915764;1.013601, 0.02197246, 2.900905;0.9177195, 0.2492031, 3.03558;1.062234, 0.2654421, 2.778101;0.7220198, -0.2357255, 2.975017;0.9240667, -0.2155095, 2.505351;1.01064, -0.05441519, 2.903088;0.970023, -0.1175931, 2.963095;1.046897, -0.1126063, 2.834613;0.8119025, -0.4609049, 2.943482;0.925208, -0.4614249, 2.643071;0.9320774, -0.7044943, 2.988215;1.083762, -0.7202644, 2.616968;0.9132162, -0.7824608, 2.994767;1.05849, -0.7849749, 2.576332;
1.03688, 0.5974609, 2.956801;1.041968, 0.4192532, 2.917274;1.018507, 0.03257369, 2.900162;0.9221319, 0.2585388, 3.040797;1.067498, 0.2726365, 2.778353;0.7242779, -0.2318231, 2.976675;0.9282979, -0.2045904, 2.507316;1.014608, -0.0437142, 2.900723;0.9726082, -0.1107015, 2.960068;1.049844, -0.1020211, 2.832694;0.8135136, -0.4557642, 2.942347;0.9258204, -0.4596786, 2.64385;0.9421123, -0.7134184, 2.99407;1.084073, -0.721814, 2.616412;0.9116661, -0.7879528, 2.995124;1.05814, -0.7869278, 2.576774;
1.041734, 0.601089, 2.958503;1.04318, 0.4206143, 2.916552;1.019657, 0.03786236, 2.899359;0.9258842, 0.2615087, 3.039212;1.074561, 0.2824908, 2.779625;0.7277802, -0.2263296, 2.976572;0.9365942, -0.1900443, 2.510639;1.015345, -0.03797321, 2.899745;0.9732383, -0.1043386, 2.959107;1.050003, -0.09783933, 2.831931;0.8160479, -0.452745, 2.942459;0.9266229, -0.4571387, 2.643912;0.9398834, -0.7122732, 2.992512;1.083972, -0.7207615, 2.616705;0.9127842, -0.7877911, 2.996341;1.058418, -0.7861227, 2.577629;
1.051677, 0.6102744, 2.964227;1.05666, 0.4394944, 2.918982;1.022182, 0.05177642, 2.89935;0.9313839, 0.2698035, 3.038721;1.088209, 0.3027339, 2.783349;0.7369085, -0.1965739, 2.978626;0.946613, -0.1639335, 2.515014;1.01603, -0.02528631, 2.899125;0.9734741, -0.0925689, 2.956004;1.048477, -0.0880484, 2.832956;0.8162555, -0.4526471, 2.942318;0.929862, -0.4502035, 2.644031;0.9394286, -0.7118014, 2.992021;1.08382, -0.721548, 2.616237;0.9163343, -0.7883328, 2.997505;1.058213, -0.7866325, 2.577138;
1.066628, 0.628321, 2.970313;1.066973, 0.4529148, 2.924189;1.024926, 0.06432913, 2.897711;0.955206, 0.3078631, 3.032501;1.095487, 0.3143257, 2.784854;0.7385387, -0.1979404, 2.980807;0.9508213, -0.1519093, 2.518692;1.017179, -0.01277615, 2.89608;0.9752239, -0.07789968, 2.949517;1.04645, -0.07326437, 2.830507;0.8178918, -0.4502669, 2.941543;0.9339229, -0.4454249, 2.643952;0.939536, -0.7114399, 2.992082;1.084071, -0.721727, 2.615721;0.9188414, -0.7883052, 2.999326;1.058314, -0.786718, 2.576969;
1.072256, 0.6318877, 2.971669;1.07813, 0.4650027, 2.926244;1.028043, 0.07534625, 2.896714;0.9562203, 0.3098622, 3.042514;1.102526, 0.3295898, 2.791624;0.7592204, -0.173802, 2.994497;0.9613954, -0.1324534, 2.524133;1.018698, -0.002181139, 2.89443;0.9754871, -0.07023805, 2.946154;1.046967, -0.05739143, 2.830607;0.8233011, -0.4370492, 2.939679;0.9363656, -0.4410694, 2.644657;0.9424011, -0.7146904, 2.992055;1.084145, -0.7217952, 2.615725;0.9156751, -0.7895074, 2.998681;1.058428, -0.786553, 2.576985;
1.083436, 0.6477175, 2.97245;1.090547, 0.4805619, 2.929731;1.031547, 0.08499566, 2.894052;0.9646657, 0.3218848, 3.041039;1.108222, 0.3366548, 2.793662;0.7664969, -0.1597235, 2.992865;0.9621015, -0.1275052, 2.525493;1.020701, 0.006547716, 2.890767;0.9756544, -0.0625149, 2.94342;1.048954, -0.04770091, 2.824106;0.8239702, -0.4304159, 2.939048;0.9387729, -0.4366624, 2.644474;0.9422776, -0.7142115, 2.991907;1.085034, -0.7224941, 2.615402;0.9160097, -0.7889678, 2.998617;1.058452, -0.7865447, 2.576486;
1.094495, 0.6550595, 2.972045;1.094422, 0.4875357, 2.932198;1.033077, 0.09222962, 2.892941;0.9726273, 0.3308635, 3.043097;1.118665, 0.3455312, 2.795294;0.7700992, -0.1509002, 2.992171;0.9649693, -0.1187465, 2.523958;1.021428, 0.01359577, 2.888782;0.9763339, -0.05279122, 2.938299;1.048659, -0.04163589, 2.823441;0.8257203, -0.4276793, 2.939245;0.9424543, -0.4299482, 2.645626;0.9425947, -0.7141863, 2.992168;1.085318, -0.7220135, 2.615232;0.9160279, -0.7886512, 2.998734;1.058867, -0.7861001, 2.576668;
1.109445, 0.6732726, 2.976225;1.113123, 0.5056251, 2.939739;1.037643, 0.1131357, 2.893783;0.986267, 0.3455856, 3.028576;1.126969, 0.352883, 2.797722;0.7612186, -0.144541, 3.000407;0.9686921, -0.1050701, 2.517707;1.023196, 0.03544411, 2.888207;0.976801, -0.03454009, 2.93708;1.046368, -0.02339117, 2.821897;0.8271164, -0.4240533, 2.939363;0.9452415, -0.4254479, 2.645657;0.9423549, -0.7116579, 2.992008;1.085888, -0.7221341, 2.614064;0.9171235, -0.7863933, 2.998633;1.058818, -0.7866144, 2.576977;
1.122485, 0.6846468, 2.981955;1.120544, 0.516712, 2.944559;1.038849, 0.1229683, 2.894536;1.001404, 0.3661681, 3.030729;1.136216, 0.3680089, 2.803121;0.7749819, -0.1258934, 2.997443;0.9859025, -0.07955153, 2.537;1.023115, 0.04469177, 2.888179;0.9762304, -0.02637113, 2.938564;1.044217, -0.01387519, 2.818709;0.8288525, -0.4238105, 2.940031;0.9470676, -0.4218829, 2.645425;0.9417937, -0.7103967, 2.992169;1.086163, -0.7220023, 2.612534;0.9176832, -0.7852738, 2.999633;1.05856, -0.7870293, 2.577153;
1.139261, 0.6908787, 2.986213;1.126862, 0.5231599, 2.945787;1.04213, 0.1300999, 2.890909;1.014066, 0.3781189, 3.014716;1.146118, 0.3775188, 2.804089;0.7863974, -0.1137373, 2.998146;0.9916835, -0.06605365, 2.543715;1.025635, 0.05198612, 2.883331;0.9783947, -0.01367494, 2.93163;1.04795, -0.001716362, 2.812383;0.8306929, -0.4221178, 2.940602;0.9485404, -0.4192348, 2.644721;0.942048, -0.7095181, 2.993098;1.087079, -0.7218561, 2.612674;0.9180649, -0.7853997, 2.999916;1.058784, -0.7864783, 2.577425;
1.148894, 0.6971126, 2.993438;1.131395, 0.5295665, 2.949354;1.03842, 0.1444121, 2.893401;0.9900392, 0.3631749, 3.11266;1.151505, 0.3837597, 2.805302;0.792341, -0.08702251, 3.005308;0.9949997, -0.05759652, 2.54845;1.019173, 0.06866319, 2.885538;0.9629897, 0.003423649, 2.935073;1.044026, 0.01025981, 2.813741;0.8327659, -0.423747, 2.941341;0.9522583, -0.4137093, 2.646074;0.9417275, -0.7073476, 2.993178;1.09239, -0.7226269, 2.614047;0.9180728, -0.7859666, 3.00025;1.059376, -0.7846514, 2.578515;
1.155893, 0.714493, 2.99865;1.146426, 0.5459695, 2.954422;1.039173, 0.1526321, 2.891826;0.9902197, 0.3633397, 3.112912;1.167194, 0.4018435, 2.806434;0.7933435, -0.08447255, 3.007107;0.9971808, -0.04580106, 2.546694;1.018567, 0.07547545, 2.883218;0.9601486, 0.01107053, 2.929352;1.043769, 0.01980677, 2.813464;0.8349336, -0.4247064, 2.942597;0.9571059, -0.4084575, 2.646024;0.955609, -0.7056219, 3.002699;1.095961, -0.7238832, 2.614848;0.9182057, -0.7854237, 2.999621;1.059683, -0.7838412, 2.579159;
1.162855, 0.7202151, 2.999814;1.151731, 0.5514474, 2.956908;1.040142, 0.1601687, 2.893017;1.000712, 0.3846692, 3.124684;1.169204, 0.4046907, 2.806579;0.7979057, -0.06611114, 3.006776;1.000628, -0.03709098, 2.548475;1.018366, 0.08259091, 2.883909;0.9597952, 0.01749604, 2.92854;1.042501, 0.03006429, 2.816688;0.8389827, -0.4275115, 2.945054;0.9615075, -0.4013979, 2.650061;0.9539326, -0.7056828, 3.00211;1.096046, -0.7239503, 2.614056;0.9202974, -0.7863969, 3.000073;1.05958, -0.7839496, 2.578835;
1.172218, 0.7261202, 3.00091;1.156822, 0.5573616, 2.959054;1.040092, 0.1636837, 2.891921;1.003794, 0.3898365, 3.12684;1.174105, 0.4116283, 2.808641;0.7983772, -0.06180541, 3.007183;1.005423, -0.02687595, 2.549857;1.017452, 0.08589873, 2.882173;0.9591818, 0.0309494, 2.917338;1.041304, 0.03716937, 2.81983;0.8477417, -0.4190041, 2.9451;0.9648881, -0.3972974, 2.651776;0.9558848, -0.700539, 3.003232;1.096916, -0.7181509, 2.614786;0.9249618, -0.7810512, 3.000165;1.060771, -0.7802421, 2.580175;
1.186083, 0.7337124, 3.015049;1.157821, 0.5453472, 2.955795;1.040265, 0.1631596, 2.885462;1.041248, 0.4278747, 2.958964;1.182979, 0.4214785, 2.811241;0.7992264, -0.05668808, 3.008986;1.007601, -0.01758671, 2.551959;1.017232, 0.08677265, 2.873667;0.9623452, 0.03578249, 2.904021;1.040868, 0.03914223, 2.817013;0.849304, -0.4168536, 2.945072;0.9680973, -0.3961554, 2.652532;0.9602476, -0.6973259, 3.00677;1.097068, -0.7179979, 2.614855;0.9167023, -0.7822419, 3.001742;1.060783, -0.7803309, 2.579962;
1.186615, 0.7337254, 3.015133;1.15891, 0.5414396, 2.955656;1.039589, 0.1641656, 2.884134;1.042018, 0.4289458, 2.959036;1.188655, 0.4280767, 2.812259;0.8035604, -0.03844031, 3.016239;1.014346, -0.007079288, 2.552621;1.015815, 0.08909833, 2.871805;0.9615409, 0.03911315, 2.902247;1.03818, 0.04285177, 2.815906;0.8552647, -0.4156849, 2.947011;0.9759979, -0.390927, 2.655862;0.9621339, -0.6968936, 3.007621;1.097201, -0.7161853, 2.615614;0.9177212, -0.7821907, 3.001311;1.060819, -0.7801035, 2.5788;
1.196801, 0.7381746, 3.0165;1.159377, 0.5404678, 2.955088;1.038329, 0.164019, 2.8754;1.045938, 0.4338133, 2.955453;1.189791, 0.4335745, 2.813112;0.8090737, -0.02629587, 3.0212;1.01781, -0.004547959, 2.552564;1.013821, 0.08930226, 2.861173;0.9614011, 0.04070877, 2.89179;1.035739, 0.04604246, 2.806997;0.85964, -0.4115291, 2.947944;0.9808261, -0.3858907, 2.657838;0.9689935, -0.7013975, 3.011325;1.09735, -0.7126603, 2.615798;0.9237954, -0.7796676, 3.002456;1.061434, -0.7794281, 2.577255;
1.210873, 0.7505026, 3.019015;1.160917, 0.538664, 2.954012;1.038001, 0.1672624, 2.869557;1.052704, 0.4481181, 2.952199;1.195888, 0.4415284, 2.812609;0.8090045, -0.0230509, 3.021176;1.030779, 0.006402303, 2.556679;1.012954, 0.09405099, 2.854405;0.9619309, 0.05205041, 2.876925;1.034595, 0.05255989, 2.804231;0.8697929, -0.4077943, 2.951707;0.9862831, -0.3827176, 2.658235;0.9708869, -0.7023593, 3.011565;1.099121, -0.7110653, 2.618154;0.9242027, -0.7801225, 3.002737;1.062821, -0.7785898, 2.577184;
1.224532, 0.7459129, 3.022511;1.161233, 0.5274202, 2.949207;1.037372, 0.170302, 2.866415;1.052737, 0.4482295, 2.952301;1.207443, 0.4513227, 2.811317;0.8077455, -0.01507286, 3.020387;1.034843, 0.01194085, 2.557428;1.012145, 0.09982681, 2.851049;0.9611118, 0.05672793, 2.873019;1.0331, 0.05825329, 2.803145;0.878821, -0.4027638, 2.954271;0.9911265, -0.380079, 2.659738;0.9750181, -0.7037301, 3.013786;1.099724, -0.7099315, 2.618502;0.9239138, -0.7797442, 3.002065;1.062955, -0.7785956, 2.577058;
1.228217, 0.7458706, 3.028994;1.166374, 0.5274277, 2.94952;1.037176, 0.1749214, 2.86049;1.055332, 0.4560535, 2.954546;1.210194, 0.4540755, 2.811183;0.8077134, -0.01281017, 3.020621;1.043547, 0.01580356, 2.558893;1.01071, 0.105539, 2.844034;0.9584772, 0.06186636, 2.866734;1.030989, 0.06523587, 2.794703;0.8948311, -0.4028371, 2.95946;0.9982646, -0.3732167, 2.662275;0.9774197, -0.7042574, 3.015243;1.10029, -0.7074044, 2.618403;0.9239164, -0.7799207, 3.002008;1.062535, -0.7777883, 2.576471;
1.23465, 0.7432603, 3.035249;1.166704, 0.5273113, 2.949472;1.035502, 0.1791674, 2.854747;1.055573, 0.458177, 2.954283;1.213121, 0.4563625, 2.810513;0.8082783, -0.006322919, 3.025419;1.049063, 0.01821651, 2.562533;1.008452, 0.1107479, 2.837391;0.9552194, 0.06890501, 2.857651;1.028768, 0.06943384, 2.789413;0.9010704, -0.3995614, 2.962701;1.004801, -0.3742841, 2.665255;0.9800566, -0.7044584, 3.015481;1.101883, -0.7065014, 2.619619;0.9417212, -0.7859662, 2.971188;1.063271, -0.7780564, 2.576773;
1.236079, 0.7426183, 3.035979;1.168629, 0.5262522, 2.948736;1.062636, 0.1564357, 2.885805;1.105538, 0.4686835, 2.901465;1.213678, 0.4564577, 2.810612;0.8150947, -0.003769266, 3.032164;1.066192, 0.01994367, 2.566769;1.007307, 0.1097974, 2.831881;0.9585633, 0.06983809, 2.852144;1.024848, 0.07212275, 2.785024;0.9125862, -0.3950809, 2.967913;1.010953, -0.3743215, 2.666611;0.9828604, -0.7045158, 3.018286;1.10363, -0.7044439, 2.620551;0.9319841, -0.7804338, 2.988403;1.063553, -0.7777999, 2.576735;
1.23337, 0.7342249, 3.034741;1.170597, 0.515844, 2.947386;1.062118, 0.15522, 2.88427;1.10507, 0.4684415, 2.901662;1.217982, 0.4593799, 2.812454;0.8179377, 0.01298022, 2.993264;1.071059, 0.01906739, 2.565789;1.00766, 0.1096566, 2.830173;0.9624131, 0.07208931, 2.847082;1.024546, 0.07241391, 2.784938;0.9213003, -0.3896762, 2.968319;1.017575, -0.3742944, 2.669314;0.9834228, -0.7043526, 3.018395;1.104646, -0.7041277, 2.621271;0.9274018, -0.7807863, 2.99274;1.064209, -0.7776176, 2.577445;
1.234964, 0.7339754, 3.036396;1.170774, 0.5158055, 2.947361;1.062817, 0.1555334, 2.8794;1.105404, 0.4683014, 2.901668;1.22041, 0.4612919, 2.814214;0.8169693, 0.01311732, 2.990272;1.088971, 0.0159269, 2.560256;1.009291, 0.1108075, 2.823815;0.9663734, 0.07424034, 2.840869;1.024476, 0.07496244, 2.779477;0.9280385, -0.3885651, 2.96987;1.022602, -0.3760861, 2.670482;0.9884719, -0.7050594, 3.019925;1.10991, -0.7075032, 2.624052;0.9269523, -0.7806629, 2.994693;1.06426, -0.7776268, 2.577395;
1.239808, 0.7316775, 3.042609;1.171018, 0.515782, 2.947486;1.061947, 0.1560511, 2.878098;1.105735, 0.4677037, 2.901713;1.229053, 0.4624576, 2.814363;0.8049352, -0.005193889, 3.013042;1.099037, 0.01381071, 2.558304;1.009402, 0.1116655, 2.821495;0.9664681, 0.07538083, 2.838855;1.024178, 0.07556672, 2.776932;0.9310893, -0.3874758, 2.971706;1.024348, -0.375998, 2.670781;0.9888434, -0.704818, 3.019952;1.109986, -0.7070111, 2.623616;0.9304702, -0.7776362, 2.999017;1.064339, -0.7774177, 2.577131;
1.241647, 0.7269341, 3.046669;1.171541, 0.512226, 2.946152;1.061132, 0.1555733, 2.878495;1.100336, 0.4561287, 2.895971;1.237178, 0.4676878, 2.819293;