0.9639002, 0.8643219, 2.979024;1.048915, 0.6586163, 2.936849;0.998072, 0.2491615, 2.899462;0.9610518, 0.5173425, 3.112345;1.099362, 0.5203544, 2.809116;0.8666831, -0.01619686, 3.031701;1.012754, -0.00078513, 2.618544;0.9879034, 0.1672705, 2.895664;0.9495341, 0.108211, 2.939348;1.011774, 0.1095663, 2.838616;0.9837385, -0.3601724, 3.008537;1.077335, -0.3400538, 2.712121;0.9978877, -0.7252129, 3.027806;1.121142, -0.7028998, 2.633255;0.9293824, -0.7947911, 3.006648;1.07283, -0.7747312, 2.581864;
0.963334, 0.8651035, 2.97663;1.049617, 0.6605425, 2.936651;0.9981094, 0.2492783, 2.899416;0.9615321, 0.5182394, 3.109982;1.099684, 0.5207276, 2.808897;0.8662041, -0.01549366, 3.030743;1.012941, -0.0006134128, 2.618796;0.9878964, 0.1672684, 2.895614;0.9494921, 0.1081983, 2.939315;1.011756, 0.1095325, 2.838506;0.9837266, -0.3639681, 3.008449;1.077027, -0.3400436, 2.712482;0.9974295, -0.7255911, 3.02653;1.122038, -0.702884, 2.634138;0.9288896, -0.7952323, 3.007472;1.072663, -0.7745397, 2.581769;
0.9644612, 0.8658835, 2.972119;1.050056, 0.6610241, 2.93653;0.9981118, 0.2495618, 2.899227;0.9614246, 0.5189791, 3.107581;1.099688, 0.5206657, 2.808763;0.866385, -0.0155168, 3.030781;1.012912, -0.0006446639, 2.618768;0.9878315, 0.1675127, 2.895414;0.9493769, 0.1084062, 2.939226;1.011624, 0.109596, 2.838125;0.9838796, -0.3652825, 3.008854;1.076202, -0.3390373, 2.712562;0.9969788, -0.7262146, 3.026749;1.121361, -0.7014289, 2.633958;0.928226, -0.7953102, 3.006747;1.072853, -0.774449, 2.582167;
0.9677966, 0.8665211, 2.966995;1.049999, 0.660981, 2.936663;0.9981214, 0.249835, 2.898976;0.9613889, 0.5189885, 3.10752;1.099733, 0.5208213, 2.808706;0.8663488, -0.01552041, 3.030818;1.013176, -0.0003133915, 2.619042;0.9878533, 0.1679155, 2.895005;0.9493479, 0.1086609, 2.938848;1.011696, 0.1100146, 2.837473;0.9839717, -0.3651701, 3.008634;1.076028, -0.3393103, 2.712431;0.9976504, -0.7120932, 3.026943;1.120353, -0.7003278, 2.633228;0.9273852, -0.7946814, 3.009635;1.072433, -0.7746669, 2.582187;
0.9696028, 0.8668304, 2.964981;1.049878, 0.6609129, 2.936347;0.9981297, 0.2498791, 2.89869;0.9614877, 0.5190566, 3.107934;1.099695, 0.5208647, 2.808707;0.8663541, -0.01550469, 3.030826;1.013492, 6.973697E-05, 2.619311;0.9878765, 0.1679557, 2.894737;0.949443, 0.1087811, 2.938493;1.011695, 0.1100805, 2.837301;0.9838531, -0.3667253, 3.008694;1.075897, -0.3390777, 2.712478;0.9944239, -0.7130917, 3.026803;1.120437, -0.7003468, 2.631858;0.9271716, -0.79471, 3.009681;1.072386, -0.7745213, 2.581196;
0.9699767, 0.8674937, 2.963345;1.050043, 0.6616334, 2.935942;0.9985449, 0.2505616, 2.898051;0.959482, 0.516031, 3.093537;1.099759, 0.5208215, 2.808433;0.8663973, -0.0155109, 3.03111;1.013467, -0.0001105519, 2.619443;0.9883195, 0.1685689, 2.894079;0.9496975, 0.1090921, 2.93796;1.012363, 0.1107848, 2.836516;0.983373, -0.3593734, 3.005985;1.0756, -0.3384517, 2.712385;0.9986797, -0.7072989, 3.027348;1.119653, -0.6998798, 2.631018;0.9293905, -0.7912045, 2.993885;1.072265, -0.7745613, 2.581018;
0.970212, 0.8677313, 2.962097;1.049912, 0.6620798, 2.936225;0.9984972, 0.2507581, 2.897934;0.9594523, 0.5160744, 3.093623;1.099725, 0.5207959, 2.808307;0.8664325, -0.01528498, 3.031478;1.01349, -0.0004493541, 2.619396;0.9882724, 0.1687367, 2.893892;0.949643, 0.1091445, 2.937872;1.012315, 0.1108594, 2.836032;0.9830036, -0.3567109, 3.00471;1.075218, -0.338582, 2.7122;0.9991208, -0.7050307, 3.028135;1.119575, -0.7002159, 2.630858;0.927421, -0.7881166, 3.000141;1.072108, -0.7745174, 2.580194;
0.9711032, 0.8680026, 2.960436;1.050016, 0.6621595, 2.93616;0.9984779, 0.2513283, 2.897824;0.9593825, 0.5166664, 3.09424;1.1, 0.5207909, 2.807629;0.8666186, -0.01516732, 3.031042;1.013542, -0.0003338633, 2.619345;0.9881921, 0.1694254, 2.893777;0.9493814, 0.1098892, 2.937763;1.012285, 0.1112384, 2.835912;0.9827915, -0.3558522, 3.004136;1.074785, -0.3385741, 2.712131;0.9995895, -0.7039486, 3.028477;1.119616, -0.7000974, 2.630785;0.9261184, -0.7873105, 3.005197;1.072114, -0.7744529, 2.580064;
0.9674093, 0.8660563, 2.962104;1.050124, 0.6616355, 2.936153;0.9982345, 0.2515355, 2.897557;0.959398, 0.5164993, 3.094226;1.09966, 0.5201504, 2.806508;0.8666984, -0.01487916, 3.031517;1.013541, -0.0004446503, 2.619136;0.9877802, 0.1698416, 2.893368;0.9489235, 0.1102584, 2.937375;1.011634, 0.1116888, 2.835262;0.9829358, -0.3565355, 3.00403;1.074761, -0.3386576, 2.712132;0.9992145, -0.7034746, 3.02904;1.118931, -0.697706, 2.631425;0.9285549, -0.7873533, 3.006753;1.072533, -0.7737702, 2.580006;
0.9683585, 0.8663263, 2.961749;1.050129, 0.6615771, 2.936206;0.9977795, 0.2517871, 2.897676;0.959734, 0.517307, 3.096987;1.099571, 0.5201214, 2.806337;0.8666831, -0.01486223, 3.031565;1.013535, -0.0004378798, 2.6191;0.9871396, 0.1701962, 2.893526;0.9479893, 0.109477, 2.937749;1.010373, 0.1131432, 2.835251;0.983036, -0.3623993, 3.006389;1.074496, -0.3385736, 2.712007;0.9969523, -0.7081813, 3.029304;1.118104, -0.695879, 2.630586;0.9302092, -0.788548, 3.003781;1.072624, -0.7734919, 2.579778;
0.9688389, 0.8665645, 2.961794;1.049889, 0.6615407, 2.93625;0.997568, 0.2517339, 2.897855;0.9597197, 0.5177219, 3.098633;1.099916, 0.5198305, 2.805803;0.866699, -0.01485889, 3.03159;1.013645, -0.0003173267, 2.619276;0.9869376, 0.1701092, 2.893751;0.9476118, 0.1088677, 2.937904;1.010242, 0.1134768, 2.835827;0.982862, -0.364937, 3.006282;1.074157, -0.338326, 2.711961;0.9953715, -0.7164378, 3.028008;1.118116, -0.6956823, 2.630653;0.9294747, -0.7898705, 3.004;1.072656, -0.7735283, 2.580079;
0.9686521, 0.8660393, 2.959772;1.049887, 0.6614879, 2.936745;0.9973533, 0.2515579, 2.898026;0.9587489, 0.5162452, 3.09813;1.098555, 0.5192286, 2.805696;0.8669803, -0.01542326, 3.033383;1.013581, -0.0003707156, 2.61929;0.9866679, 0.1698549, 2.893899;0.9471859, 0.1079647, 2.938147;1.010073, 0.1134863, 2.835874;0.9829457, -0.3645368, 3.006238;1.073866, -0.3381468, 2.711897;0.9980245, -0.7101617, 3.029194;1.118455, -0.6959265, 2.630963;0.9289496, -0.7897767, 3.00559;1.072682, -0.7733389, 2.580461;
0.9676537, 0.8654184, 2.957702;1.049967, 0.6616328, 2.936675;0.9971867, 0.2514986, 2.898083;0.9587631, 0.5162911, 3.098628;1.098499, 0.5195631, 2.805826;0.8668592, -0.01554095, 3.033392;1.013583, -0.0003695839, 2.619286;0.9863894, 0.169694, 2.894022;0.9468859, 0.1076991, 2.938145;1.009736, 0.1137995, 2.836336;0.9830128, -0.3643318, 3.006261;1.074125, -0.3401979, 2.711643;0.998001, -0.713044, 3.027439;1.118584, -0.6957512, 2.631143;0.928005, -0.7911404, 3.005609;1.072782, -0.7734616, 2.580732;
0.9641135, 0.8637989, 2.958853;1.048979, 0.6608694, 2.93554;0.9965057, 0.2517067, 2.898257;0.9566162, 0.5194606, 3.098668;1.09831, 0.519109, 2.805282;0.8664493, -0.01554454, 3.033555;1.013015, 9.987794E-05, 2.618802;0.9856567, 0.1700541, 2.894423;0.9457397, 0.1075606, 2.93881;1.009344, 0.1140199, 2.836677;0.9828215, -0.3627978, 3.005787;1.073873, -0.3404175, 2.71157;0.9980634, -0.7129895, 3.027556;1.119021, -0.6959717, 2.631427;0.9292147, -0.7911149, 3.000207;1.072737, -0.7734066, 2.580595;
0.9624676, 0.8635712, 2.966014;1.048152, 0.6603352, 2.93515;0.9955651, 0.2505884, 2.897488;0.9543998, 0.519513, 3.093236;1.098096, 0.5192071, 2.804949;0.8662769, -0.01553296, 3.033632;1.013316, 0.001446698, 2.61891;0.9847664, 0.1687654, 2.893579;0.9444617, 0.1056075, 2.93691;1.009183, 0.1139105, 2.836609;0.9814248, -0.3642249, 3.005587;1.072927, -0.3362934, 2.71242;0.9967155, -0.7175519, 3.029114;1.119545, -0.6957876, 2.632272;0.9305193, -0.7915889, 3.000472;1.072351, -0.7724211, 2.58097;
0.9627168, 0.8637584, 2.965894;1.047753, 0.6602407, 2.935188;0.9951492, 0.2504828, 2.8976;0.9543067, 0.5193663, 3.093458;1.097778, 0.5191715, 2.804866;0.8661712, -0.01554328, 3.033365;1.012761, 0.001751772, 2.619278;0.9843894, 0.1686501, 2.893705;0.9442034, 0.1055778, 2.936978;1.008849, 0.1139118, 2.836818;0.9787936, -0.35815, 3.003089;1.0727, -0.3371242, 2.712128;0.9997784, -0.7094641, 3.03037;1.119696, -0.6970782, 2.631764;0.9357681, -0.7889664, 2.99467;1.071939, -0.772696, 2.580966;
0.9622753, 0.8636819, 2.967629;1.046744, 0.6598235, 2.934755;0.9947749, 0.2504624, 2.897403;0.9542138, 0.5196371, 3.093597;1.097391, 0.5191041, 2.804379;0.865864, -0.01570836, 3.033302;1.012387, 0.00234715, 2.619445;0.9841336, 0.1686621, 2.893553;0.9440208, 0.105466, 2.936853;1.008625, 0.1140738, 2.836662;0.9789574, -0.3587861, 3.00317;1.072605, -0.3370881, 2.712061;0.9993947, -0.7075955, 3.029728;1.119388, -0.6934178, 2.63145;0.9350079, -0.7887139, 2.996105;1.071683, -0.7722113, 2.581295;
0.9620488, 0.8636327, 2.96858;1.046578, 0.659757, 2.934857;0.9945096, 0.2502902, 2.897343;0.9531866, 0.520295, 3.091515;1.097396, 0.5191314, 2.804181;0.8654841, -0.01576734, 3.032837;1.01185, 0.002919899, 2.619179;0.9838645, 0.1684575, 2.893456;0.9434783, 0.1050786, 2.936671;1.008557, 0.1139841, 2.836593;0.9785752, -0.3605492, 3.003236;1.07164, -0.334406, 2.712388;0.9941189, -0.7135049, 3.029433;1.120671, -0.6937596, 2.633494;0.9303749, -0.793037, 3.003493;1.071726, -0.7715379, 2.5815;
0.9617801, 0.8635786, 2.970803;1.045869, 0.6593459, 2.934617;0.993821, 0.2504573, 2.897436;0.9527956, 0.5207158, 3.091513;1.097058, 0.5189078, 2.803947;0.8652357, -0.01574197, 3.032698;1.011498, 0.003294456, 2.618606;0.9831721, 0.168736, 2.893626;0.9427705, 0.1049713, 2.93696;1.007886, 0.1143877, 2.83671;0.9796159, -0.3637406, 3.005254;1.071533, -0.3353965, 2.712248;0.9910339, -0.7302951, 3.027155;1.120275, -0.6945828, 2.63323;0.9280053, -0.7976728, 3.006058;1.071676, -0.7717397, 2.581579;
0.9609429, 0.8634593, 2.969836;1.045323, 0.6593413, 2.934785;0.9933731, 0.250482, 2.897363;0.9527128, 0.5208978, 3.091437;1.096849, 0.518916, 2.803849;0.8647242, -0.01616565, 3.033033;1.010843, 0.003262899, 2.619218;0.9827757, 0.1687598, 2.893517;0.9424194, 0.1048995, 2.936854;1.007535, 0.1145153, 2.836554;0.9794654, -0.3637369, 3.005076;1.071325, -0.3359343, 2.712087;0.9929048, -0.7204585, 3.025694;1.120241, -0.6947071, 2.633242;0.9276978, -0.7967035, 3.006967;1.072077, -0.7713552, 2.580595;
0.9610159, 0.8632765, 2.969872;1.044406, 0.6586375, 2.933037;0.992706, 0.2506909, 2.89715;0.9526775, 0.5226294, 3.092547;1.097143, 0.5184562, 2.803173;0.8646758, -0.01638956, 3.03312;1.010628, 0.003336569, 2.619413;0.9820912, 0.1690961, 2.893473;0.9416029, 0.1052443, 2.936743;1.006928, 0.1149465, 2.836821;0.9789057, -0.3648186, 3.005069;1.071326, -0.3374348, 2.711752;0.9923015, -0.7235937, 3.025944;1.120167, -0.6946228, 2.633206;0.9264655, -0.7999548, 3.00872;1.072064, -0.7713402, 2.580565;
0.9596163, 0.8625687, 2.967747;1.04442, 0.658581, 2.933089;0.9923265, 0.2506242, 2.896961;0.9512568, 0.521443, 3.092546;1.0962, 0.5182288, 2.802875;0.8645805, -0.01641914, 3.03308;1.010467, 0.003379824, 2.619344;0.9815829, 0.1690319, 2.8932;0.9409041, 0.1049695, 2.936343;1.00641, 0.1150593, 2.83652;0.9769915, -0.359382, 3.002979;1.071, -0.3374339, 2.711552;0.9974087, -0.7107881, 3.028019;1.120222, -0.6951106, 2.632977;0.9248629, -0.7955574, 3.009835;1.071743, -0.7715017, 2.580301;
0.9595438, 0.8624508, 2.967624;1.043709, 0.6581925, 2.932502;0.991671, 0.2506359, 2.896536;0.9511837, 0.5214975, 3.092724;1.096101, 0.5181857, 2.802727;0.8644118, -0.01588208, 3.032969;1.010396, 0.003811869, 2.619715;0.9810014, 0.1691094, 2.892843;0.9402808, 0.1053121, 2.935874;1.005994, 0.1150654, 2.836339;0.9764497, -0.3562107, 3.001614;1.07103, -0.3376055, 2.711616;0.9979625, -0.7059591, 3.028271;1.119332, -0.6944197, 2.632241;0.9279561, -0.790333, 3.00985;1.071836, -0.7714263, 2.580321;
0.9575408, 0.8616625, 2.964151;1.043606, 0.658348, 2.932398;0.9912583, 0.2505696, 2.896518;0.9532785, 0.5232913, 3.098348;1.095916, 0.51809, 2.802655;0.863989, -0.01553352, 3.032495;1.010148, 0.00398434, 2.619319;0.9805146, 0.1689747, 2.892869;0.9401047, 0.1052714, 2.935874;1.005138, 0.1151802, 2.836554;0.9772856, -0.3600742, 3.002947;1.07092, -0.3379077, 2.711524;0.9952458, -0.7247109, 3.026588;1.118625, -0.6943893, 2.631253;0.9293023, -0.7935842, 3.007527;1.071783, -0.771493, 2.580183;
0.9579084, 0.8622828, 2.963028;1.043473, 0.6587765, 2.932385;0.9909129, 0.2509396, 2.896391;0.9526182, 0.5231182, 3.097529;1.095762, 0.5180566, 2.80242;0.8633767, -0.01544818, 3.030934;1.010066, 0.004002993, 2.61932;0.9801563, 0.1693314, 2.892732;0.9396754, 0.1056006, 2.935761;1.004875, 0.1154858, 2.836393;0.9757, -0.3574702, 3.001615;1.070584, -0.3379824, 2.7116;1.000144, -0.710762, 3.0303;1.118924, -0.6951664, 2.631055;0.9336541, -0.7926922, 2.994479;1.071651, -0.7716761, 2.580142;
0.9575069, 0.8621581, 2.962876;1.042332, 0.6580991, 2.92855;0.9903032, 0.2508429, 2.895647;0.9512973, 0.5222553, 3.094001;1.095389, 0.5178499, 2.802156;0.8625656, -0.01558022, 3.030268;1.009853, 0.004628668, 2.618824;0.9796869, 0.1692955, 2.892324;0.9391997, 0.1054334, 2.935627;1.004499, 0.1154091, 2.836004;0.9755644, -0.3561748, 3.00116;1.069999, -0.3370442, 2.711733;1.000276, -0.7099004, 3.030394;1.118513, -0.69517, 2.630845;0.9335051, -0.7890603, 3.003953;1.071633, -0.7716668, 2.580101;
0.9573576, 0.8621218, 2.961283;1.042289, 0.6581709, 2.928452;0.9898307, 0.252854, 2.895491;0.9502286, 0.5216723, 3.092678;1.095445, 0.5178117, 2.801981;0.8621606, -0.01495012, 3.030183;1.009405, 0.004631273, 2.618612;0.9791195, 0.1720629, 2.892281;0.9384285, 0.1061366, 2.936481;1.004157, 0.1166424, 2.834867;0.9754173, -0.3555616, 3.001;1.069764, -0.3370164, 2.711714;1.001835, -0.7047542, 3.031215;1.118645, -0.6953158, 2.6309;0.9309804, -0.7878588, 3.009287;1.071505, -0.7715575, 2.580114;
0.9573038, 0.8618923, 2.961165;1.042067, 0.6579202, 2.928195;0.9892625, 0.2537853, 2.895314;0.9502106, 0.5215992, 3.092747;1.095262, 0.5174616, 2.801477;0.8615686, -0.01500417, 3.02992;1.009225, 0.004338818, 2.618649;0.9784416, 0.1734254, 2.892179;0.9379083, 0.1067674, 2.936769;1.003249, 0.1176414, 2.834325;0.9753402, -0.3538379, 3.00097;1.069242, -0.336466, 2.711722;1.001724, -0.7037962, 3.030709;1.119254, -0.6959423, 2.631155;0.9302926, -0.7872841, 3.009396;1.071512, -0.7716147, 2.580071;
0.9564863, 0.8601435, 2.958463;1.041613, 0.6563336, 2.925444;0.9888131, 0.2532721, 2.894682;0.9495008, 0.5222828, 3.09084;1.095175, 0.517498, 2.801331;0.8600757, -0.01474627, 3.02821;1.009075, 0.003398626, 2.618655;0.978045, 0.1729822, 2.891799;0.9373941, 0.1067484, 2.936151;1.003089, 0.1176019, 2.834397;0.9755635, -0.354279, 3.000994;1.06923, -0.3365204, 2.71167;0.9975827, -0.7049611, 3.027083;1.118425, -0.6950954, 2.630466;0.9284133, -0.7869916, 3.007911;1.071607, -0.7715219, 2.580043;
0.9594793, 0.860739, 2.950219;1.04151, 0.6563094, 2.925362;0.9883299, 0.2526203, 2.894239;0.9496011, 0.5216685, 3.09133;1.09483, 0.5174376, 2.801065;0.86021, -0.01464642, 3.028786;1.008835, 0.002939346, 2.618789;0.9774818, 0.1720581, 2.891302;0.9370151, 0.1063041, 2.935766;1.002582, 0.1171093, 2.834105;0.9749729, -0.3533117, 3.00065;1.06951, -0.3369385, 2.711787;0.9981382, -0.7053169, 3.02718;1.11828, -0.6946296, 2.630503;0.9280514, -0.787075, 3.00818;1.071617, -0.7714841, 2.580037;
0.9573672, 0.8595053, 2.948184;1.041537, 0.6561685, 2.925416;0.9879642, 0.2518105, 2.893977;0.9488757, 0.5214422, 3.090173;1.094175, 0.5166129, 2.800272;0.8594476, -0.01447351, 3.028603;1.008786, 0.002961751, 2.618847;0.9769967, 0.1709923, 2.890966;0.9364338, 0.1057102, 2.935228;1.00228, 0.1165906, 2.834076;0.9754332, -0.3549602, 3.001214;1.069179, -0.3364609, 2.711709;0.9980921, -0.7052839, 3.027361;1.119348, -0.6948636, 2.631864;0.931601, -0.7919692, 2.995624;1.071699, -0.7714555, 2.58;
0.9595585, 0.8600948, 2.946552;1.041223, 0.6558996, 2.925395;0.987537, 0.2516043, 2.893589;0.9486817, 0.5214618, 3.090021;1.094154, 0.5166857, 2.799953;0.8593529, -0.0140595, 3.028554;1.008342, 0.002626634, 2.618803;0.9765859, 0.1708031, 2.890544;0.9356189, 0.1061179, 2.933868;1.002104, 0.1166559, 2.834074;0.9750537, -0.3565504, 3.001317;1.068987, -0.3352981, 2.711706;0.9977545, -0.7058962, 3.028082;1.119487, -0.6952441, 2.631654;0.9290277, -0.7900952, 3.001125;1.071321, -0.7707801, 2.580071;
0.9600335, 0.8602031, 2.946976;1.040555, 0.6555152, 2.925318;0.9871442, 0.251408, 2.893413;0.9485152, 0.5212569, 3.090158;1.093884, 0.516663, 2.799789;0.8593327, -0.01398627, 3.028559;1.008054, 0.002094564, 2.619033;0.9762751, 0.1706405, 2.890393;0.9353689, 0.1062362, 2.933672;1.001792, 0.116478, 2.834065;0.9748075, -0.3545512, 3.000512;1.068892, -0.3357798, 2.711471;0.9980773, -0.7054977, 3.028106;1.117533, -0.6952391, 2.629768;0.9270533, -0.7875119, 3.002315;1.070859, -0.7711712, 2.579139;
0.9600723, 0.8600967, 2.947014;1.040359, 0.6553179, 2.925375;0.9869435, 0.2511376, 2.893155;0.9483061, 0.5212439, 3.09003;1.093726, 0.5167381, 2.799804;0.8593452, -0.01376992, 3.02841;1.007875, 0.001972997, 2.618927;0.9760898, 0.1703448, 2.890083;0.9351669, 0.1059532, 2.933414;1.0016, 0.1161466, 2.833667;0.975378, -0.3600073, 3.002299;1.067995, -0.3359631, 2.711543;0.9962794, -0.7148948, 3.027598;1.118174, -0.6957881, 2.62982;0.9272304, -0.7903602, 3.005793;1.070746, -0.7715497, 2.579839;
0.9595702, 0.8604232, 2.9512;1.040318, 0.6553924, 2.925269;0.9868464, 0.2509371, 2.892911;0.9476328, 0.5206189, 3.089042;1.09345, 0.5169209, 2.799787;0.8592087, -0.01364285, 3.028442;1.007669, 0.002236743, 2.618943;0.9759881, 0.1700423, 2.889816;0.9350708, 0.1059061, 2.933033;1.001563, 0.1160556, 2.833637;0.9753717, -0.3611287, 3.002815;1.068125, -0.3370251, 2.711365;0.9948002, -0.7222604, 3.027023;1.117638, -0.6956922, 2.629763;0.9292139, -0.7917025, 3.004993;1.070829, -0.7717646, 2.579154;
0.9561785, 0.8596655, 2.950237;1.039589, 0.655697, 2.924378;0.9867015, 0.2509263, 2.892652;0.9468917, 0.519937, 3.088835;1.093029, 0.5171255, 2.799644;0.8587862, -0.01373258, 3.027971;1.007618, 0.002457477, 2.619042;0.9759215, 0.1700109, 2.889662;0.934993, 0.1057485, 2.93303;1.001482, 0.1158744, 2.833263;0.9753828, -0.3610463, 3.002757;1.068072, -0.3371148, 2.711221;0.9943128, -0.7205765, 3.02665;1.11761, -0.6957268, 2.629802;0.9291912, -0.7915367, 3.005012;1.071098, -0.7718996, 2.579418;
0.955538, 0.8601515, 2.957027;1.039276, 0.6557719, 2.924061;0.9865749, 0.2509515, 2.892497;0.9464772, 0.5195868, 3.089725;1.092875, 0.517573, 2.79956;0.8589254, -0.01359551, 3.028037;1.007391, 0.002558561, 2.61875;0.975845, 0.1700249, 2.889561;0.9349095, 0.1056883, 2.933009;1.001409, 0.1158597, 2.833119;0.9754261, -0.3621831, 3.002815;1.067661, -0.3371932, 2.711165;0.9938985, -0.7229748, 3.024776;1.118432, -0.6960666, 2.630517;0.9286522, -0.7924106, 3.006075;1.071111, -0.7719123, 2.579416;
0.956247, 0.8568422, 2.966444;1.038696, 0.656008, 2.923452;0.9863384, 0.2512683, 2.892592;0.9455496, 0.5189664, 3.090043;1.092165, 0.5176473, 2.799512;0.8588389, -0.01367687, 3.027895;1.007218, 0.002590814, 2.618725;0.9756351, 0.1704136, 2.889822;0.9344455, 0.1054601, 2.934561;1.001305, 0.1158935, 2.833035;0.9751536, -0.3621196, 3.002443;1.067236, -0.3369753, 2.710991;0.9915712, -0.7198236, 3.025142;1.118099, -0.6957804, 2.629921;0.9289029, -0.7923272, 3.006479;1.071213, -0.7718892, 2.579424;
0.9567618, 0.8535444, 2.96677;1.037755, 0.6559197, 2.923577;0.9858682, 0.253589, 2.893816;0.9442019, 0.5215974, 3.09511;1.091827, 0.5179003, 2.79899;0.8582674, -0.0135584, 3.02791;1.006307, 0.002569187, 2.617931;0.9754025, 0.1737319, 2.891589;0.9342498, 0.1073624, 2.937717;1.001157, 0.1164852, 2.833169;0.9751323, -0.3621218, 3.002383;1.06654, -0.336092, 2.711417;0.992306, -0.7137237, 3.025881;1.118734, -0.6961487, 2.630388;0.9280046, -0.7924145, 3.009722;1.071182, -0.7718669, 2.579373;
0.9577805, 0.850637, 2.968402;1.036364, 0.6553525, 2.922625;0.9855889, 0.2539836, 2.893835;0.9433275, 0.5225782, 3.096224;1.090322, 0.5176768, 2.797934;0.8560795, -0.01395704, 3.02709;1.002938, 0.002834744, 2.614481;0.9752068, 0.174244, 2.891716;0.9341634, 0.107416, 2.938143;1.00089, 0.1168523, 2.83309;0.9754574, -0.3632157, 3.002359;1.065858, -0.3361827, 2.711277;0.9920195, -0.7184575, 3.025558;1.119735, -0.6963187, 2.631627;0.9278395, -0.7928016, 3.009974;1.071161, -0.7716943, 2.579487;
0.9571757, 0.8464039, 2.966201;1.033252, 0.6529952, 2.920287;0.9854911, 0.2544732, 2.893817;0.9416462, 0.5221895, 3.097587;1.089108, 0.5175303, 2.796758;0.8550709, -0.01389951, 3.02979;1.002184, 0.002522834, 2.614235;0.9753676, 0.1752378, 2.891927;0.9344487, 0.1075414, 2.939158;1.000987, 0.1170504, 2.832909;0.9748309, -0.3637657, 3.002316;1.064466, -0.3378031, 2.710566;0.9907653, -0.7237411, 3.024175;1.120077, -0.6969564, 2.632367;0.92636, -0.7934207, 3.008562;1.071236, -0.771681, 2.579422;
0.9529765, 0.8435451, 2.960884;1.028616, 0.6525409, 2.919817;0.9851083, 0.2538227, 2.894068;0.9406109, 0.5226476, 3.100353;1.087961, 0.5170128, 2.795589;0.849177, -0.01326094, 3.029438;1.000453, 0.001378255, 2.613761;0.9753635, 0.1743437, 2.892344;0.9346563, 0.1074157, 2.939091;1.001354, 0.1165784, 2.834686;0.9741573, -0.363499, 3.002471;1.063805, -0.3381174, 2.710465;0.9910446, -0.7121955, 3.025428;1.119814, -0.6971654, 2.632114;0.9268145, -0.7924886, 3.008337;1.071231, -0.7717155, 2.579505;
0.9456441, 0.8397591, 2.954882;1.023473, 0.6521651, 2.919042;0.9850284, 0.2537751, 2.89424;0.9387932, 0.5234112, 3.101648;1.0849, 0.5170376, 2.795387;0.8437493, -0.0129031, 3.02799;0.9974656, 0.001303938, 2.611353;0.9756284, 0.1742506, 2.892739;0.9359464, 0.1070566, 2.939923;1.001809, 0.1164326, 2.835268;0.9722751, -0.3649271, 3.002101;1.062875, -0.3386814, 2.710044;0.9912108, -0.719043, 3.02521;1.120085, -0.6985074, 2.631942;0.9269818, -0.7931278, 3.00832;1.07101, -0.7722192, 2.579325;
0.9343243, 0.8365179, 2.94635;1.018241, 0.6516873, 2.919258;0.9847968, 0.253419, 2.895575;0.9316052, 0.5223023, 3.102195;1.08121, 0.5164246, 2.794869;0.8414094, -0.01423824, 3.029006;0.9930529, -0.0003013708, 2.609127;0.9763227, 0.1737471, 2.894761;0.9372211, 0.1063971, 2.942422;1.003766, 0.115628, 2.838115;0.969013, -0.3655393, 3.00193;1.061464, -0.3389867, 2.709751;0.990214, -0.7223315, 3.026053;1.115722, -0.6980131, 2.627694;0.9263033, -0.7937152, 3.007793;1.070751, -0.772714, 2.578915;
0.92996, 0.8371159, 2.952966;1.01045, 0.6521218, 2.913914;0.9847282, 0.2541537, 2.89676;0.9232939, 0.519649, 3.100681;1.077344, 0.5156457, 2.794302;0.8290427, -0.04535816, 3.024492;0.9870548, -0.0033, 2.607836;0.9775774, 0.1750513, 2.897512;0.9399451, 0.1058469, 2.949121;1.00585, 0.1155698, 2.840042;0.9568121, -0.356297, 2.996594;1.057776, -0.3398525, 2.709208;0.9912502, -0.7202259, 3.027033;1.113705, -0.6967311, 2.627313;0.9271005, -0.793666, 3.000939;1.070662, -0.7728317, 2.57881;
0.9228809, 0.8313455, 2.954182;1.004586, 0.6487361, 2.910979;0.9847649, 0.2541299, 2.897457;0.9186333, 0.5176479, 3.09915;1.071796, 0.5127754, 2.793887;0.8279068, -0.04363078, 3.025838;0.9826506, -0.003532507, 2.605687;0.9786493, 0.1752557, 2.899104;0.9421122, 0.1051424, 2.952101;1.007854, 0.114937, 2.841558;0.953832, -0.3548011, 2.995423;1.055392, -0.3447734, 2.706696;0.9926013, -0.7140579, 3.028562;1.113569, -0.6975351, 2.627567;0.925824, -0.7916622, 3.003974;1.070156, -0.7733265, 2.578995;
0.9141179, 0.8242671, 2.947325;0.9948579, 0.6432092, 2.910885;0.9866354, 0.2540705, 2.899204;0.9134369, 0.514136, 3.095742;1.063345, 0.5082925, 2.791949;0.8260148, -0.04327132, 3.025572;0.9783013, -0.003640458, 2.60209;0.9846017, 0.1759858, 2.902296;0.9546645, 0.1011173, 2.961608;1.016882, 0.112924, 2.841365;0.948753, -0.3539778, 2.994367;1.053298, -0.3478945, 2.70452;0.9922561, -0.7144964, 3.028318;1.111393, -0.6979908, 2.626808;0.9242644, -0.7920215, 3.005733;1.069465, -0.7739429, 2.579818;
0.8993433, 0.812203, 2.931442;0.9853584, 0.6361822, 2.90666;0.987494, 0.253146, 2.900328;0.9040433, 0.5033534, 3.087377;1.057817, 0.504109, 2.789773;0.8262559, -0.02050086, 3.028536;0.9745979, -0.004604682, 2.601178;0.9870583, 0.1752525, 2.904134;0.9576139, 0.09911646, 2.964858;1.021235, 0.1104291, 2.842452;0.9473191, -0.355663, 2.994916;1.051784, -0.3506513, 2.702534;0.9902468, -0.7137495, 3.027716;1.11137, -0.6985587, 2.62694;0.9242032, -0.7920593, 3.006243;1.069007, -0.7747878, 2.580173;
0.8957326, 0.8055896, 2.928246;0.9749526, 0.6283334, 2.907194;0.9906723, 0.2489029, 2.903957;0.8951331, 0.4931761, 3.086973;1.049806, 0.4990172, 2.786994;0.8169661, -0.02786517, 3.028917;0.9699447, -0.008126326, 2.59919;0.9936668, 0.1710895, 2.908606;0.966202, 0.09191492, 2.973523;1.032856, 0.1039073, 2.844148;0.9455683, -0.3567749, 2.996044;1.05031, -0.3521583, 2.700594;0.9897113, -0.7135584, 3.027742;1.110906, -0.6991577, 2.626875;0.9241757, -0.7920361, 3.006168;1.069228, -0.7747283, 2.58203;
0.869162, 0.78921, 2.937111;0.9612414, 0.6184283, 2.902577;0.9927887, 0.2435451, 2.906838;0.886855, 0.4804577, 3.079304;1.045765, 0.4969292, 2.786896;0.8110645, -0.0356114, 3.027963;0.9581753, -0.01758163, 2.591405;0.9983656, 0.1660928, 2.912394;0.9719074, 0.08607174, 2.978554;1.040126, 0.09844798, 2.847919;0.9431307, -0.3572814, 2.996015;1.048489, -0.3574288, 2.698026;0.9881646, -0.7137536, 3.02836;1.109865, -0.699522, 2.626238;0.9239062, -0.7912574, 3.005509;1.068927, -0.7750674, 2.58174;
0.8586711, 0.7781768, 2.928707;0.9436761, 0.605454, 2.900112;0.9941249, 0.232006, 2.910745;0.8727856, 0.4569989, 3.062509;1.034948, 0.4876271, 2.783211;0.8013638, -0.04848539, 3.021921;0.9518819, -0.019866, 2.591843;1.003043, 0.1552154, 2.917009;0.9773064, 0.07725917, 2.982028;1.04741, 0.08952594, 2.853826;0.937814, -0.3618889, 2.995998;1.048713, -0.3646661, 2.694558;0.9879336, -0.721053, 3.02947;1.108552, -0.7002376, 2.625287;0.9233078, -0.794735, 3.005662;1.067369, -0.7761055, 2.581315;
0.8444299, 0.7624217, 2.924805;0.9326657, 0.5925105, 2.89684;0.996233, 0.2232355, 2.912519;0.8665065, 0.441509, 3.059272;1.023523, 0.4736619, 2.7778;0.7911909, -0.07384414, 3.010989;0.9400995, -0.04336615, 2.583193;1.007756, 0.1473605, 2.91944;0.9858487, 0.0653857, 2.988004;1.055179, 0.08204738, 2.855256;0.9362849, -0.3658972, 2.996525;1.049823, -0.3721527, 2.691224;0.9858068, -0.7362105, 3.02925;1.106619, -0.7005253, 2.624517;0.9225465, -0.7981156, 3.006067;1.067119, -0.7761352, 2.580966;
0.8187676, 0.7348694, 2.905846;0.9184457, 0.5739976, 2.888109;0.9981042, 0.2089379, 2.914789;0.8567642, 0.4223941, 3.052772;1.010034, 0.4588118, 2.770796;0.7843915, -0.08357449, 3.011808;0.9285823, -0.06500423, 2.577452;1.012869, 0.1340145, 2.923456;0.9916534, 0.05668343, 2.991759;1.062487, 0.0706699, 2.861199;0.934266, -0.3670674, 2.995979;1.049557, -0.3729142, 2.690536;0.9802605, -0.7287587, 3.029075;1.105215, -0.7011241, 2.624074;0.9118321, -0.8006263, 3.003201;1.0666, -0.7764345, 2.580572;
0.8102872, 0.7168846, 2.89738;0.9047079, 0.5554849, 2.887578;1.000884, 0.1906552, 2.916284;0.8468833, 0.3986597, 3.046478;0.9906586, 0.4292981, 2.768768;0.7773402, -0.0907159, 3.010963;0.9238424, -0.0597762, 2.575909;1.019449, 0.1163805, 2.925547;1.004458, 0.03427234, 2.996487;1.070495, 0.05762762, 2.862279;0.9334557, -0.3683012, 2.996258;1.048542, -0.374191, 2.689476;0.9812768, -0.7270383, 3.029016;1.104986, -0.7012019, 2.623947;0.9169779, -0.7973657, 3.003252;1.066686, -0.7759997, 2.57742;
0.800349, 0.6895159, 2.893138;0.891031, 0.5243299, 2.880435;1.005221, 0.160448, 2.912877;0.8336002, 0.3744914, 3.039022;0.984982, 0.4138938, 2.76679;0.7473575, -0.1480709, 3.0082;0.9174205, -0.08386008, 2.568946;1.02773, 0.08708169, 2.922885;1.012891, 0.0107389, 2.991373;1.081473, 0.03507698, 2.863046;0.925778, -0.3799377, 2.996171;1.046439, -0.3778137, 2.687657;0.9820752, -0.7212304, 3.028146;1.104169, -0.7018133, 2.623104;0.917917, -0.7949463, 3.004029;1.066263, -0.7761146, 2.577333;
0.7708759, 0.6468365, 2.883738;0.8762312, 0.4947059, 2.875386;1.006535, 0.1408805, 2.916318;0.8240958, 0.3585558, 3.038099;0.9783803, 0.3871984, 2.763413;0.7475969, -0.1617486, 3.004371;0.9045051, -0.1153519, 2.562975;1.03174, 0.06880719, 2.927786;1.018567, -0.002315471, 2.994359;1.089497, 0.01088817, 2.8733;0.9207932, -0.3897024, 2.99668;1.044157, -0.3863855, 2.684169;0.9818242, -0.7192094, 3.02809;1.102569, -0.7029682, 2.621965;0.9120423, -0.7923721, 3.004507;1.065648, -0.7766877, 2.577744;
0.7677809, 0.6381468, 2.879738;0.8653255, 0.4685044, 2.870285;1.002348, 0.1218704, 2.914201;0.8079392, 0.31807, 3.029574;0.9686605, 0.3705696, 2.761074;0.7344322, -0.1873024, 3.000278;0.9027912, -0.1232384, 2.557653;1.029274, 0.05260969, 2.926405;1.01594, -0.0182713, 2.993074;1.08911, 0.002713097, 2.872211;0.9119224, -0.4032492, 2.998842;1.04065, -0.395933, 2.681834;0.981751, -0.7188391, 3.027808;1.101806, -0.7033062, 2.621575;0.9160194, -0.7920578, 3.006038;1.064548, -0.7772334, 2.577727;
0.7452973, 0.587707, 2.86138;0.8551688, 0.4335389, 2.862277;1.009779, 0.1015956, 2.912377;0.7978057, 0.2891581, 3.020528;0.9575606, 0.3369343, 2.756058;0.7250627, -0.2088292, 2.998633;0.8976929, -0.1339333, 2.555316;1.04017, 0.03336471, 2.925555;1.03189, -0.03862548, 2.989981;1.101862, -0.01394126, 2.874505;0.9036844, -0.4152973, 2.998753;1.038409, -0.4010693, 2.679627;0.9793992, -0.718978, 3.027206;1.099887, -0.705054, 2.620229;0.922797, -0.7917686, 2.999641;1.0633, -0.7773672, 2.577274;
0.7392671, 0.5451491, 2.856011;0.8494816, 0.3953923, 2.861411;1.016963, 0.07735583, 2.907993;0.7893583, 0.2506656, 3.01031;0.9534489, 0.3040658, 2.747605;0.7161636, -0.2309584, 2.991091;0.8748459, -0.2051235, 2.538608;1.049534, 0.01304112, 2.92102;1.041251, -0.05540599, 2.982713;1.111911, -0.02741071, 2.872481;0.8963571, -0.4245934, 3.000652;1.036234, -0.403378, 2.677472;0.9824376, -0.716645, 3.028183;1.099961, -0.7054998, 2.620028;0.9063573, -0.7920098, 3.00144;1.062911, -0.7773756, 2.575155;
0.7181417, 0.5060593, 2.843196;0.8360146, 0.3628924, 2.848987;0.9997894, 0.02246957, 2.918248;0.7900352, 0.2161001, 3.007225;0.9488875, 0.2812047, 2.745831;0.709017, -0.2580571, 2.993951;0.8617759, -0.239133, 2.532876;1.032969, -0.04458903, 2.93609;1.027883, -0.1043828, 2.992599;1.091582, -0.09297485, 2.899569;0.8754951, -0.46975, 3.00534;1.034174, -0.4207585, 2.668671;0.9810293, -0.7177054, 3.026042;1.099781, -0.7175899, 2.616214;0.9063919, -0.7944193, 3.004259;1.059334, -0.7815969, 2.572272;
0.692472, 0.4140143, 2.817468;0.8159934, 0.2614409, 2.829267;0.9947779, -0.04544784, 2.909536;0.7714936, 0.1406227, 2.980642;0.9376276, 0.1898323, 2.733749;0.6888281, -0.3624135, 2.990887;0.8643526, -0.3056932, 2.525709;1.030535, -0.1068256, 2.929184;1.026299, -0.1703282, 2.985622;1.095643, -0.1478134, 2.896924;0.8401982, -0.5171171, 3.012708;1.021372, -0.4523895, 2.640645;0.9395624, -0.8000527, 3.035776;1.088881, -0.7482362, 2.588559;0.8724939, -0.7962965, 2.979654;1.032, -0.8094384, 2.562467;
0.6792065, 0.3564162, 2.79792;0.8085065, 0.2104497, 2.815776;0.9866514, -0.09324751, 2.89233;0.7568582, 0.08322221, 2.978454;0.9256014, 0.1368552, 2.728712;0.6799091, -0.415301, 2.995429;0.8453167, -0.3796859, 2.529385;1.02228, -0.153987, 2.91123;1.020744, -0.2172359, 2.966124;1.085977, -0.1967074, 2.879822;0.8810483, -0.4604805, 3.012212;0.98092, -0.4747359, 2.605759;0.9805422, -0.7261349, 3.024064;1.097472, -0.7100354, 2.617764;0.9052572, -0.7979621, 3.001447;1.059897, -0.7794741, 2.576346;
0.6738632, 0.3283613, 2.798439;0.8072834, 0.1952227, 2.814971;0.985626, -0.0988871, 2.890338;0.7577612, 0.05455521, 2.981782;0.9280151, 0.1198995, 2.724588;0.6790101, -0.4376769, 2.994499;0.8311474, -0.4133597, 2.522902;1.021312, -0.158353, 2.909162;1.021155, -0.2246132, 2.96257;1.084985, -0.1997861, 2.878631;0.8806829, -0.4609187, 3.011828;1.025338, -0.4993566, 2.643249;0.9776876, -0.7243108, 3.022995;1.096649, -0.7114069, 2.616432;0.9060459, -0.7937448, 2.999391;1.059249, -0.7796392, 2.576028;
0.6748259, 0.302017, 2.792574;0.8074723, 0.169766, 2.810023;0.9837098, -0.1117621, 2.884385;0.7659122, 0.02185587, 2.965339;0.9271054, 0.1043971, 2.720407;0.6711542, -0.4612134, 2.990272;0.8240252, -0.4320269, 2.526046;1.019149, -0.1688406, 2.903136;1.022345, -0.2403104, 2.960696;1.083627, -0.2139717, 2.867724;0.8768308, -0.5149476, 3.020304;1.023959, -0.4991708, 2.643185;0.9726734, -0.7215866, 3.021291;1.096339, -0.7114509, 2.616382;0.9046658, -0.7918977, 2.999495;1.05839, -0.779388, 2.576869;
0.6694655, 0.2783993, 2.791705;0.8028694, 0.1412912, 2.803288;0.9831243, -0.1399345, 2.877873;0.7653091, 0.0001510107, 2.961764;0.9262909, 0.08265426, 2.719472;0.6693309, -0.4772213, 2.987344;0.8310696, -0.4300187, 2.523241;1.019209, -0.1959301, 2.896539;1.022917, -0.26738, 2.953309;1.084506, -0.2300883, 2.864936;0.8547183, -0.4850774, 3.017102;1.02279, -0.5015855, 2.642664;0.9701282, -0.7291382, 3.019122;1.097206, -0.7170958, 2.616468;0.9056043, -0.7943323, 3.00076;1.059198, -0.7846269, 2.576697;
0.6659247, 0.2544421, 2.782183;0.7985131, 0.1197196, 2.803108;0.9838485, -0.1520451, 2.876792;0.7673554, -0.04106414, 2.963104;0.9215077, 0.05677342, 2.715631;0.6690462, -0.4924505, 2.988188;0.8249781, -0.4897707, 2.511506;1.02064, -0.2068508, 2.895237;1.027021, -0.280746, 2.955431;1.087411, -0.2443983, 2.859952;0.8887048, -0.5601844, 3.029619;1.020636, -0.5052738, 2.641874;0.9647202, -0.7437527, 3.017303;1.096904, -0.7191101, 2.615073;0.9017473, -0.8018816, 3.003224;1.058135, -0.7860636, 2.575615;
0.6637192, 0.2295446, 2.780569;0.7965131, 0.09680521, 2.799881;0.9898244, -0.1765135, 2.875793;0.7659683, -0.04428694, 2.962343;0.9202709, 0.04381317, 2.714934;0.6536298, -0.5380752, 2.975672;0.8284198, -0.4899046, 2.513843;1.028512, -0.2313905, 2.894597;1.034865, -0.3000497, 2.953907;1.093146, -0.2612035, 2.860411;0.8668269, -0.4971789, 3.013838;1.022528, -0.5327589, 2.640496;0.9600177, -0.7470033, 3.015795;1.097219, -0.72066, 2.615683;0.8988481, -0.8072563, 3.004389;1.058337, -0.7854775, 2.573385;
0.6624811, 0.2119949, 2.775378;0.7964051, 0.07682841, 2.796035;0.990651, -0.1928163, 2.873101;0.7663091, -0.06196989, 2.956271;0.9206532, 0.02575939, 2.710355;0.6529239, -0.5500027, 2.988533;0.8275524, -0.5366104, 2.502575;1.02948, -0.24678, 2.892089;1.038406, -0.3184296, 2.950618;1.094079, -0.279922, 2.858836;0.9077098, -0.646304, 3.042274;1.013068, -0.5248107, 2.640273;0.950596, -0.7453221, 3.009906;1.096839, -0.7213131, 2.615612;0.8947175, -0.8106442, 3.001455;1.058032, -0.786324, 2.574037;
0.6615769, 0.1864213, 2.772123;0.7958857, 0.0578754, 2.794579;0.9899524, -0.201983, 2.87096;0.7560794, -0.08531091, 2.968983;0.91991, -0.003581225, 2.712842;0.6563612, -0.5506871, 2.990561;0.8287871, -0.554106, 2.5035;1.028785, -0.2544211, 2.889897;1.039971, -0.3282951, 2.951166;1.095134, -0.2909951, 2.854229;0.9050831, -0.63257, 3.03885;0.9885397, -0.5113989, 2.637752;0.9152167, -0.6873384, 2.971349;1.09582, -0.722072, 2.616059;0.9026586, -0.7995811, 3.001181;1.057787, -0.7870083, 2.573729;
0.6620172, 0.1789857, 2.771724;0.7938135, 0.04082657, 2.792931;0.9879941, -0.2192102, 2.870972;0.7623278, -0.1057236, 2.960695;0.9182298, -0.01078394, 2.713687;0.6599846, -0.5793124, 2.988536;0.8307849, -0.5593584, 2.503327;1.026867, -0.2711609, 2.890163;1.039453, -0.3457583, 2.954619;1.094176, -0.3057274, 2.853652;0.9508636, -0.5883712, 3.046413;0.9776688, -0.5088967, 2.631821;0.9351637, -0.7448351, 2.992607;1.094516, -0.7219202, 2.618016;0.892127, -0.8185009, 3.004262;1.058547, -0.7866572, 2.574084;
0.6607168, 0.1678065, 2.766802;0.7951351, 0.02971655, 2.791663;0.9881415, -0.2193595, 2.870647;0.7569213, -0.1087447, 2.963236;0.91805, -0.02669913, 2.712491;0.6598158, -0.5913922, 2.98978;0.825797, -0.5707215, 2.506581;1.026996, -0.2710225, 2.889835;1.041466, -0.3459037, 2.956828;1.095683, -0.3053356, 2.851557;0.9185444, -0.6142262, 3.038859;0.873224, -0.4636506, 2.563021;0.93318, -0.7430471, 2.991737;1.094257, -0.7221744, 2.617797;0.8948027, -0.8179399, 3.008954;1.058618, -0.7867128, 2.57372;
0.6598839, 0.1537275, 2.767577;0.7940847, 0.01906007, 2.7904;0.9901274, -0.2223556, 2.871116;0.7570367, -0.1092126, 2.958731;0.9168712, -0.03871901, 2.7136;0.6647241, -0.6000133, 2.995526;0.8299291, -0.5693065, 2.505121;1.029135, -0.2726498, 2.890472;1.046526, -0.3465102, 2.960959;1.098023, -0.3069528, 2.851168;0.9185943, -0.6142526, 3.038654;0.9715859, -0.4878398, 2.628368;0.9294158, -0.7399716, 2.990194;1.094627, -0.7226039, 2.618308;0.8947249, -0.8162466, 3.0082;1.058671, -0.7869886, 2.574635;
0.6604429, 0.1480009, 2.76838;0.7933694, 0.01199407, 2.789727;0.9908185, -0.227611, 2.870355;0.7547249, -0.1102556, 2.9552;0.9164765, -0.04540283, 2.71408;0.6652582, -0.6008962, 2.995703;0.8443462, -0.5628901, 2.500479;1.030008, -0.2764443, 2.889845;1.047144, -0.3482975, 2.960571;1.099131, -0.3108971, 2.850313;0.8293067, -0.4919725, 2.993566;0.9649619, -0.4897023, 2.632903;0.9311451, -0.6967441, 3.003352;1.094597, -0.7229697, 2.618372;0.8917507, -0.8037294, 3.006775;1.059758, -0.7860562, 2.572047;
0.6585524, 0.1375001, 2.763523;0.7911761, -0.005144224, 2.79499;0.992557, -0.2430282, 2.872492;0.7524567, -0.1115165, 2.952356;0.9153515, -0.05032535, 2.713875;0.6668097, -0.6032943, 2.999539;0.8558472, -0.5554968, 2.499877;1.03258, -0.2907382, 2.891445;1.047582, -0.3569152, 2.959047;1.100325, -0.3193538, 2.852197;0.8292894, -0.4918729, 2.993488;0.9623408, -0.4948037, 2.634785;0.9299406, -0.6969492, 3.005575;1.094515, -0.7233157, 2.618293;0.8860906, -0.8040184, 3.011945;1.060079, -0.7881564, 2.574188;
0.6585383, 0.1349004, 2.76394;0.7906782, -0.005655346, 2.794737;0.9951988, -0.2464284, 2.87154;0.7452941, -0.1601624, 2.968655;0.9151029, -0.05316222, 2.713926;0.66483, -0.6216013, 2.999587;0.8625594, -0.5911908, 2.497295;1.036748, -0.2952626, 2.890221;1.052645, -0.3681743, 2.951728;1.103628, -0.3199767, 2.853157;0.8291286, -0.4921078, 2.993527;0.9619949, -0.5056229, 2.626271;0.9261162, -0.6880354, 3.006898;1.095057, -0.7236283, 2.61906;0.8862158, -0.7968097, 3.008151;1.060332, -0.7898383, 2.577288;
0.6585642, 0.1344791, 2.763559;0.7904844, -0.00622895, 2.794201;0.9957503, -0.2469411, 2.871281;0.7546692, -0.1654805, 2.962704;0.9148403, -0.05445967, 2.714027;0.6650464, -0.6216724, 2.999778;0.8631411, -0.5786006, 2.494339;1.037363, -0.2956706, 2.890033;1.053624, -0.3699904, 2.952944;1.105044, -0.3196487, 2.852583;0.8822805, -0.5372453, 3.016165;0.9623038, -0.5052058, 2.62778;0.9365593, -0.6905949, 3.011781;1.095104, -0.7235819, 2.619016;0.8877659, -0.7956557, 3.009159;1.060633, -0.7898542, 2.577133;
0.6589335, 0.1345118, 2.763776;0.790159, -0.007888134, 2.795055;0.9973612, -0.2405624, 2.869633;0.7511126, -0.1662828, 2.968271;0.9150249, -0.05560429, 2.714248;0.6637481, -0.6233526, 2.999723;0.8632809, -0.5717968, 2.495577;1.039811, -0.2844339, 2.887087;1.060746, -0.3625228, 2.955003;1.113281, -0.3056229, 2.844645;0.7287194, -0.5382062, 3.018976;0.9625279, -0.505935, 2.628142;0.8695578, -0.7931057, 3.045804;1.09547, -0.7233829, 2.619364;0.8934293, -0.8198121, 2.968012;1.060767, -0.7898743, 2.57802;
0.6588439, 0.1341237, 2.765134;0.7900558, -0.008261086, 2.795164;0.9896975, -0.2465631, 2.870641;0.7500672, -0.1653349, 2.969619;0.9146855, -0.05673383, 2.714219;0.6634507, -0.6217709, 3.000435;0.8632336, -0.5712904, 2.494914;1.02756, -0.294741, 2.888964;1.041068, -0.3760887, 2.95802;1.097232, -0.3259921, 2.849654;0.8893123, -0.5513821, 3.016767;0.9623538, -0.5057089, 2.628159;0.9447235, -0.7067283, 3.018007;1.09549, -0.7234373, 2.619308;0.8874601, -0.8064201, 3.004014;1.06101, -0.7911236, 2.579842;
0.6590663, 0.133504, 2.765801;0.7899449, -0.009069687, 2.795247;0.990641, -0.248731, 2.870628;0.7495505, -0.1647635, 2.970297;0.9146488, -0.05740954, 2.714156;0.6637465, -0.6204575, 3.002087;0.8628329, -0.5689626, 2.495316;1.02944, -0.2973166, 2.888974;1.043252, -0.3777549, 2.957852;1.099823, -0.3272313, 2.84947;0.8235911, -0.4961147, 2.993871;0.9624665, -0.5044756, 2.633922;0.9455169, -0.7072554, 3.018091;1.09555, -0.723389, 2.618943;0.8864866, -0.8057032, 3.003061;1.06092, -0.7914773, 2.580384;
0.6597895, 0.1335112, 2.766576;0.7901172, -0.009298529, 2.795431;0.9903781, -0.2484228, 2.870292;0.7494719, -0.1644175, 2.971369;0.9142637, -0.05876008, 2.714431;0.6635513, -0.6197088, 3.00306;0.8635905, -0.5666536, 2.494096;1.029142, -0.2966824, 2.888463;1.043589, -0.376903, 2.957459;1.099673, -0.3262073, 2.848487;0.6955593, -0.5203763, 3.014685;0.8380187, -0.4373993, 2.577452;0.8352317, -0.7739232, 3.047226;1.096127, -0.723428, 2.619169;0.8921502, -0.812418, 2.996273;1.061783, -0.7895274, 2.577108;
0.6603035, 0.1341392, 2.767723;0.7901552, -0.009359305, 2.795335;0.9858922, -0.2505308, 2.871396;0.7488744, -0.164699, 2.974041;0.9147244, -0.06010709, 2.715443;0.6635946, -0.6183177, 3.004706;0.8639011, -0.565321, 2.493921;1.023485, -0.2992554, 2.890048;1.036628, -0.3810346, 2.961867;1.095848, -0.3304736, 2.849506;0.6863281, -0.5196252, 3.016645;0.8354304, -0.4367996, 2.575464;0.8249574, -0.7743359, 3.046037;1.096479, -0.7234856, 2.619346;0.8886176, -0.8097581, 3.001229;1.061866, -0.7893867, 2.577226;
0.6603985, 0.134456, 2.769669;0.7903875, -0.008627268, 2.795814;0.983052, -0.252142, 2.871938;0.7486979, -0.1639093, 2.975888;0.9149348, -0.06036094, 2.715744;0.6635558, -0.6170492, 3.008905;0.8634368, -0.5657787, 2.493331;1.019987, -0.3016053, 2.890578;1.031787, -0.383606, 2.961739;1.092074, -0.333464, 2.850269;0.6876261, -0.5355322, 3.018206;0.8332047, -0.4360657, 2.573526;0.8261754, -0.7896144, 3.049905;1.096474, -0.7234116, 2.619201;0.8874261, -0.8089552, 2.993449;1.06051, -0.7895677, 2.578668;
0.6606652, 0.1349867, 2.771884;0.7910037, -0.007202195, 2.796064;0.9930561, -0.2344432, 2.872481;0.7489997, -0.1630569, 2.97741;0.9150114, -0.06099427, 2.717276;0.6639895, -0.6149608, 3.010598;0.863585, -0.5637487, 2.493248;1.034984, -0.2769282, 2.8911;1.06027, -0.3509452, 2.967724;1.111179, -0.2990224, 2.846065;0.7132428, -0.5037575, 3.000859;0.8470513, -0.4348311, 2.591555;0.9405318, -0.7317848, 3.013199;1.098212, -0.7233332, 2.620231;0.8894876, -0.8044674, 2.996863;1.06066, -0.7894575, 2.581398;
0.6623455, 0.13987, 2.774299;0.7916364, 0.0006290013, 2.796909;0.9974031, -0.2314785, 2.869779;0.7580725, -0.1648599, 2.977858;0.9150813, -0.05987885, 2.718457;0.6624187, -0.6128131, 3.009842;0.8637068, -0.5640525, 2.492862;1.039471, -0.2757578, 2.887817;1.066135, -0.3525583, 2.961714;1.112605, -0.2987776, 2.843406;0.7185816, -0.5003382, 3.001951;0.8496052, -0.4355675, 2.589132;0.8589502, -0.7544307, 3.028577;1.097965, -0.7233124, 2.619996;0.900234, -0.8182339, 2.989731;1.060721, -0.789895, 2.581735;
0.6628819, 0.1463662, 2.776305;0.7918884, 0.01031684, 2.798655;0.9945573, -0.2267979, 2.870996;0.7535786, -0.1314743, 2.980438;0.9150851, -0.05702918, 2.71962;0.6658651, -0.595667, 3.010003;0.8629159, -0.5632112, 2.492928;1.035963, -0.2725574, 2.888911;1.057571, -0.3481864, 2.965148;1.109064, -0.2985601, 2.843197;0.7137914, -0.5052769, 3.001837;0.8488871, -0.435284, 2.586166;0.8522767, -0.7600383, 3.029703;1.097861, -0.7233931, 2.619992;0.9066656, -0.8111787, 2.988439;1.06335, -0.7885556, 2.577109;
0.6693984, 0.1599676, 2.780034;0.7941096, 0.01993289, 2.801087;0.9848917, -0.2339524, 2.873725;0.7534068, -0.119398, 2.979252;0.9166417, -0.05052274, 2.722848;0.6645857, -0.5882939, 3.012873;0.8597305, -0.5635685, 2.493762;1.018473, -0.2886626, 2.892758;1.023853, -0.3702075, 2.96563;1.079399, -0.3376997, 2.85103;0.6917421, -0.5456926, 3.017264;0.8330497, -0.4365564, 2.563262;0.9404744, -0.7552024, 3.012542;1.09775, -0.7234192, 2.619916;0.8791344, -0.8119588, 2.996468;1.062736, -0.7893921, 2.579125;
0.6747827, 0.1719162, 2.786745;0.7960694, 0.02967868, 2.802372;0.9947615, -0.2150599, 2.873556;0.7540137, -0.1076559, 2.979877;0.9173743, -0.04153186, 2.724368;0.6613036, -0.5722865, 3.018281;0.859202, -0.5598836, 2.493325;1.036253, -0.2607335, 2.891176;1.06063, -0.3288357, 2.964925;1.108567, -0.2882996, 2.843423;0.7313247, -0.5114343, 3.006179;0.8520463, -0.4348865, 2.589552;0.8599294, -0.7716986, 3.03175;1.097841, -0.7234908, 2.619658;0.9154235, -0.8176005, 2.986364;1.047657, -0.7937049, 2.546782;
0.6774486, 0.1829588, 2.794509;0.7997641, 0.0478211, 2.805197;0.9948994, -0.2095276, 2.872585;0.7549328, -0.09583918, 2.980167;0.9176694, -0.02747227, 2.724908;0.6612576, -0.5637561, 3.019219;0.8537559, -0.5571874, 2.492837;1.035682, -0.2582647, 2.890117;1.058974, -0.3283643, 2.963573;1.106857, -0.2880011, 2.842534;0.731425, -0.5136352, 3.005931;0.8491426, -0.4403427, 2.593713;0.8586387, -0.7742963, 3.032516;1.097791, -0.7235216, 2.619585;0.9194496, -0.8111957, 2.985829;1.056835, -0.7881043, 2.569609;
0.6818498, 0.1991701, 2.801634;0.8049573, 0.06529769, 2.805406;0.9917308, -0.2075487, 2.871834;0.7560529, -0.0739968, 2.980683;0.9197943, -0.01998278, 2.726136;0.6655006, -0.5580254, 3.016079;0.8458853, -0.5403012, 2.495975;1.029583, -0.2582268, 2.888757;1.03822, -0.3304896, 2.95544;1.091045, -0.2935103, 2.843375;0.7195653, -0.5248666, 3.015092;0.8482804, -0.4526084, 2.58349;0.9627656, -0.7671611, 3.009593;1.097224, -0.724364, 2.618896;0.8881088, -0.8065679, 3.000224;1.056535, -0.7880731, 2.572262;
0.7001009, 0.2446879, 2.812193;0.8083639, 0.08018047, 2.805601;0.9879422, -0.2036645, 2.870793;0.7570777, -0.05935532, 2.9825;0.9253263, 0.002658049, 2.724591;0.6464396, -0.5347037, 3.00981;0.8391325, -0.5190698, 2.495998;1.024468, -0.2566464, 2.887412;1.029937, -0.3293658, 2.952775;1.087721, -0.2940216, 2.843082;0.718957, -0.5326203, 3.020543;0.8639696, -0.4703306, 2.577084;0.9478384, -0.7504851, 3.005967;1.096459, -0.724669, 2.618959;0.8872684, -0.809783, 3.003502;1.05716, -0.7882462, 2.574009;
0.7136679, 0.2670698, 2.819778;0.8140616, 0.09314596, 2.807477;0.9867952, -0.1998206, 2.869911;0.7633827, -0.02765912, 2.972508;0.9248921, 0.01336315, 2.726243;0.6361854, -0.5201939, 3.018462;0.8345343, -0.508971, 2.493915;1.022738, -0.2549303, 2.886346;1.027259, -0.3267572, 2.95151;1.085708, -0.2940974, 2.841766;0.8286443, -0.4999796, 3.000091;0.8615338, -0.4669492, 2.57527;0.9476674, -0.7375754, 3.006931;1.0946, -0.7265999, 2.617809;0.8905273, -0.7996306, 2.998794;1.048222, -0.7912551, 2.551474;
0.7167929, 0.2759055, 2.820848;0.816433, 0.1107704, 2.80921;0.9869797, -0.1925014, 2.870718;0.7648911, -0.02581391, 2.973724;0.9269711, 0.02636869, 2.730995;0.6499801, -0.5238577, 3.010355;0.8300923, -0.4975662, 2.494862;1.022296, -0.2512389, 2.886701;1.0256, -0.3215366, 2.951437;1.084899, -0.2916322, 2.842155;0.829339, -0.5013527, 2.999646;0.8644766, -0.4673212, 2.575719;0.9528888, -0.7436033, 3.006614;1.094234, -0.7271171, 2.617435;0.8938984, -0.8038816, 3.000077;1.056394, -0.7878709, 2.572345;
0.7285906, 0.2949122, 2.82379;0.8210784, 0.1207568, 2.812209;0.986353, -0.1847228, 2.872053;0.7687119, -0.01824176, 2.976146;0.9314245, 0.03365572, 2.731743;0.6522949, -0.4907319, 3.006596;0.8455683, -0.4505584, 2.500697;1.020456, -0.2449051, 2.887599;1.021752, -0.3149962, 2.952803;1.083491, -0.2883714, 2.842227;0.8294426, -0.5032302, 2.99827;0.8713076, -0.4645632, 2.570439;0.9536596, -0.7442679, 3.006344;1.089951, -0.7320926, 2.611352;0.8959938, -0.8056387, 3.000648;1.053448, -0.7947683, 2.568184;
0.7459297, 0.3203137, 2.835665;0.8380453, 0.1671031, 2.822433;0.9782338, -0.1669278, 2.873457;0.7785102, 0.0146923, 2.986981;0.9359272, 0.05767202, 2.734341;0.6509035, -0.4811443, 3.003468;0.8297316, -0.4469877, 2.500754;1.007987, -0.2299961, 2.887886;1.000614, -0.2953489, 2.950493;1.065795, -0.2768557, 2.842147;0.8290219, -0.5016875, 2.995743;0.9727869, -0.5090711, 2.619752;0.9538305, -0.7443519, 3.006242;1.088925, -0.7319137, 2.610884;0.8965749, -0.8058755, 3.001311;1.0537, -0.7953674, 2.568217;
0.7599059, 0.3404747, 2.84591;0.8427739, 0.1738069, 2.828184;0.9761488, -0.153268, 2.877996;0.7786986, 0.02357126, 2.991465;0.9393079, 0.07690418, 2.740752;0.6426859, -0.4481575, 2.995853;0.8324891, -0.4236988, 2.506415;1.003585, -0.2176931, 2.891361;0.9959402, -0.2872373, 2.950255;1.060021, -0.2646005, 2.848054;0.8271955, -0.4928455, 2.99066;0.9700012, -0.5117306, 2.620026;0.9501909, -0.7353183, 3.00697;1.087507, -0.7315179, 2.610608;0.8998924, -0.802347, 3.001424;1.056927, -0.7948362, 2.564682;
0.7639898, 0.3444475, 2.8467;0.8482821, 0.1902251, 2.836523;0.9733488, -0.1473227, 2.878292;0.7824175, 0.03103639, 2.991603;0.9405985, 0.08580369, 2.743242;0.6423138, -0.4403331, 2.997956;0.8294652, -0.4105158, 2.507133;0.9993581, -0.2128993, 2.890743;0.9898956, -0.2816866, 2.946728;1.053192, -0.2600945, 2.847818;0.8265747, -0.488467, 2.987598;0.958086, -0.5343277, 2.596771;0.9493168, -0.7338248, 3.006642;1.096747, -0.7910241, 2.590117;0.9003413, -0.8015311, 2.999227;1.019127, -0.7983437, 2.559144;
0.773581, 0.365119, 2.855792;0.8536366, 0.2091428, 2.845638;0.974714, -0.1350095, 2.883772;0.7927295, 0.062208, 2.983953;0.9409007, 0.0978415, 2.74737;0.6413975, -0.4174387, 2.986451;0.8268096, -0.3934242, 2.506826;0.9995951, -0.2035208, 2.894879;0.9889095, -0.2681262, 2.951617;1.052379, -0.2524491, 2.850199;0.8234664, -0.4812244, 2.983897;0.9561177, -0.5264448, 2.600803;0.9482154, -0.7343605, 3.006872;1.097381, -0.78098, 2.595285;0.9090762, -0.8069426, 2.992615;1.019666, -0.783227, 2.564325;
0.7729667, 0.3776469, 2.855607;0.8604929, 0.2272736, 2.849967;0.9833115, -0.1058886, 2.898965;0.7939451, 0.06694221, 2.986814;0.9444468, 0.1140907, 2.751411;0.6387057, -0.3840723, 2.978899;0.8115572, -0.3942598, 2.500327;1.007898, -0.1723486, 2.912591;0.9930441, -0.2360506, 2.977611;1.063748, -0.2224719, 2.862313;0.8232642, -0.4800543, 2.98254;0.9614734, -0.5018407, 2.620108;0.9457897, -0.7359251, 3.00586;1.104147, -0.7549429, 2.61453;0.9079776, -0.809269, 2.993285;1.043674, -0.7902588, 2.56911;
0.8089252, 0.4172442, 2.888463;0.8680534, 0.2428757, 2.856689;0.978613, -0.1032197, 2.896938;0.7991485, 0.08005391, 2.994271;0.9452782, 0.1276455, 2.755077;0.6399374, -0.3799046, 2.978924;0.8079177, -0.373913, 2.499505;0.9995503, -0.1705365, 2.908314;0.9847591, -0.2367758, 2.970468;1.047824, -0.2230037, 2.856034;0.7735708, -0.5421207, 2.985804;0.957297, -0.5041811, 2.615446;0.8977954, -0.7993158, 3.013335;1.101757, -0.7554995, 2.611503;0.9493415, -0.8042806, 2.948137;1.040778, -0.7929115, 2.568907;
0.810761, 0.4272573, 2.890756;0.877297, 0.2635955, 2.860032;0.9778939, -0.09787214, 2.893825;0.8016434, 0.08809657, 3.000131;0.9492525, 0.145954, 2.762604;0.6423258, -0.3746142, 2.978546;0.8423101, -0.3015757, 2.509392;0.998283, -0.167313, 2.90466;0.9825974, -0.2350753, 2.964388;1.046664, -0.2189424, 2.852675;0.7678528, -0.5365419, 2.983365;0.9572772, -0.5027491, 2.616307;0.9439598, -0.7333061, 3.00771;1.102231, -0.7531281, 2.612867;0.9060106, -0.8061534, 2.995445;1.042981, -0.7918705, 2.569441;
0.8215625, 0.4453771, 2.895651;0.8842319, 0.28069, 2.866779;0.9784707, -0.08328839, 2.893869;0.8048968, 0.1007856, 3.001484;0.9543127, 0.1590506, 2.764015;0.6490644, -0.3575467, 2.982792;0.8293543, -0.3097858, 2.50504;0.9977001, -0.1556236, 2.90332;0.9810548, -0.2248182, 2.960458;1.045866, -0.2063516, 2.852623;0.770982, -0.528311, 2.981499;0.9477411, -0.4862842, 2.616426;0.9441448, -0.7348852, 3.007155;1.090748, -0.7376282, 2.609332;0.9049975, -0.806607, 2.993285;1.0485, -0.7987503, 2.572615;
0.8309861, 0.4656072, 2.904171;0.8922612, 0.3004015, 2.867901;0.9804939, -0.07221538, 2.892082;0.8091353, 0.1226567, 3.006555;0.9578996, 0.1734755, 2.764729;0.6509034, -0.3364321, 2.984143;0.8199114, -0.2988732, 2.491931;0.9986938, -0.1461775, 2.900885;0.9806091, -0.2155785, 2.956347;1.046569, -0.1949574, 2.85062;0.7748188, -0.5208103, 2.979379;0.9482229, -0.479198, 2.621401;0.9436917, -0.7354736, 3.007338;1.09066, -0.7305507, 2.612288;0.9049906, -0.8075998, 2.995643;1.053084, -0.7943736, 2.575526;
0.8372638, 0.480852, 2.908672;0.8984166, 0.3160367, 2.871525;0.9775154, -0.06010267, 2.896771;0.8173844, 0.1429973, 3.006881;0.9596763, 0.1893562, 2.766525;0.6530409, -0.3238035, 2.984941;0.8262663, -0.2849727, 2.493357;0.9937381, -0.134658, 2.905578;0.9740623, -0.2016817, 2.963001;1.040089, -0.1875257, 2.854015;0.7804533, -0.5149335, 2.975468;0.947726, -0.4731627, 2.625323;0.9438486, -0.7360239, 3.007218;1.090081, -0.7242618, 2.614397;0.9059977, -0.8084055, 2.995714;1.057476, -0.7889687, 2.574975;
0.8444446, 0.4945475, 2.912978;0.9073092, 0.3308809, 2.877585;0.9764937, -0.05142602, 2.898759;0.8198322, 0.1499801, 3.008121;0.9637661, 0.2063311, 2.772232;0.6553011, -0.2987412, 2.987828;0.8299221, -0.2745757, 2.493584;0.9912088, -0.126944, 2.906895;0.9701827, -0.1949926, 2.963537;1.036081, -0.179449, 2.855247;0.782341, -0.5111417, 2.972104;0.9434069, -0.4648303, 2.627671;0.9469752, -0.74152, 3.006186;1.089376, -0.7209561, 2.616103;0.9020008, -0.8094463, 2.994589;1.05917, -0.7864822, 2.576541;
0.8538167, 0.5110071, 2.919902;0.9139994, 0.3460407, 2.879142;0.9765764, -0.03576434, 2.896879;0.8296924, 0.1752841, 3.012067;0.9699649, 0.2142961, 2.773162;0.658975, -0.2899648, 2.988688;0.8359335, -0.2582422, 2.496676;0.9895235, -0.1117342, 2.904057;0.9676635, -0.1811421, 2.95996;1.032656, -0.1659149, 2.851799;0.7874284, -0.5008575, 2.969175;0.9435654, -0.4613102, 2.630666;0.9474592, -0.7413041, 3.00601;1.089063, -0.7208987, 2.615865;0.9004371, -0.8076401, 2.994709;1.059214, -0.7865523, 2.576649;
0.8681223, 0.5206305, 2.923078;0.9203953, 0.3534134, 2.879509;0.9794155, -0.0281677, 2.893259;0.8312978, 0.179082, 3.015384;0.9733806, 0.2264967, 2.774235;0.6633044, -0.2756776, 2.982435;0.8349643, -0.2495436, 2.496074;0.9915615, -0.1040694, 2.899462;0.9675517, -0.1747677, 2.95566;1.035919, -0.1516721, 2.84355;0.7904509, -0.4954584, 2.968311;0.94356, -0.457389, 2.63172;0.9492728, -0.7426656, 3.005296;1.089121, -0.7210752, 2.615693;0.9014646, -0.8083995, 2.99521;1.060028, -0.7856981, 2.574635;
0.8866581, 0.5369304, 2.942229;0.9266649, 0.3676913, 2.882206;0.9805751, -0.01342109, 2.88933;0.836869, 0.1872861, 3.018289;0.9856437, 0.2421747, 2.77531;0.6651129, -0.2594, 2.981702;0.8477701, -0.2202199, 2.500197;0.9915308, -0.08914408, 2.894074;0.9647816, -0.1587026, 2.947685;1.035805, -0.1379317, 2.839084;0.7971779, -0.4835488, 2.96583;0.9429083, -0.4537873, 2.632098;0.9480392, -0.7388869, 3.005344;1.089225, -0.720969, 2.616015;0.9016315, -0.8057666, 2.998186;1.06008, -0.7856058, 2.575389;
0.9018043, 0.5536016, 2.93706;0.9417818, 0.3839517, 2.884847;0.9831802, -0.00443823, 2.887115;0.8444421, 0.2035575, 3.020912;0.9878245, 0.2504476, 2.774403;0.6634378, -0.2478411, 2.968268;0.8466331, -0.2179822, 2.497943;0.9925315, -0.08125075, 2.891279;0.964928, -0.1519847, 2.945196;1.035174, -0.1295361, 2.835244;0.7995911, -0.4775391, 2.964343;0.942294, -0.4513429, 2.632758;0.9512401, -0.7411858, 3.00514;1.089313, -0.7210457, 2.615972;0.901157, -0.8051041, 2.997676;1.060092, -0.785622, 2.575652;
0.9045136, 0.5618941, 2.93647;0.9482436, 0.3933119, 2.887888;0.9827211, 0.006662649, 2.890952;0.8472373, 0.2077613, 3.021457;0.9899304, 0.2576663, 2.774076;0.665148, -0.2348397, 2.970488;0.8652686, -0.1834255, 2.50759;0.9901369, -0.07007289, 2.895157;0.9569559, -0.1370411, 2.955985;1.033614, -0.1209005, 2.834996;0.8031933, -0.4693514, 2.961555;0.9416133, -0.4485869, 2.632664;0.9508356, -0.7408363, 3.004307;1.089564, -0.721421, 2.616029;0.9010043, -0.8045019, 2.994102;1.041695, -0.7926245, 2.575525;
0.9063241, 0.5731412, 2.934293;0.9562094, 0.4059404, 2.890903;0.9815214, 0.01521737, 2.891013;0.8526038, 0.222072, 3.025883;0.9949639, 0.2698376, 2.773945;0.6679723, -0.2171629, 2.972524;0.8667322, -0.1753621, 2.507388;0.9872894, -0.06197838, 2.894682;0.9534875, -0.1287317, 2.953577;1.029048, -0.1130948, 2.834697;0.8053793, -0.4634397, 2.960458;0.9416897, -0.4473855, 2.63286;0.9508482, -0.7409602, 3.004218;1.0895, -0.7212369, 2.615909;0.902732, -0.8057179, 2.99379;1.058214, -0.7829538, 2.573134;
0.9425508, 0.5962307, 2.946752;0.9658468, 0.4188568, 2.892765;0.9831085, 0.03261549, 2.887656;0.8628783, 0.2393941, 3.030701;1.008797, 0.2909504, 2.770612;0.6719301, -0.2030089, 2.973942;0.8688983, -0.1677014, 2.506758;0.9867437, -0.04396414, 2.889985;0.9511978, -0.1157794, 2.949985;1.027908, -0.09497585, 2.82647;0.8064836, -0.4520919, 2.957364;0.9406466, -0.4463829, 2.632413;0.9536881, -0.743202, 3.003967;1.090578, -0.7216943, 2.61704;0.9039665, -0.8068542, 2.995676;1.058614, -0.783178, 2.574724;
0.9434851, 0.6189755, 2.951048;0.9854766, 0.4498394, 2.901545;0.9849437, 0.04964626, 2.885799;0.8744015, 0.2699123, 3.026803;1.018513, 0.3064843, 2.770236;0.6739699, -0.1877441, 2.967041;0.8755115, -0.1490898, 2.509546;0.9862184, -0.02903298, 2.886771;0.9479553, -0.0982337, 2.943841;1.026201, -0.07827348, 2.822761;0.8078507, -0.4441756, 2.955189;0.9407381, -0.444748, 2.632247;0.9575036, -0.7466348, 3.004948;1.090114, -0.7207721, 2.617409;0.9038022, -0.8063145, 2.993832;1.058674, -0.7840372, 2.577683;
0.9497467, 0.625846, 2.95093;0.9876032, 0.4554462, 2.903465;0.986368, 0.06374883, 2.883509;0.889491, 0.3137359, 3.028336;1.030821, 0.3218355, 2.772425;0.6735268, -0.1788422, 2.965816;0.8797961, -0.1338458, 2.51268;0.9865603, -0.01390307, 2.882868;0.9478859, -0.08539169, 2.939782;1.025373, -0.06577104, 2.817525;0.8083394, -0.4426636, 2.954034;0.9399011, -0.442993, 2.631737;0.9515624, -0.7338443, 3.0016;1.089535, -0.7204222, 2.616276;0.9084836, -0.8021935, 2.997208;1.059005, -0.7850832, 2.578413;
0.9676037, 0.6470906, 2.953489;1.001726, 0.4756742, 2.906093;0.9880131, 0.07377729, 2.882234;0.891519, 0.3160874, 3.025907;1.037066, 0.3330534, 2.77178;0.6833558, -0.15968, 2.967389;0.8807204, -0.1244158, 2.515902;0.9865247, -0.005609079, 2.881169;0.9470958, -0.07498033, 2.936688;1.023739, -0.05780489, 2.815927;0.8093761, -0.4382706, 2.952502;0.9392248, -0.4406094, 2.6315;0.9520849, -0.7343655, 3.00174;1.088118, -0.7208582, 2.615567;0.9031844, -0.802404, 2.997378;1.058824, -0.785904, 2.57768;
0.9964095, 0.663862, 2.959564;1.011497, 0.489425, 2.91446;0.9899842, 0.0836385, 2.881216;0.8986206, 0.3285756, 3.010695;1.046138, 0.3480964, 2.773164;0.6821411, -0.1531562, 2.965586;0.8840746, -0.1033368, 2.516847;0.9868813, 0.003413806, 2.878658;0.9454108, -0.06226085, 2.931537;1.023603, -0.04810905, 2.81315;0.810662, -0.4320657, 2.951749;0.9399693, -0.4345091, 2.631643;0.9518601, -0.7328478, 3.000334;1.088275, -0.7216009, 2.613801;0.9034877, -0.8010756, 2.994825;1.058283, -0.7869341, 2.577269;
1.010751, 0.6839281, 2.963678;1.024967, 0.5091962, 2.918483;0.9907531, 0.09728442, 2.88055;0.9071612, 0.3510869, 3.011074;1.058828, 0.3684825, 2.779796;0.6828148, -0.1378752, 2.972271;0.9021162, -0.07211659, 2.527269;0.98522, 0.01583141, 2.876936;0.9410462, -0.04602821, 2.926208;1.020728, -0.03458583, 2.813755;0.8132404, -0.4266218, 2.950285;0.9405229, -0.4294822, 2.631332;0.9524605, -0.7334687, 3.000278;1.08802, -0.7219582, 2.612328;0.9068856, -0.8017071, 2.997799;1.057927, -0.7877182, 2.577002;
1.048098, 0.6952883, 2.976085;1.030144, 0.5164986, 2.921731;0.9915034, 0.1101288, 2.879296;0.9111561, 0.3581715, 3.011461;1.061463, 0.375914, 2.781431;0.6923872, -0.1217774, 2.971952;0.9013504, -0.06316838, 2.52484;0.9842035, 0.02968017, 2.874239;0.9400784, -0.03786805, 2.924083;1.017494, -0.02123102, 2.809561;0.8137344, -0.4242716, 2.949633;0.9411654, -0.426568, 2.630406;0.9510018, -0.7319903, 3.000376;1.088278, -0.7220917, 2.610912;0.9053409, -0.8023301, 2.999237;1.057562, -0.7881163, 2.576931;
1.048553, 0.7108338, 2.976397;1.045757, 0.5355522, 2.931133;0.9924015, 0.1231392, 2.877094;0.9221593, 0.3728235, 3.009695;1.067812, 0.3907778, 2.785621;0.6887442, -0.1075609, 2.964795;0.8978589, -0.05809743, 2.520194;0.9828528, 0.04213476, 2.870234;0.9380043, -0.02434165, 2.917948;1.013295, -0.005760837, 2.804346;0.8161308, -0.4172415, 2.948423;0.9415885, -0.4198055, 2.629946;0.9497683, -0.7300091, 3.000921;1.088076, -0.7216663, 2.610463;0.9053499, -0.8020164, 2.998838;1.059382, -0.7870779, 2.573907;
1.05708, 0.7229569, 2.977726;1.054497, 0.5475752, 2.929562;0.9926119, 0.1279948, 2.875785;0.9319907, 0.3876738, 3.004978;1.069932, 0.4076592, 2.793737;0.6941125, -0.09263013, 2.96312;0.909234, -0.02527029, 2.527857;0.9818722, 0.04560719, 2.868853;0.9373018, -0.01590342, 2.913663;1.010432, -0.0003745551, 2.805071;0.8173018, -0.4156412, 2.947727;0.9433792, -0.4141304, 2.630633;0.948842, -0.7302989, 3.001056;1.088356, -0.72192, 2.610167;0.9126425, -0.8017396, 3.001945;1.059303, -0.7874875, 2.574505;
1.068587, 0.7341225, 2.981863;1.066488, 0.5585739, 2.932667;0.9923778, 0.1319683, 2.873307;0.944417, 0.404626, 2.979696;1.084825, 0.4205745, 2.791792;0.7056947, -0.05482607, 2.963631;0.9089292, -0.0149626, 2.522772;0.9796294, 0.04900652, 2.865095;0.9321005, -0.005620623, 2.901139;1.008085, 0.004095956, 2.805292;0.8182294, -0.415016, 2.947632;0.9444479, -0.4079123, 2.632381;0.9528981, -0.7331491, 3.001287;1.089611, -0.7220502, 2.610015;0.9168511, -0.8043808, 2.997308;1.059368, -0.7870942, 2.574747;
1.079166, 0.7408908, 2.989904;1.072112, 0.5655394, 2.936074;0.9919979, 0.1489099, 2.869601;0.9443095, 0.4048062, 2.97969;1.0898, 0.4282336, 2.794067;0.6895233, -0.05940443, 2.966984;0.9073464, -0.001432933, 2.521618;0.9762747, 0.0669365, 2.859269;0.9285436, 0.007583016, 2.896456;1.003687, 0.02035889, 2.801026;0.8217478, -0.4122521, 2.946703;0.9477369, -0.4038672, 2.63464;0.9593983, -0.7335642, 3.005532;1.090418, -0.7223068, 2.610232;0.9175888, -0.8012163, 2.999354;1.060712, -0.7859711, 2.572451;
1.087759, 0.7308937, 2.988496;1.073835, 0.5353538, 2.932583;0.9926982, 0.151396, 2.865784;0.9465111, 0.4103671, 2.982266;1.092836, 0.4340181, 2.79516;0.6911837, -0.05155757, 2.965032;0.9052381, 0.003664654, 2.523939;0.9771408, 0.0738696, 2.853365;0.9314635, 0.0220581, 2.882127;1.003406, 0.02969019, 2.798614;0.8271898, -0.4095845, 2.947276;0.9519027, -0.393881, 2.637583;0.9616268, -0.7344741, 3.006621;1.090896, -0.7215847, 2.610439;0.9179045, -0.800615, 2.999347;1.061104, -0.7855508, 2.573562;
1.100836, 0.7470695, 2.990723;1.077674, 0.5389463, 2.933604;0.9906491, 0.1598551, 2.86233;0.9464674, 0.4175953, 2.983414;1.098534, 0.445007, 2.796316;0.6883733, -0.03699825, 2.960366;0.9060627, 0.02963082, 2.528071;0.9728088, 0.08482572, 2.849485;0.9241287, 0.03753217, 2.874934;0.9984547, 0.04381753, 2.799567;0.8326541, -0.406408, 2.948677;0.9566228, -0.3872516, 2.640563;0.9617103, -0.7286925, 3.007144;1.09157, -0.7207718, 2.610504;0.9198207, -0.7983263, 3.001065;1.061517, -0.784723, 2.574081;
1.111053, 0.7577904, 2.996616;1.079679, 0.5392277, 2.933151;0.9888778, 0.1631685, 2.860584;0.9760779, 0.4628957, 2.964793;1.107401, 0.459301, 2.798618;0.7114384, 0.003352325, 2.961525;0.9080421, 0.04185852, 2.532184;0.9699003, 0.08898352, 2.847892;0.9226477, 0.04470815, 2.871778;0.9927046, 0.05115506, 2.801602;0.8410794, -0.4010575, 2.949193;0.9609655, -0.3834873, 2.642023;0.9621382, -0.7283163, 3.007372;1.093536, -0.7163089, 2.612089;0.9196845, -0.7979012, 3.000103;1.064782, -0.7796429, 2.573825;
1.121853, 0.773297, 2.996509;1.083189, 0.5390025, 2.932799;0.9874262, 0.1702057, 2.858054;0.9617244, 0.4559907, 2.976967;1.110849, 0.4649455, 2.800433;0.7008303, -0.002736207, 2.963771;0.9072, 0.04962479, 2.529738;0.9670698, 0.09833954, 2.845198;0.9185794, 0.05337897, 2.867743;0.990682, 0.0574785, 2.800936;0.8508736, -0.3973911, 2.951189;0.968989, -0.3767325, 2.647347;0.969219, -0.7239109, 3.010659;1.094911, -0.716323, 2.612814;0.9188226, -0.7974662, 3.001859;1.065163, -0.7793838, 2.575025;
1.13006, 0.7753085, 3.002151;1.088998, 0.5413359, 2.93435;0.9884188, 0.1788835, 2.856662;0.9602662, 0.4565991, 2.978445;1.120834, 0.4798935, 2.807877;0.696228, 0.0002674572, 2.964357;0.9107891, 0.06513837, 2.531155;0.9674203, 0.1077754, 2.843634;0.9172593, 0.05911192, 2.866562;0.9912325, 0.06496017, 2.798541;0.8610553, -0.3931268, 2.953116;0.9776255, -0.3714995, 2.651335;0.9721721, -0.729974, 3.01223;1.095962, -0.7153139, 2.613525;0.9179326, -0.7987939, 2.999169;1.065606, -0.7785467, 2.575654;
1.132683, 0.7790979, 3.002581;1.091723, 0.5445158, 2.935631;0.9875864, 0.18629, 2.855272;0.9591992, 0.4580829, 2.999213;1.123427, 0.4820227, 2.808555;0.7078985, 0.01683042, 2.967978;0.9129943, 0.0737961, 2.532882;0.9660054, 0.1155231, 2.841905;0.9145278, 0.06663687, 2.865222;0.9897513, 0.07114767, 2.795381;0.8714697, -0.3892169, 2.954974;0.9827826, -0.3680421, 2.653466;0.9743295, -0.7245332, 3.015454;1.098921, -0.7137149, 2.61544;0.9178216, -0.7974359, 2.999092;1.065565, -0.7785389, 2.575485;
1.139746, 0.7801926, 3.007726;1.095684, 0.5462621, 2.935806;0.9876401, 0.1901896, 2.854342;0.9615937, 0.4642413, 3.001847;1.128433, 0.4870627, 2.810314;0.705234, 0.0180259, 2.974052;0.9180484, 0.08275256, 2.53942;0.9654939, 0.1198485, 2.840886;0.9133803, 0.07231104, 2.863484;0.9888644, 0.07571077, 2.794539;0.8796743, -0.3862863, 2.957368;0.9932067, -0.3650529, 2.658895;0.9789195, -0.7280235, 3.014704;1.100037, -0.711975, 2.61692;0.9180228, -0.7975262, 3.000189;1.065676, -0.7785602, 2.575487;
1.142609, 0.7809885, 3.009461;1.099116, 0.5466456, 2.935872;0.98774, 0.1914091, 2.853287;0.9819274, 0.4713906, 2.970092;1.134038, 0.490236, 2.810488;0.7132112, 0.02528699, 2.975721;0.9238312, 0.08857302, 2.544363;0.965221, 0.1212001, 2.839611;0.9136208, 0.07523168, 2.861295;0.9878559, 0.0775658, 2.793451;0.8959069, -0.3788815, 2.959643;1.004611, -0.3606474, 2.667183;0.9828792, -0.7113151, 3.018332;1.100299, -0.7102427, 2.617363;0.9186864, -0.793384, 3.000371;1.068749, -0.7771768, 2.575423;
1.144664, 0.7815198, 3.008067;1.10142, 0.5465243, 2.935094;0.9884974, 0.1940671, 2.852196;0.9709168, 0.4747958, 2.985547;1.137656, 0.4918758, 2.810132;0.7358114, 0.04628387, 2.985044;0.9310443, 0.09391577, 2.548183;0.965717, 0.1244541, 2.838517;0.9129562, 0.07757549, 2.860251;0.9883536, 0.07920226, 2.792455;0.9149567, -0.3791203, 2.966145;1.015884, -0.3614386, 2.673055;0.982242, -0.712899, 3.018859;1.103645, -0.7082686, 2.620641;0.9196353, -0.7940229, 3.000355;1.068586, -0.7772681, 2.575615;
1.150049, 0.7796533, 3.010252;1.102612, 0.5453575, 2.934169;0.9893311, 0.195858, 2.85136;0.9689454, 0.4755663, 2.993501;1.144158, 0.4952206, 2.809146;0.7469382, 0.04512541, 2.994594;0.9332986, 0.09477293, 2.548375;0.9666192, 0.1269881, 2.8377;0.913076, 0.08003826, 2.858594;0.989241, 0.08068579, 2.792188;0.922316, -0.3774579, 2.968691;1.024396, -0.3634289, 2.677073;0.9856514, -0.722134, 3.019701;1.104706, -0.7043254, 2.622901;0.921936, -0.7954125, 2.99915;1.068689, -0.7770969, 2.575767;
1.151686, 0.7801212, 3.010091;1.104172, 0.5452479, 2.934138;0.9901278, 0.1966739, 2.851108;0.9649395, 0.4640614, 2.97776;1.148907, 0.4975839, 2.811848;0.7645351, 0.04746325, 3.010985;0.9366076, 0.09572203, 2.54916;0.9672819, 0.1277899, 2.837483;0.9130641, 0.0800748, 2.858552;0.9901365, 0.08097489, 2.791513;0.9307982, -0.3765388, 2.971967;1.030734, -0.361448, 2.679851;0.9872528, -0.723828, 3.020428;1.105066, -0.7032044, 2.622093;0.9211373, -0.795847, 2.999449;1.068158, -0.7767175, 2.57494;
1.152749, 0.7805334, 3.011167;1.105869, 0.5451022, 2.934408;0.9905584, 0.1956673, 2.850588;1.0218, 0.4759822, 2.908661;1.15028, 0.4977328, 2.811952;0.7658446, 0.04758262, 3.010631;0.9508274, 0.09370641, 2.552218;0.9675694, 0.1262008, 2.836742;0.9169252, 0.08005124, 2.857251;0.989552, 0.08102745, 2.791576;0.9395379, -0.3712504, 2.972699;1.034586, -0.3597219, 2.681809;0.9903142, -0.7198817, 3.01896;1.105698, -0.7032584, 2.621072;0.9217851, -0.7947816, 3.002874;1.068046, -0.7767656, 2.574809;
1.153225, 0.7821891, 3.011288;1.108138, 0.5456917, 2.935489;1.020538, 0.1759263, 2.887052;1.021683, 0.4760897, 2.909783;1.156146, 0.4993958, 2.813074;0.7698801, 0.04563442, 3.011965;0.9581094, 0.09139986, 2.549062;0.9678176, 0.1260262, 2.836773;0.9189551, 0.0810437, 2.856991;0.989368, 0.08144852, 2.792203;0.945609, -0.3724749, 2.975259;1.036772, -0.3579298, 2.682818;0.9901035, -0.7201198, 3.019252;1.108696, -0.703584, 2.62138;0.9232327, -0.7933643, 3.002361;1.068236, -0.7765632, 2.574624;
1.154833, 0.7835736, 3.01176;1.109605, 0.5465352, 2.936262;1.021944, 0.1761745, 2.886909;1.021728, 0.4776616, 2.915223;1.157548, 0.499547, 2.813781;0.7746696, 0.04427564, 3.013402;0.9654425, 0.08771385, 2.550526;0.9685988, 0.1262263, 2.837018;0.9215562, 0.08208279, 2.8578;0.989488, 0.08222587, 2.792516;0.9494903, -0.3722735, 2.975821;1.040926, -0.3560557, 2.684139;0.989947, -0.719955, 3.019553;1.111097, -0.7038373, 2.62239;0.9233036, -0.7926008, 3.000827;1.068178, -0.7761415, 2.574753;
1.155349, 0.7861659, 3.012169;1.111122, 0.5482872, 2.937558;1.022759, 0.1762818, 2.887311;1.023096, 0.4775457, 2.915699;1.1593, 0.4992514, 2.814333;0.7813345, 0.04411339, 3.014704;0.9740998, 0.0837789, 2.55236;0.9694108, 0.126132, 2.837293;0.9239525, 0.08257039, 2.858553;0.9896201, 0.0826143, 2.79278;0.9534094, -0.3718742, 2.976441;1.04381, -0.3555686, 2.68551;0.9908782, -0.7124909, 3.020777;1.113801, -0.704271, 2.622894;0.9291, -0.7914745, 2.992207;1.068323, -0.7760761, 2.5749;
1.156754, 0.8014421, 3.015931;1.125212, 0.5753911, 2.944659;1.030683, 0.1815508, 2.886197;1.021784, 0.4787109, 2.940216;1.160331, 0.4998196, 2.815155;0.792537, 0.04178235, 3.019739;0.9837815, 0.0844674, 2.552516;0.9728947, 0.1291728, 2.838481;0.9268598, 0.08515763, 2.861608;0.99256, 0.08611911, 2.792178;0.9552059, -0.3700683, 2.977165;1.048129, -0.3534868, 2.687418;0.9909785, -0.7114574, 3.020614;1.115121, -0.7044221, 2.623938;0.9287029, -0.7885818, 2.993136;1.068504, -0.7754497, 2.574706;
1.15694, 0.8017547, 3.015681;1.125268, 0.5760788, 2.945138;1.036362, 0.1845404, 2.884134;1.005702, 0.4787996, 2.997163;1.160757, 0.5004921, 2.815764;0.7981819, 0.03106202, 3.017368;0.9918299, 0.07927294, 2.553614;0.9749832, 0.1317152, 2.840639;0.9277708, 0.08723215, 2.864065;0.9949261, 0.08848858, 2.793782;0.957616, -0.3709337, 2.97948;1.051435, -0.3524222, 2.68884;0.9917704, -0.7156178, 3.021534;1.115058, -0.7038734, 2.623429;0.9250163, -0.7931165, 2.99905;1.068747, -0.7752589, 2.574972;
1.155257, 0.8040811, 3.015872;1.12537, 0.5784654, 2.945581;1.038879, 0.1884701, 2.885275;1.005535, 0.4789286, 2.998021;1.160822, 0.5007687, 2.816212;0.8010762, 0.03050876, 3.02335;1.005824, 0.08400085, 2.556919;0.977751, 0.1351061, 2.841802;0.9291259, 0.08865148, 2.865949;0.9980494, 0.09192558, 2.793394;0.9588795, -0.3717704, 2.980195;1.054784, -0.350728, 2.690732;0.9905766, -0.7220246, 3.021524;1.115586, -0.7020768, 2.623677;0.9251108, -0.7940636, 2.999362;1.068968, -0.774653, 2.574958;
1.153212, 0.8054762, 3.012259;1.125761, 0.5807698, 2.945177;1.040569, 0.1906162, 2.886037;1.005099, 0.479504, 3.003768;1.160921, 0.5016299, 2.817075;0.8017969, 0.02984702, 3.023647;1.004316, 0.07380371, 2.553864;0.9792051, 0.1368101, 2.843229;0.9302619, 0.09000262, 2.867962;0.9997951, 0.09395679, 2.794821;0.9633312, -0.3759247, 2.984426;1.056442, -0.3500718, 2.691248;0.989763, -0.7208311, 3.021931;1.115295, -0.7013015, 2.623209;0.9409156, -0.7942932, 3.006999;1.068884, -0.7747075, 2.57493;
1.152748, 0.8064519, 3.011971;1.125891, 0.5841821, 2.94456;1.042995, 0.1942935, 2.88734;1.02896, 0.5232517, 3.010073;1.161083, 0.5026492, 2.818116;0.8039311, 0.02680952, 3.025399;1.010823, 0.07787313, 2.555269;0.9813774, 0.1400432, 2.845733;0.9345088, 0.0948391, 2.872585;1.001251, 0.09762694, 2.797289;0.965408, -0.3742343, 2.985276;1.05799, -0.3488815, 2.692018;0.9901246, -0.7217422, 3.021554;1.116438, -0.6985044, 2.623976;0.9307234, -0.7959538, 3.005794;1.069011, -0.7743927, 2.574784;
1.152888, 0.8068196, 3.011959;1.127059, 0.5886835, 2.945005;1.042333, 0.195269, 2.890108;1.003359, 0.4861173, 2.99457;1.161049, 0.5026797, 2.818222;0.8057262, 0.02387499, 3.025552;1.005763, 0.07000934, 2.553099;0.9824072, 0.1404132, 2.846162;0.9347477, 0.0946548, 2.873049;1.003044, 0.09791945, 2.797325;0.9658656, -0.3741665, 2.985617;1.06031, -0.3490499, 2.692483;0.9900188, -0.7252969, 3.021041;1.121035, -0.6997982, 2.6289;0.9318205, -0.7963575, 3.00476;1.069272, -0.7741349, 2.574911;
1.14996, 0.8081172, 3.010693;1.127578, 0.5899486, 2.945266;1.045266, 0.1983066, 2.891094;1.003201, 0.4866795, 3.007577;1.160847, 0.5035384, 2.819319;0.8084087, 0.02201103, 3.027383;1.010305, 0.07316023, 2.555539;0.9846005, 0.1433414, 2.848672;0.9357847, 0.09558813, 2.875985;1.004771, 0.09978242, 2.798373;0.9660262, -0.373638, 2.985667;1.062139, -0.3468995, 2.693484;0.9904473, -0.7225177, 3.021873;1.121369, -0.699938, 2.628618;0.9334422, -0.7946373, 3.00485;1.069335, -0.7739832, 2.574868;
1.144367, 0.8350155, 3.006854;1.144058, 0.6537382, 2.957465;1.048766, 0.2056725, 2.894227;1.01769, 0.5086186, 3.004907;1.16037, 0.5037469, 2.819405;0.8108113, 0.02083874, 3.027166;1.00796, 0.06696413, 2.556189;0.9859635, 0.1449511, 2.850285;0.9383767, 0.09751152, 2.879083;1.005792, 0.1018556, 2.79974;0.968438, -0.3719521, 2.98665;1.062942, -0.3464226, 2.693952;0.9942253, -0.7113836, 3.026429;1.121666, -0.7003815, 2.628904;0.9319946, -0.7940638, 3.006434;1.069927, -0.7744047, 2.575462;
1.142941, 0.8135107, 3.004892;1.130277, 0.5972956, 2.947423;1.049455, 0.2051732, 2.893899;1.008117, 0.4951221, 3.015686;1.160243, 0.5037834, 2.819387;0.8133141, 0.02008769, 3.029899;1.009338, 0.06426326, 2.557092;0.9868116, 0.145451, 2.851473;0.9386784, 0.0974258, 2.880165;1.006883, 0.1022708, 2.800844;0.9684577, -0.3679498, 2.986344;1.063675, -0.3444945, 2.694566;0.9956543, -0.7073413, 3.026536;1.120986, -0.6976276, 2.629235;0.9304875, -0.7916987, 3.008631;1.069767, -0.7738603, 2.575557;
1.143151, 0.8315561, 3.005893;1.140186, 0.6501119, 2.956528;1.047864, 0.2070354, 2.897943;1.014797, 0.494038, 2.971587;1.159921, 0.5039425, 2.819344;0.8171453, 0.01966315, 3.033089;1.010824, 0.06183051, 2.55908;0.9877894, 0.1455646, 2.851636;0.9400942, 0.09675009, 2.881304;1.008011, 0.1023204, 2.800132;0.9702175, -0.3703126, 2.987911;1.064568, -0.3441682, 2.694887;0.9952999, -0.7160209, 3.025397;1.120444, -0.6970663, 2.628297;0.9291226, -0.7931687, 3.008425;1.069723, -0.7739639, 2.575336;
1.140257, 0.8159352, 3.004241;1.121907, 0.6010113, 2.948803;1.048508, 0.206777, 2.897914;1.015959, 0.4955379, 2.974496;1.158876, 0.5047089, 2.819599;0.820385, 0.0200344, 3.037776;1.011078, 0.05842358, 2.55947;0.9885474, 0.1456542, 2.852568;0.9419334, 0.09625302, 2.883406;1.008275, 0.10245, 2.800446;0.9707285, -0.370741, 2.98853;1.065404, -0.344073, 2.694927;0.993651, -0.7183902, 3.024237;1.120368, -0.6973099, 2.628265;0.9327191, -0.7984287, 2.990247;1.069802, -0.7742689, 2.575497;
1.139638, 0.8321689, 3.005008;1.137703, 0.6505617, 2.954939;1.052077, 0.2108583, 2.897616;1.005612, 0.5074308, 3.015249;1.158741, 0.5050445, 2.819491;0.8215865, 0.01933062, 3.037945;1.010944, 0.05730847, 2.560307;0.9900696, 0.1479691, 2.854299;0.9425659, 0.09743702, 2.88437;1.010646, 0.1052472, 2.803026;0.971205, -0.3697691, 2.988376;1.066032, -0.3416627, 2.695497;0.9952948, -0.7136047, 3.025666;1.120488, -0.6972916, 2.628163;0.9284381, -0.7944317, 2.998247;1.069433, -0.7740219, 2.575508;
1.136356, 0.8325644, 3.003347;1.137568, 0.6507015, 2.955122;1.052582, 0.2121477, 2.898114;1.006233, 0.5068564, 3.013168;1.156875, 0.5057608, 2.819572;0.8236662, 0.01930189, 3.040595;1.011228, 0.05675438, 2.560496;0.9904565, 0.1485867, 2.854852;0.9430779, 0.09754658, 2.885679;1.010737, 0.1054326, 2.803003;0.9726136, -0.3706016, 2.989279;1.066499, -0.3417313, 2.695729;0.9933941, -0.7216549, 3.024109;1.120427, -0.6973681, 2.62813;0.9267819, -0.7947845, 2.998415;1.069468, -0.774119, 2.575804;
1.13551, 0.8170487, 3.001294;1.124924, 0.6052202, 2.947401;1.052797, 0.2118804, 2.898191;1.005716, 0.5035135, 3.011626;1.15601, 0.5060065, 2.819151;0.8243734, 0.01925712, 3.041752;1.011758, 0.05571116, 2.561931;0.9912198, 0.1492365, 2.85569;0.9437572, 0.09732641, 2.887327;1.011078, 0.1056042, 2.80301;0.9732279, -0.3707935, 2.989633;1.066625, -0.3416884, 2.695749;0.9933615, -0.7262796, 3.02323;1.121358, -0.6973428, 2.628617;0.9282553, -0.7959377, 2.999258;1.069472, -0.7734807, 2.575938;
1.134465, 0.8365436, 3.002604;1.136247, 0.6546662, 2.951624;1.053619, 0.2145965, 2.898521;1.014627, 0.5175447, 3.005649;1.155337, 0.506319, 2.818581;0.8245349, 0.01920663, 3.041622;1.011954, 0.05538713, 2.562189;0.9918742, 0.1504938, 2.855808;0.9451298, 0.09961715, 2.887631;1.011609, 0.1069196, 2.803124;0.9734702, -0.3709778, 2.989662;1.067149, -0.3420668, 2.696005;0.9934099, -0.7273994, 3.022894;1.121583, -0.6980441, 2.628608;0.9275159, -0.7975706, 3.000435;1.06934, -0.7736703, 2.575757;
1.131566, 0.8368822, 2.999604;1.136194, 0.6547533, 2.951919;1.053638, 0.2153464, 2.89951;1.010914, 0.5102299, 3.001381;1.154557, 0.5064245, 2.81866;0.8249375, 0.01892611, 3.041477;1.011791, 0.05456575, 2.561767;0.992187, 0.1508072, 2.856362;0.9453806, 0.09952313, 2.888658;1.011751, 0.1069383, 2.803244;0.9737387, -0.3703919, 2.989848;1.067472, -0.3419865, 2.696051;0.9926653, -0.7141302, 3.02336;1.12312, -0.6993382, 2.63001;0.9266595, -0.7958738, 3.002598;1.069393, -0.7737029, 2.57569;
1.130203, 0.8367599, 2.997958;1.13594, 0.6544491, 2.951927;1.053953, 0.2159387, 2.899501;1.005473, 0.4996436, 3.003441;1.154465, 0.5065274, 2.818403;0.8260228, 0.01898762, 3.041389;1.011633, 0.05380381, 2.561846;0.9924347, 0.1512298, 2.856575;0.9453356, 0.09942549, 2.889002;1.012107, 0.1070562, 2.803096;0.9742779, -0.3703898, 2.990269;1.068465, -0.3424349, 2.696074;0.9921354, -0.7257656, 3.022633;1.123502, -0.6993551, 2.630005;0.9248906, -0.8001078, 3.005608;1.069274, -0.7732654, 2.575982;
1.118035, 0.8360419, 2.996066;1.135355, 0.6542701, 2.952381;1.05377, 0.2161075, 2.899853;1.00413, 0.4965251, 3.000401;1.153672, 0.5068128, 2.817941;0.8266916, 0.01919243, 3.040884;1.011997, 0.05288286, 2.562296;0.9924094, 0.1512573, 2.856758;0.9451844, 0.09921417, 2.889424;1.01211, 0.1070414, 2.803166;0.9746501, -0.369768, 2.989988;1.068759, -0.3423306, 2.696212;0.9944863, -0.7119303, 3.026282;1.122915, -0.6993194, 2.629611;0.9289796, -0.7947091, 3.006122;1.069459, -0.7733518, 2.57633;
1.118193, 0.8362991, 2.995972;1.133402, 0.6541958, 2.952701;1.053834, 0.2165379, 2.900014;1.002684, 0.4945767, 3.000473;1.151449, 0.507111, 2.817367;0.8283135, 0.01937792, 3.039971;1.012474, 0.05261672, 2.562742;0.9923809, 0.1513903, 2.857199;0.9451178, 0.09872712, 2.890486;1.01211, 0.1070402, 2.803253;0.9750542, -0.3693588, 2.990236;1.068853, -0.3422476, 2.696324;0.9963847, -0.7091097, 3.027347;1.122257, -0.6966903, 2.628244;0.932056, -0.7925122, 2.99905;1.069458, -0.7733477, 2.576358;
1.117499, 0.8363827, 2.995741;1.133139, 0.6541651, 2.952818;1.054247, 0.2172688, 2.900002;1.001187, 0.4971936, 3.008847;1.150865, 0.5071143, 2.816901;0.8291408, 0.01941193, 3.039922;1.012594, 0.05219134, 2.563048;0.9924434, 0.1519737, 2.857881;0.9450259, 0.09908777, 2.891224;1.012271, 0.1073144, 2.803648;0.9754519, -0.3700674, 2.990628;1.069016, -0.3420903, 2.696426;0.9949828, -0.7189356, 3.026351;1.123844, -0.6989348, 2.629867;0.9298091, -0.794606, 2.99979;1.070272, -0.7730491, 2.576569;
1.116408, 0.8358