0.9525986, 0.8597567, 2.961419;1.042203, 0.6590396, 2.942283;0.9866446, 0.2515616, 2.899459;0.9457228, 0.5129165, 3.093736;1.081623, 0.5129685, 2.807925;0.8197742, -0.1147248, 2.981835;0.9719291, -0.005007741, 2.649494;0.9755328, 0.170066, 2.894565;0.9370907, 0.1123735, 2.937252;0.9982457, 0.1123969, 2.837078;0.977324, -0.3691154, 3.007797;1.070209, -0.3406501, 2.715732;0.9873384, -0.7223417, 3.022323;1.11439, -0.6960861, 2.625324;0.9332867, -0.7982885, 3.001926;1.069424, -0.7746913, 2.579528;
0.9544645, 0.8586801, 2.961179;1.042274, 0.6580769, 2.941324;0.9864529, 0.2526929, 2.899839;0.9458197, 0.5128907, 3.093308;1.081353, 0.5121196, 2.807016;0.84528, -0.01858985, 3.012651;0.9718637, -0.004953015, 2.649245;0.9751938, 0.1722336, 2.895619;0.9365494, 0.1139544, 2.940729;0.9979072, 0.1126805, 2.836679;0.9769969, -0.3681177, 3.0072;1.070291, -0.3405855, 2.715409;0.9911305, -0.7143964, 3.026113;1.114356, -0.6962039, 2.625291;0.9323438, -0.7954186, 3.001669;1.069543, -0.7747804, 2.579203;
0.9553688, 0.8583667, 2.961845;1.04198, 0.6572879, 2.941181;0.9863493, 0.2524676, 2.89971;0.9458933, 0.5147629, 3.094566;1.08133, 0.5119011, 2.806995;0.8452355, -0.0185287, 3.012254;0.9722521, -0.00392419, 2.649442;0.9751105, 0.1719915, 2.895401;0.9364843, 0.1138301, 2.940563;0.9976708, 0.1116905, 2.835833;0.9768013, -0.3674402, 3.007646;1.07029, -0.3405869, 2.715592;0.9907643, -0.7142105, 3.025913;1.117294, -0.6978999, 2.628764;0.9350764, -0.7947423, 2.98743;1.069956, -0.7748535, 2.57963;
0.95511, 0.8599818, 2.962128;1.041831, 0.6576473, 2.939459;0.9864262, 0.2527898, 2.899259;0.9460233, 0.5151626, 3.094559;1.081417, 0.5124945, 2.807218;0.8453989, -0.01848635, 3.01216;0.9724644, -0.003788861, 2.649321;0.9752154, 0.1722586, 2.895044;0.9365995, 0.1140028, 2.940257;0.9977578, 0.1119856, 2.835543;0.9757691, -0.3607659, 3.006461;1.070357, -0.3408487, 2.715407;0.9905917, -0.7129791, 3.0258;1.117374, -0.697854, 2.628812;0.9295723, -0.7877897, 2.995754;1.070375, -0.7746022, 2.580184;
0.9553917, 0.8598498, 2.962635;1.041291, 0.6568262, 2.93751;0.9863868, 0.2530845, 2.899159;0.9461141, 0.5157605, 3.094897;1.081049, 0.5121469, 2.806961;0.8453358, -0.01861771, 3.012033;0.9724132, -0.00392171, 2.649167;0.9752197, 0.1727487, 2.89508;0.9366816, 0.1142606, 2.941113;0.9976293, 0.1118986, 2.835184;0.9756588, -0.3607588, 3.006427;1.070617, -0.341231, 2.715307;0.9902014, -0.7130364, 3.025752;1.118114, -0.6983456, 2.629919;0.9291619, -0.7877748, 2.996186;1.070506, -0.7746247, 2.580343;
0.9554973, 0.859795, 2.962491;1.041167, 0.656536, 2.937503;0.9861575, 0.2541964, 2.89953;0.9477143, 0.5188096, 3.09892;1.081011, 0.5120468, 2.806785;0.8453324, -0.01832392, 3.011879;0.9722297, -0.00404071, 2.649066;0.9749782, 0.1744365, 2.895636;0.9364423, 0.1152544, 2.943329;0.9971491, 0.1119145, 2.834459;0.9758685, -0.3634797, 3.007295;1.071924, -0.3440291, 2.714754;0.9888137, -0.7212088, 3.025285;1.118095, -0.6977821, 2.630169;0.9296447, -0.7917851, 3.000007;1.070742, -0.7744881, 2.580347;
0.9561262, 0.8597171, 2.961731;1.041176, 0.6564516, 2.937365;0.9863927, 0.2578731, 2.900378;0.9496609, 0.5214103, 3.103348;1.080996, 0.511957, 2.80635;0.8452733, -0.01831868, 3.011624;0.9722711, -0.003848215, 2.648822;0.9753527, 0.1794316, 2.896749;0.9371966, 0.1204292, 2.945143;0.996874, 0.1146209, 2.834426;0.9745813, -0.3594182, 3.005691;1.072361, -0.3444276, 2.714468;0.9916168, -0.710651, 3.025478;1.117584, -0.6977005, 2.629714;0.9305158, -0.7910699, 2.995222;1.070572, -0.774578, 2.579806;
0.9567769, 0.8586512, 2.96183;1.041333, 0.6553542, 2.937415;0.9863649, 0.2571703, 2.900249;0.9493048, 0.5214392, 3.099354;1.081316, 0.51152, 2.805908;0.8451965, -0.01838262, 3.010978;0.9722568, -0.003835009, 2.648729;0.9752953, 0.1784692, 2.896528;0.9369546, 0.1192383, 2.944887;0.9968152, 0.1133582, 2.833957;0.9748521, -0.3597978, 3.006051;1.072389, -0.3445687, 2.714561;0.9913946, -0.7110912, 3.02549;1.117434, -0.6973987, 2.629616;0.9327415, -0.7902662, 2.997382;1.070675, -0.7745236, 2.579839;
0.9571941, 0.8587917, 2.962152;1.041393, 0.655382, 2.937075;0.986448, 0.2575368, 2.900365;0.9489976, 0.5217091, 3.098988;1.081332, 0.5113538, 2.805754;0.8454576, -0.01831883, 3.011306;0.9716783, -0.004075539, 2.648974;0.975396, 0.1788474, 2.896759;0.9369029, 0.1192272, 2.946073;0.9968431, 0.113316, 2.833833;0.9749873, -0.3586541, 3.006145;1.072472, -0.3432216, 2.714607;0.9910534, -0.7105521, 3.024588;1.117631, -0.6965962, 2.629971;0.9322063, -0.7911469, 2.996;1.070745, -0.7744415, 2.579783;
0.9576184, 0.8591999, 2.961936;1.041618, 0.6557146, 2.937515;0.9863372, 0.2580229, 2.900855;0.947847, 0.5220362, 3.096171;1.08189, 0.5121135, 2.80622;0.845518, -0.01822929, 3.011086;0.9716917, -0.004017832, 2.648976;0.975233, 0.1792283, 2.897209;0.9362013, 0.1178244, 2.946533;0.9966573, 0.1161366, 2.834901;0.9749177, -0.3591521, 3.006352;1.071805, -0.3411272, 2.715337;0.9891636, -0.7215252, 3.023422;1.117255, -0.6966707, 2.629755;0.9325761, -0.7912574, 3.001901;1.070628, -0.7747026, 2.579638;
0.958124, 0.8592682, 2.96228;1.041749, 0.6555945, 2.93791;0.9862629, 0.2577925, 2.901144;0.9479004, 0.5215695, 3.095476;1.081654, 0.5118736, 2.805989;0.8455509, -0.01809203, 3.010849;0.9713949, -0.004422065, 2.648422;0.9751061, 0.1788613, 2.897517;0.9358879, 0.1150343, 2.947196;0.9965497, 0.1161947, 2.834983;0.9748794, -0.3591604, 3.006408;1.071534, -0.3411718, 2.715516;0.9891882, -0.7215608, 3.023373;1.117101, -0.6964674, 2.629727;0.930907, -0.7901174, 3.002934;1.070821, -0.7747867, 2.579999;
0.9588656, 0.8597398, 2.962816;1.041694, 0.655628, 2.937654;0.9860086, 0.2583658, 2.901571;0.9478292, 0.5219905, 3.09545;1.081444, 0.5117595, 2.805664;0.8456269, -0.01808211, 3.010822;0.9706725, -0.004520368, 2.648696;0.9747819, 0.1795583, 2.898207;0.9354286, 0.1143612, 2.948532;0.9960467, 0.117169, 2.835233;0.9740328, -0.3570194, 3.005299;1.071678, -0.3407811, 2.715621;0.9907357, -0.7171051, 3.022573;1.117127, -0.6964868, 2.62962;0.931236, -0.7895921, 3.004695;1.071089, -0.7747229, 2.580073;
0.9595923, 0.8601719, 2.964425;1.041582, 0.65554, 2.937354;0.9857213, 0.2584314, 2.9018;0.9478287, 0.522038, 3.095202;1.081201, 0.51203, 2.805401;0.8455977, -0.01811315, 3.01078;0.9706718, -0.004518376, 2.64868;0.9744054, 0.1796085, 2.898595;0.9350845, 0.114002, 2.948867;0.9953246, 0.1180169, 2.835974;0.9749259, -0.3611774, 3.006438;1.072054, -0.3426678, 2.715464;0.9889005, -0.7254192, 3.024331;1.118177, -0.6974373, 2.630795;0.9293866, -0.7932678, 3.004928;1.071858, -0.7745017, 2.580456;
0.9600791, 0.8603763, 2.965313;1.041665, 0.6554574, 2.937101;0.9856524, 0.2581527, 2.90179;0.9475179, 0.5210449, 3.095041;1.081126, 0.5120468, 2.805286;0.8456061, -0.01816492, 3.010735;0.9698294, -0.004902875, 2.648155;0.9742894, 0.179135, 2.898623;0.9348034, 0.1125032, 2.948764;0.9953151, 0.1180169, 2.835974;0.9754851, -0.3618918, 3.007346;1.072035, -0.3426663, 2.71547;0.9886557, -0.7237433, 3.023618;1.11899, -0.6976033, 2.632109;0.9288918, -0.7931331, 3.005331;1.071974, -0.7744319, 2.580528;
0.9602116, 0.8608674, 2.965757;1.041424, 0.6556895, 2.936711;0.9855675, 0.2584924, 2.901693;0.9474273, 0.5199499, 3.093156;1.081868, 0.5125455, 2.80543;0.8450728, -0.01811115, 3.010103;0.9695911, -0.004844401, 2.648206;0.9742444, 0.1794463, 2.898554;0.9346778, 0.1121978, 2.948801;0.995368, 0.1187341, 2.835449;0.9755087, -0.3618927, 3.007524;1.072031, -0.3426637, 2.715472;0.9891895, -0.7234036, 3.023386;1.118198, -0.6974104, 2.631402;0.9289141, -0.7931244, 3.005274;1.072195, -0.7745839, 2.580555;
0.9612426, 0.861455, 2.968581;1.041389, 0.6556806, 2.936667;0.9854673, 0.2586635, 2.901718;0.947495, 0.520068, 3.09316;1.081895, 0.512534, 2.805479;0.8450506, -0.01832305, 3.009795;0.9696236, -0.004913526, 2.64851;0.9741408, 0.17964, 2.898587;0.9345729, 0.1120615, 2.948882;0.9951941, 0.1190709, 2.835285;0.975531, -0.3618531, 3.007553;1.072018, -0.3425695, 2.71549;0.989066, -0.714134, 3.028041;1.119244, -0.6980224, 2.632796;0.9414015, -0.7919222, 2.984504;1.072195, -0.7745587, 2.580573;
0.9612995, 0.861375, 2.96855;1.041349, 0.6555673, 2.936773;0.9853756, 0.2585183, 2.901863;0.9480775, 0.5216525, 3.095212;1.081808, 0.5124933, 2.805366;0.8450706, -0.01822664, 3.009693;0.969629, -0.004910057, 2.648512;0.974045, 0.1794579, 2.898729;0.9345422, 0.1118412, 2.948893;0.9950828, 0.1191161, 2.835482;0.9753748, -0.3616176, 3.007474;1.071617, -0.3420487, 2.715502;0.9886664, -0.7150415, 3.027067;1.119282, -0.6996342, 2.632336;0.9238371, -0.7953907, 3.003031;1.072254, -0.7746885, 2.580678;
0.9616005, 0.8617063, 2.968613;1.041181, 0.6557122, 2.93614;0.9852584, 0.2580075, 2.901612;0.9479283, 0.5211071, 3.095526;1.081589, 0.5127925, 2.804882;0.8450299, -0.01821355, 3.009629;0.9697604, -0.004814322, 2.648726;0.9739286, 0.1786244, 2.898475;0.9345125, 0.1110054, 2.948263;0.9950839, 0.1190766, 2.835519;0.9751803, -0.3612518, 3.006805;1.071479, -0.3420657, 2.715362;0.9895709, -0.711163, 3.027318;1.119477, -0.6982884, 2.632625;0.9237758, -0.7942067, 3.004704;1.072414, -0.7742106, 2.580661;
0.9615507, 0.8607645, 2.965533;1.041365, 0.6551281, 2.936033;0.9851897, 0.2580293, 2.901742;0.94889, 0.5247223, 3.098351;1.081405, 0.5125824, 2.804672;0.8449702, -0.01825229, 3.009534;0.969685, -0.004772793, 2.648664;0.9738051, 0.1787245, 2.898689;0.9344165, 0.1109382, 2.948523;0.9948092, 0.1192148, 2.835708;0.9747978, -0.3592492, 3.006644;1.07141, -0.3419144, 2.715409;0.9911858, -0.7065449, 3.027822;1.11889, -0.697953, 2.632474;0.9268782, -0.7912833, 2.994996;1.072037, -0.774271, 2.580314;
0.9616144, 0.8609434, 2.965179;1.041342, 0.6552503, 2.936076;0.985137, 0.2584109, 2.902055;0.9494246, 0.5249789, 3.101028;1.081429, 0.5126547, 2.804682;0.8448497, -0.01832043, 3.009571;0.9698244, -0.005046686, 2.647933;0.9737635, 0.1791476, 2.89905;0.9344195, 0.1109179, 2.949011;0.9947134, 0.1195193, 2.835809;0.9748282, -0.3593179, 3.006656;1.071395, -0.3419088, 2.715401;0.9900766, -0.7151544, 3.026555;1.119054, -0.6999824, 2.631398;0.9243057, -0.7935261, 3.004331;1.07207, -0.7743276, 2.580377;
0.9626991, 0.8619289, 2.964854;1.041283, 0.6557252, 2.935541;0.9850398, 0.2595344, 2.902277;0.9495575, 0.5255843, 3.101286;1.081534, 0.51278, 2.804693;0.8449072, -0.01843242, 3.008955;0.9702592, -0.004655368, 2.647396;0.9736732, 0.1804888, 2.899467;0.9343591, 0.111434, 2.949539;0.9945433, 0.1204818, 2.835987;0.9739003, -0.3571588, 3.005764;1.071433, -0.3431235, 2.715085;0.9898957, -0.7135708, 3.026145;1.118982, -0.6997326, 2.631218;0.9284995, -0.7903292, 2.995496;1.072035, -0.7742876, 2.580317;
0.9627184, 0.8619574, 2.965153;1.041203, 0.6555874, 2.934485;0.9848282, 0.2593299, 2.902333;0.9491374, 0.5252818, 3.099969;1.081592, 0.5127645, 2.804522;0.8447504, -0.01849127, 3.00876;0.9703662, -0.004493872, 2.647159;0.9733694, 0.1801729, 2.899692;0.9340162, 0.111295, 2.949663;0.9942875, 0.1204752, 2.836718;0.9731325, -0.3553015, 3.004953;1.071365, -0.3429337, 2.715009;0.9918365, -0.7096776, 3.026609;1.117995, -0.6987269, 2.630314;0.9325039, -0.7877503, 2.987672;1.071708, -0.7742807, 2.580035;
0.9664432, 0.8633331, 2.961224;1.041091, 0.6557853, 2.934115;0.9847437, 0.2594668, 2.902319;0.9492953, 0.5255431, 3.099844;1.08148, 0.5127139, 2.803578;0.8443147, -0.01809012, 3.007438;0.9703063, -0.004468864, 2.646788;0.9732947, 0.180303, 2.89971;0.9339646, 0.1112995, 2.949829;0.9941399, 0.1205105, 2.836605;0.9732896, -0.3554654, 3.005086;1.071265, -0.3421415, 2.715307;0.9917138, -0.7097831, 3.026252;1.118455, -0.6988741, 2.630466;0.9320192, -0.7873241, 2.995843;1.071623, -0.7742912, 2.579981;
0.9702575, 0.8642507, 2.960927;1.041003, 0.6552389, 2.933117;0.9848009, 0.2586758, 2.902249;0.9495317, 0.5255635, 3.099692;1.081768, 0.5123774, 2.802559;0.844076, -0.01812345, 3.006843;0.9693033, -0.00598193, 2.645532;0.9734122, 0.1793396, 2.899787;0.9342422, 0.1113112, 2.94923;0.9944828, 0.1205139, 2.838365;0.9729031, -0.3559143, 3.00499;1.071441, -0.3409222, 2.715465;0.9864998, -0.7137958, 3.02386;1.118925, -0.6987709, 2.630903;0.9288142, -0.7897391, 2.999926;1.071112, -0.7744017, 2.581037;
0.9707016, 0.8644094, 2.961014;1.040956, 0.6553079, 2.933132;0.984671, 0.2584198, 2.902148;0.9504952, 0.5270622, 3.093652;1.081437, 0.5124204, 2.802534;0.8443414, -0.01801609, 3.007033;0.969281, -0.006267632, 2.645174;0.9732552, 0.1789272, 2.899621;0.9342365, 0.110984, 2.949085;0.9942077, 0.120209, 2.838088;0.9731047, -0.3567056, 3.004945;1.071449, -0.3409343, 2.715474;0.9887486, -0.7079154, 3.024953;1.118886, -0.6978111, 2.631369;0.9291389, -0.7885048, 3.000055;1.071577, -0.7739308, 2.581594;
0.9729764, 0.8652073, 2.961047;1.041098, 0.6554213, 2.933226;0.9846644, 0.2584594, 2.902171;0.9506033, 0.5262432, 3.096591;1.08143, 0.5125121, 2.80225;0.8443645, -0.01805049, 3.006612;0.9693068, -0.006212116, 2.645216;0.9732384, 0.1789681, 2.899639;0.9342351, 0.1109835, 2.949087;0.9941152, 0.120355, 2.838079;0.9730994, -0.3557628, 3.004639;1.071472, -0.340853, 2.715538;0.9890341, -0.7081032, 3.024771;1.12006, -0.6996788, 2.632019;0.9352663, -0.786365, 2.989295;1.07164, -0.7740506, 2.581672;
0.97472, 0.865841, 2.962283;1.041629, 0.6555564, 2.933042;0.9846609, 0.2584711, 2.902181;0.9505057, 0.5263103, 3.096666;1.081302, 0.5123903, 2.801605;0.8437701, -0.01895653, 3.005178;0.9693511, -0.006167798, 2.645183;0.9731976, 0.178984, 2.899685;0.934071, 0.1109349, 2.94934;0.9940532, 0.1203386, 2.838055;0.97335, -0.3560466, 3.004869;1.071262, -0.3409753, 2.715557;0.9882612, -0.7104257, 3.024547;1.119885, -0.6991017, 2.632125;0.9351345, -0.7867002, 2.997771;1.071605, -0.7740672, 2.581634;
0.973519, 0.8656316, 2.963406;1.041631, 0.6556707, 2.933043;0.9846022, 0.2585779, 2.902254;0.9494751, 0.5252291, 3.093982;1.08127, 0.5125522, 2.801591;0.8436637, -0.01882442, 3.004874;0.9694955, -0.006199623, 2.645087;0.9731262, 0.1790962, 2.899775;0.9337886, 0.1108325, 2.949887;0.9940152, 0.1203243, 2.837938;0.9730809, -0.355067, 3.004441;1.071221, -0.340926, 2.715555;0.987867, -0.7114031, 3.024256;1.119954, -0.6997961, 2.631649;0.9297511, -0.7871672, 3.004222;1.071593, -0.7743136, 2.581417;
0.9771464, 0.8672481, 2.966507;1.041746, 0.6559949, 2.932985;0.9846997, 0.2586722, 2.902129;0.9500021, 0.5245193, 3.095397;1.081259, 0.5127034, 2.801367;0.8438846, -0.01885192, 3.004539;0.9694019, -0.006195719, 2.644859;0.973235, 0.1791684, 2.899624;0.9340832, 0.1107737, 2.949576;0.9940757, 0.1206127, 2.837681;0.9736885, -0.3559564, 3.004431;1.071442, -0.3406535, 2.715641;0.9864455, -0.7124028, 3.024168;1.119999, -0.6996924, 2.631878;0.9290221, -0.7880269, 3.004553;1.071643, -0.7743489, 2.581414;
0.9758435, 0.8673813, 2.969568;1.041646, 0.6563473, 2.932938;0.9845975, 0.2595628, 2.902197;0.949936, 0.5248154, 3.096514;1.081338, 0.5127403, 2.801275;0.8436753, -0.01906263, 3.004325;0.9693915, -0.006040129, 2.644379;0.9731441, 0.1802106, 2.899724;0.9339863, 0.111419, 2.949746;0.9939854, 0.1211185, 2.837568;0.9733888, -0.3555778, 3.004245;1.071904, -0.3387837, 2.715819;0.9865897, -0.7123501, 3.02414;1.119775, -0.6953846, 2.632032;0.9290202, -0.7879409, 3.004756;1.07119, -0.7728024, 2.581768;
0.9739136, 0.8670343, 2.969736;1.043091, 0.6571417, 2.933939;0.9846602, 0.2598777, 2.902438;0.9502364, 0.5274421, 3.099416;1.081333, 0.5128296, 2.801424;0.8434308, -0.01875287, 3.004083;0.9693574, -0.006143842, 2.643993;0.9730978, 0.1804894, 2.899903;0.9339063, 0.1114163, 2.949963;0.9937649, 0.1212903, 2.837498;0.9747692, -0.3601184, 3.006388;1.071761, -0.337052, 2.716252;0.9845125, -0.732325, 3.020124;1.119681, -0.694573, 2.631976;0.9267581, -0.7940624, 3.003903;1.070852, -0.7726164, 2.581964;
0.9768379, 0.8682087, 2.970234;1.043076, 0.6573486, 2.933836;0.9846723, 0.2599269, 2.902358;0.9500056, 0.5267555, 3.09937;1.081419, 0.5129341, 2.801399;0.8439911, -0.01829045, 3.004402;0.96992, -0.005718829, 2.643187;0.9731087, 0.1805179, 2.899813;0.9338735, 0.1112967, 2.949955;0.993808, 0.1212139, 2.836927;0.9743366, -0.3611214, 3.006238;1.071888, -0.3351244, 2.716895;0.9847054, -0.7326402, 3.020342;1.11952, -0.6926134, 2.632524;0.9278674, -0.7963451, 3.010669;1.070613, -0.7719443, 2.582061;
0.9776722, 0.8682689, 2.96553;1.043812, 0.6575733, 2.934673;0.9843832, 0.2602844, 2.902704;0.9502454, 0.5288411, 3.100919;1.081421, 0.5129411, 2.801375;0.8438076, -0.01757152, 3.00368;0.9700471, -0.005675478, 2.643084;0.9725766, 0.1809615, 2.900143;0.9326811, 0.1117956, 2.950913;0.9932379, 0.1214168, 2.836764;0.9742428, -0.3611067, 3.006154;1.071749, -0.3361638, 2.716553;0.9864755, -0.7302369, 3.021658;1.119402, -0.6925515, 2.632432;0.9289887, -0.7947096, 3.009913;1.071064, -0.7717727, 2.581344;
0.9750805, 0.8676278, 2.966598;1.043871, 0.6577163, 2.934888;0.9843706, 0.2607365, 2.902707;0.9496046, 0.5289935, 3.10066;1.081577, 0.5132208, 2.80139;0.843572, -0.01720738, 3.003199;0.9704266, -0.005514945, 2.642959;0.9725341, 0.1815059, 2.900062;0.9326103, 0.1118061, 2.950928;0.993188, 0.1217568, 2.836306;0.9743515, -0.3627299, 3.006421;1.07181, -0.3367686, 2.716494;0.9858538, -0.7308302, 3.0214;1.119877, -0.6950974, 2.632221;0.9287946, -0.7951689, 3.009889;1.07083, -0.7721707, 2.581016;
0.9756657, 0.8683439, 2.969829;1.043735, 0.6580047, 2.934618;0.9843246, 0.2608874, 2.902479;0.9495281, 0.5291419, 3.100604;1.081724, 0.5133294, 2.801501;0.8433831, -0.01743225, 3.003452;0.9710068, -0.004799814, 2.642464;0.9724968, 0.1816254, 2.899824;0.9325524, 0.1118486, 2.950536;0.9931692, 0.1218978, 2.836107;0.9742228, -0.3620963, 3.006133;1.07178, -0.3367648, 2.716518;0.9857674, -0.7195377, 3.022353;1.119786, -0.6951202, 2.632442;0.9283533, -0.7946109, 3.010603;1.070916, -0.7722736, 2.580915;
0.9754204, 0.8682252, 2.970132;1.043775, 0.6578882, 2.934369;0.9840972, 0.2608744, 2.902345;0.9491435, 0.5283603, 3.099931;1.081771, 0.5133727, 2.801696;0.8423543, -0.01781661, 3.002678;0.9707024, -0.007154554, 2.642104;0.9721556, 0.181621, 2.899684;0.9318402, 0.1118376, 2.950465;0.9928932, 0.1219757, 2.835902;0.9737284, -0.3585575, 3.005344;1.071298, -0.3355266, 2.716414;0.9875978, -0.7171636, 3.022392;1.119581, -0.6950029, 2.632386;0.9271244, -0.7927442, 3.009802;1.07077, -0.7722505, 2.581205;
0.9748352, 0.8680418, 2.969875;1.04379, 0.6579031, 2.9347;0.9838724, 0.2596175, 2.902016;0.9476014, 0.5247791, 3.098929;1.081824, 0.5134233, 2.801924;0.8421187, -0.0175787, 3.002436;0.9722843, -0.004162446, 2.642716;0.9718103, 0.1796888, 2.898996;0.9314322, 0.1108442, 2.948107;0.9929053, 0.1217284, 2.836137;0.9753035, -0.361325, 3.006421;1.071288, -0.3359471, 2.716425;0.9868597, -0.7228212, 3.020921;1.120161, -0.6958804, 2.632549;0.9264243, -0.7937154, 3.008665;1.070954, -0.7724134, 2.581306;
0.9749935, 0.869204, 2.973206;1.043888, 0.6589513, 2.935458;0.9838796, 0.2595695, 2.902002;0.9475899, 0.5247669, 3.099093;1.081638, 0.5136605, 2.802009;0.8420546, -0.01770224, 3.002482;0.9724667, -0.004638652, 2.643073;0.9718245, 0.1795064, 2.898885;0.9316042, 0.1107128, 2.947646;0.9929044, 0.1217291, 2.836158;0.9748596, -0.3607908, 3.005986;1.070671, -0.3346262, 2.716892;0.9865227, -0.7180492, 3.021514;1.118595, -0.6945246, 2.63155;0.9258504, -0.7928519, 3.009552;1.070753, -0.7722934, 2.581468;
0.9727142, 0.8679608, 2.972768;1.044046, 0.658464, 2.935663;0.983693, 0.2590626, 2.901966;0.9481332, 0.5272232, 3.100017;1.0816, 0.5136368, 2.802145;0.8416246, -0.01793582, 3.002776;0.9693637, -0.01329157, 2.641834;0.9715678, 0.1789996, 2.898805;0.9314192, 0.110668, 2.94733;0.9927301, 0.1216472, 2.836367;0.9748329, -0.3625024, 3.00597;1.070365, -0.3360829, 2.71625;0.9892647, -0.7272224, 3.023123;1.118996, -0.695478, 2.631584;0.9262047, -0.7936696, 3.009011;1.070979, -0.7723982, 2.581371;
0.9721941, 0.8675333, 2.973103;1.043719, 0.6581204, 2.936397;0.9836418, 0.2590077, 2.901991;0.9479187, 0.5273365, 3.100058;1.081537, 0.5136359, 2.802425;0.8412334, -0.01751333, 3.002838;0.9699317, -0.0138021, 2.641762;0.971532, 0.178965, 2.898795;0.9313664, 0.1106263, 2.947199;0.9927017, 0.1216044, 2.836369;0.9754285, -0.3631194, 3.006546;1.070118, -0.3356098, 2.716377;0.9889373, -0.7273283, 3.023205;1.119224, -0.6956252, 2.631644;0.9260551, -0.7940689, 3.008932;1.070879, -0.772518, 2.581894;
0.9718241, 0.8674636, 2.974865;1.043986, 0.6582278, 2.936456;0.9836584, 0.2590106, 2.902012;0.9468166, 0.5272778, 3.104366;1.081535, 0.5136371, 2.802442;0.8409276, -0.01775832, 3.002666;0.9702408, -0.01432464, 2.641892;0.9715368, 0.1789663, 2.898815;0.9313719, 0.1106488, 2.94713;0.9927226, 0.1216745, 2.836509;0.9748014, -0.3623677, 3.006109;1.070081, -0.3357713, 2.716394;0.9853185, -0.7056581, 3.024315;1.120226, -0.6962318, 2.632469;0.9412272, -0.7916807, 2.985183;1.07116, -0.7726717, 2.581995;
0.9710923, 0.8676791, 2.974375;1.043231, 0.6584876, 2.937663;0.9832586, 0.2580879, 2.902071;0.9464517, 0.5272534, 3.104734;1.081462, 0.5136349, 2.802484;0.840326, -0.01827626, 3.003488;0.9701392, -0.01562805, 2.641706;0.9711303, 0.1776454, 2.898649;0.9310974, 0.1104905, 2.945898;0.9926368, 0.1212094, 2.837224;0.9738731, -0.3604674, 3.005644;1.070081, -0.3360079, 2.716335;0.9857188, -0.7058887, 3.023567;1.1191, -0.6964196, 2.631156;0.9396182, -0.7869543, 2.99933;1.071133, -0.7728395, 2.581853;
0.9702063, 0.8676016, 2.975228;1.043156, 0.65864, 2.93782;0.9833534, 0.2575119, 2.901858;0.9456691, 0.526723, 3.106513;1.081504, 0.5136582, 2.80251;0.8397082, -0.01871686, 3.004349;0.9699887, -0.01580457, 2.641031;0.9713241, 0.1767615, 2.898251;0.9312917, 0.1103336, 2.944397;0.9930762, 0.1209237, 2.837598;0.9737414, -0.3588861, 3.005063;1.070101, -0.3364613, 2.716252;0.9864333, -0.7063565, 3.023236;1.119119, -0.6964257, 2.631164;0.9336573, -0.7863457, 3.002142;1.071711, -0.7729304, 2.581714;
0.9679854, 0.8669229, 2.978439;1.04226, 0.6583272, 2.937297;0.9832835, 0.2577869, 2.901955;0.9452385, 0.527704, 3.105538;1.081463, 0.5137057, 2.802519;0.837771, -0.01927946, 3.004627;0.9748016, -0.004067672, 2.642342;0.9713466, 0.1773535, 2.898506;0.9313266, 0.1105527, 2.944919;0.9931136, 0.1210714, 2.837655;0.9737164, -0.3588893, 3.004927;1.070113, -0.3365385, 2.71626;0.9858733, -0.7092642, 3.023422;1.118394, -0.694775, 2.631239;0.9280777, -0.7892417, 3.007478;1.071881, -0.7728354, 2.581966;
0.9656307, 0.8660588, 2.975429;1.039459, 0.6573403, 2.936373;0.983044, 0.2571818, 2.902083;0.9446892, 0.5277746, 3.105182;1.080637, 0.5136357, 2.802809;0.8369364, -0.01903024, 3.005116;0.9745925, -0.003596478, 2.642078;0.9713346, 0.176773, 2.89874;0.9314315, 0.1103484, 2.945051;0.9933489, 0.1204831, 2.838319;0.973736, -0.3589085, 3.004959;1.070215, -0.3368142, 2.716188;0.9850498, -0.7102023, 3.023023;1.118118, -0.693805, 2.63104;0.9278762, -0.7890987, 3.007002;1.071989, -0.7727423, 2.581726;
0.9635355, 0.8647524, 2.976167;1.035471, 0.6553365, 2.934983;0.9830429, 0.2571811, 2.902077;0.9440598, 0.5264916, 3.104093;1.080403, 0.5139046, 2.803195;0.8341658, -0.01858341, 3.00508;0.974107, -0.003921895, 2.641959;0.971522, 0.1768758, 2.898808;0.9321215, 0.1097937, 2.945822;0.9938006, 0.1204563, 2.838155;0.9743074, -0.359167, 3.00501;1.070243, -0.3368398, 2.716135;0.9846352, -0.7113124, 3.02354;1.119371, -0.6957821, 2.631795;0.9299353, -0.7892275, 3.007021;1.072267, -0.773047, 2.5817;
0.9621627, 0.864602, 2.976941;1.033121, 0.6548515, 2.934941;0.9829788, 0.2570457, 2.902031;0.9409243, 0.5234557, 3.103392;1.079772, 0.5140507, 2.803043;0.832002, -0.0173437, 3.004526;0.9737341, -0.004163646, 2.64167;0.9716166, 0.1767824, 2.898775;0.9323742, 0.1094132, 2.945766;0.9942521, 0.1203068, 2.838103;0.9742433, -0.3585697, 3.004923;1.07042, -0.3374191, 2.7161;0.9852993, -0.7112318, 3.023872;1.119908, -0.6976295, 2.631984;0.928794, -0.7891617, 3.007855;1.072204, -0.7732174, 2.581443;
0.9492305, 0.859866, 2.970128;1.024477, 0.6516036, 2.931703;0.9829512, 0.2571269, 2.901929;0.932775, 0.5211379, 3.107256;1.077685, 0.5141549, 2.802627;0.8309014, -0.01751126, 3.004782;0.9687975, -0.005667299, 2.637135;0.9721835, 0.1772831, 2.898703;0.9332477, 0.1089212, 2.946195;0.9960011, 0.1203621, 2.837484;0.9742058, -0.3587165, 3.004959;1.070763, -0.3388099, 2.716117;0.985625, -0.7113985, 3.02403;1.11897, -0.696771, 2.63106;0.9281633, -0.7892646, 3.007527;1.072228, -0.773281, 2.58131;
0.9383639, 0.855785, 2.959429;1.020246, 0.6503776, 2.9295;0.9831546, 0.2567502, 2.901575;0.9275258, 0.5210511, 3.106623;1.074561, 0.5138393, 2.801896;0.8296235, -0.01847475, 3.005554;0.9674578, -0.005697131, 2.637212;0.9733926, 0.1768684, 2.898425;0.9352678, 0.1081038, 2.94551;0.9991001, 0.119894, 2.838036;0.9738725, -0.3588455, 3.004637;1.071082, -0.3404665, 2.71547;0.9854826, -0.7116601, 3.023948;1.119038, -0.6965693, 2.631502;0.9281769, -0.7892707, 3.007098;1.072109, -0.7729974, 2.580828;
0.9250882, 0.8516544, 2.947617;1.013302, 0.6496491, 2.92638;0.9831392, 0.256666, 2.901553;0.9203814, 0.5193868, 3.099745;1.070899, 0.5144282, 2.800918;0.8282008, -0.01803754, 3.006533;0.967119, -0.002650186, 2.636067;0.9740536, 0.1767587, 2.898716;0.9365696, 0.1075614, 2.946168;1.001156, 0.1195768, 2.839073;0.9735677, -0.3591243, 3.004374;1.072205, -0.3430459, 2.71454;0.9849682, -0.7130668, 3.024324;1.117536, -0.696573, 2.630232;0.9261731, -0.7901473, 3.008852;1.07211, -0.7731048, 2.580842;
0.9200382, 0.8500758, 2.950442;1.003241, 0.6485484, 2.923603;0.9833863, 0.2568323, 2.90181;0.9161468, 0.5182583, 3.098699;1.069703, 0.5142619, 2.800299;0.8259163, -0.01835601, 3.009118;0.9657178, -0.001028933, 2.636452;0.9768717, 0.1778106, 2.900366;0.9407427, 0.1074669, 2.948938;1.007366, 0.1200036, 2.841814;0.9723751, -0.3593007, 3.003424;1.07205, -0.3434075, 2.714391;0.9851082, -0.7128582, 3.024171;1.116535, -0.6962711, 2.629484;0.9261953, -0.7909817, 3.009456;1.071975, -0.7732502, 2.580655;
0.9127369, 0.8436096, 2.949116;0.9965876, 0.6449821, 2.919856;0.9837322, 0.2570128, 2.902546;0.9052725, 0.5105222, 3.100396;1.066073, 0.5130202, 2.79912;0.8222658, -0.02088935, 3.010316;0.9592804, -0.004806854, 2.633135;0.9793251, 0.1789255, 2.90296;0.9441002, 0.1069734, 2.954234;1.011757, 0.1198665, 2.844437;0.9704406, -0.3571149, 3.002286;1.071643, -0.3423637, 2.714067;0.9853814, -0.7120422, 3.024132;1.115804, -0.6943178, 2.628842;0.9262611, -0.7904326, 3.009065;1.071544, -0.7728021, 2.580845;
0.8952043, 0.8332461, 2.938487;0.9870838, 0.6411703, 2.914973;0.9842643, 0.2574973, 2.902886;0.902537, 0.509799, 3.098946;1.060498, 0.5121011, 2.797321;0.8178594, -0.02464034, 3.010403;0.9509332, -0.002582312, 2.624896;0.9823154, 0.1807619, 2.904393;0.9499093, 0.1063555, 2.958954;1.015607, 0.1201263, 2.844524;0.9690982, -0.3565564, 3.000904;1.071411, -0.3434482, 2.713098;0.9850904, -0.7122747, 3.023713;1.116546, -0.6951249, 2.629539;0.9250447, -0.7912598, 3.009436;1.071555, -0.7735215, 2.581022;
0.8845105, 0.8235046, 2.927993;0.9726241, 0.6327596, 2.912583;0.9860686, 0.2568555, 2.902928;0.8952637, 0.504571, 3.092997;1.051568, 0.5070255, 2.793611;0.8131068, -0.02896654, 3.01222;0.9509966, 0.002771839, 2.623106;0.9884047, 0.1803989, 2.904707;0.9621415, 0.1008292, 2.961984;1.026648, 0.1181742, 2.841971;0.9673063, -0.3583419, 3.000253;1.070076, -0.3484179, 2.710449;0.9847989, -0.7199893, 3.022748;1.116083, -0.6954113, 2.629101;0.9240718, -0.7940224, 3.010347;1.070851, -0.7736038, 2.580304;
0.8696511, 0.8138362, 2.927413;0.9563385, 0.624035, 2.909137;0.9869385, 0.2557277, 2.904825;0.8858759, 0.4984384, 3.079542;1.043862, 0.5043761, 2.790499;0.8076555, -0.03338534, 3.010175;0.9439636, -0.003699675, 2.617177;0.9916965, 0.1797642, 2.908348;0.9677441, 0.09902595, 2.970681;1.031763, 0.1158374, 2.844753;0.9613329, -0.3552303, 2.998734;1.06938, -0.3498814, 2.708821;0.9856347, -0.7097052, 3.023465;1.11515, -0.6953115, 2.628963;0.9223073, -0.7925352, 3.010723;1.069945, -0.7738436, 2.580048;
0.8401843, 0.7969731, 2.922979;0.9441825, 0.6181349, 2.90544;0.9891074, 0.2488704, 2.908249;0.8753297, 0.4881954, 3.070145;1.034405, 0.4980002, 2.786891;0.8051717, -0.04289521, 3.010921;0.9337399, -0.01163387, 2.6067;0.9974684, 0.1723349, 2.913412;0.9737894, 0.09226733, 2.975819;1.04104, 0.1086395, 2.851328;0.9581867, -0.3547534, 2.998251;1.067719, -0.3537356, 2.706634;0.9858689, -0.7061899, 3.025065;1.114271, -0.6966579, 2.628273;0.9220284, -0.7911687, 3.011044;1.068561, -0.7752618, 2.57998;
0.8231498, 0.775887, 2.915758;0.924509, 0.5974442, 2.89953;0.9954665, 0.2326854, 2.910274;0.8608544, 0.4520689, 3.058601;1.020561, 0.4844129, 2.781547;0.7961936, -0.06602073, 3.005013;0.9339319, -0.01411626, 2.606564;1.009171, 0.1568443, 2.916345;0.990846, 0.07492199, 2.979969;1.056472, 0.09524965, 2.854484;0.9565581, -0.3567934, 2.998628;1.067052, -0.3566762, 2.70572;0.9848137, -0.7090619, 3.023604;1.113592, -0.6987595, 2.628822;0.9239268, -0.7912793, 3.010972;1.068328, -0.7757534, 2.579826;
0.8116684, 0.7667028, 2.910254;0.9164989, 0.5919061, 2.894084;0.9975702, 0.2240755, 2.912435;0.8564734, 0.4494207, 3.056613;1.005417, 0.4744295, 2.78037;0.7927437, -0.08079705, 3.005498;0.9123828, -0.05891404, 2.598068;1.013643, 0.148195, 2.920036;0.9956491, 0.06932327, 2.984224;1.061669, 0.08924286, 2.85899;0.9529105, -0.3644096, 2.999703;1.066344, -0.3590889, 2.704052;0.9826458, -0.7161744, 3.022878;1.112505, -0.6997452, 2.627694;0.9215368, -0.7918758, 3.008702;1.068075, -0.7758666, 2.579804;
0.799558, 0.7514134, 2.905103;0.9008034, 0.5765939, 2.892916;0.9995304, 0.2102132, 2.915828;0.8422492, 0.4362902, 3.052417;0.9926168, 0.462582, 2.77989;0.7815303, -0.09976912, 2.998618;0.9050642, -0.07861561, 2.591977;1.018624, 0.1352623, 2.924135;1.00162, 0.05959781, 2.987306;1.068212, 0.08086801, 2.864696;0.951139, -0.3694236, 3.00064;1.064893, -0.3616616, 2.702159;0.982622, -0.7164868, 3.022784;1.110289, -0.6998857, 2.626555;0.9211914, -0.7930946, 3.009274;1.067642, -0.7762347, 2.579755;
0.7754933, 0.7068503, 2.888522;0.8796614, 0.5369046, 2.88445;1.000681, 0.1799533, 2.915357;0.8235534, 0.3825626, 3.039436;0.981178, 0.4332342, 2.774214;0.77368, -0.124397, 3.002599;0.9022033, -0.09643619, 2.58446;1.023735, 0.1078732, 2.92483;1.011515, 0.02773501, 2.987341;1.077952, 0.05451913, 2.869177;0.9479182, -0.3754306, 3.001452;1.060667, -0.3689192, 2.699073;0.982964, -0.7168379, 3.022674;1.107419, -0.7008326, 2.624448;0.9197295, -0.7962986, 3.010267;1.06622, -0.7772629, 2.579348;
0.7632658, 0.6923477, 2.892428;0.8725419, 0.5255456, 2.881278;1.001622, 0.1589614, 2.921126;0.8194022, 0.3786629, 3.040326;0.9742286, 0.4171062, 2.772077;0.7670217, -0.1467036, 3.005164;0.9049068, -0.09287093, 2.583103;1.027714, 0.08421934, 2.933407;1.014221, 0.01558464, 2.992432;1.084049, 0.03321409, 2.883105;0.9414746, -0.381052, 3.000968;1.057588, -0.3730527, 2.69721;0.9822366, -0.7179036, 3.022202;1.10769, -0.7036812, 2.621863;0.9175869, -0.7972038, 3.00827;1.064834, -0.7789688, 2.579277;
0.7509464, 0.6603898, 2.876336;0.8629836, 0.499038, 2.874744;1.006106, 0.1440978, 2.922858;0.8107982, 0.3660585, 3.033375;0.9654482, 0.3931161, 2.767187;0.7575077, -0.1692494, 3.006002;0.8994373, -0.1102637, 2.581271;1.034065, 0.071633, 2.935942;1.023005, 0.003885085, 2.996902;1.09151, 0.02081029, 2.886605;0.9369916, -0.3876429, 3.000692;1.051889, -0.3835495, 2.692899;0.984117, -0.7212497, 3.022889;1.105993, -0.7024834, 2.62229;0.917879, -0.7984439, 3.008939;1.065471, -0.7778505, 2.577632;
0.7426413, 0.6253854, 2.870983;0.8496567, 0.4551471, 2.8689;1.004932, 0.1219151, 2.920799;0.7973911, 0.3072498, 3.021564;0.9578524, 0.3711833, 2.76248;0.7398872, -0.2210204, 2.994205;0.8987482, -0.1305857, 2.57057;1.034845, 0.05445321, 2.934558;1.025092, -0.015069, 2.997995;1.095396, 0.004573189, 2.884526;0.9266458, -0.4030305, 3.000381;1.047718, -0.391291, 2.689074;0.9845821, -0.7242193, 3.024068;1.104966, -0.7044786, 2.621378;0.9236437, -0.7966508, 3.006055;1.065479, -0.7778599, 2.577586;
0.7335456, 0.6111279, 2.865964;0.8431538, 0.4442231, 2.8655;1.007888, 0.1068599, 2.918488;0.7964764, 0.2872801, 3.015896;0.9456424, 0.3365346, 2.756047;0.733754, -0.2229063, 3.003407;0.8751499, -0.2040477, 2.556096;1.040741, 0.03839615, 2.932547;1.034456, -0.02913627, 2.996385;1.101309, -0.008432404, 2.883209;0.9106214, -0.4089296, 3.001566;1.040744, -0.395055, 2.686972;0.9830981, -0.7239568, 3.023837;1.104347, -0.7046246, 2.621149;0.9124708, -0.7960442, 3.003615;1.06508, -0.778377, 2.577717;
0.7194692, 0.5550561, 2.849291;0.8323583, 0.3910674, 2.862166;0.9987748, 0.04888985, 2.910928;0.7917912, 0.2614261, 3.010824;0.9429109, 0.3101182, 2.750246;0.7311701, -0.2486494, 3.004909;0.869989, -0.2354563, 2.547896;1.032058, -0.01954567, 2.924281;1.028461, -0.08427104, 2.979784;1.090109, -0.06678575, 2.881698;0.8888218, -0.4553217, 3.007919;1.032166, -0.4130354, 2.677837;0.9795135, -0.7132183, 3.025439;1.101902, -0.7051601, 2.620207;0.9133023, -0.7953054, 3.005148;1.064219, -0.7782325, 2.578014;
0.6952665, 0.5023669, 2.831671;0.8288524, 0.3727351, 2.85569;0.9967055, 0.03824842, 2.909533;0.7860917, 0.2137692, 3.004166;0.9373573, 0.2870697, 2.746485;0.7200661, -0.2788078, 3.004236;0.8681343, -0.2423659, 2.547418;1.030217, -0.0289706, 2.923613;1.027384, -0.09405836, 2.977983;1.087947, -0.07501021, 2.883149;0.8785832, -0.46024, 3.00712;1.022572, -0.4161115, 2.674692;0.9789535, -0.7073904, 3.026686;1.099895, -0.7062464, 2.62032;0.9127165, -0.7944027, 3.004639;1.062428, -0.7785805, 2.578734;
0.7002385, 0.4881301, 2.831843;0.8215724, 0.3317648, 2.842599;0.9951172, 0.01489036, 2.908111;0.7856663, 0.1879446, 3.001164;0.9399636, 0.243575, 2.736777;0.701941, -0.318644, 2.993647;0.8618432, -0.2940863, 2.546122;1.029475, -0.04925454, 2.923991;1.027869, -0.1141852, 2.98143;1.089109, -0.09681494, 2.884064;0.8638326, -0.4727847, 3.00799;1.017211, -0.43085, 2.668209;0.9792372, -0.7087669, 3.02608;1.097388, -0.722735, 2.612434;0.9121348, -0.7949478, 3.005665;1.056256, -0.7873138, 2.574338;
0.6848132, 0.4367715, 2.825017;0.8162928, 0.2961433, 2.831492;0.9964072, -0.01291109, 2.901866;0.7771977, 0.1555991, 2.993348;0.9396906, 0.2162136, 2.734738;0.6994078, -0.340009, 3.005625;0.8629656, -0.2974716, 2.544582;1.032078, -0.07458222, 2.919276;1.030141, -0.1411965, 2.979256;1.095826, -0.1179096, 2.879865;0.8494274, -0.4898075, 3.011119;1.010952, -0.4459765, 2.661388;0.9790259, -0.7094051, 3.025784;1.097644, -0.7357404, 2.609765;0.9148349, -0.7933197, 3.004836;1.048589, -0.794447, 2.571621;
0.6845379, 0.4176784, 2.819634;0.8122393, 0.2695971, 2.830668;0.9994532, -0.03405327, 2.901822;0.7719669, 0.125493, 2.988441;0.9398873, 0.1801681, 2.732939;0.6933501, -0.3619942, 3.003431;0.8478677, -0.3733464, 2.536543;1.036659, -0.09519012, 2.919534;1.032663, -0.1605234, 2.98072;1.104429, -0.135156, 2.879438;0.8424169, -0.5027991, 3.015913;1.018265, -0.4917641, 2.654936;0.9444899, -0.7834936, 3.034235;1.120306, -0.7762371, 2.616454;0.8815973, -0.7986548, 2.978406;1.046959, -0.781467, 2.572921;
0.6721743, 0.3284208, 2.803122;0.8066117, 0.1890247, 2.816697;0.9885162, -0.1203255, 2.885569;0.7775394, 0.04200699, 2.975101;0.9319099, 0.117972, 2.726037;0.6840629, -0.4512805, 2.992841;0.8434493, -0.4358529, 2.521486;1.024897, -0.1821956, 2.902928;1.02669, -0.2505105, 2.956062;1.086206, -0.2211919, 2.870482;0.8757678, -0.4749722, 3.010067;1.01058, -0.4967569, 2.651809;0.9717331, -0.7427362, 3.020525;1.096392, -0.7118257, 2.61794;0.8991773, -0.8001821, 3.002435;1.059633, -0.7804267, 2.579978;
0.6706141, 0.3138768, 2.798813;0.8076564, 0.1789018, 2.814961;0.9859679, -0.1221277, 2.883697;0.7781128, 0.02082846, 2.976064;0.9282862, 0.1065319, 2.726366;0.6780968, -0.4672535, 2.99245;0.8413241, -0.4626353, 2.52283;1.021488, -0.1832325, 2.900751;1.025016, -0.2529954, 2.955169;1.081241, -0.2226276, 2.866859;0.8630843, -0.4877353, 3.014239;0.9995055, -0.504978, 2.64427;0.9609005, -0.7205426, 3.015973;1.095943, -0.7144276, 2.617962;0.9028214, -0.7963097, 3.002713;1.059582, -0.7792435, 2.576216;
0.6703019, 0.2818727, 2.794929;0.807704, 0.1473317, 2.808583;0.9840557, -0.141582, 2.881063;0.7763741, 0.008243158, 2.971093;0.9240425, 0.07530793, 2.723952;0.6776185, -0.4896021, 2.995962;0.8470037, -0.4705939, 2.527113;1.019459, -0.1995916, 2.898914;1.023875, -0.2688569, 2.952948;1.07859, -0.2355547, 2.866761;0.8835665, -0.5478362, 3.020504;0.9903759, -0.5063519, 2.639813;0.9599169, -0.7210011, 3.015635;1.096736, -0.7182893, 2.616903;0.9035117, -0.7956492, 3.002649;1.058377, -0.7814431, 2.574646;
0.6668463, 0.2536985, 2.79324;0.802516, 0.113226, 2.808064;0.9974535, -0.1707931, 2.881579;0.7713321, -0.04454822, 2.968525;0.9230454, 0.05910703, 2.723617;0.6820031, -0.5268732, 3.004664;0.8573401, -0.4692924, 2.527682;1.036886, -0.2286366, 2.899832;1.046761, -0.3106727, 2.960673;1.103152, -0.2592204, 2.863909;0.881035, -0.5476536, 3.019981;0.9839363, -0.5065506, 2.638559;0.9566504, -0.7263116, 3.014555;1.101362, -0.7253443, 2.618243;0.9061854, -0.793714, 3.002934;1.057146, -0.7828624, 2.574045;
0.6674409, 0.2269403, 2.784687;0.8010088, 0.09044062, 2.806966;0.9985216, -0.1903644, 2.87832;0.7760377, -0.0580624, 2.968082;0.9297239, 0.02562099, 2.725074;0.6724503, -0.5550458, 3.003314;0.8613086, -0.5405686, 2.515873;1.038111, -0.2463934, 2.896294;1.049338, -0.3241776, 2.956363;1.10296, -0.2768799, 2.860765;0.8783259, -0.5448189, 3.018346;0.9766324, -0.5056088, 2.636611;0.9540471, -0.7276773, 3.013222;1.101188, -0.7255897, 2.617966;0.9003981, -0.7937835, 3.005169;1.057563, -0.7825207, 2.572729;
0.6649263, 0.2004673, 2.779575;0.8012241, 0.06623951, 2.802579;0.9912993, -0.2059925, 2.873455;0.7754411, -0.08445471, 2.967343;0.9299066, 0.01161288, 2.722841;0.6848035, -0.5751401, 3.001128;0.8645111, -0.5526999, 2.514432;1.029362, -0.2610887, 2.891122;1.04123, -0.3413331, 2.95147;1.093311, -0.2949366, 2.855087;0.875631, -0.5445205, 3.0173;0.9680813, -0.5045945, 2.634118;0.9650722, -0.7532894, 3.017513;1.100326, -0.7258278, 2.617934;0.8964421, -0.8009951, 3.004284;1.057436, -0.7836272, 2.57343;
0.6624668, 0.1776559, 2.776198;0.7989899, 0.04295817, 2.804371;0.9844674, -0.2276658, 2.873663;0.7734185, -0.1162044, 2.967129;0.9241352, -0.009022579, 2.721655;0.6854402, -0.5895647, 3.001317;0.8672566, -0.5685403, 2.514989;1.021688, -0.2817621, 2.891058;1.033895, -0.3686781, 2.95686;1.087903, -0.3162546, 2.851584;0.8810701, -0.5510234, 3.014489;0.9666854, -0.5046898, 2.63548;0.9464492, -0.7789676, 3.007836;1.098752, -0.7244466, 2.618438;0.8686076, -0.8117301, 3.002926;1.058349, -0.7844452, 2.574567;
0.6646971, 0.1622335, 2.77742;0.7988492, 0.03169125, 2.802829;0.9799831, -0.2357566, 2.875798;0.7709893, -0.1123636, 2.965222;0.9263858, -0.03019587, 2.722634;0.6856557, -0.6007206, 3.003857;0.8681909, -0.573788, 2.512932;1.016098, -0.2896748, 2.894006;1.02931, -0.3731062, 2.962813;1.081875, -0.3324594, 2.854293;0.9383785, -0.6464582, 3.038707;0.848412, -0.4891257, 2.570503;0.9454225, -0.7594438, 3.009764;1.098633, -0.724427, 2.618371;0.8831743, -0.8159254, 3.002358;1.058657, -0.7863833, 2.577344;
0.6614695, 0.1415194, 2.775059;0.7963119, -6.982265E-05, 2.803222;0.980229, -0.2478118, 2.877498;0.7689221, -0.1140212, 2.963816;0.9223939, -0.04984862, 2.723282;0.6905221, -0.6173403, 3.008802;0.8706958, -0.5700522, 2.51179;1.016673, -0.2986131, 2.895683;1.032172, -0.380868, 2.968802;1.083895, -0.3395014, 2.853276;0.9707773, -0.7536515, 3.046376;0.8280041, -0.4574976, 2.570815;0.8286595, -0.4987711, 2.964788;1.098426, -0.7236799, 2.618786;0.8536233, -0.6091922, 2.979049;1.063264, -0.7862849, 2.574548;
0.6632039, 0.137579, 2.776203;0.7984039, -0.005178536, 2.803463;0.9877849, -0.2454793, 2.877636;0.7669248, -0.1148969, 2.962269;0.9228378, -0.05660994, 2.724241;0.6927161, -0.6241697, 3.012583;0.8778536, -0.5822257, 2.503132;1.027462, -0.2930104, 2.895954;1.052606, -0.369814, 2.976587;1.103145, -0.3255184, 2.846986;0.8861015, -0.5530639, 3.010242;0.8387376, -0.4670407, 2.586124;0.9481205, -0.7385462, 3.009954;1.099275, -0.7227437, 2.618811;0.8934501, -0.8019532, 3.00107;1.067822, -0.785943, 2.572933;
0.6638362, 0.1354239, 2.777293;0.7980479, -0.007234025, 2.802771;0.9923429, -0.2524415, 2.879325;0.7654154, -0.1158346, 2.961516;0.9203768, -0.06281485, 2.723384;0.6942213, -0.6287485, 3.013414;0.8765391, -0.5937316, 2.499412;1.032875, -0.3016344, 2.898515;1.053344, -0.3741479, 2.976781;1.104771, -0.3317986, 2.850246;0.8783464, -0.5971478, 3.01091;0.8405582, -0.4650057, 2.585727;0.9442724, -0.7407931, 3.01069;1.099448, -0.7225197, 2.618774;0.8903133, -0.8042477, 2.999302;1.069795, -0.7860013, 2.572314;
0.66425, 0.1301259, 2.77865;0.7970989, -0.01179299, 2.803978;0.9958491, -0.2583722, 2.878795;0.7776036, -0.1765232, 2.970534;0.9193271, -0.06659596, 2.723878;0.7005941, -0.6319034, 3.014754;0.8808046, -0.6189662, 2.498327;1.036821, -0.3078175, 2.897415;1.056131, -0.3878619, 2.963429;1.104885, -0.3316176, 2.851924;0.6995729, -0.5320317, 2.994315;0.8419976, -0.4648516, 2.586327;0.8288911, -0.7912207, 3.026216;1.101124, -0.7210899, 2.619609;0.904959, -0.8038822, 2.993075;1.071344, -0.7845416, 2.573435;
0.6645673, 0.1271913, 2.781093;0.7964371, -0.01554565, 2.806234;0.9948475, -0.2579878, 2.878572;0.7770592, -0.1769809, 2.971356;0.9189593, -0.06909962, 2.724952;0.7051804, -0.6420574, 3.01752;0.8808013, -0.6200431, 2.498221;1.034866, -0.3065611, 2.896769;1.05508, -0.3883207, 2.965582;1.103744, -0.3307955, 2.850383;0.8925939, -0.5809383, 3.017215;0.8416121, -0.4654379, 2.586142;0.9445333, -0.740962, 3.01091;1.10241, -0.7193873, 2.620744;0.8898216, -0.8032751, 2.998843;1.073368, -0.7832365, 2.574899;
0.6654354, 0.1248327, 2.784637;0.7962791, -0.01878947, 2.808065;0.9980296, -0.2632649, 2.880525;0.7757086, -0.1767697, 2.971664;0.9183124, -0.07305052, 2.72608;0.7043664, -0.6418342, 3.016402;0.8879203, -0.6425692, 2.499707;1.038819, -0.3123272, 2.898648;1.05573, -0.3908123, 2.963984;1.1054, -0.331974, 2.856166;0.8926978, -0.5809768, 3.017137;0.8485593, -0.474169, 2.591884;0.9497378, -0.7259201, 3.01815;1.102734, -0.7197031, 2.621356;0.8856585, -0.8062271, 3.003649;1.076303, -0.7840635, 2.574793;
0.6654996, 0.1233456, 2.78699;0.7955451, -0.02242574, 2.81172;0.9975202, -0.2640262, 2.880696;0.7747246, -0.1770663, 2.972914;0.9175998, -0.07504832, 2.727354;0.7034398, -0.6413046, 3.018837;0.8886997, -0.6341258, 2.496224;1.038294, -0.3128245, 2.898521;1.055105, -0.3925647, 2.964697;1.105035, -0.3324457, 2.855628;0.8924655, -0.5816414, 3.016598;0.8484545, -0.476903, 2.593733;0.9435595, -0.7158383, 3.01747;1.103159, -0.7199113, 2.621733;0.8999444, -0.7948363, 3.001212;1.076594, -0.7835265, 2.574412;
0.6660185, 0.1242266, 2.788844;0.7962937, -0.02272346, 2.813237;0.9977657, -0.2649212, 2.880488;0.7740338, -0.1772254, 2.974221;0.9172407, -0.07562777, 2.728227;0.6976187, -0.6420833, 3.019033;0.8878282, -0.6284686, 2.494309;1.038447, -0.3138995, 2.897949;1.054742, -0.3947164, 2.962539;1.104916, -0.3325805, 2.855419;0.8917068, -0.5837128, 3.016359;0.8472202, -0.477683, 2.596464;0.9420165, -0.7129129, 3.016288;1.100312, -0.7194739, 2.620078;0.8924429, -0.8001441, 3.002229;1.077218, -0.7850569, 2.573781;
0.6656746, 0.1240144, 2.790716;0.7961703, -0.02414803, 2.815584;0.9994667, -0.2639627, 2.881352;0.7730587, -0.1776657, 2.976794;0.9171799, -0.07642496, 2.72936;0.694373, -0.6431913, 3.016312;0.8875415, -0.6267591, 2.493411;1.040761, -0.312132, 2.898579;1.05731, -0.3930438, 2.962876;1.108168, -0.3270322, 2.856479;0.6825009, -0.4690957, 2.97969;0.8467827, -0.4755958, 2.603862;0.9427711, -0.7127373, 3.016076;1.098543, -0.7190647, 2.620056;0.8850875, -0.8016645, 2.995488;1.078961, -0.7853523, 2.573259;
0.665333, 0.125108, 2.792681;0.796399, -0.02263421, 2.815775;0.9990438, -0.264633, 2.881051;0.7725664, -0.1778228, 2.980769;0.9168958, -0.07651383, 2.729938;0.6839152, -0.6424941, 3.017553;0.8837793, -0.6215473, 2.489255;1.039831, -0.3136224, 2.897991;1.0544, -0.3951994, 2.959551;1.105296, -0.3288787, 2.857306;0.6805928, -0.4703498, 2.987242;0.8433282, -0.4728106, 2.602733;0.9431187, -0.7078786, 3.015204;1.099163, -0.7173139, 2.62049;0.885087, -0.8016263, 2.995267;1.079738, -0.7839418, 2.574201;
0.6683524, 0.1313995, 2.798893;0.7965097, -0.01273923, 2.815669;0.9981184, -0.260718, 2.882013;0.7734637, -0.1768068, 2.982526;0.9173575, -0.0744111, 2.732073;0.6954222, -0.6429643, 3.021187;0.8988513, -0.5491266, 2.507217;1.03869, -0.3102162, 2.89898;1.047202, -0.3912006, 2.969987;1.107855, -0.326138, 2.854861;0.6756033, -0.4769138, 2.987142;0.8443164, -0.4718989, 2.604679;0.9428407, -0.7209193, 3.017219;1.099415, -0.717159, 2.620373;0.8844776, -0.8032131, 2.996888;1.077336, -0.7834278, 2.574914;
0.6686046, 0.1375604, 2.801171;0.798352, -0.005732514, 2.815928;0.9969958, -0.2433027, 2.88256;0.7740321, -0.1725944, 2.986518;0.9180133, -0.07045256, 2.735108;0.6839573, -0.6382123, 3.018911;0.8986777, -0.5079388, 2.511052;1.036467, -0.290135, 2.899433;1.050939, -0.3697276, 2.971895;1.106799, -0.3173249, 2.853782;0.6892106, -0.4884366, 2.985406;0.8440716, -0.4687069, 2.607809;0.9452211, -0.7365021, 3.016004;1.100078, -0.7163551, 2.620683;0.884711, -0.8041444, 2.997433;1.075732, -0.7828414, 2.576913;
0.6724889, 0.1536291, 2.807053;0.8006376, 0.01349302, 2.814162;0.9964695, -0.2357623, 2.882784;0.7667992, -0.1287494, 2.98822;0.9189048, -0.05926882, 2.738569;0.6815582, -0.6194009, 3.016271;0.8857029, -0.54423, 2.512098;1.035769, -0.2846816, 2.899796;1.049391, -0.3617966, 2.972327;1.106152, -0.3136573, 2.853922;0.6943063, -0.4982954, 2.988307;0.8384278, -0.4630609, 2.612635;0.9450587, -0.7406409, 3.015415;1.099875, -0.7161204, 2.620773;0.8910053, -0.80716, 3.001644;1.07236, -0.7824988, 2.578966;
0.6772832, 0.1655299, 2.810607;0.8024265, 0.02228976, 2.815872;0.9953624, -0.2267007, 2.884931;0.7655175, -0.1233594, 2.989204;0.9215015, -0.04899216, 2.741521;0.6790708, -0.6125795, 3.018042;0.8801211, -0.5417114, 2.510192;1.034061, -0.2761984, 2.902028;1.046731, -0.353493, 2.974872;1.10518, -0.3074049, 2.855582;0.6971476, -0.5018502, 2.987335;0.8417891, -0.4608124, 2.613465;0.9451352, -0.7405169, 3.015316;1.100724, -0.7154695, 2.621115;0.9021891, -0.8094755, 2.998306;1.069345, -0.7852049, 2.588845;
0.6852975, 0.1981242, 2.818278;0.8027169, 0.0346327, 2.818634;0.9937454, -0.2083443, 2.890334;0.7627883, -0.1105383, 2.990818;0.9215667, -0.03764982, 2.744078;0.6739746, -0.5864196, 3.012287;0.8785337, -0.5413745, 2.510855;1.031914, -0.2568015, 2.908104;1.043772, -0.3320523, 2.986347;1.1055, -0.2926607, 2.858449;0.7062335, -0.5062736, 2.982398;0.8511858, -0.4586419, 2.616033;0.9454406, -0.7423354, 3.015005;1.101461, -0.7150939, 2.622556;0.9009181, -0.8098528, 2.996392;1.039097, -0.7994275, 2.582488;
0.6929389, 0.2199419, 2.820159;0.8050122, 0.06055829, 2.821255;0.9921119, -0.2012169, 2.894349;0.758942, -0.07298, 2.989347;0.9225611, -0.02032593, 2.746533;0.6658089, -0.5652908, 3.008235;0.8719241, -0.5416899, 2.511134;1.029924, -0.2517875, 2.912172;1.038365, -0.3249713, 2.989785;1.102357, -0.2869924, 2.864584;0.708271, -0.5116297, 2.983559;0.8560992, -0.4553594, 2.616331;0.9491829, -0.748273, 3.013646;1.098469, -0.7167279, 2.621599;0.8979428, -0.8118036, 2.999217;1.064838, -0.7837821, 2.570732;
0.7003944, 0.2362086, 2.824589;0.809139, 0.07743126, 2.825445;0.9900355, -0.1980783, 2.891358;0.7595572, -0.06880516, 2.991212;0.9263618, -0.002340172, 2.745304;0.659832, -0.563849, 3.009159;0.8700238, -0.5180498, 2.513447;1.026652, -0.250191, 2.907928;1.029582, -0.3249063, 2.973341;1.096563, -0.2854278, 2.861269;0.7055114, -0.5191069, 2.992301;0.8558472, -0.4550455, 2.608318;0.9481103, -0.7473402, 3.012504;1.09628, -0.7181966, 2.621396;0.8993487, -0.8120379, 2.995609;1.064438, -0.7839185, 2.570897;
0.7180992, 0.2696462, 2.833439;0.8151909, 0.09852508, 2.830979;0.9988061, -0.1759546, 2.893072;0.7625251, -0.05313448, 2.991369;0.9292541, 0.01505436, 2.747263;0.670725, -0.5419079, 2.995294;0.8630882, -0.5064036, 2.513535;1.034963, -0.2315412, 2.908785;1.038163, -0.3034226, 2.970628;1.103517, -0.2608976, 2.866434;0.7257968, -0.5142397, 2.992746;0.8688509, -0.4429409, 2.617718;0.9466496, -0.7356652, 3.008696;1.094555, -0.7191265, 2.62013;0.9048725, -0.8058613, 2.996267;1.06306, -0.7845479, 2.571554;
0.7192153, 0.2783275, 2.835017;0.8197225, 0.1160959, 2.835309;0.9875154, -0.1730489, 2.890154;0.7648697, -0.02891945, 2.994978;0.9319826, 0.03694787, 2.750657;0.6814809, -0.536108, 3.007732;0.8528618, -0.5036101, 2.513;1.017922, -0.2303135, 2.903767;1.015321, -0.3061794, 2.962258;1.077394, -0.2678997, 2.86033;0.7153135, -0.5314328, 2.9986;0.861034, -0.4548631, 2.598383;0.9469939, -0.7263518, 3.007971;1.093711, -0.7215046, 2.618988;0.90657, -0.7975586, 2.997854;1.06277, -0.7843933, 2.571776;
0.7314963, 0.3010783, 2.839625;0.8264676, 0.1412481, 2.840044;0.9787495, -0.1535226, 2.906065;0.7678831, -0.002023362, 3.001006;0.9332218, 0.052457, 2.75098;0.6647838, -0.4972929, 2.989668;0.8446699, -0.4921153, 2.518847;1.008001, -0.2116888, 2.923154;0.9989514, -0.2849216, 2.994193;1.073826, -0.2559061, 2.877361;0.8187388, -0.4994783, 2.989451;0.8754401, -0.4483662, 2.606028;0.9474268, -0.7306962, 3.00738;1.093787, -0.7231834, 2.618185;0.9046549, -0.8003686, 2.99731;1.062605, -0.7842341, 2.572517;
0.745056, 0.3346053, 2.855149;0.8317907, 0.1582306, 2.84619;0.977569, -0.1483772, 2.901131;0.7699739, 0.01187997, 3.005124;0.9352479, 0.06310408, 2.751732;0.6549162, -0.5083458, 2.998307;0.859426, -0.443728, 2.530419;1.006214, -0.2075114, 2.915581;0.9988167, -0.2800713, 2.975156;1.069617, -0.2524223, 2.869886;0.8209788, -0.4913348, 2.987801;0.8760039, -0.4526057, 2.602138;0.947925, -0.7323222, 3.005233;1.092949, -0.7238394, 2.617506;0.9030421, -0.8001701, 2.99322;1.061546, -0.7855896, 2.5732;
0.7425699, 0.3451737, 2.85611;0.8427593, 0.1922569, 2.85046;0.9817459, -0.1281512, 2.900576;0.7724686, 0.02442725, 3.012786;0.9380839, 0.08566012, 2.758045;0.6533709, -0.4958841, 2.989438;0.8457739, -0.4302799, 2.535254;1.009443, -0.191965, 2.914384;1.001281, -0.2682887, 2.976195;1.072025, -0.2380117, 2.867361;0.8214449, -0.4852769, 2.985525;0.8397964, -0.4298621, 2.628217;0.9501083, -0.7385935, 3.005536;1.093047, -0.7242309, 2.617564;0.9007205, -0.803496, 2.99632;1.060622, -0.7866372, 2.57525;
0.765919, 0.3835427, 2.880626;0.8488241, 0.2071332, 2.858961;0.9764897, -0.1258558, 2.898252;0.7796484, 0.04638856, 3.010266;0.9431533, 0.1003871, 2.761295;0.6573753, -0.4834666, 2.982245;0.8467777, -0.4167517, 2.539566;1.000359, -0.1907598, 2.909296;0.9889075, -0.2651893, 2.9629;1.051603, -0.2399734, 2.86255;0.742272, -0.5463529, 2.989164;0.9622363, -0.5263028, 2.621665;0.9476756, -0.7347916, 3.006521;1.109143, -0.7790303, 2.605296;0.9006115, -0.802402, 2.996589;1.039593, -0.7961912, 2.565299;
0.7782995, 0.394032, 2.883696;0.8540441, 0.2221069, 2.860349;0.9770027, -0.1071391, 2.899106;0.782599, 0.05769932, 3.014121;0.9468658, 0.113646, 2.762876;0.7127901, -0.4255147, 2.953532;0.8449736, -0.4025045, 2.536466;1.000846, -0.173112, 2.910115;0.9854665, -0.2437574, 2.970361;1.058569, -0.2193196, 2.859705;0.7565339, -0.5401431, 2.984047;0.9628344, -0.5119033, 2.630781;0.9453785, -0.7348788, 3.006372;1.110695, -0.763468, 2.615111;0.8985099, -0.8032624, 2.998251;1.043294, -0.7865157, 2.574629;
0.7860816, 0.4164677, 2.888943;0.8610808, 0.2481367, 2.866342;0.9755525, -0.102144, 2.900383;0.7890514, 0.08597597, 3.009474;0.9458883, 0.1342447, 2.769273;0.6667502, -0.3850331, 2.98762;0.8573151, -0.3441335, 2.541498;0.9990981, -0.1700208, 2.910977;0.9838698, -0.2398693, 2.969798;1.054273, -0.2166381, 2.862155;0.7592011, -0.5384581, 2.983128;0.9618722, -0.5084586, 2.632241;0.94488, -0.734921, 3.005984;1.111132, -0.7585744, 2.617169;0.9008975, -0.8038856, 2.998053;1.046159, -0.7842884, 2.574638;
0.8114262, 0.4386032, 2.900722;0.8667066, 0.2574614, 2.868744;0.9772711, -0.09485944, 2.900204;0.7928949, 0.09611586, 3.010287;0.9512645, 0.1474973, 2.77213;0.6650563, -0.3813663, 2.979335;0.8807868, -0.3043987, 2.547616;0.9998666, -0.1645119, 2.910314;0.9843589, -0.2340354, 2.967016;1.054039, -0.2120081, 2.862281;0.7635176, -0.5342536, 2.982334;0.9437811, -0.4913517, 2.625784;0.9413115, -0.7288715, 3.005019;1.096603, -0.7386177, 2.614073;0.9033512, -0.8018764, 2.99761;1.048065, -0.7900897, 2.573254;
0.8206252, 0.4539103, 2.908289;0.8764392, 0.276035, 2.874182;0.9784397, -0.07940382, 2.904507;0.7981012, 0.113542, 3.014885;0.9580519, 0.1615638, 2.775221;0.6673764, -0.375763, 2.975147;0.8803133, -0.3044522, 2.545953;0.9993404, -0.1502443, 2.91413;0.9825143, -0.219883, 2.970295;1.052389, -0.2018471, 2.865479;0.7691202, -0.5251468, 2.97823;0.9431159, -0.4796716, 2.627852;0.9398986, -0.72639, 3.003913;1.093467, -0.7279499, 2.616672;0.9015243, -0.8004566, 2.997965;1.053741, -0.7879266, 2.578274;
0.8254368, 0.4702866, 2.915884;0.8868472, 0.2966871, 2.87817;0.9764614, -0.07184663, 2.911267;0.8019891, 0.1223278, 3.017329;0.9595867, 0.1730008, 2.777694;0.6737227, -0.3601904, 2.985056;0.8803802, -0.3025079, 2.543119;0.9952799, -0.1439112, 2.921781;0.9739041, -0.2082058, 2.981073;1.046067, -0.1965539, 2.873954;0.7703179, -0.5199412, 2.97146;0.9434127, -0.476459, 2.629392;0.9403476, -0.7203542, 3.003182;1.093263, -0.7245768, 2.618076;0.9015226, -0.7980186, 2.998984;1.055755, -0.7857094, 2.579535;
0.8297057, 0.4808401, 2.919049;0.8942664, 0.3089593, 2.883651;0.9752895, -0.06045447, 2.915137;0.8100097, 0.1414728, 3.018014;0.9649539, 0.1890935, 2.781904;0.6758917, -0.3485911, 2.986252;0.8847352, -0.2886671, 2.542315;0.9922293, -0.1336078, 2.925079;0.9708044, -0.1991808, 2.983;1.041353, -0.188609, 2.876349;0.7762898, -0.5158086, 2.967777;0.9425848, -0.4716136, 2.630332;0.9377857, -0.7167865, 3.002979;1.090625, -0.7203298, 2.619315;0.9018199, -0.7964994, 2.997233;1.057189, -0.7839496, 2.581274;
0.8416395, 0.499329, 2.925085;0.9020671, 0.3263651, 2.883065;0.9757581, -0.05057927, 2.914277;0.8236141, 0.1662243, 3.016288;0.9685089, 0.1984828, 2.782526;0.6840008, -0.3340529, 2.983863;0.8843719, -0.2841075, 2.541916;0.9914111, -0.1253223, 2.924102;0.97041, -0.1902299, 2.981915;1.037959, -0.1810886, 2.87456;0.7825043, -0.5099753, 2.965427;0.9417921, -0.4681231, 2.630796;0.9375054, -0.7157788, 3.000931;1.088607, -0.7174535, 2.61896;0.8961607, -0.7967272, 2.997272;1.058749, -0.7836043, 2.582511;
0.8507913, 0.5128598, 2.928065;0.9142882, 0.3414518, 2.887545;0.9775095, -0.03873361, 2.912771;0.8256698, 0.1715911, 3.018337;0.9722994, 0.2094869, 2.784359;0.6834652, -0.32032, 2.976353;0.8882908, -0.2778516, 2.545369;0.9911658, -0.1139909, 2.92155;0.9694853, -0.1805075, 2.978115;1.035127, -0.1693058, 2.871286;0.7882625, -0.5033191, 2.96444;0.940262, -0.4621392, 2.632342;0.9379156, -0.717325, 3.00062;1.088471, -0.718037, 2.618048;0.8983825, -0.7951499, 2.995073;1.058342, -0.7835205, 2.580871;
0.8731515, 0.5285652, 2.933717;0.9199786, 0.3523132, 2.894763;0.9794108, -0.03140879, 2.912657;0.8306838, 0.1790453, 3.020916;0.9771916, 0.2215683, 2.785768;0.6809081, -0.3238303, 2.982159;0.8914728, -0.2632434, 2.547707;0.9921591, -0.1075086, 2.920306;0.9703488, -0.1727784, 2.97473;1.034819, -0.1625283, 2.869775;0.7909645, -0.4958817, 2.963141;0.9383284, -0.454671, 2.633479;0.9376996, -0.7186772, 2.999333;1.088659, -0.715434, 2.618897;0.9017763, -0.7951429, 2.998492;1.059123, -0.7815174, 2.582576;
0.881851, 0.5327414, 2.938212;0.9258618, 0.3562111, 2.895485;0.980158, -0.02532986, 2.910926;0.8338022, 0.1820539, 3.022391;0.9839671, 0.2292747, 2.787158;0.6850612, -0.3083084, 2.979712;0.8963611, -0.2513717, 2.552454;0.9915985, -0.1007434, 2.91768;0.9663965, -0.1640799, 2.970054;1.034322, -0.153127, 2.866773;0.7949423, -0.4908848, 2.962469;0.938332, -0.4539236, 2.633789;0.9380892, -0.7189873, 2.998319;1.088673, -0.7164123, 2.618587;0.8986541, -0.7930816, 2.998307;1.058771, -0.7821888, 2.582282;
0.8863329, 0.5400257, 2.938944;0.9344115, 0.3643847, 2.8953;0.9797521, -0.02270671, 2.910217;0.8387784, 0.1915485, 3.024718;0.9877726, 0.2343924, 2.788729;0.6946509, -0.2878042, 2.986137;0.8969545, -0.2438883, 2.550208;0.9901522, -0.09859601, 2.916782;0.9637854, -0.1607295, 2.967453;1.031381, -0.1512095, 2.866853;0.7955205, -0.4884811, 2.960746;0.9376721, -0.4526109, 2.634346;0.9433724, -0.7233427, 3.000136;1.088577, -0.7171411, 2.618282;0.9052871, -0.7945064, 2.999074;1.058536, -0.7825918, 2.581817;
0.8879555, 0.5485443, 2.939316;0.9437522, 0.3750401, 2.898436;0.9826398, -0.01348348, 2.910205;0.8449854, 0.2028661, 3.028876;0.9927703, 0.244219, 2.790071;0.6968001, -0.2793693, 2.988478;0.8965174, -0.2413442, 2.548002;0.9913838, -0.09073, 2.916223;0.9632769, -0.1551035, 2.967668;1.032784, -0.1421247, 2.865088;0.7978629, -0.4839448, 2.959245;0.9384935, -0.4510615, 2.635787;0.954645, -0.7401851, 3.001599;1.088711, -0.7174041, 2.617949;0.9021345, -0.8012362, 2.999072;1.058335, -0.7825627, 2.581582;
0.8923364, 0.5537225, 2.939218;0.9477104, 0.3799351, 2.899473;0.9837161, -0.004637208, 2.909717;0.8481841, 0.209195, 3.033062;0.9991429, 0.2516281, 2.787208;0.6986742, -0.2686103, 2.980474;0.9009364, -0.2329416, 2.548699;0.9913289, -0.08106375, 2.915232;0.9615196, -0.1474803, 2.968367;1.033033, -0.1353254, 2.862449;0.8006043, -0.4782385, 2.957572;0.9392238, -0.450829, 2.636294;0.9542326, -0.7382636, 3.002283;1.088877, -0.7169875, 2.618622;0.9032902, -0.8003899, 2.998966;1.060923, -0.7807814, 2.578438;
0.9151624, 0.5678883, 2.948716;0.9563894, 0.3900409, 2.907849;0.9825358, 0.009537582, 2.912072;0.8509626, 0.2188367, 3.037241;1.005431, 0.2588466, 2.787527;0.7007083, -0.2649074, 2.980515;0.9003544, -0.2293327, 2.546963;0.9878484, -0.06542914, 2.916478;0.9517151, -0.1331344, 2.973859;1.032008, -0.1203184, 2.857951;0.8047565, -0.4703027, 2.955519;0.939821, -0.4496737, 2.636374;0.9518039, -0.734585, 3.001173;1.089095, -0.7173741, 2.618682;0.905171, -0.7998544, 2.99857;1.060933, -0.7808068, 2.578375;
0.9267499, 0.5846275, 2.956493;0.9638647, 0.4057205, 2.911489;0.9836842, 0.01956525, 2.91258;0.8614922, 0.2411504, 3.041886;1.009674, 0.2642699, 2.788417;0.7037597, -0.2521671, 2.981914;0.9014552, -0.2240977, 2.545534;0.988041, -0.05713186, 2.916451;0.9517372, -0.1232693, 2.974486;1.03124, -0.1130406, 2.856648;0.8086821, -0.4621039, 2.954255;0.9399128, -0.4473644, 2.63711;0.956236, -0.7415894, 3.003084;1.089058, -0.7174388, 2.618629;0.9030206, -0.801012, 2.995674;1.061188, -0.7812079, 2.578948;
0.9352037, 0.592616, 2.964756;0.9713922, 0.4134505, 2.916348;0.9865905, 0.02947909, 2.912284;0.8645953, 0.2479141, 3.04273;1.020618, 0.278179, 2.790362;0.7058069, -0.2429405, 2.977884;0.906775, -0.2121136, 2.547312;0.9899697, -0.0467864, 2.915045;0.9520266, -0.1159786, 2.973628;1.033267, -0.1027548, 2.85279;0.8112881, -0.4558854, 2.953197;0.9401435, -0.4458647, 2.637551;0.9555143, -0.7398861, 3.002837;1.089144, -0.7176896, 2.618528;0.9016209, -0.8007011, 2.997886;1.061095, -0.7812862, 2.578969;
0.9474049, 0.6026362, 2.972733;0.9819955, 0.4233551, 2.918503;0.9933999, 0.04150049, 2.905872;0.8710415, 0.2575487, 3.04001;1.029599, 0.2907633, 2.792423;0.7140461, -0.2289475, 2.98682;0.9137555, -0.201303, 2.550117;0.9959991, -0.03424407, 2.906512;0.9570344, -0.1056393, 2.963322;1.039207, -0.08683245, 2.842027;0.8117516, -0.447199, 2.949486;0.9404898, -0.4424804, 2.63832;0.9386512, -0.7155943, 2.995044;1.088915, -0.7174546, 2.618491;0.8975006, -0.8002146, 2.996835;1.060841, -0.7809141, 2.578881;
0.9536959, 0.6172224, 2.967452;0.9933633, 0.4383948, 2.922034;0.9950435, 0.05015754, 2.906177;0.8773403, 0.268841, 3.040772;1.037528, 0.300086, 2.791103;0.713778, -0.2243162, 2.985714;0.9180206, -0.1912268, 2.550956;0.9962719, -0.02682458, 2.906484;0.9559412, -0.09872603, 2.963532;1.038924, -0.08213615, 2.841462;0.8115599, -0.4467897, 2.948826;0.9413639, -0.4399347, 2.639533;0.9425678, -0.7172495, 2.996469;1.089257, -0.7177011, 2.618569;0.8980278, -0.7993191, 2.998829;1.061047, -0.7810863, 2.579103;
0.9801365, 0.6364127, 2.960005;1.006545, 0.4549598, 2.922724;0.9981743, 0.0619941, 2.905024;0.8874703, 0.2896416, 3.038077;1.045998, 0.3117772, 2.792273;0.7126288, -0.2060344, 2.964811;0.925463, -0.1730845, 2.556567;0.9974961, -0.01618645, 2.905035;0.9558608, -0.0881059, 2.962245;1.038524, -0.07361155, 2.839468;0.8123417, -0.4458137, 2.948232;0.9412601, -0.4391691, 2.639833;0.9485844, -0.7267684, 2.999018;1.089189, -0.7175981, 2.6186;0.9104668, -0.8, 2.996193;1.061077, -0.7810358, 2.579371;
0.9876989, 0.6474729, 2.965075;1.014166, 0.4659292, 2.928361;0.9970703, 0.06509442, 2.905893;0.8918725, 0.2972056, 3.037036;1.059628, 0.3286467, 2.793762;0.7109588, -0.201696, 2.964521;0.9303263, -0.1671188, 2.558346;0.9951217, -0.01358063, 2.905493;0.9496214, -0.07784895, 2.956525;1.032826, -0.06818794, 2.845276;0.8134753, -0.442535, 2.947236;0.9403425, -0.4333915, 2.640475;0.9518001, -0.7307798, 3.000396;1.089205, -0.7175774, 2.618608;0.9107602, -0.8005724, 2.996395;1.062268, -0.7805152, 2.578019;
1.015462, 0.6610664, 2.974173;1.021308, 0.4775168, 2.933083;0.9956423, 0.07754438, 2.90704;0.9048138, 0.3204339, 3.033174;1.065357, 0.34068, 2.797251;0.7157931, -0.1940303, 2.970989;0.9320889, -0.1594406, 2.562315;0.9913284, -0.001532156, 2.905623;0.9465177, -0.06738003, 2.956066;1.027622, -0.0582504, 2.844798;0.8156931, -0.4383093, 2.945653;0.9407831, -0.4289637, 2.641496;0.9549947, -0.7385508, 3.002808;1.089534, -0.7175052, 2.618954;0.9088562, -0.8028711, 2.99583;1.062522, -0.7805341, 2.578801;
1.031559, 0.675631, 2.973479;1.032655, 0.4918506, 2.931894;0.9956566, 0.08425339, 2.904888;0.9105306, 0.3375324, 3.034672;1.072258, 0.3477185, 2.797447;0.7304906, -0.1587735, 2.978363;0.9345868, -0.1472642, 2.563863;0.9897161, 0.004097199, 2.90316;0.9425626, -0.05530862, 2.947674;1.025285, -0.05005056, 2.845253;0.8158928, -0.4305024, 2.942525;0.940713, -0.4281797, 2.641675;0.9442116, -0.727074, 2.999159;1.088848, -0.7173657, 2.618021;0.9013273, -0.8000764, 2.996069;1.062317, -0.7812015, 2.579033;
1.062919, 0.7001216, 2.98404;1.054128, 0.5163458, 2.941207;1.002516, 0.1253008, 2.895055;0.9273549, 0.3669451, 3.042647;1.090541, 0.3694351, 2.798656;0.7300485, -0.1358401, 2.970495;0.9356146, -0.1285196, 2.565155;0.9918733, 0.0486551, 2.888296;0.9412101, -0.02378807, 2.938332;1.025484, -0.007649342, 2.821757;0.8165545, -0.4263711, 2.941323;0.9409422, -0.4266947, 2.64136;0.9485632, -0.732376, 2.999579;1.089225, -0.7178236, 2.61508;0.9127777, -0.8028963, 2.994775;1.062035, -0.7824582, 2.578203;
1.069091, 0.7065436, 2.990484;1.061782, 0.5226203, 2.942956;1.00325, 0.128898, 2.894043;0.9339374, 0.3745106, 3.042163;1.093859, 0.3782695, 2.802842;0.7220992, -0.1346684, 2.978362;0.9368927, -0.1116433, 2.563353;0.9918974, 0.05137622, 2.887261;0.9415465, -0.01712544, 2.935747;1.024355, -0.004041872, 2.820499;0.8169013, -0.4243369, 2.940876;0.9423261, -0.4124667, 2.643538;0.9500073, -0.7340549, 3.00034;1.088942, -0.7179377, 2.613129;0.9182767, -0.8064685, 2.998757;1.061364, -0.7825052, 2.576749;
1.082879, 0.7117516, 2.992088;1.069241, 0.5279296, 2.94688;1.003952, 0.1309666, 2.892047;0.9394987, 0.3820127, 3.041133;1.098003, 0.3828392, 2.804643;0.7494839, -0.08151472, 2.983237;0.963903, -0.06650236, 2.582353;0.9918377, 0.05309779, 2.884336;0.9407712, -0.01052324, 2.927795;1.024023, -0.001200218, 2.81845;0.818966, -0.4164241, 2.939226;0.9448708, -0.4032785, 2.644081;0.9541583, -0.7328094, 3.001445;1.089248, -0.7180664, 2.612581;0.9129806, -0.8001194, 2.998973;1.061294, -0.7826873, 2.576874;
1.0981, 0.7202622, 2.99324;1.07831, 0.5367881, 2.949584;1.004495, 0.1373935, 2.888711;0.9446375, 0.3901655, 3.042272;1.120955, 0.4068533, 2.80261;0.7549404, -0.06599769, 2.987108;0.9602033, -0.06445438, 2.580769;0.9907604, 0.05896752, 2.879922;0.9369184, -0.000311113, 2.919059;1.023137, 0.00504451, 2.816329;0.8191704, -0.41662, 2.939328;0.947148, -0.3976383, 2.643437;0.9542488, -0.7324196, 3.001456;1.089831, -0.7189276, 2.612203;0.9070071, -0.8015009, 3.000683;1.061285, -0.783476, 2.577086;
1.13217, 0.7421505, 3.015089;1.102744, 0.560472, 2.958078;1.005975, 0.1648961, 2.881876;0.9626878, 0.4171003, 3.066216;1.131174, 0.4181834, 2.804051;0.7374595, -0.08057262, 2.971852;0.9669086, -0.03140137, 2.583422;0.9872289, 0.08771984, 2.869787;0.9317489, 0.01888786, 2.91141;1.013993, 0.03251609, 2.802204;0.8233751, -0.4065249, 2.939608;0.951079, -0.3901274, 2.644434;0.9579386, -0.7295862, 3.00633;1.090626, -0.7192032, 2.612251;0.9099345, -0.801407, 3.002313;1.063107, -0.7824004, 2.574205;
1.132027, 0.7251264, 3.015425;1.103846, 0.5391457, 2.954553;1.005144, 0.1663935, 2.880682;0.969874, 0.4277723, 3.066606;1.134434, 0.4273536, 2.807059;0.760625, -0.04463655, 2.987875;0.973294, -0.02485862, 2.586539;0.9854097, 0.09188905, 2.867992;0.9292406, 0.02673334, 2.907174;1.009793, 0.04010408, 2.800894;0.8255708, -0.4068855, 2.940693;0.9525508, -0.388079, 2.644729;0.9618595, -0.7355016, 3.008589;1.092895, -0.7200662, 2.611359;0.9132518, -0.8026339, 3.002878;1.065308, -0.7844903, 2.575727;
1.140447, 0.7302033, 3.018357;1.105003, 0.5375812, 2.953828;1.003909, 0.1687099, 2.877518;0.9702391, 0.428215, 3.063526;1.139287, 0.4349344, 2.808182;0.7395516, -0.07255634, 2.98717;0.9757202, -0.01934689, 2.584712;0.9832557, 0.09570591, 2.864154;0.9254307, 0.03553944, 2.897096;1.007699, 0.0457504, 2.800092;0.8342361, -0.4064029, 2.945485;0.9564421, -0.3834864, 2.646264;0.9631815, -0.7377251, 3.008698;1.092997, -0.7200698, 2.611318;0.914837, -0.803541, 3.002935;1.065074, -0.7843965, 2.576024;
1.153782, 0.7352723, 3.021661;1.1073, 0.5370014, 2.954803;1.001534, 0.1729979, 2.875494;0.9754167, 0.4333416, 3.055491;1.140975, 0.4410118, 2.8095;0.7749944, -0.02376677, 3.004145;0.9751486, -0.02262366, 2.578822;0.9791408, 0.1018879, 2.86143;0.9220492, 0.0415348, 2.895152;1.000798, 0.05427119, 2.796983;0.8414551, -0.3984048, 2.945015;0.9591859, -0.3821076, 2.646818;0.9648616, -0.7346062, 3.009362;1.094965, -0.7201626, 2.612278;0.9151467, -0.80059, 3.005037;1.066484, -0.7825742, 2.574314;
1.160814, 0.7400306, 3.024882;1.108584, 0.5232743, 2.953867;0.9999836, 0.1729455, 2.873858;0.9706993, 0.4269234, 2.996413;1.147678, 0.4509511, 2.811778;0.7804159, -0.01791997, 3.004962;0.9855552, -8.241553E-05, 2.583458;0.9773279, 0.1026216, 2.859773;0.9189215, 0.0449244, 2.888929;0.9994214, 0.05482692, 2.797584;0.850357, -0.4008331, 2.95042;0.965864, -0.3785377, 2.649926;0.9682871, -0.7283858, 3.010603;1.095469, -0.7192692, 2.612702;0.9156253, -0.799407, 3.0062;1.066904, -0.7816616, 2.574936;
1.163387, 0.7397375, 3.025976;1.109435, 0.520349, 2.953685;0.9977623, 0.1743694, 2.873783;0.9772449, 0.441213, 3.064098;1.149024, 0.4522758, 2.812038;0.7831203, -0.01447755, 3.002542;0.9943085, 0.01694699, 2.581998;0.9738724, 0.105684, 2.860138;0.9157915, 0.0510002, 2.887723;0.9932951, 0.0592735, 2.802902;0.8582385, -0.4011092, 2.951916;0.9710375, -0.3771501, 2.652186;0.9714206, -0.7327083, 3.012191;1.098047, -0.7157559, 2.615332;0.9162645, -0.8007097, 3.00531;1.069123, -0.7780799, 2.576161;
1.179404, 0.7466108, 3.040827;1.115111, 0.5183386, 2.952016;0.9987442, 0.1792088, 2.868083;0.9771869, 0.4412039, 3.064004;1.160593, 0.4699866, 2.82128;0.789791, -0.004506412, 3.007217;0.9973185, 0.02244562, 2.580336;0.9744819, 0.1125746, 2.853223;0.9165896, 0.06266186, 2.874029;0.9942701, 0.06456879, 2.80006;0.8736746, -0.3963926, 2.954763;0.9824734, -0.3751288, 2.654172;0.9715664, -0.7325733, 3.012282;1.098729, -0.7145489, 2.615372;0.9159911, -0.8012005, 3.005283;1.069016, -0.7782465, 2.576235;
1.184432, 0.7482364, 3.043289;1.118614, 0.5153375, 2.953809;0.998203, 0.1792372, 2.866032;0.9676023, 0.4235852, 2.998718;1.165843, 0.4753864, 2.823217;0.7931768, -0.001398043, 3.010609;1.004221, 0.03316371, 2.578393;0.973386, 0.1127948, 2.850317;0.9137475, 0.06246707, 2.868499;0.9938926, 0.06456481, 2.798665;0.8815286, -0.39666, 2.956255;0.9932746, -0.3754193, 2.657829;0.9720283, -0.7323422, 3.012322;1.0994, -0.7111931, 2.618526;0.9134772, -0.8023336, 3.004996;1.068864, -0.7777514, 2.576347;
1.197657, 0.7465818, 3.044123;1.120969, 0.5134062, 2.953856;0.9983572, 0.1789945, 2.861479;0.9661528, 0.4232215, 2.993677;1.175096, 0.4779756, 2.823343;0.7744775, -0.03282765, 3.002837;1.008108, 0.04044758, 2.575835;0.9731995, 0.1127362, 2.844806;0.910778, 0.06139644, 2.85938;0.9950469, 0.06348524, 2.794301;0.8906567, -0.3920199, 2.9575;1.003301, -0.375506, 2.661952;0.9801147, -0.7239966, 3.016775;1.100081, -0.7079797, 2.619708;0.914891, -0.7992358, 3.004448;1.068801, -0.7771913, 2.576658;
1.209036, 0.7376626, 3.054897;1.124417, 0.5095872, 2.953027;0.9993133, 0.1802361, 2.858326;0.9626681, 0.4162727, 2.987258;1.178411, 0.4797823, 2.825142;0.7747337, -0.03266922, 3.00297;1.010527, 0.04462168, 2.56995;0.9740177, 0.11487, 2.841275;0.9103317, 0.06299306, 2.855931;0.9960386, 0.06373543, 2.790433;0.902099, -0.3900363, 2.962002;1.011053, -0.3732888, 2.665219;0.9808921, -0.7224529, 3.016965;1.100405, -0.7057837, 2.62053;0.9187412, -0.797985, 3.003065;1.069318, -0.7770282, 2.577848;
1.214488, 0.7349756, 3.056327;1.128072, 0.5071456, 2.954325;1.000446, 0.1802223, 2.856278;0.9558004, 0.4034995, 2.97199;1.183966, 0.4775385, 2.824814;0.7836422, -0.03403521, 3.001719;1.015957, 0.05012391, 2.571536;0.9749747, 0.1151089, 2.838792;0.9096916, 0.06132813, 2.853038;0.9981264, 0.0635385, 2.785509;0.9115729, -0.3894206, 2.965794;1.01319, -0.3737192, 2.666275;0.9828789, -0.7232068, 3.016551;1.10127, -0.7047009, 2.621279;0.924967, -0.7958943, 3.002986;1.069396, -0.7768086, 2.577764;
1.22036, 0.732114, 3.056265;1.130784, 0.5049559, 2.954511;1.001593, 0.1802202, 2.85441;0.9562641, 0.4038216, 2.972606;1.187725, 0.4763263, 2.825553;0.7852779, -0.04270725, 3.000549;1.015977, 0.04973314, 2.570808;0.9759278, 0.1154028, 2.836742;0.9098645, 0.06125352, 2.850893;0.9991202, 0.06318256, 2.783286;0.9171991, -0.3896329, 2.967531;1.014777, -0.3731311, 2.667324;0.9847209, -0.7218434, 3.017008;1.101765, -0.704405, 2.621603;0.9242581, -0.7942223, 3.002115;1.07039, -0.7755032, 2.577439;
1.225192, 0.7302467, 3.058257;1.134502, 0.5034727, 2.954984;1.003368, 0.1812746, 2.852961;0.9589727, 0.4072202, 2.98057;1.196977, 0.4732341, 2.826792;0.7879043, -0.05036703, 3.003455;1.019744, 0.04909091, 2.569343;0.977496, 0.1169385, 2.835087;0.9112839, 0.06546898, 2.845496;1.00019, 0.06349877, 2.783322;0.9204239, -0.3893034, 2.967555;1.01561, -0.3730175, 2.667921;0.9869116, -0.7201416, 3.018046;1.101862, -0.7040264, 2.621657;0.9239898, -0.7938936, 3.002684;1.073225, -0.7758849, 2.580227;
1.2