1.064548, 0.8311483, 2.92706;1.124843, 0.6568783, 2.896505;1.067001, 0.25688, 2.861284;1.029205, 0.5241593, 3.061809;1.16598, 0.5130509, 2.766758;0.9384368, -0.05318625, 3.000108;1.075034, 0.001300335, 2.628789;1.055432, 0.1768803, 2.857865;1.015935, 0.1190574, 2.904124;1.077484, 0.1140586, 2.798167;1.051362, -0.3671919, 2.978781;1.140975, -0.3240616, 2.679414;1.065347, -0.7260107, 2.985597;1.184855, -0.6917937, 2.600055;1.00987, -0.7927625, 2.967217;1.136986, -0.770093, 2.560197;
1.064439, 0.8312313, 2.92703;1.12323, 0.6567938, 2.896606;1.066759, 0.256827, 2.861469;1.029694, 0.526023, 3.060437;1.165752, 0.5129913, 2.766865;0.9318541, -0.060959, 2.990681;1.065237, -0.01358499, 2.625498;1.055304, 0.1768312, 2.85805;1.015958, 0.1191882, 2.904333;1.07729, 0.1138354, 2.798453;1.051579, -0.3662404, 2.978804;1.141038, -0.3241087, 2.67943;1.064626, -0.7252213, 2.984527;1.184615, -0.6926865, 2.599917;1.00952, -0.7907789, 2.966215;1.137382, -0.7703931, 2.56041;
1.064425, 0.8311921, 2.927006;1.122783, 0.6564496, 2.896806;1.066486, 0.2567708, 2.861925;1.030118, 0.5278632, 3.060509;1.165629, 0.5128696, 2.766903;0.9330696, -0.03515043, 2.984396;1.068182, -0.007445678, 2.626389;1.055069, 0.17683, 2.858585;1.015847, 0.1195183, 2.905112;1.076932, 0.1134345, 2.799008;1.052187, -0.3648896, 2.978519;1.141055, -0.3240997, 2.679386;1.065036, -0.7212589, 2.984807;1.184397, -0.6933067, 2.599872;1.009478, -0.7901942, 2.965886;1.137391, -0.7705674, 2.560474;
1.063958, 0.8301678, 2.927122;1.122665, 0.6566033, 2.896815;1.06633, 0.2568051, 2.862118;1.030903, 0.5325068, 3.062689;1.165333, 0.5133233, 2.767309;0.9325624, -0.03655662, 2.984298;1.066014, -0.01833628, 2.62456;1.054906, 0.1768369, 2.858833;1.01577, 0.1197722, 2.905523;1.076616, 0.113145, 2.799289;1.052338, -0.3650202, 2.978578;1.141249, -0.3245466, 2.679095;1.06518, -0.7209703, 2.984752;1.184417, -0.6933305, 2.599863;1.011574, -0.7889214, 2.965422;1.137574, -0.7698508, 2.558339;
1.064043, 0.8293368, 2.926623;1.122307, 0.6559304, 2.896726;1.066092, 0.2567441, 2.862269;1.030868, 0.532781, 3.062018;1.16516, 0.5131843, 2.767156;0.9323133, -0.03650569, 2.98404;1.064513, -0.01164623, 2.625775;1.054667, 0.1768514, 2.859037;1.015588, 0.1199978, 2.905736;1.076276, 0.1130057, 2.799588;1.052285, -0.3641791, 2.978344;1.141228, -0.3244348, 2.679062;1.065647, -0.7215342, 2.984118;1.18409, -0.6932324, 2.599483;1.011514, -0.7884539, 2.965995;1.138142, -0.7699671, 2.558525;
1.064098, 0.829357, 2.926634;1.121924, 0.6559549, 2.896824;1.065973, 0.2567488, 2.86239;1.030263, 0.5297887, 3.059774;1.16492, 0.5132333, 2.767245;0.9317132, -0.03710853, 2.983893;1.069754, -0.01447026, 2.626548;1.054595, 0.1768568, 2.859156;1.015579, 0.1199502, 2.905805;1.076203, 0.1131998, 2.7998;1.051873, -0.3641598, 2.978204;1.141182, -0.3245129, 2.679054;1.066167, -0.7215207, 2.984563;1.183953, -0.6932833, 2.599222;1.012402, -0.7882884, 2.966187;1.138223, -0.7701415, 2.558702;
1.06397, 0.8298194, 2.926337;1.121842, 0.6560118, 2.896611;1.065851, 0.2568907, 2.862334;1.030606, 0.532056, 3.06111;1.16489, 0.5133112, 2.767211;0.9312426, -0.03780961, 2.984649;1.069644, -0.01482913, 2.623635;1.054466, 0.1770315, 2.859128;1.015452, 0.1202727, 2.905903;1.076061, 0.11317, 2.79969;1.051837, -0.3640422, 2.978175;1.141209, -0.3245989, 2.679043;1.066277, -0.7213151, 2.984697;1.183978, -0.6929935, 2.599152;1.012302, -0.7880508, 2.966143;1.138217, -0.7700911, 2.558622;
1.063617, 0.8299803, 2.925977;1.121732, 0.6560644, 2.896252;1.065687, 0.2569418, 2.86231;1.029692, 0.5304749, 3.061713;1.164773, 0.5134549, 2.76727;0.9310185, -0.03871124, 2.984714;1.073063, -0.01053877, 2.62477;1.05428, 0.177093, 2.859154;1.015236, 0.1202908, 2.905869;1.07584, 0.1135323, 2.799943;1.05183, -0.3640691, 2.978148;1.141165, -0.3244933, 2.678968;1.066482, -0.7212821, 2.985038;1.183964, -0.6923522, 2.599384;1.012246, -0.7876437, 2.966169;1.139857, -0.7695045, 2.558915;
1.06322, 0.8302228, 2.925754;1.121541, 0.6560598, 2.896137;1.065418, 0.2572766, 2.862346;1.029017, 0.5284322, 3.061995;1.164765, 0.5134676, 2.76723;0.9304436, -0.03980798, 2.984396;1.071488, -0.01194338, 2.623935;1.054, 0.1775472, 2.859238;1.014924, 0.1203344, 2.906092;1.075645, 0.1139493, 2.799807;1.051856, -0.3638617, 2.978012;1.141088, -0.3249263, 2.678729;1.065336, -0.7213378, 2.983924;1.184306, -0.6925479, 2.599682;1.01211, -0.7875067, 2.96584;1.139776, -0.7695193, 2.559342;
1.062958, 0.8298268, 2.925072;1.121027, 0.6549814, 2.895462;1.064792, 0.2565888, 2.862629;1.028361, 0.5258096, 3.060015;1.164753, 0.5134782, 2.767132;0.9278733, -0.04986925, 2.98345;1.071176, -0.01192912, 2.623577;1.053336, 0.1768727, 2.859701;1.013542, 0.117381, 2.906521;1.075057, 0.1147193, 2.800842;1.05205, -0.3639371, 2.978453;1.14108, -0.3250442, 2.67874;1.065132, -0.7212323, 2.983736;1.184564, -0.6918151, 2.599973;1.012107, -0.7875111, 2.965839;1.140023, -0.7675238, 2.557381;
1.062783, 0.8301427, 2.924395;1.12078, 0.6552567, 2.89549;1.0641, 0.2569291, 2.863455;1.0293, 0.5302398, 3.06111;1.164441, 0.5137081, 2.76687;0.9275713, -0.05067222, 2.983331;1.070963, -0.01332168, 2.622015;1.052552, 0.1772228, 2.860778;1.013081, 0.1170837, 2.907338;1.073659, 0.1169686, 2.802953;1.051694, -0.3639671, 2.978184;1.140945, -0.3249898, 2.678546;1.065688, -0.7200668, 2.985184;1.184363, -0.6916847, 2.599837;1.012814, -0.7870641, 2.965146;1.13983, -0.7678466, 2.557307;
1.062639, 0.8308856, 2.924509;1.120356, 0.6555528, 2.895619;1.063673, 0.2571626, 2.863852;1.029563, 0.5312026, 3.061179;1.164022, 0.5144107, 2.767027;0.927763, -0.0483091, 2.983481;1.07088, -0.01286833, 2.621064;1.052155, 0.1774431, 2.861211;1.012846, 0.1167639, 2.907747;1.073068, 0.1182776, 2.80357;1.05145, -0.3629173, 2.977701;1.140777, -0.3254001, 2.678165;1.065657, -0.7200596, 2.985117;1.183952, -0.6937868, 2.599151;1.012863, -0.791002, 2.953527;1.139388, -0.768657, 2.556606;
1.060828, 0.8264091, 2.92324;1.119995, 0.6554803, 2.895422;1.063274, 0.2573991, 2.86396;1.028998, 0.5293813, 3.061404;1.163782, 0.5145692, 2.766881;0.9272791, -0.04968318, 2.983764;1.06948, -0.0140313, 2.621214;1.051749, 0.1777746, 2.861393;1.012041, 0.1159947, 2.908787;1.072794, 0.1189866, 2.803241;1.051431, -0.3634007, 2.977472;1.140825, -0.3254275, 2.678008;1.064934, -0.7213295, 2.984092;1.183762, -0.6935748, 2.598795;1.013914, -0.7907344, 2.955148;1.140615, -0.7686735, 2.557448;
1.060738, 0.8265644, 2.92318;1.119869, 0.6554615, 2.895165;1.063093, 0.257283, 2.864027;1.028136, 0.5261859, 3.061555;1.163749, 0.5145307, 2.766589;0.9268068, -0.04949573, 2.984308;1.066579, -0.01949358, 2.617831;1.051542, 0.1776221, 2.861522;1.011667, 0.1151921, 2.908852;1.072687, 0.1191727, 2.80344;1.051391, -0.3632216, 2.977471;1.14064, -0.3254824, 2.677952;1.064865, -0.7213264, 2.984361;1.184038, -0.6939303, 2.599122;1.015697, -0.7886304, 2.959829;1.140161, -0.7689294, 2.557781;
1.06067, 0.8253167, 2.923015;1.119778, 0.6554821, 2.895146;1.062704, 0.2574309, 2.864124;1.029014, 0.5283547, 3.06229;1.163681, 0.5145651, 2.76652;0.9245354, -0.05497815, 2.984856;1.065759, -0.01972098, 2.618439;1.051103, 0.1778053, 2.861642;1.011446, 0.1151056, 2.908894;1.072006, 0.1198687, 2.803536;1.051138, -0.3623447, 2.976789;1.140116, -0.3251332, 2.677848;1.064892, -0.721382, 2.984199;1.183956, -0.6948736, 2.599052;1.014412, -0.7879652, 2.961123;1.139601, -0.7699215, 2.558238;
1.060265, 0.8242565, 2.922561;1.11955, 0.6548057, 2.895001;1.062369, 0.2569153, 2.864162;1.028489, 0.5270534, 3.060399;1.163568, 0.5144415, 2.766497;0.9234906, -0.05742587, 2.985344;1.065272, -0.02140093, 2.617697;1.050771, 0.1773246, 2.861701;1.010971, 0.1139012, 2.908851;1.071915, 0.1198303, 2.803565;1.051106, -0.3624085, 2.976776;1.139915, -0.3251747, 2.677851;1.065447, -0.7225421, 2.984722;1.184206, -0.6955488, 2.598987;1.01448, -0.7881619, 2.962643;1.138972, -0.7702689, 2.558353;
1.061448, 0.8281348, 2.924129;1.119269, 0.6549626, 2.895141;1.061849, 0.2569026, 2.864648;1.029895, 0.5317501, 3.061389;1.162696, 0.5141445, 2.7665;0.9241151, -0.05271886, 2.986489;1.061777, -0.01180397, 2.619598;1.05022, 0.1772633, 2.862258;1.010812, 0.1138156, 2.909173;1.071057, 0.1201841, 2.804324;1.051137, -0.3620034, 2.976669;1.13984, -0.3251312, 2.677839;1.064795, -0.7221491, 2.984225;1.183905, -0.695138, 2.598902;1.015366, -0.7879985, 2.963176;1.138932, -0.7702727, 2.558249;
1.061344, 0.8281411, 2.92382;1.119317, 0.6550446, 2.895091;1.061578, 0.2570709, 2.864772;1.03015, 0.5324498, 3.061625;1.162724, 0.5142003, 2.766442;0.9245764, -0.05287133, 2.986767;1.06437, -0.007588472, 2.621524;1.049828, 0.1774728, 2.862444;1.010507, 0.1138943, 2.909299;1.070544, 0.1205334, 2.804556;1.050198, -0.3611392, 2.976217;1.139312, -0.3246478, 2.677932;1.064425, -0.721639, 2.984206;1.183913, -0.6951889, 2.599087;1.014488, -0.7881553, 2.963161;1.13875, -0.7703882, 2.558137;
1.06173, 0.8287837, 2.925563;1.11911, 0.6551232, 2.894179;1.061472, 0.2571794, 2.864821;1.030158, 0.5332085, 3.061718;1.162743, 0.5143514, 2.766464;0.9245857, -0.05213869, 2.986883;1.062627, -0.01014896, 2.619851;1.049703, 0.1776295, 2.862603;1.01044, 0.1138839, 2.909415;1.070397, 0.1210089, 2.804941;1.050156, -0.3610831, 2.976227;1.139191, -0.3246441, 2.677815;1.064318, -0.7218856, 2.984521;1.183816, -0.6943483, 2.599011;1.013934, -0.7881374, 2.964133;1.138633, -0.7703663, 2.558244;
1.061562, 0.8287799, 2.925379;1.11915, 0.6552604, 2.893976;1.061293, 0.2571144, 2.864688;1.028669, 0.5307925, 3.062076;1.162647, 0.5143396, 2.766403;0.9238516, -0.05525618, 2.98657;1.058025, -0.02087925, 2.616694;1.049467, 0.1775068, 2.862463;1.009931, 0.1134087, 2.909216;1.070303, 0.1210441, 2.804802;1.0501, -0.3609903, 2.976275;1.139199, -0.3246528, 2.677797;1.064447, -0.7221227, 2.984537;1.183923, -0.6939381, 2.599039;1.012456, -0.788284, 2.96539;1.138606, -0.7699713, 2.558082;
1.05913, 0.8268028, 2.92258;1.118967, 0.6553934, 2.89364;1.060627, 0.2573504, 2.864745;1.028562, 0.5319638, 3.062721;1.162687, 0.5142125, 2.766146;0.9240803, -0.05536225, 2.987597;1.059067, -0.02135017, 2.616762;1.048678, 0.1777755, 2.862634;1.008968, 0.1136175, 2.90943;1.06967, 0.1213305, 2.804992;1.049863, -0.3609934, 2.976102;1.139157, -0.3244593, 2.677757;1.063823, -0.7210441, 2.985231;1.183694, -0.694083, 2.598881;1.012501, -0.7883217, 2.96536;1.138499, -0.7700887, 2.558393;
1.058879, 0.8257108, 2.922498;1.118886, 0.6553746, 2.893559;1.060233, 0.2568972, 2.864887;1.027112, 0.5294014, 3.061845;1.162498, 0.5140299, 2.765798;0.9232451, -0.05802146, 2.986403;1.061142, -0.01698178, 2.617658;1.048211, 0.1771583, 2.862862;1.00849, 0.1130329, 2.90946;1.069393, 0.1210166, 2.80541;1.049725, -0.3609982, 2.976066;1.138965, -0.3245734, 2.67769;1.064287, -0.7225844, 2.985534;1.183709, -0.6940855, 2.59894;1.011593, -0.7882574, 2.965947;1.138478, -0.7700747, 2.558393;
1.059044, 0.8254734, 2.922326;1.118429, 0.6545891, 2.89311;1.059939, 0.2561305, 2.864425;1.026463, 0.5273611, 3.059536;1.161982, 0.5136227, 2.765071;0.9223995, -0.0602118, 2.986895;1.060583, -0.02259798, 2.613953;1.047989, 0.1764054, 2.862388;1.008369, 0.1120552, 2.908603;1.069332, 0.1208762, 2.805284;1.049397, -0.36072, 2.975823;1.138564, -0.3242214, 2.67764;1.064319, -0.722865, 2.985497;1.18404, -0.6942635, 2.599435;1.012304, -0.7886586, 2.966375;1.138459, -0.7702108, 2.558532;
1.058886, 0.8243629, 2.921977;1.11843, 0.6545824, 2.8931;1.059687, 0.2561606, 2.86444;1.027612, 0.5306606, 3.061215;1.161876, 0.5135659, 2.764962;0.9226613, -0.05775475, 2.987353;1.061942, -0.02108623, 2.614127;1.047665, 0.1764579, 2.862408;1.008127, 0.1119999, 2.908654;1.06878, 0.1211088, 2.805221;1.049196, -0.3602355, 2.975791;1.138434, -0.3245204, 2.677438;1.064583, -0.7218201, 2.985945;1.183218, -0.6943697, 2.59886;1.012134, -0.7883692, 2.966382;1.138446, -0.770228, 2.558535;
1.058634, 0.825184, 2.921408;1.118105, 0.654441, 2.892333;1.059366, 0.2559166, 2.864076;1.026596, 0.5275829, 3.060283;1.161694, 0.5135781, 2.764778;0.922002, -0.06105892, 2.9869;1.064279, -0.02739846, 2.611885;1.047374, 0.1762016, 2.862101;1.007775, 0.1115662, 2.908401;1.068596, 0.1209751, 2.804897;1.048362, -0.3594032, 2.975339;1.138071, -0.3254069, 2.676953;1.064554, -0.7225183, 2.984566;1.183247, -0.694608, 2.59887;1.009714, -0.7875437, 2.966217;1.13858, -0.7706137, 2.558785;
1.058496, 0.826039, 2.922309;1.11802, 0.6546357, 2.89212;1.059248, 0.2560544, 2.863969;1.025774, 0.5255467, 3.062055;1.161617, 0.5136805, 2.764971;0.9208899, -0.06292033, 2.984589;1.062333, -0.02934665, 2.611267;1.047268, 0.1763278, 2.862008;1.007666, 0.111565, 2.908358;1.06853, 0.1211444, 2.804734;1.048213, -0.359516, 2.97519;1.137983, -0.3252501, 2.676883;1.064478, -0.7212942, 2.984308;1.183037, -0.6943907, 2.598893;1.01028, -0.786874, 2.965855;1.138296, -0.7704412, 2.558527;
1.058319, 0.8261076, 2.921692;1.117982, 0.6546013, 2.892032;1.058849, 0.2560474, 2.863784;1.025586, 0.5254271, 3.062006;1.161841, 0.5136865, 2.764842;0.9182797, -0.06204332, 2.982871;1.063465, -0.02848808, 2.612184;1.046785, 0.1763368, 2.861797;1.006596, 0.1115973, 2.908099;1.068326, 0.1211124, 2.804522;1.047771, -0.3589662, 2.974909;1.137951, -0.3252681, 2.676845;1.06469, -0.7205652, 2.984551;1.182921, -0.6946203, 2.598662;1.010155, -0.7868223, 2.9654;1.138226, -0.770498, 2.558584;
1.058304, 0.8263356, 2.921837;1.117839, 0.654813, 2.892077;1.058697, 0.2560521, 2.863739;1.025229, 0.5250088, 3.062062;1.161845, 0.5137055, 2.764886;0.9178754, -0.0638672, 2.983141;1.06725, -0.01401732, 2.615187;1.046635, 0.1763088, 2.861732;1.006361, 0.1114826, 2.907936;1.068274, 0.1211573, 2.804491;1.047663, -0.3589081, 2.974972;1.137973, -0.3252649, 2.676848;1.064635, -0.7206306, 2.984746;1.183276, -0.6947709, 2.599147;1.010378, -0.7867338, 2.965355;1.138084, -0.770417, 2.558573;
1.058258, 0.8258596, 2.922132;1.117853, 0.6547716, 2.891934;1.058548, 0.2560731, 2.863719;1.026627, 0.5299791, 3.063045;1.16145, 0.5137558, 2.765071;0.9187328, -0.05900209, 2.985341;1.070169, -0.01033592, 2.619029;1.046442, 0.1763467, 2.861736;1.006304, 0.1115512, 2.907908;1.067794, 0.1214478, 2.804645;1.047443, -0.3580891, 2.974743;1.137913, -0.3252927, 2.676805;1.064583, -0.7199052, 2.984773;1.182841, -0.6934839, 2.598987;1.010448, -0.7864788, 2.965277;1.138209, -0.7701976, 2.558481;
1.058339, 0.825793, 2.922638;1.117833, 0.6542389, 2.891468;1.058007, 0.2559609, 2.863439;1.025016, 0.5273405, 3.061661;1.161453, 0.5137302, 2.765038;0.9180542, -0.06113189, 2.984431;1.070361, -0.009771614, 2.619525;1.045772, 0.1763072, 2.861461;1.005164, 0.1113787, 2.907645;1.06732, 0.1214125, 2.804332;1.047391, -0.3581395, 2.974819;1.13781, -0.3254937, 2.676568;1.064456, -0.720278, 2.984815;1.182838, -0.6933981, 2.599289;1.010215, -0.7889974, 2.969162;1.138205, -0.7701267, 2.558409;
1.058017, 0.8267069, 2.923423;1.117914, 0.6542678, 2.891713;1.057995, 0.2559581, 2.863449;1.023645, 0.5255007, 3.060835;1.161186, 0.513626, 2.765042;0.916751, -0.06263597, 2.985444;1.069605, -0.01125234, 2.620042;1.045758, 0.1763026, 2.86146;1.005129, 0.1113204, 2.907618;1.067317, 0.1214223, 2.804321;1.047422, -0.3582637, 2.974813;1.137781, -0.325439, 2.676533;1.064501, -0.7198794, 2.984679;1.182681, -0.6935984, 2.599192;1.009061, -0.7897801, 2.968489;1.137743, -0.7701241, 2.557904;
1.058016, 0.8269417, 2.923632;1.117878, 0.6541768, 2.891669;1.057954, 0.255793, 2.863349;1.023491, 0.5238338, 3.059769;1.160879, 0.5133693, 2.765012;0.9162332, -0.06341949, 2.984919;1.068567, -0.01060857, 2.620169;1.045734, 0.1761194, 2.861342;1.005142, 0.1109232, 2.907633;1.067304, 0.1210714, 2.803842;1.047443, -0.3586603, 2.974913;1.137568, -0.3258078, 2.676359;1.06418, -0.7202009, 2.984458;1.18226, -0.692402, 2.59858;1.010048, -0.7892036, 2.968255;1.137697, -0.7700014, 2.55777;
1.058179, 0.826492, 2.924534;1.117766, 0.6543537, 2.891668;1.057913, 0.2557981, 2.863346;1.023211, 0.5235783, 3.059285;1.160705, 0.5135235, 2.76495;0.9163984, -0.06214432, 2.985008;1.068555, -0.009403756, 2.620134;1.045707, 0.1761114, 2.861338;1.005113, 0.1108431, 2.907652;1.067293, 0.1210894, 2.803823;1.047171, -0.3581755, 2.974792;1.137589, -0.3258421, 2.676349;1.063949, -0.7196023, 2.983889;1.182271, -0.692262, 2.598644;1.009386, -0.7881144, 2.967306;1.137636, -0.7699092, 2.557653;
1.057874, 0.8256507, 2.92456;1.117475, 0.6546975, 2.891786;1.057885, 0.255741, 2.863338;1.022956, 0.5231096, 3.059565;1.160429, 0.513435, 2.764886;0.91646, -0.06144468, 2.985034;1.068269, -0.009974862, 2.620733;1.045702, 0.1759667, 2.861301;1.005185, 0.110709, 2.907538;1.067315, 0.1210595, 2.803833;1.047114, -0.3581151, 2.974774;1.137582, -0.3258625, 2.676311;1.064149, -0.7170697, 2.983825;1.182202, -0.6925348, 2.598633;1.009703, -0.7877776, 2.966868;1.137606, -0.7700742, 2.557884;
1.057586, 0.8245818, 2.925231;1.117107, 0.6537092, 2.891279;1.057859, 0.2555909, 2.863316;1.022434, 0.5227582, 3.059712;1.160093, 0.512752, 2.764385;0.9157457, -0.06367511, 2.983858;1.068322, -0.01299957, 2.618753;1.045709, 0.17589, 2.86131;1.005203, 0.1103156, 2.907647;1.067376, 0.1209413, 2.803799;1.046855, -0.3583577, 2.974745;1.137455, -0.3260693, 2.676221;1.06366, -0.7185478, 2.98367;1.181801, -0.6920927, 2.598568;1.009408, -0.7880347, 2.966886;1.137608, -0.7700809, 2.557885;
1.05752, 0.8244486, 2.925253;1.116844, 0.6540948, 2.891158;1.057792, 0.2556345, 2.863319;1.021809, 0.5224049, 3.059073;1.160002, 0.512824, 2.76436;0.9159616, -0.06385212, 2.98141;1.068543, -0.01402549, 2.618947;1.045677, 0.1759065, 2.861319;1.005174, 0.1103338, 2.907641;1.067383, 0.1209855, 2.803846;1.046571, -0.359033, 2.974951;1.137263, -0.3264389, 2.676088;1.063179, -0.7208178, 2.983524;1.181762, -0.6921637, 2.598529;1.009331, -0.7885792, 2.966732;1.137612, -0.7700724, 2.557899;
1.05625, 0.8229457, 2.923648;1.11672, 0.6543347, 2.891066;1.057567, 0.255679, 2.863684;1.02183, 0.5215937, 3.060781;1.159673, 0.5126937, 2.76433;0.91609, -0.06487335, 2.982694;1.067229, -0.01483518, 2.618875;1.045425, 0.175905, 2.861869;1.005041, 0.1103088, 2.908446;1.067041, 0.1208996, 2.804463;1.046343, -0.3589804, 2.974823;1.136859, -0.3265333, 2.676015;1.063257, -0.7206008, 2.984235;1.181884, -0.6929782, 2.599223;1.009381, -0.7884629, 2.96669;1.138763, -0.7708547, 2.558146;
1.054312, 0.8205073, 2.921218;1.115823, 0.654116, 2.890412;1.057276, 0.2555598, 2.863774;1.021438, 0.520971, 3.059757;1.159384, 0.5126607, 2.764319;0.9166473, -0.06396212, 2.979812;1.067852, -0.01514052, 2.618623;1.045212, 0.1757966, 2.862031;1.004876, 0.1101161, 2.908748;1.066863, 0.1207476, 2.804619;1.045969, -0.358319, 2.974611;1.136362, -0.3268703, 2.675612;1.062785, -0.7202593, 2.98397;1.18205, -0.6946245, 2.598958;1.009489, -0.7886434, 2.966417;1.137677, -0.771081, 2.557377;
1.052274, 0.8187651, 2.919283;1.115507, 0.654222, 2.890164;1.057155, 0.2556236, 2.863738;1.021091, 0.5205179, 3.059247;1.159134, 0.5126135, 2.764313;0.9169436, -0.06434349, 2.980348;1.068052, -0.01633225, 2.618164;1.045141, 0.17585, 2.86202;1.004816, 0.1100914, 2.908815;1.066817, 0.120761, 2.804542;1.04597, -0.358346, 2.974632;1.136063, -0.3267672, 2.675597;1.063636, -0.7201166, 2.983869;1.181995, -0.6945865, 2.59905;1.009528, -0.788289, 2.966581;1.137671, -0.7708161, 2.557255;
1.050949, 0.8175479, 2.919592;1.114759, 0.6539759, 2.889835;1.056446, 0.2555771, 2.863854;1.020356, 0.5195501, 3.058889;1.15882, 0.5124854, 2.764263;0.9184211, -0.05927326, 2.981632;1.068242, -0.0164218, 2.617572;1.044485, 0.1758459, 2.862219;1.004009, 0.1099878, 2.909306;1.066296, 0.1205484, 2.804596;1.045763, -0.3583708, 2.974629;1.134935, -0.326236, 2.675169;1.063705, -0.7205109, 2.983833;1.181664, -0.6945657, 2.598685;1.009081, -0.7884321, 2.967917;1.137601, -0.7708321, 2.557228;
1.049362, 0.819587, 2.921736;1.114348, 0.6537226, 2.889587;1.055848, 0.2552234, 2.863696;1.019674, 0.5189562, 3.057562;1.158345, 0.5126349, 2.764147;0.9251257, -0.02637532, 2.986079;1.073385, -0.008606023, 2.619228;1.043906, 0.1754915, 2.862093;1.003492, 0.1097118, 2.909147;1.065934, 0.1204516, 2.804563;1.045752, -0.3583767, 2.974628;1.134215, -0.3264136, 2.674861;1.063531, -0.7206179, 2.984014;1.181476, -0.6945745, 2.598466;1.009368, -0.7884811, 2.967875;1.137657, -0.770864, 2.557267;
1.04422, 0.8174552, 2.916256;1.111593, 0.653512, 2.887779;1.054296, 0.2564645, 2.864273;1.019268, 0.5189672, 3.057688;1.157429, 0.5132558, 2.764213;0.9240435, -0.02632468, 2.988216;1.073772, -0.008285536, 2.618517;1.042388, 0.1771777, 2.86318;1.001733, 0.1099273, 2.912406;1.064763, 0.1207884, 2.804502;1.04574, -0.3584089, 2.974624;1.132904, -0.3263972, 2.674468;1.063656, -0.7206904, 2.9842;1.181344, -0.694687, 2.598447;1.010163, -0.7879347, 2.968049;1.137606, -0.7709383, 2.557282;
1.042749, 0.8183053, 2.917912;1.110022, 0.6531038, 2.886919;1.053221, 0.2568018, 2.864767;1.017579, 0.5174842, 3.05637;1.155534, 0.5130569, 2.763719;0.9224159, -0.02805169, 2.994295;1.07409, -0.01038146, 2.618319;1.041377, 0.1776532, 2.86395;1.000489, 0.1095003, 2.914646;1.063684, 0.1206877, 2.804581;1.045687, -0.3584542, 2.974582;1.131505, -0.3263338, 2.674157;1.064255, -0.7197839, 2.987628;1.181277, -0.6946624, 2.59825;1.010238, -0.7876138, 2.967929;1.137659, -0.7709164, 2.55725;
1.03965, 0.8184805, 2.917889;1.108593, 0.6531363, 2.887857;1.052531, 0.2570569, 2.865051;1.01703, 0.5169548, 3.057135;1.154059, 0.5136137, 2.763127;0.9211146, -0.0279023, 2.996227;1.073035, -0.01041663, 2.616499;1.040886, 0.1778996, 2.864132;1.000288, 0.1094124, 2.914858;1.062935, 0.1208153, 2.804337;1.045548, -0.3587869, 2.974668;1.129887, -0.3297647, 2.673632;1.062872, -0.7219198, 2.986054;1.180985, -0.6950424, 2.598106;1.010114, -0.78774, 2.967931;1.137585, -0.7709256, 2.557342;
1.035074, 0.8174461, 2.916622;1.106236, 0.6523635, 2.888066;1.051043, 0.2574852, 2.865607;1.015726, 0.5164124, 3.057609;1.152453, 0.5138232, 2.763122;0.9199669, -0.02654389, 2.997257;1.072344, -0.01004886, 2.616014;1.039604, 0.1785091, 2.86474;0.9993166, 0.1093912, 2.915708;1.061618, 0.1211064, 2.804441;1.045123, -0.3589809, 2.974671;1.129084, -0.3293808, 2.673376;1.062953, -0.7232718, 2.985361;1.181272, -0.6957462, 2.598338;1.007711, -0.7895795, 2.967015;1.137411, -0.7715642, 2.557992;
1.031827, 0.8159781, 2.917283;1.105462, 0.6526712, 2.888319;1.050427, 0.2582541, 2.865618;1.013956, 0.5156729, 3.057184;1.150493, 0.514512, 2.762823;0.9125715, -0.05578739, 2.994792;1.071434, -0.01020794, 2.615256;1.039076, 0.1793814, 2.864697;0.9990006, 0.1093335, 2.916071;1.060821, 0.1215281, 2.803303;1.045141, -0.36027, 2.974773;1.127084, -0.3288961, 2.673157;1.062954, -0.7232889, 2.985705;1.181076, -0.6958934, 2.598473;1.009632, -0.7898424, 2.965954;1.13744, -0.7716086, 2.558096;
1.025019, 0.8146026, 2.916737;1.103754, 0.6528666, 2.8884;1.049503, 0.259165, 2.866181;1.013178, 0.5168377, 3.056584;1.148664, 0.5149009, 2.762193;0.9124945, -0.05424161, 2.996338;1.065906, -0.01445189, 2.610887;1.038316, 0.1804625, 2.865371;0.9985539, 0.1094902, 2.917526;1.060045, 0.1217134, 2.803206;1.04405, -0.3603593, 2.974254;1.124264, -0.3333752, 2.671145;1.063145, -0.7237518, 2.985598;1.180914, -0.6957588, 2.598552;1.009601, -0.789894, 2.966174;1.137575, -0.7713653, 2.558042;
1.01993, 0.8126653, 2.915694;1.098131, 0.6511123, 2.88913;1.048306, 0.2596442, 2.866882;1.010873, 0.5166562, 3.05922;1.144356, 0.5156821, 2.762298;0.9124231, -0.05245257, 2.99648;1.064872, -0.01450204, 2.610055;1.037565, 0.1811431, 2.866071;0.9982153, 0.1091372, 2.919158;1.059329, 0.121817, 2.803135;1.038399, -0.3612145, 2.973218;1.122502, -0.3333344, 2.671563;1.063521, -0.7238261, 2.985832;1.18076, -0.6960176, 2.598551;1.009747, -0.7896935, 2.966398;1.136521, -0.7713956, 2.557864;
1.0158, 0.8161417, 2.916402;1.093779, 0.6522372, 2.888399;1.047752, 0.2602356, 2.867301;1.007551, 0.5165361, 3.061422;1.142037, 0.515538, 2.761927;0.9111949, -0.0501617, 2.995686;1.061158, -0.01488641, 2.60807;1.037404, 0.1817493, 2.866607;0.9984069, 0.1093344, 2.920102;1.059316, 0.121888, 2.803256;1.027241, -0.3587366, 2.969763;1.118248, -0.3342426, 2.670232;1.063741, -0.7201521, 2.984113;1.180438, -0.6961251, 2.598453;1.009268, -0.7885687, 2.965581;1.136376, -0.7714542, 2.557898;
1.00276, 0.809784, 2.905941;1.087713, 0.6509647, 2.888505;1.046078, 0.2609186, 2.869555;1.003266, 0.5172551, 3.062924;1.140003, 0.515294, 2.761235;0.9072286, -0.04901736, 2.995383;1.058387, -0.01486286, 2.606481;1.036453, 0.182813, 2.869451;0.9978919, 0.1095331, 2.924486;1.05895, 0.1216734, 2.80524;1.016784, -0.3580566, 2.966419;1.106418, -0.3325344, 2.666613;1.062837, -0.7214574, 2.983498;1.179274, -0.6965587, 2.597932;1.006094, -0.7905353, 2.969406;1.13616, -0.7711205, 2.556837;
0.9940417, 0.805985, 2.909059;1.077747, 0.6481578, 2.891604;1.045753, 0.2606824, 2.870374;0.996793, 0.514981, 3.066177;1.135225, 0.5148851, 2.761484;0.8984293, -0.03763539, 2.991953;1.05015, -0.01559532, 2.603939;1.036808, 0.1827104, 2.870214;0.9994717, 0.1079735, 2.926609;1.060045, 0.1209713, 2.805505;1.004283, -0.3601407, 2.96282;1.09627, -0.3384522, 2.660956;1.061092, -0.7229488, 2.983562;1.176836, -0.6970326, 2.596714;1.005115, -0.7905664, 2.968658;1.135567, -0.77123, 2.556818;
0.9862601, 0.7984246, 2.908942;1.06754, 0.6398661, 2.893094;1.044994, 0.2576931, 2.875439;0.991365, 0.5125055, 3.070086;1.126323, 0.5051814, 2.7595;0.8917626, -0.04037269, 2.982418;1.046839, -0.01660489, 2.602465;1.03823, 0.1802525, 2.876292;1.003796, 0.1024138, 2.938633;1.063353, 0.1147871, 2.810189;0.9895088, -0.3641969, 2.958171;1.087976, -0.3407924, 2.655543;1.060436, -0.7260191, 2.983844;1.172194, -0.6979553, 2.593676;1.007622, -0.7929609, 2.969747;1.13477, -0.771324, 2.556692;
0.9628146, 0.7724335, 2.906966;1.058054, 0.6227924, 2.890624;1.047306, 0.2437725, 2.877303;0.9848565, 0.4958653, 3.065428;1.120869, 0.4953983, 2.757842;0.8825955, -0.05176744, 2.975645;1.037011, -0.02337895, 2.596232;1.043953, 0.1666774, 2.878586;1.011675, 0.08630535, 2.942225;1.072879, 0.100026, 2.809493;0.9817115, -0.363481, 2.95652;1.079342, -0.3436472, 2.650061;1.059104, -0.7268214, 2.983528;1.17093, -0.6987378, 2.593484;1.007472, -0.7943636, 2.973038;1.134636, -0.7717649, 2.557172;
0.9446295, 0.7634192, 2.898088;1.053317, 0.6142488, 2.885671;1.048814, 0.2376174, 2.876812;0.9813063, 0.4847806, 3.061504;1.112772, 0.4856895, 2.756172;0.8715632, -0.0714454, 2.97969;1.034698, -0.02546934, 2.595054;1.046916, 0.1610503, 2.87863;1.01624, 0.08064595, 2.943314;1.076291, 0.09453647, 2.808681;0.9771601, -0.3637125, 2.955842;1.069574, -0.3518943, 2.644973;1.058506, -0.7272899, 2.982408;1.170411, -0.7001966, 2.59277;1.0079, -0.7953203, 2.974919;1.134239, -0.7724451, 2.557666;
0.9305819, 0.7418702, 2.892418;1.038874, 0.5881171, 2.883948;1.051739, 0.2252859, 2.879524;0.9713052, 0.4592133, 3.056471;1.108897, 0.4773776, 2.755646;0.860562, -0.07591469, 2.974409;1.032189, -0.02626924, 2.593583;1.052739, 0.1505072, 2.882058;1.024524, 0.06897151, 2.949042;1.086411, 0.08190784, 2.811241;0.9721138, -0.3639765, 2.954719;1.065302, -0.3543671, 2.642337;1.058427, -0.7273029, 2.982245;1.169576, -0.7007125, 2.592212;1.009371, -0.7939131, 2.97121;1.133422, -0.7730519, 2.557968;
0.9093041, 0.7059858, 2.88351;1.027791, 0.5692952, 2.879664;1.054049, 0.2074562, 2.880228;0.9624772, 0.4374291, 3.049668;1.10155, 0.4640239, 2.75232;0.8501294, -0.08640876, 2.963308;1.024995, -0.03362063, 2.590167;1.058363, 0.134075, 2.883749;1.031259, 0.05490945, 2.951286;1.094784, 0.06821619, 2.813035;0.9678123, -0.3659103, 2.953283;1.062264, -0.357338, 2.639152;1.057621, -0.7277812, 2.981678;1.16839, -0.7064232, 2.589781;1.009258, -0.7943884, 2.971743;1.133429, -0.7733768, 2.558332;
0.8922702, 0.6930284, 2.86926;1.015063, 0.5496314, 2.88609;1.057919, 0.1886128, 2.887472;0.9532379, 0.4201356, 3.043591;1.092447, 0.4482411, 2.747808;0.8426083, -0.09260495, 2.960147;1.007987, -0.04230107, 2.586288;1.066214, 0.1150997, 2.89164;1.039863, 0.04244426, 2.956141;1.107021, 0.05135674, 2.823939;0.9646579, -0.3685024, 2.952043;1.059122, -0.361975, 2.636431;1.056516, -0.7288966, 2.981646;1.167933, -0.7067348, 2.589804;1.010751, -0.7942709, 2.971683;1.133368, -0.7737077, 2.558302;
0.8629987, 0.6514536, 2.851815;0.9974927, 0.525442, 2.885504;1.064009, 0.1726433, 2.890775;0.9333324, 0.38974, 3.036996;1.080327, 0.4228186, 2.743753;0.8088669, -0.136835, 2.9537;0.9907388, -0.08161822, 2.574537;1.076878, 0.09966614, 2.895713;1.057477, 0.0222091, 2.962549;1.12436, 0.03603666, 2.828921;0.9633705, -0.3700478, 2.951855;1.057064, -0.3661762, 2.634024;1.056455, -0.7292172, 2.981962;1.167441, -0.7070928, 2.589438;1.010062, -0.7943923, 2.971334;1.13283, -0.7736942, 2.558019;
0.849446, 0.6336015, 2.850781;0.9803883, 0.4944919, 2.86961;1.066261, 0.1613362, 2.889586;0.9228977, 0.36941, 3.031658;1.072016, 0.4046699, 2.740449;0.7979325, -0.1575917, 2.944544;0.9838982, -0.09306414, 2.569954;1.081099, 0.09170254, 2.895841;1.063665, 0.01182758, 2.966733;1.13257, 0.0279067, 2.827637;0.9614757, -0.3757497, 2.952801;1.056801, -0.36734, 2.633346;1.055508, -0.7289689, 2.982137;1.166939, -0.7078781, 2.589432;1.010427, -0.7939285, 2.971239;1.131662, -0.7737045, 2.557435;
0.8273243, 0.589745, 2.832261;0.9663738, 0.4581437, 2.863233;1.070201, 0.143416, 2.889234;0.9137741, 0.3528078, 3.023833;1.060796, 0.3795092, 2.736106;0.7818309, -0.1820062, 2.933828;0.9510842, -0.1903923, 2.554676;1.088497, 0.0781781, 2.896964;1.07433, -0.003673156, 2.971561;1.144103, 0.01895553, 2.828217;0.9574513, -0.3868695, 2.955011;1.056284, -0.3750421, 2.632166;1.054372, -0.7281986, 2.981159;1.166698, -0.7086006, 2.589391;1.010555, -0.7939411, 2.971497;1.130493, -0.7739298, 2.558021;
0.8095461, 0.5480088, 2.821108;0.9479412, 0.4245957, 2.85965;1.077472, 0.1164648, 2.89309;0.8937829, 0.3047163, 3.003357;1.050268, 0.352575, 2.733522;0.7682341, -0.2164606, 2.928844;0.9212772, -0.2335035, 2.550971;1.102664, 0.05253122, 2.90317;1.090766, -0.02320132, 2.979867;1.167502, -0.003992026, 2.836167;0.9528854, -0.3990424, 2.95957;1.056119, -0.3752529, 2.632022;1.054201, -0.7285129, 2.980867;1.166407, -0.7089052, 2.589408;1.009225, -0.7939636, 2.969444;1.130176, -0.7741591, 2.557999;
0.785254, 0.4969732, 2.805782;0.933376, 0.3782703, 2.843025;1.083321, 0.08354047, 2.882378;0.8838714, 0.2706795, 2.991668;1.040793, 0.3236256, 2.723527;0.7692543, -0.2182353, 2.926202;0.9111269, -0.2811818, 2.537631;1.112114, 0.02451209, 2.893819;1.106919, -0.05317947, 2.962595;1.174973, -0.01839399, 2.834769;0.9422743, -0.4171591, 2.96336;1.055393, -0.3817474, 2.630654;1.054832, -0.7307763, 2.982144;1.166372, -0.7089537, 2.589384;1.007748, -0.7944332, 2.969387;1.130154, -0.7741979, 2.557853;
0.7752389, 0.467664, 2.792452;0.9190857, 0.3387831, 2.836284;1.085109, 0.08193249, 2.88307;0.8688766, 0.2288005, 2.979485;1.030486, 0.3033215, 2.719109;0.7561142, -0.267079, 2.930379;0.9068179, -0.2929223, 2.533507;1.116272, 0.02455901, 2.895477;1.11929, -0.05113328, 2.974358;1.191015, -0.0191276, 2.835383;0.9442999, -0.4103452, 2.963788;1.055693, -0.3934303, 2.62825;1.054993, -0.7312927, 2.981789;1.165516, -0.7081227, 2.588797;1.007686, -0.794428, 2.969242;1.129897, -0.7742718, 2.557602;
0.7609269, 0.4183033, 2.771924;0.9083039, 0.305528, 2.821188;1.116829, 0.04747908, 2.876877;0.8584804, 0.1921845, 2.971507;1.027336, 0.2501324, 2.7104;0.7455605, -0.303132, 2.915051;0.9034719, -0.3168932, 2.527194;1.15996, -0.00435666, 2.891767;1.157133, -0.06930213, 2.945278;1.222625, -0.01886559, 2.850489;0.9446297, -0.4058614, 2.966176;1.062735, -0.4174704, 2.625839;1.055011, -0.7318139, 2.981721;1.166665, -0.7115781, 2.588453;1.007013, -0.794188, 2.969124;1.129398, -0.774431, 2.557361;
0.7544799, 0.3654956, 2.758216;0.9066612, 0.2531935, 2.81242;1.099282, 0.03342936, 2.871782;0.855684, 0.1513236, 2.963502;1.01944, 0.231076, 2.703314;0.741425, -0.3506235, 2.922314;0.89965, -0.3446526, 2.52405;1.136918, -0.01451079, 2.886414;1.144128, -0.07976593, 2.949913;1.205201, -0.04189321, 2.839281;0.9402335, -0.4214146, 2.969473;1.06284, -0.4217976, 2.624568;1.055137, -0.7317926, 2.981949;1.167489, -0.715185, 2.588071;1.006759, -0.7936105, 2.969239;1.129566, -0.7747142, 2.557409;
0.7451936, 0.3187236, 2.745747;0.9016025, 0.232156, 2.80492;1.094631, -0.0227109, 2.881836;0.8474011, 0.124541, 2.950046;1.017379, 0.20239, 2.697566;0.7325342, -0.3839586, 2.930866;0.8845586, -0.408808, 2.521589;1.133722, -0.07166737, 2.901428;1.124531, -0.1357995, 2.978635;1.221621, -0.1061081, 2.852974;0.9057982, -0.4694436, 2.970721;1.077574, -0.4788077, 2.617457;1.055366, -0.7313675, 2.982915;1.18765, -0.7695338, 2.587746;1.004822, -0.7937418, 2.967675;1.119809, -0.7756988, 2.5522;
0.7376028, 0.2953545, 2.737139;0.8889187, 0.1951719, 2.781089;1.094618, -0.06527926, 2.872261;0.8484509, 0.06744669, 2.936894;1.01267, 0.1517529, 2.694664;0.7200136, -0.4205461, 2.918969;0.8940561, -0.4375941, 2.508275;1.135859, -0.1203179, 2.893464;1.127303, -0.1815258, 2.960915;1.216096, -0.1438259, 2.854239;0.8888624, -0.4990904, 2.979927;1.07782, -0.4786261, 2.616252;1.05583, -0.7313609, 2.98382;1.187294, -0.7687688, 2.587899;1.004427, -0.7936341, 2.967444;1.119796, -0.7759243, 2.552115;
0.7293722, 0.2420915, 2.718305;0.8862948, 0.1751392, 2.777575;1.084567, -0.07777904, 2.865659;0.8535267, 0.04047121, 2.929874;1.010491, 0.1288252, 2.687513;0.7146236, -0.4647345, 2.920079;0.8946989, -0.4405546, 2.507933;1.124721, -0.1294907, 2.886786;1.126255, -0.1877167, 2.960664;1.191633, -0.1826429, 2.836283;0.8883671, -0.5046867, 2.980697;1.07155, -0.4936662, 2.605023;1.055279, -0.7328095, 2.983747;1.182961, -0.7823066, 2.57958;1.004473, -0.7937832, 2.967445;1.112979, -0.7727397, 2.549869;
0.7283192, 0.2248179, 2.715156;0.8843884, 0.1281901, 2.767118;1.079883, -0.0992733, 2.857291;0.8601729, 0.00202582, 2.91993;1.006194, 0.1035167, 2.681299;0.7118055, -0.4795897, 2.918139;0.8941011, -0.4586752, 2.505197;1.119608, -0.1460593, 2.879053;1.127263, -0.2071521, 2.957153;1.191717, -0.1895637, 2.833084;0.9483133, -0.5103949, 2.985546;1.077375, -0.4874555, 2.613482;1.054809, -0.736341, 2.983595;1.164819, -0.7090021, 2.588264;1.004074, -0.7939848, 2.967279;1.130926, -0.7726891, 2.555765;
0.7060463, 0.1605307, 2.692327;0.8755488, 0.1053446, 2.759881;1.075618, -0.1094314, 2.854561;0.8550461, -0.01627447, 2.916555;1.000326, 0.07590017, 2.669942;0.7176452, -0.5284244, 2.932584;0.915916, -0.4090638, 2.506995;1.115941, -0.1534419, 2.876926;1.124671, -0.2150701, 2.955986;1.191463, -0.1916106, 2.832819;0.9474624, -0.5042403, 2.983869;1.090489, -0.5035051, 2.612303;1.053721, -0.7415178, 2.98903;1.164697, -0.7105985, 2.588223;1.003533, -0.7945091, 2.96664;1.130889, -0.7728528, 2.555967;
0.7080137, 0.1509241, 2.691884;0.8762197, 0.07677633, 2.749329;1.072499, -0.1394884, 2.850716;0.8565687, -0.06168648, 2.901767;1.007629, 0.04649432, 2.671879;0.7063715, -0.5694389, 2.921224;0.8679882, -0.5685127, 2.49278;1.111895, -0.1824481, 2.874489;1.118195, -0.2492341, 2.95454;1.191414, -0.2114888, 2.834351;0.9569953, -0.5486295, 2.993874;1.09699, -0.5177705, 2.613953;1.057129, -0.7519543, 2.985779;1.165037, -0.7128904, 2.58827;0.9990318, -0.7966287, 2.965011;1.130875, -0.7729405, 2.555842;
0.7171379, 0.1245295, 2.689902;0.8723927, 0.04347625, 2.747741;1.08039, -0.172605, 2.85825;0.8420634, -0.09127719, 2.906752;0.9917879, 0.004954019, 2.657769;0.7121255, -0.592173, 2.919638;0.8845776, -0.5340436, 2.499868;1.122341, -0.216666, 2.884114;1.120579, -0.2670466, 2.948631;1.197103, -0.2348273, 2.856742;0.9604501, -0.5555124, 2.993311;1.097572, -0.5251328, 2.61352;1.051789, -0.778929, 2.975598;1.165996, -0.7177695, 2.589202;0.98009, -0.8040082, 2.974089;1.129436, -0.7734672, 2.552691;
0.7058712, 0.09234226, 2.677592;0.8684409, 0.03263377, 2.738484;1.076355, -0.1993222, 2.845714;0.8648323, -0.1264703, 2.889333;0.9945059, -0.005504522, 2.658148;0.7193298, -0.6000828, 2.91684;0.888243, -0.542216, 2.496288;1.118151, -0.2464192, 2.870819;1.122676, -0.3087181, 2.941179;1.18981, -0.2805347, 2.833094;0.9674774, -0.5848421, 2.993922;1.102857, -0.5650828, 2.613636;1.053256, -0.8040376, 2.97444;1.166157, -0.7189334, 2.58896;0.9807827, -0.8239068, 2.984232;1.129319, -0.7744197, 2.552804;
0.7024832, 0.08087967, 2.674654;0.8609362, 0.009771354, 2.730498;1.075759, -0.1970204, 2.84522;0.8143878, -0.1430225, 2.902933;0.9938393, -0.0387819, 2.65764;0.7197265, -0.6191239, 2.914433;0.8855888, -0.5651263, 2.486759;1.11761, -0.2386122, 2.870705;1.12297, -0.2980924, 2.941881;1.197538, -0.2553986, 2.840863;0.971123, -0.588227, 2.991189;1.103411, -0.5668099, 2.613276;1.054216, -0.8043455, 2.974004;1.165629, -0.7183936, 2.588919;0.9695783, -0.8116072, 2.989491;1.128564, -0.7741374, 2.553516;
0.7037719, 0.06246118, 2.675425;0.8605545, 0.003784533, 2.729955;1.076449, -0.2028716, 2.842415;0.8094723, -0.1827584, 2.941177;0.9938902, -0.04942127, 2.65957;0.7172195, -0.6568867, 2.908833;0.8805351, -0.5983528, 2.487745;1.118919, -0.2443158, 2.867765;1.121451, -0.310473, 2.921725;1.198031, -0.2582896, 2.842819;0.9711732, -0.5929028, 2.989876;1.103447, -0.5665691, 2.612316;1.061856, -0.8347567, 2.977089;1.165729, -0.7183322, 2.58895;0.964701, -0.8179617, 3.005096;1.128864, -0.7738141, 2.551424;
0.7006539, 0.04316284, 2.671869;0.8569818, -0.02569829, 2.725581;1.07601, -0.20352, 2.839255;0.810628, -0.1845438, 2.940256;0.9952688, -0.05944892, 2.65952;0.7294915, -0.6563258, 2.912603;0.8764123, -0.6545104, 2.473907;1.118786, -0.2430672, 2.864119;1.124636, -0.3083124, 2.925577;1.203562, -0.2575361, 2.832895;0.9716105, -0.5919836, 2.988316;1.099264, -0.5654114, 2.611763;1.066408, -0.8455603, 2.983047;1.168142, -0.7207294, 2.592943;0.9700305, -0.8266309, 3.012607;1.126931, -0.7747347, 2.551908;
0.6968447, 0.02740584, 2.669021;0.8558592, -0.0319458, 2.725683;1.077698, -0.2128001, 2.837807;0.8459422, -0.19022, 2.893365;0.9942091, -0.07070194, 2.65914;0.7350289, -0.6547495, 2.910487;0.8776746, -0.6557032, 2.471534;1.121212, -0.2500104, 2.863029;1.127738, -0.3108714, 2.927338;1.203267, -0.2641833, 2.831893;0.9712787, -0.59623, 2.986928;1.098572, -0.5649875, 2.611531;1.030908, -0.7257249, 3.008743;1.171108, -0.7227186, 2.595475;0.966785, -0.805608, 3.015547;1.12558, -0.7761272, 2.552666;
0.6878734, -0.0192979, 2.666781;0.8500428, -0.07022886, 2.727636;1.086336, -0.2217014, 2.838322;0.8429603, -0.2111897, 2.89447;0.9927517, -0.08184149, 2.656824;0.7398191, -0.6599094, 2.912023;0.8839489, -0.6427458, 2.474716;1.133083, -0.2560547, 2.863774;1.142418, -0.3156087, 2.92778;1.215376, -0.2634668, 2.835754;1.016874, -0.6951458, 3.011342;1.10788, -0.5707862, 2.610557;1.077286, -0.8146275, 3.036118;1.171332, -0.7229682, 2.595296;1.009352, -0.8914064, 3.042687;1.121831, -0.7791421, 2.553925;
0.6903104, -0.01855629, 2.666738;0.8499959, -0.07181032, 2.725626;1.079824, -0.2844634, 2.812749;0.8645755, -0.1988513, 2.86877;0.9904317, -0.09193021, 2.654404;0.7424163, -0.6656434, 2.911887;0.8835903, -0.6517344, 2.47284;1.125823, -0.3258862, 2.834908;1.137127, -0.3714251, 2.898945;1.191189, -0.3493907, 2.799197;1.016773, -0.6951036, 3.01124;1.083058, -0.7139683, 2.567027;1.077184, -0.8145853, 3.036064;1.338913, -0.735758, 2.700795;0.9762167, -0.8081549, 3.01765;1.254836, -0.7525989, 2.644031;
0.6901655, -0.01774022, 2.666441;0.8483087, -0.07344878, 2.723755;1.031822, -0.2867785, 2.789314;0.8204361, -0.2357786, 2.925627;0.9895882, -0.09522997, 2.653913;0.7432145, -0.6684937, 2.910918;0.8848715, -0.6543688, 2.470361;1.069587, -0.3284132, 2.806903;1.074252, -0.3889339, 2.863818;1.144026, -0.3551043, 2.776037;1.01656, -0.6950731, 3.010989;0.9531941, -0.7154558, 2.530482;1.076972, -0.8145548, 3.035877;1.232671, -0.722933, 2.620112;0.9767951, -0.8077375, 3.013117;1.15141, -0.7645915, 2.572564;
0.6910331, -0.01858485, 2.665769;0.8488582, -0.07552427, 2.72205;1.02092, -0.3295311, 2.763884;0.8515492, -0.1869021, 2.877684;0.9895346, -0.09743368, 2.652867;0.7439635, -0.6706272, 2.909574;0.8861431, -0.6576499, 2.4697;1.054968, -0.3789569, 2.776718;1.067451, -0.4348159, 2.847107;1.115687, -0.4289465, 2.72297;1.016331, -0.6958416, 3.010782;0.9385277, -0.8424626, 2.486483;1.076743, -0.8153234, 3.035705;1.176474, -0.716406, 2.597405;0.9768789, -0.8089215, 3.010994;1.120637, -0.7803168, 2.554013;
0.6934331, -0.02004603, 2.665998;0.851222, -0.08008967, 2.721009;1.022646, -0.3330015, 2.764724;0.8572739, -0.1917536, 2.87218;0.989465, -0.09814485, 2.652314;0.7467416, -0.6717145, 2.909018;0.8880882, -0.6574785, 2.470339;1.056851, -0.3829722, 2.777672;1.065808, -0.434577, 2.839495;1.114637, -0.4295297, 2.732673;1.015658, -0.6980657, 3.009865;1.155813, -0.7194859, 2.610949;1.076069, -0.8175474, 3.034828;1.166927, -0.7208019, 2.591871;0.97654, -0.8113723, 3.008288;1.122553, -0.7812725, 2.555878;
0.689612, -0.02139935, 2.663731;0.8505792, -0.08057388, 2.720577;1.022595, -0.3330732, 2.764609;0.8363469, -0.2064498, 2.894008;0.9874945, -0.1006743, 2.651866;0.7269929, -0.740905, 2.919482;0.8895007, -0.6590913, 2.469365;1.056835, -0.3830489, 2.777537;1.063512, -0.4344971, 2.835502;1.114997, -0.4283093, 2.734393;1.015188, -0.7016775, 3.00866;1.155584, -0.7182749, 2.610422;1.075599, -0.8211592, 3.033664;1.166889, -0.7207001, 2.591808;0.9754081, -0.8115966, 3.010379;1.12252, -0.7813792, 2.55595;
0.6881545, -0.02390042, 2.663713;0.8490429, -0.08263549, 2.719254;1.030467, -0.3114721, 2.787886;0.8554645, -0.2002504, 2.864076;0.9828577, -0.1063476, 2.647335;0.750674, -0.6756131, 2.909436;0.8881824, -0.6653073, 2.467026;1.069939, -0.3498743, 2.812304;1.083704, -0.4013831, 2.896348;1.1355, -0.3907014, 2.757246;1.014738, -0.7027485, 3.00851;1.167283, -0.5869681, 2.652749;1.075149, -0.8222302, 3.033573;1.166849, -0.7206082, 2.591755;0.9756228, -0.811014, 3.008543;1.122468, -0.7814886, 2.555919;
0.6883453, -0.02362471, 2.663721;0.8489617, -0.0828157, 2.718663;1.032706, -0.3110166, 2.790728;0.8576036, -0.200286, 2.860723;0.9831211, -0.1063892, 2.647611;0.7412673, -0.7264729, 2.911976;0.889685, -0.6640779, 2.466168;1.071391, -0.3509532, 2.813568;1.083158, -0.4016264, 2.894639;1.137436, -0.389168, 2.765119;1.014571, -0.7028562, 3.008454;1.167559, -0.5864325, 2.653051;1.074982, -0.8223379, 3.033578;1.167272, -0.7206545, 2.59226;0.982639, -0.8036187, 2.991556;1.122802, -0.7812533, 2.555728;
0.6880224, -0.02369117, 2.663169;0.8473293, -0.08353627, 2.717359;1.01227, -0.3477546, 2.760834;0.8572799, -0.2006811, 2.858527;0.9798156, -0.1108488, 2.64629;0.7532023, -0.674913, 2.909317;0.8889409, -0.6663301, 2.465128;1.046508, -0.4000462, 2.773802;1.05988, -0.4521749, 2.848273;1.103181, -0.4548941, 2.715431;1.013626, -0.7049783, 3.007705;1.147888, -0.7211404, 2.599383;1.074037, -0.82446, 3.032877;1.166956, -0.7204415, 2.591284;0.980459, -0.8050436, 2.993676;1.123009, -0.7813123, 2.555823;
0.6832186, -0.02533321, 2.658858;0.8462929, -0.08518451, 2.717164;1.010328, -0.3474788, 2.76138;0.8572416, -0.2018272, 2.857794;0.9809933, -0.110503, 2.647337;0.7533888, -0.6753024, 2.909462;0.8889983, -0.6710805, 2.465521;1.04363, -0.3993678, 2.774445;1.056834, -0.4520199, 2.848891;1.100891, -0.4549931, 2.716228;1.012348, -0.7055441, 3.006663;1.147949, -0.7210045, 2.599743;1.07276, -0.8250259, 3.031883;1.166279, -0.7202019, 2.590965;0.9804051, -0.8037719, 2.990476;1.123244, -0.7816966, 2.556479;
0.6827052, -0.0223458, 2.657171;0.8454604, -0.08303286, 2.715858;1.013281, -0.3412636, 2.763664;0.8573357, -0.1991736, 2.855565;0.9780759, -0.1120279, 2.647006;0.7532711, -0.675722, 2.909834;0.8892974, -0.6709318, 2.465122;1.047632, -0.392187, 2.777573;1.06072, -0.4411172, 2.847872;1.10351, -0.4368581, 2.728118;0.989259, -0.695538, 3.002792;1.176485, -0.7985884, 2.584852;1.04967, -0.8150197, 3.028056;1.390702, -0.7754368, 2.767109;0.9534727, -0.8035546, 2.991707;1.309412, -0.7772502, 2.703113;
0.6843681, -0.01913977, 2.654947;0.8455607, -0.08282898, 2.715672;1.016338, -0.3404246, 2.765616;0.8579109, -0.19877, 2.855066;0.9800656, -0.1119325, 2.647914;0.752938, -0.6768231, 2.910608;0.8890771, -0.6721379, 2.464598;1.051299, -0.3914846, 2.77992;1.06108, -0.4360201, 2.841083;1.107573, -0.4313501, 2.742955;1.000144, -0.7027577, 3.00407;1.173399, -0.7890881, 2.586491;1.060555, -0.8222395, 3.029377;1.388164, -0.7662282, 2.767769;0.9674391, -0.8033679, 2.988132;1.30728, -0.7707368, 2.703229;
0.6839741, -0.01858834, 2.655899;0.8440405, -0.08484014, 2.718493;1.015903, -0.3391326, 2.766598;0.8176569, -0.2380984, 2.921413;0.9782905, -0.1131838, 2.647817;0.7529235, -0.6767911, 2.910574;0.8894466, -0.6726788, 2.462854;1.050779, -0.3895563, 2.780622;1.060578, -0.4361324, 2.840355;1.107976, -0.4304265, 2.743318;1.002755, -0.7034596, 3.004261;1.173698, -0.7885737, 2.588761;1.063167, -0.8229414, 3.029609;1.313441, -0.6842598, 2.805694;0.9702673, -0.8040795, 2.987668;1.253242, -0.71472, 2.726996;
0.6854185, -0.02077137, 2.655689;0.8437752, -0.0829033, 2.716151;1.014675, -0.3377835, 2.766205;0.8159751, -0.2343997, 2.91781;0.9778672, -0.1139502, 2.646907;0.7528492, -0.676715, 2.910349;0.8890833, -0.6735703, 2.46205;1.049146, -0.3882423, 2.780305;1.056645, -0.437509, 2.839981;1.107862, -0.4303527, 2.742827;0.9967568, -0.7045009, 3.00222;1.174188, -0.7887946, 2.590252;1.057168, -0.8239827, 3.027617;1.281345, -0.634602, 2.796744;0.9643821, -0.8064226, 2.984567;1.230226, -0.6818564, 2.719771;
0.6861167, -0.02063191, 2.655665;0.8441086, -0.08271355, 2.715846;1.015103, -0.3371552, 2.766361;0.8195494, -0.22241, 2.907238;0.9775444, -0.114483, 2.646057;0.7527447, -0.6764029, 2.910075;0.8886875, -0.673508, 2.461833;1.049527, -0.3876141, 2.780462;1.056744, -0.4374228, 2.839936;1.108379, -0.4302374, 2.742574;0.9987906, -0.7046584, 3.00171;1.17464, -0.7889824, 2.591748;1.059202, -0.8241401, 3.027149;1.444628, -0.71672, 2.671862;0.9682996, -0.8042569, 2.980918;1.34836, -0.7359773, 2.637839;
0.6826984, -0.02436166, 2.654466;0.8435808, -0.08235639, 2.71622;1.010655, -0.3327997, 2.766752;0.8203101, -0.2210605, 2.907614;0.9772267, -0.1146576, 2.645463;0.7522724, -0.6757914, 2.910134;0.8883296, -0.674728, 2.461606;1.043728, -0.382095, 2.780457;1.054651, -0.4361747, 2.84358;1.104874, -0.4309117, 2.737304;1.000276, -0.7036783, 3.002243;1.161244, -0.7205747, 2.617421;1.060688, -0.8231601, 3.027724;1.160255, -0.7226213, 2.586853;0.97026, -0.8020428, 2.980889;1.121805, -0.7823067, 2.557381;
0.6821004, -0.02235519, 2.653866;0.8421741, -0.0762122, 2.715497;1.008023, -0.330161, 2.766364;0.8225071, -0.1989961, 2.893798;0.9770499, -0.1143672, 2.645196;0.75299, -0.674863, 2.910124;0.888318, -0.6747002, 2.461276;1.041062, -0.380218, 2.780046;1.04778, -0.4315851, 2.841165;1.100623, -0.428882, 2.737153;0.9948467, -0.7027262, 3.000429;1.15943, -0.7186443, 2.616917;1.055258, -0.822208, 3.025958;1.160715, -0.7224115, 2.586863;0.9651357, -0.8005304, 2.978578;1.121978, -0.7820497, 2.557486;
0.682464, -0.01941061, 2.655097;0.8420007, -0.07069723, 2.714934;1.006142, -0.3193471, 2.766428;0.8233851, -0.1947311, 2.891992;0.9806356, -0.1073742, 2.647614;0.7532665, -0.6719714, 2.909389;0.8875383, -0.6741107, 2.462077;1.038855, -0.3688234, 2.780187;1.048953, -0.4248462, 2.848137;1.101383, -0.4261678, 2.733725;1.01055, -0.693189, 3.004399;1.156943, -0.7144105, 2.615585;1.070961, -0.8126708, 3.02997;1.161296, -0.7224138, 2.587398;0.97782, -0.8011946, 2.984637;1.12226, -0.7816569, 2.557389;
0.6850112, 0.01268765, 2.661156;0.8413192, -0.06580243, 2.718856;1.035683, -0.2800837, 2.7995;0.8212617, -0.1972874, 2.906865;0.9825294, -0.09710207, 2.652075;0.7537032, -0.6675115, 2.908738;0.8942415, -0.6559594, 2.465462;1.074801, -0.3247002, 2.817484;1.081226, -0.3802885, 2.881461;1.149219, -0.3613188, 2.780309;1.011433, -0.6892027, 3.004441;1.205929, -0.5931091, 2.666482;1.071844, -0.8086845, 3.030061;1.161635, -0.7221352, 2.587553;0.9784803, -0.8022506, 2.983974;1.124142, -0.7925639, 2.544394;
0.6844344, 0.01971015, 2.659459;0.8304459, -0.03100193, 2.712687;1.025665, -0.2749655, 2.793661;0.8205863, -0.1919524, 2.928421;0.9841624, -0.06161393, 2.661368;0.761601, -0.6581939, 2.917584;0.900929, -0.6291522, 2.477126;1.064024, -0.3217685, 2.811981;1.059457, -0.3778682, 2.862821;1.132879, -0.3542302, 2.780583;0.9973055, -0.6787688, 3.008168;1.100982, -0.5668157, 2.621346;1.057717, -0.7982505, 3.033824;1.16172, -0.7212292, 2.587759;0.9689618, -0.8007712, 2.978938;1.121939, -0.7808756, 2.55606;
0.6853262, 0.02608664, 2.658495;0.8312767, -0.02874085, 2.712043;1.024734, -0.2690947, 2.794778;0.7738091, -0.1698911, 2.921278;0.9827464, -0.05871335, 2.659581;0.7678082, -0.6351659, 2.916618;0.9053597, -0.6120602, 2.47717;1.062878, -0.3160859, 2.813936;1.057323, -0.3717295, 2.860185;1.135019, -0.3417658, 2.798787;0.9957231, -0.6746095, 3.009533;1.104089, -0.5588887, 2.62164;1.058832, -0.7960808, 2.984755;1.161825, -0.7206787, 2.587873;0.9656681, -0.8036414, 2.975895;1.121425, -0.780103, 2.55357;
0.6856831, 0.02997186, 2.659316;0.8316849, -0.0267971, 2.713003;1.028373, -0.2678221, 2.797287;0.8608601, -0.1232517, 2.832998;0.9830865, -0.04294614, 2.661436;0.7728629, -0.6256232, 2.920082;0.9039634, -0.6176506, 2.478174;1.067999, -0.3153458, 2.817354;1.070109, -0.3599057, 2.867513;1.134919, -0.3419056, 2.79858;0.9970669, -0.6618637, 3.011348;1.112623, -0.5637933, 2.62297;1.060931, -0.7908276, 2.984708;1.161759, -0.71966, 2.588177;0.9763849, -0.8008539, 2.966726;1.121682, -0.7796868, 2.55224;
0.6835999, 0.03720911, 2.661432;0.8290269, -0.02277181, 2.715949;1.030961, -0.2674999, 2.800122;0.8646526, -0.1240972, 2.843281;0.9638373, -0.03251208, 2.659267;0.7784832, -0.6138017, 2.919801;0.9017981, -0.6268565, 2.493563;1.072093, -0.3159037, 2.820839;1.087609, -0.359334, 2.889038;1.134196, -0.345746, 2.793015;0.9990301, -0.6551302, 3.013762;1.128743, -0.5578953, 2.622046;1.060285, -0.7898175, 2.981825;1.164663, -0.7185526, 2.589554;0.9807217, -0.8000885, 2.96752;1.122983, -0.7792536, 2.551746;
0.6834902, 0.03813887, 2.66272;0.8270661, -0.01963664, 2.717519;1.035648, -0.2714578, 2.805725;0.8652158, -0.1218294, 2.845236;0.9609841, -0.02855911, 2.656387;0.7813135, -0.6126716, 2.92086;0.905027, -0.6268176, 2.50064;1.07935, -0.3231487, 2.828287;1.084769, -0.3583814, 2.869068;1.129159, -0.3471271, 2.818006;1.00272, -0.6394789, 3.019416;1.131771, -0.5207741, 2.624254;1.065871, -0.7895329, 2.976981;1.165763, -0.718542, 2.589604;0.9860528, -0.7976461, 2.965892;1.122872, -0.7786114, 2.550174;
0.6802325, 0.04658354, 2.661903;0.8202006, -0.004443961, 2.712626;1.034895, -0.2563756, 2.806736;0.8179906, -0.1313807, 2.904161;0.9651588, -0.01408331, 2.65652;0.7961832, -0.5996379, 2.922866;0.9209719, -0.591571, 2.509101;1.078593, -0.3061856, 2.829592;1.083808, -0.351064, 2.872595;1.135505, -0.3356925, 2.814353;1.004569, -0.4992415, 2.989617;1.135101, -0.5161564, 2.625092;1.068788, -0.7860853, 2.977867;1.168108, -0.7164963, 2.591224;0.9935136, -0.7956943, 2.965495;1.123978, -0.7781231, 2.550421;
0.6794924, 0.04953673, 2.661475;0.8191302, -0.003099066, 2.711941;1.035567, -0.2540583, 2.808767;0.825034, -0.115154, 2.898209;0.9628599, -0.001257678, 2.655428;0.8003581, -0.5958262, 2.923721;0.9259468, -0.5813561, 2.515045;1.079574, -0.3036925, 2.832248;1.081983, -0.3465916, 2.874583;1.137955, -0.3290793, 2.818223;1.05543, -0.5814141, 2.999421;1.139613, -0.5119401, 2.626217;1.076821, -0.7437066, 3.003131;1.169569, -0.7151055, 2.591146;1.006435, -0.7909749, 2.970961;1.125221, -0.7776178, 2.549778;
0.6812919, 0.06566799, 2.665378;0.8206005, 0.01518856, 2.715487;1.037696, -0.2450679, 2.807783;0.8229831, -0.1157146, 2.921955;0.9673927, 0.01242298, 2.656469;0.8001599, -0.5876953, 2.926338;0.9372105, -0.5304478, 2.523601;1.081431, -0.2964284, 2.830386;1.083411, -0.3428677, 2.87614;1.144776, -0.3247591, 2.809906;1.035511, -0.4972969, 2.993134;1.147492, -0.5061299, 2.63069;1.077742, -0.7435038, 3.004394;1.170583, -0.7128376, 2.590905;1.004805, -0.7919994, 2.972198;1.126953, -0.7766848, 2.548935;
0.6826628, 0.08471483, 2.668408;0.8230036, 0.0243125, 2.720201;1.047841, -0.2127056, 2.806707;0.8237137, -0.1154033, 2.931261;0.9650292, 0.01812429, 2.658371;0.8042514, -0.5676664, 2.92605;0.9383782, -0.5314997, 2.528725;1.093445, -0.2583907, 2.826369;1.105196, -0.3105778, 2.889084;1.163791, -0.2930279, 2.790037;1.034713, -0.4964404, 2.994227;1.155856, -0.4996204, 2.635167;1.074669, -0.7449906, 2.999565;1.170859, -0.7121699, 2.589411;1.006011, -0.7925798, 2.971974;1.128927, -0.775426, 2.548696;
0.6848494, 0.09065521, 2.66843;0.8237486, 0.0293357, 2.719476;1.067277, -0.2105163, 2.813787;0.8531981, -0.05291596, 2.854163;0.9585806, 0.03014421, 2.655988;0.8102186, -0.5511884, 2.924834;0.9430956, -0.530748, 2.53636;1.12006, -0.2589866, 2.837408;1.126419, -0.2857959, 2.865738;1.171508, -0.2793733, 2.832486;1.033468, -0.4960398, 2.99624;1.159771, -0.4786477, 2.637953;1.067258, -0.7321326, 2.995989;1.171859, -0.7107762, 2.589723;1.007102, -0.7924534, 2.97088;1.130313, -0.7737416, 2.548023;
0.6855346, 0.09945744, 2.670342;0.82548, 0.03856284, 2.719686;1.066118, -0.1334945, 2.902191;0.8603346, -0.05199507, 2.856511;0.9561713, 0.03441098, 2.656511;0.8162429, -0.5323637, 2.925015;0.9471046, -0.5301454, 2.544464;1.113793, -0.1703186, 2.941903;1.11948, -0.1984889, 2.993772;1.166984, -0.1876266, 2.93295;1.036444, -0.49547, 2.999262;1.163756, -0.4787017, 2.639164;1.067778, -0.7320202, 2.996042;1.174565, -0.7699984, 2.583777;1.009266, -0.7919083, 2.971505;1.114867, -0.7742673, 2.535665;
0.6922833, 0.1253299, 2.672001;0.8369099, 0.06034896, 2.727865;1.065313, -0.1236675, 2.903259;0.8295594, -0.03882673, 2.909448;0.9614883, 0.07542539, 2.672372;0.8206086, -0.5234729, 2.927394;0.948928, -0.5248127, 2.549655;1.111508, -0.1596469, 2.942218;1.118128, -0.1942839, 2.997739;1.171297, -0.1798329, 2.933967;1.037748, -0.4963974, 3.00735;1.171457, -0.4533429, 2.648872;1.071374, -0.7336757, 2.996131;1.174581, -0.7432728, 2.585772;1.008771, -0.7922695, 2.97077;1.122647, -0.7787082, 2.541712;
0.6933906, 0.1280078, 2.673632;0.8410579, 0.06602918, 2.731835;1.066154, -0.09385563, 2.901639;0.8290011, -0.04104578, 2.924716;0.961538, 0.07645103, 2.671304;0.8229667, -0.5128731, 2.928398;0.9604057, -0.4833134, 2.558593;1.110416, -0.123013, 2.937839;1.124939, -0.1672626, 3.013703;1.184855, -0.1464813, 2.924001;1.045557, -0.4604179, 3.015032;1.175618, -0.4622004, 2.648027;1.071472, -0.7349699, 2.994869;1.174212, -0.751515, 2.584506;1.007413, -0.7932173, 2.96918;1.119483, -0.7789996, 2.538241;
0.6864315, 0.1700415, 2.68139;0.8396812, 0.08816182, 2.732744;1.064649, -0.09097564, 2.901592;0.8310424, -0.02585433, 2.920658;0.9653897, 0.08690155, 2.670272;0.8269566, -0.4942757, 2.924843;0.9583488, -0.497403, 2.563304;1.109563, -0.1224224, 2.937911;1.124019, -0.1659184, 3.015507;1.184326, -0.1475368, 2.923721;1.046244, -0.4588597, 3.013501;1.179902, -0.4431863, 2.653705;1.070137, -0.7333343, 2.99286;1.174653, -0.7315327, 2.586762;1.008098, -0.7931218, 2.969279;1.128885, -0.7772436, 2.545484;
0.6968617, 0.1898105, 2.685702;0.8458086, 0.1258743, 2.734719;1.065782, -0.08637246, 2.907334;0.8509408, 0.03694525, 2.851209;0.9750797, 0.103045, 2.669931;0.8284617, -0.4793117, 2.928183;0.9632066, -0.458068, 2.574947;1.11037, -0.121968, 2.944588;1.117926, -0.1590264, 3.012855;1.177535, -0.1479178, 2.937652;1.075475, -0.5206891, 3.010926;1.183861, -0.4327086, 2.657951;1.070024, -0.7293038, 2.992959;1.175487, -0.719759, 2.587076;1.006048, -0.7932464, 2.968043;1.134429, -0.7719563, 2.548627;
0.6996435, 0.2094896, 2.692059;0.8479326, 0.1357153, 2.737729;1.067171, -0.07217111, 2.913177;0.8212557, 0.02355511, 2.924875;0.9844918, 0.114388, 2.676016;0.8295982, -0.466735, 2.92746;0.9685983, -0.4473284, 2.572872;1.111049, -0.1130183, 2.950016;1.115405, -0.1449138, 3.015394;1.178474, -0.1452351, 2.941235;1.076257, -0.5201976, 3.010758;1.18569, -0.4299274, 2.659474;1.069319, -0.7307143, 2.992584;1.175642, -0.7161769, 2.587658;1.00615, -0.7925094, 2.968019;1.136317, -0.7704709, 2.550332;
0.6969031, 0.2279896, 2.697047;0.8535134, 0.1616112, 2.747551;1.099154, -0.03932392, 2.87701;0.8263091, 0.04215294, 2.912095;0.9939661, 0.1405092, 2.688352;0.8318532, -0.4717538, 2.933069;0.9693232, -0.4190174, 2.570539;1.147913, -0.08122107, 2.90552;1.151399, -0.1299734, 2.95133;1.222799, -0.09981027, 2.897577;1.080532, -0.5240449, 3.013406;1.189155, -0.4240608, 2.662538;1.068727, -0.7301755, 2.991952;1.176447, -0.7093306, 2.589246;1.006161, -0.7925419, 2.968021;1.137127, -0.7699278, 2.55122;
0.6922076, 0.2488831, 2.70505;0.853763, 0.1700363, 2.752824;1.100215, -0.04692512, 2.885854;0.8278581, 0.04853655, 2.912616;0.9881973, 0.1450413, 2.684691;0.8296359, -0.4186283, 2.915009;0.9694998, -0.4072475, 2.572198;1.1496, -0.0934337, 2.917335;1.153956, -0.1326649, 2.953845;1.209872, -0.1239081, 2.921513;1.075636, -0.4934969, 3.035363;1.19127, -0.4179563, 2.666244;1.057949, -0.7819808, 3.004693;1.176838, -0.7016919, 2.590476;0.9967448, -0.7945832, 2.960174;1.137325, -0.7698112, 2.550983;
0.7148228, 0.2429933, 2.723554;0.8879806, 0.15712, 2.781333;1.096141, -0.04706151, 2.895499;0.8271581, 0.07724328, 2.91774;0.9902958, 0.1527554, 2.684916;0.83183, -0.4081547, 2.922461;0.9683886, -0.4049134, 2.57173;1.140377, -0.09062817, 2.926494;1.144084, -0.1258055, 2.971779;1.20548, -0.124693, 2.924404;1.095884, -0.5353919, 3.024947;1.193116, -0.416508, 2.666805;1.066289, -0.728303, 2.991092;1.17992, -0.6996144, 2.592728;1.007305, -0.7925931, 2.967498;1.138412, -0.7698249, 2.553002;
0.7185733, 0.2556075, 2.730731;0.8909039, 0.1612184, 2.783348;1.09613, -0.04544193, 2.8952;0.8255816, 0.1207461, 2.907692;0.9870915, 0.1652326, 2.683506;0.8333089, -0.3910288, 2.92546;0.967446, -0.3927009, 2.572734;1.1391, -0.08748841, 2.924168;1.143723, -0.1209883, 2.968033;1.202472, -0.1225003, 2.918923;1.095558, -0.5265493, 3.023442;1.195382, -0.4174247, 2.665632;1.064791, -0.7266897, 2.990515;1.180446, -0.6992074, 2.59326;1.007906, -0.7903727, 2.96811;1.138414, -0.7696823, 2.553084;
0.7228297, 0.2787214, 2.742319;0.8931664, 0.1745102, 2.789539;1.087107, -0.02855301, 2.904463;0.8249434, 0.1270628, 2.917145;0.9911056, 0.1934763, 2.690339;0.8384165, -0.3789287, 2.933221;0.9689951, -0.364477, 2.572874;1.125527, -0.06862019, 2.932187;1.130667, -0.1037549, 2.986005;1.197683, -0.1166649, 2.920514;1.100347, -0.5233864, 3.023784;1.197785, -0.4103209, 2.666333;1.066324, -0.7256607, 2.991982;1.181272, -0.697054, 2.594282;1.0175, -0.7867457, 2.970486;1.138998, -0.7688621, 2.552647;
0.7311099, 0.3001415, 2.754706;0.8964524, 0.1832448, 2.79741;1.086451, -0.02705326, 2.90432;0.8236847, 0.1370945, 2.92163;0.9874277, 0.2039079, 2.690608;0.8445082, -0.3498861, 2.932257;0.9685126, -0.353828, 2.577341;1.124498, -0.06748702, 2.9311;1.129703, -0.1025632, 2.98226;1.194425, -0.114883, 2.919232;1.101752, -0.4759624, 3.027248;1.198538, -0.4091698, 2.66715;1.06547, -0.7255285, 2.991036;1.18131, -0.6967894, 2.594118;1.017174, -0.7875729, 2.969048;1.139028, -0.7689206, 2.552845;
0.7446869, 0.3138914, 2.766613;0.9045694, 0.1887546, 2.810628;1.082637, -0.01732444, 2.907629;0.8272341, 0.1428988, 2.933675;0.9800559, 0.2205636, 2.691448;0.8405284, -0.3318242, 2.933193;0.970201, -0.3181533, 2.57815;1.118193, -0.05682861, 2.931967;1.128056, -0.09648809, 2.984078;1.185428, -0.1068548, 2.917936;1.100506, -0.4696826, 3.025035;1.198795, -0.4050169, 2.669852;1.065871, -0.7260127, 2.990481;1.181486, -0.6955056, 2.59374;1.014063, -0.7884008, 2.96761;1.138706, -0.7688373, 2.552891;
0.7582515, 0.3473125, 2.780921;0.9100888, 0.2056722, 2.816408;1.075543, 0.000824471, 2.904651;0.8289447, 0.1910034, 2.942148;0.9777974, 0.2350907, 2.692427;0.8430842, -0.3040139, 2.940888;0.9697748, -0.3107229, 2.578014;1.108167, -0.03885008, 2.925904;1.115378, -0.07455812, 2.972461;1.168107, -0.08630449, 2.911076;1.105647, -0.4469016, 3.01904;1.198879, -0.4048465, 2.669779;1.065972, -0.726249, 2.990245;1.181456, -0.6954916, 2.593651;1.013648, -0.7881534, 2.968022;1.138743, -0.7689287, 2.5531;
0.7697008, 0.3759125, 2.785811;0.9186022, 0.2281539, 2.819105;1.072852, 0.01322444, 2.909755;0.8317128, 0.1954987, 2.94569;0.9817973, 0.2526377, 2.694443;0.8438869, -0.2983906, 2.940078;0.9691955, -0.2905501, 2.574849;1.104149, -0.028655, 2.931125;1.110155, -0.06866492, 2.98966;1.167778, -0.08443022, 2.911883;1.106794, -0.4430298, 3.015846;1.198965, -0.4044328, 2.669835;1.065727, -0.7258185, 2.989861;1.181499, -0.6951384, 2.593664;1.013733, -0.7881863, 2.967912;1.138796, -0.7690413, 2.553387;
0.7845231, 0.39442, 2.800507;0.9255196, 0.2345868, 2.824084;1.072586, 0.01828298, 2.909986;0.836629, 0.2447971, 2.953835;0.9884849, 0.2735522, 2.695967;0.84811, -0.2734578, 2.947531;0.9697502, -0.2591638, 2.572767;1.102739, -0.02384229, 2.930725;1.108673, -0.06474315, 2.989332;1.166126, -0.08197314, 2.910404;1.10651, -0.4397545, 3.008253;1.199363, -0.3963012, 2.671372;1.066648, -0.7249241, 2.990166;1.181437, -0.6950924, 2.593585;1.013456, -0.7880011, 2.967556;1.139376, -0.7690741, 2.553346;
0.8034374, 0.4096017, 2.809832;0.9441345, 0.2480719, 2.83044;1.087926, 0.02238463, 2.906229;0.8490822, 0.2345786, 2.949133;0.9932203, 0.2860714, 2.697931;0.848906, -0.2581989, 2.948588;0.9719442, -0.2496181, 2.574723;1.117446, -0.02182747, 2.925073;1.132019, -0.06353553, 2.964673;1.171172, -0.07670876, 2.908919;1.105529, -0.4339679, 3.007096;1.199152, -0.3950866, 2.671653;1.067742, -0.7242982, 2.990355;1.181468, -0.6950909, 2.5935;1.013559, -0.7872307, 2.966957;1.139239, -0.769087, 2.553373;
0.8132305, 0.4254687, 2.823101;0.9498862, 0.2575856, 2.835879;1.065899, 0.06840986, 2.912033;0.8518254, 0.2650618, 2.954698;1.005774, 0.3084372, 2.70572;0.8480541, -0.240605, 2.957666;0.9740152, -0.2309133, 2.57713;1.087939, 0.0286525, 2.929433;1.095448, -0.02268338, 2.986476;1.146025, -0.03805669, 2.90886;1.104206, -0.4189225, 3.003239;1.199248, -0.3945007, 2.671762;1.067985, -0.7238974, 2.990752;1.181379, -0.6948925, 2.59344;1.015472, -0.786057, 2.96703;1.139376, -0.769145, 2.553445;
0.8418203, 0.4409335, 2.828532;0.9631319, 0.2610472, 2.840061;1.072976, 0.06756563, 2.910997;0.8612177, 0.258758, 2.957595;1.007222, 0.316585, 2.708262;0.8476835, -0.2279545, 2.954842;0.9740914, -0.2256152, 2.577871;1.095029, 0.02787399, 2.928005;1.10863, -0.02489133, 2.982656;1.148324, -0.03718518, 2.908027;1.102405, -0.416748, 3.001546;1.199197, -0.3932188, 2.672405;1.067981, -0.724047, 2.990385;1.181299, -0.6941916, 2.592937;1.013212, -0.7894351, 2.969797;1.139638, -0.7690598, 2.553252;
0.8559187, 0.4500791, 2.833927;0.9716653, 0.2653699, 2.841917;1.076594, 0.06827197, 2.908573;0.8676735, 0.258009, 2.959541;1.012371, 0.3378021, 2.713329;0.8481315, -0.2009717, 2.953854;0.9751292, -0.1984666, 2.582256;1.098202, 0.02843611, 2.924974;1.113435, -0.02444345, 2.970314;1.148811, -0.03577416, 2.907511;1.099438, -0.4141118, 3.000642;1.198923, -0.3933275, 2.672617;1.06789, -0.7239295, 2.98927;1.181362, -0.6935442, 2.592973;1.012365, -0.788409, 2.968287;1.139078, -0.7689363, 2.552994;
0.8665243, 0.4735745, 2.836295;0.9777784, 0.2849519, 2.84075;1.078672, 0.08585502, 2.896536;0.8728426, 0.2689507, 2.975376;1.016408, 0.3549995, 2.71225;0.8512754, -0.1877421, 2.957354;0.9741695, -0.1892233, 2.582873;1.099077, 0.04659501, 2.910261;1.110099, -0.01282657, 2.952981;1.149264, -0.01095818, 2.892762;1.097528, -0.414485, 2.999109;1.198747, -0.3929122, 2.672652;1.06764, -0.7239453, 2.988824;1.181414, -0.6932517, 2.593101;1.009587, -0.7899532, 2.965591;1.139014, -0.7689341, 2.552887;
0.8207188, 0.6646429, 2.820935;0.9300988, 0.5001941, 2.812624;1.07153, 0.1709278, 2.872843;0.8729014, 0.3760937, 2.980071;1.020889, 0.3921897, 2.717717;0.8535707, -0.1603962, 2.95814;0.977831, -0.1619751, 2.581193;1.099816, 0.1050746, 2.888157;1.096214, 0.0358264, 2.950285;1.154032, 0.05648931, 2.844564;1.095634, -0.4105408, 2.997404;1.198598, -0.391453, 2.673149;1.06764, -0.7239767, 2.988829;1.182011, -0.6899213, 2.593942;1.011348, -0.7891301, 2.966045;1.138798, -0.7685333, 2.552766;
0.8276855, 0.6716549, 2.81932;0.930913, 0.5021017, 2.813836;1.071409, 0.1710462, 2.872742;0.8756219, 0.3765605, 2.980265;1.023057, 0.3954741, 2.717481;0.8465109, -0.168788, 2.957587;0.9795939, -0.1501325, 2.579898;1.099543, 0.105113, 2.887866;1.095547, 0.03599059, 2.94944;1.153423, 0.05655295, 2.844053;1.093247, -0.400351, 2.994693;1.198218, -0.3890224, 2.672722;1.067774, -0.7238515, 2.988506;1.182001, -0.691228, 2.593916;1.010982, -0.7885141, 2.965557;1.138767, -0.7685676, 2.552811;
0.8435613, 0.6832383, 2.817791;0.9382653, 0.5157431, 2.816461;1.068527, 0.1818103, 2.864281;0.8849182, 0.3855293, 2.982988;1.026907, 0.4041099, 2.71652;0.8454455, -0.1578626, 2.952989;0.9798226, -0.1461143, 2.580601;1.094137, 0.1164447, 2.875989;1.090859, 0.04216983, 2.942552;1.144791, 0.06792273, 2.820524;1.092747, -0.4003545, 2.99444;1.198258, -0.3889604, 2.672801;1.068118, -0.7235252, 2.988664;1.181792, -0.6914995, 2.593781;1.012244, -0.7873217, 2.968659;1.138825, -0.7686072, 2.552802;
0.8573927, 0.7041064, 2.820213;0.9478336, 0.5356147, 2.821813;1.067304, 0.185731, 2.862867;0.8971594, 0.4200292, 2.990847;1.031044, 0.4187389, 2.717411;0.8501492, -0.1169516, 2.955945;0.9855273, -0.1161285, 2.582133;1.092226, 0.1186835, 2.874378;1.085797, 0.04661721, 2.93767;1.140599, 0.07197602, 2.819625;1.092058, -0.3995709, 2.994152;1.198252, -0.3890104, 2.672742;1.068978, -0.7230067, 2.988333;1.182019, -0.691758, 2.593703;1.011872, -0.7868518, 2.967373;1.138693, -0.7688237, 2.552913;
0.8744038, 0.7151514, 2.82746;0.9590565, 0.5506674, 2.82576;1.064578, 0.2012756, 2.858819;0.9011747, 0.4290212, 2.992239;1.039968, 0.4306832, 2.717222;0.8521193, -0.1031115, 2.955662;0.9855307, -0.1098487, 2.583166;1.086267, 0.1329682, 2.868746;1.077263, 0.06106383, 2.930345;1.134006, 0.08097934, 2.815173;1.091057, -0.3965138, 2.992779;1.195921, -0.3535357, 2.677364;1.069432, -0.7220888, 2.988441;1.182123, -0.6923066, 2.59342;1.014929, -0.7846189, 2.96509;1.138675, -0.7688605, 2.552909;
0.8915266, 0.731759, 2.832784;0.9691164, 0.5614786, 2.823434;1.064463, 0.2097359, 2.855916;0.9061271, 0.4366149, 2.993796;1.04221, 0.4412007, 2.716372;0.8521568, -0.08967984, 2.956706;0.9849849, -0.1060555, 2.582092;1.084391, 0.1405205, 2.865709;1.07537, 0.06555142, 2.928234;1.128831, 0.09093145, 2.811059;1.090817, -0.3956285, 2.992183;1.195691, -0.3566943, 2.676814;1.069439, -0.7221008, 2.988398;1.182149, -0.6922753, 2.593386;1.014036, -0.7848062, 2.965301;1.138849, -0.768742, 2.553211;
0.9091473, 0.7484452, 2.839027;0.9757715, 0.5690508, 2.825601;1.063654, 0.2201233, 2.854691;0.9170269, 0.4639357, 3.000341;1.052737, 0.4636416, 2.718134;0.8498681, -0.08156659, 2.953814;0.984121, -0.07590808, 2.582323;1.08157, 0.1513788, 2.86371;1.071123, 0.07473214, 2.926697;1.125438, 0.09893669, 2.808256;1.089607, -0.3922816, 2.990324;1.194889, -0.3590142, 2.67713;1.069704, -0.7216873, 2.98864;1.182496, -0.6923451, 2.593598;1.014122, -0.7851806, 2.966964;1.139154, -0.7689398, 2.553638;
0.9270879, 0.7647924, 2.842928;0.9961225, 0.5905274, 2.836661;1.0634, 0.2293887, 2.853435;0.9210339, 0.4728453, 3.005234;1.05578, 0.4683052, 2.71892;0.8530346, -0.05652832, 2.954049;0.9850916, -0.0682613, 2.582561;1.078961, 0.1595277, 2.861088;1.066097, 0.08238617, 2.923284;1.120081, 0.1073362, 2.803157;1.089063, -0.3925898, 2.989978;1.194694, -0.3590922, 2.676897;1.069779, -0.7216188, 2.989331;1.182373, -0.6921421, 2.593365;1.012203, -0.7855806, 2.964854;1.13877, -0.7689701, 2.553433;
0.9368878, 0.7686477, 2.847976;1.001948, 0.5987058, 2.837255;1.061601, 0.2410726, 2.851422;0.9261377, 0.485558, 3.006942;1.064957, 0.4815954, 2.721403;0.8540558, -0.04890629, 2.956172;0.9863762, -0.06100129, 2.583648;1.074375, 0.1709101, 2.857956;1.055714, 0.1003108, 2.91503;1.114374, 0.1158163, 2.801658;1.088382, -0.3927913, 2.989653;1.194846, -0.3591533, 2.676631;1.069556, -0.7217586, 2.989264;1.182514, -0.6921511, 2.593406;1.009614, -0.7888461, 2.965968;1.138386, -0.7697341, 2.554192;
0.9508438, 0.7771836, 2.856188;1.016489, 0.6254259, 2.843983;1.060902, 0.2488604, 2.850451;0.93011, 0.4896365, 3.011231;1.068746, 0.4856831, 2.721577;0.8565856, -0.03957694, 2.95479;0.9992321, -0.02529211, 2.584829;1.072046, 0.1763123, 2.856179;1.050992, 0.1069029, 2.911317;1.10993, 0.1235777, 2.800011;1.082954, -0.3863927, 2.986317;1.193045, -0.3572167, 2.675892;1.06985, -0.7210078, 2.989114;1.18284, -0.6891539, 2.592911;1.003854, -0.7907802, 2.96583;1.138529, -0.7695521, 2.554144;
0.9678735, 0.7835411, 2.859409;1.019432, 0.6257572, 2.844138;1.058971, 0.2562196, 2.850761;0.9386396, 0.5021889, 3.016124;1.077784, 0.4937102, 2.721426;0.8583012, -0.02940732, 2.95362;0.9974108, -0.02479126, 2.585195;1.067315, 0.1850444, 2.85603;1.042784, 0.1172984, 2.911272;1.104787, 0.1301672, 2.799936;1.07854, -0.3796785, 2.984212;1.191227, -0.3518022, 2.676337;1.068801, -0.7217191, 2.98864;1.182998, -0.6894245, 2.592803;1.002365, -0.7910557, 2.964711;1.138518, -0.7699946, 2.554557;
0.9795111, 0.7909755, 2.858399;1.040066, 0.639375, 2.847249;1.059177, 0.2611243, 2.849754;0.9409098, 0.5022991, 3.017173;1.083274, 0.4997399, 2.722778;0.8612597, -0.02396021, 2.951766;0.9977192, -0.01539, 2.584471;1.065745, 0.1884665, 2.854498;1.038829, 0.1215695, 2.907765;1.101472, 0.1348803, 2.798753;1.078592, -0.3765849, 2.983602;1.187785, -0.346159, 2.679163;1.06864, -0.7220439, 2.988483;1.182922, -0.6894595, 2.59301;1.003567, -0.7901099, 2.964608;1.138678, -0.7700637, 2.554667;
1.026958, 0.8236064, 2.874368;1.054486, 0.6492576, 2.851198;1.060577, 0.2706785, 2.8459;0.9693852, 0.5327618, 3.017455;1.107027, 0.5169386, 2.72496;0.861989, -0.02052461, 2.945581;1.000926, 0.006582025, 2.579108;1.063965, 0.1971052, 2.848799;1.034143, 0.1339562, 2.895647;1.097014, 0.1444328, 2.794574;1.075496, -0.3671653, 2.97955;1.184519, -0.3312212, 2.684409;1.067874, -0.7225929, 2.988429;1.18328, -0.6888164, 2.593154;1.004231, -0.7900075, 2.964143;1.138557, -0.7698931, 2.554573;
1.028083, 0.8231569, 2.875343;1.069349, 0.6614109, 2.854442;1.061304, 0.2746036, 2.844711;0.9727449, 0.5346649, 3.016886;1.112419, 0.5220782, 2.727134;0.8655749, -0.01394679, 2.94455;1.001081, 0.009274326, 2.579847;1.062954, 0.199756, 2.84708;1.032018, 0.1373452, 2.89254;1.094259, 0.148258, 2.793623;1.074909, -0.3639804, 2.977996;1.182098, -0.3251087, 2.680875;1.067982, -0.7227198, 2.988334;1.183334, -0.6886872, 2.593041;1.00419, -0.790122, 2.967096;1.138648, -0.7697743, 2.55439;
1.034017, 0.8281757, 2.880833;1.078342, 0.6687608, 2.855172;1.062393, 0.28131, 2.841326;0.979717, 0.5375935, 3.008186;1.11975, 0.527118, 2.730344;0.8689, -0.007137761, 2.942693;1.000955, 0.01388168, 2.578092;1.061533, 0.2056397, 2.84249;1.029552, 0.1410969, 2.888315;1.090963, 0.1540449, 2.788588;1.073389, -0.3604483, 2.975518;1.181206, -0.3238489, 2.680549;1.068218, -0.7220476, 2.988298;1.18322, -0.688344, 2.593142;1.006201, -0.7893981, 2.966034;1.138528, -0.7696005, 2.554128;
1.04985, 0.8318785, 2.889336;1.088398, 0.670454, 2.860123;1.063253, 0.2823891, 2.84061;0.9922795, 0.5478765, 2.998404;1.130115, 0.5304043, 2.731661;0.8721082, -3.998727E-05, 2.939443;1.002629, 0.01797847, 2.57703;1.061397, 0.2065174, 2.841091;1.027905, 0.1453514, 2.882271;1.090332, 0.1552949, 2.788242;1.071106, -0.3560063, 2.973278;1.179553, -0.3206156, 2.678775;1.069343, -0.7203903, 2.988273;1.183456, -0.6882263, 2.593444;1.007551, -0.7874219, 2.965772;1.138723, -0.7696313, 2.554355;
1.06054, 0.8325836, 2.897054;1.093455, 0.6693929, 2.860962;1.064194, 0.2829838, 2.839461;0.9941177, 0.5435326, 2.998783;1.139579, 0.5314475, 2.733409;0.8739433, 0.003211632, 2.935558;1.005024, 0.02119758, 2.577826;1.061386, 0.2070874, 2.839243;1.026605, 0.145473, 2.879946;1.090223, 0.1559236, 2.786802;1.070822, -0.3560499, 2.972608;1.177648, -0.3199803, 2.676551;1.06939, -0.7215613, 2.987528;1.183637, -0.6882547, 2.593717;1.008566, -0.7893122, 2.965894;1.138782, -0.769568, 2.554452;
1.072044, 0.8350577, 2.903526;1.099138, 0.6705261, 2.86306;1.065316, 0.2843822, 2.839146;1.004217, 0.549612, 3.005391;1.14734, 0.5322354, 2.734915;0.8781977, 0.006268524, 2.93312;1.007598, 0.02234482, 2.577007;1.061507, 0.2081638, 2.838614;1.026206, 0.1468129, 2.878987;1.089912, 0.1571175, 2.78648;1.069825, -0.355321, 2.971477;1.175874, -0.3209117, 2.673557;1.069011, -0.7216545, 2.987329;1.183604, -0.6880952, 2.593592;1.006569, -0.7907144, 2.967015;1.138976, -0.769685, 2.554941;
1.076984, 0.8361843, 2.905009;1.106614, 0.6718585, 2.865574;1.066941, 0.2856799, 2.838444;1.007009, 0.5481709, 3.006754;1.152202, 0.531826, 2.736883;0.880437, 0.008038282, 2.931275;1.013456, 0.02473741, 2.577843;1.061973, 0.2091978, 2.837495;1.025984, 0.1477102, 2.87772;1.089933, 0.1582011, 2.785435;1.068168, -0.3552108, 2.969895;1.175197, -0.3211839, 2.673064;1.068848, -0.7215676, 2.987509;1.18376, -0.6879976, 2.593638;1.006474, -0.7906893, 2.967115;1.13904, -0.7695371, 2.555009;
1.088663, 0.8383332, 2.907322;1.112467, 0.6728355, 2.868496;1.067817, 0.2862827, 2.838573;1.010986, 0.5478637, 3.010628;1.154742, 0.5318349, 2.737661;0.8842254, 0.00782232, 2.929465;1.020905, 0.02820793, 2.578609;1.062061, 0.2095171, 2.837363;1.02579, 0.1479699, 2.87764;1.089691, 0.1584302, 2.785132;1.067958, -0.3556733, 2.969131;1.173232, -0.322593, 2.671042;1.068811, -0.7215639, 2.987094;1.183628, -0.6879469, 2.593345;1.009393, -0.789778, 2.966784;1.138976, -0.7695175, 2.555036;
1.098697, 0.8392282, 2.916906;1.115922, 0.672716, 2.869447;1.068824, 0.2877256, 2.839082;1.012515, 0.5465529, 3.012859;1.157339, 0.5319422, 2.738455;0.8859542, 0.00997743, 2.927943;1.027085, 0.02720063, 2.578811;1.062161, 0.211013, 2.837541;1.025172, 0.148832, 2.878226;1.089375, 0.1589233, 2.784894;1.066643, -0.3557823, 2.968055;1.171598, -0.3228567, 2.670197;1.068464, -0.7224425, 2.986592;1.183628, -0.6879649, 2.593352;1.010206, -0.789711, 2.966925;1.138931, -0.7696667, 2.555216;
1.100063, 0.8388106, 2.917171;1.118031, 0.6722438, 2.870951;1.06894, 0.2877412, 2.839225;1.015312, 0.5454128, 3.015497;1.15993, 0.5310925, 2.739521;0.8869402, 0.01009999, 2.927429;1.030012, 0.02548649, 2.577925;1.062071, 0.2110333, 2.837574;1.024482, 0.1491976, 2.878064;1.088904, 0.1589217, 2.784942;1.065503, -0.3561849, 2.967083;1.170109, -0.323797, 2.669202;1.068393, -0.7221251, 2.986613;1.183768, -0.6876818, 2.593503;1.010364, -0.7881767, 2.966165;1.139606, -0.7688303, 2.554792;
1.105166, 0.8399892, 2.917997;1.121609, 0.6721637, 2.873966;1.069203, 0.2880191, 2.839991;1.017771, 0.545563, 3.01529;1.163477, 0.5296658, 2.742136;0.8899117, 0.01963013, 2.92867;1.035496, 0.02550385, 2.578111;1.061786, 0.2112839, 2.83797;1.023488, 0.1494328, 2.878834;1.088031, 0.158983, 2.785104;1.064981, -0.3566866, 2.966615;1.16945, -0.3239083, 2.668891;1.068189, -0.72324, 2.985907;1.183635, -0.6877294, 2.593382;1.007102, -0.7905446, 2.964352;1.139609, -0.7688216, 2.554809;
1.108712, 0.8398463, 2.918833;1.124194, 0.6714547, 2.876749;1.069645, 0.2882391, 2.841039;1.019323, 0.5445784, 3.017035;1.165273, 0.5287508, 2.742664;0.892284, 0.02012926, 2.930489;1.038867, 0.02400505, 2.57894;1.061643, 0.2115128, 2.838505;1.022896, 0.1496814, 2.879498;1.087584, 0.1588968, 2.78541;1.064593, -0.3571564, 2.965948;1.168611, -0.3234056, 2.669083;1.068368, -0.7225121, 2.985973;1.183635, -0.6877198, 2.593404;1.007637, -0.7901663, 2.964449;1.139603, -0.7688321, 2.554846;
1.109894, 0.8388018, 2.916734;1.125293, 0.6712098, 2.877833;1.070588, 0.2896902, 2.842339;1.021402, 0.5451432, 3.017872;1.166625, 0.5287203, 2.743777;0.8936806, 0.01988361, 2.930984;1.039656, 0.02317799, 2.578949;1.061909, 0.2132859, 2.839519;1.022864, 0.1508369, 2.880785;1.087342, 0.1591934, 2.785512;1.064302, -0.3567964, 2.965423;1.167816, -0.3227091, 2.6691;1.068264, -0.7230165, 2.986096;1.183744, -0.6877643, 2.593512;1.006628, -0.7915686, 2.962543;1.139642, -0.7685395, 2.554349;
1.107599, 0.8384513, 2.915134;1.126016, 0.6709722, 2.878293;1.070723, 0.2897246, 2.843258;1.023195, 0.5451486, 3.018796;1.168009, 0.5283629, 2.744756;0.8977171, 0.01962246, 2.934914;1.042199, 0.02367605, 2.579871;1.061624, 0.2133887, 2.840404;1.022299, 0.1510913, 2.881858;1.086496, 0.1591281, 2.786558;1.064044, -0.3571693, 2.96536;1.167002, -0.3223932, 2.669354;1.0681, -0.7228143, 2.985564;1.183708, -0.6875497, 2.59344;1.007493, -0.7901065, 2.961453;1.139813, -0.7685394, 2.554487;
1.107041, 0.8375231, 2.914566;1.127247, 0.6700737, 2.879177;1.0715, 0.2899378, 2.843611;1.024013, 0.5448412, 3.020167;1.169622, 0.5282835, 2.745792;0.8984245, 0.01971515, 2.935827;1.042831, 0.02332702, 2.580035;1.062003, 0.2136863, 2.840555;1.022358, 0.1512052, 2.88198;1.086773, 0.1593053, 2.786493;1.063636, -0.3576099, 2.965093;1.166684, -0.322439, 2.669137;1.06679, -0.723919, 2.982544;1.183876, -0.6873901, 2.593642;1.006033, -0.7908527, 2.961143;1.140094, -0.7683594, 2.554281;
1.106929, 0.8372564, 2.916901;1.128079, 0.6696857, 2.880418;1.0717, 0.2901128, 2.844686;1.025579, 0.5446921, 3.023833;1.170474, 0.5273997, 2.747529;0.8998957, 0.01965807, 2.939066;1.044052, 0.02317596, 2.581227;1.061874, 0.213971, 2.841459;1.021933, 0.1513976, 2.883277;1.086455, 0.1593215, 2.786907;1.063565, -0.3576724, 2.96524;1.166262, -0.3219588, 2.669029;1.066813, -0.7242752, 2.982438;1.183972, -0.6871227, 2.593831;1.006428, -0.7907489, 2.961113;1.139779, -0.7682405, 2.554024;
1.106772, 0.8372529, 2.919216;1.128734, 0.6695467, 2.88088;1.072239, 0.29126, 2.846344;1.026853, 0.5443839, 3.028061;1.170677, 0.5271176, 2.747959;0.9007592, 0.01984152, 2.940344;1.04442, 0.02154394, 2.582546;1.062028, 0.2155673, 2.84333;1.021837, 0.1522932, 2.886213;1.086144, 0.1597687, 2.787486;1.063631, -0.3581175, 2.965922;1.166021, -0.3224697, 2.66903;1.065942, -0.723878, 2.981507;1.18409, -0.6869325, 2.593943;1.006504, -0.7903121, 2.960709;1.139761, -0.7682244, 2.55411;
1.107656, 0.8370697, 2.919434;1.129772, 0.6691865, 2.881975;1.073017, 0.2918038, 2.847798;1.026981, 0.5442919, 3.029063;1.170892, 0.5270905, 2.749019;0.9051561, 0.01929773, 2.947864;1.044636, 0.02137785, 2.58324;1.062521, 0.2162724, 2.844682;1.02217, 0.1523862, 2.887887;1.086219, 0.1601797, 2.788162;1.063648, -0.358522, 2.966024;1.165611, -0.3224075, 2.669199;1.066008, -0.7238448, 2.982002;1.184125, -0.6870702, 2.594139;1.007536, -0.7904111, 2.961015;1.13996, -0.768653, 2.554565;
1.106411, 0.8361942, 2.919395;1.129709, 0.6682723, 2.882405;1.073142, 0.2915231, 2.848324;1.027696, 0.5441611, 3.03143;1.170957, 0.5265585, 2.749714;0.9071598, 0.01945509, 2.949176;1.045625, 0.02187883, 2.585775;1.062582, 0.2160984, 2.845158;1.02221, 0.152407, 2.888207;1.086247, 0.1601943, 2.788884;1.063661, -0.3585393, 2.96609;1.165198, -0.3227725, 2.669079;1