1.053228, 0.8689171, 2.915147;1.121282, 0.6578931, 2.898231;1.066247, 0.254394, 2.862964;1.037752, 0.5352613, 3.060786;1.158671, 0.5151922, 2.768768;0.9363326, -0.006235553, 3.001364;1.06687, -0.02820654, 2.607739;1.055239, 0.1736941, 2.859545;1.02009, 0.11998, 2.905398;1.074504, 0.1109489, 2.80081;1.054628, -0.3640451, 2.97927;1.145517, -0.333469, 2.680082;1.069748, -0.7243438, 2.994336;1.187631, -0.7086163, 2.601048;1.014462, -0.7884924, 2.977159;1.142569, -0.7726783, 2.56266;
1.052592, 0.8697656, 2.914894;1.121244, 0.6573794, 2.897755;1.066103, 0.2545163, 2.862796;1.036466, 0.529614, 3.063366;1.158801, 0.515068, 2.768745;0.9363618, -0.006273894, 3.001331;1.06687, -0.0282061, 2.607735;1.055035, 0.1739473, 2.859372;1.019615, 0.1196784, 2.905452;1.074279, 0.1113558, 2.800236;1.055118, -0.3642005, 2.979297;1.145278, -0.332301, 2.680149;1.069735, -0.723828, 2.994191;1.186273, -0.6996987, 2.600609;1.014625, -0.7884594, 2.976985;1.142372, -0.7723185, 2.562518;
1.052748, 0.8696473, 2.914752;1.121564, 0.6575451, 2.897593;1.066062, 0.2547044, 2.862612;1.03622, 0.5290923, 3.063417;1.159548, 0.5152239, 2.768326;0.9362798, -0.007291158, 3.001528;1.067312, -0.02696089, 2.607684;1.054927, 0.1741758, 2.859171;1.019253, 0.1197034, 2.905212;1.074265, 0.1118154, 2.80003;1.055118, -0.3638709, 2.979038;1.14514, -0.3316053, 2.680036;1.069042, -0.7239509, 2.994108;1.18581, -0.6977732, 2.599806;1.016316, -0.7879558, 2.949413;1.142072, -0.771867, 2.562162;
1.052947, 0.8694949, 2.915008;1.121662, 0.6576981, 2.897862;1.066047, 0.2547005, 2.862625;1.036199, 0.5313243, 3.065194;1.159762, 0.5154954, 2.768599;0.9363196, -0.007282391, 3.001492;1.067299, -0.02685779, 2.60777;1.054887, 0.1741511, 2.859148;1.019111, 0.1197654, 2.904996;1.074262, 0.1118108, 2.800056;1.055134, -0.363795, 2.979136;1.145076, -0.3317983, 2.679918;1.072958, -0.7263789, 2.999311;1.18558, -0.698807, 2.599182;1.01345, -0.7852151, 2.956488;1.142258, -0.7719523, 2.562159;
1.054593, 0.8701977, 2.916867;1.121755, 0.657468, 2.897421;1.065963, 0.2547289, 2.862465;1.03723, 0.5343351, 3.06836;1.159861, 0.5153613, 2.768615;0.9365025, -0.007421557, 3.001474;1.067222, -0.02661731, 2.607916;1.054776, 0.1742101, 2.859012;1.01896, 0.1199864, 2.90487;1.074094, 0.111673, 2.799896;1.055222, -0.3624556, 2.978946;1.144887, -0.3312941, 2.679561;1.071136, -0.7251062, 2.996133;1.185168, -0.6982037, 2.598991;1.012834, -0.7850037, 2.957439;1.142263, -0.7719664, 2.56216;
1.054654, 0.8697243, 2.917258;1.121698, 0.6571017, 2.897326;1.065859, 0.2548337, 2.862432;1.037027, 0.5343996, 3.067034;1.160442, 0.5150707, 2.768293;0.9340739, -0.01322869, 2.996469;1.067756, -0.02565408, 2.608731;1.054614, 0.1744478, 2.858995;1.01859, 0.1201796, 2.904968;1.074057, 0.1116909, 2.799832;1.055006, -0.3622718, 2.978967;1.144583, -0.3308306, 2.679427;1.070908, -0.7247905, 2.996274;1.184057, -0.6961696, 2.597543;1.013586, -0.7846345, 2.960574;1.14198, -0.7719734, 2.561877;
1.054839, 0.8692289, 2.917434;1.121789, 0.6567137, 2.896808;1.065837, 0.2548873, 2.862341;1.036453, 0.5333742, 3.068137;1.160683, 0.5150037, 2.768248;0.934426, -0.01229054, 2.997132;1.070503, -0.02173378, 2.610395;1.05458, 0.1745525, 2.858924;1.018461, 0.120165, 2.904951;1.074079, 0.1117632, 2.799747;1.054962, -0.3622821, 2.978946;1.144577, -0.3306354, 2.679464;1.071007, -0.7254019, 2.995866;1.183919, -0.6973597, 2.597762;1.010484, -0.7867095, 2.964123;1.142163, -0.772148, 2.561826;
1.055238, 0.8692758, 2.9179;1.122113, 0.6565287, 2.896049;1.065772, 0.2549541, 2.862209;1.037138, 0.5333147, 3.065394;1.160704, 0.5149112, 2.768169;0.9325044, -0.01843754, 2.993884;1.070309, -0.0216861, 2.610336;1.054458, 0.1746656, 2.858831;1.018279, 0.1205522, 2.904745;1.0738, 0.1121093, 2.799942;1.05495, -0.3622718, 2.978895;1.144333, -0.3306086, 2.679219;1.068656, -0.7242464, 2.993957;1.183873, -0.6974336, 2.597759;1.012415, -0.7860207, 2.964886;1.142458, -0.7725013, 2.561705;
1.054987, 0.8694767, 2.917912;1.12203, 0.6565779, 2.896036;1.065691, 0.2549222, 2.862178;1.037041, 0.5336162, 3.065322;1.160693, 0.5149102, 2.768184;0.9304063, -0.02250104, 2.98872;1.069714, -0.02273662, 2.610279;1.054378, 0.1746153, 2.858807;1.018212, 0.1205227, 2.904735;1.073722, 0.1119804, 2.799909;1.055036, -0.3623766, 2.978978;1.144124, -0.3304593, 2.679119;1.068345, -0.7240711, 2.993654;1.184444, -0.6966351, 2.598651;1.011689, -0.7884959, 2.965034;1.14266, -0.7722078, 2.5625;
1.058087, 0.8710404, 2.919824;1.12207, 0.6567719, 2.896075;1.065189, 0.2552079, 2.862594;1.036613, 0.5334268, 3.067147;1.16076, 0.5149289, 2.768253;0.9289534, -0.02449467, 2.984724;1.070154, -0.02245028, 2.610633;1.053658, 0.1749296, 2.859406;1.016731, 0.1190025, 2.905554;1.072615, 0.1147546, 2.801446;1.054964, -0.3624659, 2.978936;1.143978, -0.3303639, 2.679009;1.06917, -0.7278077, 2.994281;1.184532, -0.6966145, 2.599029;1.012758, -0.7884247, 2.965808;1.142316, -0.7721713, 2.562282;
1.058093, 0.870979, 2.920488;1.122177, 0.6567519, 2.896206;1.064971, 0.2552674, 2.862801;1.036039, 0.5321493, 3.068002;1.161038, 0.5149638, 2.768153;0.9287646, -0.02478467, 2.984965;1.06686, -0.02885794, 2.609811;1.053336, 0.1750157, 2.85967;1.015643, 0.117567, 2.906103;1.07241, 0.1156363, 2.801761;1.055009, -0.3624632, 2.978861;1.143903, -0.3303553, 2.678869;1.068071, -0.7267401, 2.991969;1.18515, -0.6995854, 2.599304;1.010899, -0.7913666, 2.966025;1.142879, -0.7728472, 2.562876;
1.05796, 0.8707182, 2.920558;1.122159, 0.6566495, 2.896178;1.064528, 0.2553458, 2.863312;1.035721, 0.5317173, 3.068795;1.161036, 0.5145759, 2.767887;0.9276832, -0.02748093, 2.981128;1.068274, -0.02610843, 2.611109;1.052734, 0.175185, 2.860436;1.014729, 0.1163322, 2.907267;1.071824, 0.11658, 2.802609;1.054994, -0.3624519, 2.978807;1.143752, -0.3302769, 2.678958;1.068077, -0.7249469, 2.992921;1.185171, -0.699342, 2.599352;1.011666, -0.7906129, 2.965932;1.142431, -0.7727789, 2.56286;
1.057286, 0.8703772, 2.919681;1.121818, 0.6565172, 2.896375;1.063985, 0.2548085, 2.863618;1.034549, 0.5300999, 3.067913;1.160784, 0.5143493, 2.767647;0.9276503, -0.02746145, 2.98114;1.068373, -0.0263898, 2.611074;1.052186, 0.1745333, 2.860751;1.014212, 0.1155008, 2.907103;1.071632, 0.1167516, 2.803204;1.055009, -0.3624347, 2.978786;1.143713, -0.3302397, 2.679066;1.067852, -0.7254068, 2.992703;1.184955, -0.6990379, 2.599058;1.007038, -0.7959697, 2.944632;1.142219, -0.7727111, 2.562788;
1.057062, 0.8699491, 2.919587;1.12177, 0.6561623, 2.896258;1.063853, 0.2548177, 2.863643;1.034502, 0.5304505, 3.067739;1.16081, 0.5137368, 2.767463;0.9279623, -0.02740472, 2.981899;1.069268, -0.02762247, 2.611355;1.052024, 0.1745933, 2.860806;1.014031, 0.115346, 2.907051;1.071457, 0.1173051, 2.803464;1.055209, -0.3622146, 2.978734;1.143672, -0.330202, 2.679027;1.06799, -0.7252787, 2.992958;1.18509, -0.6992401, 2.599127;1.014917, -0.7920983, 2.960677;1.142938, -0.7727454, 2.563089;
1.056845, 0.8697373, 2.919531;1.121632, 0.655923, 2.895979;1.063718, 0.2548662, 2.863753;1.034973, 0.5327712, 3.066647;1.16081, 0.5137802, 2.76749;0.9277701, -0.02730126, 2.981973;1.06872, -0.02757986, 2.611254;1.051861, 0.1747029, 2.86101;1.013954, 0.1151934, 2.907186;1.071226, 0.1178537, 2.803896;1.055225, -0.3621778, 2.978732;1.143735, -0.3324632, 2.67857;1.067951, -0.7251495, 2.993013;1.184903, -0.6999716, 2.598704;1.015162, -0.7910156, 2.96258;1.140537, -0.7733017, 2.557421;
1.057052, 0.8696797, 2.920006;1.121396, 0.6556433, 2.895765;1.063265, 0.2541155, 2.863887;1.033217, 0.5292299, 3.061872;1.160659, 0.513748, 2.767403;0.9279196, -0.02748571, 2.982727;1.067354, -0.02697786, 2.611135;1.051386, 0.1738083, 2.86124;1.013399, 0.1137896, 2.907284;1.07109, 0.1176029, 2.804128;1.054979, -0.3624905, 2.978826;1.143708, -0.3332642, 2.678323;1.068094, -0.7299135, 2.993584;1.184642, -0.7016912, 2.598604;1.010212, -0.7944996, 2.966099;1.140153, -0.7741342, 2.556312;
1.057114, 0.8696112, 2.920059;1.12125, 0.6555992, 2.895669;1.063162, 0.2541016, 2.863922;1.03285, 0.5276487, 3.058973;1.160708, 0.5136794, 2.76726;0.9278156, -0.02731016, 2.982938;1.06684, -0.02818592, 2.611058;1.051302, 0.1737991, 2.861289;1.013228, 0.1134615, 2.907372;1.071068, 0.1176465, 2.804155;1.054836, -0.3620489, 2.97876;1.143828, -0.3324099, 2.678759;1.067367, -0.7272543, 2.993547;1.184554, -0.7019211, 2.598654;1.017876, -0.7943214, 2.954579;1.140702, -0.7744213, 2.55725;
1.057205, 0.8697414, 2.920403;1.120874, 0.6555635, 2.895825;1.062993, 0.2541069, 2.864034;1.032138, 0.5278717, 3.061923;1.160213, 0.5134242, 2.767408;0.9280852, -0.02651483, 2.984274;1.064343, -0.02570651, 2.61226;1.051188, 0.173809, 2.861379;1.013164, 0.1133353, 2.907421;1.070998, 0.1177463, 2.804235;1.054769, -0.3624027, 2.978774;1.143906, -0.3333926, 2.678355;1.067337, -0.7271971, 2.993424;1.18445, -0.7020934, 2.598422;1.007861, -0.7964849, 2.963185;1.139532, -0.7742903, 2.554929;
1.057377, 0.8695568, 2.920536;1.120926, 0.6552992, 2.895858;1.062863, 0.2540331, 2.864069;1.03192, 0.5276721, 3.062297;1.160234, 0.5133677, 2.767154;0.9293749, -0.02680669, 2.987206;1.063567, -0.02558995, 2.61232;1.05103, 0.173758, 2.861413;1.012892, 0.1131443, 2.907306;1.070906, 0.1178403, 2.804343;1.05478, -0.362771, 2.978777;1.143837, -0.3329799, 2.678406;1.06702, -0.7267623, 2.993011;1.184603, -0.700876, 2.598884;1.00807, -0.7950425, 2.964199;1.139318, -0.7736318, 2.556119;
1.057395, 0.8695552, 2.920814;1.121002, 0.6553375, 2.895877;1.062831, 0.2540579, 2.864121;1.031864, 0.5272048, 3.062212;1.16029, 0.5133337, 2.767301;0.9296386, -0.02620361, 2.987515;1.063462, -0.02591159, 2.612318;1.050979, 0.1737852, 2.861477;1.012818, 0.1130651, 2.907359;1.070884, 0.1179252, 2.80441;1.054778, -0.3624267, 2.978341;1.144284, -0.3350239, 2.678357;1.066587, -0.7276669, 2.991879;1.185847, -0.7024313, 2.599758;1.005811, -0.7959573, 2.964803;1.14046, -0.7731653, 2.557326;
1.057324, 0.8694673, 2.92061;1.120855, 0.6552783, 2.896015;1.062753, 0.2541007, 2.864159;1.031809, 0.5278429, 3.063134;1.160077, 0.5133201, 2.767089;0.9302459, -0.02578857, 2.988546;1.061927, -0.02748952, 2.609565;1.050919, 0.1738415, 2.861498;1.012765, 0.1128546, 2.907446;1.070808, 0.1180587, 2.804298;1.054768, -0.3624448, 2.978353;1.144288, -0.3366925, 2.677807;1.066628, -0.7276642, 2.991859;1.185758, -0.7024329, 2.599827;1.007028, -0.7946435, 2.96591;1.140129, -0.7736626, 2.556487;
1.057538, 0.8695766, 2.920566;1.12077, 0.6553212, 2.896004;1.062679, 0.2540975, 2.864369;1.032521, 0.5299435, 3.063335;1.159823, 0.5130958, 2.767175;0.9302661, -0.02590345, 2.988596;1.061692, -0.02699662, 2.609152;1.050864, 0.1738239, 2.861781;1.012877, 0.1125788, 2.907848;1.070724, 0.118171, 2.804587;1.05497, -0.3628733, 2.978585;1.144117, -0.3354305, 2.677595;1.066547, -0.7275769, 2.991803;1.185822, -0.7025247, 2.599819;1.008982, -0.7934973, 2.966876;1.140937, -0.7741373, 2.558148;
1.05711, 0.8695719, 2.922039;1.120773, 0.6553102, 2.895987;1.062634, 0.2540953, 2.864362;1.032285, 0.5288752, 3.062058;1.159814, 0.5130602, 2.76716;0.9302191, -0.02499699, 2.989627;1.064415, -0.02411009, 2.609124;1.050811, 0.1738265, 2.861773;1.012762, 0.112432, 2.907863;1.070694, 0.1182001, 2.804543;1.054953, -0.362818, 2.978802;1.143782, -0.3345878, 2.677613;1.066721, -0.7270087, 2.991719;1.185437, -0.7019747, 2.599523;1.011834, -0.7930271, 2.968445;1.138841, -0.7743717, 2.555736;
1.056202, 0.8691224, 2.921213;1.120689, 0.655196, 2.896371;1.06245, 0.2539967, 2.864425;1.031661, 0.5274831, 3.060174;1.159741, 0.5130482, 2.767127;0.9302644, -0.02511258, 2.989635;1.067323, -0.01646085, 2.612041;1.050617, 0.173727, 2.861785;1.012485, 0.1121958, 2.907849;1.070604, 0.1181762, 2.804484;1.055107, -0.3634267, 2.979169;1.143539, -0.3331885, 2.677844;1.066985, -0.7261429, 2.991753;1.185309, -0.7017783, 2.599368;1.0115, -0.792873, 2.968531;1.138738, -0.7743016, 2.557729;
1.056213, 0.8690733, 2.922422;1.120601, 0.6550562, 2.896563;1.062242, 0.2539893, 2.864542;1.031511, 0.5269882, 3.060056;1.159646, 0.5124364, 2.767004;0.9302372, -0.02539882, 2.989615;1.06627, -0.02078331, 2.610396;1.050396, 0.1737474, 2.86188;1.012097, 0.1118665, 2.908126;1.070431, 0.1181529, 2.804396;1.055134, -0.3634921, 2.979217;1.143405, -0.3326438, 2.677733;1.067094, -0.72598, 2.991786;1.185285, -0.7020923, 2.599667;1.01316, -0.791864, 2.954034;1.139146, -0.774253, 2.557882;
1.056545, 0.8689689, 2.922589;1.120654, 0.6548555, 2.89658;1.062119, 0.2544226, 2.864691;1.031396, 0.526622, 3.059857;1.159659, 0.5124367, 2.76697;0.9304689, -0.02509535, 2.989853;1.066367, -0.02028286, 2.610389;1.050204, 0.17451, 2.862094;1.011927, 0.111934, 2.908407;1.070243, 0.1187855, 2.804232;1.055112, -0.3635965, 2.979188;1.143396, -0.3327153, 2.677707;1.066725, -0.7263237, 2.991768;1.18493, -0.7013263, 2.599187;1.01437, -0.7906446, 2.960862;1.140419, -0.7745422, 2.560699;
1.056457, 0.8691072, 2.9225;1.120647, 0.6549692, 2.89654;1.061955, 0.2543927, 2.86484;1.031226, 0.5259131, 3.05991;1.159576, 0.5124063, 2.766899;0.9303781, -0.02555973, 2.989893;1.066949, -0.02018976, 2.610614;1.049992, 0.1744151, 2.862304;1.011647, 0.1116609, 2.908787;1.070109, 0.1188065, 2.80435;1.055064, -0.3636356, 2.979117;1.143284, -0.3324747, 2.677745;1.067101, -0.7270924, 2.991034;1.18502, -0.7003353, 2.600028;1.015843, -0.7898996, 2.96992;1.140463, -0.7743225, 2.561265;
1.057182, 0.8695683, 2.92608;1.120591, 0.6549805, 2.896549;1.061898, 0.2543571, 2.864864;1.031635, 0.5274797, 3.06043;1.159293, 0.5117668, 2.76668;0.9301779, -0.02577053, 2.989419;1.066979, -0.02017954, 2.610575;1.049944, 0.1743639, 2.862324;1.011657, 0.1116254, 2.908741;1.070032, 0.1188371, 2.804453;1.055073, -0.3636361, 2.979131;1.143269, -0.3320132, 2.67811;1.066183, -0.726622, 2.990468;1.185525, -0.6976225, 2.600583;1.015372, -0.7897693, 2.971605;1.140508, -0.7735609, 2.56135;
1.05666, 0.870067, 2.925469;1.120838, 0.6557385, 2.896966;1.061856, 0.2544945, 2.864907;1.031466, 0.526948, 3.060511;1.159308, 0.5127253, 2.766693;0.9292796, -0.02627036, 2.987796;1.066822, -0.02014492, 2.61041;1.049901, 0.1744333, 2.862325;1.011617, 0.1116636, 2.908703;1.07, 0.1191124, 2.804472;1.055095, -0.3633938, 2.979225;1.143255, -0.3320166, 2.678102;1.065656, -0.7264763, 2.989377;1.185955, -0.6986294, 2.600897;1.013798, -0.7890334, 2.969905;1.140648, -0.7735546, 2.561408;
1.056498, 0.8697739, 2.924401;1.120601, 0.6555787, 2.897462;1.061746, 0.254353, 2.865016;1.031218, 0.5264184, 3.060137;1.159236, 0.5126237, 2.766555;0.9293025, -0.02635267, 2.987782;1.066378, -0.01991992, 2.609251;1.049814, 0.1742808, 2.862379;1.01156, 0.1115248, 2.908664;1.069978, 0.1190724, 2.804511;1.054963, -0.3633732, 2.97921;1.143247, -0.3319517, 2.678136;1.065367, -0.7250183, 2.988609;1.185988, -0.6991308, 2.601237;1.013823, -0.7886108, 2.969314;1.140875, -0.773989, 2.561867;
1.056852, 0.8699222, 2.924708;1.12058, 0.6556042, 2.897447;1.061717, 0.2543894, 2.865027;1.032093, 0.5276076, 3.059894;1.159222, 0.5123947, 2.766356;0.9295704, -0.02625439, 2.989178;1.065216, -0.02608614, 2.608869;1.049792, 0.1743092, 2.862386;1.011569, 0.1115374, 2.908668;1.069926, 0.1191163, 2.804507;1.054982, -0.3633016, 2.979127;1.143242, -0.3320018, 2.678108;1.065496, -0.7257723, 2.988394;1.185795, -0.7001287, 2.601316;1.01885, -0.7935493, 2.951689;1.140988, -0.7740316, 2.561933;
1.057023, 0.8699967, 2.925765;1.120517, 0.6555495, 2.897488;1.061701, 0.2543938, 2.865034;1.032206, 0.5285482, 3.059008;1.15929, 0.5126672, 2.766441;0.9291301, -0.02698207, 2.988153;1.065566, -0.02487263, 2.609401;1.049785, 0.1743141, 2.862386;1.011568, 0.1115216, 2.908658;1.069922, 0.1191569, 2.804497;1.055141, -0.3632721, 2.979144;1.143267, -0.3319031, 2.677989;1.065147, -0.7260441, 2.988213;1.186218, -0.6997271, 2.601918;1.020234, -0.7942155, 2.967679;1.14108, -0.7738463, 2.561867;
1.056913, 0.8696469, 2.925551;1.120482, 0.6552449, 2.897486;1.06163, 0.2542859, 2.865061;1.031383, 0.5261236, 3.059611;1.158932, 0.5124589, 2.766366;0.9291226, -0.02697973, 2.988147;1.065383, -0.02553475, 2.609661;1.049716, 0.1742231, 2.862406;1.011489, 0.1112317, 2.908714;1.069871, 0.1191342, 2.804479;1.05498, -0.3633295, 2.979316;1.143249, -0.3319788, 2.677953;1.065643, -0.7261701, 2.988583;1.18617, -0.7001241, 2.601711;1.014138, -0.7944489, 2.967461;1.141334, -0.7739529, 2.562032;
1.056613, 0.8693102, 2.922571;1.120585, 0.6552967, 2.89749;1.0616, 0.2542892, 2.865096;1.031317, 0.5259832, 3.059269;1.158265, 0.5121652, 2.766313;0.9291045, -0.02701755, 2.988133;1.065837, -0.02503362, 2.610012;1.049661, 0.174215, 2.86245;1.011466, 0.1110789, 2.908835;1.069699, 0.1191928, 2.804478;1.054987, -0.3635897, 2.979523;1.143106, -0.3311099, 2.677824;1.065947, -0.7269467, 2.988963;1.186329, -0.6998236, 2.60192;1.014807, -0.7928104, 2.968808;1.141248, -0.7734709, 2.562278;
1.055979, 0.8692936, 2.921351;1.120999, 0.6557537, 2.897751;1.061618, 0.2543003, 2.865104;1.031333, 0.5258303, 3.05953;1.158018, 0.5122624, 2.766178;0.9288473, -0.02709232, 2.987745;1.066546, -0.02298811, 2.611409;1.049666, 0.1742117, 2.862448;1.011528, 0.1110443, 2.908798;1.069688, 0.1192347, 2.804461;1.054796, -0.3636374, 2.979574;1.143078, -0.3311295, 2.677813;1.065679, -0.7248082, 2.989277;1.18665, -0.7000222, 2.602419;1.012996, -0.789646, 2.967552;1.141531, -0.7737509, 2.562607;
1.05521, 0.8688043, 2.920489;1.121, 0.6556016, 2.897698;1.061631, 0.2540739, 2.865169;1.031036, 0.524654, 3.060021;1.157797, 0.5120683, 2.766196;0.9290084, -0.02727043, 2.98746;1.066995, -0.02247133, 2.612358;1.049689, 0.1739375, 2.862527;1.011592, 0.1108735, 2.908823;1.069722, 0.1191066, 2.804563;1.054771, -0.3636299, 2.979551;1.143203, -0.3307635, 2.67826;1.065723, -0.7247765, 2.989254;1.186619, -0.7004343, 2.602222;1.013004, -0.7889047, 2.967375;1.141702, -0.773777, 2.562569;
1.055396, 0.8688087, 2.920651;1.121039, 0.6555646, 2.897696;1.061688, 0.2541632, 2.865195;1.030878, 0.524625, 3.060257;1.157818, 0.511969, 2.765876;0.9291204, -0.02729475, 2.987348;1.065123, -0.0237446, 2.612161;1.04976, 0.1740653, 2.862551;1.011621, 0.1108822, 2.908839;1.069811, 0.1192162, 2.804535;1.054809, -0.3636492, 2.979452;1.143392, -0.3314589, 2.678336;1.065536, -0.7238205, 2.990262;1.185982, -0.7005501, 2.60102;1.016948, -0.7899202, 2.95725;1.14175, -0.7738112, 2.562425;
1.055404, 0.8688377, 2.920163;1.120962, 0.6555856, 2.897569;1.06167, 0.2542959, 2.865081;1.030593, 0.5241284, 3.059161;1.157192, 0.5120959, 2.765974;0.9302683, -0.02056319, 2.989705;1.060107, -0.02374851, 2.610132;1.049758, 0.1742208, 2.862418;1.011645, 0.1108719, 2.90883;1.06974, 0.1194533, 2.804006;1.055207, -0.3642809, 2.979629;1.143299, -0.3313091, 2.678297;1.065599, -0.7246472, 2.990165;1.185943, -0.7006251, 2.601085;1.01454, -0.7929919, 2.965311;1.141206, -0.7738808, 2.562031;
1.056124, 0.8691831, 2.921486;1.120952, 0.6555979, 2.897606;1.061497, 0.2546564, 2.865309;1.032866, 0.5311345, 3.064774;1.157107, 0.5120319, 2.765879;0.9299725, -0.02244039, 2.985835;1.059842, -0.02371332, 2.609687;1.049544, 0.1746674, 2.862669;1.011618, 0.1111238, 2.909025;1.069288, 0.1199236, 2.804256;1.055111, -0.3642049, 2.979392;1.143279, -0.3312958, 2.678292;1.065202, -0.7246286, 2.989379;1.185746, -0.7019046, 2.600617;1.015337, -0.7964716, 2.945732;1.141354, -0.7739429, 2.562007;
1.055627, 0.8696761, 2.921913;1.120833, 0.6560836, 2.896928;1.061519, 0.2548974, 2.864992;1.031399, 0.5285165, 3.061788;1.157076, 0.5122021, 2.765748;0.9300169, -0.02238635, 2.986437;1.059279, -0.02393248, 2.609251;1.049588, 0.1748574, 2.862384;1.011627, 0.1111189, 2.908936;1.069445, 0.1201498, 2.803747;1.055295, -0.3641631, 2.979401;1.143362, -0.3315376, 2.67831;1.065267, -0.7251236, 2.989672;1.185726, -0.7006511, 2.600661;1.015675, -0.7970289, 2.952193;1.141299, -0.7737817, 2.562185;
1.055768, 0.8702546, 2.92345;1.120658, 0.6564194, 2.896834;1.061481, 0.2550232, 2.864985;1.030828, 0.5271387, 3.061742;1.156716, 0.5124055, 2.76588;0.9352314, -0.01132125, 2.998874;1.059441, -0.02360474, 2.609602;1.04957, 0.174938, 2.862379;1.011634, 0.1111248, 2.908944;1.069424, 0.1202583, 2.80371;1.055169, -0.3641339, 2.979196;1.14335, -0.3315908, 2.678261;1.064777, -0.7246116, 2.989236;1.185567, -0.7004941, 2.600378;1.015134, -0.7923527, 2.959062;1.138956, -0.7739564, 2.559067;
1.055627, 0.8702434, 2.923322;1.120612, 0.656457, 2.896908;1.06147, 0.2550152, 2.864929;1.030627, 0.5256538, 3.060118;1.156225, 0.5126691, 2.766368;0.9349907, -0.01066808, 2.997991;1.057079, -0.0238159, 2.60859;1.049565, 0.1749048, 2.862253;1.011727, 0.1110677, 2.908716;1.069399, 0.1202959, 2.803567;1.055635, -0.3643737, 2.979489;1.143278, -0.3317336, 2.678331;1.065179, -0.7245849, 2.989468;1.185527, -0.7003895, 2.600515;1.018094, -0.7922865, 2.953607;1.138659, -0.7739969, 2.558238;
1.055159, 0.8702021, 2.923744;1.120562, 0.6565075, 2.896862;1.061445, 0.2550426, 2.864905;1.029413, 0.5242074, 3.058704;1.155977, 0.5126783, 2.766223;0.9330735, -0.01405102, 2.995779;1.056305, -0.02305826, 2.608962;1.049548, 0.1749224, 2.862231;1.011704, 0.1110179, 2.908714;1.069389, 0.1203339, 2.803504;1.055747, -0.36421, 2.979312;1.142822, -0.3310161, 2.678306;1.06535, -0.7244882, 2.98963;1.185884, -0.6991016, 2.600837;1.016547, -0.7895031, 2.967974;1.138562, -0.7734982, 2.558266;
1.054824, 0.870536, 2.923841;1.120652, 0.6569949, 2.896974;1.061426, 0.2552228, 2.864784;1.029485, 0.5241218, 3.05872;1.155296, 0.5134801, 2.767014;0.9316958, -0.01746308, 2.992544;1.055123, -0.02308836, 2.607864;1.049518, 0.175065, 2.862062;1.01178, 0.1110469, 2.908548;1.069199, 0.1207179, 2.803182;1.055716, -0.3642773, 2.979343;1.142203, -0.3302447, 2.678014;1.065425, -0.7242209, 2.989636;1.185658, -0.6985903, 2.600868;1.017479, -0.7900734, 2.969303;1.138473, -0.7732646, 2.558584;
1.054176, 0.8703744, 2.92375;1.120527, 0.6569853, 2.896913;1.061336, 0.2551963, 2.864795;1.029681, 0.5251393, 3.059044;1.154738, 0.5136913, 2.76687;0.9311966, -0.01839954, 2.990591;1.054688, -0.02308586, 2.607423;1.049432, 0.1750261, 2.86208;1.011779, 0.1110596, 2.908539;1.069008, 0.1207729, 2.803342;1.055734, -0.3643391, 2.979332;1.142227, -0.330718, 2.677773;1.065296, -0.7241827, 2.989873;1.185646, -0.6985695, 2.600862;1.016588, -0.7893173, 2.969429;1.138371, -0.7731843, 2.558539;
1.053583, 0.8700898, 2.92353;1.120495, 0.6569159, 2.896826;1.061177, 0.2551777, 2.86469;1.029328, 0.5249227, 3.058904;1.15455, 0.5138548, 2.766943;0.9304487, -0.02056007, 2.98822;1.053767, -0.02543705, 2.604829;1.049237, 0.1750078, 2.861961;1.011579, 0.1110018, 2.908391;1.068817, 0.1207701, 2.803251;1.05593, -0.3650791, 2.979875;1.142084, -0.3306128, 2.677925;1.06538, -0.7241129, 2.989818;1.185438, -0.6987513, 2.600739;1.013737, -0.7897946, 2.968339;1.139571, -0.7734795, 2.559538;
1.05285, 0.8698534, 2.923976;1.120009, 0.6566824, 2.896075;1.060922, 0.2552676, 2.86459;1.029635, 0.5283014, 3.05805;1.15425, 0.5139177, 2.767123;0.9304457, -0.0205913, 2.988439;1.054017, -0.02594393, 2.604991;1.049002, 0.175123, 2.861919;1.011491, 0.1111118, 2.908323;1.068401, 0.1210299, 2.803394;1.055934, -0.3649999, 2.979866;1.141975, -0.3300751, 2.677875;1.065704, -0.7252895, 2.989579;1.185319, -0.6986626, 2.600692;1.01318, -0.7906238, 2.968194;1.139913, -0.7731839, 2.559904;
1.0499, 0.8693873, 2.922729;1.119213, 0.6570029, 2.89615;1.060686, 0.2553483, 2.864411;1.028282, 0.5267549, 3.058418;1.154203, 0.5138826, 2.767174;0.9313684, -0.01552016, 2.990737;1.06085, -0.01962508, 2.607779;1.048831, 0.1751684, 2.861708;1.011253, 0.1110755, 2.908036;1.06838, 0.1210727, 2.803189;1.055932, -0.3650412, 2.979908;1.141951, -0.3298164, 2.677712;1.064952, -0.7249955, 2.98963;1.184918, -0.6985372, 2.600333;1.016487, -0.7902028, 2.950283;1.139805, -0.7731434, 2.559914;
1.04908, 0.8659776, 2.923334;1.118746, 0.6570995, 2.896133;1.060438, 0.2552, 2.864223;1.025668, 0.5229254, 3.057314;1.153859, 0.5139256, 2.767248;0.9316462, -0.01382904, 2.991781;1.06072, -0.01966375, 2.607732;1.048612, 0.1749469, 2.861467;1.010935, 0.1106392, 2.907719;1.068323, 0.1209153, 2.802949;1.055486, -0.3643618, 2.979514;1.141564, -0.3301599, 2.677576;1.065526, -0.7231609, 2.988647;1.184107, -0.6994088, 2.599617;1.015669, -0.7871089, 2.954023;1.139897, -0.7733103, 2.560106;
1.048214, 0.8630367, 2.924525;1.118117, 0.657231, 2.895616;1.060095, 0.2550395, 2.863888;1.024554, 0.5199985, 3.055803;1.153367, 0.5142272, 2.767455;0.9317911, -0.01398847, 2.992259;1.060714, -0.01969463, 2.607745;1.048324, 0.1747266, 2.861153;1.010683, 0.1103868, 2.907331;1.068211, 0.1208746, 2.802829;1.05335, -0.3629615, 2.977888;1.140203, -0.3302853, 2.676702;1.064725, -0.7222691, 2.987742;1.183985, -0.6995353, 2.599555;1.015598, -0.7868761, 2.956094;1.139555, -0.7732528, 2.560264;
1.044194, 0.8621371, 2.922836;1.116417, 0.6570942, 2.894811;1.059973, 0.2550427, 2.863835;1.024185, 0.5198399, 3.055793;1.15322, 0.514403, 2.767407;0.9302771, -0.01571055, 2.995753;1.06085, -0.01651247, 2.607476;1.048305, 0.1747284, 2.861147;1.010673, 0.1103822, 2.90732;1.068252, 0.1208948, 2.80286;1.051651, -0.3630475, 2.97809;1.136754, -0.3315912, 2.675005;1.064681, -0.7233357, 2.98742;1.183557, -0.7005725, 2.599174;1.015723, -0.7865142, 2.959985;1.140298, -0.7738016, 2.561175;
1.038552, 0.8573075, 2.920531;1.115446, 0.6570987, 2.894845;1.059369, 0.2551532, 2.865011;1.021825, 0.5179939, 3.059189;1.152719, 0.5146421, 2.767437;0.9286346, -0.01894677, 3.001411;1.061265, -0.01576317, 2.60735;1.047813, 0.1748588, 2.862745;1.010136, 0.1103888, 2.909277;1.06807, 0.1208193, 2.804826;1.048449, -0.3635227, 2.977822;1.128173, -0.3345584, 2.670018;1.064148, -0.7235404, 2.987042;1.183187, -0.701434, 2.598948;1.014407, -0.7860273, 2.960525;1.141117, -0.7743373, 2.561925;
1.030982, 0.8547694, 2.921738;1.111951, 0.6557845, 2.893611;1.059032, 0.2551003, 2.865314;1.021167, 0.5178894, 3.05941;1.151653, 0.5151008, 2.767908;0.9263027, -0.01894966, 3.002854;1.060917, -0.01438163, 2.606043;1.047679, 0.1748759, 2.863189;1.010123, 0.1103797, 2.909861;1.068142, 0.1207775, 2.805491;1.040657, -0.3636737, 2.977223;1.119587, -0.341197, 2.667067;1.064233, -0.7236502, 2.986834;1.181649, -0.7033112, 2.598134;1.015779, -0.7892339, 2.950212;1.13573, -0.7774637, 2.550531;
1.027829, 0.8506359, 2.920622;1.108404, 0.6540697, 2.891434;1.057675, 0.256218, 2.867328;1.019395, 0.5166495, 3.061213;1.150346, 0.5149402, 2.768188;0.9208752, -0.02907742, 3.003036;1.05848, -0.01568021, 2.603493;1.046551, 0.176906, 2.866651;1.008662, 0.1099445, 2.91888;1.067624, 0.1206517, 2.806444;1.034619, -0.3638516, 2.974687;1.109388, -0.341281, 2.664388;1.063467, -0.725282, 2.986799;1.179105, -0.7079105, 2.596761;1.009171, -0.7875882, 2.957104;1.135312, -0.7771841, 2.552262;
1.026216, 0.8473949, 2.919647;1.103316, 0.6520411, 2.892995;1.05642, 0.2565562, 2.870466;1.016437, 0.5145967, 3.064758;1.149051, 0.5143411, 2.768411;0.9167367, -0.03276785, 3.00615;1.057346, -0.01563673, 2.602158;1.046074, 0.1775739, 2.870122;1.008558, 0.1086184, 2.923717;1.067543, 0.1201555, 2.808394;1.023071, -0.365787, 2.972508;1.098721, -0.3432454, 2.657537;1.06277, -0.7257894, 2.987042;1.178454, -0.7081934, 2.59762;1.004674, -0.7895498, 2.962394;1.135764, -0.7764355, 2.555211;
1.01345, 0.8388796, 2.923535;1.09515, 0.6469661, 2.889454;1.055429, 0.2560195, 2.872358;1.014889, 0.5141247, 3.065464;1.146651, 0.5132774, 2.769033;0.9140672, -0.03439912, 3.005306;1.056823, -0.01593006, 2.601257;1.045816, 0.1773503, 2.87295;1.009026, 0.1063102, 2.929421;1.067694, 0.1185598, 2.810894;1.009123, -0.3643809, 2.969394;1.09396, -0.3441699, 2.654584;1.062584, -0.7260415, 2.986979;1.175233, -0.7058444, 2.59598;1.00607, -0.7911816, 2.964334;1.135435, -0.7759937, 2.555682;
0.9960638, 0.8256204, 2.913216;1.089698, 0.6424465, 2.891636;1.054869, 0.2534619, 2.875549;1.008521, 0.5052527, 3.06867;1.141291, 0.5054619, 2.767437;0.9005816, -0.03829688, 2.990993;1.053474, -0.01768662, 2.599487;1.046437, 0.1750984, 2.876335;1.010589, 0.1021076, 2.934421;1.069424, 0.1137036, 2.813623;0.9981449, -0.3671941, 2.965212;1.090382, -0.3450144, 2.652968;1.061572, -0.7268733, 2.985693;1.174324, -0.7107604, 2.595937;1.007677, -0.7915633, 2.966548;1.135351, -0.7759377, 2.555885;
0.9879273, 0.8103363, 2.904307;1.079788, 0.6291245, 2.88958;1.054659, 0.2502953, 2.877073;1.005976, 0.5026163, 3.071972;1.135626, 0.4941828, 2.766667;0.8996022, -0.03915062, 2.990362;1.049369, -0.02133756, 2.597868;1.047412, 0.1728455, 2.878113;1.013104, 0.09759101, 2.937505;1.071377, 0.1099795, 2.814866;0.9932978, -0.3666773, 2.964383;1.084232, -0.3467703, 2.650098;1.060518, -0.7283933, 2.98557;1.172967, -0.7126379, 2.594802;1.008111, -0.7917947, 2.967098;1.135503, -0.7762485, 2.556841;
0.9728432, 0.7944025, 2.904895;1.06919, 0.6169288, 2.888264;1.054237, 0.2424152, 2.877916;1.000308, 0.4915339, 3.072381;1.132461, 0.4897755, 2.766487;0.8958981, -0.0382069, 2.992039;1.041916, -0.02616841, 2.5935;1.049154, 0.1662245, 2.879256;1.016508, 0.08765313, 2.940921;1.075838, 0.1001682, 2.813058;0.9877819, -0.3663826, 2.962029;1.078922, -0.3472231, 2.647523;1.06066, -0.7291038, 2.985485;1.170424, -0.7098433, 2.592936;1.010276, -0.7920847, 2.969376;1.135209, -0.7761077, 2.557266;
0.9471008, 0.7694131, 2.901096;1.059175, 0.6031192, 2.884966;1.054345, 0.2381388, 2.878889;0.9913467, 0.4791031, 3.071004;1.127238, 0.482067, 2.764413;0.8820489, -0.06370874, 2.992193;1.038594, -0.02862462, 2.590359;1.050806, 0.1630728, 2.880719;1.019791, 0.08142039, 2.945777;1.079794, 0.09491789, 2.812729;0.9819355, -0.3666582, 2.961037;1.076365, -0.3487424, 2.647713;1.060047, -0.729185, 2.98529;1.170354, -0.7102404, 2.592793;1.012305, -0.7937146, 2.972047;1.135652, -0.776067, 2.557884;
0.9302325, 0.7489779, 2.894274;1.052457, 0.5933259, 2.886921;1.056123, 0.2271365, 2.882599;0.9783713, 0.4526494, 3.06127;1.120485, 0.4742767, 2.763323;0.8645453, -0.08325366, 2.99833;1.040423, -0.029925, 2.592738;1.055658, 0.1525016, 2.885188;1.02609, 0.06970204, 2.953404;1.088114, 0.08259997, 2.81398;0.9782483, -0.3677863, 2.960423;1.07192, -0.3510857, 2.645766;1.05826, -0.7299101, 2.984826;1.170558, -0.7117254, 2.593121;1.012665, -0.7935268, 2.971906;1.134888, -0.7763934, 2.558024;
0.9161456, 0.7280711, 2.889567;1.042947, 0.5795959, 2.889362;1.05766, 0.2178365, 2.884833;0.9770086, 0.4516243, 3.060749;1.115894, 0.4663199, 2.760662;0.8607807, -0.08828004, 2.991809;1.035692, -0.03487284, 2.589941;1.059433, 0.144128, 2.887541;1.030376, 0.06322666, 2.954819;1.093602, 0.07611986, 2.816119;0.976005, -0.3679844, 2.960069;1.069151, -0.3538564, 2.642386;1.058116, -0.7299856, 2.984833;1.169228, -0.712292, 2.591245;1.013017, -0.7941421, 2.972218;1.135214, -0.7769608, 2.559095;
0.8976407, 0.7036675, 2.889364;1.031517, 0.5617269, 2.884166;1.060335, 0.2046863, 2.886589;0.9610286, 0.427324, 3.052634;1.106473, 0.4507512, 2.754246;0.8592281, -0.08829712, 2.988938;1.022061, -0.07208046, 2.582804;1.065167, 0.1316223, 2.890521;1.037553, 0.05250672, 2.958041;1.103737, 0.06357567, 2.820841;0.9737757, -0.3694398, 2.959748;1.068286, -0.3543174, 2.64212;1.058578, -0.7329568, 2.98534;1.169294, -0.7131993, 2.590162;1.013203, -0.7942381, 2.97261;1.135062, -0.7770766, 2.559385;
0.8736302, 0.6698451, 2.877083;1.01004, 0.5408914, 2.896466;1.061784, 0.189979, 2.892309;0.9509097, 0.4086208, 3.050821;1.094104, 0.4383656, 2.751598;0.8566166, -0.09033224, 2.986158;1.017326, -0.07345498, 2.580819;1.07038, 0.1179822, 2.895687;1.046252, 0.04053624, 2.961747;1.111548, 0.05304662, 2.825789;0.9726994, -0.3709332, 2.959887;1.065697, -0.3546737, 2.640896;1.05929, -0.7335781, 2.987793;1.169162, -0.7133231, 2.590088;1.014757, -0.7946944, 2.97327;1.134445, -0.7771552, 2.559486;
0.8646911, 0.6595754, 2.862819;1.000118, 0.5301086, 2.892324;1.063705, 0.1797216, 2.894207;0.942119, 0.398892, 3.048691;1.081108, 0.4229662, 2.751148;0.8486614, -0.09445889, 2.984452;1.014013, -0.07264895, 2.579777;1.075384, 0.1078456, 2.898506;1.055516, 0.02938287, 2.966264;1.119829, 0.0432727, 2.82924;0.9720507, -0.3714645, 2.960363;1.06579, -0.3547072, 2.640679;1.059826, -0.7342741, 2.988151;1.166959, -0.711975, 2.589433;1.014702, -0.7948404, 2.972723;1.134809, -0.7774569, 2.560949;
0.82675, 0.6270529, 2.847776;0.9730569, 0.502939, 2.879589;1.064776, 0.16944, 2.893231;0.9266645, 0.3764363, 3.036415;1.07058, 0.4124772, 2.751261;0.8210053, -0.1622204, 2.977525;1.010911, -0.08018396, 2.581609;1.079661, 0.09951764, 2.898473;1.064581, 0.01839085, 2.969791;1.128902, 0.03486, 2.827735;0.9716731, -0.3748386, 2.962072;1.071063, -0.3676405, 2.638742;1.059345, -0.7336611, 2.988039;1.168318, -0.7146264, 2.590026;1.013857, -0.7949102, 2.971915;1.134698, -0.7777498, 2.561144;
0.818427, 0.6046472, 2.83858;0.9584581, 0.4753318, 2.876206;1.067129, 0.1598546, 2.892743;0.9163542, 0.3605492, 3.034095;1.060138, 0.3974557, 2.748703;0.8182487, -0.1635669, 2.976221;0.970024, -0.1591978, 2.569695;1.085254, 0.09301504, 2.898716;1.076475, 0.008663873, 2.974082;1.141753, 0.02807894, 2.825947;0.9718326, -0.381362, 2.963978;1.072043, -0.3697639, 2.639081;1.059415, -0.7337424, 2.987866;1.168426, -0.7147611, 2.589924;1.013991, -0.7949197, 2.972415;1.132421, -0.7777895, 2.560087;
0.7918264, 0.5693397, 2.821216;0.9411826, 0.4471995, 2.863839;1.068005, 0.1527643, 2.892267;0.8955413, 0.3292627, 3.016595;1.046337, 0.3750118, 2.742429;0.8143626, -0.168481, 2.969127;0.9417811, -0.2239308, 2.563416;1.088666, 0.08910182, 2.89946;1.081552, 0.006171954, 2.976242;1.149118, 0.02641378, 2.828147;0.9772525, -0.3837262, 2.967568;1.075195, -0.3721964, 2.639489;1.059376, -0.7335267, 2.987467;1.168485, -0.7173512, 2.588814;1.013885, -0.7948892, 2.971687;1.132275, -0.7780689, 2.559984;
0.7734885, 0.5324332, 2.815166;0.9218293, 0.4120593, 2.854322;1.071935, 0.1159303, 2.883686;0.8892763, 0.3165684, 3.006168;1.033812, 0.3566595, 2.731404;0.8043807, -0.2221973, 2.966102;0.9479719, -0.2199016, 2.563128;1.100596, 0.05741549, 2.893097;1.09951, -0.01713801, 2.960635;1.15778, 0.01339147, 2.831738;0.9767916, -0.4000829, 2.97396;1.078892, -0.3764856, 2.640034;1.05941, -0.7334281, 2.987474;1.168616, -0.7173068, 2.588993;1.013223, -0.7947575, 2.971403;1.132427, -0.7777795, 2.56;
0.7448367, 0.4913514, 2.807582;0.9117271, 0.3868353, 2.850106;1.077164, 0.09945239, 2.882951;0.8804499, 0.266304, 2.993357;1.025522, 0.3419366, 2.727458;0.8004261, -0.2219789, 2.954844;0.944382, -0.2469244, 2.563344;1.109811, 0.04022525, 2.892891;1.111586, -0.03089952, 2.959901;1.174391, -0.008536776, 2.834899;0.978353, -0.4091585, 2.97929;1.082395, -0.3783987, 2.640363;1.059938, -0.7322702, 2.987415;1.167784, -0.7161012, 2.589148;1.0139, -0.7943161, 2.970264;1.132797, -0.7774197, 2.560184;
0.7320597, 0.454391, 2.786674;0.8970177, 0.3419876, 2.844044;1.08322, 0.09638721, 2.883118;0.8698112, 0.2387203, 2.987872;1.00877, 0.3026887, 2.719813;0.7862728, -0.262393, 2.947217;0.934805, -0.2797331, 2.561391;1.120617, 0.04067726, 2.893871;1.133967, -0.02973709, 2.967615;1.197213, -3.49984E-05, 2.83315;0.9857416, -0.402615, 2.981769;1.091351, -0.3883044, 2.638983;1.060806, -0.7323422, 2.98841;1.167783, -0.7155729, 2.589259;1.013821, -0.7936072, 2.970148;1.133548, -0.7775897, 2.561926;
0.7342809, 0.4289158, 2.772461;0.8939691, 0.3247522, 2.82833;1.082752, 0.07846543, 2.879983;0.8671575, 0.2110535, 2.976739;1.00466, 0.2822119, 2.717407;0.7840171, -0.26997, 2.941899;0.926617, -0.3095316, 2.556943;1.120522, 0.02910789, 2.89334;1.133446, -0.04322354, 2.975666;1.198854, -0.02343735, 2.828766;0.9841838, -0.415594, 2.985866;1.110222, -0.4056216, 2.63889;1.060214, -0.7302127, 2.988278;1.16728, -0.7146139, 2.589359;1.013943, -0.7934437, 2.969912;1.133903, -0.777422, 2.562325;
0.7246528, 0.3852347, 2.754189;0.8813839, 0.2891799, 2.816725;1.067383, 0.02282936, 2.877386;0.8667922, 0.1613788, 2.964797;0.9995015, 0.2574344, 2.706871;0.7787773, -0.3110681, 2.937778;0.9240023, -0.3227537, 2.555344;1.1049, -0.02954577, 2.893346;1.120379, -0.09920125, 2.976777;1.180431, -0.08694711, 2.835627;0.9641539, -0.4671237, 2.994935;1.109518, -0.430658, 2.627061;1.063343, -0.7285695, 2.989876;1.162583, -0.7382115, 2.576446;1.013901, -0.7929381, 2.969484;1.119597, -0.7967892, 2.55519;
0.7208903, 0.3569097, 2.74902;0.8783525, 0.270524, 2.808299;1.067884, 0.02266305, 2.87689;0.863765, 0.1562715, 2.958984;0.9951705, 0.2425462, 2.700169;0.7753755, -0.3272726, 2.938767;0.9123551, -0.369868, 2.545926;1.105718, -0.02911086, 2.89299;1.121952, -0.09815747, 2.977699;1.183956, -0.0848024, 2.834635;0.967337, -0.4661555, 2.995218;1.111824, -0.4295337, 2.62964;1.06194, -0.7298646, 2.98931;1.164955, -0.7367077, 2.580375;1.012215, -0.793005, 2.969689;1.121413, -0.7929899, 2.554825;
0.7105214, 0.3183869, 2.74139;0.8747419, 0.2388184, 2.792975;1.07505, 0.009877407, 2.880115;0.8426582, 0.1459715, 2.951431;0.9921514, 0.2036321, 2.691289;0.7605097, -0.374658, 2.930807;0.9061136, -0.3843627, 2.548796;1.114852, -0.03913493, 2.899509;1.1228, -0.09835172, 2.981384;1.201385, -0.0930912, 2.848623;0.9693928, -0.4666262, 2.995309;1.119055, -0.4298533, 2.63476;1.059719, -0.7283302, 2.98892;1.168984, -0.7369949, 2.585574;1.009324, -0.7939352, 2.968994;1.124323, -0.7813869, 2.543773;
0.7112878, 0.2894697, 2.734679;0.8738827, 0.2161145, 2.785644;1.102225, -0.03856227, 2.876644;0.8395196, 0.09218631, 2.943642;0.989305, 0.181823, 2.685709;0.7590475, -0.3875554, 2.930722;0.8961525, -0.4102282, 2.542759;1.14797, -0.08746143, 2.899008;1.148326, -0.1403863, 2.942235;1.205157, -0.09646026, 2.866677;0.9547073, -0.481496, 3.003434;1.119618, -0.4365414, 2.633621;1.059986, -0.7277219, 2.988102;1.170403, -0.7430642, 2.586013;1.010619, -0.7959257, 2.950608;1.122337, -0.7824039, 2.542935;
0.6982134, 0.2739916, 2.721497;0.8632848, 0.1873017, 2.776345;1.082339, -0.04680847, 2.876112;0.8358771, 0.07328267, 2.94134;0.9857929, 0.156981, 2.683506;0.7617125, -0.4350292, 2.936176;0.8914329, -0.4332392, 2.539905;1.124159, -0.09444917, 2.899514;1.122126, -0.1553063, 2.982481;1.198107, -0.1341996, 2.858132;0.9344504, -0.50603, 2.996808;1.124421, -0.4651048, 2.62711;1.060265, -0.7299047, 2.98707;1.175153, -0.771303, 2.585345;1.00897, -0.7942411, 2.957917;1.114107, -0.7795346, 2.541612;
0.6973286, 0.2350868, 2.706681;0.8616853, 0.1594448, 2.769533;1.068673, -0.06529292, 2.865799;0.839752, 0.0397712, 2.913805;0.9870327, 0.131782, 2.681589;0.758645, -0.4488719, 2.935776;0.8986172, -0.4132518, 2.538814;1.109807, -0.1104595, 2.888705;1.118574, -0.1671198, 2.971821;1.186914, -0.1512172, 2.847364;0.9256443, -0.5126658, 3.000788;1.12088, -0.4798493, 2.618218;1.059494, -0.7286298, 2.986406;1.173657, -0.7851117, 2.57797;1.009817, -0.7935852, 2.959576;1.107558, -0.7738491, 2.543287;
0.697332, 0.2276777, 2.70603;0.8599224, 0.1403582, 2.762235;1.066438, -0.0773039, 2.860997;0.8427802, 0.007946313, 2.917035;0.9893116, 0.102161, 2.67537;0.7593497, -0.4862105, 2.925753;0.8906277, -0.4363168, 2.534722;1.10767, -0.1210713, 2.884291;1.118921, -0.1824127, 2.966284;1.186134, -0.1594223, 2.843223;0.916476, -0.5209397, 3.000951;1.11903, -0.4874626, 2.614726;1.059453, -0.7306222, 2.987866;1.173871, -0.7917877, 2.575619;1.015513, -0.7963094, 2.97456;1.108066, -0.770613, 2.545474;
0.6833155, 0.1860144, 2.693351;0.8484045, 0.1148077, 2.751881;1.076543, -0.09153104, 2.868707;0.8428519, 0.0007082783, 2.901049;0.9894755, 0.09097531, 2.673339;0.757328, -0.4994727, 2.930408;0.8708068, -0.527877, 2.53216;1.123765, -0.1358107, 2.896813;1.121112, -0.1834311, 2.966254;1.202963, -0.1623171, 2.867113;0.9164225, -0.5206293, 2.997134;1.119195, -0.4795396, 2.622251;1.059274, -0.7343178, 2.988207;1.179794, -0.7822424, 2.586662;1.014373, -0.7956321, 2.973232;1.115311, -0.7768407, 2.548117;
0.6887767, 0.1626392, 2.687577;0.848366, 0.09182812, 2.749128;1.05484, -0.1452452, 2.842567;0.8427745, -0.04275126, 2.908275;0.9879435, 0.06183255, 2.670921;0.7512239, -0.5361954, 2.924535;0.8748949, -0.5485849, 2.524238;1.096139, -0.1904985, 2.864992;1.108068, -0.2523369, 2.939405;1.172176, -0.2250495, 2.827083;0.969, -0.5042787, 2.983095;1.115441, -0.4849062, 2.621428;1.073533, -0.750266, 3.003031;1.165788, -0.7122089, 2.588197;1.013911, -0.7938793, 2.972727;1.129179, -0.7784188, 2.557158;
0.690828, 0.1373598, 2.686841;0.8451856, 0.07000697, 2.746943;1.059091, -0.1449089, 2.845835;0.8495966, -0.0483392, 2.873738;0.9888232, 0.04786831, 2.668766;0.7393717, -0.5769937, 2.919221;0.8751674, -0.5617986, 2.513281;1.10319, -0.1880818, 2.870327;1.112622, -0.2476741, 2.942;1.183347, -0.2136006, 2.838808;0.9696129, -0.5044426, 2.983028;1.109632, -0.499956, 2.621606;1.07108, -0.7599366, 2.994116;1.170166, -0.7191894, 2.590204;1.009665, -0.7960604, 2.970276;1.129055, -0.7785848, 2.557124;
0.6868659, 0.1205921, 2.681238;0.839924, 0.05335719, 2.738225;1.069771, -0.1784299, 2.838155;0.8452332, -0.07840722, 2.886533;0.9840556, 0.006072419, 2.660719;0.7545254, -0.5669388, 2.926646;0.8626457, -0.5689416, 2.523495;1.1173, -0.2262758, 2.861843;1.118071, -0.2775073, 2.912543;1.184915, -0.2331568, 2.839005;0.970345, -0.5090955, 2.982379;1.104421, -0.5070132, 2.622045;1.079793, -0.7788464, 2.996633;1.173264, -0.7228729, 2.592988;1.01114, -0.7953885, 2.971257;1.128179, -0.7787395, 2.55628;
0.6876668, 0.09709293, 2.677812;0.8397838, 0.03580223, 2.735214;1.069063, -0.18233, 2.836586;0.8337302, -0.1256105, 2.930232;0.9861189, -0.009557512, 2.656539;0.7592648, -0.5931334, 2.932071;0.8685346, -0.6267617, 2.520652;1.116314, -0.2282166, 2.860554;1.117162, -0.2825436, 2.911234;1.185318, -0.2382132, 2.837421;0.9640111, -0.5296428, 2.981306;1.108042, -0.5662543, 2.620779;1.083888, -0.7860366, 2.987524;1.173477, -0.7236277, 2.592117;1.011194, -0.7983051, 2.974075;1.128768, -0.7788534, 2.557023;
0.6857114, 0.07487958, 2.675119;0.8387368, 0.01050101, 2.728487;1.068558, -0.1991846, 2.83342;0.8625826, -0.1239437, 2.858756;0.986559, -0.01703606, 2.6563;0.7560279, -0.6182262, 2.92895;0.8772119, -0.6328875, 2.507788;1.115209, -0.2412716, 2.858031;1.11918, -0.2986096, 2.917088;1.185668, -0.2592807, 2.827587;0.9561276, -0.5483919, 2.979779;1.107931, -0.5663802, 2.620271;1.081119, -0.8008335, 2.98122;1.175643, -0.7257844, 2.593651;0.9798827, -0.8056189, 2.975681;1.130696, -0.7797559, 2.558434;
0.6835607, 0.06284703, 2.673932;0.8381809, 0.004278681, 2.727752;1.072054, -0.2157279, 2.836992;0.8606291, -0.1236284, 2.856253;0.9885224, -0.03649713, 2.657656;0.7538678, -0.6325279, 2.92481;0.8773503, -0.6344033, 2.507369;1.119505, -0.2603926, 2.862814;1.117724, -0.3078397, 2.91316;1.186424, -0.2701081, 2.83951;0.9495449, -0.5584751, 2.977587;1.107254, -0.5675957, 2.619792;1.075663, -0.8112644, 2.977116;1.17619, -0.7274481, 2.59422;0.9741634, -0.8076103, 2.975228;1.130771, -0.780557, 2.559047;
0.6774528, 0.03282723, 2.666625;0.8332894, -0.02185182, 2.71995;1.079691, -0.2176421, 2.833629;0.8650579, -0.1753446, 2.854897;0.9867786, -0.05411795, 2.659518;0.7490992, -0.6717684, 2.92678;0.888303, -0.6353428, 2.493457;1.130589, -0.2593628, 2.858864;1.145084, -0.3136302, 2.919059;1.20976, -0.2666402, 2.827851;0.9705833, -0.5716097, 2.975751;1.105892, -0.5675349, 2.618767;1.098413, -0.8250157, 2.973841;1.175786, -0.7271556, 2.593942;0.9976297, -0.812631, 2.975428;1.130901, -0.7809422, 2.559453;
0.6914216, 0.01871474, 2.673531;0.8434609, -0.04606526, 2.726123;1.065196, -0.2877134, 2.802262;0.8637843, -0.1784561, 2.859275;0.9884583, -0.06711959, 2.662307;0.7531798, -0.6663992, 2.925839;0.8916675, -0.6581991, 2.483236;1.108809, -0.334296, 2.820488;1.108441, -0.3831292, 2.860659;1.169963, -0.3503868, 2.798432;0.972772, -0.5729641, 2.974931;1.148486, -0.709445, 2.617346;1.100412, -0.8262151, 2.972991;1.174901, -0.7261786, 2.593677;0.9998816, -0.8122233, 2.975736;1.129754, -0.7809222, 2.558794;
0.6825206, 0.0007910575, 2.674836;0.8420069, -0.05108379, 2.727288;1.057637, -0.2837459, 2.800668;0.8401884, -0.1982339, 2.914362;0.9890092, -0.07381193, 2.660661;0.7325569, -0.7360946, 2.924517;0.8918645, -0.6590136, 2.483095;1.099006, -0.3280995, 2.818138;1.104394, -0.3817376, 2.862396;1.165563, -0.3478806, 2.794106;0.9728594, -0.5750276, 2.974339;1.148485, -0.7096546, 2.617227;1.100443, -0.8281784, 2.972375;1.17385, -0.7250121, 2.593554;1.000165, -0.8130317, 2.976942;1.128635, -0.7813716, 2.557931;
0.6824165, -0.003469035, 2.675076;0.8425333, -0.05533012, 2.72509;1.052097, -0.2866633, 2.798182;0.8412219, -0.1990019, 2.912181;0.9852397, -0.09162425, 2.659659;0.7599959, -0.6674822, 2.926606;0.8926827, -0.6627508, 2.481448;1.092347, -0.331674, 2.815724;1.094585, -0.3864921, 2.863949;1.157178, -0.3534992, 2.787459;0.9741372, -0.5818517, 2.974946;1.107659, -0.7100294, 2.60803;1.101625, -0.8348345, 2.972903;1.400009, -0.7712472, 2.638045;1.001606, -0.8175981, 2.979301;1.302397, -0.7750783, 2.609777;
0.6787085, -0.01971779, 2.671059;0.8402544, -0.0618095, 2.724876;1.049251, -0.2881753, 2.79768;0.8403646, -0.2014917, 2.911393;0.9795294, -0.1109121, 2.652337;0.7594492, -0.6732056, 2.925186;0.8930932, -0.6672734, 2.478125;1.089896, -0.3328121, 2.81531;1.093012, -0.3874513, 2.865487;1.154617, -0.3550543, 2.785211;0.9736743, -0.585587, 2.975404;1.153357, -0.7155851, 2.612793;1.101131, -0.8385508, 2.973352;1.162, -0.720984, 2.590755;1.001529, -0.8178686, 2.97862;1.127078, -0.7819855, 2.558868;
0.6779898, -0.02070114, 2.670794;0.8408728, -0.0718642, 2.727608;1.013239, -0.3359948, 2.772423;0.8307902, -0.2325168, 2.932063;0.9760004, -0.1157422, 2.652773;0.7601944, -0.6765099, 2.925985;0.8944783, -0.6654348, 2.475482;1.047565, -0.386435, 2.784149;1.055238, -0.4459476, 2.83887;1.109349, -0.4289854, 2.742639;0.971953, -0.597674, 2.97393;1.140412, -0.8569677, 2.572319;1.099366, -0.8506415, 2.971842;1.191559, -0.5747486, 2.644434;1.001888, -0.8208342, 2.976554;1.163484, -0.665441, 2.607027;
0.6789453, -0.0206701, 2.669711;0.8406286, -0.07874817, 2.727024;1.010827, -0.3314658, 2.770531;0.8301705, -0.2350001, 2.931564;0.9760519, -0.1204032, 2.651902;0.7607158, -0.6788864, 2.926406;0.8959945, -0.6633685, 2.475238;1.044078, -0.3791326, 2.781754;1.061739, -0.445339, 2.856872;1.111809, -0.4316933, 2.7189;0.9736245, -0.5878766, 2.971313;1.139615, -0.8547827, 2.571432;1.10102, -0.840828, 2.969232;1.193117, -0.574041, 2.646181;1.001823, -0.8169304, 2.974981;1.16496, -0.6650052, 2.609073;
0.6809868, -0.01997971, 2.670267;0.8410468, -0.07999566, 2.727693;1.017594, -0.3324115, 2.778738;0.8313525, -0.2366095, 2.931683;0.9757001, -0.1216257, 2.65165;0.7593548, -0.682309, 2.925206;0.8967243, -0.6628585, 2.474245;1.054134, -0.3813277, 2.793797;1.073922, -0.4472408, 2.872755;1.126384, -0.4367137, 2.739915;0.9750041, -0.590751, 2.972452;1.162547, -0.8449216, 2.597588;1.102391, -0.8436986, 2.970393;1.170057, -0.5468473, 2.626391;1.003795, -0.8165287, 2.974864;1.152669, -0.6440506, 2.599398;
0.6754098, -0.02023926, 2.66843;0.8388975, -0.08038458, 2.726463;1.01357, -0.2854109, 2.800431;0.832751, -0.2422043, 2.931319;0.9744528, -0.1217169, 2.653704;0.750243, -0.7149854, 2.925337;0.8966288, -0.6622368, 2.47379;1.050016, -0.3261426, 2.819421;1.077479, -0.3962105, 2.911366;1.126154, -0.3718576, 2.766747;0.974957, -0.5929092, 2.973158;1.156406, -0.7343973, 2.610484;1.102341, -0.8458577, 2.97114;1.163727, -0.4370851, 2.642656;1.00415, -0.8170397, 2.974921;1.153423, -0.5362424, 2.619247;
0.6767232, -0.02082788, 2.668239;0.8387963, -0.0805492, 2.726113;1.027585, -0.3419169, 2.777385;0.8327961, -0.2424595, 2.931759;0.9743183, -0.121722, 2.654135;0.7491478, -0.7144585, 2.924843;0.8965213, -0.6621175, 2.473881;1.065572, -0.3938182, 2.791657;1.068365, -0.4487188, 2.837434;1.127457, -0.42729, 2.761379;0.9750345, -0.5953939, 2.973623;1.160893, -0.7816555, 2.58783;1.102415, -0.8483438, 2.971635;1.168212, -0.4844582, 2.620012;1.004528, -0.8182787, 2.974322;1.154729, -0.5840524, 2.600207;
0.6790838, -0.0252033, 2.670576;0.8390493, -0.08424132, 2.727483;1.025538, -0.3404568, 2.77768;0.8336858, -0.247378, 2.93628;0.9742686, -0.1220901, 2.65414;0.7477712, -0.7204705, 2.92419;0.8965219, -0.6621565, 2.473777;1.062158, -0.3907933, 2.791687;1.067082, -0.447682, 2.838749;1.125087, -0.4256752, 2.75982;0.9746081, -0.5962976, 2.974057;1.155703, -0.779537, 2.585957;1.101987, -0.8492482, 2.9721;1.163018, -0.4824711, 2.618145;1.004848, -0.8166978, 2.973764;1.151484, -0.5825146, 2.599262;
0.6810537, -0.02197855, 2.674282;0.8379274, -0.08442023, 2.727504;1.020986, -0.3365197, 2.777029;0.8324772, -0.2461057, 2.934948;0.9746622, -0.1239544, 2.654664;0.7468734, -0.7182416, 2.923479;0.892332, -0.6745409, 2.472725;1.057037, -0.3859091, 2.790594;1.065611, -0.4463531, 2.846006;1.121908, -0.4252598, 2.750315;0.9728918, -0.5966982, 2.97429;1.15476, -0.7821748, 2.585373;1.100268, -0.8496497, 2.972366;1.162071, -0.4852523, 2.617569;1.002585, -0.818681, 2.973521;1.150066, -0.5852107, 2.598422;
0.6848634, -0.01761244, 2.679618;0.8374007, -0.08555229, 2.727619;1.021048, -0.3372257, 2.776853;0.8323282, -0.2462199, 2.934484;0.974531, -0.1251723, 2.655198;0.7454745, -0.7168871, 2.923382;0.8922315, -0.6741902, 2.472499;1.057298, -0.3868567, 2.790307;1.063273, -0.4468345, 2.841001;1.121667, -0.424098, 2.752456;0.9650741, -0.6004844, 2.974942;1.151921, -0.7792542, 2.584283;1.092447, -0.8534377, 2.973049;1.159228, -0.4824906, 2.616482;0.9942456, -0.8240877, 2.973559;1.146394, -0.5819337, 2.595235;
0.6786854, -0.02342125, 2.674987;0.8362539, -0.08861165, 2.730336;1.016893, -0.3365419, 2.775948;0.8319233, -0.2470872, 2.935134;0.9743662, -0.127523, 2.655096;0.7438782, -0.7180419, 2.922593;0.8906903, -0.6752771, 2.470912;1.051878, -0.385419, 2.788337;1.061339, -0.4472958, 2.842393;1.115782, -0.4251723, 2.744665;0.9605819, -0.5993688, 2.973162;1.035267, -0.7321247, 2.507219;1.087953, -0.852322, 2.971305;1.04257, -0.4355403, 2.53942;0.9901549, -0.8216782, 2.972878;1.065545, -0.535339, 2.54371;
0.6795268, -0.02331581, 2.674996;0.8362818, -0.08890641, 2.730184;1.013597, -0.3357324, 2.775822;0.8319933, -0.2471732, 2.934776;0.9742974, -0.1269675, 2.655858;0.7427819, -0.7174547, 2.921924;0.8897631, -0.6759971, 2.471261;1.047755, -0.3843153, 2.78828;1.05799, -0.4492351, 2.850142;1.11261, -0.4270796, 2.741403;0.958624, -0.6000541, 2.97294;1.120194, -0.7704178, 2.547112;1.085995, -0.8530076, 2.971119;1.127493, -0.4740318, 2.57931;0.9884996, -0.8214492, 2.973084;1.125813, -0.5762144, 2.571495;
0.681151, -0.02684337, 2.675626;0.835741, -0.09061437, 2.729422;1.015053, -0.3265374, 2.782964;0.8315932, -0.2482942, 2.933623;0.9744974, -0.1274668, 2.655713;0.741592, -0.7175868, 2.921165;0.8879357, -0.6773835, 2.472143;1.051098, -0.3698107, 2.799587;1.063998, -0.4339706, 2.870269;1.12357, -0.4033352, 2.757222;0.9553524, -0.6055188, 2.97217;1.132221, -0.5713692, 2.646285;1.082723, -0.8584725, 2.970389;1.165703, -0.712118, 2.594151;0.9859036, -0.8249803, 2.973037;1.122386, -0.7824349, 2.555758;
0.6805533, -0.02623943, 2.675392;0.8350497, -0.09173796, 2.730423;1.015552, -0.3293909, 2.781573;0.8311525, -0.2488472, 2.934027;0.9740852, -0.1277544, 2.65602;0.7497759, -0.6810553, 2.922765;0.8855623, -0.6780749, 2.470183;1.052231, -0.3760903, 2.795682;1.059026, -0.4409643, 2.840061;1.121517, -0.4067755, 2.757706;1.010895, -0.6366423, 2.986193;1.113053, -0.6444801, 2.614457;1.138266, -0.889596, 2.984447;1.146535, -0.7852289, 2.56236;1.044568, -0.8480241, 2.979812;1.072391, -0.7767778, 2.548818;
0.6802664, -0.02513951, 2.675462;0.8351077, -0.09215817, 2.730806;1.006263, -0.3272742, 2.780059;0.8278586, -0.2502715, 2.936531;0.9740164, -0.1279354, 2.656044;0.7490337, -0.6804379, 2.922801;0.8844645, -0.6774783, 2.469936;1.038047, -0.3729905, 2.792744;1.053196, -0.4490935, 2.875123;1.099588, -0.4338403, 2.721609;0.998897, -0.6263409, 2.984368;1.113744, -0.6433926, 2.615344;1.126268, -0.8792946, 2.982661;1.147226, -0.7841413, 2.563286;1.0316, -0.8399315, 2.976701;1.07267, -0.7758469, 2.551686;
0.6799418, -0.02369084, 2.675719;0.8348888, -0.09272654, 2.731647;1.006539, -0.3151735, 2.788159;0.8252273, -0.2513133, 2.938791;0.9732273, -0.1278548, 2.656388;0.7400924, -0.7219148, 2.922083;0.8839744, -0.6775694, 2.469962;1.040175, -0.3562934, 2.803736;1.054445, -0.4229501, 2.878129;1.114881, -0.3853683, 2.765768;0.9985991, -0.6263303, 2.984194;1.12318, -0.5504298, 2.642841;1.12597, -0.879284, 2.982535;1.164336, -0.7204154, 2.591596;1.031372, -0.8397986, 2.976563;1.128284, -0.7812334, 2.560044;
0.6788596, -0.02219221, 2.675373;0.8360622, -0.09212296, 2.73436;1.005753, -0.318736, 2.785936;0.8249499, -0.2506002, 2.941778;0.9757738, -0.1259663, 2.659186;0.7389133, -0.72156, 2.923384;0.8834839, -0.6776603, 2.469985;1.038613, -0.3645905, 2.798305;1.049478, -0.4377947, 2.861611;1.107696, -0.4146763, 2.747528;0.9973848, -0.6259965, 2.984092;1.114601, -0.6394572, 2.622684;1.124756, -0.8789502, 2.982472;1.155758, -0.8094427, 2.571477;1.030231, -0.8393366, 2.976516;1.104692, -0.7572127, 2.550927;
0.6809465, -0.01872313, 2.677307;0.8363132, -0.09058018, 2.734342;1.010902, -0.3040258, 2.79683;0.8232287, -0.2404356, 2.933657;0.9755129, -0.1257776, 2.659187;0.7484697, -0.678219, 2.924237;0.8802543, -0.6784262, 2.472234;1.046619, -0.3442992, 2.814929;1.058864, -0.4009744, 2.894359;1.124082, -0.3742819, 2.775826;0.9964639, -0.626025, 2.983747;1.069124, -0.5841608, 2.612497;1.123835, -0.8789787, 2.982179;1.153927, -0.7163926, 2.586536;1.029407, -0.8391489, 2.976451;1.128127, -0.78305, 2.561099;
0.6840532, -0.008601225, 2.679804;0.8381209, -0.08780036, 2.736701;1.006397, -0.3121014, 2.787113;0.8231171, -0.2399148, 2.934111;0.9753603, -0.1252864, 2.65894;0.7484035, -0.6766756, 2.923956;0.8793174, -0.6779293, 2.47375;1.037306, -0.3614855, 2.795277;1.047017, -0.4387696, 2.855675;1.101469, -0.4162199, 2.734821;0.9913362, -0.6187887, 2.983948;1.150289, -0.7058111, 2.6151;1.118707, -0.8717425, 2.982421;1.235092, -0.838043, 2.589181;1.023116, -0.8343378, 2.982436;1.146818, -0.7908479, 2.566438;
0.6842923, -0.009664542, 2.679308;0.8400734, -0.07866217, 2.73277;1.038374, -0.2895364, 2.80981;0.8327426, -0.1882591, 2.899699;0.9753441, -0.1243913, 2.658126;0.7493417, -0.6666795, 2.925637;0.8788363, -0.6780491, 2.476785;1.079498, -0.3325794, 2.830889;1.088473, -0.3842867, 2.907408;1.152017, -0.3720194, 2.78501;0.9973943, -0.6124148, 2.984564;1.113121, -0.6394129, 2.616639;1.124765, -0.8653686, 2.983077;1.197924, -0.7716447, 2.590759;1.028951, -0.8288004, 2.986881;1.128599, -0.7813128, 2.561432;
0.6863828, -0.00321937, 2.680475;0.8400531, -0.07020127, 2.732871;1.019556, -0.2966213, 2.801907;0.829775, -0.1895805, 2.903458;0.9811165, -0.1144113, 2.661546;0.7518744, -0.6588577, 2.926512;0.8815472, -0.6713903, 2.47811;1.048883, -0.3464095, 2.816541;1.049146, -0.4066116, 2.886561;1.116158, -0.401922, 2.767462;1.001569, -0.6111503, 2.985504;1.143438, -0.7103925, 2.612153;1.12894, -0.864104, 2.984059;1.228241, -0.8426243, 2.586315;1.031754, -0.8313374, 2.980839;1.14272, -0.7900209, 2.565144;
0.6861302, 0.0107918, 2.678113;0.8418378, -0.05875817, 2.73652;1.0192, -0.2881989, 2.80161;0.8269882, -0.1888786, 2.913521;0.9779953, -0.1026025, 2.662288;0.753233, -0.6539938, 2.928707;0.8898655, -0.6470682, 2.482056;1.051283, -0.3341928, 2.816655;1.054274, -0.3927522, 2.883916;1.122423, -0.366075, 2.773324;0.9996885, -0.6025369, 2.983934;1.1162, -0.6365802, 2.617796;1.12706, -0.8554907, 2.982538;1.201003, -0.7688121, 2.592007;1.028223, -0.8280898, 2.978814;1.13082, -0.7816336, 2.564567;
0.6852514, 0.01971307, 2.676487;0.8374265, -0.04051263, 2.732789;1.02557, -0.2710792, 2.799478;0.827135, -0.1955479, 2.928385;0.9835094, -0.08935278, 2.667512;0.7520714, -0.6576994, 2.924537;0.8875309, -0.6416422, 2.48402;1.062815, -0.3156028, 2.815532;1.067981, -0.3715726, 2.867465;1.135022, -0.33921, 2.786147;1.015927, -0.5921537, 2.987129;1.082317, -0.5634898, 2.615944;1.143298, -0.8451074, 2.98577;1.163381, -0.7208918, 2.59239;1.043108, -0.8246496, 2.97738;1.130225, -0.7829815, 2.564165;
0.6872206, 0.02909005, 2.677719;0.837873, -0.03162174, 2.732341;1.025979, -0.2593268, 2.798688;0.8243675, -0.1933535, 2.930823;0.9838034, -0.07476864, 2.669627;0.7542511, -0.6599618, 2.930778;0.8996494, -0.6102514, 2.491923;1.063366, -0.3047658, 2.814994;1.068508, -0.366027, 2.867386;1.135166, -0.3339143, 2.785736;1.017966, -0.5833827, 2.988718;1.08239, -0.563475, 2.615834;1.145337, -0.8363365, 2.987402;1.163473, -0.7212344, 2.591857;1.07542, -0.8033605, 2.990652;1.127457, -0.7822146, 2.559669;
0.6879482, 0.04000155, 2.677878;0.840099, -0.0274141, 2.732844;1.019351, -0.2567385, 2.797398;0.8233567, -0.1878756, 2.935338;0.985315, -0.06308471, 2.669542;0.7534609, -0.6511863, 2.932381;0.9001333, -0.6074023, 2.495219;1.053135, -0.3022893, 2.813109;1.058037, -0.3681936, 2.872005;1.12321, -0.3371654, 2.777131;0.9968574, -0.5850701, 2.99037;1.089196, -0.5636655, 2.617798;1.050611, -0.7849815, 2.963673;1.164111, -0.7202589, 2.592242;0.9782279, -0.8066753, 2.967451;1.127419, -0.7818534, 2.560113;
0.6870663, 0.04979545, 2.678123;0.8391752, -0.01318492, 2.73433;1.017529, -0.2550145, 2.797348;0.8280093, -0.1648024, 2.932143;0.9861232, -0.0540845, 2.669826;0.7598205, -0.6324603, 2.932443;0.9099982, -0.5895642, 2.500717;1.051931, -0.3016982, 2.813031;1.055865, -0.3667181, 2.872185;1.121429, -0.337202, 2.776663;0.9964842, -0.5840751, 2.990369;1.12472, -0.6328978, 2.62003;1.049392, -0.7832156, 2.967524;1.166026, -0.720879, 2.592932;0.9776356, -0.8066932, 2.96536;1.127951, -0.7818665, 2.559294;
0.6870631, 0.05764566, 2.681811;0.8432878, 0.001540762, 2.735386;1.016402, -0.2526388, 2.797131;0.8252015, -0.1404656, 2.927515;0.9853859, -0.0430111, 2.670351;0.7723597, -0.6159688, 2.934743;0.9102813, -0.5855653, 2.503198;1.050928, -0.3008074, 2.812798;1.054511, -0.3656995, 2.873403;1.119608, -0.3384268, 2.774505;0.9966487, -0.5842168, 2.990513;1.124009, -0.6315273, 2.61994;1.05654, -0.7829147, 2.970771;1.165597, -0.7208667, 2.592347;0.9843156, -0.8040595, 2.965813;1.129978, -0.7815057, 2.558695;
0.6906065, 0.07530616, 2.6838;0.8424172, 0.01458537, 2.737581;1.022357, -0.2400216, 2.797396;0.8659893, -0.1236631, 2.885665;0.9817396, -0.0209346, 2.672461;0.7711996, -0.6122134, 2.932223;0.9069661, -0.6025171, 2.503458;1.057952, -0.2902789, 2.81266;1.068035, -0.3436806, 2.87068;1.121371, -0.3289082, 2.773971;1.020358, -0.558803, 2.99741;1.117568, -0.5658924, 2.62584;1.099226, -0.7916035, 3.000431;1.16642, -0.7209559, 2.592553;1.012325, -0.8005931, 2.94765;1.129906, -0.7804394, 2.557107;
0.6885729, 0.09031418, 2.683031;0.8424604, 0.02153358, 2.741279;1.022637, -0.2359862, 2.79956;0.8466897, -0.1013334, 2.928116;0.980903, -0.01397497, 2.671585;0.7788696, -0.6057085, 2.926459;0.9175316, -0.5671781, 2.507737;1.058358, -0.287045, 2.81449;1.067846, -0.3418703, 2.872579;1.121301, -0.3272654, 2.77485;1.01806, -0.5627252, 2.996445;1.136975, -0.6386892, 2.619351;1.07785, -0.7615676, 2.996549;1.170331, -0.7238474, 2.594774;1.009096, -0.7986614, 2.959884;1.127472, -0.7804794, 2.554029;
0.6852783, 0.1123124, 2.682374;0.8386749, 0.04133582, 2.742607;1.02888, -0.2230998, 2.802479;0.8444822, -0.09328404, 2.916806;0.978375, -0.001720037, 2.669356;0.7811736, -0.6011158, 2.924871;0.9282793, -0.5229409, 2.51781;1.066796, -0.275003, 2.817836;1.073438, -0.3239805, 2.868202;1.128353, -0.3074163, 2.786816;0.970725, -0.4864883, 2.981107;1.136419, -0.5505656, 2.617616;1.07462, -0.7577343, 2.993053;1.169704, -0.7207425, 2.594278;1.01031, -0.7967661, 2.961304;1.12824, -0.7796146, 2.553574;
0.691214, 0.1189936, 2.688329;0.8396074, 0.04882225, 2.744372;1.031016, -0.2148632, 2.8044;0.8303681, -0.05709164, 2.919715;0.9761244, 0.01247252, 2.668225;0.7912285, -0.5427947, 2.931361;0.9308035, -0.5226935, 2.520114;1.06914, -0.2673547, 2.819671;1.073508, -0.3128052, 2.866132;1.129082, -0.3017832, 2.790393;1.010769, -0.5599045, 2.990611;1.140182, -0.54285, 2.618794;1.066851, -0.7515177, 2.987859;1.172502, -0.7223927, 2.594152;1.010285, -0.7960193, 2.962618;1.128321, -0.7793597, 2.553416;
0.6898283, 0.1258502, 2.68651;0.8425617, 0.06747425, 2.746045;1.031127, -0.1766875, 2.812964;0.8295182, -0.05069207, 2.919933;0.981108, 0.03557581, 2.670948;0.8026702, -0.5411202, 2.937234;0.9341447, -0.516467, 2.522204;1.06853, -0.2247594, 2.83007;1.074341, -0.2798511, 2.884565;1.133121, -0.2748493, 2.795113;1.004243, -0.4993639, 2.987628;1.141037, -0.6035252, 2.619305;1.066602, -0.7473643, 2.988384;1.172337, -0.720383, 2.593892;1.010059, -0.7957989, 2.962932;1.128667, -0.7793433, 2.553671;
0.6951992, 0.1457026, 2.690901;0.8426595, 0.07973219, 2.745888;1.027546, -0.1746543, 2.810923;0.8303066, -0.04634654, 2.92247;0.9837717, 0.04100484, 2.672491;0.8036006, -0.5380995, 2.936319;0.9385325, -0.5171975, 2.52597;1.063964, -0.2239879, 2.827304;1.069797, -0.2787097, 2.882114;1.128995, -0.2745366, 2.792651;1.03026, -0.5724348, 3.001321;1.150975, -0.4929578, 2.6313;1.066238, -0.7460223, 2.987294;1.173315, -0.7196534, 2.593695;1.010003, -0.7958078, 2.962903;1.128874, -0.7788438, 2.553097;
0.6925646, 0.1573825, 2.693058;0.8449219, 0.08924566, 2.747544;1.066266, -0.1130784, 2.859457;0.8316551, -0.03797733, 2.924749;0.9839201, 0.06405205, 2.674138;0.8063783, -0.5319771, 2.931989;0.9422448, -0.4993418, 2.531177;1.109972, -0.1559106, 2.884706;1.120891, -0.2079009, 2.948727;1.184081, -0.18725, 2.860103;1.036081, -0.5026448, 3.002696;1.157937, -0.495028, 2.626443;1.065932, -0.7455225, 2.986916;1.17725, -0.7898419, 2.582522;1.009986, -0.7958085, 2.96291;1.114662, -0.7734647, 2.544313;
0.6940071, 0.161781, 2.693856;0.846755, 0.1026603, 2.74616;1.066519, -0.1075476, 2.888013;0.832179, -0.02069176, 2.924737;0.9843809, 0.07038945, 2.674311;0.8126053, -0.5173135, 2.934264;0.9512225, -0.4799292, 2.541512;1.110211, -0.15043, 2.927155;1.112407, -0.1916704, 2.975685;1.174962, -0.1778421, 2.921706;1.03578, -0.5006191, 3.005056;1.163815, -0.4844247, 2.633146;1.065471, -0.7449319, 2.987077;1.176478, -0.7788436, 2.587623;1.008242, -0.7959763, 2.964339;1.12153, -0.7786189, 2.536425;
0.695096, 0.1904813, 2.698051;0.8502241, 0.1169525, 2.749551;1.068892, -0.09653164, 2.895466;0.8340834, -0.01619663, 2.930121;0.9825296, 0.08271723, 2.674223;0.8133087, -0.4817438, 2.929345;0.9546782, -0.4839669, 2.539803;1.112283, -0.1406799, 2.931077;1.116899, -0.1781295, 2.988465;1.177566, -0.1710609, 2.921715;1.035822, -0.4963015, 3.008941;1.179004, -0.4467974, 2.643827;1.066914, -0.746381, 2.986571;1.173806, -0.7401586, 2.588696;1.008444, -0.7971994, 2.96706;1.130886, -0.7832962, 2.544763;
0.6970034, 0.205881, 2.700073;0.850179, 0.1253831, 2.750544;1.067079, -0.08472253, 2.898163;0.8343685, -0.003871145, 2.93344;0.983543, 0.09438055, 2.673591;0.8177632, -0.4706807, 2.927367;0.9551284, -0.4727336, 2.546271;1.11015, -0.1269273, 2.932621;1.119364, -0.1666422, 3.004017;1.180093, -0.1655361, 2.918287;1.041889, -0.4933844, 3.009284;1.181618, -0.4408683, 2.645771;1.068813, -0.7457979, 2.991852;1.174451, -0.7332579, 2.586132;1.00669, -0.7969908, 2.965901;1.133482, -0.7830914, 2.547837;
0.6974634, 0.2322157, 2.709892;0.8523823, 0.1461863, 2.757657;1.069668, -0.06934555, 2.90553;0.8450061, 0.00666116, 2.923977;0.9861775, 0.1347202, 2.677329;0.8187351, -0.4615912, 2.927548;0.9603581, -0.4366669, 2.553889;1.112931, -0.1126487, 2.938966;1.12197, -0.1576865, 3.008898;1.184667, -0.148655, 2.923237;1.034944, -0.5245341, 3.013947;1.186067, -0.4281669, 2.653541;1.06956, -0.7432399, 2.994392;1.174869, -0.7195656, 2.589032;1.005753, -0.7967583, 2.965955;1.137647, -0.7767556, 2.552352;
0.6930912, 0.2401293, 2.714046;0.8533866, 0.1597047, 2.759995;1.067204, -0.06203105, 2.909878;0.8394507, 0.04291193, 2.926687;0.9828881, 0.1371438, 2.677449;0.8214097, -0.4406801, 2.927586;0.9599074, -0.4362867, 2.556258;1.10996, -0.1061019, 2.943468;1.118371, -0.1444585, 3.016416;1.181203, -0.1466912, 2.925643;1.042699, -0.513583, 3.011114;1.18695, -0.4270242, 2.654593;1.068707, -0.7391571, 2.992;1.175091, -0.7179524, 2.588825;1.007525, -0.7969729, 2.966608;1.13793, -0.7762206, 2.552567;
0.6821937, 0.2489866, 2.719397;0.8541884, 0.1709935, 2.768278;1.067935, -0.06018298, 2.911396;0.8393198, 0.04911174, 2.932429;0.9825249, 0.1386308, 2.677077;0.823929, -0.4485009, 2.935342;0.9616047, -0.4296004, 2.559604;1.110541, -0.105241, 2.94422;1.118699, -0.1434723, 3.016358;1.181255, -0.1466875, 2.925702;1.056303, -0.5144051, 3.015576;1.188004, -0.4269812, 2.656087;1.067867, -0.7338091, 2.991806;1.175245, -0.717343, 2.588722;1.017487, -0.7924473, 2.925951;1.138899, -0.7757903, 2.553551;
0.6806521, 0.2725888, 2.724544;0.8550961, 0.1848391, 2.77688;1.067053, -0.0489639, 2.915806;0.8360995, 0.06068545, 2.938211;0.9806583, 0.1491796, 2.679277;0.8258551, -0.4384309, 2.932284;0.9633916, -0.4175631, 2.561595;1.109492, -0.09560925, 2.947305;1.117589, -0.134565, 3.017934;1.180641, -0.1423537, 2.927097;1.089781, -0.5246125, 3.019332;1.192169, -0.4209698, 2.659884;1.066976, -0.7303582, 2.99262;1.176312, -0.7102565, 2.59002;1.020152, -0.7923321, 2.952262;1.140364, -0.7756938, 2.55427;
0.6793886, 0.2937968, 2.727664;0.8564661, 0.2052025, 2.780629;1.075173, -0.03830536, 2.910026;0.8326561, 0.09080352, 2.94193;0.9872482, 0.1784391, 2.686196;0.8352079, -0.3881237, 2.926726;0.9735775, -0.3661115, 2.569141;1.119515, -0.08577414, 2.939067;1.13522, -0.1248708, 3.004195;1.188387, -0.1344695, 2.91789;1.091102, -0.5173365, 3.016214;1.196797, -0.4182919, 2.658675;1.065875, -0.7300222, 2.99139;1.17743, -0.7055733, 2.590246;1.020595, -0.7935336, 2.956913;1.141846, -0.7750968, 2.555485;
0.6791059, 0.3123297, 2.734699;0.8557272, 0.2164658, 2.785258;1.076319, -0.02538931, 2.909265;0.8311619, 0.1013292, 2.947235;0.98762, 0.1829991, 2.686649;0.8380054, -0.3743542, 2.930967;0.9723858, -0.3497277, 2.573539;1.120713, -0.07347329, 2.937301;1.135673, -0.1186057, 3.004502;1.19311, -0.1243645, 2.914558;1.097854, -0.5147277, 3.018793;1.198798, -0.4132805, 2.661951;1.066156, -0.7296194, 2.99127;1.177989, -0.7048818, 2.590477;1.019058, -0.7938404, 2.958804;1.142374, -0.774784, 2.555885;
0.7160168, 0.3404809, 2.762582;0.8989878, 0.1977852, 2.809511;1.077237, -0.02090677, 2.908985;0.8302166, 0.1530619, 2.942958;0.992043, 0.1917991, 2.688758;0.8445423, -0.3475302, 2.932752;0.9723557, -0.3299809, 2.577941;1.118317, -0.06386389, 2.934624;1.131956, -0.1070705, 3.001714;1.191803, -0.1191349, 2.912055;1.106914, -0.4788963, 3.024689;1.200151, -0.4108654, 2.663458;1.061546, -0.7669292, 2.992521;1.179788, -0.7021039, 2.590678;1.007698, -0.7987728, 2.95115;1.14136, -0.7732791, 2.555377;
0.7255076, 0.3574749, 2.770413;0.9014146, 0.2015077, 2.811774;1.077491, -0.0153327, 2.906882;0.8315195, 0.1556364, 2.94443;0.9832129, 0.2188352, 2.690013;0.842967, -0.3327608, 2.932689;0.9713608, -0.3221501, 2.578199;1.115806, -0.05716611, 2.930004;1.12638, -0.09775457, 2.98892;1.186545, -0.111348, 2.907791;1.112773, -0.4686811, 3.019151;1.201741, -0.409885, 2.664293;1.06443, -0.756, 2.99185;1.180416, -0.7016764, 2.590611;1.01044, -0.7953781, 2.957787;1.141597, -0.7733726, 2.555638;
0.74124, 0.3805395, 2.779772;0.9079235, 0.2104281, 2.815955;1.07651, -0.005009366, 2.905473;0.8336167, 0.1836912, 2.953532;0.9866033, 0.2301944, 2.691778;0.8385629, -0.3061444, 2.922883;0.968027, -0.3103823, 2.579888;1.111759, -0.0465687, 2.926988;1.122213, -0.09060671, 2.985772;1.180606, -0.1011, 2.904755;1.113482, -0.4617096, 3.016072;1.203776, -0.409758, 2.664573;1.068244, -0.7322821, 2.990138;1.182572, -0.6993383, 2.591876;1.009996, -0.7941638, 2.966572;1.142187, -0.772874, 2.555775;
0.7662717, 0.4055562, 2.799604;0.9221892, 0.2201275, 2.821791;1.081456, 0.00450882, 2.90334;0.8554238, 0.2046694, 2.933147;0.9974903, 0.2615116, 2.701645;0.8554259, -0.3379568, 2.941948;0.9687796, -0.2687137, 2.573639;1.114602, -0.03787019, 2.923573;1.125294, -0.08644518, 2.983316;1.182484, -0.09430753, 2.900583;1.116083, -0.4567915, 3.013497;1.20757, -0.405044, 2.665419;1.068237, -0.7323157, 2.989352;1.183171, -0.6980504, 2.591912;1.008017, -0.7942307, 2.965844;1.14168, -0.7723746, 2.555686;
0.7731907, 0.4239205, 2.80896;0.9293512, 0.2374636, 2.827471;1.084458, 0.01136733, 2.901285;0.8569347, 0.2071564, 2.935949;0.9918212, 0.2780983, 2.701531;0.8541091, -0.2780433, 2.93428;0.9673944, -0.2631311, 2.57487;1.116591, -0.03264552, 2.920459;1.127785, -0.0804482, 2.977837;1.181475, -0.08729711, 2.894562;1.116568, -0.4494208, 3.012789;1.209198, -0.4023986, 2.666537;1.069725, -0.7299056, 2.989337;1.183166, -0.6980471, 2.591919;1.009157, -0.7919029, 2.965361;1.14202, -0.7724286, 2.5556;
0.7921924, 0.4340353, 2.819334;0.9478168, 0.2469357, 2.837629;1.084976, 0.02088632, 2.906771;0.8627344, 0.2253506, 2.944952;0.997344, 0.2916469, 2.707035;0.8485394, -0.2435451, 2.935915;0.9621129, -0.2497781, 2.580019;1.114166, -0.02317819, 2.925076;1.123416, -0.07382546, 2.982337;1.177483, -0.0813911, 2.898514;1.117392, -0.4428719, 3.011703;1.209937, -0.4009903, 2.667443;1.070215, -0.7291954, 2.989224;1.183174, -0.698046, 2.591911;1.00918, -0.7919385, 2.965326;1.14149, -0.7724707, 2.556322;
0.819948, 0.4610735, 2.835286;0.9556168, 0.2556176, 2.840045;1.086046, 0.02864207, 2.909278;0.8758072, 0.2283602, 2.940857;1.004585, 0.3204822, 2.713222;0.8397442, -0.235213, 2.929236;0.9585087, -0.2391127, 2.579182;1.113484, -0.01621564, 2.927077;1.123137, -0.07092559, 2.988753;1.177289, -0.08096012, 2.898458;1.117132, -0.4402436, 3.009058;1.21002, -0.4008586, 2.66743;1.070723, -0.7274848, 2.988656;1.183019, -0.6978948, 2.591943;1.007743, -0.7921922, 2.965469;1.141886, -0.7724503, 2.555939;
0.8286988, 0.4787677, 2.835317;0.9644844, 0.2739618, 2.842761;1.07906, 0.07130867, 2.901915;0.8850807, 0.2361314, 2.943878;1.004147, 0.3352264, 2.713749;0.8425463, -0.2221626, 2.92819;0.9617496, -0.1925515, 2.583646;1.100415, 0.03219245, 2.916136;1.108823, -0.02379442, 2.964392;1.150158, -0.02372685, 2.893804;1.116399, -0.4283026, 3.007414;1.20994, -0.4008593, 2.667453;1.070875, -0.7274057, 2.988558;1.183132, -0.6978818, 2.591917;1.010828, -0.7892517, 2.965399;1.141975, -0.7725981, 2.556018;
0.8557068, 0.499433, 2.842202;0.9728999, 0.2826428, 2.846014;1.078847, 0.07504511, 2.902771;0.8923472, 0.253244, 2.951486;1.007197, 0.3608489, 2.714242;0.8461427, -0.2082617, 2.930409;0.9597433, -0.1761575, 2.580726;1.099756, 0.03492223, 2.916936;1.108051, -0.02209517, 2.965765;1.14964, -0.02280007, 2.894082;1.115498, -0.4227873, 3.005396;1.209434, -0.3958433, 2.669205;1.070766, -0.7273636, 2.988559;1.183521, -0.6979448, 2.592402;1.014504, -0.788116, 2.964837;1.141803, -0.7724301, 2.556268;
0.8688647, 0.5185513, 2.84752;0.9865475, 0.3020269, 2.8515;1.079312, 0.08855242, 2.903656;0.8978654, 0.2854346, 2.960331;1.00939, 0.3805678, 2.717995;0.8531622, -0.1669985, 2.935748;0.9581373, -0.1618011, 2.580285;1.09851, 0.04669856, 2.917398;1.105177, -0.01158809, 2.965075;1.145846, -0.01202037, 2.894629;1.110816, -0.4148151, 3.00109;1.207772, -0.4539293, 2.657182;1.070152, -0.7259792, 2.987171;1.175415, -0.7386776, 2.591183;1.014241, -0.7874654, 2.965972;1.132426, -0.7780434, 2.543729;
0.8857358, 0.5450699, 2.850414;0.9917465, 0.3217824, 2.851219;1.077118, 0.1020428, 2.900961;0.8801554, 0.3371651, 3.002064;1.014419, 0.3898677, 2.719993;0.8558958, -0.1485855, 2.937589;0.9591194, -0.1488906, 2.584521;1.094812, 0.05874294, 2.914314;1.096777, -0.0006322628, 2.960108;1.142199, -0.002145323, 2.891857;1.109061, -0.4122926, 2.999661;1.205696, -0.4464162, 2.661029;1.070498, -0.7263735, 2.987529;1.174322, -0.7308921, 2.594866;1.013064, -0.7895923, 2.964223;1.13653, -0.7758901, 2.54794;
0.8670609, 0.6405662, 2.841878;0.9855817, 0.4208322, 2.834347;1.087194, 0.1563046, 2.868016;0.8885142, 0.4113927, 2.997859;1.024586, 0.4100935, 2.721131;0.8496249, -0.1521683, 2.943502;0.9578319, -0.1362614, 2.585546;1.107516, 0.1033991, 2.878044;1.107676, 0.03485362, 2.924412;1.15278, 0.05369197, 2.842933;1.105539, -0.4078666, 2.997783;1.202957, -0.4150429, 2.667536;1.070835, -0.7259754, 2.987583;1.172806, -0.6994686, 2.602473;1.014058, -0.7881916, 2.964098;1.137696, -0.7737693, 2.549908;
0.8624935, 0.6938425, 2.834971;0.9806635, 0.4746107, 2.836284;1.084473, 0.1697925, 2.86218;0.8969893, 0.42283, 2.998727;1.02814, 0.4274113, 2.721709;0.8542743, -0.1096214, 2.942134;0.9595276, -0.1020723, 2.587519;1.105167, 0.1122754, 2.87183;1.104795, 0.04419433, 2.918261;1.146483, 0.06788386, 2.830289;1.102567, -0.4009826, 2.99543;1.201013, -0.4050516, 2.669018;1.07076, -0.7257475, 2.987055;1.171622, -0.6892023, 2.603766;1.013499, -0.7890205, 2.964101;1.14042, -0.7713654, 2.552337;
0.8838999, 0.7476243, 2.85037;0.9630301, 0.5745475, 2.842996;1.063929, 0.2084394, 2.854555;0.9058579, 0.4350851, 3.003402;1.034971, 0.4451416, 2.724473;0.8541144, -0.09084813, 2.940494;0.9695866, -0.07255277, 2.589453;1.088763, 0.1310112, 2.862934;1.078416, 0.05889258, 2.921414;1.12842, 0.09193349, 2.800306;1.099204, -0.3978645, 2.993389;1.19585, -0.3883757, 2.667925;1.07075, -0.7257286, 2.987081;1.168176, -0.672514, 2.603658;1.013711, -0.7889151, 2.964224;1.101746, -0.7216709, 2.57176;
0.8897224, 0.7530622, 2.848292;0.9737529, 0.5875982, 2.848485;1.066048, 0.2141835, 2.855957;0.9139066, 0.4508116, 3.006529;1.040299, 0.4608412, 2.728001;0.8553154, -0.07627031, 2.94002;0.965736, -0.07061611, 2.589087;1.088347, 0.1384543, 2.862984;1.077766, 0.0636903, 2.921507;1.128307, 0.09553252, 2.801235;1.097437, -0.3934564, 2.992623;1.198031, -0.3486542, 2.678209;1.070796, -0.724833, 2.986835;1.183852, -0.6928715, 2.591485;1.013158, -0.7876325, 2.964508;1.139065, -0.7721154, 2.55056;
0.9174404, 0.7808541, 2.866543;0.9792849, 0.5958899, 2.848201;1.06544, 0.226126, 2.855802;0.9185218, 0.4567652, 3.007288;1.048543, 0.4754741, 2.731472;0.8540559, -0.05734573, 2.944087;0.9680296, -0.06506747, 2.589279;1.083995, 0.1533008, 2.861596;1.073189, 0.07284322, 2.922019;1.125358, 0.1040739, 2.799896;1.09505, -0.3933383, 2.990517;1.197014, -0.3488468, 2.677808;1.070758, -0.7249902, 2.986722;1.184714, -0.6902359, 2.591542;1.008127, -0.7897596, 2.963187;1.139265, -0.7712338, 2.550868;
0.9189802, 0.7870047, 2.8679;1.001865, 0.6224493, 2.849133;1.062835, 0.2431697, 2.854451;0.9301659, 0.4831882, 3.022019;1.055399, 0.4853517, 2.733403;0.85413, -0.05474058, 2.945957;0.972513, -0.04738353, 2.588936;1.076743, 0.1697236, 2.859213;1.061737, 0.09033508, 2.919294;1.115174, 0.1177614, 2.797549;1.090772, -0.3898403, 2.988988;1.195428, -0.3487911, 2.677501;1.070443, -0.7251217, 2.986737;1.184622, -0.6898951, 2.591703;1.007828, -0.7898546, 2.963112;1.140183, -0.7711066, 2.551624;
0.9333363, 0.7998161, 2.872929;1.011687, 0.6330194, 2.855513;1.060377, 0.2524258, 2.854179;0.9335219, 0.4868297, 3.023255;1.062739, 0.4921444, 2.736243;0.855936, -0.04307693, 2.949364;0.9757621, -0.04069199, 2.587343;1.071276, 0.1785076, 2.857648;1.05091, 0.1029625, 2.915952;1.107878, 0.1256733, 2.7953;1.086665, -0.3845139, 2.985822;1.192124, -0.3346759, 2.678184;1.071217, -0.7242084, 2.987474;1.184708, -0.6867893, 2.592233;1.007744, -0.7890622, 2.962852;1.140537, -0.7696996, 2.552108;
0.9583735, 0.8156036, 2.892555;1.018138, 0.6404125, 2.8612;1.057836, 0.2577, 2.854419;0.9369903, 0.4897621, 3.025599;1.071196, 0.5004157, 2.738925;0.8572935, -0.04079545, 2.951833;0.9889131, -0.01121065, 2.588106;1.066555, 0.1833784, 2.856912;1.043005, 0.109148, 2.913311;1.102277, 0.1298284, 2.794793;1.082857, -0.382039, 2.984167;1.187875, -0.3313271, 2.685214;1.070628, -0.7239657, 2.988868;1.184801, -0.6868019, 2.592444;1.008599, -0.7891059, 2.962917;1.140298, -0.7696946, 2.552433;
0.9642928, 0.8207834, 2.890253;1.028248, 0.6470613, 2.862176;1.055956, 0.2633736, 2.854819;0.9467312, 0.5015427, 3.038483;1.078972, 0.5081432, 2.73922;0.8577154, -0.03458524, 2.950009;0.9892343, -0.009558894, 2.587019;1.062303, 0.18888, 2.857074;1.036045, 0.1161216, 2.912566;1.096127, 0.1359099, 2.795991;1.078606, -0.3768503, 2.981335;1.18583, -0.3309417, 2.68412;1.07056, -0.7242144, 2.988575;1.184864, -0.6880993, 2.592546;1.010518, -0.7886097, 2.962592;1.140651, -0.770606, 2.5529;
0.9840181, 0.8285278, 2.889054;1.039783, 0.6519633, 2.863288;1.055124, 0.266934, 2.854545;0.953974, 0.5069866, 3.043117;1.088484, 0.5138033, 2.739068;0.858699, -0.02789848, 2.950964;0.9992058, 0.01614469, 2.587753;1.059598, 0.1923243, 2.85645;1.030758, 0.1221926, 2.909778;1.092026, 0.1394615, 2.796625;1.074607, -0.3712458, 2.977666;1.183979, -0.3288946, 2.680703;1.069673, -0.7254601, 2.987672;1.184849, -0.687405, 2.593389;1.006926, -0.7915956, 2.962629;1.140806, -0.7703351, 2.553513;
0.9907864, 0.833418, 2.890155;1.050566, 0.6580722, 2.865668;1.054902, 0.2710056, 2.853515;0.958627, 0.510421, 3.046694;1.093573, 0.5187629, 2.740011;0.8582876, -0.02553964, 2.949665;0.9992431, 0.01706257, 2.587347;1.057636, 0.1958849, 2.854799;1.027857, 0.1257085, 2.906741;1.088461, 0.1441228, 2.795345;1.073557, -0.3694897, 2.976626;1.180884, -0.3251525, 2.678143;1.070541, -0.7253694, 2.988231;1.184538, -0.6876937, 2.593057;1.008227, -0.7916007, 2.963342;1.140615, -0.7703916, 2.553718;
1.001577, 0.8370219, 2.891754;1.06397, 0.6624832, 2.868281;1.055204, 0.2726744, 2.852531;0.9630362, 0.5118436, 3.047458;1.100404, 0.520238, 2.739617;0.8600967, -0.01559166, 2.949431;1.000009, 0.01858082, 2.58772;1.056534, 0.1972254, 2.853194;1.024762, 0.1282669, 2.902508;1.086638, 0.1456119, 2.794356;1.07215, -0.3667598, 2.975878;1.17768, -0.3198783, 2.679043;1.069443, -0.7251615, 2.987273;1.18464, -0.6880776, 2.593225;1.00899, -0.7905388, 2.963334;1.140009, -0.77048, 2.55397;
1.022785, 0.8444501, 2.901196;1.069653, 0.6644675, 2.871632;1.055511, 0.2737608, 2.851034;0.9760518, 0.5122558, 3.031202;1.111558, 0.5249748, 2.74197;0.8615184, -0.009611741, 2.949871;1.000238, 0.01988246, 2.587478;1.055439, 0.1980226, 2.850217;1.022267, 0.1293327, 2.897505;1.084869, 0.1463534, 2.79117;1.070464, -0.3654748, 2.974752;1.176346, -0.3192265, 2.678654;1.068794, -0.7246273, 2.987263;1.184553, -0.68809, 2.593293;1.008585, -0.7910089, 2.963279;1.141693, -0.7711895, 2.556159;
1.029538, 0.8471455, 2.903378;1.081178, 0.6682353, 2.872967;1.056878, 0.2766162, 2.84803;0.9818499, 0.5133101, 3.029526;1.117241, 0.5263445, 2.743577;0.8636914, -0.004226901, 2.948234;1.003307, 0.02501733, 2.588303;1.054872, 0.2003224, 2.846388;1.021084, 0.1308626, 2.893919;1.082674, 0.1485192, 2.78616;1.069738, -0.3639735, 2.973804;1.171649, -0.3238673, 2.674899;1.068112, -0.7256473, 2.98635;1.184654, -0.6899585, 2.593433;1.008485, -0.7918565, 2.963824;1.141875, -0.771538, 2.556467;
1.052006, 0.8526617, 2.92257;1.087713, 0.6695898, 2.875642;1.057199, 0.276205, 2.846796;0.9872734, 0.5135779, 3.025104;1.12598, 0.5267778, 2.745295;0.8642823, -0.002433859, 2.947367;1.006215, 0.02773602, 2.585171;1.053855, 0.1988663, 2.843716;1.018092, 0.1314002, 2.886412;1.081944, 0.1483241, 2.785785;1.067598, -0.362913, 2.971278;1.16864, -0.3225722, 2.673626;1.067926, -0.7253382, 2.986124;1.184619, -0.6895673, 2.593429;1.009351, -0.7913101, 2.963622;1.14174, -0.7712855, 2.556559;
1.053316, 0.8515759, 2.921182;1.096003, 0.6697112, 2.877973;1.058543, 0.2784304, 2.845339;0.9915983, 0.5133697, 3.022103;1.135263, 0.5269235, 2.745346;0.8694016, -0.0008730441, 2.94531;1.00894, 0.02809995, 2.585817;1.053812, 0.2012077, 2.841832;1.017468, 0.1320761, 2.88586;1.080984, 0.1495451, 2.782299;1.066828, -0.3628087, 2.970547;1.167071, -0.3224313, 2.672403;1.067924, -0.7254269, 2.98625;1.184316, -0.6890234, 2.593214;1.009833, -0.7914984, 2.963884;1.141259, -0.7710345, 2.556049;
1.065513, 0.851903, 2.930462;1.102337, 0.6687753, 2.881259;1.058931, 0.2780046, 2.844888;0.9944912, 0.5132386, 3.024563;1.141437, 0.5263335, 2.746263;0.8733732, -0.0001111999, 2.944449;1.013094, 0.02703276, 2.586148;1.053431, 0.2004435, 2.84086;1.01556, 0.1324572, 2.883052;1.080674, 0.1491622, 2.782171;1.06576, -0.3624525, 2.969855;1.163947, -0.3250372, 2.670144;1.067796, -0.7251658, 2.985986;1.183567, -0.6902838, 2.592567;1.010986, -0.7906273, 2.964409;1.137411, -0.7715991, 2.549802;
1.070496, 0.8504804, 2.937978;1.106371, 0.667323, 2.883435;1.059008, 0.2779136, 2.845004;0.9992979, 0.5113664, 3.022413;1.144055, 0.5256988, 2.747705;0.8756779, -0.008262657, 2.947279;1.018176, 0.02420161, 2.58516;1.053078, 0.2002934, 2.840936;1.014398, 0.1320426, 2.883734;1.079209, 0.1483439, 2.781739;1.064444, -0.3622227, 2.968904;1.16106, -0.3254797, 2.668947;1.067073, -0.7241665, 2.984103;1.183488, -0.6903111, 2.592558;1.010546, -0.7896804, 2.963496;1.137579, -0.7724193, 2.550927;
1.0712, 0.8510148, 2.932821;1.108811, 0.6676075, 2.88534;1.05957, 0.2770872, 2.844927;1.004713, 0.5129373, 3.025666;1.146637, 0.5244728, 2.749305;0.8770218, -0.007158615, 2.947168;1.023011, 0.02088059, 2.584697;1.052955, 0.1990868, 2.840522;1.014386, 0.1317534, 2.88259;1.078723, 0.1478084, 2.782128;1.063206, -0.3627488, 2.968603;1.158274, -0.3251913, 2.667815;1.067143, -0.7241834, 2.984445;1.183138, -0.6899781, 2.592431;1.010645, -0.7901009, 2.963639;1.138053, -0.7723629, 2.552568;
1.076031, 0.8513425, 2.93419;1.111803, 0.6673834, 2.886768;1.059386, 0.2761437, 2.845217;1.008461, 0.5147043, 3.02608;1.147948, 0.5238708, 2.750469;0.8792421, -0.007292211, 2.944346;1.030351, 0.02028365, 2.58425;1.051428, 0.1973809, 2.840709;1.012676, 0.130795, 2.882915;1.075998, 0.1461412, 2.782452;1.062474, -0.3624589, 2.968292;1.156145, -0.3249575, 2.667039;1.06752, -0.7242949, 2.98481;1.182768, -0.6911675, 2.592516;1.010772, -0.7899453, 2.963575;1.138713, -0.7726815, 2.553294;
1.077615, 0.8501171, 2.93556;1.113236, 0.666002, 2.886833;1.059133, 0.2756028, 2.84532;1.010703, 0.5143475, 3.024086;1.148869, 0.523021, 2.751392;0.8893681, 0.01077741, 2.940771;1.032593, 0.01720849, 2.584254;1.050372, 0.1967494, 2.840777;1.011514, 0.1307963, 2.882954;1.074036, 0.1455355, 2.782906;1.06083, -0.3620091, 2.967385;1.15425, -0.3228051, 2.666518;1.066257, -0.723256, 2.983997;1.182879, -0.6909888, 2.592587;1.011011, -0.7891645, 2.96293;1.138682, -0.7725531, 2.553467;
1.085091, 0.8504304, 2.940238;1.117955, 0.6657421, 2.889256;1.058692, 0.2739455, 2.845402;1.011976, 0.5151334, 3.022681;1.149281, 0.522482, 2.751932;0.8926062, 0.0112119, 2.941089;1.034083, 0.01439077, 2.583937;1.048394, 0.1942693, 2.840403;1.009171, 0.1295299, 2.882339;1.071563, 0.1437871, 2.782807;1.060215, -0.3622264, 2.967132;1.152678, -0.3227246, 2.666022;1.066071, -0.7225717, 2.983997;1.182952, -0.6942606, 2.592381;1.013382, -0.7899405, 2.963593;1.14157, -0.7735195, 2.55659;
1.085243, 0.849701, 2.940883;1.118457, 0.6649311, 2.889633;1.058171, 0.2703672, 2.844499;1.012723, 0.5143377, 3.02247;1.151156, 0.5216054, 2.752649;0.8987526, 0.01062595, 2.941807;1.03805, 0.01665308, 2.583733;1.047038, 0.1903218, 2.838935;1.007479, 0.1279149, 2.879175;1.070889, 0.1422939, 2.783206;1.058746, -0.3629081, 2.966598;1.151308, -0.3236316, 2.665386;1.06578, -0.7238245, 2.984566;1.183119, -0.6951044, 2.592383;1.012706, -0