1.034753, 0.8625528, 2.91399;1.103707, 0.6539306, 2.893418;1.055982, 0.2531996, 2.85973;1.013804, 0.509543, 3.051268;1.154578, 0.5154126, 2.768626;0.9303896, -0.1246951, 2.98038;1.121593, -0.02376181, 2.605949;1.046437, 0.1730534, 2.856587;1.007983, 0.1148027, 2.898644;1.071331, 0.1174441, 2.802328;1.051117, -0.3638112, 2.980237;1.153913, -0.326589, 2.68483;1.065132, -0.720301, 2.996506;1.192442, -0.7012284, 2.609399;1.012991, -0.7839507, 2.969905;1.148925, -0.7726707, 2.570032;
1.050298, 0.824677, 2.92025;1.10358, 0.654195, 2.893299;1.055952, 0.2535367, 2.859517;1.013824, 0.5096969, 3.051263;1.153998, 0.5157232, 2.769183;0.9015802, -0.056715, 2.98124;1.11965, -0.02665193, 2.605963;1.046429, 0.1734122, 2.856347;1.008027, 0.1149027, 2.898607;1.071196, 0.1176468, 2.801637;1.051098, -0.3635294, 2.97976;1.153622, -0.329836, 2.684019;1.065168, -0.7203191, 2.996468;1.191991, -0.7009202, 2.608719;1.010205, -0.7843147, 2.969206;1.148752, -0.7727754, 2.569789;
1.050482, 0.8240864, 2.920949;1.103555, 0.6541681, 2.893252;1.055864, 0.2537036, 2.85952;1.014047, 0.5101042, 3.051538;1.153922, 0.5157233, 2.769103;0.9123789, -0.07025651, 2.978256;1.12009, -0.0250482, 2.606068;1.046314, 0.1736691, 2.85637;1.007958, 0.1151906, 2.898813;1.071032, 0.1177352, 2.801527;1.051532, -0.362358, 2.979218;1.153353, -0.3310077, 2.683227;1.06403, -0.7201743, 2.995679;1.190281, -0.7010734, 2.60675;1.010143, -0.7848655, 2.969016;1.146692, -0.7738626, 2.566098;
1.049974, 0.8251592, 2.920573;1.103909, 0.654281, 2.893298;1.055904, 0.2537223, 2.859613;1.014118, 0.5102246, 3.051785;1.154332, 0.5159521, 2.769067;0.9252244, -0.09668697, 2.984955;1.120178, -0.02281961, 2.606266;1.046329, 0.1736771, 2.856471;1.00794, 0.1151324, 2.898983;1.071068, 0.117685, 2.801556;1.052198, -0.3624774, 2.979737;1.153284, -0.3310518, 2.683299;1.064344, -0.7222739, 2.995836;1.19023, -0.7012812, 2.606889;1.009969, -0.7862343, 2.969475;1.146642, -0.7739049, 2.566269;
1.049181, 0.8245334, 2.920423;1.103832, 0.6543673, 2.893158;1.055897, 0.2539397, 2.859683;1.014334, 0.5106395, 3.051862;1.15409, 0.5161161, 2.769218;0.91532, -0.06875293, 2.979212;1.120425, -0.0212936, 2.606669;1.046338, 0.1739505, 2.856607;1.008073, 0.115316, 2.899644;1.071022, 0.1177053, 2.801493;1.052317, -0.3617381, 2.979412;1.15327, -0.3309813, 2.68336;1.064351, -0.7220382, 2.995767;1.189811, -0.7017251, 2.606535;1.008597, -0.7863887, 2.968261;1.146032, -0.7745261, 2.565113;
1.049095, 0.8233196, 2.920491;1.10395, 0.6543314, 2.893083;1.055932, 0.2539912, 2.859701;1.014293, 0.5106438, 3.051808;1.154118, 0.5160545, 2.768956;0.92531, -0.1195785, 2.985756;1.119027, -0.02513782, 2.604876;1.046367, 0.1740231, 2.856642;1.008071, 0.1153471, 2.899725;1.07103, 0.1177109, 2.801491;1.052552, -0.3624614, 2.979918;1.153424, -0.3305191, 2.683566;1.063779, -0.7227203, 2.994761;1.18943, -0.6998517, 2.605656;1.008524, -0.7862657, 2.96829;1.146516, -0.7742324, 2.56527;
1.050265, 0.828766, 2.921815;1.103567, 0.6552433, 2.893024;1.055948, 0.2540184, 2.859721;1.014569, 0.5111076, 3.052078;1.15408, 0.5160708, 2.76897;0.9060296, -0.07241562, 2.9943;1.119624, -0.02296945, 2.605527;1.046401, 0.1740204, 2.856665;1.008225, 0.1154009, 2.899751;1.071051, 0.1176961, 2.801514;1.052495, -0.3623684, 2.979925;1.153473, -0.3304651, 2.683698;1.063667, -0.7229713, 2.99465;1.190439, -0.7013896, 2.606287;1.008503, -0.7859751, 2.967987;1.147162, -0.7740102, 2.565244;
1.050348, 0.8264085, 2.922576;1.10387, 0.6555046, 2.893636;1.055806, 0.2547506, 2.860075;1.014571, 0.5110747, 3.052064;1.153727, 0.5158899, 2.769235;0.9074329, -0.06728408, 2.995412;1.119933, -0.02108414, 2.605489;1.046157, 0.1748533, 2.856976;1.007995, 0.1161148, 2.900212;1.070655, 0.11827, 2.801509;1.052494, -0.3623684, 2.979867;1.152945, -0.3294664, 2.683791;1.063662, -0.7229556, 2.994596;1.18994, -0.6998813, 2.60625;1.009111, -0.7862036, 2.968303;1.146877, -0.7738706, 2.565447;
1.050105, 0.8250298, 2.921637;1.103861, 0.6554719, 2.893626;1.055893, 0.2548501, 2.860026;1.014837, 0.5114717, 3.052016;1.153774, 0.5160519, 2.769103;0.9259045, -0.1155163, 2.985552;1.119166, -0.02358405, 2.604413;1.046292, 0.1749997, 2.856906;1.008182, 0.1162701, 2.900169;1.070758, 0.1183605, 2.80139;1.052595, -0.3623938, 2.979971;1.152917, -0.3292493, 2.683787;1.063603, -0.7229258, 2.994041;1.189851, -0.6993587, 2.606372;1.008348, -0.7865605, 2.968413;1.147807, -0.7735218, 2.565855;
1.050518, 0.824422, 2.922101;1.103862, 0.6555296, 2.893785;1.05577, 0.2549772, 2.860344;1.014984, 0.5120315, 3.051389;1.153733, 0.5161787, 2.769065;0.9396018, -0.03989422, 2.996803;1.118503, -0.02535342, 2.603758;1.046137, 0.1751176, 2.857258;1.007981, 0.1157859, 2.900727;1.070395, 0.1191097, 2.801856;1.052596, -0.3624313, 2.979735;1.152918, -0.3292195, 2.683801;1.063694, -0.7229444, 2.994088;1.189505, -0.6992072, 2.606012;1.00736, -0.7860476, 2.967977;1.148233, -0.7738025, 2.566782;
1.050575, 0.8239585, 2.921991;1.103732, 0.6556413, 2.893195;1.055664, 0.2552409, 2.8606;1.015342, 0.5125152, 3.051706;1.153739, 0.5164272, 2.76958;0.9401272, -0.03829596, 2.997815;1.118122, -0.02579902, 2.60352;1.046, 0.1754774, 2.85776;1.007894, 0.1153453, 2.901726;1.070051, 0.1199381, 2.802391;1.052673, -0.3621579, 2.979516;1.152992, -0.3289801, 2.683901;1.063675, -0.7229005, 2.994138;1.189974, -0.695532, 2.607058;1.007594, -0.7859256, 2.967724;1.147669, -0.7728509, 2.567054;
1.050814, 0.823428, 2.922021;1.104078, 0.6553663, 2.892887;1.055675, 0.2552186, 2.860672;1.015501, 0.5132108, 3.051536;1.153824, 0.5165055, 2.769634;0.9392858, -0.03957189, 2.997168;1.118497, -0.02443346, 2.603513;1.045986, 0.1754502, 2.857905;1.007832, 0.115085, 2.901891;1.07001, 0.1202348, 2.80278;1.052692, -0.3620527, 2.97963;1.152087, -0.3279578, 2.684208;1.063442, -0.7226576, 2.994343;1.190255, -0.6978286, 2.606699;1.015515, -0.787921, 2.947505;1.147793, -0.7732624, 2.567682;
1.050818, 0.8234342, 2.922069;1.103998, 0.6553201, 2.892708;1.055505, 0.2555737, 2.860934;1.015498, 0.5131051, 3.051958;1.15383, 0.5165173, 2.769665;0.9387385, -0.04108226, 2.997431;1.118214, -0.02530084, 2.603254;1.045765, 0.1759569, 2.858339;1.007509, 0.1146473, 2.902884;1.069733, 0.1206913, 2.802852;1.05268, -0.3622662, 2.979333;1.152042, -0.3278958, 2.684297;1.06452, -0.7254757, 2.996149;1.190248, -0.6979568, 2.606693;1.013688, -0.7878151, 2.959533;1.147832, -0.7732906, 2.56768;
1.050296, 0.8217848, 2.920592;1.104122, 0.6553575, 2.892761;1.055507, 0.2555672, 2.860952;1.015521, 0.5132453, 3.051922;1.153742, 0.516457, 2.769403;0.9393788, -0.04070383, 2.997844;1.117999, -0.02611317, 2.603028;1.04576, 0.175933, 2.858356;1.007504, 0.11436, 2.902834;1.069695, 0.1207959, 2.802867;1.052958, -0.3617655, 2.979293;1.151805, -0.3277981, 2.684132;1.064806, -0.725053, 2.99652;1.190278, -0.698026, 2.606737;1.011413, -0.7873396, 2.961465;1.147934, -0.7732881, 2.567951;
1.050608, 0.82146, 2.920543;1.104432, 0.6554575, 2.892707;1.05535, 0.2557938, 2.860953;1.015642, 0.5136608, 3.052117;1.1539, 0.5165557, 2.769303;0.9397212, -0.03940459, 2.997464;1.117973, -0.02633467, 2.602923;1.045466, 0.1762097, 2.858363;1.007085, 0.1143842, 2.902826;1.069201, 0.1215676, 2.802816;1.053589, -0.3615584, 2.979246;1.151562, -0.3273143, 2.68423;1.064843, -0.7243873, 2.996377;1.189803, -0.6966136, 2.606323;1.013174, -0.7873311, 2.952727;1.147948, -0.7732649, 2.568827;
1.050556, 0.8214425, 2.920559;1.104289, 0.6553749, 2.892794;1.055259, 0.255833, 2.861139;1.015666, 0.5138121, 3.051942;1.153727, 0.5165511, 2.769283;0.9349355, -0.1224763, 2.983667;1.117586, -0.02741875, 2.603092;1.045391, 0.176252, 2.858557;1.007069, 0.1142118, 2.903085;1.069079, 0.1217445, 2.802967;1.05367, -0.3614713, 2.979277;1.151791, -0.3272361, 2.684145;1.064774, -0.7244456, 2.996273;1.189563, -0.6950963, 2.606229;1.011917, -0.7852353, 2.961641;1.148137, -0.7720706, 2.568249;
1.050443, 0.8207127, 2.920184;1.104458, 0.6554996, 2.892919;1.055319, 0.2558124, 2.86119;1.015688, 0.5138509, 3.051439;1.153722, 0.5165492, 2.769287;0.933848, -0.1223444, 2.98227;1.117518, -0.02683592, 2.602862;1.04545, 0.1761967, 2.858599;1.007167, 0.1140482, 2.903068;1.069147, 0.1217964, 2.803029;1.053648, -0.3613956, 2.979231;1.151791, -0.3270865, 2.684162;1.064415, -0.7237063, 2.995628;1.189196, -0.6943254, 2.606503;1.01, -0.7872365, 2.962983;1.148156, -0.7720581, 2.568239;
1.050303, 0.8204096, 2.919925;1.10453, 0.6554418, 2.892842;1.055298, 0.2557734, 2.861183;1.015674, 0.5138786, 3.051672;1.153611, 0.5165068, 2.769054;0.9338077, -0.1227116, 2.982444;1.117309, -0.02741894, 2.602464;1.045407, 0.176132, 2.858592;1.0071, 0.1138193, 2.902993;1.069097, 0.121838, 2.803039;1.053716, -0.3613661, 2.979248;1.151806, -0.3271844, 2.684211;1.064613, -0.7238451, 2.99571;1.18917, -0.6937983, 2.606528;1.008235, -0.7868456, 2.963962;1.147897, -0.7718095, 2.568456;
1.050702, 0.8218446, 2.919854;1.104584, 0.655453, 2.892815;1.0553, 0.2557822, 2.861161;1.015898, 0.5145107, 3.052912;1.153646, 0.5165089, 2.768985;0.9402333, -0.03829549, 2.99801;1.117244, -0.02784938, 2.602526;1.045404, 0.1761355, 2.858563;1.007087, 0.1136986, 2.902896;1.069083, 0.1219926, 2.802952;1.053713, -0.3612118, 2.979335;1.151709, -0.3270303, 2.684276;1.064721, -0.7238129, 2.995784;1.189175, -0.6937408, 2.606577;1.014241, -0.7882669, 2.949834;1.147588, -0.7717662, 2.568857;
1.047955, 0.8203936, 2.917315;1.104191, 0.6549336, 2.89195;1.055251, 0.2557677, 2.861185;1.015935, 0.5146078, 3.052955;1.153658, 0.5165399, 2.768997;0.9398067, -0.0389224, 2.996993;1.117115, -0.02879051, 2.602215;1.045351, 0.1761312, 2.85865;1.007007, 0.1134806, 2.903173;1.069037, 0.1220283, 2.803024;1.053557, -0.3611898, 2.979214;1.151732, -0.3278237, 2.684102;1.064747, -0.7235658, 2.995617;1.189348, -0.6944394, 2.606776;1.008927, -0.7887055, 2.957466;1.148715, -0.7722955, 2.570186;
1.04776, 0.8205026, 2.91724;1.104237, 0.6549457, 2.891969;1.055239, 0.255686, 2.861477;1.015961, 0.5146461, 3.052938;1.153582, 0.5163845, 2.76899;0.939896, -0.03856227, 2.997011;1.116995, -0.02948933, 2.602139;1.045318, 0.1759908, 2.859047;1.007021, 0.1134345, 2.903353;1.068961, 0.1221505, 2.803828;1.053228, -0.3600875, 2.978566;1.151706, -0.3277131, 2.684213;1.063793, -0.7212621, 2.993601;1.189437, -0.6949485, 2.60677;1.009732, -0.7883734, 2.960814;1.149616, -0.7727357, 2.570822;
1.047792, 0.8203871, 2.917451;1.104013, 0.6547107, 2.891953;1.055246, 0.2556951, 2.861475;1.015904, 0.5145167, 3.052958;1.154295, 0.5165694, 2.768604;0.9399552, -0.03857668, 2.997164;1.117165, -0.02990302, 2.602297;1.04536, 0.1760296, 2.859041;1.007028, 0.1134172, 2.903341;1.069175, 0.1222291, 2.803782;1.053692, -0.3609173, 2.97902;1.151713, -0.3278776, 2.684116;1.064144, -0.7212597, 2.994997;1.189122, -0.6963703, 2.605824;1.009882, -0.7877819, 2.963079;1.14715, -0.7740066, 2.563908;
1.047904, 0.8202037, 2.917523;1.103991, 0.6546181, 2.892214;1.055225, 0.2556904, 2.861595;1.015639, 0.5142812, 3.052609;1.154307, 0.5167747, 2.768766;0.9397541, -0.03985944, 2.998439;1.117254, -0.03024817, 2.602432;1.045347, 0.1760294, 2.859135;1.006948, 0.1132209, 2.903538;1.06918, 0.1222334, 2.803787;1.053438, -0.361314, 2.978823;1.151631, -0.3279653, 2.684216;1.063631, -0.7224312, 2.994825;1.189077, -0.6963401, 2.606128;1.007482, -0.7899423, 2.964663;1.14784, -0.7738291, 2.5643;
1.04814, 0.8202087, 2.917927;1.104061, 0.6546097, 2.89229;1.055186, 0.2554348, 2.861567;1.015636, 0.5142831, 3.052572;1.153698, 0.5163194, 2.768911;0.9394793, -0.04170638, 2.998046;1.11735, -0.03124996, 2.602745;1.045273, 0.175639, 2.859057;1.006941, 0.1129477, 2.903316;1.069138, 0.1221899, 2.803786;1.052844, -0.3610456, 2.978578;1.151512, -0.3278045, 2.68398;1.064038, -0.7239202, 2.994556;1.189165, -0.696917, 2.606211;1.011447, -0.7882828, 2.969718;1.148131, -0.7743313, 2.565601;
1.047508, 0.8194175, 2.916954;1.104312, 0.6546229, 2.892588;1.055248, 0.2554907, 2.86172;1.015708, 0.5147809, 3.053392;1.153722, 0.5164009, 2.768897;0.9394887, -0.04197826, 2.998528;1.117126, -0.03218391, 2.602586;1.045318, 0.1756976, 2.859188;1.00697, 0.1129768, 2.903335;1.069188, 0.1224199, 2.804088;1.052892, -0.3610819, 2.978639;1.151584, -0.3277179, 2.684068;1.063866, -0.7239041, 2.994636;1.18891, -0.6963894, 2.605851;1.011689, -0.7914242, 2.974091;1.147725, -0.7739757, 2.565878;
1.047461, 0.8192261, 2.917045;1.104337, 0.6544541, 2.892991;1.055287, 0.2553842, 2.861868;1.015668, 0.5148069, 3.053218;1.153676, 0.516377, 2.768931;0.9395837, -0.04187921, 2.99871;1.117009, -0.03264619, 2.602522;1.045365, 0.1755994, 2.859298;1.007023, 0.1128421, 2.903408;1.069233, 0.1224018, 2.804142;1.052777, -0.361102, 2.97865;1.151602, -0.3278207, 2.683946;1.063799, -0.7233296, 2.995133;1.187891, -0.6961699, 2.604876;1.011663, -0.7906901, 2.973591;1.147904, -0.7740015, 2.566291;
1.047507, 0.8191125, 2.916924;1.104338, 0.6544348, 2.892947;1.055171, 0.2553369, 2.86178;1.015811, 0.5145109, 3.052628;1.153625, 0.5163783, 2.768874;0.9396033, -0.04187933, 2.998588;1.116929, -0.03278675, 2.602123;1.045212, 0.1755435, 2.859192;1.006867, 0.1128362, 2.903255;1.069067, 0.122468, 2.804044;1.052641, -0.3609667, 2.97865;1.151788, -0.3281041, 2.683825;1.063604, -0.7231576, 2.994837;1.187866, -0.696347, 2.60477;1.01892, -0.7895377, 2.943008;1.148137, -0.7742518, 2.566538;
1.047804, 0.819815, 2.917431;1.104347, 0.6544899, 2.892948;1.055185, 0.2554225, 2.861738;1.015898, 0.5144525, 3.053039;1.153765, 0.5164561, 2.768937;0.9400808, -0.04038553, 2.999394;1.117282, -0.03285895, 2.602443;1.045233, 0.1756377, 2.859135;1.006887, 0.112833, 2.903155;1.069128, 0.1228576, 2.803959;1.052976, -0.3602977, 2.978177;1.151561, -0.3275044, 2.683623;1.0637, -0.7238057, 2.995109;1.188359, -0.6930971, 2.605456;1.014682, -0.7887087, 2.96248;1.147685, -0.7735335, 2.566844;
1.047337, 0.8196619, 2.916805;1.104349, 0.6544643, 2.892917;1.055186, 0.2554985, 2.861807;1.015884, 0.5145595, 3.053033;1.153736, 0.5164874, 2.768957;0.9399107, -0.04002972, 2.999067;1.115271, -0.03898099, 2.601012;1.045241, 0.1757653, 2.859252;1.006905, 0.1128534, 2.903322;1.069119, 0.1229161, 2.803995;1.052904, -0.3614172, 2.979339;1.151564, -0.3274259, 2.683701;1.063518, -0.7241629, 2.994999;1.188215, -0.6929966, 2.605527;1.010726, -0.7909503, 2.965122;1.147916, -0.773461, 2.568696;
1.047391, 0.8196079, 2.916791;1.104543, 0.6546435, 2.893253;1.055216, 0.2554926, 2.861826;1.015782, 0.5143973, 3.052296;1.153495, 0.516328, 2.768945;0.9400083, -0.04012959, 2.999117;1.115336, -0.03889295, 2.601001;1.045266, 0.1757479, 2.859252;1.006963, 0.1127971, 2.903308;1.069128, 0.1229156, 2.803979;1.05294, -0.3614551, 2.979343;1.151337, -0.3270246, 2.683833;1.063544, -0.7240689, 2.994952;1.188322, -0.6922697, 2.60596;1.010559, -0.7902183, 2.965436;1.147801, -0.7732005, 2.568836;
1.047455, 0.819543, 2.916872;1.1045, 0.6545315, 2.893464;1.055215, 0.2555296, 2.86185;1.015727, 0.5144325, 3.052069;1.153839, 0.5164624, 2.768698;0.9406176, -0.04251089, 3.000667;1.115168, -0.0392331, 2.600668;1.045272, 0.1758019, 2.859258;1.006945, 0.1128163, 2.903269;1.069219, 0.1231109, 2.804032;1.052972, -0.3614247, 2.979313;1.1514, -0.3264978, 2.68413;1.06385, -0.7233236, 2.995449;1.188602, -0.6918452, 2.606211;1.010121, -0.789018, 2.965123;1.147821, -0.7727266, 2.568729;
1.047338, 0.8199538, 2.917058;1.104174, 0.6550682, 2.893513;1.055156, 0.255672, 2.861922;1.015766, 0.5148067, 3.052473;1.153753, 0.5165095, 2.768576;0.9409259, -0.0429642, 3.000826;1.113675, -0.04466249, 2.599241;1.045246, 0.1758908, 2.859316;1.006953, 0.1128525, 2.903312;1.069188, 0.1231827, 2.804065;1.053015, -0.3607411, 2.979156;1.15148, -0.3265599, 2.684117;1.06383, -0.7233835, 2.995397;1.188555, -0.6918226, 2.606253;1.00936, -0.7887527, 2.966285;1.148047, -0.7725783, 2.568762;
1.048495, 0.8197223, 2.919519;1.104163, 0.6546892, 2.893359;1.055038, 0.2555777, 2.861927;1.015751, 0.5147339, 3.052299;1.153483, 0.5163416, 2.768314;0.9409125, -0.04306902, 3.000835;1.119701, -0.02317385, 2.602978;1.045108, 0.175817, 2.859335;1.006848, 0.1128342, 2.903304;1.069009, 0.1231774, 2.804123;1.05295, -0.3607618, 2.979084;1.151332, -0.3264499, 2.684103;1.065284, -0.7245235, 2.997411;1.188911, -0.6907599, 2.606691;1.010106, -0.7885917, 2.968246;1.148687, -0.7719186, 2.569318;
1.047964, 0.8200992, 2.919614;1.104164, 0.6546903, 2.893354;1.055086, 0.2554512, 2.861888;1.015529, 0.5145199, 3.051836;1.153342, 0.5163784, 2.768067;0.9409112, -0.04281281, 3.001259;1.11956, -0.02311899, 2.602858;1.045184, 0.1756219, 2.859276;1.006926, 0.1126938, 2.903168;1.069096, 0.1230992, 2.804119;1.053075, -0.3605195, 2.978912;1.151298, -0.3266384, 2.684153;1.064471, -0.7212976, 2.996;1.189095, -0.6934752, 2.606715;1.020225, -0.7887498, 2.939428;1.147241, -0.7724901, 2.567214;
1.047338, 0.8211025, 2.920272;1.104069, 0.6548621, 2.893118;1.055107, 0.2554735, 2.861871;1.015434, 0.5144222, 3.051669;1.153197, 0.5165985, 2.767986;0.9413674, -0.04057422, 3.002238;1.119429, -0.02336973, 2.602507;1.045222, 0.1756382, 2.859268;1.006989, 0.1126827, 2.90317;1.069149, 0.1231228, 2.804106;1.052888, -0.3605469, 2.978705;1.151287, -0.3260313, 2.684402;1.064035, -0.7214716, 2.996019;1.189253, -0.6939897, 2.606938;1.008509, -0.7899739, 2.968539;1.148201, -0.7724042, 2.567582;
1.041919, 0.8203819, 2.922445;1.103134, 0.6546389, 2.892932;1.055012, 0.2565657, 2.862321;1.01309, 0.512301, 3.056723;1.152665, 0.5168455, 2.767619;0.941004, -0.03906415, 3.003781;1.11892, -0.02360307, 2.602155;1.045354, 0.1773195, 2.859981;1.007131, 0.1129902, 2.904567;1.069248, 0.1236115, 2.803976;1.052379, -0.3597135, 2.978435;1.15126, -0.3257787, 2.684579;1.064275, -0.722131, 2.995879;1.189231, -0.6936364, 2.60694;1.007832, -0.7904015, 2.973294;1.147917, -0.7722089, 2.568126;
1.036368, 0.8191307, 2.923615;1.100443, 0.6553758, 2.891466;1.054609, 0.2586583, 2.863101;1.012753, 0.5148166, 3.061611;1.15122, 0.5176339, 2.768041;0.9406967, -0.03605414, 3.005442;1.117899, -0.02363903, 2.601351;1.045332, 0.179938, 2.861277;1.007699, 0.1139004, 2.907624;1.069104, 0.1244087, 2.803984;1.052171, -0.3597467, 2.978318;1.150642, -0.3250449, 2.68476;1.064417, -0.7219, 2.996133;1.189461, -0.6933325, 2.606936;1.008711, -0.7894923, 2.972925;1.148036, -0.7717602, 2.567952;
1.027795, 0.8164739, 2.920514;1.096735, 0.6540654, 2.89215;1.053741, 0.2610349, 2.865832;1.000431, 0.5121552, 3.100938;1.149912, 0.5177365, 2.767899;0.9290499, -0.1189074, 2.995614;1.112995, -0.02498326, 2.598588;1.044994, 0.1832963, 2.864793;1.007346, 0.1150938, 2.912717;1.069161, 0.125543, 2.805364;1.050493, -0.3599216, 2.977922;1.149677, -0.3267431, 2.684391;1.064225, -0.7221298, 2.996416;1.189992, -0.6949545, 2.606876;1.010129, -0.7887003, 2.974743;1.147956, -0.7718154, 2.568168;
1.017493, 0.8141737, 2.915618;1.093032, 0.6534282, 2.890182;1.053588, 0.2613698, 2.866741;0.9999623, 0.5127139, 3.102524;1.146723, 0.5173158, 2.768609;0.9356812, -0.03350241, 3.010659;1.107699, -0.02933334, 2.595657;1.045243, 0.1837325, 2.866318;1.008074, 0.1148712, 2.9154;1.069749, 0.1261651, 2.807436;1.049268, -0.3603942, 2.978095;1.147777, -0.3299457, 2.683295;1.063677, -0.7224824, 2.995891;1.190199, -0.6950588, 2.607128;1.010609, -0.7891685, 2.975044;1.14771, -0.7715537, 2.567568;
1.008469, 0.8101622, 2.90969;1.087849, 0.653064, 2.888773;1.052954, 0.2617083, 2.868245;0.9933516, 0.5102798, 3.083513;1.144577, 0.5171819, 2.768702;0.9313355, -0.03170118, 3.012814;1.101247, -0.03449892, 2.593095;1.045129, 0.1840741, 2.868372;1.008024, 0.1142789, 2.919258;1.07021, 0.1257685, 2.809212;1.047057, -0.3606565, 2.978176;1.145297, -0.3319893, 2.682435;1.063712, -0.722319, 2.996011;1.189384, -0.6996307, 2.606076;1.010673, -0.7890002, 2.974989;1.148267, -0.7729717, 2.569371;
0.9960563, 0.8034533, 2.900393;1.075025, 0.6483223, 2.893339;1.051727, 0.2625385, 2.872631;0.99135, 0.5115931, 3.084029;1.141469, 0.5164658, 2.768248;0.9279307, -0.03329618, 3.013471;1.097639, -0.03522081, 2.591236;1.045378, 0.1854492, 2.873037;1.008984, 0.1144155, 2.925261;1.071696, 0.1257643, 2.812566;1.045419, -0.360636, 2.977948;1.135627, -0.337043, 2.676215;1.06361, -0.722404, 2.995746;1.187763, -0.6998116, 2.604949;1.012721, -0.7918696, 2.96531;1.146253, -0.7730159, 2.568267;
0.979111, 0.7971742, 2.898887;1.06502, 0.6422511, 2.893517;1.051094, 0.2612166, 2.87571;0.98734, 0.5105056, 3.080772;1.137059, 0.5140553, 2.767227;0.9165631, -0.04078737, 3.015644;1.092739, -0.03720476, 2.588561;1.046198, 0.1844413, 2.87669;1.011256, 0.1108814, 2.932381;1.074343, 0.1232158, 2.815709;1.039087, -0.359836, 2.976568;1.128273, -0.3412915, 2.670941;1.061754, -0.7222607, 2.996155;1.187316, -0.7007733, 2.604938;1.013058, -0.7915833, 2.971122;1.14385, -0.7719868, 2.563605;
0.9564902, 0.7841146, 2.901284;1.058383, 0.6358546, 2.889612;1.051301, 0.2590961, 2.877054;0.9821718, 0.5058068, 3.077233;1.131946, 0.5110941, 2.765101;0.9109195, -0.03913079, 3.014308;1.085388, -0.0408258, 2.586004;1.047796, 0.1824156, 2.878752;1.013948, 0.1079824, 2.935757;1.078317, 0.1194231, 2.817922;1.029021, -0.3574226, 2.974069;1.124306, -0.3454053, 2.667976;1.061785, -0.7221715, 2.996867;1.185796, -0.7058529, 2.603594;1.012419, -0.7911897, 2.97323;1.143605, -0.7733397, 2.564976;
0.9377883, 0.7652303, 2.888333;1.046406, 0.622551, 2.88514;1.050329, 0.250575, 2.882167;0.9754446, 0.4966554, 3.071251;1.126123, 0.5064763, 2.763531;0.9007835, -0.05175676, 3.015836;1.079571, -0.03885508, 2.583925;1.049363, 0.17459, 2.8854;1.016815, 0.09874894, 2.946752;1.082818, 0.1088723, 2.823817;1.022231, -0.3578506, 2.972447;1.121615, -0.3467335, 2.666306;1.061624, -0.7232005, 2.996601;1.184159, -0.7067388, 2.603446;1.007289, -0.7933197, 2.980361;1.143972, -0.7733113, 2.564673;
0.9176595, 0.7465533, 2.87858;1.037945, 0.6093502, 2.881588;1.050964, 0.2442509, 2.885592;0.9729283, 0.4977988, 3.06564;1.117605, 0.4950182, 2.758848;0.8912138, -0.05974738, 3.013431;1.074128, -0.04126329, 2.57988;1.05198, 0.169284, 2.889982;1.021121, 0.09531935, 2.951616;1.086686, 0.1027524, 2.829083;1.015877, -0.357259, 2.970838;1.117272, -0.348074, 2.661743;1.061165, -0.7229905, 2.99588;1.183027, -0.7065923, 2.603396;1.007188, -0.7931681, 2.980259;1.139616, -0.7762641, 2.561482;
0.9021695, 0.7254263, 2.861844;1.032578, 0.5969766, 2.878726;1.052657, 0.2367369, 2.887467;0.9559541, 0.4630656, 3.059529;1.11186, 0.4845467, 2.753778;0.8837817, -0.06830529, 3.013797;1.067405, -0.04271574, 2.575349;1.055381, 0.1630719, 2.892595;1.026028, 0.08740821, 2.95624;1.093048, 0.09461315, 2.831232;1.012629, -0.3580681, 2.970544;1.113602, -0.3472099, 2.659739;1.06117, -0.722896, 2.995921;1.182039, -0.707094, 2.603254;1.007094, -0.7928461, 2.979305;1.140535, -0.777118, 2.56372;
0.8815321, 0.70214, 2.849169;1.019182, 0.5718582, 2.868801;1.054222, 0.2231328, 2.889631;0.9516436, 0.4581347, 3.057225;1.105929, 0.4740342, 2.750529;0.8721033, -0.08725609, 3.014947;1.054578, -0.0624178, 2.567412;1.059638, 0.1513465, 2.896524;1.031552, 0.07536259, 2.963338;1.101311, 0.08151196, 2.83514;1.008762, -0.3586674, 2.969711;1.108872, -0.3392695, 2.657403;1.060428, -0.7227142, 2.995573;1.181674, -0.7080599, 2.6026;1.007287, -0.7927713, 2.979081;1.141128, -0.7780536, 2.565739;
0.8593693, 0.6730062, 2.840494;1.000541, 0.549087, 2.874601;1.058314, 0.2059356, 2.891932;0.9365577, 0.4353095, 3.042639;1.092841, 0.4564053, 2.747785;0.8565143, -0.1053998, 3.001345;1.043811, -0.07463669, 2.560883;1.068606, 0.1350175, 2.898956;1.04276, 0.06229318, 2.964221;1.113975, 0.07075088, 2.837504;1.005778, -0.3604186, 2.970288;1.109152, -0.339849, 2.656742;1.059695, -0.7234554, 2.996067;1.1812, -0.7136159, 2.60118;1.011261, -0.7945935, 2.98508;1.141829, -0.7790795, 2.568264;
0.8342431, 0.6403917, 2.830545;0.9840901, 0.5284702, 2.873191;1.061353, 0.1932736, 2.894666;0.9256235, 0.4024807, 3.035007;1.079519, 0.4364427, 2.7449;0.8417315, -0.1466185, 3.000437;1.030482, -0.09134414, 2.554863;1.075286, 0.1238652, 2.902459;1.055895, 0.04837505, 2.971084;1.125863, 0.05877552, 2.840588;1.004459, -0.3622195, 2.970475;1.110454, -0.3403991, 2.655938;1.058558, -0.7242527, 2.994737;1.180885, -0.7135651, 2.601384;1.012664, -0.7952543, 2.99018;1.140174, -0.7792754, 2.568132;
0.803767, 0.5792505, 2.803876;0.94342, 0.4514433, 2.855291;1.07679, 0.1423369, 2.891146;0.8981534, 0.3508564, 3.011297;1.053162, 0.3902118, 2.736621;0.8241344, -0.1662386, 2.987478;0.9983172, -0.1822463, 2.53653;1.103465, 0.08051568, 2.901853;1.094661, 0.009565601, 2.973213;1.167053, 0.02449461, 2.84148;1.001803, -0.3820945, 2.973986;1.113576, -0.3469012, 2.653957;1.058178, -0.7251615, 2.994907;1.181239, -0.7138537, 2.601149;1.011947, -0.795399, 2.990269;1.140511, -0.779225, 2.568801;
0.7834259, 0.5362256, 2.785568;0.9355955, 0.431281, 2.84587;1.079094, 0.134988, 2.889163;0.8892595, 0.3386213, 3.004877;1.045772, 0.3755769, 2.732761;0.8215227, -0.2103954, 2.989744;0.9885468, -0.226495, 2.52545;1.106959, 0.07434686, 2.900624;1.098896, 0.005619208, 2.970148;1.169554, 0.02226101, 2.842669;1.002391, -0.3842287, 2.975619;1.113664, -0.3529221, 2.6519;1.058256, -0.7253097, 2.994756;1.180891, -0.713713, 2.60068;1.011107, -0.794863, 2.987691;1.140675, -0.7790958, 2.568638;
0.7552958, 0.4551206, 2.755641;0.9125776, 0.3461453, 2.830901;1.08568, 0.0761696, 2.887223;0.8710797, 0.2462616, 2.977762;1.028797, 0.3050528, 2.708061;0.8026797, -0.2434953, 2.963963;0.9703289, -0.2705476, 2.519629;1.1203, 0.02217444, 2.902007;1.120392, -0.04377665, 2.966547;1.187699, -0.01653684, 2.855436;0.9909915, -0.4221466, 2.9829;1.112562, -0.3653107, 2.647721;1.058685, -0.7251819, 2.994877;1.179508, -0.7088147, 2.599409;1.00943, -0.7931498, 2.985123;1.140783, -0.7788023, 2.56841;
0.7528856, 0.4316934, 2.75262;0.9047462, 0.3294072, 2.819016;1.078152, 0.06542269, 2.883455;0.8700563, 0.1805304, 2.972783;1.022897, 0.2918001, 2.707676;0.7928233, -0.287872, 2.951853;0.9643034, -0.2855656, 2.520433;1.112782, 0.01228501, 2.899447;1.115632, -0.06120664, 2.971906;1.18179, -0.03917391, 2.849113;0.9909256, -0.439981, 2.985931;1.114032, -0.3860617, 2.6421;1.058289, -0.7266192, 2.994702;1.179423, -0.7152468, 2.598347;1.007802, -0.7940509, 2.983176;1.140603, -0.7789398, 2.568406;
0.7438819, 0.3682445, 2.737713;0.8964665, 0.2774211, 2.802823;1.083853, 0.04176979, 2.875285;0.8670292, 0.1687815, 2.965736;1.022403, 0.2573105, 2.70102;0.7836643, -0.3384355, 2.949881;0.9545918, -0.3180256, 2.517609;1.120114, -0.006539723, 2.89289;1.128033, -0.08006097, 2.969639;1.196789, -0.05355285, 2.842417;0.9873062, -0.4513729, 2.992601;1.125503, -0.4150393, 2.640095;1.060014, -0.7304115, 2.996355;1.180525, -0.7224033, 2.597782;1.007818, -0.7938592, 2.98286;1.136574, -0.7801872, 2.562184;
0.7319064, 0.3396646, 2.724617;0.8912046, 0.2587873, 2.788935;1.084417, 0.03147509, 2.872965;0.855774, 0.1557537, 2.951276;1.019689, 0.2273813, 2.691299;0.782254, -0.3664308, 2.946972;0.9439451, -0.3745951, 2.509474;1.121869, -0.01499735, 2.892191;1.129915, -0.08373823, 2.969552;1.198152, -0.0564116, 2.843863;0.9869453, -0.4534775, 2.993925;1.134817, -0.47029, 2.63048;1.05965, -0.7305031, 2.996742;1.190536, -0.776808, 2.596536;1.007745, -0.7935099, 2.98224;1.125211, -0.7806386, 2.555033;
0.7293101, 0.2881982, 2.710735;0.8879152, 0.2267672, 2.771124;1.115536, -0.03476711, 2.865609;0.8460574, 0.109806, 2.929058;1.010895, 0.2012, 2.682426;0.7760693, -0.3922172, 2.950807;0.9371517, -0.4040081, 2.508251;1.16117, -0.08600365, 2.888585;1.15223, -0.1433944, 2.901666;1.22311, -0.08811901, 2.896049;0.9742798, -0.4785835, 3.007292;1.133891, -0.4719903, 2.628281;1.036125, -0.7809324, 3.014142;1.190854, -0.7772762, 2.596872;0.9850021, -0.8039432, 2.960799;1.12659, -0.7779332, 2.553766;
0.7281475, 0.2749394, 2.706024;0.8780051, 0.1954215, 2.759961;1.106773, -0.04379331, 2.86811;0.873329, 0.0621216, 2.914139;0.998244, 0.160954, 2.673306;0.7685774, -0.4299303, 2.946114;0.9316274, -0.4373529, 2.507397;1.151876, -0.09350204, 2.892621;1.143078, -0.1532819, 2.97484;1.218867, -0.1317108, 2.854616;0.9933548, -0.4525523, 2.990767;1.133879, -0.4728076, 2.627374;1.058204, -0.7369069, 2.996592;1.190919, -0.777059, 2.597046;1.001688, -0.7948945, 2.980997;1.126538, -0.7782824, 2.55432;
0.7227526, 0.2354894, 2.693832;0.8729818, 0.1653016, 2.748113;1.094335, -0.04893449, 2.865079;0.8593295, 0.03549571, 2.916722;0.9982175, 0.1412222, 2.671059;0.7607276, -0.4655501, 2.937751;0.9326365, -0.4495446, 2.503292;1.137612, -0.09481625, 2.890801;1.142335, -0.1532184, 2.974752;1.214874, -0.131466, 2.853123;0.9884802, -0.4622217, 2.989112;1.130374, -0.4777998, 2.625066;1.057942, -0.7393087, 2.996014;1.192035, -0.7801367, 2.597175;0.9993572, -0.7963262, 2.980497;1.127457, -0.7777105, 2.554992;
0.7098184, 0.1874997, 2.674755;0.8662674, 0.1340719, 2.733863;1.087217, -0.06722057, 2.860175;0.8521196, -0.004729759, 2.907842;0.9993521, 0.09575838, 2.662141;0.7557575, -0.5239984, 2.922237;0.9221015, -0.5110866, 2.503612;1.131815, -0.1076606, 2.888253;1.139117, -0.1631056, 2.972212;1.212079, -0.1366963, 2.852137;0.9870049, -0.534086, 2.992418;1.129289, -0.4929318, 2.621432;1.056074, -0.7466493, 2.996774;1.195435, -0.7929178, 2.598247;0.9964806, -0.7985411, 2.981819;1.132402, -0.7764518, 2.5571;
0.7164001, 0.1623928, 2.678303;0.8685482, 0.09748921, 2.730013;1.09767, -0.08987205, 2.863523;0.8511584, -0.03344367, 2.906427;0.9980007, 0.07898182, 2.66083;0.7592207, -0.5027314, 2.924998;0.9165525, -0.5232127, 2.491178;1.143461, -0.1282535, 2.89326;1.144052, -0.1827413, 2.954911;1.217522, -0.1396349, 2.869294;0.9835203, -0.5349836, 2.990298;1.126893, -0.495128, 2.620107;1.058146, -0.7504404, 2.997398;1.195155, -0.7933262, 2.598327;0.9964315, -0.7991658, 2.983729;1.132491, -0.7763476, 2.557068;
0.7155452, 0.1357596, 2.671629;0.8699071, 0.07958953, 2.727404;1.100283, -0.1139768, 2.859694;0.8455727, -0.04568413, 2.889081;0.9968075, 0.0443289, 2.657627;0.7486467, -0.5272369, 2.923274;0.9150809, -0.5316259, 2.491929;1.146307, -0.1524031, 2.889548;1.143166, -0.2052705, 2.947419;1.220494, -0.1565576, 2.869405;0.9540194, -0.5801519, 2.974641;1.1237, -0.4964123, 2.618262;1.056464, -0.7581046, 2.993279;1.197076, -0.7920489, 2.600595;0.9935074, -0.8011205, 2.98446;1.134723, -0.7771514, 2.558385;
0.7108215, 0.118781, 2.665375;0.8627397, 0.05569934, 2.716647;1.101644, -0.1327499, 2.863022;0.8538752, -0.05011109, 2.819731;0.9917476, -0.009122884, 2.637392;0.7447773, -0.5665836, 2.921917;0.9041427, -0.5857782, 2.482921;1.149281, -0.1717721, 2.895595;1.142634, -0.2110171, 2.947822;1.218137, -0.1781316, 2.878584;0.9493725, -0.5938857, 2.97192;1.117649, -0.5749, 2.618055;1.058778, -0.7853029, 2.982473;1.179383, -0.7216643, 2.598785;0.983526, -0.7995808, 2.982517;1.14047, -0.7783456, 2.559896;
0.7067615, 0.08026104, 2.658095;0.8626021, 0.02435598, 2.712826;1.095842, -0.1453837, 2.861886;0.8685913, -0.1260631, 2.861275;0.9926181, -0.01521958, 2.638089;0.7379456, -0.6129965, 2.917089;0.899793, -0.6046361, 2.479373;1.143177, -0.1809196, 2.894883;1.14039, -0.2406634, 2.963737;1.216278, -0.1858406, 2.875421;0.9422733, -0.6260136, 2.966811;1.117807, -0.5744531, 2.617599;1.061077, -0.7879631, 2.981437;1.179122, -0.7219841, 2.599168;0.9781501, -0.7993044, 2.978193;1.141181, -0.7797153, 2.56181;
0.7089183, 0.02530521, 2.654378;0.861792, -0.04723918, 2.709983;1.082202, -0.2219809, 2.836923;0.8244102, -0.1927697, 2.930026;0.9938714, -0.05684549, 2.64772;0.7339326, -0.6386668, 2.921605;0.8957337, -0.6503578, 2.473053;1.126284, -0.2569292, 2.865735;1.126603, -0.3167177, 2.925951;1.209219, -0.2631441, 2.850135;0.9365935, -0.6373122, 2.96655;1.116513, -0.5734369, 2.615475;1.070435, -0.8356058, 2.98893;1.180839, -0.7251257, 2.602066;0.9691356, -0.8165353, 2.999776;1.14174, -0.7802989, 2.563369;
0.7085254, 0.01612088, 2.650911;0.8613605, -0.06556112, 2.706832;1.0595, -0.2860139, 2.79121;0.8290541, -0.1906834, 2.907166;0.9932033, -0.06099387, 2.647474;0.7350309, -0.6426238, 2.919247;0.8966632, -0.6511127, 2.470234;1.099183, -0.327756, 2.811886;1.100886, -0.3772499, 2.869347;1.171039, -0.355638, 2.783156;0.9495121, -0.6391232, 2.963935;1.137347, -0.708029, 2.610995;1.090088, -0.8309828, 2.98591;1.178844, -0.7240168, 2.601735;0.9874099, -0.8168663, 2.992755;1.141112, -0.7805426, 2.563893;
0.6992835, -0.01724685, 2.643981;0.8559968, -0.08064126, 2.701082;1.019584, -0.3412052, 2.749605;0.8220004, -0.2167934, 2.908376;0.9949893, -0.06970447, 2.647288;0.7399942, -0.6608214, 2.906953;0.896817, -0.6542678, 2.467784;1.05307, -0.3911561, 2.763525;1.04445, -0.4394658, 2.795298;1.120867, -0.4311197, 2.747223;0.95626, -0.6488974, 2.962726;1.054151, -0.8444919, 2.536483;1.095275, -0.8373543, 2.985202;1.244493, -0.6562313, 2.650414;0.993025, -0.8193929, 2.992951;1.185727, -0.7273746, 2.602217;
0.6984344, -0.02915654, 2.644866;0.8559102, -0.0988849, 2.703828;1.019996, -0.341289, 2.749767;0.8395548, -0.2395852, 2.908757;0.9872855, -0.1005884, 2.642783;0.7075808, -0.7536074, 2.914702;0.8991161, -0.6540037, 2.46849;1.053511, -0.3908531, 2.763568;1.069451, -0.4490132, 2.835232;1.123028, -0.4352198, 2.722299;0.9566941, -0.6650576, 2.958666;1.06146, -0.8394853, 2.543339;1.095987, -0.8524877, 2.981431;1.251036, -0.6483095, 2.654056;0.9969233, -0.8201517, 2.987063;1.19121, -0.7200127, 2.607468;
0.6963377, -0.04783536, 2.642122;0.8564743, -0.12348, 2.703824;1.020545, -0.3413762, 2.750275;0.8369754, -0.2416022, 2.907088;0.9802166, -0.1129427, 2.639627;0.7465557, -0.6768716, 2.907819;0.8997105, -0.6559451, 2.468685;1.054315, -0.3894449, 2.764328;1.071751, -0.4472625, 2.83824;1.12385, -0.4350951, 2.720217;0.956702, -0.6653357, 2.958359;1.06911, -0.8398998, 2.548269;1.096016, -0.8527836, 2.981166;1.241005, -0.6288989, 2.651417;0.9974984, -0.8186111, 2.977844;1.191019, -0.7090995, 2.607217;
0.696082, -0.04923128, 2.641431;0.8554871, -0.1284639, 2.701317;1.016901, -0.3451292, 2.750439;0.8819187, -0.2247322, 2.812554;0.9794908, -0.1162088, 2.638879;0.750252, -0.6794599, 2.904912;0.8975058, -0.6712321, 2.467898;1.050057, -0.391422, 2.764541;1.07058, -0.4544292, 2.862374;1.106642, -0.4650326, 2.687628;0.9492697, -0.6755815, 2.95901;1.068018, -0.8408622, 2.547468;1.088712, -0.8630533, 2.981866;1.239374, -0.6297007, 2.649313;0.9942997, -0.8189875, 2.977992;1.189537, -0.7104272, 2.606069;
0.6953708, -0.05286907, 2.640103;0.8552067, -0.1322182, 2.700989;1.045183, -0.313818, 2.784575;0.849093, -0.2313603, 2.855465;0.9780043, -0.1175943, 2.638314;0.751739, -0.6807682, 2.903413;0.8986773, -0.6719641, 2.466693;1.083326, -0.3481535, 2.804749;1.100272, -0.3991235, 2.885064;1.152051, -0.3743006, 2.758237;0.9502301, -0.6761305, 2.958493;1.096434, -0.7059655, 2.605311;1.089702, -0.8636214, 2.981417;1.16263, -0.7217224, 2.591783;0.9957575, -0.8187886, 2.976739;1.139517, -0.7898886, 2.564385;
0.6946685, -0.05492668, 2.638533;0.8548529, -0.1326602, 2.699931;1.03155, -0.368561, 2.758326;0.8661863, -0.2121243, 2.811198;0.9775638, -0.1184355, 2.637644;0.7518518, -0.6807023, 2.902601;0.9016208, -0.672787, 2.466119;1.067301, -0.4152261, 2.774441;1.071277, -0.451249, 2.834864;1.122387, -0.4562925, 2.732194;0.9503972, -0.678049, 2.958188;1.069098, -0.837419, 2.551163;1.089883, -0.8655607, 2.981168;1.241933, -0.6252145, 2.646562;0.9966997, -0.8193699, 2.975914;1.190822, -0.7065305, 2.606317;
0.6953294, -0.05479771, 2.637937;0.8557276, -0.1332597, 2.699346;1.02486, -0.3585686, 2.754451;0.8636136, -0.2126079, 2.818276;0.9768032, -0.1188989, 2.636617;0.752168, -0.6797394, 2.901856;0.9061572, -0.6586495, 2.465467;1.0563, -0.4000859, 2.768407;1.070455, -0.4485993, 2.839447;1.115544, -0.4508129, 2.714454;0.9505137, -0.6778965, 2.958112;1.066106, -0.8385699, 2.549043;1.090003, -0.8654098, 2.981146;1.241094, -0.629795, 2.645444;0.9968637, -0.8192625, 2.975939;1.189068, -0.7106265, 2.605555;
0.6952895, -0.05474033, 2.637628;0.8557943, -0.133247, 2.699104;1.049296, -0.2971464, 2.788353;0.8040177, -0.2689889, 2.90896;0.9763738, -0.1188226, 2.636094;0.7009561, -0.7499791, 2.911215;0.9073949, -0.6587784, 2.465666;1.08773, -0.3299766, 2.809927;1.101336, -0.3882162, 2.880753;1.169942, -0.3535832, 2.780196;0.9517931, -0.6774014, 2.957798;1.144886, -0.7065046, 2.618653;1.091296, -0.8649173, 2.980892;1.161956, -0.7226639, 2.589722;0.9979887, -0.8187209, 2.975693;1.138206, -0.7922174, 2.566587;
0.6956815, -0.05503993, 2.637066;0.8559364, -0.1335563, 2.698884;1.04127, -0.3001954, 2.786931;0.8540226, -0.2112123, 2.821095;0.9763552, -0.1290309, 2.632173;0.7546209, -0.6795164, 2.900402;0.9090788, -0.6589044, 2.463832;1.076203, -0.3339439, 2.807813;1.085938, -0.3858265, 2.886277;1.137572, -0.3677218, 2.759514;0.8952539, -0.6678638, 2.947997;1.093692, -0.7001234, 2.606098;1.034791, -0.855405, 2.97117;1.161847, -0.7228391, 2.589408;0.9411795, -0.8099442, 2.966185;1.13462, -0.790482, 2.564646;
0.695501, -0.0509923, 2.636453;0.8540903, -0.1259398, 2.697731;1.014216, -0.3341783, 2.749389;0.7997269, -0.2249728, 2.889144;0.9743714, -0.1198666, 2.629042;0.7542596, -0.6756736, 2.900004;0.9099165, -0.657543, 2.463625;1.046801, -0.378134, 2.763375;1.054716, -0.4327484, 2.827993;1.117368, -0.429391, 2.720243;0.9561058, -0.6670603, 2.952328;1.185305, -0.7023992, 2.629298;1.095643, -0.8546015, 2.975551;1.162076, -0.7242334, 2.589221;0.9980716, -0.8182784, 2.976496;1.119556, -0.7897683, 2.543459;
0.6956744, -0.04363816, 2.635666;0.852569, -0.1189636, 2.696481;1.020971, -0.2967963, 2.782624;0.8006759, -0.2243187, 2.887642;0.9754105, -0.1166398, 2.626772;0.7539294, -0.6725795, 2.901213;0.9098486, -0.6576452, 2.462886;1.055148, -0.3346388, 2.803541;1.048797, -0.3841674, 2.845844;1.125546, -0.3560266, 2.790969;0.9203396, -0.6599149, 2.952121;1.080709, -0.5724435, 2.604263;1.059877, -0.847456, 2.97541;1.162741, -0.724566, 2.589327;0.9642044, -0.8062814, 2.974387;1.134619, -0.7916123, 2.564005;
0.6975138, -0.044612, 2.63599;0.8535648, -0.1197958, 2.696614;1.046326, -0.3012442, 2.792899;0.8032789, -0.2207676, 2.885051;0.9782968, -0.1065522, 2.629666;0.7537785, -0.6655589, 2.899891;0.9094172, -0.6571466, 2.465401;1.088364, -0.3379196, 2.817073;1.080934, -0.3852335, 2.840513;1.166085, -0.3517615, 2.830065;0.9190096, -0.6592177, 2.951465;1.187392, -0.5882242, 2.637528;1.058547, -0.846759, 2.9748;1.163354, -0.7234554, 2.590345;0.9627739, -0.8057157, 2.975884;1.134265, -0.7973202, 2.546664;
0.6917906, -0.03089032, 2.631757;0.8466644, -0.1061579, 2.692029;1.037867, -0.2941653, 2.781742;0.8493668, -0.1860764, 2.862286;0.9795512, -0.02647178, 2.649452;0.7637178, -0.6573989, 2.907542;0.9108187, -0.6579574, 2.468382;1.075931, -0.3309536, 2.801606;1.072115, -0.3808867, 2.828068;1.136699, -0.3409997, 2.794086;0.9175606, -0.654149, 2.95198;1.093328, -0.5832919, 2.600637;1.057098, -0.8416902, 2.975377;1.163323, -0.7224945, 2.590714;0.9603615, -0.8029011, 2.974679;1.132141, -0.7881632, 2.565222;
0.6926853, -0.02668968, 2.630983;0.8473155, -0.102253, 2.691303;1.038607, -0.2956915, 2.785419;0.8500385, -0.1838455, 2.858322;0.9689313, -0.08915886, 2.621864;0.7689922, -0.6502665, 2.910074;0.9121195, -0.653684, 2.469954;1.07707, -0.3350062, 2.808689;1.078152, -0.37595, 2.878178;1.137528, -0.3573322, 2.791539;0.9173886, -0.6400142, 2.954561;1.113386, -0.5826898, 2.610236;1.032714, -0.7317241, 2.980881;1.163344, -0.7198367, 2.592113;0.9545302, -0.8002232, 2.973469;1.132257, -0.782857, 2.560571;
0.6921109, -0.02414666, 2.631176;0.8472281, -0.09267284, 2.691721;1.036689, -0.2889908, 2.78316;0.8137714, -0.2042039, 2.889476;0.9693074, -0.0735468, 2.628261;0.7654434, -0.6830856, 2.914916;0.9203719, -0.6301194, 2.481544;1.074584, -0.3280532, 2.805312;1.075201, -0.3733779, 2.865506;1.139477, -0.3507499, 2.785855;0.9174215, -0.6366167, 2.954577;1.115579, -0.5813895, 2.611668;1.053201, -0.7909745, 2.972616;1.162567, -0.7171456, 2.592421;0.9608616, -0.7997046, 2.969882;1.134917, -0.7818921, 2.561295;
0.6933614, 0.001955426, 2.635889;0.8422737, -0.07427217, 2.690723;1.03118, -0.2863961, 2.779943;0.8107149, -0.1974396, 2.88853;0.9699448, -0.06976219, 2.63009;0.7665839, -0.6720523, 2.912431;0.9200641, -0.6274146, 2.480999;1.068263, -0.3271727, 2.801178;1.049444, -0.3718836, 2.82146;1.135168, -0.3504764, 2.787872;0.9190243, -0.6349549, 2.955129;1.120448, -0.5798433, 2.612751;1.049172, -0.7608389, 2.986085;1.162449, -0.7168131, 2.592135;0.9764559, -0.8031008, 2.982448;1.135465, -0.7807521, 2.547073;
0.7011789, 0.01312522, 2.638139;0.8421749, -0.07148148, 2.69155;1.028648, -0.2718125, 2.778737;0.8109618, -0.197374, 2.903565;0.9677415, -0.06370125, 2.63099;0.7865281, -0.616371, 2.91546;0.9184725, -0.6297396, 2.487811;1.065503, -0.3109631, 2.799175;1.072058, -0.3528035, 2.858601;1.134915, -0.3401511, 2.777435;0.9263588, -0.6226224, 2.957155;1.121859, -0.5752753, 2.612415;1.049073, -0.7568975, 2.985475;1.165321, -0.7166892, 2.594258;0.9780311, -0.801724, 2.980305;1.135473, -0.7806791, 2.54689;
0.7044891, 0.02420956, 2.638283;0.8419743, -0.06205321, 2.692066;1.021654, -0.2695183, 2.777835;0.8024449, -0.1823534, 2.913134;0.9649519, -0.01961153, 2.640037;0.7905192, -0.6031957, 2.913021;0.921229, -0.5880476, 2.500039;1.05635, -0.3101446, 2.798002;1.042936, -0.3598166, 2.831488;1.122001, -0.339047, 2.786051;0.9308442, -0.616396, 2.958696;1.115218, -0.521613, 2.616898;1.050893, -0.759264, 2.986958;1.168459, -0.7185808, 2.596476;0.9795268, -0.8007682, 2.980436;1.136448, -0.7788521, 2.550744;
0.7029859, 0.02872807, 2.638752;0.836439, -0.04485743, 2.691734;1.024061, -0.2563942, 2.784125;0.8020025, -0.1795443, 2.916549;0.9621681, -0.01796022, 2.637133;0.7745785, -0.6491371, 2.90994;0.9238369, -0.587087, 2.519071;1.061037, -0.2976565, 2.805966;1.072592, -0.3402656, 2.868389;1.127676, -0.330112, 2.788801;0.9357349, -0.609458, 2.961572;1.115356, -0.5213002, 2.618115;1.078521, -0.7728684, 3.014709;1.173178, -0.720051, 2.59881;0.9836401, -0.7996404, 2.981677;1.136187, -0.7790193, 2.550201;
0.7026036, 0.03925133, 2.638667;0.8358747, -0.03303545, 2.690966;1.03462, -0.2623242, 2.790533;0.8646546, -0.1188245, 2.841115;0.9567147, -0.0101704, 2.636283;0.7982144, -0.5963828, 2.910916;0.9379551, -0.5735972, 2.506129;1.078527, -0.3113095, 2.816444;1.078018, -0.3428769, 2.860959;1.129146, -0.3348381, 2.799557;1.03786, -0.6465064, 3.004859;1.129207, -0.5178013, 2.620624;1.06873, -0.7630513, 3.002044;1.173501, -0.7197701, 2.598918;0.9863952, -0.7983372, 2.979349;1.13871, -0.7789892, 2.552403;
0.6946732, 0.04334481, 2.638986;0.8329028, -0.02805992, 2.691355;1.038476, -0.2459675, 2.798668;0.8107395, -0.1340966, 2.899109;0.9564708, -0.009044806, 2.636153;0.799924, -0.5763822, 2.915982;0.9431862, -0.5407755, 2.512504;1.082158, -0.2885417, 2.825614;1.07862, -0.3397331, 2.859196;1.148263, -0.2889681, 2.833875;1.041443, -0.6419507, 3.006015;1.138348, -0.5151641, 2.622941;1.062762, -0.7544316, 2.998363;1.174152, -0.7198838, 2.599446;0.9903499, -0.7967103, 2.981528;1.142251, -0.7790622, 2.556191;
0.690789, 0.05255371, 2.63931;0.8330963, -0.005101429, 2.690379;1.042653, -0.2305032, 2.8038;0.8107082, -0.1335997, 2.899729;0.9571526, -0.007198908, 2.635799;0.8023478, -0.5645581, 2.918612;0.9442889, -0.5389348, 2.513399;1.085337, -0.275747, 2.830201;1.082969, -0.3274746, 2.862744;1.149184, -0.2870354, 2.834077;1.023583, -0.5616741, 2.998506;1.159171, -0.5694245, 2.634454;1.06246, -0.7523096, 2.997183;1.176945, -0.7211705, 2.599953;0.9923646, -0.7963876, 2.981148;1.142722, -0.7790621, 2.557009;
0.6836291, 0.06004085, 2.639351;0.8289095, 0.001071341, 2.690065;1.043662, -0.2293944, 2.804726;0.8372719, -0.09253963, 2.872861;0.9496789, 0.02830721, 2.64372;0.8050804, -0.5872731, 2.919187;0.9456078, -0.5357093, 2.513522;1.086986, -0.2749052, 2.831396;1.085579, -0.3243049, 2.859597;1.148426, -0.2850359, 2.836736;1.023947, -0.5610371, 2.999129;1.167913, -0.5007757, 2.634182;1.06245, -0.7520386, 2.997201;1.177496, -0.7198675, 2.599082;0.9947612, -0.7969813, 2.983247;1.143095, -0.7787644, 2.55803;
0.6796288, 0.06790985, 2.639075;0.8257141, 0.009298507, 2.689582;1.043628, -0.2214525, 2.805823;0.8069143, -0.1098591, 2.911875;0.960857, 0.03248699, 2.638376;0.8033365, -0.5463195, 2.919289;0.9473284, -0.5354812, 2.514683;1.087395, -0.2673499, 2.832585;1.083913, -0.3198447, 2.849617;1.156206, -0.2702395, 2.855376;1.027098, -0.5633181, 3.000927;1.16932, -0.4986889, 2.634632;1.061815, -0.7501564, 2.996044;1.178895, -0.7186041, 2.59873;0.9959652, -0.7965239, 2.983343;1.143916, -0.7785979, 2.559625;
0.6823659, 0.08007228, 2.641681;0.830325, 0.02753145, 2.697398;1.037109, -0.1916308, 2.799109;0.8069459, -0.1053801, 2.911293;0.9612575, 0.03270304, 2.638839;0.8008654, -0.6106499, 2.918155;0.9498368, -0.5318928, 2.5154;1.077502, -0.2336081, 2.821522;1.097826, -0.2993293, 2.902007;1.156082, -0.2685799, 2.781357;1.030438, -0.5603223, 3.003198;1.173203, -0.4941486, 2.636948;1.067558, -0.7444731, 2.99867;1.180214, -0.71847, 2.598596;0.9961612, -0.796511, 2.983498;1.142599, -0.7778524, 2.557593;
0.6833504, 0.08497559, 2.641594;0.8296274, 0.02820348, 2.696622;1.048853, -0.1894377, 2.801974;0.8607881, -0.06520338, 2.850811;0.9594073, 0.03761153, 2.637789;0.8088493, -0.5445004, 2.928253;0.9522716, -0.5289127, 2.517025;1.096724, -0.2319651, 2.8273;1.112366, -0.2745944, 2.821679;1.157527, -0.2381092, 2.863652;1.033909, -0.5054759, 3.011591;1.178131, -0.4886966, 2.639979;1.067477, -0.7444317, 2.998623;1.179, -0.713486, 2.597335;0.9963331, -0.7964702, 2.984499;1.143498, -0.7776535, 2.558375;
0.6841881, 0.09015742, 2.642647;0.8289906, 0.02988651, 2.696486;1.050125, -0.1882565, 2.80221;0.8537798, -0.05738736, 2.844515;0.9588952, 0.05315562, 2.639453;0.8101643, -0.5353789, 2.927751;0.9533601, -0.524325, 2.51887;1.097378, -0.2313116, 2.827377;1.111579, -0.2750563, 2.82024;1.157596, -0.2380789, 2.864309;1.034076, -0.5057161, 3.013068;1.180466, -0.4870867, 2.641261;1.067295, -0.7447925, 2.998853;1.178712, -0.7110664, 2.596808;0.9955581, -0.7969635, 2.984834;1.144504, -0.7769746, 2.559302;
0.6866458, 0.09742133, 2.646875;0.828372, 0.03851096, 2.695751;1.057787, -0.1843987, 2.80555;0.8576264, -0.05182226, 2.848168;0.9630466, 0.05599488, 2.638743;0.8108684, -0.5184417, 2.926922;0.9547009, -0.5215097, 2.520832;1.105454, -0.2286893, 2.831233;1.11359, -0.2740228, 2.821019;1.160937, -0.2371004, 2.867287;1.035989, -0.5056955, 3.01469;1.182709, -0.4845352, 2.642641;1.06733, -0.7448745, 2.998874;1.179162, -0.7077393, 2.597318;0.9994075, -0.796385, 2.983524;1.144725, -0.7763645, 2.559665;
0.6873876, 0.1005538, 2.647675;0.8311251, 0.0413623, 2.699051;1.086048, -0.1125573, 2.866056;0.8589177, -0.049268, 2.846464;0.9626722, 0.06018526, 2.640745;0.8094159, -0.5159352, 2.924519;0.9543265, -0.5161614, 2.523875;1.135877, -0.1445385, 2.901294;1.140386, -0.1860457, 2.906529;1.184562, -0.1371733, 2.928416;1.036103, -0.5052864, 3.014998;1.185622, -0.482134, 2.644935;1.065376, -0.7443363, 2.99867;1.179153, -0.7680089, 2.59194;0.9995424, -0.7961776, 2.983099;1.124039, -0.7808082, 2.540759;
0.6889852, 0.1077975, 2.647981;0.8325574, 0.04603612, 2.699483;1.065235, -0.07464969, 2.842846;0.8606799, -0.04439399, 2.847283;0.96562, 0.06806966, 2.645876;0.8073146, -0.5130194, 2.925481;0.9571108, -0.5079812, 2.526464;1.110901, -0.1003928, 2.874282;1.134681, -0.1590682, 2.86191;1.17711, -0.09577817, 2.938034;1.039784, -0.4993886, 3.012896;1.188074, -0.481796, 2.646287;1.070542, -0.7838006, 3.001894;1.179637, -0.7667447, 2.591946;0.9979448, -0.7959597, 2.980008;1.12421, -0.7811517, 2.541571;
0.6878658, 0.1111816, 2.648594;0.8320252, 0.05165037, 2.69981;1.074461, -0.07876776, 2.850373;0.8319517, -0.03775731, 2.90374;0.9796559, 0.0833917, 2.652968;0.8072531, -0.5094169, 2.92585;0.9588916, -0.4936649, 2.527434;1.125651, -0.1077421, 2.885895;1.140255, -0.1662624, 2.88877;1.192344, -0.09835035, 2.935608;1.037356, -0.5059952, 3.017166;1.189258, -0.4794165, 2.648864;1.066439, -0.7899635, 3.003661;1.179871, -0.7633138, 2.591863;0.993923, -0.7974972, 2.981361;1.124624, -0.7828244, 2.543081;
0.6882146, 0.1171609, 2.649929;0.8317429, 0.05827836, 2.699423;1.076692, -0.07760453, 2.853359;0.8304009, -0.03896604, 2.908224;0.9790423, 0.08210859, 2.652235;0.8064903, -0.4967524, 2.924631;0.9585332, -0.4953309, 2.531806;1.127564, -0.1065852, 2.888854;1.140728, -0.163364, 2.892466;1.193655, -0.09752329, 2.936253;1.036735, -0.5044644, 3.016311;1.197025, -0.4384224, 2.664349;1.066757, -0.787747, 3.003235;1.180953, -0.7199468, 2.595818;0.994566, -0.7981195, 2.981129;1.145006, -0.7774917, 2.561117;
0.6954371, 0.1379951, 2.65413;0.8455994, 0.07198185, 2.707442;1.081506, -0.07214985, 2.856611;0.8239589, -0.03748007, 2.920047;0.9808596, 0.08389215, 2.652907;0.8065209, -0.4923401, 2.924326;0.9569241, -0.4936747, 2.534796;1.130435, -0.1017553, 2.89086;1.141319, -0.1590468, 2.895722;1.199937, -0.09163348, 2.935649;1.038143, -0.5018621, 3.015545;1.19716, -0.4378429, 2.664638;1.066489, -0.7847026, 3.003099;1.181916, -0.7187861, 2.59589;0.9958831, -0.7977027, 2.977573;1.145087, -0.7760393, 2.561665;
0.697247, 0.1592619, 2.655359;0.8498214, 0.1009051, 2.714341;1.085853, -0.06544545, 2.860561;0.8229644, -0.03589907, 2.928036;0.9869021, 0.09004605, 2.654723;0.8061982, -0.5193802, 2.923918;0.9564659, -0.4873964, 2.538906;1.133798, -0.09738553, 2.893774;1.141717, -0.1533436, 2.902871;1.203757, -0.08941298, 2.933797;1.039553, -0.4988957, 3.015749;1.197106, -0.4376623, 2.664748;1.063255, -0.7815543, 3.005133;1.18249, -0.7181638, 2.59632;0.9942019, -0.7979434, 2.977468;1.145252, -0.7747324, 2.561453;
0.7062324, 0.1769197, 2.664497;0.8614992, 0.1103615, 2.728197;1.089611, -0.06075513, 2.865767;0.8212472, -0.03152407, 2.935023;0.9898605, 0.09914538, 2.655737;0.8112574, -0.4783336, 2.923353;0.9589421, -0.4585837, 2.547355;1.136014, -0.09423593, 2.897156;1.140795, -0.1525822, 2.910363;1.207471, -0.08564439, 2.931893;1.038869, -0.5131952, 3.015484;1.196909, -0.4353163, 2.665511;1.069456, -0.7947665, 3.001148;1.182662, -0.7151667, 2.596709;0.9958889, -0.798481, 2.981882;1.147773, -0.774536, 2.564225;
0.7115746, 0.1892292, 2.669832;0.8677207, 0.1269049, 2.728227;1.090428, -0.05921538, 2.868791;0.8299997, 0.01397179, 2.901583;0.9905819, 0.1035282, 2.65642;0.8114883, -0.4548648, 2.920772;0.9610833, -0.4455592, 2.550844;1.136227, -0.09407061, 2.90061;1.136294, -0.1427499, 2.931638;1.204654, -0.09344434, 2.926048;1.044911, -0.5137361, 3.015985;1.197167, -0.4325207, 2.666623;1.06986, -0.7952338, 3.002221;1.183301, -0.7117059, 2.597371;0.9968868, -0.7972299, 2.980703;1.148348, -0.7734659, 2.564585;
0.7196708, 0.2214999, 2.675296;0.8713337, 0.1522785, 2.736619;1.09392, -0.05432154, 2.875606;0.8305482, 0.02671671, 2.903543;0.9894751, 0.1252327, 2.660225;0.8124015, -0.4321715, 2.919402;0.9635575, -0.4540749, 2.553542;1.13906, -0.09239994, 2.906733;1.137179, -0.1411324, 2.930241;1.204371, -0.09453613, 2.931982;1.040547, -0.4925806, 3.027603;1.197151, -0.4289973, 2.668238;1.062922, -0.7394767, 3.000078;1.182991, -0.7076367, 2.597517;1.001585, -0.7971683, 2.978254;1.148006, -0.7732371, 2.564517;
0.7119618, 0.2409942, 2.674442;0.8715022, 0.1719204, 2.735733;1.082556, -0.02380266, 2.876679;0.8293294, 0.03484987, 2.922914;0.9927123, 0.1455856, 2.667542;0.8122413, -0.4411708, 2.917445;0.9661785, -0.4334638, 2.55593;1.125014, -0.06373174, 2.908149;1.127348, -0.1064246, 2.958152;1.196432, -0.08600545, 2.915561;1.04841, -0.4716466, 3.016266;1.198395, -0.4268055, 2.669633;1.063547, -0.7381262, 3.000358;1.183201, -0.7049447, 2.597945;1.001772, -0.7962533, 2.9782;1.149583, -0.7727417, 2.563953;
0.7115383, 0.2638084, 2.681408;0.8713764, 0.1906727, 2.738022;1.089935, 0.006984355, 2.875124;0.8276843, 0.07711756, 2.923714;0.9923415, 0.1588446, 2.669697;0.8144864, -0.389726, 2.919555;0.9655051, -0.3998503, 2.560596;1.134319, -0.02870686, 2.905467;1.13701, -0.07541166, 2.962932;1.213005, -0.04616848, 2.892643;1.054385, -0.4413926, 3.01052;1.201787, -0.4163255, 2.672325;1.063143, -0.7256219, 2.996587;1.184097, -0.7006871, 2.598844;0.9985281, -0.7953652, 2.979607;1.157238, -0.7780665, 2.562732;
0.7020707, 0.2783368, 2.687525;0.8744344, 0.2078874, 2.743101;1.088464, 0.01302231, 2.873391;0.8243513, 0.1325707, 2.902978;0.992942, 0.1902423, 2.675048;0.8241788, -0.3666549, 2.92132;0.9682438, -0.3851649, 2.564977;1.132136, -0.02426172, 2.90309;1.133752, -0.0694989, 2.959845;1.210293, -0.04492439, 2.890194;1.05569, -0.4357516, 3.009812;1.203297, -0.412689, 2.672696;1.063149, -0.7254608, 2.996678;1.184727, -0.6992223, 2.599745;0.9990821, -0.7949851, 2.979251;1.154951, -0.7754127, 2.563328;
0.6977389, 0.3233765, 2.709141;0.8729383, 0.2258137, 2.755993;1.089739, 0.02122624, 2.873973;0.8237156, 0.1360954, 2.906075;0.9929203, 0.1963803, 2.676368;0.8293571, -0.3386827, 2.919697;0.9746164, -0.3235959, 2.571107;1.133305, -0.0182798, 2.902177;1.135578, -0.06384945, 2.960372;1.211918, -0.04331091, 2.887359;1.057065, -0.4299138, 3.008779;1.20357, -0.4111221, 2.672648;1.063958, -0.7245173, 2.997552;1.184678, -0.6992093, 2.599476;1.000161, -0.7937879, 2.978621;1.153038, -0.7740235, 2.561698;
0.6995625, 0.3582903, 2.716565;0.8712001, 0.2503476, 2.76978;1.089458, 0.0249932, 2.874056;0.8259039, 0.1465249, 2.922278;0.9919691, 0.2192167, 2.680684;0.831349, -0.3103593, 2.912274;0.9774052, -0.309357, 2.572604;1.133117, -0.01663293, 2.901257;1.134574, -0.05900555, 2.951623;1.210535, -0.04290332, 2.886891;1.064226, -0.4271448, 3.008136;1.205813, -0.395551, 2.676823;1.06416, -0.7246557, 2.997578;1.185295, -0.6977281, 2.599827;1.000084, -0.7936291, 2.979088;1.150648, -0.7703255, 2.560286;
0.7045519, 0.4013657, 2.723475;0.8710625, 0.2867525, 2.775934;1.08682, 0.04468095, 2.870891;0.8368005, 0.1758259, 2.923805;0.9889975, 0.2379144, 2.682925;0.8341976, -0.2939687, 2.912297;0.9794633, -0.2952293, 2.573737;1.130348, -0.002508292, 2.895372;1.134184, -0.05001788, 2.944361;1.195837, -0.02419581, 2.875655;1.073302, -0.4240914, 3.009952;1.205881, -0.3951411, 2.67713;1.064504, -0.7250642, 2.997327;1.185326, -0.6980569, 2.599661;1.002661, -0.7924425, 2.97816;1.145789, -0.7690151, 2.561691;
0.723168, 0.4496081, 2.73325;0.8741001, 0.3229333, 2.779167;1.078089, 0.05249209, 2.870618;0.8392604, 0.2170063, 2.927294;0.9900137, 0.2715384, 2.68831;0.8404331, -0.269223, 2.913961;0.986516, -0.2536435, 2.573182;1.118991, 0.002318617, 2.893518;1.118293, -0.04353784, 2.940382;1.180002, -0.02751118, 2.873127;1.076807, -0.4192201, 3.008255;1.206749, -0.3931842, 2.677455;1.067538, -0.7294864, 2.99944;1.185141, -0.6983969, 2.599435;1.0027, -0.7923048, 2.97811;1.141192, -0.7665099, 2.561;
0.733814, 0.4928583, 2.742485;0.8790335, 0.3623985, 2.780635;1.072613, 0.09657608, 2.861057;0.8358669, 0.2528353, 2.941724;0.996161, 0.2865804, 2.69258;0.8503991, -0.2521135, 2.919716;0.9893648, -0.2204881, 2.576137;1.111598, 0.0413041, 2.880969;1.116983, -0.01705169, 2.932698;1.174743, -0.004349802, 2.859409;1.081869, -0.4109305, 3.004607;1.206687, -0.3895161, 2.678416;1.067358, -0.7279173, 2.999875;1.185618, -0.6976796, 2.599537;1.003417, -0.792084, 2.978475;1.138403, -0.7646385, 2.56287;
0.7382494, 0.5165989, 2.749342;0.884892, 0.3859107, 2.787535;1.064087, 0.1156467, 2.868148;0.8370974, 0.2739856, 2.94466;1.007207, 0.3170186, 2.696728;0.8506795, -0.2412322, 2.916869;0.9914048, -0.2085517, 2.57651;1.099099, 0.06290495, 2.888368;1.101889, 0.005041969, 2.943591;1.163993, 0.01537647, 2.862473;1.082963, -0.4072774, 3.003561;1.206015, -0.3884029, 2.679045;1.067622, -0.7277127, 2.999591;1.186472, -0.6960071, 2.600537;1.003397, -0.791849, 2.977957;1.139452, -0.7613406, 2.56068;
0.7533613, 0.5679708, 2.765667;0.8911228, 0.4257375, 2.790466;1.056855, 0.1361423, 2.868951;0.8397086, 0.3248526, 2.962089;1.00638, 0.3450796, 2.698633;0.8530256, -0.1900683, 2.913228;0.9928964, -0.1979377, 2.580004;1.09076, 0.07939246, 2.888332;1.09382, 0.01764678, 2.945193;1.153186, 0.03144926, 2.859432;1.084329, -0.4030788, 3.001451;1.205172, -0.3858554, 2.679788;1.068938, -0.7273091, 3.001228;1.186603, -0.6960884, 2.600522;1.007149, -0.7914949, 2.979311;1.134198, -0.7593109, 2.564021;
0.7689568, 0.5942683, 2.771495;0.9037904, 0.4520132, 2.79936;1.053815, 0.1486867, 2.868341;0.8452239, 0.3350958, 2.963197;1.012725, 0.3609138, 2.702381;0.8579258, -0.1729246, 2.916714;0.991518, -0.1946753, 2.586353;1.085216, 0.09015647, 2.886261;1.084641, 0.02797195, 2.941523;1.143744, 0.04359331, 2.855002;1.083565, -0.4019811, 3.001115;1.203946, -0.3829221, 2.680067;1.068899, -0.7275235, 3.001169;1.187772, -0.696658, 2.601484;1.007419, -0.7922499, 2.983129;1.148938, -0.7754262, 2.562566;
0.7832249, 0.6242386, 2.788618;0.9111659, 0.4794081, 2.802268;1.051355, 0.1618517, 2.864402;0.8552201, 0.343445, 2.959031;1.016323, 0.3794147, 2.70495;0.8643347, -0.1502739, 2.916279;0.9995094, -0.1530122, 2.590639;1.080786, 0.1003177, 2.881003;1.078997, 0.03546132, 2.936685;1.137136, 0.05165162, 2.8466;1.082887, -0.3955071, 2.99742;1.202652, -0.3812873, 2.680231;1.068524, -0.7279684, 3.000481;1.187742, -0.6966156, 2.601493;1.007566, -0.7907413, 2.980758;1.148895, -0.7755502, 2.562741;
0.803435, 0.6679636, 2.794867;0.9213406, 0.5013323, 2.802382;1.050189, 0.1775715, 2.861481;0.8702331, 0.39455, 2.956501;1.018886, 0.4047856, 2.708296;0.8596342, -0.1768494, 2.912606;0.9950578, -0.1626937, 2.582319;1.077129, 0.1137903, 2.877146;1.072708, 0.0493727, 2.934407;1.131263, 0.06200793, 2.839442;1.080806, -0.3937646, 2.996753;1.202376, -0.3807001, 2.680242;1.06908, -0.7278028, 3.0001;1.187765, -0.6965185, 2.601548;1.00623, -0.7908579, 2.980858;1.148836, -0.775574, 2.563251;
0.8128366, 0.6813178, 2.800434;0.9331584, 0.5223866, 2.805418;1.047774, 0.194503, 2.856993;0.8749942, 0.4081167, 2.96553;1.029207, 0.4275657, 2.707599;0.8745769, -0.1113796, 2.917547;1.003833, -0.1435958, 2.591031;1.071351, 0.1304255, 2.870687;1.065485, 0.06031141, 2.927868;1.121601, 0.08014114, 2.830142;1.080801, -0.3937552, 2.996762;1.199933, -0.3763562, 2.679883;1.068665, -0.7281647, 2.999183;1.187921, -0.6965416, 2.601589;1.007838, -0.7909721, 2.982618;1.146746, -0.7764331, 2.561304;
0.8440627, 0.7272232, 2.802529;0.9500653, 0.5561012, 2.812757;1.042744, 0.2163018, 2.845221;0.882995, 0.4182535, 2.971942;1.033599, 0.4436709, 2.708948;0.8749321, -0.09607787, 2.91937;1.019904, -0.07604863, 2.605057;1.061617, 0.1510845, 2.85445;1.049731, 0.07902215, 2.911043;1.107221, 0.1014462, 2.803134;1.078949, -0.3929747, 2.995284;1.197534, -0.3714792, 2.679855;1.06879, -0.7282097, 2.999312;1.187878, -0.6954185, 2.601404;1.007117, -0.7902352, 2.980766;1.147529, -0.7760073, 2.561627;
0.8601506, 0.7366154, 2.811577;0.9571054, 0.5690731, 2.815662;1.042083, 0.2219637, 2.843412;0.890085, 0.4282613, 2.978416;1.04536, 0.4628091, 2.709696;0.8764042, -0.08692367, 2.923299;1.020066, -0.07725829, 2.608608;1.060067, 0.1547129, 2.852414;1.045353, 0.08331431, 2.907486;1.10631, 0.1033323, 2.802154;1.07372, -0.390474, 2.990622;1.196598, -0.369382, 2.680215;1.069211, -0.7281743, 2.998886;1.188508, -0.6955777, 2.601401;1.006545, -0.7909917, 2.97857;1.147668, -0.7759776, 2.56216;
0.9219613, 0.7930722, 2.84227;0.9974139, 0.625278, 2.834471;1.034462, 0.2723081, 2.842205;0.9206861, 0.4890418, 3.006889;1.075374, 0.4950615, 2.722803;0.8845482, -0.03458917, 2.923885;1.043447, -0.007418253, 2.603019;1.041871, 0.201714, 2.84699;1.018112, 0.1295329, 2.895363;1.079054, 0.1460015, 2.798397;1.063145, -0.3684644, 2.980399;1.189931, -0.3418989, 2.68986;1.068652, -0.7276843, 2.999009;1.188724, -0.6941158, 2.600586;1.006194, -0.7906396, 2.978458;1.147473, -0.7757115, 2.561981;
0.9326471, 0.8020691, 2.85549;1.006392, 0.6340862, 2.844556;1.034592, 0.2738178, 2.843421;0.9236424, 0.4932237, 3.009011;1.0783, 0.4991357, 2.725043;0.8859348, -0.03364552, 2.923968;1.048461, -0.005746484, 2.604338;1.041515, 0.2026407, 2.847587;1.016964, 0.1309088, 2.895773;1.078296, 0.1471781, 2.798665;1.062136, -0.3677872, 2.979567;1.188924, -0.3390613, 2.691;1.068569, -0.7277151, 2.99903;1.189021, -0.6944007, 2.600662;1.006059, -0.7907576, 2.978932;1.14762, -0.775818, 2.562782;
0.9393944, 0.804162, 2.859627;1.013648, 0.6410927, 2.85018;1.036195, 0.2775261, 2.842505;0.9277105, 0.4986485, 3.014039;1.089351, 0.5083408, 2.727622;0.8877909, -0.02906575, 2.924319;1.051075, -0.00213033, 2.603415;1.04218, 0.2059132, 2.845533;1.016049, 0.1336941, 2.892109;1.079019, 0.1520122, 2.794913;1.060159, -0.3631415, 2.977168;1.186624, -0.3304091, 2.691999;1.068485, -0.7275899, 2.998762;1.189417, -0.6946105, 2.600768;1.006521, -0.7919367, 2.979648;1.147735, -0.7758053, 2.562953;
0.9635593, 0.815318, 2.865458;1.025498, 0.6487355, 2.857637;1.037681, 0.2827104, 2.842443;0.9316463, 0.5002699, 3.014648;1.097699, 0.5130224, 2.729872;0.892682, -0.02321437, 2.925757;1.055938, 0.0002592802, 2.605371;1.042104, 0.2106742, 2.844215;1.012899, 0.1391347, 2.890049;1.078907, 0.1557695, 2.792078;1.059685, -0.3604953, 2.976372;1.185774, -0.3295794, 2.691994;1.067302, -0.7265073, 2.997368;1.189641, -0.695594, 2.600928;1.006537, -0.7917105, 2.979149;1.147121, -0.7761608, 2.560432;
0.9935787, 0.8403073, 2.88443;1.036067, 0.654202, 2.860158;1.038617, 0.28547, 2.842754;0.9390153, 0.5065349, 3.021484;1.105177, 0.5159091, 2.733033;0.8908954, -0.04767351, 2.926085;1.063764, 0.003631502, 2.605913;1.041761, 0.2128387, 2.844;1.010082, 0.143176, 2.888322;1.078018, 0.1581018, 2.792116;1.059011, -0.35691, 2.975299;1.18522, -0.3285852, 2.691556;1.065993, -0.7293403, 2.992989;1.190247, -0.6961837, 2.601119;1.00314, -0.7933646, 2.978644;1.147231, -0.7759961, 2.560356;
0.9995207, 0.8293946, 2.884356;1.047451, 0.6592547, 2.863502;1.039619, 0.2863815, 2.843138;0.9438267, 0.5080371, 3.023922;1.113603, 0.5177112, 2.736286;0.8928141, -0.04348724, 2.924978;1.067225, -0.001591027, 2.60628;1.041768, 0.2130817, 2.844045;1.008996, 0.144221, 2.887189;1.077654, 0.1584324, 2.792474;1.058012, -0.35632, 2.974534;1.183096, -0.3273832, 2.689802;1.06652, -0.7279722, 2.993414;1.190921, -0.6965925, 2.601571;1.00407, -0.7929323, 2.979281;1.147195, -0.7760081, 2.560658;
1.001896, 0.8283992, 2.886668;1.052809, 0.6598435, 2.864372;1.041181, 0.2892489, 2.843196;0.9592737, 0.5217755, 3.022779;1.124402, 0.5212792, 2.740069;0.896657, -0.04160557, 2.929887;1.072553, 0.002840206, 2.604982;1.041858, 0.2159307, 2.843571;1.007434, 0.1479412, 2.886155;1.076999, 0.1604466, 2.791919;1.057909, -0.353269, 2.973258;1.181841, -0.3261748, 2.68754;1.066347, -0.7273058, 2.993296;1.191004, -0.6974275, 2.601482;1.004445, -0.7921793, 2.978538;1.147056, -0.7759561, 2.56192;
1.045954, 0.8393761, 2.906215;1.079417, 0.6617447, 2.8741;1.045127, 0.2908039, 2.844826;0.9677618, 0.5128695, 3.02166;1.143097, 0.5216855, 2.744559;0.8981252, -0.04233405, 2.930653;1.090724, 0.007412926, 2.598894;1.04275, 0.2167005, 2.843996;1.006903, 0.1484623, 2.886454;1.0772, 0.1604801, 2.791896;1.057364, -0.3536508, 2.972735;1.180761, -0.3255255, 2.685597;1.066068, -0.7282025, 2.994493;1.190696, -0.6960224, 2.601636;1.00359, -0.7967252, 2.986313;1.147452, -0.7746809, 2.561338;
1.044755, 0.8360624, 2.903338;1.082613, 0.6633163, 2.876869;1.047457, 0.2929293, 2.847025;0.9723945, 0.5130361, 3.020131;1.147074, 0.522019, 2.747312;0.9027629, -0.01519546, 2.933012;1.093755, 0.00621528, 2.597409;1.043488, 0.2184055, 2.845258;1.005962, 0.1500473, 2.887917;1.077193, 0.1607339, 2.79201;1.056841, -0.3532579, 2.97163;1.179783, -0.3243612, 2.684747;1.066594, -0.727494, 2.994747;1.18955, -0.6939828, 2.601529;1.00406, -0.7956398, 2.98487;1.147747, -0.774359, 2.561217;
1.0523, 0.8413635, 2.9121;1.085783, 0.6638035, 2.878194;1.048851, 0.2937944, 2.848077;0.9758438, 0.5116352, 3.019801;1.149595, 0.522144, 2.74901;0.9040855, -0.01495106, 2.934847;1.098824, 0.003462005, 2.592572;1.043945, 0.219209, 2.845941;1.005417, 0.1506207, 2.888753;1.077154, 0.1610295, 2.792094;1.056671, -0.3536286, 2.971329;1.178155, -0.3243216, 2.683077;1.066525, -0.7273428, 2.994566;1.190249, -0.6951756, 2.601355;1.004007, -0.7954978, 2.984188;1.147921, -0.7741134, 2.56092;
1.053391, 0.8384616, 2.91249;1.090222, 0.6647121, 2.879744;1.050806, 0.294515, 2.848672;0.9802111, 0.5112928, 3.016381;1.152163, 0.5223338, 2.75019;0.9055315, -0.01483789, 2.936316;1.103432, 0.005447335, 2.59032;1.044829, 0.219827, 2.846226;1.005435, 0.1508728, 2.888972;1.077346, 0.1612346, 2.791967;1.05659, -0.3541551, 2.971169;1.176657, -0.3246259, 2.681748;1.066426, -0.7273533, 2.994678;1.190585, -0.6953857, 2.601767;1.003482, -0.7960188, 2.984518;1.148083, -0.7740753, 2.562518;
1.055739, 0.8392695, 2.913869;1.091896, 0.6641802, 2.8812;1.051976, 0.2950591, 2.850012;0.9875404, 0.5182468, 3.018596;1.152907, 0.5223279, 2.750723;0.9090881, -0.01353613, 2.944923;1.105628, 0.005094783, 2.589418;1.045498, 0.2206187, 2.847365;1.005672, 0.1517203, 2.890373;1.077227, 0.1616979, 2.792313;1.056607, -0.3543721, 2.970705;1.175166, -0.3240221, 2.68113;1.066506, -0.7274873, 2.994462;1.190287, -0.6948778, 2.60163;1.003383, -0.7964077, 2.984768;1.148004, -0.7739735, 2.562605;
1.062753, 0.8396726, 2.917297;1.097284, 0.6649302, 2.883169;1.053407, 0.296065, 2.852005;0.9938145, 0.5240655, 3.019629;1.153743, 0.5219514, 2.751784;0.9151911, -0.01192113, 2.95243;1.107487, 0.005000594, 2.588259;1.046104, 0.2217831, 2.849284;1.005771, 0.1533908, 2.893653;1.076671, 0.1621159, 2.792994;1.056471, -0.3540248, 2.970538;1.174177, -0.3235803, 2.680851;1.066106, -0.7276465, 2.994514;1.189943, -0.694943, 2.601071;1.00317, -0.7968036, 2.981357;1.147985, -0.7739374, 2.562856;
1.063734, 0.8381743, 2.917187;1.100091, 0.6639119, 2.884454;1.054494, 0.2966943, 2.853874;1.014258, 0.5481192, 3.025876;1.154991, 0.5214065, 2.75233;0.9163539, -0.01217506, 2.953476;1.109687, 0.005216758, 2.585479;1.046643, 0.2228313, 2.851295;1.006641, 0.1555583, 2.896558;1.075527, 0.1627935, 2.794473;1.056333, -0.3530555, 2.970499;1.173768, -0.3236934, 2.680703;1.065651, -0.7272919, 2.994339;1.190096, -0.6952944, 2.601186;1.003912, -0.7985273, 2.989078;1.148242, -0.7740096, 2.564063;
1.065234, 0.8364429, 2.918174;1.101285, 0.6636437, 2.885046;1.05474, 0.2963541, 2.854998;1.013781, 0.5421263, 3.030484;1.158432, 0.5203215, 2.753947;0.9205981, -0.01348508, 2.961461;1.113612, 0.004590739, 2.584871;1.04652, 0.2225273, 2.852531;1.006217, 0.1559962, 2.89736