0.9647561, 0.8573038, 2.977307;1.05164, 0.6510165, 2.95043;0.9861435, 0.2548088, 2.909543;0.9451423, 0.5149943, 3.109783;1.094047, 0.5110904, 2.818229;0.846229, -0.05389, 2.983995;1.029552, -0.01408833, 2.663565;0.9730442, 0.1755673, 2.904975;0.9296007, 0.1163165, 2.948828;0.9966078, 0.1145597, 2.84589;0.9547603, -0.3547882, 3.015993;1.072658, -0.3328819, 2.717877;0.9500498, -0.7079569, 3.047939;1.106467, -0.7073349, 2.638743;0.8863997, -0.7902094, 3.037877;1.055812, -0.777162, 2.589849;
0.9642316, 0.8577812, 2.975361;1.051254, 0.6508741, 2.949667;0.9858999, 0.2575281, 2.90931;0.9444394, 0.5143875, 3.107618;1.093987, 0.5111167, 2.817105;0.8475, -0.04841229, 2.981681;1.03296, -0.01363524, 2.662549;0.9729324, 0.1796488, 2.904985;0.9292524, 0.1187129, 2.949462;0.9965957, 0.117272, 2.844865;0.9547732, -0.3547678, 3.015217;1.072725, -0.3327674, 2.717203;0.9495551, -0.7083445, 3.047399;1.106684, -0.703463, 2.639613;0.8966312, -0.7855335, 3.036199;1.054803, -0.7770604, 2.589681;
0.9658832, 0.8591429, 2.982097;1.050722, 0.6511472, 2.949632;0.9858159, 0.2575426, 2.909605;0.9444827, 0.5144073, 3.107969;1.094069, 0.5115027, 2.817063;0.8465387, -0.04869785, 2.981892;1.037162, -0.01123936, 2.662732;0.9728752, 0.1796168, 2.905315;0.9290438, 0.1181459, 2.95029;0.9963613, 0.1168805, 2.844588;0.9548891, -0.3548674, 3.015298;1.072986, -0.3319709, 2.717661;0.949408, -0.7082999, 3.047558;1.105054, -0.7005217, 2.63906;0.9068696, -0.7796571, 3.04041;1.052765, -0.7767503, 2.589539;
0.9785467, 0.8304553, 2.98575;1.049945, 0.6506041, 2.949034;0.9857165, 0.2575098, 2.909661;0.9445363, 0.5140839, 3.108199;1.094046, 0.5114615, 2.817027;0.8475462, -0.04975119, 2.981496;1.036643, -0.01256368, 2.663659;0.9728233, 0.1795833, 2.905421;0.928943, 0.1177914, 2.950689;0.9961963, 0.1166265, 2.844257;0.9549018, -0.3549616, 3.015569;1.072876, -0.3324478, 2.71772;0.949066, -0.7089363, 3.04803;1.10569, -0.7031608, 2.640487;0.8927622, -0.7866331, 3.037571;1.05277, -0.7768353, 2.58981;
0.9827301, 0.8193674, 2.98636;1.049829, 0.6507434, 2.948987;0.9856812, 0.257209, 2.909623;0.944425, 0.5139993, 3.108305;1.094222, 0.5114842, 2.817048;0.8476472, -0.04908777, 2.981293;1.036396, -0.01273844, 2.66471;0.9728082, 0.1789821, 2.905318;0.9287804, 0.1166783, 2.950873;0.9963586, 0.11552, 2.843638;0.9549612, -0.3544599, 3.015474;1.072716, -0.3312087, 2.718148;0.9487547, -0.7090532, 3.047986;1.104669, -0.6979131, 2.639889;0.8962981, -0.7838653, 3.037057;1.051974, -0.7769507, 2.590621;
0.984183, 0.8181162, 2.990873;1.049477, 0.65124, 2.948621;0.9856317, 0.2568443, 2.90936;0.944415, 0.5140173, 3.108366;1.094318, 0.5116248, 2.817195;0.8479075, -0.04878234, 2.981367;1.035641, -0.01346482, 2.664308;0.9728129, 0.1782514, 2.904962;0.9288219, 0.1160099, 2.950592;0.9964716, 0.1150284, 2.843437;0.9551062, -0.3543494, 3.015476;1.072643, -0.3308263, 2.718246;0.9485611, -0.7106005, 3.048612;1.10521, -0.6967022, 2.640007;0.9006664, -0.7821822, 3.038965;1.051139, -0.7767377, 2.591789;
0.9843239, 0.8181391, 2.990865;1.04926, 0.6508722, 2.948818;0.9855713, 0.2566142, 2.90935;0.9443768, 0.5140656, 3.108359;1.094317, 0.5116215, 2.817269;0.8481883, -0.04902291, 2.980609;1.035322, -0.01489537, 2.664772;0.9727744, 0.1779958, 2.904924;0.9287924, 0.1157744, 2.950626;0.9964459, 0.1146159, 2.843219;0.955067, -0.3543425, 3.015592;1.072848, -0.3318195, 2.718295;0.9486667, -0.711126, 3.049057;1.104961, -0.6969272, 2.640281;0.9010252, -0.7815905, 3.037851;1.051356, -0.7764055, 2.590978;
0.9839675, 0.8169049, 2.988242;1.049165, 0.6512589, 2.948748;0.9855734, 0.2566274, 2.909363;0.9442109, 0.5138224, 3.10851;1.094903, 0.5116991, 2.817153;0.8481789, -0.04921213, 2.980356;1.040659, -0.008699161, 2.662976;0.9727792, 0.177993, 2.904946;0.9287192, 0.1156018, 2.950741;0.9965591, 0.1145629, 2.843146;0.9553173, -0.3541482, 3.015908;1.072885, -0.3318188, 2.718407;0.9485953, -0.7111789, 3.048928;1.105117, -0.6961265, 2.640112;0.8923969, -0.7858103, 3.03718;1.051001, -0.7762884, 2.591535;
0.9845475, 0.8206562, 2.993163;1.049101, 0.6512747, 2.948762;0.9855835, 0.2566439, 2.909358;0.9442979, 0.5137858, 3.108619;1.094996, 0.511811, 2.817146;0.8482332, -0.04948667, 2.982377;1.039466, -0.01332412, 2.665498;0.9728045, 0.1780072, 2.904938;0.9287786, 0.1155189, 2.950843;0.9966317, 0.1145473, 2.842958;0.9550631, -0.3540967, 3.015672;1.072893, -0.3317292, 2.718471;0.9520549, -0.7060046, 3.049543;1.104949, -0.69601, 2.64008;0.9005359, -0.7779765, 3.039113;1.04957, -0.776513, 2.591477;
0.984278, 0.8199619, 2.993677;1.048924, 0.651413, 2.949181;0.9853348, 0.25654, 2.909615;0.94441, 0.5137821, 3.10919;1.094953, 0.511842, 2.817248;0.8487505, -0.05040237, 2.98203;1.03932, -0.01369722, 2.666453;0.9725192, 0.1778187, 2.905203;0.9281399, 0.1134237, 2.951476;0.9961479, 0.1150827, 2.843229;0.955867, -0.3584242, 3.017353;1.072863, -0.3317703, 2.71849;0.9498808, -0.7100791, 3.049535;1.104843, -0.6957592, 2.639783;0.8948184, -0.7857188, 3.033946;1.049479, -0.7765539, 2.591567;
0.9840058, 0.8189049, 2.992074;1.048817, 0.6514856, 2.949184;0.9852141, 0.2564081, 2.909817;0.9440844, 0.5136942, 3.108952;1.095005, 0.5121163, 2.817234;0.8416935, -0.08840796, 2.97307;1.038535, -0.01317983, 2.666646;0.9723775, 0.1775689, 2.905514;0.9278379, 0.1121892, 2.951856;0.9960782, 0.1155419, 2.84392;0.9559252, -0.3582968, 3.017368;1.072672, -0.3313035, 2.718579;0.950341, -0.7111906, 3.050277;1.104804, -0.6956391, 2.639826;0.893509, -0.7857856, 3.033279;1.049423, -0.7765012, 2.591656;
0.9839776, 0.820048, 2.991588;1.048795, 0.6515497, 2.949129;0.9851031, 0.2564089, 2.909873;0.9439667, 0.5135644, 3.108457;1.095006, 0.5122065, 2.817182;0.848173, -0.05044174, 2.981917;1.037969, -0.01337055, 2.666962;0.972231, 0.1775414, 2.905612;0.9274912, 0.1116557, 2.952164;0.9958992, 0.115815, 2.844007;0.955759, -0.3580309, 3.01728;1.072676, -0.3313055, 2.718595;0.9515749, -0.7080687, 3.050377;1.104619, -0.6958522, 2.640076;0.8978581, -0.783566, 3.033575;1.04928, -0.7764888, 2.591688;
0.9839003, 0.8200761, 2.993322;1.048776, 0.6514024, 2.949156;0.9849737, 0.2561188, 2.910058;0.9437695, 0.5133069, 3.107988;1.09431, 0.5118176, 2.817132;0.8483366, -0.0504182, 2.981531;1.037965, -0.01340897, 2.666986;0.9720759, 0.1771872, 2.905857;0.9273853, 0.1103742, 2.95268;0.995754, 0.1158228, 2.84414;0.9557326, -0.357972, 3.017264;1.072704, -0.3312994, 2.718626;0.9511385, -0.7091341, 3.050139;1.104918, -0.6953064, 2.640627;0.8949115, -0.7850501, 3.033847;1.049721, -0.7760793, 2.591947;
0.9838507, 0.8201345, 2.993366;1.048448, 0.651399, 2.948705;0.984702, 0.2563116, 2.910061;0.9436721, 0.51332, 3.10893;1.094716, 0.5121848, 2.817394;0.8474355, -0.05074435, 2.984484;1.038832, -0.01280145, 2.665992;0.9717963, 0.1774222, 2.905935;0.926988, 0.1102016, 2.952889;0.9954458, 0.1164615, 2.84414;0.9557841, -0.3578387, 3.017085;1.072752, -0.331029, 2.71876;0.9520353, -0.7070615, 3.050759;1.104143, -0.6955023, 2.639803;0.8966693, -0.7837861, 3.034737;1.049509, -0.7763754, 2.591972;
0.9836355, 0.8205804, 2.99357;1.048171, 0.6512468, 2.948343;0.9845199, 0.2561358, 2.910102;0.9434868, 0.5131571, 3.108651;1.094561, 0.5121813, 2.817469;0.8467419, -0.05113521, 2.986754;1.036914, -0.01443838, 2.666875;0.9716147, 0.1772067, 2.906048;0.9268072, 0.109689, 2.953018;0.9952995, 0.1166083, 2.844344;0.9557937, -0.3578072, 3.017115;1.072742, -0.3310093, 2.71875;0.9525058, -0.704967, 3.050939;1.104013, -0.6939382, 2.63956;0.9016143, -0.7822855, 3.037982;1.050588, -0.7749531, 2.591756;
0.983741, 0.8205029, 2.993566;1.048231, 0.6516079, 2.948393;0.9844151, 0.2558137, 2.910049;0.9421624, 0.5125204, 3.104795;1.094056, 0.5121459, 2.817475;0.8478764, -0.050771, 2.986194;1.037819, -0.01358175, 2.666229;0.9714409, 0.1765506, 2.905948;0.9266664, 0.1090678, 2.952746;0.9952792, 0.1165756, 2.844357;0.9557994, -0.3578047, 3.017112;1.072746, -0.3310224, 2.718789;0.9515712, -0.706918, 3.049999;1.104051, -0.6940382, 2.639639;0.8923013, -0.7858658, 3.037209;1.050153, -0.7751223, 2.592036;
0.9837496, 0.8210898, 2.994677;1.048491, 0.6520782, 2.949281;0.9840214, 0.2556855, 2.910418;0.9421076, 0.5125058, 3.104914;1.093826, 0.512003, 2.817347;0.8474434, -0.05097056, 2.985792;1.03836, -0.01229487, 2.665567;0.9708922, 0.1763129, 2.906304;0.926134, 0.1087743, 2.952953;0.9946035, 0.1167403, 2.844779;0.9556597, -0.357493, 3.016969;1.072594, -0.3347566, 2.717878;0.9506256, -0.7075518, 3.049525;1.103771, -0.6996514, 2.640623;0.8995308, -0.7821811, 3.037767;1.050967, -0.7756884, 2.591179;
0.9841517, 0.8234102, 2.996205;1.04824, 0.6524594, 2.949314;0.983801, 0.2557565, 2.910523;0.9419339, 0.5126262, 3.104808;1.09338, 0.5120497, 2.817147;0.847905, -0.04990439, 2.985536;1.038345, -0.01361855, 2.667138;0.9706908, 0.1763469, 2.906418;0.9259457, 0.1085854, 2.953134;0.9943102, 0.1169876, 2.844852;0.955569, -0.3555281, 3.016109;1.072409, -0.3338518, 2.717997;0.9512368, -0.7044106, 3.049781;1.103783, -0.6993935, 2.640512;0.904597, -0.7774814, 3.040968;1.050312, -0.7758982, 2.591281;
0.9839438, 0.8238162, 2.996432;1.048091, 0.6524544, 2.949141;0.983631, 0.2558106, 2.910459;0.9417368, 0.5122765, 3.105719;1.0934, 0.5122986, 2.816094;0.8473039, -0.0498953, 2.986518;1.036921, -0.01331788, 2.667032;0.9705323, 0.176415, 2.906372;0.9257615, 0.1085675, 2.953095;0.9941635, 0.1171945, 2.844783;0.9555244, -0.3550269, 3.015896;1.072321, -0.3329737, 2.718094;0.9516231, -0.7030144, 3.050048;1.103691, -0.6988683, 2.640527;0.9066765, -0.7752941, 3.041691;1.050293, -0.7758366, 2.591426;
0.9839374, 0.8239043, 2.995654;1.047418, 0.6526197, 2.949152;0.9826661, 0.2567403, 2.910977;0.9406352, 0.510981, 3.105936;1.093046, 0.5121905, 2.816071;0.846729, -0.05013613, 2.986279;1.036052, -0.01393327, 2.667108;0.9695315, 0.1775789, 2.907032;0.9242317, 0.1084216, 2.95512;0.9933907, 0.1178459, 2.844417;0.9553185, -0.3554253, 3.015944;1.072374, -0.3331018, 2.718011;0.9501584, -0.7054321, 3.050043;1.103695, -0.6988645, 2.640505;0.8925812, -0.7845564, 3.036793;1.050954, -0.7756255, 2.591755;
0.983574, 0.8240001, 2.995002;1.046968, 0.6528961, 2.948854;0.982305, 0.2566819, 2.911142;0.9404255, 0.5110965, 3.106179;1.092625, 0.5122086, 2.816072;0.8474599, -0.04938685, 2.985938;1.026539, -0.06076542, 2.655656;0.9691586, 0.1774507, 2.907297;0.9240175, 0.1084154, 2.955249;0.9929801, 0.1180156, 2.844979;0.9553784, -0.3558355, 3.016231;1.072221, -0.3325723, 2.718013;0.9500408, -0.7056699, 3.050462;1.103969, -0.6979162, 2.640737;0.8945972, -0.7821128, 3.035667;1.051313, -0.7751698, 2.591327;
0.9828267, 0.8246534, 2.99419;1.04668, 0.6529222, 2.948705;0.9820755, 0.2565628, 2.911004;0.9403061, 0.5109863, 3.106087;1.092179, 0.5120975, 2.815886;0.8470576, -0.0494152, 2.986219;1.038217, -0.02272316, 2.663444;0.9689562, 0.1773028, 2.907157;0.9238952, 0.1082375, 2.95501;0.9927911, 0.1180117, 2.844891;0.9553781, -0.3558114, 3.016228;1.072237, -0.3325185, 2.718044;0.9497716, -0.7061958, 3.050349;1.103341, -0.6959781, 2.640531;0.8967341, -0.7812983, 3.036258;1.050693, -0.7750965, 2.590883;
0.9829525, 0.8246145, 2.994349;1.046167, 0.6526718, 2.949241;0.9817487, 0.2568086, 2.911036;0.9398693, 0.5108369, 3.105476;1.091675, 0.5120356, 2.816031;0.8464049, -0.04944455, 2.986196;1.023231, -0.0607101, 2.654541;0.9686276, 0.1776648, 2.907106;0.9236995, 0.1081853, 2.955066;0.9921933, 0.1185037, 2.844203;0.9553895, -0.3576346, 3.016933;1.071916, -0.3319486, 2.717892;0.9495463, -0.7086201, 3.05032;1.103738, -0.6953856, 2.64086;0.898941, -0.7821104, 3.034009;1.050833, -0.774674, 2.590695;
0.9824154, 0.8244165, 2.993857;1.046219, 0.6526994, 2.948912;0.9815751, 0.2566615, 2.911005;0.9394801, 0.5110394, 3.105822;1.091442, 0.5123156, 2.816001;0.8454176, -0.04867044, 2.98725;1.03658, -0.02098706, 2.660702;0.9683881, 0.1774465, 2.907122;0.9234177, 0.1080306, 2.954997;0.9920338, 0.1185063, 2.844366;0.9554747, -0.3575583, 3.016845;1.071962, -0.3315458, 2.718091;0.9495389, -0.7086426, 3.050496;1.103288, -0.6952041, 2.640316;0.8993471, -0.7816188, 3.034273;1.050396, -0.7746594, 2.590413;
0.9821344, 0.8238283, 2.993714;1.046006, 0.6528527, 2.950589;0.9811467, 0.256569, 2.911386;0.9389173, 0.5111808, 3.105558;1.091127, 0.5122814, 2.815738;0.8450442, -0.04834251, 2.98787;1.03647, -0.02079419, 2.66095;0.96796, 0.1773275, 2.907355;0.9229113, 0.108049, 2.955033;0.9917334, 0.1185147, 2.844579;0.9553457, -0.3570037, 3.01644;1.071708, -0.330897, 2.718038;0.9497941, -0.7093899, 3.05081;1.103002, -0.695221, 2.640333;0.9028087, -0.7804826, 3.036503;1.050545, -0.7741067, 2.589494;
0.9821594, 0.8237376, 2.993728;1.045699, 0.6524833, 2.950746;0.9804341, 0.2567238, 2.911984;0.9386752, 0.5111625, 3.105215;1.090706, 0.5122758, 2.815875;0.8446994, -0.0490786, 2.988374;1.039036, -0.01436063, 2.660709;0.9671541, 0.1776367, 2.908059;0.9218713, 0.1080654, 2.956278;0.9909046, 0.1186197, 2.84488;0.955337, -0.3569888, 3.01635;1.071539, -0.3308784, 2.718085;0.9495038, -0.7099681, 3.05057;1.102936, -0.6970148, 2.639918;0.9032239, -0.7804755, 3.036696;1.050686, -0.7742394, 2.589061;
0.9812292, 0.8238522, 2.993165;1.044757, 0.6525372, 2.949361;0.9801119, 0.2567154, 2.911631;0.9381719, 0.5113122, 3.105088;1.090399, 0.5122282, 2.815343;0.8456583, -0.04858432, 2.98716;1.038463, -0.01451689, 2.660983;0.9669349, 0.1776181, 2.907815;0.9216409, 0.1079899, 2.955834;0.9908031, 0.1187009, 2.844839;0.9552777, -0.3570078, 3.016359;1.071299, -0.3307612, 2.718082;0.9495545, -0.70962, 3.051045;1.102153, -0.6984717, 2.639157;0.9038474, -0.7799129, 3.036926;1.050621, -0.7745406, 2.588573;
0.98051, 0.823341, 2.99263;1.044333, 0.6522467, 2.948741;0.9795972, 0.2568015, 2.911515;0.9369239, 0.5119763, 3.104218;1.089816, 0.5120541, 2.814761;0.8452387, -0.04832511, 2.987508;1.037826, -0.01436501, 2.660569;0.9663955, 0.1777676, 2.907767;0.9207712, 0.1082009, 2.955887;0.9904608, 0.1189193, 2.844815;0.9551305, -0.3561673, 3.015865;1.071117, -0.3304837, 2.718266;0.9495254, -0.7096354, 3.050977;1.102099, -0.6969991, 2.638557;0.9045411, -0.7796471, 3.037098;1.050506, -0.774403, 2.588298;
0.979653, 0.8240438, 2.991258;1.043201, 0.6525389, 2.949631;0.978709, 0.2578055, 2.912216;0.9364004, 0.5117922, 3.103961;1.089813, 0.5120425, 2.814722;0.845103, -0.04828295, 2.987324;1.036924, -0.01393132, 2.661237;0.9655959, 0.1789149, 2.908419;0.9198976, 0.1084317, 2.956863;0.9899709, 0.1194216, 2.844778;0.9547337, -0.3564333, 3.015393;1.070202, -0.3290239, 2.718381;0.9481512, -0.7096522, 3.050031;1.102258, -0.6964613, 2.638846;0.9043739, -0.7804356, 3.037081;1.050063, -0.7743354, 2.588605;
0.9788228, 0.8233746, 2.990176;1.042733, 0.6520625, 2.94936;0.9783126, 0.2577737, 2.912213;0.9357762, 0.512003, 3.102804;1.089038, 0.5120154, 2.814425;0.8450303, -0.04378788, 2.991096;1.037655, -0.008052906, 2.660801;0.9652159, 0.1789424, 2.908449;0.9195825, 0.1084751, 2.956934;0.9894697, 0.1195107, 2.844813;0.9549169, -0.3560469, 3.015374;1.069274, -0.3279825, 2.718248;0.9483612, -0.7092205, 3.049963;1.102325, -0.696213, 2.638891;0.9051428, -0.7799343, 3.035894;1.049525, -0.7741498, 2.588845;
0.9774144, 0.8216324, 2.988012;1.041798, 0.652178, 2.949476;0.9780434, 0.2577086, 2.911999;0.9346113, 0.5117648, 3.101741;1.08868, 0.5120646, 2.814513;0.8444314, -0.04483613, 2.990404;1.038037, -0.004460618, 2.661309;0.9650255, 0.1788473, 2.908171;0.9194224, 0.1083968, 2.95605;0.9894084, 0.1195634, 2.844781;0.9548814, -0.3560348, 3.015392;1.069065, -0.3275735, 2.718132;0.9481419, -0.7090671, 3.049825;1.102495, -0.6963508, 2.638972;0.9055197, -0.7799065, 3.035505;1.049582, -0.7744296, 2.58993;
0.9767109, 0.8224615, 2.986256;1.040341, 0.6517815, 2.94696;0.9776849, 0.25775, 2.911516;0.9341562, 0.5116729, 3.101418;1.088122, 0.5121791, 2.814328;0.8333946, -0.1043815, 2.980547;1.021568, -0.02994152, 2.651914;0.9648228, 0.1789089, 2.907901;0.9193426, 0.1083679, 2.955964;0.9892244, 0.1196477, 2.844553;0.9548894, -0.3555892, 3.015092;1.068754, -0.3271953, 2.718227;0.9479294, -0.7093033, 3.049395;1.102612, -0.6962019, 2.639028;0.9056659, -0.7803525, 3.035928;1.049198, -0.774614, 2.590215;
0.9746612, 0.8203539, 2.983431;1.040082, 0.6514144, 2.94678;0.9773784, 0.2577137, 2.911452;0.9338383, 0.5116125, 3.100929;1.08728, 0.5118678, 2.813711;0.8435904, -0.04597218, 2.990487;1.03242, 0.004239514, 2.662685;0.9645299, 0.1789274, 2.907864;0.9189461, 0.1084358, 2.956133;0.9889688, 0.1197057, 2.844434;0.954762, -0.3559349, 3.015123;1.068299, -0.3260904, 2.718521;0.9491296, -0.707069, 3.050919;1.102747, -0.6958281, 2.639484;0.9077711, -0.778511, 3.037474;1.049078, -0.7746436, 2.59028;
0.9740143, 0.8197529, 2.983051;1.038709, 0.6510687, 2.945974;0.9766583, 0.2578663, 2.911336;0.9329419, 0.511642, 3.101147;1.086124, 0.5122856, 2.813533;0.8432904, -0.04453351, 2.980072;1.030047, 6.180326E-05, 2.662169;0.9639407, 0.1791439, 2.90785;0.9185284, 0.1085949, 2.956209;0.9883668, 0.1199306, 2.844483;0.9545812, -0.3561394, 3.015072;1.068084, -0.326417, 2.718279;0.9483023, -0.708142, 3.049746;1.103029, -0.6952304, 2.640112;0.8923243, -0.7853729, 3.037066;1.049095, -0.7746344, 2.590275;
0.9748802, 0.8202696, 2.979113;1.038023, 0.6513343, 2.946137;0.9761114, 0.2580446, 2.911286;0.9306217, 0.5112054, 3.099602;1.085789, 0.5123768, 2.813366;0.841976, -0.04490776, 2.981044;1.030402, 0.0006031494, 2.662149;0.9634721, 0.1793081, 2.907783;0.9179059, 0.1087317, 2.956122;0.9881281, 0.1199997, 2.844426;0.9544061, -0.3560186, 3.014973;1.067997, -0.3266751, 2.718221;0.9482153, -0.7087778, 3.049732;1.10271, -0.6961048, 2.639294;0.8966651, -0.7836859, 3.037476;1.049925, -0.7752615, 2.589843;
0.9727174, 0.8184162, 2.978376;1.037625, 0.6512095, 2.94564;0.9758258, 0.2580388, 2.911163;0.9292673, 0.5119728, 3.098492;1.085219, 0.5121992, 2.812843;0.8413522, -0.04550835, 2.982218;1.028665, -0.002693058, 2.661451;0.9632332, 0.1793228, 2.907722;0.9175987, 0.1088024, 2.956044;0.9879891, 0.1199993, 2.844458;0.9542384, -0.3556704, 3.014642;1.067987, -0.327041, 2.718134;0.9500691, -0.7062267, 3.049599;1.102473, -0.6967416, 2.639139;0.8983436, -0.7822197, 3.036053;1.050538, -0.7752934, 2.589044;
0.9702046, 0.816192, 2.977242;1.03547, 0.6503661, 2.944913;0.9753457, 0.2581193, 2.91123;0.9274179, 0.5126811, 3.099842;1.083731, 0.5113366, 2.811459;0.8403765, -0.04562398, 2.98159;1.028311, -0.003795312, 2.660803;0.9629137, 0.1794842, 2.907864;0.9173097, 0.1088571, 2.956301;0.9878295, 0.1200309, 2.844567;0.9534063, -0.3562028, 3.014038;1.067694, -0.326689, 2.718103;0.9499518, -0.7073244, 3.049087;1.102479, -0.697095, 2.638911;0.8894165, -0.7860138, 3.033702;1.049937, -0.7758533, 2.590496;
0.9689549, 0.815362, 2.976642;1.03301, 0.649896, 2.944429;0.9746924, 0.2581221, 2.911337;0.9259422, 0.5130459, 3.098386;1.08312, 0.5114843, 2.811354;0.8399698, -0.04565264, 2.981452;1.027149, -0.005214857, 2.660297;0.9625175, 0.1795437, 2.908028;0.9169044, 0.1088538, 2.956636;0.9876779, 0.1199962, 2.844666;0.9533756, -0.3562261, 3.01402;1.067783, -0.3260256, 2.718128;0.949757, -0.7076101, 3.048748;1.102618, -0.6968966, 2.638784;0.8924711, -0.7834675, 3.033333;1.049812, -0.7758269, 2.590498;
0.9604059, 0.813366, 2.970848;1.030655, 0.6488917, 2.943098;0.9743701, 0.2585151, 2.911483;0.9236931, 0.5135099, 3.100229;1.081978, 0.5116414, 2.811119;0.839852, -0.04482923, 2.982239;1.024651, -0.00819975, 2.658764;0.9623494, 0.1802921, 2.90845;0.9168364, 0.1089507, 2.957599;0.9876685, 0.1201868, 2.844759;0.9533526, -0.3572603, 3.014273;1.067516, -0.3265513, 2.718032;0.9493445, -0.716054, 3.049924;1.102361, -0.6970103, 2.638514;0.8954261, -0.7832608, 3.033114;1.049314, -0.7758329, 2.590133;
0.9568697, 0.8130474, 2.970359;1.026131, 0.6482114, 2.943206;0.9734318, 0.2588961, 2.912321;0.9205642, 0.5156945, 3.107376;1.080981, 0.5117403, 2.81127;0.8300153, -0.1055473, 2.967232;1.019075, -0.01043707, 2.657306;0.9618441, 0.180842, 2.909487;0.9165237, 0.1096239, 2.95877;0.98762, 0.1205699, 2.846164;0.9531436, -0.3573762, 3.014355;1.067562, -0.3271712, 2.718247;0.9483423, -0.715633, 3.049418;1.102551, -0.6970424, 2.638417;0.900368, -0.7831761, 3.036405;1.049106, -0.7762473, 2.589887;
0.9467756, 0.8104778, 2.964561;1.024428, 0.6473533, 2.94248;0.9731411, 0.2590391, 2.912758;0.9181228, 0.5147961, 3.107955;1.079683, 0.5115508, 2.811249;0.8290024, -0.1069246, 2.967762;1.018055, -0.009798301, 2.657209;0.9617826, 0.1812067, 2.910316;0.9163896, 0.1097494, 2.960322;0.9880649, 0.1208005, 2.847088;0.9528433, -0.3566701, 3.013955;1.066819, -0.3270814, 2.718356;0.9463826, -0.7151183, 3.047956;1.10252, -0.6970283, 2.638347;0.8997937, -0.7837059, 3.035945;1.048785, -0.7763218, 2.590096;
0.9317068, 0.805879, 2.955992;1.01895, 0.6444211, 2.941389;0.9721522, 0.2582884, 2.914134;0.9131767, 0.5089249, 3.11068;1.077491, 0.5109231, 2.811208;0.826898, -0.1125929, 2.969001;1.017416, -0.0089431, 2.657363;0.9613959, 0.1806398, 2.912175;0.9162829, 0.1093499, 2.962056;0.9885594, 0.1200264, 2.850551;0.9521585, -0.3567143, 3.013918;1.066064, -0.3275551, 2.718465;0.9461535, -0.7147537, 3.04765;1.101474, -0.6960584, 2.63898;0.8995976, -0.7831142, 3.034804;1.048753, -0.7762578, 2.590171;
0.9246407, 0.8036509, 2.951448;1.016058, 0.6442435, 2.941988;0.9700144, 0.258591, 2.919505;0.9107656, 0.5110738, 3.109866;1.076302, 0.5106834, 2.810976;0.8270693, -0.1112301, 2.972522;1.009101, -0.01156846, 2.657631;0.9599696, 0.1812617, 2.919225;0.9148455, 0.1110803, 2.97076;0.9883387, 0.1187128, 2.858814;0.9507875, -0.3554876, 3.01338;1.064343, -0.328232, 2.718296;0.9455355, -0.7141183, 3.047434;1.101505, -0.6960111, 2.638919;0.8997931, -0.7829772, 3.034798;1.048472, -0.7763639, 2.590362;
0.9172536, 0.7992247, 2.949115;1.008602, 0.6396385, 2.941636;0.9689251, 0.2585376, 2.923098;0.9037486, 0.5103885, 3.110421;1.073961, 0.5087761, 2.810318;0.8268578, -0.1126152, 2.974527;1.004797, -0.01337226, 2.657654;0.9598628, 0.1819344, 2.923951;0.9146763, 0.1106977, 2.97809;0.9896189, 0.1173895, 2.862858;0.9502378, -0.3556722, 3.013416;1.062052, -0.3355927, 2.717033;0.9452671, -0.7139302, 3.047258;1.099655, -0.6992579, 2.638551;0.9010496, -0.7837599, 3.035273;1.048258, -0.7765089, 2.590182;
0.9023692, 0.7895559, 2.940204;0.9976357, 0.6306739, 2.935796;0.9688249, 0.2578332, 2.924545;0.8994648, 0.5070819, 3.109041;1.070651, 0.5065603, 2.808946;0.826055, -0.1162315, 2.974291;1.001601, -0.01530138, 2.658139;0.9609264, 0.1816983, 2.92653;0.9173215, 0.1086163, 2.984084;0.9922498, 0.1156561, 2.865438;0.9485844, -0.3561451, 3.013566;1.060459, -0.3406493, 2.716034;0.9450195, -0.7137491, 3.047119;1.099332, -0.7008164, 2.637602;0.9009858, -0.7834729, 3.034621;1.047361, -0.7771254, 2.589393;
0.8866471, 0.7822434, 2.937216;0.9912059, 0.6286206, 2.932217;0.9686285, 0.2580392, 2.926921;0.8954936, 0.5047077, 3.108059;1.063137, 0.5037376, 2.80842;0.8294174, -0.1240195, 2.979705;0.9996452, -0.0163291, 2.65814;0.9622848, 0.1828566, 2.930918;0.9212196, 0.1076232, 2.994041;0.994126, 0.1150928, 2.868101;0.9449181, -0.3551866, 3.012879;1.059796, -0.3416035, 2.715314;0.9442123, -0.7122186, 3.047057;1.099241, -0.7008729, 2.637243;0.9016536, -0.7827429, 3.034621;1.04732, -0.7777058, 2.589927;
0.8662907, 0.7666454, 2.924666;0.9767663, 0.6172172, 2.933487;0.968502, 0.253154, 2.932479;0.88251, 0.4961553, 3.096564;1.052815, 0.4951113, 2.807904;0.8175496, -0.1125353, 2.979736;0.9976486, -0.01694952, 2.658108;0.9647323, 0.178774, 2.936992;0.924872, 0.1029254, 3.000659;1.000291, 0.109401, 2.874583;0.9423842, -0.3552212, 3.012903;1.058168, -0.341637, 2.714919;0.9442425, -0.7120976, 3.046937;1.098161, -0.7007805, 2.636323;0.9017687, -0.7824767, 3.034092;1.047235, -0.7778245, 2.58982;
0.8413506, 0.7414206, 2.919924;0.9618465, 0.600803, 2.935211;0.9681527, 0.2482177, 2.936316;0.8755338, 0.4805543, 3.092308;1.049726, 0.4933768, 2.806641;0.8164902, -0.1091705, 2.981647;0.9948938, -0.02019248, 2.657353;0.9665043, 0.1754476, 2.940684;0.9285395, 0.09748397, 3.005517;1.004452, 0.1057093, 2.877679;0.9390404, -0.3548417, 3.012775;1.056371, -0.3408366, 2.715299;0.9443337, -0.7120647, 3.046843;1.098015, -0.7007919, 2.636121;0.9019138, -0.7823182, 3.033783;1.046642, -0.7781277, 2.58966;
0.8225979, 0.7190804, 2.906431;0.9483621, 0.5836262, 2.925961;0.97124, 0.2405372, 2.933915;0.8660828, 0.4680552, 3.085118;1.04491, 0.4874657, 2.803349;0.8158401, -0.1047208, 2.981168;0.9768486, -0.06532323, 2.651749;0.9735136, 0.1687806, 2.938552;0.9396033, 0.08735114, 3.003228;1.020152, 0.09724542, 2.873296;0.9377044, -0.3556272, 3.012949;1.055709, -0.3424603, 2.714827;0.9429633, -0.7108426, 3.046448;1.097844, -0.7005555, 2.635717;0.9022471, -0.7820385, 3.03365;1.046508, -0.7781817, 2.589596;
0.8045593, 0.6967632, 2.899423;0.9334515, 0.570055, 2.922137;0.9765484, 0.2299116, 2.932338;0.8502611, 0.4462256, 3.079355;1.031807, 0.4712294, 2.796695;0.8148432, -0.1165007, 2.983297;0.96952, -0.07590394, 2.647623;0.9844719, 0.1585317, 2.937393;0.9551743, 0.07527839, 3.001996;1.035838, 0.09031707, 2.872737;0.9353133, -0.3562756, 3.013509;1.055262, -0.3573866, 2.710739;0.9424034, -0.7059151, 3.047503;1.097021, -0.7035406, 2.635401;0.9064755, -0.7794221, 3.034143;1.046489, -0.7783504, 2.589609;
0.7833903, 0.6635206, 2.886679;0.918843, 0.5473208, 2.913324;0.9844961, 0.2047113, 2.930912;0.8354263, 0.4165054, 3.064366;1.018578, 0.4560975, 2.79357;0.8074339, -0.1629509, 2.974368;0.9596702, -0.08412273, 2.643504;0.9974648, 0.1348841, 2.937786;0.9686298, 0.05602652, 3.001714;1.05081, 0.07575577, 2.876515;0.9338288, -0.3574208, 3.014255;1.055874, -0.3597559, 2.711551;0.9419988, -0.7061436, 3.047345;1.09702, -0.703854, 2.635411;0.9064133, -0.779619, 3.033546;1.046473, -0.7787905, 2.589599;
0.7536979, 0.6328026, 2.860186;0.8945425, 0.5089054, 2.907241;0.9902604, 0.1864547, 2.927169;0.8243403, 0.4038109, 3.0582;1.009687, 0.4425403, 2.790548;0.8037562, -0.1612135, 2.976011;0.9609269, -0.1066496, 2.645859;1.007579, 0.1189122, 2.934242;0.983807, 0.03920855, 2.992131;1.065712, 0.06585055, 2.878322;0.9330893, -0.3610606, 3.016406;1.055051, -0.3560419, 2.711996;0.9421327, -0.7071393, 3.046971;1.095965, -0.7048053, 2.633364;0.9060586, -0.7802601, 3.033271;1.046049, -0.7791727, 2.589611;
0.7330655, 0.5928263, 2.848051;0.8830991, 0.4831128, 2.909284;0.9965504, 0.1632564, 2.928105;0.8135799, 0.3658893, 3.045161;0.9964168, 0.4216281, 2.788931;0.803037, -0.1576618, 2.970428;0.9515919, -0.1207567, 2.647282;1.018326, 0.09828714, 2.935289;1.000168, 0.02027338, 2.990955;1.079016, 0.04950649, 2.882521;0.9312465, -0.3716612, 3.021479;1.055618, -0.3577515, 2.712047;0.9417204, -0.7071813, 3.046621;1.094833, -0.7042736, 2.633492;0.9059964, -0.7803757, 3.033127;1.04505, -0.7792471, 2.58905;
0.723628, 0.5594795, 2.836889;0.870178, 0.4442235, 2.898375;1.001203, 0.1467716, 2.93046;0.8087127, 0.33774, 3.033946;0.9923795, 0.3888984, 2.771508;0.7967142, -0.1894948, 2.961454;0.9457467, -0.14599, 2.645527;1.025876, 0.08447269, 2.939461;1.008397, 0.007823748, 2.999776;1.095624, 0.03373657, 2.887401;0.9303696, -0.3824522, 3.025845;1.061822, -0.3672593, 2.712999;0.9409013, -0.7079718, 3.046164;1.095081, -0.7048249, 2.633426;0.9014506, -0.7807194, 3.03344;1.045118, -0.7795981, 2.588203;
0.7096448, 0.5131536, 2.821776;0.8577291, 0.4035664, 2.888123;1.007022, 0.1050922, 2.922643;0.7981137, 0.3170842, 3.019224;0.9755778, 0.36301, 2.769563;0.7949865, -0.212648, 2.954275;0.938331, -0.1621735, 2.639568;1.036371, 0.04643168, 2.933203;1.022292, -0.02298144, 2.990012;1.10293, 0.01170829, 2.886594;0.9279865, -0.4064589, 3.034546;1.062164, -0.3673901, 2.713104;0.9409381, -0.7083759, 3.046352;1.095076, -0.7048644, 2.633338;0.9024687, -0.7800309, 3.033134;1.044699, -0.7797737, 2.588372;
0.6916527, 0.4652653, 2.81294;0.8485137, 0.3722411, 2.883501;1.008368, 0.09648587, 2.920848;0.7847098, 0.2723694, 3.000049;0.969796, 0.3414378, 2.764206;0.7896925, -0.2446027, 2.968649;0.9155611, -0.2571242, 2.633926;1.038937, 0.03951177, 2.931606;1.027269, -0.03019045, 2.979335;1.104937, 0.007864385, 2.890371;0.9309929, -0.4095235, 3.04025;1.064699, -0.3674554, 2.713913;0.9412617, -0.7084271, 3.04684;1.09515, -0.7048089, 2.633434;0.9024436, -0.7796118, 3.032664;1.044438, -0.7803282, 2.59052;
0.6766496, 0.4234754, 2.779145;0.8438014, 0.3447048, 2.847895;1.020352, 0.08839634, 2.925215;0.7888014, 0.2407018, 2.990559;0.9657005, 0.3044783, 2.75238;0.7855512, -0.2720185, 2.962806;0.9150801, -0.2464844, 2.632225;1.058892, 0.0325086, 2.943755;1.049591, -0.0316606, 2.994025;1.132235, 0.008954464, 2.918231;0.9286485, -0.4062616, 3.039668;1.065935, -0.3694826, 2.71412;0.940014, -0.7084454, 3.046952;1.094904, -0.704284, 2.633372;0.902333, -0.7800965, 3.032531;1.044155, -0.7802742, 2.590083;
0.6624991, 0.3981241, 2.762209;0.8302598, 0.3224968, 2.833156;1.025985, 0.08144513, 2.922807;0.7690951, 0.1964125, 2.988356;0.9621802, 0.2884783, 2.747336;0.7753696, -0.3423829, 2.939435;0.9123076, -0.284539, 2.627967;1.064822, 0.02915882, 2.942819;1.061096, -0.03925717, 2.999146;1.142929, 0.006582472, 2.913794;0.9282681, -0.4096992, 3.042876;1.067255, -0.373136, 2.714174;0.9410452, -0.7038128, 3.049268;1.094698, -0.704354, 2.633126;0.906839, -0.7773083, 3.036072;1.044201, -0.780285, 2.58994;
0.6631904, 0.3729108, 2.760714;0.8236276, 0.2806998, 2.819316;1.031879, 0.05976194, 2.932257;0.7661703, 0.1789677, 2.979194;0.9561471, 0.2557662, 2.742397;0.7746367, -0.3337488, 2.940227;0.9111347, -0.3060195, 2.628096;1.072895, 0.01259585, 2.956859;1.062944, -0.04776582, 3.03181;1.17407, -0.03134457, 2.931529;0.9195328, -0.4176485, 3.042776;1.068375, -0.3872003, 2.711255;0.9403223, -0.7042739, 3.048779;1.094742, -0.7047396, 2.633475;0.9069741, -0.7780197, 3.035393;1.045087, -0.7800007, 2.58925;
0.6538091, 0.3314627, 2.745041;0.818526, 0.2605352, 2.81127;1.017286, -0.004378334, 2.921971;0.7641721, 0.1483976, 2.962843;0.9487563, 0.2319068, 2.736164;0.7661219, -0.3900852, 2.926461;0.9081342, -0.3591369, 2.626855;1.057547, -0.05534937, 2.948397;1.048741, -0.105721, 3.007103;1.134553, -0.09131968, 2.925484;0.8960733, -0.4673026, 3.050792;1.063929, -0.4180292, 2.697444;0.9126582, -0.7712859, 3.059635;1.094496, -0.7056412, 2.633108;0.8952475, -0.7846161, 2.980667;1.045088, -0.7801676, 2.589367;
0.6379927, 0.2907115, 2.736678;0.8073931, 0.2215213, 2.789918;1.019044, -0.0111966, 2.922317;0.7838514, 0.1059584, 2.934914;0.9410861, 0.1967501, 2.73495;0.7727666, -0.4017404, 2.947355;0.8954477, -0.3850125, 2.610045;1.060234, -0.06100356, 2.950128;1.053737, -0.110822, 3.011689;1.135541, -0.09396257, 2.92621;0.8834494, -0.4657362, 3.041998;1.062906, -0.4217537, 2.701635;0.9196926, -0.7663803, 3.057622;1.092823, -0.7225698, 2.626503;0.8826742, -0.7926282, 2.98946;1.044446, -0.7804081, 2.589126;
0.6400802, 0.2580025, 2.732551;0.8100952, 0.1962279, 2.787757;1.024351, -0.04523211, 2.922411;0.786762, 0.08309557, 2.933501;0.9451898, 0.1722274, 2.725667;0.7690484, -0.4221972, 2.940005;0.8890498, -0.411006, 2.602985;1.066648, -0.09194332, 2.952418;1.057627, -0.140001, 3.007433;1.138085, -0.109011, 2.932092;0.8674724, -0.4836821, 3.040443;1.055214, -0.4337464, 2.698635;0.9068328, -0.7830864, 3.056577;1.096001, -0.7331797, 2.628098;0.8945121, -0.772499, 2.976406;1.043652, -0.7810397, 2.58735;
0.6374179, 0.2117729, 2.717245;0.8030388, 0.1523717, 2.770748;1.016532, -0.06483393, 2.914863;0.7515522, 0.02425827, 2.951576;0.9377194, 0.133378, 2.709044;0.7597354, -0.5085338, 2.929141;0.8885561, -0.4127006, 2.600598;1.059027, -0.109528, 2.946298;1.047094, -0.1680946, 2.994305;1.134258, -0.1247533, 2.934519;0.8640134, -0.5124061, 3.045054;1.044698, -0.4748248, 2.683299;0.9453201, -0.8020369, 3.06141;1.104764, -0.7714312, 2.625837;0.8846791, -0.7705621, 3.016596;1.036301, -0.7821005, 2.582531;
0.6303737, 0.1994549, 2.714383;0.7947301, 0.1363165, 2.769147;1.013274, -0.08429575, 2.912986;0.7479271, 0.004950864, 2.949934;0.9332876, 0.1198483, 2.714509;0.755509, -0.5231829, 2.929747;0.8824941, -0.4206641, 2.593125;1.057029, -0.1282995, 2.944948;1.046852, -0.1825803, 2.988266;1.132186, -0.1404325, 2.940389;0.8677349, -0.496539, 3.038403;1.045884, -0.4788571, 2.681413;0.9323597, -0.7098786, 3.043353;1.104437, -0.7747886, 2.625368;0.9006422, -0.7835814, 3.028707;1.03561, -0.7822411, 2.582241;
0.627147, 0.1453196, 2.710893;0.7909366, 0.1068855, 2.76311;0.9960871, -0.1109721, 2.903921;0.7473528, -0.03806025, 2.943959;0.936429, 0.1002334, 2.716063;0.7484776, -0.5787816, 2.928437;0.8620071, -0.5098988, 2.593039;1.036548, -0.1550617, 2.935264;1.023305, -0.22035, 2.967056;1.113299, -0.1630422, 2.942035;0.8986582, -0.5411083, 3.0453;1.03052, -0.4884345, 2.674156;0.9321589, -0.7124777, 3.043247;1.109642, -0.78005, 2.626293;0.8950973, -0.7834015, 3.028121;1.040066, -0.7807647, 2.583969;
0.6233165, 0.1155213, 2.700642;0.793284, 0.05757847, 2.754035;0.9997278, -0.1167037, 2.903415;0.752104, -0.05271639, 2.932265;0.9412038, 0.06012029, 2.710181;0.738686, -0.5667431, 2.916016;0.8680755, -0.5117937, 2.586992;1.040026, -0.1574697, 2.935372;1.028992, -0.2202446, 2.966848;1.116145, -0.1635101, 2.943893;0.904784, -0.626945, 3.054052;1.039448, -0.4967053, 2.67586;0.9311282, -0.714237, 3.041986;1.109673, -0.7898955, 2.624531;0.8941957, -0.7852833, 3.027815;1.039842, -0.7800699, 2.584039;
0.6216769, 0.1066083, 2.69727;0.7938272, 0.04970295, 2.753284;0.9905271, -0.2155938, 2.863967;0.7873958, -0.06314876, 2.851393;0.9070396, 0.04148472, 2.698009;0.7326648, -0.5748544, 2.934172;0.8656594, -0.5486774, 2.586873;1.029703, -0.2662708, 2.889754;1.0221, -0.2968017, 2.922231;1.080185, -0.2912084, 2.879773;0.8524148, -0.5089926, 3.020395;1.046928, -0.4619985, 2.680745;0.9312922, -0.7157781, 3.041617;1.091571, -0.7160425, 2.630342;0.8936513, -0.786379, 3.027782;1.044727, -0.7803203, 2.586204;
0.6081171, 0.05113558, 2.67782;0.7818221, 0.0008766493, 2.736293;0.9636081, -0.2417126, 2.833042;0.7397602, -0.1210066, 2.935396;0.9181336, 0.02434015, 2.700395;0.7313288, -0.5812064, 2.933617;0.8612608, -0.5652416, 2.585291;0.9994864, -0.2906951, 2.855294;0.9906439, -0.3364289, 2.872728;1.070876, -0.3168482, 2.869708;0.8585353, -0.5020115, 3.018789;1.057072, -0.4620364, 2.680294;0.9322639, -0.7202547, 3.03981;1.091975, -0.7185137, 2.631849;0.8900044, -0.7881143, 3.026419;1.044747, -0.7804482, 2.585757;
0.6082196, 0.04957725, 2.677162;0.776535, -0.007610133, 2.734483;0.9671764, -0.236478, 2.838929;0.743301, -0.1289005, 2.935005;0.9266794, -0.008300671, 2.699616;0.7254584, -0.5949895, 2.928525;0.866277, -0.5628466, 2.582774;1.007273, -0.2792212, 2.866211;0.9992369, -0.3287613, 2.878754;1.082121, -0.2963639, 2.892591;0.8622556, -0.5014173, 3.019388;1.055289, -0.4650448, 2.679811;0.9319603, -0.7228877, 3.040106;1.091552, -0.718803, 2.631648;0.8884012, -0.7896708, 3.026283;1.043446, -0.7809662, 2.584576;
0.604882, 0.03045442, 2.676789;0.7676635, -0.03219806, 2.734275;0.9696191, -0.2394357, 2.842988;0.7436951, -0.1551449, 2.937752;0.9171538, -0.01320082, 2.697152;0.7218594, -0.6298306, 2.934293;0.8656012, -0.5909851, 2.578962;1.010311, -0.2814615, 2.870041;1.006022, -0.3341019, 2.892478;1.083101, -0.2966522, 2.891637;0.8807377, -0.6309548, 3.05368;1.056144, -0.4672546, 2.680957;0.9292603, -0.7120494, 3.039416;1.091115, -0.7193494, 2.631245;0.8914744, -0.7824562, 3.027218;1.045238, -0.7803814, 2.582458;
0.6249864, 0.01192982, 2.681034;0.7855034, -0.0480257, 2.738344;0.977239, -0.2245747, 2.851645;0.729516, -0.1847314, 2.948925;0.9100303, -0.01260721, 2.694681;0.7229313, -0.6389251, 2.935593;0.8459239, -0.6222302, 2.573146;1.017529, -0.255399, 2.880643;1.015944, -0.3230044, 2.898422;1.095312, -0.2473867, 2.910338;0.8862841, -0.629573, 3.049987;1.056974, -0.4664529, 2.680295;0.9304274, -0.7170925, 3.040117;1.090302, -0.7194622, 2.631159;0.8928981, -0.7877798, 3.029712;1.04512, -0.780591, 2.582532;
0.6156298, 0.006502192, 2.664989;0.7768435, -0.05369765, 2.72279;0.9554517, -0.2842654, 2.833391;0.734421, -0.195907, 2.934209;0.8955259, -0.03546872, 2.690123;0.7164225, -0.6923431, 2.929659;0.8851697, -0.6343242, 2.569686;0.9922784, -0.3296552, 2.860924;0.9846412, -0.3866352, 2.868563;1.062636, -0.3499795, 2.891311;0.8481779, -0.6780511, 3.048008;1.050674, -0.4697813, 2.677277;0.930712, -0.7226325, 3.037893;1.090054, -0.7198719, 2.63073;0.8882812, -0.790497, 3.028711;1.045141, -0.7808837, 2.582237;
0.5943117, -0.002183238, 2.662556;0.7556803, -0.06257894, 2.720313;0.9553094, -0.2836424, 2.834977;0.812827, -0.007590645, 2.751074;0.8925252, -0.043655, 2.69078;0.7217478, -0.6605217, 2.936184;0.8859656, -0.6313962, 2.569834;0.9932764, -0.3282771, 2.863035;1.011209, -0.3416347, 2.86688;1.044227, -0.3560538, 2.898109;0.889992, -0.6441237, 3.042953;1.04746, -0.4724353, 2.674592;0.9298241, -0.7424973, 3.037679;1.090695, -0.7238245, 2.630637;0.8759081, -0.8006852, 3.024675;1.045233, -0.7819291, 2.581933;
0.6225873, -0.04445965, 2.671653;0.7839894, -0.1049639, 2.729442;0.9553719, -0.2850556, 2.836163;0.8143839, -0.007924397, 2.753656;0.8875402, -0.05107149, 2.691103;0.7226474, -0.6649408, 2.934335;0.8843117, -0.6595044, 2.569494;0.9928988, -0.3282421, 2.863393;1.01062, -0.34347, 2.865741;1.036382, -0.3596658, 2.901286;0.886797, -0.6566463, 3.042395;1.044514, -0.4720804, 2.672714;0.9289995, -0.7372016, 3.03624;1.089686, -0.724165, 2.630574;0.8631853, -0.7779266, 3.013707;1.044688, -0.7826186, 2.58105;
0.622566, -0.04457794, 2.671435;0.7839682, -0.1050822, 2.729324;0.9503715, -0.2886268, 2.838707;0.8146425, -0.008271711, 2.7541;0.8815861, -0.06764118, 2.684116;0.7258015, -0.6157797, 2.916864;0.8865466, -0.6453874, 2.57201;0.9847303, -0.3299368, 2.865825;1.000745, -0.3518108, 2.86559;1.021954, -0.3661785, 2.906361;0.8459954, -0.6881381, 3.040799;1.044369, -0.4720823, 2.67256;1.120826, -0.7765077, 3.086208;1.089206, -0.7250029, 2.630409;1.015546, -0.7730294, 3.060178;1.04343, -0.7834784, 2.580068;
0.6145582, -0.04612286, 2.670376;0.7759603, -0.1066271, 2.728335;0.9530742, -0.2967682, 2.842247;0.8177363, -0.02155262, 2.749778;0.8824204, -0.07246584, 2.682803;0.7268359, -0.6318391, 2.916527;0.8845468, -0.6634498, 2.569826;0.9892941, -0.337519, 2.869555;1.002228, -0.3548411, 2.867901;1.023781, -0.3694006, 2.904591;0.856647, -0.6879269, 3.040351;1.043664, -0.4722648, 2.671866;1.126263, -0.7785755, 3.099341;1.087671, -0.7254928, 2.629515;1.022527, -0.7756785, 3.068061;1.043316, -0.7835052, 2.58003;
0.6102806, -0.04502177, 2.668946;0.7716827, -0.105526, 2.726971;0.9526195, -0.3016244, 2.843891;0.8175539, -0.02622746, 2.747837;0.8846396, -0.05172532, 2.68502;0.727424, -0.6355466, 2.916341;0.8838303, -0.6662539, 2.568784;0.9894089, -0.3430838, 2.871601;0.9974288, -0.3605901, 2.870988;1.023582, -0.370646, 2.90276;0.8536506, -0.6915964, 3.040516;1.043588, -0.4723312, 2.671748;1.129788, -0.7641489, 3.094351;1.087501, -0.7258636, 2.629857;1.025604, -0.7682552, 3.065093;1.038068, -0.7797099, 2.579074;
0.6094043, -0.04592322, 2.668577;0.7708066, -0.1064275, 2.726673;0.9590255, -0.3003565, 2.845146;0.8160932, -0.02344796, 2.750661;0.8795496, -0.06387796, 2.683091;0.7278685, -0.6291646, 2.915185;0.8882993, -0.5996943, 2.571749;0.9993751, -0.3395968, 2.873247;1.01221, -0.3467799, 2.876487;1.029735, -0.3689873, 2.898481;0.8833676, -0.6512232, 3.032966;1.054798, -0.5016433, 2.669178;0.9320834, -0.7122944, 3.036474;1.087126, -0.7269305, 2.629879;0.888811, -0.7784052, 3.024137;1.038813, -0.7828512, 2.58033;
0.608472, -0.04643691, 2.667172;0.7698742, -0.1069411, 2.725343;0.9618808, -0.2996137, 2.845559;0.81557, -0.02229041, 2.75198;0.8798061, -0.06741662, 2.682153;0.728878, -0.6286091, 2.914415;0.8915211, -0.6270658, 2.56879;1.002706, -0.3383353, 2.87392;1.014535, -0.3451373, 2.87733;1.032745, -0.3683316, 2.897493;0.8849386, -0.6516304, 3.03401;0.8963816, -0.5394327, 2.561452;0.9325826, -0.7109196, 3.035824;1.068268, -0.7785889, 2.563631;0.890093, -0.777722, 3.02504;1.001194, -0.7914865, 2.60509;
0.6085638, -0.0483362, 2.666129;0.769966, -0.1088404, 2.724364;0.9622244, -0.2990385, 2.844955;0.8143899, -0.02141372, 2.753861;0.8809495, -0.05405892, 2.685798;0.7296834, -0.6276082, 2.913667;0.8832304, -0.6736753, 2.566118;1.002827, -0.3370389, 2.872989;1.014565, -0.3449246, 2.874737;1.033669, -0.3664854, 2.897557;0.8858151, -0.6515306, 3.034425;0.8962659, -0.5391783, 2.563214;0.9326822, -0.7066751, 3.037187;1.068182, -0.7778119, 2.565717;0.8895329, -0.781826, 3.026536;1.000332, -0.7939998, 2.604606;
0.6068329, -0.05076415, 2.665556;0.7682351, -0.1112684, 2.723869;0.9622118, -0.2989828, 2.844815;0.8136375, -0.02060886, 2.756482;0.8824768, -0.06522956, 2.683721;0.7309237, -0.6275184, 2.912874;0.8883507, -0.6167672, 2.567579;1.00273, -0.3367187, 2.872833;1.014452, -0.3446521, 2.87471;1.033707, -0.3663284, 2.897202;0.8858914, -0.6515682, 3.034328;0.9323121, -0.5704877, 2.629904;0.930633, -0.7040217, 3.036134;1.086308, -0.7281876, 2.631163;0.8931708, -0.7838566, 3.025257;1.040139, -0.7847738, 2.581243;
0.6063401, -0.05140822, 2.664939;0.7677423, -0.1119124, 2.723317;0.9635099, -0.2930076, 2.846337;0.8173509, -0.03954572, 2.745887;0.8876626, -0.05576135, 2.687498;0.7322016, -0.6345605, 2.912693;0.8886101, -0.6166517, 2.567639;1.004238, -0.3272195, 2.875269;1.015634, -0.3433065, 2.874073;1.041674, -0.3445304, 2.911427;0.8863449, -0.6515196, 3.034366;0.8755687, -0.4662001, 2.568074;0.9312136, -0.7040681, 3.036072;1.086493, -0.7285333, 2.631808;0.8889201, -0.7852042, 3.023419;1.041365, -0.7848855, 2.580384;
0.5972971, -0.0562437, 2.661254;0.7586992, -0.116748, 2.719687;0.9612112, -0.2930002, 2.844127;0.8180088, -0.04144716, 2.74514;0.8876302, -0.04725954, 2.690624;0.7314082, -0.6366382, 2.911719;0.8887845, -0.616477, 2.567915;1.001975, -0.3271925, 2.872684;1.014801, -0.345813, 2.866896;1.04007, -0.3461125, 2.910316;0.8864731, -0.6514829, 3.034357;0.9009336, -0.5351556, 2.587171;0.9245439, -0.7297543, 3.031809;1.081008, -0.7649931, 2.597657;0.8810785, -0.7956189, 3.020639;1.014863, -0.8008876, 2.571415;
0.5974231, -0.05477088, 2.660474;0.7588252, -0.1152751, 2.718977;0.9607727, -0.2926532, 2.843486;0.8175389, -0.04071021, 2.744743;0.8763044, -0.07572389, 2.679553;0.7319024, -0.6347556, 2.911239;0.8881879, -0.6169128, 2.566741;1.001357, -0.327103, 2.871936;1.015195, -0.3452805, 2.866135;1.036612, -0.351193, 2.908246;0.8864595, -0.6514519, 3.033822;0.8787072, -0.4842285, 2.565883;0.9232349, -0.7156814, 3.031608;1.086007, -0.7287022, 2.631845;0.8842869, -0.7874806, 3.020772;1.042064, -0.7864245, 2.582214;
0.5988501, -0.05441299, 2.661239;0.7602522, -0.1149172, 2.719815;0.9547201, -0.3026659, 2.849766;0.8176559, -0.04590246, 2.744506;0.8754082, -0.07629886, 2.679211;0.7319739, -0.636199, 2.911199;0.8891532, -0.6182553, 2.566699;0.991156, -0.3430511, 2.880648;0.992982, -0.3591999, 2.88376;1.019976, -0.3637877, 2.903501;0.8431265, -0.6997084, 3.037574;0.8654072, -0.4623176, 2.54796;1.122075, -0.7525362, 3.084979;1.085762, -0.7282986, 2.632384;1.01873, -0.7668225, 3.058315;1.041646, -0.7865418, 2.582213;
0.5977312, -0.05105828, 2.66105;0.7591333, -0.1115625, 2.719709;0.9511127, -0.3066063, 2.848276;0.8167745, -0.04583452, 2.744278;0.8753487, -0.07628667, 2.678671;0.7315639, -0.6374978, 2.910698;0.8836645, -0.6183209, 2.575116;0.9876159, -0.3481134, 2.878165;0.9891898, -0.3601986, 2.882951;1.013114, -0.3726037, 2.891281;0.8422004, -0.6976663, 3.036978;0.8589259, -0.4714926, 2.536015;1.121203, -0.7354085, 3.091512;1.085735, -0.7283986, 2.632238;1.018846, -0.7538821, 3.064005;1.042315, -0.7866197, 2.581439;
0.5997671, -0.04704177, 2.662069;0.7611693, -0.107546, 2.720811;0.9502395, -0.305243, 2.846574;0.8110247, -0.01987096, 2.747839;0.8713686, -0.07579291, 2.680331;0.7314055, -0.6275399, 2.907361;0.883177, -0.6167587, 2.573386;0.9864204, -0.3460439, 2.875166;0.9902909, -0.3569953, 2.879179;1.012517, -0.3722742, 2.890203;0.8540834, -0.6958588, 3.036371;0.9230201, -0.5298345, 2.632441;0.9194673, -0.7249597, 3.03094;1.085727, -0.7283894, 2.632022;0.8853688, -0.7964497, 3.025486;1.04277, -0.7864918, 2.581719;
0.6002421, -0.0449242, 2.662181;0.7616442, -0.1054284, 2.720992;0.9497831, -0.2839678, 2.838793;0.8103887, -0.01702456, 2.747055;0.8848807, -0.02966837, 2.682479;0.7320361, -0.6258619, 2.906642;0.8787318, -0.589512, 2.563693;0.9867105, -0.3164632, 2.863873;1.001812, -0.33509, 2.858008;1.021908, -0.3508663, 2.897715;0.8902456, -0.641715, 3.036214;0.9043881, -0.5649354, 2.583903;0.9246909, -0.716213, 3.03354;1.08835, -0.7903644, 2.586027;0.8900012, -0.7871898, 3.026569;1.010105, -0.7834237, 2.575105;
0.6079658, -0.0442062, 2.670774;0.7693679, -0.1047104, 2.729647;0.9387441, -0.2866482, 2.838923;0.8086078, -0.01351521, 2.74606;0.9848259, -0.04883078, 2.719066;0.7326941, -0.5950601, 2.902047;0.8444388, -0.621779, 2.5923;0.9673348, -0.3230259, 2.862994;0.9461566, -0.3554314, 2.871349;1.02189, -0.3567954, 2.893893;0.8440413, -0.6918854, 3.039706;0.9327018, -0.5205171, 2.637025;1.11608, -0.7705134, 3.084424;1.085665, -0.7274983, 2.632033;1.012347, -0.775039, 3.057792;1.042551, -0.7862897, 2.579204;
0.6093293, -0.04273804, 2.671856;0.7707314, -0.1032423, 2.73079;0.940429, -0.2893406, 2.839797;0.8074771, -0.01046774, 2.74444;0.8769751, -0.04888269, 2.681573;0.7326186, -0.5927067, 2.903216;0.8455156, -0.6246872, 2.588202;0.9718046, -0.3282563, 2.864594;0.9699318, -0.3469674, 2.87286;1.016042, -0.3604441, 2.887167;0.8453985, -0.6842237, 3.039732;0.9325538, -0.5187365, 2.636077;1.107641, -0.7937313, 3.078872;1.086057, -0.7274927, 2.632719;1.003654, -0.7915076, 3.053137;1.042618, -0.7866168, 2.57913;
0.5849891, -0.01278917, 2.651882;0.7435166, -0.0597811, 2.708613;0.9442216, -0.2729514, 2.836704;0.8074151, -0.00625327, 2.742684;0.8832593, -0.04775211, 2.682587;0.7324364, -0.5888464, 2.90399;0.8426602, -0.6258334, 2.583662;0.9815975, -0.3117323, 2.863624;1.00223, -0.32275, 2.859816;1.022309, -0.348767, 2.894476;0.8980225, -0.6278088, 3.041784;0.9097419, -0.5533797, 2.573668;0.9258462, -0.7185792, 3.033271;1.077406, -0.7905591, 2.570727;0.8810922, -0.7853509, 3.024367;1.001066, -0.7814596, 2.589528;
0.5844419, -0.01068282, 2.652982;0.7433845, -0.05832699, 2.709943;0.943809, -0.2759766, 2.834852;0.8066824, -0.004335616, 2.739943;0.8869623, -0.04583236, 2.681563;0.7307447, -0.5818897, 2.905088;0.8792829, -0.5992401, 2.57377;0.9820162, -0.3194606, 2.860546;0.9887055, -0.3268096, 2.873007;1.013981, -0.3660957, 2.846909;0.8759022, -0.6314541, 3.042978;1.024948, -0.4707064, 2.669762;0.9297553, -0.7269297, 3.034347;1.086687, -0.7268146, 2.633193;0.8833178, -0.7898536, 3.022668;1.043058, -0.7862852, 2.57893;
0.5900957, -0.005173153, 2.658429;0.7498654, -0.05332546, 2.71623;0.9398456, -0.263841, 2.821955;0.8076134, 0.01570788, 2.743854;0.888181, -0.02699352, 2.685179;0.728195, -0.5699236, 2.903532;0.8465937, -0.6032116, 2.585554;0.9758046, -0.3040822, 2.842436;0.9965478, -0.3205177, 2.901284;1.018505, -0.3587044, 2.79201;0.8783915, -0.6303158, 3.043879;1.025001, -0.4707187, 2.669578;0.9307761, -0.7272701, 3.035543;1.087144, -0.7268553, 2.633184;0.8851036, -0.7909817, 3.025896;1.043253, -0.7862582, 2.579041;
0.5972004, -0.003137631, 2.66415;0.7573857, -0.05170295, 2.722377;0.9478931, -0.268856, 2.824784;0.8068544, 0.01861703, 2.742974;0.8770075, -0.01122805, 2.685945;0.7300969, -0.5618988, 2.903516;0.8423177, -0.6070899, 2.585985;0.9869782, -0.3129286, 2.847315;0.9967761, -0.3166803, 2.884619;1.017322, -0.3524654, 2.839298;0.8936179, -0.6228246, 3.046693;1.060775, -0.5986395, 2.667199;0.93067, -0.7275249, 3.035663;1.087392, -0.7267893, 2.633121;0.8847308, -0.7908559, 3.025597;1.043149, -0.786144, 2.579356;
0.6007704, 0.00754481, 2.664369;0.7609339, -0.04155598, 2.722721;0.9611579, -0.2304405, 2.84936;0.8056082, 0.02963098, 2.743667;0.8788957, -0.01041804, 2.683938;0.7334594, -0.5441981, 2.904344;0.8589315, -0.60574, 2.583457;1.000785, -0.2693969, 2.878636;1.003363, -0.2803275, 2.887213;1.030237, -0.2979778, 2.889531;0.8484866, -0.5161899, 3.011069;1.057941, -0.4641246, 2.668298;0.9309811, -0.7273206, 3.035621;1.087963, -0.727078, 2.633373;0.88524, -0.7906802, 3.025628;1.045857, -0.7858578, 2.580277;
0.6026788, 0.03018791, 2.667299;0.762941, -0.01901772, 2.725759;0.961099, -0.2288851, 2.849474;0.8053066, 0.03716578, 2.745357;0.8814527, -0.009202776, 2.682602;0.7346422, -0.5391215, 2.907574;0.8614902, -0.5815148, 2.592403;1.000727, -0.2688867, 2.878513;1.003058, -0.2773666, 2.887763;1.030203, -0.297639, 2.88902;0.8946181, -0.6297175, 3.050992;1.054974, -0.4619148, 2.671141;0.9311604, -0.7270988, 3.035699;1.088738, -0.7268744, 2.633574;0.8857522, -0.7905879, 3.025895;1.045788, -0.7853613, 2.58096;
0.6016886, 0.05738944, 2.665952;0.7651585, -0.001772924, 2.72927;0.9622676, -0.2255057, 2.850169;0.8053446, 0.04423974, 2.746468;0.8823071, 0.002816021, 2.679861;0.7340665, -0.5350872, 2.907907;0.8647873, -0.5729302, 2.591475;1.001489, -0.2676474, 2.878629;1.003437, -0.2725468, 2.889565;1.030436, -0.2956592, 2.886763;0.8955611, -0.6008011, 3.04436;1.054223, -0.4586388, 2.672008;0.9311661, -0.7270858, 3.03563;1.088323, -0.7200134, 2.633559;0.8861641, -0.790724, 3.025704;1.045504, -0.7848249, 2.582855;
0.6039296, 0.07868993, 2.663349;0.7688345, 0.02229121, 2.728563;0.9649386, -0.2168706, 2.848695;0.8054808, 0.0522993, 2.748706;0.8983304, 0.03067806, 2.685381;0.7344674, -0.517662, 2.909818;0.8787621, -0.5440968, 2.587362;1.003724, -0.2626915, 2.876955;1.003807, -0.2673568, 2.889419;1.033951, -0.2900561, 2.881224;0.8462972, -0.5032501, 3.008854;1.038239, -0.511427, 2.669069;0.9294037, -0.7233554, 3.035962;1.088845, -0.720728, 2.633204;0.8882136, -0.7894847, 3.026628;1.045134, -0.7829781, 2.58226;
0.6068452, 0.09523442, 2.672525;0.7760262, 0.03316632, 2.739295;0.9664016, -0.2044209, 2.849561;0.8070812, 0.07202553, 2.74808;0.9077311, 0.04959359, 2.688241;0.7371245, -0.4788337, 2.904513;0.8759831, -0.5260831, 2.586978;1.004433, -0.2510499, 2.875713;1.002949, -0.2571079, 2.888024;1.035758, -0.2813836, 2.879658;0.8703552, -0.5084785, 3.020977;1.060085, -0.4520162, 2.675394;0.9285207, -0.7217693, 3.036175;1.090192, -0.7179772, 2.633464;0.8893005, -0.7888629, 3.026051;1.044906, -0.7826192, 2.582741;
0.6158327, 0.1512436, 2.684152;0.7889172, 0.08839808, 2.749076;0.9666755, -0.1579355, 2.856897;0.8113824, 0.1471357, 2.754668;0.912642, 0.07944338, 2.701353;0.7515476, -0.430653, 2.908567;0.8824798, -0.5073402, 2.593884;1.002411, -0.2090896, 2.881515;1.000676, -0.2345363, 2.884863;1.034843, -0.2285076, 2.897432;0.8720199, -0.5094278, 3.021836;1.042733, -0.5172529, 2.665256;0.9303368, -0.7156863, 3.040505;1.091376, -0.7229027, 2.629843;0.8926924, -0.7829344, 3.026749;1.044469, -0.7828004, 2.583038;
0.614416, 0.1752524, 2.682353;0.7864493, 0.1089966, 2.748066;0.9657844, -0.1559189, 2.855803;0.8135545, 0.1449627, 2.752872;0.9230473, 0.09960445, 2.705873;0.756313, -0.4130278, 2.902902;0.890929, -0.4980438, 2.600821;1.00162, -0.2078919, 2.880508;0.9978039, -0.2317696, 2.874448;1.034374, -0.2274351, 2.899348;0.8967103, -0.5055711, 3.027149;1.033024, -0.4895137, 2.670219;0.9315066, -0.7196299, 3.040475;1.090998, -0.7220916, 2.629596;0.8933224, -0.7862794, 3.025854;1.044038, -0.7827781, 2.583298;
0.618317, 0.1968441, 2.685927;0.7855313, 0.1354745, 2.751235;0.9650685, -0.1477515, 2.857793;0.8159755, 0.152456, 2.752868;0.9250576, 0.1401866, 2.710567;0.7599167, -0.4091734, 2.902706;0.8796821, -0.4803734, 2.616824;1.001023, -0.2027405, 2.882174;0.996525, -0.2216583, 2.887951;1.034286, -0.2247533, 2.896911;0.8832806, -0.4958246, 3.021929;1.033756, -0.4854663, 2.672067;0.9318407, -0.7192746, 3.040381;1.090408, -0.7182806, 2.629059;0.8942516, -0.7861905, 3.025863;1.04357, -0.7825376, 2.583218;
0.6230395, 0.2244069, 2.692914;0.7898901, 0.146918, 2.753625;0.9668821, -0.1252479, 2.864085;0.8230823, 0.166136, 2.75491;0.9253774, 0.1409703, 2.709588;0.7595652, -0.4200762, 2.916854;0.8912348, -0.4664323, 2.617896;1.001988, -0.1796376, 2.889325;0.9989744, -0.1956106, 2.891081;1.030801, -0.2016666, 2.903992;0.8769847, -0.5153246, 3.039755;1.058264, -0.4959208, 2.653867;0.9252802, -0.7898453, 3.066096;1.096605, -0.7750866, 2.594896;0.8801115, -0.776956, 3.003778;1.020955, -0.7857617, 2.578992;
0.6315319, 0.2418427, 2.697193;0.807113, 0.1935025, 2.762513;0.9667472, -0.1034371, 2.862623;0.730544, 0.1071123, 2.869035;0.9305509, 0.152617, 2.716786;0.7661891, -0.3873957, 2.924149;0.9086606, -0.4211692, 2.632583;0.9999013, -0.1610734, 2.886683;0.9899373, -0.1982891, 2.889982;1.058024, -0.1819452, 2.906563;0.8881837, -0.5170909, 3.052126;1.049676, -0.4804308, 2.66154;0.9212205, -0.7944488, 3.072298;1.091533, -0.7583861, 2.60102;0.8854098, -0.7775376, 3.005133;1.025409, -0.7912525, 2.575982;
0.6451722, 0.2819834, 2.707848;0.8143282, 0.2092611, 2.767372;0.9710048, -0.0967861, 2.864228;0.7523547, 0.09888855, 2.914722;0.933718, 0.1748485, 2.716539;0.7762924, -0.3910857, 2.921134;0.91812, -0.3915932, 2.638839;1.002802, -0.156967, 2.887449;0.989928, -0.1991022, 2.889845;1.061542, -0.178099, 2.908225;0.8933663, -0.5107372, 3.065266;1.050188, -0.4718757, 2.65889;0.9182658, -0.788924, 3.083001;1.091992, -0.7149037, 2.630106;0.8984466, -0.7739894, 3.009132;1.043561, -0.7821996, 2.583495;
0.6460644, 0.2951847, 2.709626;0.8144281, 0.2270719, 2.769828;0.9921127, -0.04467593, 2.887789;0.7483467, 0.1200048, 2.910913;0.93369, 0.1967813, 2.720007;0.7745489, -0.3674009, 2.920014;0.9119495, -0.3648421, 2.643924;1.027636, -0.1014029, 2.914324;1.01274, -0.1504204, 2.930625;1.090293, -0.1286531, 2.927027;0.8988167, -0.4864119, 3.042547;1.057802, -0.4295306, 2.69004;0.9256012, -0.763908, 3.061132;1.092393, -0.7118736, 2.631558;0.8849558, -0.7889669, 2.999568;1.043996, -0.7821038, 2.585216;
0.6768379, 0.4162467, 2.730372;0.8176668, 0.3213823, 2.794441;0.9864038, 0.03358212, 2.889874;0.7644264, 0.1808381, 2.958474;0.9381976, 0.2841753, 2.731959;0.7856138, -0.2682193, 2.915431;0.9172261, -0.2760269, 2.656287;1.020151, -0.02397792, 2.912235;1.011156, -0.08137284, 2.939994;1.080929, -0.0549054, 2.911175;0.9205733, -0.4283239, 3.038039;1.074013, -0.3967371, 2.707447;0.9400168, -0.7063918, 3.041767;1.094044, -0.7100709, 2.633288;0.9040689, -0.7764134, 3.02749;1.044578, -0.7820359, 2.585347;
0.6843846, 0.4319992, 2.740202;0.818966, 0.3278815, 2.798533;0.9765691, 0.05782123, 2.887766;0.7568107, 0.242823, 2.953071;0.9438486, 0.2893148, 2.734794;0.788115, -0.252753, 2.917782;0.9215621, -0.2515992, 2.660031;1.006272, 0.006208438, 2.907678;0.9962357, -0.05175503, 2.943838;1.071188, -0.03347833, 2.899318;0.9307298, -0.4068523, 3.031132;1.077381, -0.389675, 2.709893;0.9401458, -0.7100389, 3.041635;1.094227, -0.7064181, 2.634231;0.9041051, -0.7776608, 3.02775;1.044512, -0.7813935, 2.58533;
0.6864128, 0.4527962, 2.745305;0.8197631, 0.3501194, 2.807464;0.9836383, 0.08223636, 2.889629;0.7565622, 0.2593381, 2.952523;0.9399928, 0.3121116, 2.732755;0.7912341, -0.2385809, 2.914192;0.922668, -0.2359674, 2.660047;1.01569, 0.02873553, 2.908905;1.006754, -0.02707859, 2.950195;1.083068, -0.00188863, 2.891904;0.9471941, -0.3948019, 3.029874;1.079826, -0.3779625, 2.713343;0.9400289, -0.710216, 3.042232;1.094004, -0.7047047, 2.634957;0.9042907, -0.7780703, 3.028852;1.046646, -0.7791975, 2.585443;
0.6925164, 0.4611645, 2.754223;0.8242282, 0.3597885, 2.811433;0.9845239, 0.09132813, 2.89148;0.759499, 0.3119777, 2.960237;0.9407908, 0.3283631, 2.734424;0.7935737, -0.2242499, 2.90835;0.9236783, -0.2272261, 2.660587;1.016256, 0.03783991, 2.910586;1.006118, -0.01591372, 2.952488;1.082156, 0.003929459, 2.892518;0.9522989, -0.3865817, 3.030555;1.082936, -0.3758225, 2.715457;0.9399675, -0.7105988, 3.041601;1.094842, -0.7046992, 2.635351;0.9053754, -0.7791403, 3.028906;1.046473, -0.779256, 2.586145;
0.7202971, 0.5639305, 2.775177;0.8441043, 0.4352474, 2.836087;0.9738041, 0.1470473, 2.886435;0.7726487, 0.3316683, 2.964001;0.957023, 0.3900108, 2.751462;0.8047683, -0.1655291, 2.915888;0.9316778, -0.1799516, 2.676739;0.999744, 0.08940724, 2.899771;0.9904087, 0.01788351, 2.948653;1.060743, 0.04630288, 2.867394;0.9555556, -0.3841252, 3.031072;1.088203, -0.3742281, 2.716856;0.9420541, -0.7069242, 3.043707;1.09711, -0.7039455, 2.637321;0.9062428, -0.7758573, 3.028871;1.046582, -0.7793493, 2.586442;
0.7207203, 0.5652256, 2.777503;0.8461856, 0.4382849, 2.839404;0.9736148, 0.1525275, 2.885103;0.7833374, 0.3449225, 2.970618;0.957368, 0.3923675, 2.752168;0.8060629, -0.1610993, 2.917448;0.9392872, -0.1745055, 2.674258;0.9989856, 0.09612566, 2.897165;0.9893373, 0.02863418, 2.944705;1.059093, 0.05192255, 2.863255;0.9593686, -0.38008, 3.030324;1.092148, -0.3613587, 2.721111;0.9423693, -0.706856, 3.043628;1.098297, -0.7034184, 2.638018;0.9076669, -0.7751365, 3.029171;1.048066, -0.7785207, 2.58659;
0.738048, 0.5794019, 2.793215;0.8540397, 0.4619598, 2.851836;0.9758026, 0.1564196, 2.885021;0.7885215, 0.3510153, 2.975028;0.9616362, 0.3981239, 2.753549;0.8084512, -0.1515525, 2.916721;0.9406449, -0.1698043, 2.674837;1.000532, 0.098068, 2.896405;0.9901915, 0.03030743, 2.943157;1.060245, 0.05429025, 2.861844;0.9617319, -0.373357, 3.028659;1.093448, -0.3627606, 2.721429;0.9443057, -0.7058871, 3.043728;1.098994, -0.7032583, 2.638567;0.9071214, -0.7752126, 3.028301;1.04802, -0.7784669, 2.586705;
0.7386419, 0.5895768, 2.799982;0.8624028, 0.4873604, 2.85798;0.9749487, 0.1823118, 2.887824;0.7964811, 0.3703723, 2.988417;0.9697328, 0.4140993, 2.755884;0.8132115, -0.1434346, 2.918396;0.9432077, -0.1411422, 2.675562;0.9977993, 0.1205989, 2.897425;0.9863845, 0.04642722, 2.946832;1.057209, 0.06752507, 2.858099;0.9635935, -0.370165, 3.027943;1.093803, -0.3623993, 2.721598;0.9453278, -0.7049152, 3.043629;1.099918, -0.7023914, 2.638725;0.9070169, -0.7753721, 3.028476;1.04814, -0.7780822, 2.586955;
0.7460008, 0.6048759, 2.805397;0.8662077, 0.4922372, 2.863043;0.9729608, 0.1897492, 2.886653;0.7989295, 0.3869298, 3.007735;0.9725726, 0.4220752, 2.757541;0.8137538, -0.1358995, 2.916845;0.949087, -0.1085863, 2.677671;0.9939284, 0.1303571, 2.894417;0.9814087, 0.05347939, 2.945723;1.051461, 0.08023006, 2.847639;0.9653184, -0.3683044, 3.026771;1.095732, -0.3656667, 2.721151;0.9466379, -0.7035101, 3.044555;1.100778, -0.7014064, 2.638817;0.9108729, -0.7713752, 3.031191;1.048802, -0.7765145, 2.586386;
0.7530081, 0.6133462, 2.811754;0.8728768, 0.4991744, 2.865126;0.9732968, 0.1940831, 2.889346;0.8015395, 0.388291, 3.005859;0.9755313, 0.4259448, 2.758422;0.8108488, -0.1458286, 2.911694;0.9466604, -0.1078741, 2.674597;0.993511, 0.134043, 2.897291;0.9806928, 0.05777578, 2.94911;1.049915, 0.08194067, 2.851219;0.9667751, -0.3661504, 3.025684;1.097674, -0.3625668, 2.720861;0.9479904, -0.7026082, 3.04504;1.101995, -0.6978845, 2.639634;0.9108221, -0.7715681, 3.030856;1.050816, -0.7737275, 2.587409;
0.7583132, 0.6264114, 2.814109;0.8840659, 0.5116507, 2.866891;0.9722458, 0.1997849, 2.890426;0.8050609, 0.3984905, 3.007744;0.9797736, 0.4306929, 2.760438;0.8111175, -0.1405875, 2.912192;0.9470516, -0.1025244, 2.674062;0.9909288, 0.1389808, 2.898412;0.9757794, 0.06252322, 2.951082;1.046135, 0.08517721, 2.852053;0.9683498, -0.3661546, 3.025268;1.10102, -0.3625559, 2.720011;0.9487083, -0.702634, 3.045326;1.10306, -0.6964237, 2.640397;0.9106485, -0.7719166, 3.030817;1.051806, -0.7725587, 2.588581;
0.762642, 0.628757, 2.816789;0.8876319, 0.5138847, 2.868634;0.9737687, 0.2084141, 2.888726;0.8062233, 0.4241813, 3.02565;0.9847366, 0.4342272, 2.759471;0.8137892, -0.1335994, 2.913799;0.9495083, -0.0961867, 2.673617;0.991339, 0.1485527, 2.895732;0.9753575, 0.06800175, 2.94911;1.046035, 0.09399626, 2.847547;0.9691499, -0.3667886, 3.025255;1.100624, -0.3607346, 2.719911;0.9479327, -0.7035452, 3.044852;1.103162, -0.6964759, 2.640445;0.9101062, -0.7728643, 3.030509;1.051787, -0.772648, 2.588722;
0.768484, 0.6352414, 2.821885;0.8946478, 0.5248462, 2.872679;0.9737312, 0.2124273, 2.887665;0.8109313, 0.4204425, 3.022568;0.9890475, 0.4382785, 2.758423;0.8207018, -0.1052086, 2.921613;0.9498945, -0.0951333, 2.673306;0.9905115, 0.151489, 2.894248;0.9730335, 0.07150851, 2.947558;1.044412, 0.09657369, 2.844175;0.9700812, -0.3651562, 3.024854;1.103773, -0.3649513, 2.718676;0.9480641, -0.7036925, 3.044674;1.103464, -0.6968131, 2.640495;0.9099385, -0.7729406, 3.030355;1.05186, -0.7727563, 2.588582;
0.7731707, 0.6440569, 2.824214;0.8976861, 0.5284986, 2.874622;0.9722851, 0.2165064, 2.889215;0.814454, 0.4262529, 3.0226;0.9936703, 0.4451905, 2.759224;0.8199351, -0.1021779, 2.9226;0.9516582, -0.09245915, 2.673029;0.987817, 0.1553548, 2.895688;0.9683387, 0.07685863, 2.949041;1.040494, 0.0990793, 2.845601;0.9704317, -0.3653677, 3.024772;1.101719, -0.352793, 2.719589;0.949062, -0.7042047, 3.044667;1.103292, -0.6949556, 2.640123;0.9102665, -0.774004, 3.030758;1.052152, -0.7720032, 2.58929;
0.7773631, 0.6459559, 2.826019;0.899335, 0.5302219, 2.876949;0.9726219, 0.2195638, 2.88991;0.8151574, 0.4345336, 3.032455;0.9950235, 0.4464974, 2.759386;0.8196627, -0.1015003, 2.922977;0.9515638, -0.09296044, 2.672836;0.9877498, 0.1582607, 2.895981;0.9681675, 0.07868709, 2.94914;1.040256, 0.101025, 2.845317;0.9709555, -0.3638339, 3.023918;1.10397, -0.3611937, 2.718089;0.9492375, -0.7043013, 3.04474;1.103922, -0.6948072, 2.640436;0.9111841, -0.7716139, 3.031142;1.052998, -0.7717134, 2.589108;
0.7794653, 0.6444582, 2.828517;0.9008056, 0.5300658, 2.877379;0.9729227, 0.2194743, 2.890119;0.8220158, 0.4238428, 3.023129;0.9958, 0.4469975, 2.759267;0.8195321, -0.1006455, 2.923948;0.9529175, -0.09342382, 2.671399;0.9878901, 0.1581252, 2.89613;0.9681913, 0.07867802, 2.949207;1.040255, 0.1009576, 2.845406;0.9725356, -0.3655757, 3.024506;1.104111, -0.3612123, 2.717932;0.95003, -0.7030005, 3.04578;1.104555, -0.6967162, 2.639946;0.9116201, -0.7729335, 3.032565;1.052429, -0.7729305, 2.588718;
0.7801353, 0.6451404, 2.829435;0.9021275, 0.5303832, 2.877833;0.9739168, 0.2199745, 2.89065;0.8222824, 0.424369, 3.023098;0.9965906, 0.4471112, 2.759282;0.8188511, -0.09996963, 2.924021;0.9541419, -0.09371755, 2.671027;0.9886534, 0.1584973, 2.896588;0.9691088, 0.07920788, 2.949628;1.040629, 0.1011392, 2.845801;0.9730436, -0.3665098, 3.024932;1.098757, -0.3477547, 2.718922;0.9490506, -0.705936, 3.0453;1.104807, -0.6959779, 2.639785;0.9059709, -0.7778804, 3.032371;1.052433, -0.7726849, 2.589435;
0.7805927, 0.6448898, 2.829329;0.9025854, 0.5314652, 2.881121;0.9769944, 0.2205359, 2.889537;0.8228663, 0.4237331, 3.023556;0.9968255, 0.4471817, 2.759318;0.8186258, -0.09961908, 2.924364;0.9560303, -0.0912808, 2.670328;0.9929295, 0.1588728, 2.894146;0.9758638, 0.07953931, 2.94375;1.04524, 0.1041916, 2.842596;0.9736793, -0.3670875, 3.024618;1.099094, -0.3444768, 2.719312;0.9516873, -0.7033848, 3.04705;1.104755, -0.6953678, 2.64026;0.9059862, -0.7777593, 3.032246;1.052648, -0.7723318, 2.589853;
0.7803543, 0.6446023, 2.830039;0.9028936, 0.531225, 2.881241;0.9784131, 0.2203771, 2.889425;0.8238176, 0.4228866, 3.023315;0.9975226, 0.4474688, 2.759648;0.8172591, -0.0982856, 2.924895;0.9664972, -0.07184041, 2.659737;0.9943352, 0.1586837, 2.894018;0.9770701, 0.07940926, 2.94375;1.046442, 0.1041831, 2.842524;0.9743207, -0.3711429, 3.025702;1.099815, -0.3433241, 2.719463;0.9521372, -0.7049272, 3.046613;1.104871, -0.695614, 2.640238;0.9063182, -0.7769202, 3.031694;1.051978, -0.772388, 2.590216;
0.7797722, 0.644164, 2.830819;0.9036671, 0.5307978, 2.881563;0.9791481, 0.220018, 2.889805;0.8244315, 0.4216667, 3.024435;0.9981799, 0.447282, 2.759982;0.8173676, -0.09825242, 2.925173;0.961309, -0.08778884, 2.668679;0.9949279, 0.1582903, 2.894431;0.9773985, 0.07904264, 2.944285;1.046958, 0.103827, 2.843019;0.9768783, -0.3761514, 3.026685;1.09988, -0.3450595, 2.719026;0.9486716, -0.7106481, 3.045606;1.104796, -0.6967877, 2.639787;0.9092796, -0.778191, 3.032991;1.05165, -0.7733563, 2.589664;
0.7816065, 0.6429282, 2.830169;0.9042492, 0.5308642, 2.881265;0.9803617, 0.2195911, 2.890192;0.8253704, 0.4188819, 3.024501;0.9984586, 0.4471776, 2.76004;0.8178311, -0.09913059, 2.925945;0.9625381, -0.08630812, 2.667283;0.9961981, 0.157641, 2.895071;0.9785648, 0.07845937, 2.945187;1.048115, 0.1031971, 2.844087;0.9769355, -0.3765451, 3.026747;1.101221, -0.3448958, 2.719448;0.9498956, -0.7123129, 3.046115;1.10552, -0.6947197, 2.640433;0.9094644, -0.7781039, 3.033146;1.052659, -0.7715628, 2.590361;
0.7810674, 0.6425799, 2.829553;0.9049975, 0.5307438, 2.881083;0.9817042, 0.2196368, 2.889578;0.8267192, 0.4163655, 3.023271;0.9990196, 0.4469066, 2.760297;0.8193892, -0.1014688, 2.928742;0.9625493, -0.0867184, 2.667433;0.9974812, 0.1576763, 2.894416;0.9796648, 0.07826557, 2.944962;1.049558, 0.1032641, 2.84292;0.9768913, -0.3764648, 3.026897;1.099756, -0.3432044, 2.734458;0.9516661, -0.7100956, 3.047545;1.105725, -0.6944999, 2.640418;0.9095212, -0.7778193, 3.033142;1.052654, -0.7714676, 2.59066;
0.7810841, 0.6417392, 2.829278;0.9055935, 0.5306211, 2.881188;0.9824774, 0.2199785, 2.888967;0.8269063, 0.4158064, 3.02325;1.000102, 0.446822, 2.761002;0.8172518, -0.1277335, 2.927882;0.9640296, -0.08332428, 2.667597;0.9982359, 0.1581049, 2.893625;0.9802424, 0.07802716, 2.944536;1.050662, 0.1039485, 2.841225;0.9771774, -0.3769665, 3.027174;1.100097, -0.3436477, 2.730699;0.9524562, -0.7086259, 3.048705;1.105729, -0.6945163, 2.640402;0.9106189, -0.7738392, 3.03382;1.052598, -0.7715626, 2.590755;
0.7815545, 0.6414351, 2.828777;0.9064317, 0.5301685, 2.881449;0.9830487, 0.220119, 2.888927;0.8272863, 0.4154643, 3.023222;1.000104, 0.4468273, 2.760981;0.8174176, -0.1285042, 2.927556;0.964637, -0.08351183, 2.667495;0.9987247, 0.1583047, 2.893556;0.9811032, 0.07772124, 2.94522;1.0512, 0.1040775, 2.840508;0.977824, -0.3759716, 3.026719;1.099628, -0.3387763, 2.738744;0.9532428, -0.7071915, 3.049256;1.105943, -0.6942941, 2.640441;0.910736, -0.7739828, 3.032953;1.052496, -0.7713698, 2.591081;
0.7821465, 0.639328, 2.829031;0.9068085, 0.5276378, 2.882998;0.9832691, 0.2200444, 2.888792;0.8281029, 0.4141808, 3.022702;1.000312, 0.446705, 2.760829;0.8172444, -0.1284488, 2.927843;0.9646974, -0.08342749, 2.667562;0.9989864, 0.1583588, 2.893266;0.9815632, 0.07744484, 2.945082;1.051695, 0.1039817, 2.839201;0.9782302, -0.3757803, 3.026576;1.101804, -0.3279249, 2.731585;0.9528607, -0.7070706, 3.048861;1.106009, -0.6936263, 2.64022;0.9097504, -0.7737358, 3.032091;1.052602, -0.7710241, 2.591218;
0.783356, 0.6384734, 2.828583;0.9071732, 0.5265525, 2.883431;0.9836968, 0.2202553, 2.888659;0.8283585, 0.4130601, 3.022807;1.00044, 0.446566, 2.760606;0.8174338, -0.1287495, 2.928796;0.96498, -0.08470535, 2.669492;0.999525, 0.1588733, 2.892993;0.9822093, 0.07748808, 2.945051;1.052326, 0.1045052, 2.838487;0.978357, -0.3758611, 3.026566;1.102054, -0.3280618, 2.736808;0.9535388, -0.7060217, 3.049329;1.105966, -0.6935073, 2.640164;0.9107284, -0.7729681, 3.032546;1.052989, -0.7706139, 2.590149;
0.7830005, 0.6443014, 2.828236;0.9079695, 0.5272583, 2.88306;0.9850873, 0.2207117, 2.89103;0.8288472, 0.4132638, 3.023047;1.000422, 0.4466118, 2.760585;0.8205302, -0.1307371, 2.928678;0.9566571, -0.1110681, 2.67079;1.001032, 0.1592864, 2.896428;0.9853747, 0.0781527, 2.9503;1.052841, 0.1033104, 2.844254;0.9779673, -0.3746164, 3.026868;1.115252, -0.3670112, 2.716293;0.9567975, -0.7073336, 3.051828;1.105728, -0.6950983, 2.640323;0.9108177, -0.7732021, 3.032534;1.052456, -0.7716556, 2.589687;
0.7842032, 0.6518334, 2.825078;0.9087746, 0.5280575, 2.882667;0.9850514, 0.2209521, 2.890809;0.8292342, 0.413992, 3.023165;1.002764, 0.4470479, 2.7615;0.8205616, -0.1299141, 2.928928;0.9566066, -0.1133369, 2.671789;1.000838, 0.1595384, 2.896119;0.9847272, 0.07810847, 2.950125;1.052589, 0.1033904, 2.843285;0.97816, -0.3750122, 3.026896;1.103804, -0.3429623, 2.721807;0.9570292, -0.7067986, 3.051638;1.105882, -0.6950044, 2.640247;0.9105141, -0.7737138, 3.032749;1.052459, -0.7715937, 2.589713;
0.7847958, 0.6509309, 2.825315;0.9095594, 0.5288934, 2.883797;0.9852865, 0.2209728, 2.890622;0.8296897, 0.4138163, 3.023506;1.002642, 0.4468703, 2.761158;0.8204235, -0.1276193, 2.929512;0.9614397, -0.1014462, 2.672927;1.001066, 0.1594785, 2.895669;0.9849061, 0.07792046, 2.949393;1.052685, 0.1034915, 2.842012;0.9775004, -0.371918, 3.025353;1.11032, -0.3694331, 2.716701;0.9576862, -0.7059624, 3.051498;1.106448, -0.697507, 2.640294;0.9103048, -0.7742901, 3.032985;1.051832, -0.7728544, 2.589071;
0.783517, 0.6502547, 2.825843;0.9104631, 0.5299295, 2.883138;0.9842668, 0.2210722, 2.891098;0.8312702, 0.4169652, 3.024256;1.002339, 0.4468116, 2.760752;0.821144, -0.1290367, 2.928917;0.9600292, -0.1057964, 2.673008;0.998979, 0.1593735, 2.896555;0.9811047, 0.07778205, 2.952028;1.048625, 0.1026004, 2.842621;0.9773726, -0.3725347, 3.026134;1.107881, -0.3638365, 2.71693;0.9575658, -0.7044502, 3.051853;1.105901, -0.6982794, 2.639566;0.9109302, -0.7744852, 3.033706;1.051352, -0.7740758, 2.58883;
0.7860383, 0.6465224, 2.827618;0.9106471, 0.5299189, 2.883152;0.9842992, 0.2213924, 2.890865;0.8315706, 0.4191868, 3.026698;1.002176, 0.4467212, 2.760702;0.8205457, -0.1301353, 2.927033;0.9606552, -0.1033147, 2.67286;0.9989671, 0.1598648, 2.896124;0.9812224, 0.07805595, 2.951588;1.048505, 0.1034912, 2.841586;0.9773217, -0.3725002, 3.026118;1.105179, -0.3547462, 2.719676;0.9572134, -0.7040882, 3.051134;1.105949, -0.6973582, 2.639532;0.911554, -0.7760461, 3.034853;1.05164, -0.7736363, 2.589141;
0.7856871, 0.6457827, 2.827027;0.9111327, 0.5300972, 2.883104;0.9842479, 0.2215314, 2.890699;0.8326463, 0.4181262, 3.025624;1.002138, 0.4468572, 2.760205;0.8214179, -0.1309164, 2.9264;0.9608512, -0.1005139, 2.672788;0.9988139, 0.160038, 2.895845;0.9810326, 0.07818177, 2.951347;1.0482, 0.1037387, 2.840876;0.9764, -0.3684531, 3.024958;1.10324, -0.3482087, 2.729392;0.9550982, -0.7011266, 3.050149;1.106624, -0.6975468, 2.640126;0.9121596, -0.7719198, 3.034169;1.052556, -0.7735775, 2.589014;
0.786397, 0.6437702, 2.827151;0.9111782, 0.5298343, 2.883121;0.9832563, 0.2217805, 2.890649;0.8318856, 0.4197579, 3.026216;1.002121, 0.446861, 2.760176;0.8206317, -0.1301914, 2.925369;0.9571902, -0.1110419, 2.672119;0.9973373, 0.160493, 2.895694;0.9786618, 0.07890939, 2.951049;1.046936, 0.1039892, 2.840623;0.9764723, -0.3683045, 3.02495;1.102148, -0.3207345, 2.745377;0.9545214, -0.7008421, 3.049633;1.106187, -0.6966499, 2.640092;0.9118817, -0.7732025, 3.033209;1.052334, -0.7729775, 2.589092;
0.7864011, 0.6439335, 2.827268;0.9117731, 0.529704, 2.882452;0.9830016, 0.2218288, 2.890576;0.8318867, 0.4196722, 3.026152;1.002175, 0.4467328, 2.760038;0.8221011, -0.1067002, 2.928015;0.9601139, -0.1017337, 2.672567;0.9968778, 0.1605576, 2.895655;0.9779133, 0.07897925, 2.951163;1.046403, 0.1038425, 2.840584;0.9759264, -0.3676935, 3.024694;1.102303, -0.3198978, 2.733891;0.9546553, -0.699733, 3.048712;1.106187, -0.6948224, 2.640276;0.912964, -0.772391, 3.033468;1.052722, -0.7717379, 2.589643;
0.7850649, 0.640514, 2.828657;0.9119557, 0.5290023, 2.881944;0.9826317, 0.221828, 2.890348;0.8318215, 0.4198819, 3.026178;1.002651, 0.4464419, 2.760126;0.8208888, -0.1051339, 2.927374;0.9603587, -0.09983435, 2.672773;0.9963788, 0.1606362, 2.895406;0.9771252, 0.07904193, 2.950939;1.046108, 0.1037732, 2.840339;0.9748655, -0.3634658, 3.023725;1.101242, -0.3291855, 2.739152;0.9536442, -0.7015642, 3.047886;1.10598, -0.6935101, 2.640722;0.9121128, -0.7724874, 3.032309;1.05316, -0.7709195, 2.590057;
0.784357, 0.641838, 2.826791;0.9119018, 0.529081, 2.881831;0.9825042, 0.2220355, 2.89027;0.8313723, 0.4197714, 3.026093;1.002681, 0.4464886, 2.75992;0.8186946, -0.1022805, 2.926037;0.962063, -0.09408554, 2.672998;0.9962714, 0.1608402, 2.895331;0.9769815, 0.07919875, 2.950895;1.046135, 0.1039032, 2.84025;0.9743693, -0.3606296, 3.022837;1.099688, -0.3256912, 2.739982;0.9539374, -0.7017877, 3.048063;1.106004, -0.6932229, 2.64061;0.9122463, -0.7728223, 3.032248;1.053211, -0.770812, 2.59008;
0.7836159, 0.6424801, 2.826554;0.9115887, 0.5283436, 2.88155;0.9817625, 0.2221802, 2.890148;0.8311871, 0.4198542, 3.025698;1.002665, 0.4465181, 2.759907;0.8179692, -0.101682, 2.925273;0.961824, -0.09411196, 2.672911;0.9954016, 0.1611582, 2.89521;0.9760485, 0.07956695, 2.950877;1.045503, 0.103994, 2.840073;0.9736005, -0.3589801, 3.022774;1.101411, -0.3237706, 2.733776;0.9527179, -0.7048272, 3.047122;1.10647, -0.6930209, 2.640813;0.9090061, -0.7738799, 3.029708;1.053334, -0.7704372, 2.59027;
0.7821376, 0.6546011, 2.820783;0.9115121, 0.5298241, 2.879507;0.9813899, 0.2215972, 2.891971;0.8312901, 0.4197808, 3.024612;1.002544, 0.4473048, 2.760071;0.8163751, -0.09923445, 2.923796;0.9614664, -0.09499989, 2.673199;0.9949018, 0.159752, 2.898754;0.9760065, 0.07977955, 2.952576;1.043039, 0.1003793, 2.852108;0.9735973, -0.3590676, 3.02277;1.097919, -0.3281936, 2.738011;0.9521368, -0.7070729, 3.047958;1.10643, -0.6930701, 2.640687;0.909252, -0.7748136, 3.030293;1.05324, -0.770668, 2.590388;
0.7824103, 0.6523175, 2.825545;0.9114982, 0.5296569, 2.879517;0.9810525, 0.2216557, 2.891632;0.8308059, 0.4198024, 3.024717;1.002531, 0.44729, 2.760042;0.8162903, -0.09919491, 2.923763;0.9612064, -0.09500102, 2.672938;0.9944254, 0.1599455, 2.898071;0.9752729, 0.07973708, 2.951807;1.042653, 0.1016979, 2.848914;0.975391, -0.3621686, 3.023633;1.101376, -0.3425052, 2.74338;0.9513807, -0.7080408, 3.047407;1.105273, -0.6949972, 2.63928;0.9092587, -0.7748604, 3.030293;1.051775, -0.7724087, 2.588964;
0.7822105, 0.6529499, 2.823805;0.9116324, 0.5308002, 2.879079;0.9800224, 0.2221878, 2.890668;0.8308061, 0.419801, 3.024678;1.002676, 0.4478941, 2.759962;0.8155529, -0.0967975, 2.922099;0.9595935, -0.0953935, 2.672326;0.9930841, 0.1604088, 2.896705;0.9735618, 0.07935482, 2.950934;1.04097, 0.1028515, 2.844868;0.9753003, -0.3621139, 3.023444;1.099748, -0.3372318, 2.743624;0.9516476, -0.7086539, 3.047447;1.105288, -0.6949841, 2.639235;0.9094234, -0.7749246, 3.030161;1.051719, -0.7723927, 2.588934;
0.7832294, 0.6543073, 2.823559;0.9126763, 0.5337974, 2.880058;0.9785205, 0.2247899, 2.890129;0.8297333, 0.4305703, 3.028095;1.002339, 0.4485011, 2.759867;0.8148021, -0.09559427, 2.921421;0.9594228, -0.09577483, 2.672324;0.9910849, 0.1631787, 2.895675;0.9714125, 0.08165205, 2.950422;1.038599, 0.1052194, 2.842136;0.9751915, -0.3626067, 3.023211;1.103445, -0.3540177, 2.725852;0.9509008, -0.7085696, 3.046906;1.105198, -0.6949028, 2.63889;0.9093419, -0.7751188, 3.029999;1.051538, -0.7724326, 2.588819;
0.7859894, 0.6533453, 2.825418;0.9131699, 0.5350043, 2.88318;0.9780708, 0.2254574, 2.889573;0.8297917, 0.4272659, 3.02827;1.002479, 0.449007, 2.759536;0.8142025, -0.09456009