1.045319, 0.8184165, 2.923934;1.113633, 0.6506757, 2.906609;1.072564, 0.2762877, 2.874764;1.013103, 0.5128968, 3.079875;1.183083, 0.5149361, 2.783487;0.8596249, -0.04175371, 3.023875;1.175007, -0.02672588, 2.608588;1.06435, 0.2014101, 2.871844;1.018724, 0.1336697, 2.920844;1.095215, 0.1345874, 2.808205;1.053768, -0.3609774, 2.978713;1.161753, -0.331882, 2.687495;1.065096, -0.724409, 2.985494;1.184618, -0.7025854, 2.598219;1.01745, -0.788453, 2.966583;1.13543, -0.7742175, 2.551114;
1.045096, 0.8182572, 2.923563;1.113943, 0.6506495, 2.906976;1.072622, 0.2762658, 2.874801;1.012793, 0.5129398, 3.079945;1.182491, 0.5145228, 2.783621;0.8629136, -0.03384834, 3.026008;1.174902, -0.02658835, 2.608536;1.064381, 0.2013902, 2.871833;1.018759, 0.1337749, 2.920733;1.095234, 0.134628, 2.808422;1.053782, -0.3608334, 2.978556;1.16168, -0.3319282, 2.687454;1.065459, -0.7236313, 2.985707;1.184215, -0.702522, 2.598018;1.016051, -0.7881531, 2.966618;1.135263, -0.7747185, 2.550764;
1.044837, 0.8182195, 2.92417;1.113524, 0.6520608, 2.911659;1.072875, 0.2766025, 2.876864;1.012194, 0.5130028, 3.080339;1.180853, 0.5144443, 2.786612;0.8628946, -0.0336715, 3.02626;1.176355, -0.03273356, 2.609897;1.0647, 0.2015885, 2.873515;1.019213, 0.1340087, 2.922258;1.095532, 0.134755, 2.809669;1.053906, -0.3608435, 2.978907;1.161631, -0.3330652, 2.687716;1.065368, -0.7238544, 2.986506;1.183412, -0.7025698, 2.597831;1.012536, -0.7888937, 2.968369;1.131354, -0.7768085, 2.54615;
1.043261, 0.818023, 2.925689;1.113208, 0.6530482, 2.914801;1.073378, 0.276677, 2.87908;1.0106, 0.5126218, 3.080624;1.180676, 0.5140962, 2.788129;0.8582519, -0.04629984, 3.029212;1.17725, -0.03594564, 2.610854;1.065345, 0.2015027, 2.875569;1.019662, 0.133721, 2.924154;1.096638, 0.1344329, 2.811559;1.054124, -0.360647, 2.979643;1.161002, -0.3336922, 2.688492;1.064672, -0.7223366, 2.985117;1.181739, -0.7023166, 2.596918;1.012563, -0.7887143, 2.968166;1.129567, -0.7777655, 2.542863;
1.042129, 0.8189233, 2.927234;1.112155, 0.6514911, 2.923613;1.073699, 0.270883, 2.884725;1.009155, 0.51145, 3.083025;1.180073, 0.5148959, 2.792497;0.8629878, -0.03258967, 3.031445;1.179001, -0.036596, 2.613364;1.065985, 0.1945122, 2.880811;1.020378, 0.1263252, 2.928404;1.097826, 0.1289173, 2.816364;1.053446, -0.3607806, 2.980812;1.160368, -0.3378307, 2.69056;1.065157, -0.7207354, 2.986036;1.181718, -0.7023179, 2.597172;1.013516, -0.7912762, 2.955792;1.129822, -0.7774096, 2.542423;
1.039933, 0.8194736, 2.930099;1.109449, 0.6526304, 2.931563;1.073553, 0.2689265, 2.889433;1.006477, 0.5107417, 3.086609;1.178418, 0.5166255, 2.798124;0.8626282, -0.03229902, 3.033473;1.181466, -0.03313841, 2.617648;1.066223, 0.1921367, 2.885012;1.020813, 0.1229973, 2.932815;1.098608, 0.1266534, 2.820009;1.0533, -0.3605917, 2.982319;1.160219, -0.337355, 2.692922;1.065325, -0.7204858, 2.986965;1.181002, -0.7001765, 2.598017;1.013513, -0.7896352, 2.957818;1.127598, -0.7774698, 2.540965;
1.038198, 0.8180982, 2.932616;1.108845, 0.6523231, 2.932662;1.074064, 0.2695278, 2.893273;1.002852, 0.5108337, 3.092745;1.178015, 0.5169018, 2.801435;0.8619964, -0.03183938, 3.034568;1.183562, -0.03281445, 2.62127;1.067157, 0.1930459, 2.889419;1.021518, 0.1250223, 2.934446;1.101915, 0.1309208, 2.833149;1.053569, -0.3603258, 2.984317;1.16017, -0.3379606, 2.695518;1.064956, -0.7204318, 2.986655;1.180776, -0.7000547, 2.598064;1.014537, -0.7892469, 2.959585;1.126721, -0.7772591, 2.539997;
1.036067, 0.8176961, 2.938656;1.106642, 0.6520634, 2.937296;1.074366, 0.2682083, 2.897508;1.001429, 0.5105769, 3.093279;1.177786, 0.5160579, 2.803847;0.8613884, -0.03166531, 3.036299;1.183931, -0.03314639, 2.622046;1.067908, 0.1914977, 2.893466;1.02232, 0.123052, 2.939395;1.102961, 0.1283163, 2.834834;1.053751, -0.3615868, 2.987834;1.159655, -0.33924, 2.697143;1.066374, -0.7223238, 2.989527;1.179905, -0.7017775, 2.598328;1.013895, -0.7887659, 2.963116;1.126058, -0.778133, 2.539498;
1.033031, 0.8186219, 2.94533;1.104744, 0.6523854, 2.941087;1.074189, 0.2677265, 2.901342;0.9978627, 0.5130279, 3.101196;1.175181, 0.5152988, 2.809156;0.8611616, -0.031545, 3.036796;1.184364, -0.03262413, 2.623498;1.068056, 0.19085, 2.897188;1.022792, 0.1229383, 2.943341;1.103139, 0.126783, 2.836952;1.054735, -0.36035, 2.989589;1.15962, -0.3393037, 2.697485;1.0668, -0.7224809, 2.990226;1.178722, -0.7016161, 2.599643;1.015324, -0.7906837, 2.957327;1.125011, -0.7783169, 2.53845;
1.029909, 0.818761, 2.94913;1.105417, 0.6525939, 2.942931;1.074416, 0.2698434, 2.90566;0.996861, 0.5131568, 3.102248;1.175676, 0.5156127, 2.810009;0.8546514, -0.04697991, 3.039722;1.184138, -0.03237559, 2.62362;1.068132, 0.193468, 2.90199;1.021997, 0.1235749, 2.947118;1.103785, 0.1311067, 2.842097;1.056052, -0.3598595, 2.989955;1.159652, -0.3392906, 2.697512;1.066969, -0.722469, 2.990146;1.178934, -0.7019765, 2.60068;1.018268, -0.7896212, 2.951437;1.125052, -0.7781912, 2.538452;
1.029085, 0.8195875, 2.949188;1.105018, 0.6523007, 2.943137;1.074551, 0.2705976, 2.906708;0.9964308, 0.5126203, 3.102292;1.175789, 0.5157214, 2.810361;0.8666179, -0.03101167, 3.053037;1.183859, -0.03175686, 2.623015;1.068477, 0.1945808, 2.903307;1.022247, 0.1236331, 2.948737;1.104416, 0.1326879, 2.843017;1.056432, -0.3598939, 2.990028;1.159863, -0.3390378, 2.697612;1.067507, -0.7237998, 2.991409;1.181423, -0.7011518, 2.602967;1.013394, -0.7885056, 2.965766;1.127314, -0.777479, 2.541656;
1.029017, 0.8196858, 2.949219;1.104491, 0.6511717, 2.941177;1.074578, 0.2706735, 2.906636;0.9964302, 0.5127541, 3.101867;1.175839, 0.5157229, 2.81021;0.8690925, -0.03088298, 3.058464;1.180368, -0.02893157, 2.619385;1.06858, 0.1948167, 2.90344;1.022357, 0.1241229, 2.948923;1.104781, 0.1334972, 2.8439;1.057184, -0.3597681, 2.989769;1.160119, -0.3389738, 2.697353;1.067325, -0.7195014, 2.99325;1.181854, -0.7011922, 2.602879;1.023536, -0.7885717, 2.948963;1.132425, -0.7763705, 2.546547;
1.028416, 0.8186085, 2.944395;1.104044, 0.6508954, 2.941211;1.074551, 0.2715135, 2.90691;0.9966189, 0.5118477, 3.102317;1.176537, 0.5157221, 2.808536;0.8704396, -0.03244366, 3.058691;1.178601, -0.02659313, 2.618049;1.068685, 0.1960907, 2.903802;1.02248, 0.1246505, 2.949576;1.104878, 0.1341777, 2.84363;1.057516, -0.3591754, 2.989096;1.16124, -0.3394994, 2.69697;1.067528, -0.7193586, 2.993024;1.182173, -0.7012895, 2.602933;1.018913, -0.7859701, 2.955494;1.133039, -0.7763814, 2.546049;
1.02575, 0.8122635, 2.933897;1.104451, 0.6502377, 2.9375;1.074885, 0.270538, 2.905756;0.9987317, 0.5113024, 3.100233;1.175405, 0.5150907, 2.805697;0.8745819, -0.03418884, 3.059847;1.17551, -0.02519761, 2.614119;1.069027, 0.1949275, 2.902847;1.023508, 0.1238828, 2.948651;1.10469, 0.1337198, 2.843257;1.058291, -0.3593257, 2.98777;1.16312, -0.3411229, 2.695548;1.067104, -0.7195564, 2.992564;1.182634, -0.7017741, 2.603128;1.010792, -0.7884792, 2.966205;1.133513, -0.7770749, 2.546658;
1.026493, 0.8121932, 2.932806;1.107984, 0.6508552, 2.924492;1.076641, 0.2702649, 2.901107;1.004119, 0.5097318, 3.096937;1.175052, 0.515214, 2.800639;0.8864628, -0.03855892, 3.072776;1.172552, -0.02418904, 2.611422;1.070478, 0.1944835, 2.899369;1.02598, 0.1229286, 2.946596;1.104693, 0.133376, 2.839232;1.058566, -0.3596653, 2.987099;1.163803, -0.3408218, 2.695046;1.065509, -0.7201365, 2.989614;1.183482, -0.7028366, 2.602748;1.010515, -0.7892956, 2.969459;1.133644, -0.7774271, 2.546722;
1.02723, 0.8106591, 2.927023;1.110943, 0.647908, 2.911963;1.078541, 0.2715113, 2.895718;1.006087, 0.5074109, 3.096075;1.175072, 0.5158904, 2.79041;0.8914409, -0.03947581, 3.077485;1.168134, -0.02449076, 2.605858;1.072148, 0.1960839, 2.895207;1.027355, 0.1225912, 2.945798;1.105163, 0.1337055, 2.832135;1.058109, -0.3603617, 2.98348;1.164829, -0.3371235, 2.692768;1.065748, -0.7239608, 2.989367;1.183232, -0.7023378, 2.602609;1.009262, -0.7932966, 2.951916;1.132929, -0.7778816, 2.54671;
1.027551, 0.8085669, 2.923271;1.111489, 0.6467556, 2.906271;1.080067, 0.271176, 2.890401;1.010933, 0.5018065, 3.091629;1.176255, 0.5164684, 2.784457;0.8978509, -0.03883992, 3.073269;1.164792, -0.02577214, 2.598833;1.073771, 0.1959613, 2.890402;1.030005, 0.1215161, 2.942466;1.105786, 0.1330909, 2.82717;1.056327, -0.3606978, 2.979967;1.166106, -0.3368919, 2.689224;1.065808, -0.7243391, 2.989277;1.183204, -0.7020317, 2.602341;1.010997, -0.7921695, 2.956526;1.131809, -0.7781274, 2.545025;
1.026034, 0.80808, 2.916197;1.112191, 0.6467956, 2.900832;1.080673, 0.2710333, 2.886628;1.015286, 0.5029501, 3.085998;1.176055, 0.5167748, 2.777898;0.9050346, -0.03999721, 3.067003;1.164742, -0.0248227, 2.592464;1.074347, 0.1958199, 2.887085;1.031305, 0.1212948, 2.940648;1.105304, 0.1320899, 2.823092;1.055007, -0.3609645, 2.976441;1.166989, -0.3362233, 2.685494;1.065719, -0.7236292, 2.989773;1.183399, -0.7024661, 2.602289;1.013668, -0.7909432, 2.959904;1.131608, -0.7789109, 2.545189;
1.026233, 0.8079854, 2.914901;1.112794, 0.6466262, 2.897437;1.081366, 0.2708277, 2.882702;1.018186, 0.5041403, 3.083795;1.174907, 0.5159482, 2.769176;0.917792, -0.05088762, 3.067564;1.164036, -0.02802382, 2.587489;1.075056, 0.1956267, 2.883153;1.033272, 0.1206127, 2.937425;1.104804, 0.1319117, 2.818729;1.051868, -0.3600067, 2.972097;1.167506, -0.3366082, 2.681795;1.065713, -0.7232679, 2.990146;1.183476, -0.7027085, 2.60216;1.011957, -0.7909179, 2.962844;1.131725, -0.7789623, 2.545264;
1.025112, 0.8072549, 2.913069;1.113257, 0.6466306, 2.895202;1.081602, 0.2707378, 2.88149;1.033065, 0.5229468, 3.070949;1.174659, 0.5166917, 2.765738;0.9210631, -0.04772345, 3.06338;1.16306, -0.03025981, 2.58399;1.075257, 0.1955327, 2.882136;1.034637, 0.1206337, 2.936514;1.104062, 0.1317324, 2.817669;1.049766, -0.3607885, 2.970121;1.167729, -0.3368361, 2.678873;1.064948, -0.723336, 2.990111;1.183464, -0.7017099, 2.60231;1.013083, -0.7933674, 2.942536;1.132535, -0.7787714, 2.545672;
1.024452, 0.8066231, 2.91122;1.112106, 0.6463597, 2.891656;1.08168, 0.2705168, 2.880178;1.031004, 0.5180333, 3.074492;1.173782, 0.5161285, 2.762835;0.9254441, -0.04542427, 3.06376;1.162044, -0.0319273, 2.580593;1.075465, 0.1953301, 2.881133;1.035396, 0.1203385, 2.935904;1.103983, 0.131547, 2.816914;1.048549, -0.3609906, 2.969457;1.167676, -0.3349477, 2.676962;1.064094, -0.7222136, 2.991627;1.18347, -0.7007476, 2.602352;1.012004, -0.7922122, 2.963044;1.132831, -0.7780763, 2.54537;
1.022155, 0.8068775, 2.910345;1.111322, 0.6480269, 2.889442;1.081613, 0.26969, 2.878829;1.029524, 0.5092492, 3.071816;1.171537, 0.5169887, 2.761898;0.9281297, -0.04606215, 3.061289;1.160774, -0.03186196, 2.575468;1.075531, 0.1939611, 2.879751;1.036356, 0.119337, 2.934888;1.103595, 0.1308627, 2.816062;1.047899, -0.3613459, 2.969526;1.167561, -0.33517, 2.676331;1.063177, -0.7230675, 2.992563;1.184007, -0.7017626, 2.602424;1.008561, -0.7923069, 2.967421;1.133345, -0.7778316, 2.544979;
1.019504, 0.8060818, 2.911048;1.110742, 0.6480094, 2.888997;1.081597, 0.2693785, 2.878456;1.029957, 0.5110095, 3.071659;1.168755, 0.5175823, 2.76095;0.9286526, -0.04506527, 3.060928;1.159751, -0.03246342, 2.569516;1.075624, 0.1935892, 2.879416;1.037455, 0.1188802, 2.934696;1.103194, 0.1304416, 2.81556;1.047994, -0.3613293, 2.969684;1.167387, -0.3357971, 2.675802;1.064188, -0.7226372, 2.993621;1.184239, -0.7020183, 2.602729;1.016613, -0.7923443, 2.941941;1.133569, -0.7779768, 2.545187;
1.013944, 0.8068316, 2.911241;1.106888, 0.6476496, 2.891254;1.08084, 0.2690833, 2.879256;1.029453, 0.512868, 3.071721;1.165227, 0.518606, 2.762579;0.9279351, -0.04579746, 3.05734;1.158454, -0.03310327, 2.567236;1.075192, 0.193323, 2.880106;1.037791, 0.1186803, 2.935682;1.102268, 0.1302219, 2.816244;1.049016, -0.3612, 2.970244;1.166938, -0.3357169, 2.676064;1.064447, -0.7228397, 2.994285;1.184081, -0.702126, 2.602468;1.016452, -0.7920752, 2.941814;1.133415, -0.7779775, 2.545101;
1.012286, 0.806468, 2.911136;1.100768, 0.6462739, 2.894413;1.078547, 0.2651999, 2.881661;1.031332, 0.5180455, 3.065232;1.159806, 0.5172042, 2.765691;0.9293527, -0.05112403, 3.059115;1.157885, -0.03401038, 2.567563;1.073575, 0.1887741, 2.882606;1.038542, 0.1167243, 2.937404;1.09961, 0.1269113, 2.819041;1.04962, -0.3611126, 2.971384;1.166312, -0.3361986, 2.676515;1.0641, -0.7227791, 2.994222;1.184353, -0.7027056, 2.602533;1.013741, -0.7914158, 2.963487;1.133658, -0.778034, 2.544846;
1.007571, 0.8036282, 2.914252;1.096332, 0.6471574, 2.901439;1.076795, 0.2635958, 2.884611;1.023495, 0.5180989, 3.084368;1.15106, 0.515419, 2.774575;0.9294988, -0.05100008, 3.062169;1.157819, -0.03408112, 2.567614;1.072304, 0.1869193, 2.88503;1.038362, 0.11509, 2.939534;1.098161, 0.1257485, 2.821153;1.049918, -0.3613841, 2.973665;1.165102, -0.3363684, 2.67802;1.06402, -0.7229684, 2.994674;1.184378, -0.702824, 2.602344;1.016625, -0.7909868, 2.950082;1.133695, -0.7780402, 2.544897;
1.004279, 0.8038642, 2.915941;1.084246, 0.6444567, 2.918754;1.073308, 0.2656679, 2.890074;1.002039, 0.4910603, 3.140872;1.148768, 0.5150133, 2.777895;0.931698, -0.0515005, 3.074981;1.156682, -0.03295029, 2.569852;1.070053, 0.1893237, 2.888913;1.036388, 0.1144877, 2.943753;1.097537, 0.1267125, 2.822084;1.050569, -0.360062, 2.978382;1.163275, -0.3348068, 2.681205;1.063047, -0.7226899, 2.995567;1.184255, -0.7022122, 2.60175;1.015363, -0.7920561, 2.967382;1.133848, -0.7777644, 2.544937;
0.9990818, 0.8021758, 2.91884;1.083049, 0.6443059, 2.924607;1.070068, 0.2649368, 2.897911;1.002539, 0.4919825, 3.140224;1.144912, 0.5138625, 2.783413;0.9316275, -0.06072193, 3.091189;1.151516, -0.03649296, 2.576619;1.067001, 0.188745, 2.896213;1.033828, 0.1129491, 2.951114;1.094361, 0.1265398, 2.828635;1.05023, -0.3589085, 2.981683;1.16167, -0.3362962, 2.68484;1.06305, -0.7219681, 2.996074;1.184401, -0.702333, 2.601813;1.018473, -0.7931321, 2.955183;1.133844, -0.7778476, 2.54499;
0.9906673, 0.8024479, 2.933308;1.081248, 0.6443864, 2.92643;1.067873, 0.265207, 2.900746;1.00198, 0.4977722, 3.136222;1.141683, 0.514798, 2.789692;0.9283628, -0.06407255, 3.090855;1.147685, -0.03838254, 2.584801;1.064908, 0.1891376, 2.899159;1.031747, 0.1124805, 2.954654;1.092525, 0.126912, 2.831085;1.050073, -0.359275, 2.987352;1.159732, -0.3358154, 2.689875;1.063323, -0.7216235, 2.996932;1.184491, -0.7023346, 2.60182;1.01884, -0.791209, 2.959171;1.133954, -0.7783594, 2.545457;
0.9905459, 0.803414, 2.939135;1.079668, 0.6441268, 2.929308;1.065485, 0.2656867, 2.904314;1.001817, 0.5003079, 3.131146;1.141345, 0.5148526, 2.790933;0.9261757, -0.05487046, 3.101013;1.144068, -0.03781686, 2.590307;1.062447, 0.1898541, 2.902829;1.028749, 0.1120628, 2.959467;1.090516, 0.1272433, 2.833628;1.049706, -0.3592298, 2.988276;1.158349, -0.335088, 2.692148;1.062621, -0.722101, 2.997893;1.184401, -0.7017688, 2.601952;1.015388, -0.7904452, 2.964743;1.13388, -0.7783056, 2.545463;
0.9906373, 0.8035297, 2.938729;1.078565, 0.6440765, 2.930335;1.063643, 0.2658139, 2.905823;1.001897, 0.5020755, 3.130169;1.140299, 0.5150068, 2.79301;0.9253381, -0.05152724, 3.104784;1.139772, -0.03608406, 2.599002;1.060506, 0.1900564, 2.904418;1.027073, 0.112228, 2.960798;1.088079, 0.1276887, 2.835682;1.049261, -0.3590001, 2.989311;1.157614, -0.3348199, 2.69344;1.062705, -0.7219334, 2.997785;1.184623, -0.7012022, 2.602418;1.014447, -0.790593, 2.966597;1.13361, -0.7784352, 2.545616;
0.991442, 0.8037617, 2.938032;1.077639, 0.6444941, 2.932739;1.062004, 0.2662197, 2.906929;1.001558, 0.5044022, 3.130122;1.139913, 0.5151957, 2.794313;0.9226276, -0.05003478, 3.109819;1.135913, -0.03770268, 2.605723;1.058716, 0.1904949, 2.90533;1.025187, 0.1125683, 2.961247;1.086037, 0.1283818, 2.836748;1.049073, -0.3592365, 2.989707;1.156989, -0.334835, 2.694478;1.06269, -0.7218382, 2.997918;1.184711, -0.7008939, 2.602872;1.013779, -0.789656, 2.967695;1.133642, -0.7784987, 2.545402;
0.9938325, 0.8057264, 2.937007;1.080552, 0.64613, 2.930966;1.061471, 0.266432, 2.906112;1.001199, 0.5047644, 3.129189;1.140162, 0.5160023, 2.794544;0.9171583, -0.04651155, 3.115186;1.129153, -0.03392321, 2.609536;1.057593, 0.1906127, 2.904338;1.02272, 0.1123252, 2.959935;1.084622, 0.1284935, 2.835625;1.049133, -0.3602463, 2.990144;1.156748, -0.3344175, 2.694615;1.063199, -0.7215742, 2.997939;1.185082, -0.7000164, 2.603105;1.015797, -0.7919919, 2.948651;1.13375, -0.7782591, 2.545824;
0.995863, 0.8067806, 2.937047;1.081252, 0.6474321, 2.930987;1.060879, 0.2668663, 2.905106;1.001351, 0.5047712, 3.129508;1.140248, 0.5161099, 2.794024;0.9156466, -0.04670476, 3.115317;1.124652, -0.03160357, 2.608928;1.056625, 0.190917, 2.902977;1.021417, 0.1128219, 2.957969;1.083325, 0.1287692, 2.834151;1.050318, -0.360102, 2.990117;1.156805, -0.3340347, 2.694529;1.063244, -0.7213411, 2.99769;1.185401, -0.7003699, 2.602834;1.012413, -0.7903829, 2.957412;1.133922, -0.7784553, 2.546339;
1.001629, 0.8096263, 2.934752;1.083474, 0.648898, 2.927675;1.060784, 0.266618, 2.901559;1.001457, 0.504804, 3.129609;1.141542, 0.5169535, 2.792633;0.9132746, -0.045705, 3.114677;1.120594, -0.03010412, 2.606942;1.056145, 0.1902965, 2.899394;1.020339, 0.1132322, 2.95244;1.082991, 0.1285384, 2.83246;1.050682, -0.3605421, 2.989554;1.156919, -0.3340857, 2.69412;1.063844, -0.7223752, 2.997937;1.185602, -0.700618, 2.602888;1.011608, -0.7897273, 2.964252;1.134337, -0.7788057, 2.547037;
1.00368, 0.8117127, 2.935488;1.090346, 0.6505561, 2.920337;1.060994, 0.2660215, 2.896105;1.001609, 0.5047616, 3.128532;1.142132, 0.5178154, 2.791761;0.9128938, -0.04552264, 3.114097;1.119706, -0.02945143, 2.605883;1.055423, 0.1892969, 2.894099;1.01855, 0.1136639, 2.94582;1.082147, 0.128437, 2.829284;1.051586, -0.361409, 2.98885;1.157257, -0.3339279, 2.69341;1.065735, -0.719165, 3.000042;1.185886, -0.699631, 2.603295;1.016008, -0.7889526, 2.950803;1.134418, -0.778554, 2.54713;
1.008485, 0.8155537, 2.934506;1.092513, 0.6505977, 2.916485;1.060954, 0.2591349, 2.885302;1.006577, 0.4961002, 3.106518;1.145603, 0.5184661, 2.788493;0.9067649, -0.0438327, 3.099307;1.118076, -0.02796228, 2.60326;1.054392, 0.1800816, 2.881637;1.016238, 0.1109972, 2.926927;1.081984, 0.1258222, 2.825127;1.05227, -0.3608307, 2.98767;1.158744, -0.335053, 2.691635;1.065822, -0.719089, 2.999783;1.185916, -0.6997018, 2.603235;1.013371, -0.7891183, 2.958687;1.134616, -0.7785698, 2.547284;
1.01005, 0.8150715, 2.93414;1.094621, 0.6498546, 2.91304;1.060663, 0.2592033, 2.883073;1.007752, 0.4969572, 3.096373;1.148265, 0.5190123, 2.785331;0.9045777, -0.04027884, 3.093121;1.118003, -0.02671292, 2.598156;1.053827, 0.1804113, 2.879812;1.015492, 0.1115534, 2.9256;1.080987, 0.1257653, 2.82197;1.052654, -0.3609484, 2.984743;1.159575, -0.334603, 2.690863;1.066274, -0.7193784, 2.999526;1.18545, -0.6990253, 2.603238;1.013372, -0.7901003, 2.954109;1.137868, -0.778435, 2.551625;
1.015797, 0.8150768, 2.93069;1.097624, 0.6501631, 2.908346;1.060637, 0.2594893, 2.880863;1.008066, 0.4974681, 3.0953;1.150175, 0.5184863, 2.782782;0.9021473, -0.03679227, 3.085062;1.119408, -0.02870803, 2.593688;1.053467, 0.1808083, 2.878123;1.01492, 0.1119616, 2.924555;1.080367, 0.1258585, 2.819639;1.052662, -0.3615313, 2.984139;1.161123, -0.3309589, 2.69014;1.06612, -0.7195762, 2.999309;1.185747, -0.6976479, 2.602976;1.015301, -0.7882377, 2.948267;1.136957, -0.7784685, 2.551722;
1.019552, 0.816816, 2.927903;1.100767, 0.6512744, 2.905242;1.061311, 0.2602623, 2.877851;1.008673, 0.4980429, 3.094058;1.151983, 0.5180945, 2.779844;0.9008679, -0.03533307, 3.079028;1.123089, -0.02547078, 2.582438;1.053682, 0.1816508, 2.875342;1.014758, 0.1122857, 2.923228;1.08026, 0.1258304, 2.814807;1.052644, -0.3617397, 2.983047;1.161748, -0.3328251, 2.688145;1.066096, -0.7211609, 2.998932;1.185772, -0.6976646, 2.602959;1.007138, -0.7904412, 2.960203;1.138458, -0.7775586, 2.553311;
1.025211, 0.8177928, 2.927422;1.10175, 0.6512775, 2.90459;1.061424, 0.2601175, 2.876374;1.009406, 0.496457, 3.089364;1.153027, 0.5170649, 2.777479;0.898567, -0.03378605, 3.070438;1.125637, -0.02523241, 2.580571;1.053546, 0.1815439, 2.873756;1.014384, 0.112187, 2.922179;1.079912, 0.1250336, 2.812093;1.051935, -0.362564, 2.980344;1.162271, -0.3342008, 2.6867;1.066495, -0.7200456, 3.000336;1.185974, -0.6992565, 2.602591;1.005219, -0.792026, 2.971793;1.138019, -0.7780607, 2.552699;
1.029171, 0.8181628, 2.927229;1.102907, 0.6506729, 2.901497;1.061992, 0.2592858, 2.872995;1.009977, 0.4963806, 3.083248;1.153477, 0.5169581, 2.775692;0.8963801, -0.03371231, 3.064595;1.130408, -0.03035937, 2.575084;1.053926, 0.1807868, 2.870573;1.014604, 0.1116613, 2.919128;1.080212, 0.1242885, 2.809357;1.052165, -0.3626516, 2.97975;1.16269, -0.3360471, 2.685591;1.066308, -0.7196082, 2.999859;1.185967, -0.6997696, 2.602433;1.01071, -0.793259, 2.954483;1.13769, -0.7781792, 2.552358;
1.032505, 0.8187359, 2.927255;1.104849, 0.6498817, 2.899013;1.062547, 0.2591103, 2.871345;1.010912, 0.4975746, 3.081823;1.154362, 0.516943, 2.773026;0.8957816, -0.03355599, 3.057426;1.133449, -0.03443845, 2.569252;1.054258, 0.1807384, 2.869123;1.014866, 0.1117623, 2.917627;1.080331, 0.1243194, 2.8083;1.053574, -0.364665, 2.979947;1.162499, -0.3361584, 2.685062;1.066446, -0.7205032, 3.000937;1.185846, -0.7005987, 2.602317;1.012681, -0.7914726, 2.969032;1.137233, -0.7786116, 2.551721;
1.033087, 0.8197689, 2.923578;1.105109, 0.6498184, 2.898591;1.06257, 0.2588091, 2.870297;1.012196, 0.4981998, 3.07927;1.154016, 0.5161031, 2.772045;0.89442, -0.03539603, 3.047215;1.136239, -0.03726417, 2.566076;1.054179, 0.1804119, 2.867963;1.014967, 0.1115708, 2.916666;1.07986, 0.1239375, 2.806804;1.0536, -0.3644122, 2.979744;1.162376, -0.3360104, 2.684639;1.066424, -0.7204465, 3.00082;1.185899, -0.7006967, 2.602532;1.0137, -0.7910876, 2.970062;1.137226, -0.7785464, 2.551655;
1.034224, 0.8194464, 2.923081;1.106039, 0.6505, 2.898204;1.062997, 0.2598348, 2.868956;1.012813, 0.5004441, 3.077495;1.154103, 0.5163473, 2.771592;0.8939658, -0.03578921, 3.045552;1.138208, -0.03649512, 2.564543;1.054467, 0.1815977, 2.866369;1.015012, 0.1121905, 2.915855;1.080107, 0.1252533, 2.803866;1.053464, -0.3639884, 2.979258;1.162223, -0.3358564, 2.683916;1.065904, -0.7203536, 2.999439;1.185843, -0.700728, 2.602433;1.013201, -0.7908201, 2.971114;1.13689, -0.7787719, 2.551661;
1.035084, 0.8201982, 2.92245;1.106133, 0.6507323, 2.898166;1.063048, 0.2598862, 2.868435;1.014372, 0.5032595, 3.076052;1.1544, 0.5166562, 2.770735;0.8943268, -0.03500525, 3.042632;1.139354, -0.03722876, 2.564578;1.054496, 0.1816028, 2.865717;1.015228, 0.112402, 2.91483;1.079994, 0.125202, 2.803371;1.053411, -0.3638678, 2.979022;1.162207, -0.3365392, 2.683258;1.065996, -0.7207093, 2.99954;1.185627, -0.7010381, 2.6022;1.012789, -0.7903593, 2.971522;1.136688, -0.7791668, 2.551202;
1.035835, 0.8190083, 2.921299;1.107277, 0.6512377, 2.897858;1.063194, 0.2596795, 2.868048;1.015283, 0.5042226, 3.074829;1.15416, 0.5164908, 2.770249;0.8942589, -0.03597305, 3.041515;1.140161, -0.03775096, 2.564706;1.054526, 0.1812805, 2.865284;1.015427, 0.1122978, 2.914204;1.079803, 0.1250574, 2.803201;1.053369, -0.3638968, 2.979019;1.161207, -0.3355499, 2.682408;1.06576, -0.7207189, 2.998288;1.185898, -0.7006359, 2.603209;1.012351, -0.7895949, 2.971416;1.136762, -0.7794549, 2.552063;
1.039039, 0.8172126, 2.923334;1.108237, 0.6512252, 2.896683;1.063292, 0.259565, 2.867285;1.016271, 0.5058703, 3.073251;1.154204, 0.5167137, 2.770011;0.8945289, -0.03635807, 3.038818;1.140624, -0.03821661, 2.565782;1.054489, 0.1811649, 2.864631;1.015491, 0.1123388, 2.913323;1.079583, 0.125115, 2.802911;1.053446, -0.3636799, 2.978562;1.16, -0.3341873, 2.681687;1.065485, -0.7205884, 2.997865;1.186011, -0.6998191, 2.603209;1.011995, -0.7891403, 2.971109;1.136971, -0.7788986, 2.553424;
1.039095, 0.8172095, 2.923325;1.108557, 0.6513278, 2.895928;1.063298, 0.2593257, 2.866659;1.016967, 0.5069243, 3.072105;1.155214, 0.5167407, 2.768754;0.8957696, -0.03600995, 3.039348;1.14067, -0.03840908, 2.565773;1.054417, 0.180873, 2.864062;1.015385, 0.1123582, 2.91233;1.079529, 0.1250567, 2.802852;1.053226, -0.3634956, 2.978009;1.159198, -0.3336345, 2.681387;1.065479, -0.7205427, 2.99784;1.185942, -0.6991794, 2.603293;1.014776, -0.7901481, 2.954884;1.136595, -0.7787414, 2.552827;
1.039231, 0.8164653, 2.922941;1.109053, 0.6520486, 2.895764;1.063182, 0.2591573, 2.866439;1.017337, 0.5070207, 3.071958;1.155083, 0.5166807, 2.768687;0.8984202, -0.03642114, 3.043151;1.140172, -0.03958476, 2.566626;1.05413, 0.1804878, 2.863746;1.015264, 0.1123333, 2.911969;1.078923, 0.1247642, 2.802749;1.053383, -0.3618039, 2.977234;1.158666, -0.3335901, 2.680975;1.065461, -0.7194459, 2.997643;1.185642, -0.7006837, 2.602627;1.015572, -0.7885903, 2.950946;1.135564, -0.7800728, 2.552219;
1.039724, 0.8174252, 2.923277;1.109039, 0.6521435, 2.895722;1.062853, 0.2593934, 2.866127;1.017925, 0.5088163, 3.071329;1.155105, 0.516606, 2.768167;0.9023905, -0.03667402, 3.047177;1.13945, -0.03922075, 2.569995;1.053684, 0.1807676, 2.863394;1.014824, 0.1128229, 2.911497;1.07819, 0.1250056, 2.802433;1.053575, -0.3614864, 2.977282;1.158077, -0.3334151, 2.680652;1.065342, -0.719115, 2.997517;1.18557, -0.6993905, 2.60222;1.016527, -0.788986, 2.949707;1.134871, -0.7785948, 2.550392;
1.039783, 0.8171694, 2.923085;1.10975, 0.6520319, 2.894816;1.062711, 0.2593778, 2.865895;1.018055, 0.5089278, 3.071198;1.155076, 0.5165563, 2.767951;0.9048728, -0.03830616, 3.050865;1.138691, -0.04036399, 2.571475;1.053424, 0.1807659, 2.863219;1.014584, 0.1128323, 2.91141;1.077579, 0.1249819, 2.802242;1.053592, -0.3612839, 2.977211;1.157563, -0.3337621, 2.680573;1.065962, -0.7190223, 2.997839;1.185581, -0.6995709, 2.602339;1.013384, -0.7887624, 2.960479;1.134967, -0.7786536, 2.550115;
1.040315, 0.8167221, 2.923484;1.110301, 0.6521569, 2.894266;1.062623, 0.2593821, 2.865817;1.019392, 0.508961, 3.072691;1.155058, 0.5162202, 2.767794;0.9065088, -0.03931341, 3.049674;1.137414, -0.0404599, 2.573098;1.053231, 0.1807647, 2.863178;1.014484, 0.1128071, 2.911476;1.076838, 0.1249245, 2.802094;1.05362, -0.3613916, 2.977329;1.156499, -0.3324752, 2.680287;1.066139, -0.7208584, 2.997555;1.185606, -0.6993383, 2.602591;1.011957, -0.7885256, 2.962579;1.133829, -0.7791504, 2.549558;
1.039869, 0.8168751, 2.92322;1.110344, 0.6521325, 2.894231;1.062497, 0.2594733, 2.865837;1.020005, 0.5106326, 3.073479;1.15519, 0.516298, 2.767605;0.9071463, -0.03910278, 3.049334;1.136274, -0.04263388, 2.574955;1.052994, 0.18093, 2.863257;1.014236, 0.1130246, 2.911597;1.076424, 0.1251235, 2.802282;1.053506, -0.3615941, 2.977386;1.155957, -0.3319777, 2.680373;1.06515, -0.7217319, 2.997333;1.186688, -0.6999913, 2.603413;1.013479, -0.7897486, 2.970806;1.136166, -0.7785931, 2.552185;
1.037538, 0.814958, 2.916209;1.110372, 0.6519692, 2.894135;1.062139, 0.2590733, 2.865422;1.02013, 0.5106548, 3.073014;1.155086, 0.5159963, 2.76761;0.9078276, -0.03989921, 3.04921;1.135802, -0.04306408, 2.576098;1.052509, 0.1804768, 2.862811;1.013825, 0.1125864, 2.911008;1.075909, 0.1250783, 2.802084;1.053311, -0.3621075, 2.977397;1.155943, -0.3322283, 2.680322;1.064286, -0.7226011, 2.996748;1.186695, -0.7009016, 2.603293;1.013596, -0.7901765, 2.975109;1.134278, -0.7795894, 2.548885;
1.037647, 0.8148133, 2.916537;1.110521, 0.6518283, 2.893102;1.061984, 0.2590877, 2.865202;1.020439, 0.5107191, 3.073107;1.155145, 0.5159093, 2.767548;0.913075, -0.04792936, 3.052134;1.135103, -0.04327875, 2.57741;1.05233, 0.1805062, 2.8627;1.013705, 0.1125903, 2.911051;1.075502, 0.1249384, 2.801837;1.052911, -0.3620072, 2.977345;1.155483, -0.3324184, 2.680576;1.064341, -0.7217665, 2.996187;1.186058, -0.7020712, 2.602653;1.01003, -0.7897395, 2.973905;1.133883, -0.780133, 2.5484;
1.037919, 0.8148722, 2.916559;1.11012, 0.651589, 2.892633;1.061702, 0.2593949, 2.864877;1.020628, 0.5109936, 3.073661;1.155207, 0.516047, 2.767513;0.913863, -0.04770469, 3.052177;1.134764, -0.04330675, 2.578282;1.052042, 0.1809441, 2.862425;1.013574, 0.1126903, 2.911005;1.075128, 0.1253652, 2.801437;1.05294, -0.3620447, 2.977372;1.15533, -0.3325279, 2.680533;1.064617, -0.7221661, 2.996412;1.186048, -0.7020373, 2.602642;1.010004, -0.7901524, 2.976603;1.137239, -0.7791222, 2.551663;
1.037871, 0.8147137, 2.916333;1.109804, 0.6514252, 2.89244;1.061486, 0.2593052, 2.864855;1.020869, 0.510865, 3.07386;1.155178, 0.5160309, 2.767645;0.9186209, -0.04623661, 3.057221;1.134365, -0.04319697, 2.578588;1.051837, 0.1808652, 2.862456;1.013471, 0.1126408, 2.911079;1.074806, 0.1252781, 2.801507;1.052901, -0.3620744, 2.977422;1.155633, -0.3335045, 2.680391;1.064861, -0.7226354, 2.99646;1.186191, -0.7027876, 2.602473;1.010182, -0.7895744, 2.97575;1.137131, -0.779209, 2.55101;
1.038151, 0.8148666, 2.916638;1.109802, 0.65143, 2.892454;1.061413, 0.2592779, 2.864844;1.02109, 0.5109167, 3.073082;1.155228, 0.515976, 2.767807;0.9195848, -0.04730327, 3.057754;1.134098, -0.04387356, 2.578896;1.051739, 0.1808248, 2.862457;1.013367, 0.1126206, 2.911141;1.074609, 0.1250606, 2.80143;1.052904, -0.362114, 2.977451;1.15544, -0.3335918, 2.680347;1.064824, -0.7225875, 2.996319;1.186183, -0.7028223, 2.602527;1.011448, -0.7893606, 2.974273;1.137135, -0.7792173, 2.550381;
1.037799, 0.8148822, 2.91712;1.109328, 0.6513295, 2.892191;1.061112, 0.2591432, 2.864671;1.021223, 0.5109592, 3.072182;1.155087, 0.5159486, 2.767826;0.919621, -0.04740506, 3.057816;1.134186, -0.0438078, 2.579006;1.051479, 0.1806931, 2.862339;1.013223, 0.1124119, 2.911128;1.074233, 0.1249474, 2.801249;1.052898, -0.3620439, 2.977424;1.155273, -0.3335065, 2.680176;1.064892, -0.7213202, 2.995925;1.185973, -0.7022726, 2.60245;1.020532, -0.791797, 2.945707;1.135095, -0.7798584, 2.549237;
1.037535, 0.8148387, 2.917139;1.108783, 0.6510174, 2.89168;1.060932, 0.2590826, 2.864616;1.020945, 0.51044, 3.073435;1.155038, 0.5159654, 2.767833;0.9196999, -0.04712118, 3.057621;1.134188, -0.04383196, 2.579109;1.051345, 0.1806595, 2.862347;1.013136, 0.1124477, 2.911117;1.074095, 0.1249446, 2.801395;1.052877, -0.362035, 2.977379;1.154672, -0.3330033, 2.679993;1.065888, -0.7216925, 2.996796;1.185958, -0.7022624, 2.602446;1.020055, -0.7922267, 2.945515;1.135018, -0.7798482, 2.549232;
1.035111, 0.8149945, 2.915798;1.10858, 0.6508037, 2.891436;1.06081, 0.2589624, 2.864545;1.020443, 0.5103109, 3.073059;1.155, 0.5158135, 2.767564;0.9197692, -0.04729458, 3.05754;1.134132, -0.04398851, 2.579264;1.051243, 0.1805614, 2.862325;1.012988, 0.1124232, 2.911071;1.074064, 0.124839, 2.801459;1.052274, -0.3621767, 2.977365;1.153839, -0.3321677, 2.680053;1.065817, -0.7216839, 2.997045;1.18652, -0.702245, 2.603161;1.01374, -0.7903771, 2.964126;1.135666, -0.7792259, 2.55004;
1.033177, 0.8150793, 2.915209;1.106777, 0.6508844, 2.891656;1.060271, 0.2588317, 2.864805;1.01812, 0.507365, 3.075692;1.154062, 0.5158657, 2.768126;0.9176475, -0.04716798, 3.053534;1.13392, -0.0445838, 2.579389;1.050839, 0.1804112, 2.862628;1.012653, 0.1122307, 2.911402;1.073807, 0.1247445, 2.801817;1.051985, -0.3623154, 2.977375;1.152979, -0.3323678, 2.679783;1.06582, -0.7216149, 2.996956;1.186291, -0.7018335, 2.603079;1.013269, -0.7896235, 2.964936;1.134194, -0.7795697, 2.548042;
1.031102, 0.8146721, 2.915059;1.105521, 0.6511527, 2.891121;1.060057, 0.2587386, 2.864896;1.015622, 0.5055409, 3.075702;1.153472, 0.515682, 2.767975;0.9123302, -0.04450122, 3.045563;1.133304, -0.04403301, 2.578312;1.050692, 0.1802734, 2.86281;1.012342, 0.1118354, 2.911915;1.073832, 0.1244724, 2.802025;1.051175, -0.3628121, 2.977209;1.15184, -0.3330494, 2.679595;1.065623, -0.7218729, 2.997242;1.18628, -0.7018016, 2.603282;1.023819, -0.7939564, 2.960188;1.134278, -0.7796641, 2.548203;
1.023787, 0.8121715, 2.916939;1.102552, 0.6499226, 2.889583;1.059463, 0.2584367, 2.865128;1.013031, 0.5017538, 3.076532;1.152266, 0.5150692, 2.767648;0.9099565, -0.04342031, 3.042942;1.131004, -0.04365904, 2.576663;1.050299, 0.1800329, 2.863241;1.011873, 0.1113673, 2.912834;1.07365, 0.1239939, 2.802531;1.049797, -0.3640201, 2.977238;1.14991, -0.334111, 2.679191;1.065866, -0.7219439, 2.997812;1.186288, -0.7018073, 2.603291;1.016329, -0.792315, 2.966987;1.134685, -0.7792919, 2.547823;
1.019729, 0.8122097, 2.916864;1.100555, 0.6500512, 2.889999;1.058294, 0.2602335, 2.867375;1.011145, 0.5074276, 3.078958;1.149977, 0.514806, 2.768026;0.9082797, -0.04151687, 3.041632;1.128458, -0.04385023, 2.577244;1.049412, 0.1824962, 2.86636;1.011336, 0.1127656, 2.918501;1.073183, 0.1244389, 2.803685;1.048286, -0.3636356, 2.97677;1.147293, -0.3356503, 2.67815;1.06589, -0.7216003, 2.997715;1.186319, -0.701737, 2.603392;1.017256, -0.7925539, 2.962488;1.134461, -0.7791331, 2.547831;
1.010445, 0.8092029, 2.911176;1.093621, 0.6488109, 2.889682;1.056247, 0.2617133, 2.869546;1.005843, 0.5086981, 3.075752;1.147846, 0.5138862, 2.767282;0.8984498, -0.03951996, 3.033672;1.122124, -0.04220089, 2.575042;1.047932, 0.1845035, 2.869181;1.009272, 0.112772, 2.924602;1.072855, 0.1244093, 2.804397;1.044035, -0.3646724, 2.976947;1.144161, -0.3375947, 2.676978;1.063204, -0.7230872, 2.99846;1.186208, -0.70153, 2.603314;1.016049, -0.7926537, 2.973613;1.134257, -0.7784014, 2.54952;
0.9998116, 0.8058174, 2.904411;1.085629, 0.6478646, 2.888885;1.054866, 0.262468, 2.870716;1.000495, 0.5084615, 3.074145;1.143868, 0.5144832, 2.766839;0.8929833, -0.04104259, 3.031015;1.111836, -0.04699646, 2.572645;1.047258, 0.1854207, 2.870575;1.008905, 0.1125631, 2.926836;1.072766, 0.1244394, 2.805036;1.040283, -0.3652931, 2.97675;1.139822, -0.3394979, 2.674769;1.064899, -0.7245291, 3.002605;1.185724, -0.702539, 2.602832;1.019626, -0.7925597, 2.979542;1.134515, -0.7786502, 2.548855;
0.9784466, 0.7934723, 2.895296;1.073688, 0.6430129, 2.891686;1.054258, 0.2619523, 2.872088;0.9959067, 0.5073982, 3.070249;1.139343, 0.5133286, 2.766022;0.8897351, -0.04135474, 3.031704;1.10519, -0.04870167, 2.570951;1.047606, 0.1851436, 2.871981;1.010569, 0.1110752, 2.929302;1.074094, 0.1234808, 2.806448;1.033521, -0.3621755, 2.975441;1.13096, -0.3442681, 2.669946;1.064705, -0.7247081, 3.001806;1.185101, -0.7041829, 2.602513;1.014365, -0.7949836, 2.960193;1.133751, -0.7793075, 2.548159;
0.9578415, 0.781989, 2.895708;1.060959, 0.6330369, 2.891983;1.05346, 0.2605019, 2.875403;0.9901317, 0.5083668, 3.071761;1.13385, 0.5101203, 2.763412;0.8742675, -0.059273, 3.027732;1.09397, -0.04636586, 2.568279;1.04872, 0.1844652, 2.876218;1.013724, 0.1092539, 2.934939;1.077587, 0.1212535, 2.811899;1.028678, -0.3602673, 2.973722;1.127114, -0.3459803, 2.667354;1.064624, -0.7244491, 3.001657;1.183549, -0.7048313, 2.6019;1.008348, -0.7982589, 2.975072;1.132667, -0.7791886, 2.546305;
0.9461842, 0.7721882, 2.892151;1.051889, 0.6233356, 2.891844;1.052775, 0.2542278, 2.879845;0.9773319, 0.4875193, 3.067697;1.124549, 0.5031695, 2.761898;0.8681785, -0.06254719, 3.024961;1.085764, -0.0443836, 2.565528;1.050553, 0.1790336, 2.881318;1.01856, 0.09859767, 2.945573;1.081949, 0.1138363, 2.814953;1.02249, -0.3609456, 2.972304;1.120514, -0.3496416, 2.661451;1.06352, -0.7245387, 3.001286;1.182704, -0.7074705, 2.600649;1.009292, -0.797515, 2.976176;1.132685, -0.7794122, 2.546355;
0.9241787, 0.7561599, 2.883144;1.040472, 0.6122708, 2.886168;1.052673, 0.2467454, 2.882679;0.9722103, 0.4829555, 3.064638;1.114913, 0.4953448, 2.75866;0.854497, -0.07651828, 3.01896;1.072691, -0.04738018, 2.562458;1.053076, 0.1718177, 2.885548;1.022011, 0.09403567, 2.949478;1.087221, 0.1053554, 2.819787;1.015058, -0.3602074, 2.972123;1.116496, -0.3508711, 2.657626;1.060605, -0.7234486, 2.99958;1.181473, -0.7071455, 2.600055;1.009046, -0.7969387, 2.975822;1.132549, -0.7795326, 2.546386;
0.9004732, 0.7311873, 2.86755;1.027943, 0.5990671, 2.881387;1.054216, 0.2340274, 2.887317;0.9563956, 0.4549472, 3.05491;1.107326, 0.4890803, 2.756273;0.8420221, -0.08108456, 3.011214;1.062848, -0.04634113, 2.555917;1.058465, 0.1589449, 2.892334;1.029371, 0.08313127, 2.95598;1.096728, 0.09375967, 2.82915;1.006188, -0.362799, 2.970661;1.111359, -0.3486165, 2.653444;1.058887, -0.7258883, 2.99847;1.179552, -0.7115264, 2.599046;1.00788, -0.7971328, 2.979339;1.133623, -0.780367, 2.549533;
0.8836507, 0.7099301, 2.858773;1.01871, 0.585201, 2.879001;1.058712, 0.2212011, 2.889284;0.9463685, 0.4448325, 3.050429;1.096512, 0.474463, 2.751278;0.8390777, -0.08813223, 3.012058;1.043077, -0.06287497, 2.548797;1.066355, 0.1466818, 2.895065;1.039513, 0.07119915, 2.959697;1.109594, 0.08076424, 2.83209;1.000927, -0.3626111, 2.9714;1.108215, -0.3473958, 2.649872;1.057879, -0.7251773, 2.997476;1.1799, -0.7140104, 2.599666;1.007779, -0.7960675, 2.97971;1.133949, -0.7804558, 2.548818;
0.8523315, 0.675384, 2.845908;0.9933069, 0.5426958, 2.873995;1.061397, 0.2059214, 2.891406;0.9352297, 0.4248472, 3.042581;1.082366, 0.446701, 2.745428;0.8188587, -0.09707676, 2.990865;1.024222, -0.09599461, 2.537093;1.072126, 0.1350904, 2.897811;1.049077, 0.05986461, 2.964387;1.118257, 0.07020566, 2.834515;0.9947224, -0.3655506, 2.971743;1.106596, -0.3514725, 2.645712;1.057764, -0.7262061, 2.997728;1.180473, -0.7167068, 2.599475;1.007694, -0.7959375, 2.97978;1.129703, -0.7828356, 2.546672;
0.8407321, 0.6558852, 2.842188;0.982839, 0.5242442, 2.867137;1.06766, 0.181354, 2.893198;0.9211326, 0.3966947, 3.03025;1.069822, 0.4252097, 2.743798;0.8079916, -0.1313025, 2.986709;1.007909, -0.1267951, 2.531427;1.084316, 0.111294, 2.901973;1.066632, 0.03849043, 2.970779;1.134904, 0.0490004, 2.840241;0.9920457, -0.3697369, 2.973985;1.103568, -0.350279, 2.642806;1.056938, -0.7273297, 2.998118;1.179866, -0.7173153, 2.599268;1.006013, -0.7961551, 2.979102;1.130974, -0.7827249, 2.548895;
0.8167391, 0.6097208, 2.82402;0.9627076, 0.4897071, 2.861593;1.070175, 0.1697522, 2.892388;0.906308, 0.376094, 3.018592;1.06281, 0.4087554, 2.741285;0.7937639, -0.1683914, 2.988162;1.004598, -0.1333686, 2.527948;1.089208, 0.1026612, 2.901603;1.074529, 0.02861284, 2.971488;1.144665, 0.04011955, 2.839581;0.9868615, -0.3741102, 2.973862;1.10299, -0.3603718, 2.639745;1.056337, -0.7281613, 2.995925;1.179204, -0.7182881, 2.598431;1.004856, -0.7955264, 2.978689;1.130646, -0.7833948, 2.548383;
0.8128493, 0.5895619, 2.813271;0.9462329, 0.4545494, 2.859546;1.076138, 0.1460526, 2.891357;0.8961974, 0.3431206, 3.008426;1.051218, 0.3809288, 2.736151;0.7848898, -0.1854682, 2.974471;0.9857905, -0.1807717, 2.514588;1.100331, 0.08262666, 2.901015;1.089658, 0.00898565, 2.97205;1.159982, 0.02754146, 2.838727;0.9807244, -0.3833285, 2.975748;1.101847, -0.3631012, 2.638232;1.056956, -0.7298505, 2.995599;1.178052, -0.7191561, 2.59796;1.002772, -0.7951432, 2.97843;1.129792, -0.7835009, 2.546926;
0.7887992, 0.5327832, 2.794943;0.9288777, 0.4168611, 2.842101;1.080774, 0.1191896, 2.8842;0.8809133, 0.3003205, 2.99138;1.041988, 0.3570004, 2.725686;0.7794591, -0.2087647, 2.96658;0.9690251, -0.2373765, 2.508334;1.109705, 0.05836813, 2.895496;1.102584, -0.01240294, 2.964166;1.172667, 0.009552712, 2.838303;0.9752946, -0.3979347, 2.978075;1.099132, -0.3668892, 2.635691;1.056661, -0.730055, 2.998193;1.177408, -0.7197987, 2.597638;1.003944, -0.7945892, 2.979658;1.128329, -0.7834823, 2.545204;
0.7691833, 0.4857737, 2.788108;0.9179927, 0.3730112, 2.833303;1.084198, 0.07776932, 2.890599;0.8703759, 0.2642414, 2.982426;1.031833, 0.3260851, 2.719696;0.7683657, -0.2539707, 2.97238;0.9541105, -0.2627866, 2.507379;1.117221, 0.01824592, 2.905412;1.109185, -0.04994721, 2.980005;1.192533, -0.03554252, 2.850691;0.960887, -0.4279834, 2.979354;1.096652, -0.3760787, 2.632861;1.056099, -0.7283573, 2.996898;1.176975, -0.7201078, 2.597602;1.002332, -0.7940535, 2.978789;1.132796, -0.7814243, 2.547117;
0.7488114, 0.4069799, 2.754814;0.9041417, 0.2984723, 2.810006;1.083569, 0.01931041, 2.88208;0.857435, 0.1866802, 2.964061;1.012893, 0.254248, 2.699563;0.7529509, -0.3076415, 2.953916;0.936338, -0.3287663, 2.507555;1.119455, -0.03652197, 2.899973;1.116934, -0.09822587, 2.963855;1.187778, -0.06872787, 2.85745;0.9421065, -0.4619118, 2.989934;1.087251, -0.4124044, 2.620117;1.05815, -0.7333546, 2.997716;1.175677, -0.7205637, 2.59652;1.000629, -0.793954, 2.978872;1.131566, -0.7824346, 2.545416;
0.7378042, 0.3683164, 2.7391;0.897006, 0.2719705, 2.803288;1.093337, 0.009421332, 2.880016;0.8527025, 0.1547635, 2.95541;1.00907, 0.2289282, 2.696151;0.7475761, -0.333063, 2.952108;0.9417856, -0.3110048, 2.515187;1.13321, -0.04530769, 2.898333;1.132019, -0.1061059, 2.965024;1.209985, -0.08138978, 2.854213;0.9456667, -0.4631699, 2.993138;1.089535, -0.4249178, 2.618215;1.057213, -0.7343787, 2.996815;1.175663, -0.7241507, 2.595103;1.001195, -0.7949691, 2.980297;1.131522, -0.78233, 2.545462;
0.7344034, 0.3190275, 2.728044;0.8919336, 0.2349853, 2.788396;1.099077, -0.0007496281, 2.876744;0.8456879, 0.1275476, 2.943501;1.00566, 0.2057912, 2.688591;0.7441181, -0.3821031, 2.944667;0.9221975, -0.3985597, 2.500103;1.139248, -0.05126864, 2.896587;1.140143, -0.1126492, 2.962639;1.212292, -0.08187021, 2.85446;0.9504966, -0.4672632, 2.993798;1.087361, -0.4738902, 2.607691;1.05713, -0.7412246, 2.995879;1.187969, -0.7676432, 2.594519;0.9973833, -0.7977219, 2.979491;1.126978, -0.78345, 2.539199;
0.7265412, 0.2861948, 2.71811;0.8845097, 0.2086009, 2.779439;1.084928, -0.06096395, 2.865429;0.847613, 0.07970484, 2.93117;1.003443, 0.160602, 2.684365;0.738001, -0.4043888, 2.938692;0.9213307, -0.4272877, 2.496915;1.125483, -0.1132017, 2.886653;1.123946, -0.1712053, 2.953394;1.200066, -0.1492874, 2.848689;0.9255936, -0.5172904, 3.004323;1.097236, -0.4864713, 2.612717;1.056716, -0.7402385, 2.99587;1.190343, -0.7823164, 2.593255;0.9985309, -0.7981406, 2.979366;1.126198, -0.7839363, 2.539156;
0.7244728, 0.2659876, 2.704741;0.8795361, 0.178644, 2.769222;1.089958, -0.06120633, 2.866749;0.8460809, 0.05291643, 2.927209;1.001414, 0.1443645, 2.682883;0.7405244, -0.4390344, 2.938781;0.9310908, -0.4212676, 2.495899;1.133766, -0.1111044, 2.889647;1.136037, -0.1678031, 2.961548;1.215243, -0.1426708, 2.851875;0.9657767, -0.4640585, 2.988474;1.103312, -0.4872148, 2.613394;1.055398, -0.7403269, 2.994595;1.189649, -0.7844025, 2.593529;0.9978267, -0.7991624, 2.979996;1.124185, -0.7836578, 2.541538;
0.7255137, 0.21615, 2.694524;0.8782997, 0.1334582, 2.757062;1.08845, -0.07487538, 2.860502;0.8543551, 0.004574548, 2.914196;1.000425, 0.1047292, 2.673945;0.7455642, -0.4671773, 2.932817;0.9288598, -0.4495986, 2.490895;1.131663, -0.1193229, 2.884731;1.139628, -0.1769236, 2.963687;1.211782, -0.1634016, 2.838015;0.9654069, -0.4734334, 2.989517;1.10834, -0.493149, 2.614424;1.055627, -0.7414475, 2.995035;1.190609, -0.7907528, 2.59366;0.9973177, -0.7992793, 2.980091;1.125851, -0.7831627, 2.541538;
0.7272161, 0.1979145, 2.692721;0.8796499, 0.1132071, 2.755727;1.079791, -0.123662, 2.844796;0.8540438, -0.006325865, 2.908584;0.9949746, 0.08042733, 2.669618;0.7422478, -0.498894, 2.930349;0.9128158, -0.5212841, 2.485227;1.119666, -0.1687348, 2.866194;1.13373, -0.219285, 2.948254;1.192829, -0.2143727, 2.820159;0.9682833, -0.4805075, 2.989363;1.109135, -0.4955214, 2.613784;1.050829, -0.7468772, 2.992691;1.171157, -0.7208812, 2.592167;0.9930206, -0.8057846, 2.981305;1.127768, -0.7834109, 2.543018;
0.7102446, 0.1438444, 2.6759;0.8759233, 0.08565089, 2.74486;1.082416, -0.12998, 2.848311;0.8485031, -0.0331393, 2.900739;0.9984071, 0.0465574, 2.665783;0.7392581, -0.5426525, 2.928673;0.9189063, -0.5532864, 2.474321;1.123662, -0.1750542, 2.872084;1.133944, -0.2235094, 2.952352;1.201437, -0.2187668, 2.831476;0.9611525, -0.4852632, 2.988923;1.108531, -0.5034924, 2.611805;1.054973, -0.7539101, 2.999144;1.171255, -0.7211875, 2.592449;0.9897603, -0.8015367, 2.979268;1.127724, -0.7834109, 2.542177;
0.7116649, 0.1363462, 2.673767;0.8724877, 0.0667897, 2.735581;1.088257, -0.1486388, 2.848387;0.8558694, -0.07076105, 2.894971;0.9944962, 0.02237921, 2.659374;0.7459413, -0.5911852, 2.914947;0.916285, -0.5654261, 2.471204;1.131263, -0.1923793, 2.874146;1.138444, -0.2383131, 2.94808;1.202657, -0.2225418, 2.835263;1.01032, -0.5973845, 3.011005;1.120435, -0.5428402, 2.608976;1.055369, -0.7563534, 2.998355;1.171334, -0.7214451, 2.592736;0.9875795, -0.8005341, 2.979643;1.128253, -0.7838653, 2.538711;
0.7151182, 0.09978302, 2.669677;0.8709481, 0.03868526, 2.725143;1.093331, -0.1748534, 2.85103;0.8780767, -0.1213072, 2.876991;1.001993, -0.004544877, 2.660682;0.7448875, -0.5982288, 2.925105;0.9156951, -0.5683936, 2.468001;1.137794, -0.2182083, 2.879498;1.145079, -0.2681515, 2.95294;1.208658, -0.2439847, 2.845979;1.021487, -0.5909429, 3.00904;1.118177, -0.5616238, 2.610719;1.065252, -0.7853869, 2.980206;1.171529, -0.7219418, 2.593147;0.9834183, -0.7990047, 2.981269;1.129292, -0.7844744, 2.540113;
0.7085375, 0.0760345, 2.662686;0.8626084, 0.01948193, 2.717878;1.093024, -0.1743154, 2.850065;0.8764499, -0.1239201, 2.874363;1.001138, -0.02655045, 2.657701;0.7488562, -0.6180048, 2.930404;0.9129878, -0.5918335, 2.458827;1.137789, -0.2156259, 2.878252;1.151026, -0.2575563, 2.960568;1.211101, -0.2433287, 2.841952;0.9180338, -0.4942642, 2.978481;1.117557, -0.5638011, 2.610684;1.042187, -0.7407134, 2.990594;1.171159, -0.7241175, 2.592674;0.9833622, -0.7999828, 2.978072;1.121, -0.7884209, 2.53098;
0.7046416, 0.03908025, 2.659415;0.8632364, 0.005409298, 2.714894;1.098109, -0.213863, 2.839688;0.8679934, -0.130777, 2.860782;0.9976606, -0.040824, 2.652726;0.7524812, -0.6255916, 2.929843;0.9116125, -0.6052889, 2.456147;1.145044, -0.2569703, 2.868074;1.151097, -0.2982904, 2.939915;1.215285, -0.2841383, 2.834183;0.8287853, -0.5277871, 2.992477;1.116339, -0.5654658, 2.6106;0.9607133, -0.8010601, 3.005998;1.171267, -0.7242362, 2.593641;0.903322, -0.8082238, 2.946462;1.129654, -0.786338, 2.535784;
0.7040665, 0.03742341, 2.657885;0.8638822, -0.005686604, 2.712347;1.044254, -0.2539029, 2.830413;0.8484851, -0.1682395, 2.884114;0.9960788, -0.05487757, 2.65304;0.7576189, -0.6444281, 2.929851;0.9197283, -0.5966777, 2.458417;1.080186, -0.3011134, 2.857973;1.078589, -0.3685001, 2.943318;1.157104, -0.3326871, 2.819561;0.6882967, -0.4435278, 2.979309;1.116097, -0.5675747, 2.612138;1.037856, -0.7388386, 2.98737;1.170421, -0.7262677, 2.593146;0.949123, -0.8025453, 2.978348;1.124474, -0.7879141, 2.532861;
0.703728, 0.02033534, 2.653525;0.8658113, -0.03775337, 2.713263;1.04612, -0.2425923, 2.834233;0.8183442, -0.1920579, 2.930713;0.9963196, -0.06761006, 2.651849;0.7590864, -0.6561082, 2.930573;0.9181471, -0.6328865, 2.457119;1.083093, -0.2782304, 2.863949;1.081413, -0.3352229, 2.94339;1.167285, -0.2916653, 2.840971;0.7071373, -0.4694194, 2.973469;1.115476, -0.5689883, 2.613225;1.033129, -0.7329272, 2.985332;1.167333, -0.7292001, 2.589529;0.9492787, -0.8028201, 2.980492;1.123702, -0.7880696, 2.531716;
0.7085581, -0.0003105416, 2.654653;0.8708642, -0.04884747, 2.716909;1.050099, -0.2394856, 2.834523;0.819609, -0.1935906, 2.932023;0.9980848, -0.07642106, 2.651367;0.7611328, -0.664446, 2.931679;0.9180639, -0.6447771, 2.456459;1.087034, -0.2747176, 2.863152;1.084859, -0.3318655, 2.938134;1.170087, -0.2890124, 2.840332;0.7149328, -0.4742338, 2.974653;1.114522, -0.5699248, 2.614259;1.033007, -0.6931269, 2.982824;1.167525, -0.7305446, 2.589391;0.9646888, -0.7824641, 2.980585;1.119787, -0.7894371, 2.531936;
0.708775, -0.007026215, 2.651943;0.8721443, -0.0571637, 2.715105;1.020376, -0.2923288, 2.797444;0.8203863, -0.1979848, 2.931093;1.004636, -0.09186608, 2.65124;0.7587358, -0.6684111, 2.929074;0.9105358, -0.6837361, 2.451145;1.049661, -0.33701, 2.81778;1.044824, -0.4039372, 2.895704;1.126727, -0.3802873, 2.777334;0.6931102, -0.5373151, 3.015214;1.055579, -0.6872536, 2.564898;0.8618891, -0.7827876, 3.051647;1.168561, -0.7309175, 2.589663;0.9473659, -0.7998197, 2.980518;1.134956, -0.7887403, 2.540254;
0.7078488, -0.01284123, 2.649741;0.8707419, -0.06462056, 2.713205;1.055062, -0.2833528, 2.843273;0.8190956, -0.2042685, 2.92952;1.003624, -0.09780723, 2.650157;0.7589085, -0.6713569, 2.927537;0.920675, -0.6635225, 2.448006;1.092355, -0.3248135, 2.873221;1.079341, -0.3910658, 2.935498;1.17578, -0.3368382, 2.857797;0.6916442, -0.4734077, 2.967452;1.130588, -0.5691916, 2.630695;1.035316, -0.7071123, 2.980038;1.168123, -0.7312173, 2.589218;0.9609419, -0.7912782, 2.973455;1.129306, -0.7886097, 2.543228;
0.7079276, -0.002507512, 2.654574;0.8705327, -0.06613323, 2.713651;1.055012, -0.2835848, 2.843091;0.8191876, -0.2054398, 2.927007;1.002297, -0.09936289, 2.650054;0.7584807, -0.6713284, 2.926551;0.9212447, -0.6699814, 2.44588;1.092247, -0.3252919, 2.872855;1.079179, -0.3916499, 2.935432;1.175662, -0.3382552, 2.856184;0.6895983, -0.4665638, 2.962267;1.137861, -0.5727183, 2.630177;1.035199, -0.707904, 2.979932;1.169647, -0.7339574, 2.590814;0.9603545, -0.7915469, 2.971984;1.128495, -0.7885089, 2.543406;
0.707296, -0.002501206, 2.654291;0.8676301, -0.06940487, 2.712468;1.045034, -0.2323375, 2.840045;0.8161353, -0.2083045, 2.921805;0.9980772, -0.1037243, 2.647918;0.7581292, -0.6720017, 2.924464;0.9229037, -0.6729521, 2.445528;1.081871, -0.2633964, 2.869423;1.08524, -0.3165722, 2.952664;1.167105, -0.2849289, 2.844547;0.6887184, -0.2811797, 2.925992;1.137884, -0.5727478, 2.630102;0.8501166, -0.6528495, 2.966418;1.169757, -0.7343701, 2.59125;0.8222916, -0.736598, 2.924128;1.127212, -0.786676, 2.542536;
0.7047933, -0.00736803, 2.64958;0.8667463, -0.07064663, 2.711881;1.048106, -0.2377817, 2.838967;0.8153805, -0.2092326, 2.919753;0.9977008, -0.1040797, 2.647567;0.7545211, -0.6928353, 2.922372;0.9247961, -0.6751509, 2.445558;1.086126, -0.2712715, 2.867941;1.08942, -0.3310787, 2.952018;1.173338, -0.2924609, 2.840833;0.6921681, -0.3219631, 2.919402;1.141029, -0.5733245, 2.630827;0.8647546, -0.6867992, 2.96729;1.173386, -0.7357184, 2.592818;0.8364168, -0.770107, 2.924438;1.12853, -0.7826201, 2.540766;
0.7067617, -0.01176906, 2.648248;0.8675485, -0.07253772, 2.711414;1.060906, -0.2951165, 2.850282;0.8627993, -0.1985197, 2.837282;0.997385, -0.1046754, 2.647052;0.7585158, -0.6762198, 2.923762;0.9256978, -0.6753052, 2.444919;1.098952, -0.338158, 2.881693;1.082475, -0.3923089, 2.939816;1.17164, -0.3475969, 2.862449;0.6876938, -0.4324977, 2.943255;1.142009, -0.5744705, 2.631148;1.036039, -0.7098708, 2.978519;1.173046, -0.7383228, 2.591833;0.9608135, -0.7930458, 2.968434;1.121848, -0.7850684, 2.532629;
0.7043144, -0.01054188, 2.646366;0.8661026, -0.07422528, 2.710627;1.060743, -0.2456917, 2.841293;0.8615588, -0.2021542, 2.844147;0.9964403, -0.1054032, 2.646983;0.7582756, -0.6778988, 2.923375;0.9263616, -0.6763551, 2.444717;1.100727, -0.2787534, 2.871251;1.09903, -0.3304045, 2.951923;1.181481, -0.2924734, 2.83976;0.7038474, -0.3014722, 2.919442;1.143339, -0.575138, 2.631269;0.879018, -0.6650076, 2.963738;1.159098, -0.7300898, 2.586847;0.8550216, -0.7478949, 2.917357;1.122279, -0.7845103, 2.532402;
0.701296, -0.01318494, 2.643888;0.8652177, -0.07502475, 2.710262;1.053477, -0.2776048, 2.839381;0.8610059, -0.2032386, 2.846796;0.9960951, -0.1063389, 2.646366;0.7580411, -0.6784672, 2.923317;0.9282875, -0.6766714, 2.443785;1.090298, -0.3250938, 2.868395;1.087137, -0.3901169, 2.953084;1.171942, -0.3473683, 2.83372;0.6948536, -0.4398788, 2.962827;1.143847, -0.5753571, 2.631348;1.036659, -0.7132648, 2.977165;1.155846, -0.7281178, 2.585927;0.9582938, -0.7941152, 2.974074;1.123721, -0.7870714, 2.536695;
0.7034436, -0.007172872, 2.647286;0.8657036, -0.07565716, 2.710109;1.057222, -0.2514846, 2.843785;0.8627558, -0.2042539, 2.84912;0.9951668, -0.1070839, 2.645829;0.7573642, -0.6791753, 2.923851;0.9286522, -0.6771584, 2.443617;1.0965, -0.2742896, 2.875887;1.098877, -0.3228443, 2.960985;1.171846, -0.29212, 2.842796;0.708393, -0.2593218, 2.947422;1.134093, -0.576345, 2.630027;0.8596016, -0.6361803, 2.970011;1.155226, -0.7282054, 2.585361;0.8360319, -0.7198792, 2.924976;1.12431, -0.7890301, 2.537688;
0.7018632, -0.01112254, 2.644963;0.8644832, -0.07606065, 2.70896;1.045371, -0.2663483, 2.834329;0.8111019, -0.2050212, 2.893733;0.9946552, -0.1074303, 2.645414;0.756901, -0.6807107, 2.924119;0.9287017, -0.6770729, 2.443774;1.075736, -0.3122929, 2.858277;1.075066, -0.3866432, 2.954689;1.16833, -0.3424695, 2.821061;0.6841955, -0.4421716, 2.956472;1.136438, -0.5767473, 2.629972;1.036053, -0.7120067, 2.976531;1.155771, -0.7286977, 2.584515;0.9596206, -0.7945397, 2.971279;1.119736, -0.7878217, 2.538322;
0.7009897, -0.015046, 2.641754;0.8641474, -0.07649846, 2.708164;1.044533, -0.2741778, 2.83586;0.8109957, -0.2049856, 2.89369;0.99447, -0.1077612, 2.645266;0.75743, -0.680701, 2.924828;0.9289703, -0.6770809, 2.443627;1.077151, -0.3178177, 2.862026;1.069045, -0.388561, 2.942078;1.164657, -0.3413213, 2.84184;0.6798887, -0.4413622, 2.966842;1.133972, -0.5758461, 2.630011;1.03701, -0.713782, 2.976882;1.155907, -0.7287424, 2.584407;0.9597415, -0.7954358, 2.97084;1.117514, -0.7915652, 2.545633;
0.7026081, -0.00629553, 2.646813;0.8640573, -0.07673148, 2.708034;1.04181, -0.2741069, 2.833013;0.8102632, -0.2050425, 2.897292;0.994276, -0.1078852, 2.645126;0.7564888, -0.681934, 2.925225;0.9281611, -0.6771903, 2.443989;1.075043, -0.3164899, 2.859546;1.069156, -0.3883308, 2.942576;1.162529, -0.3421772, 2.829621;0.6803734, -0.4411681, 2.965583;1.137927, -0.5779005, 2.628681;1.029728, -0.7060024, 2.974253;1.15881, -0.7310402, 2.586339;0.9603344, -0.7945428, 2.970307;1.116407, -0.789955, 2.545681;
0.70266, -0.006411943, 2.646658;0.8641214, -0.07635657, 2.707972;1.042649, -0.2746423, 2.832625;0.8152769, -0.2156617, 2.906688;0.993893, -0.1079373, 2.64494;0.7589101, -0.6710718, 2.925467;0.9277845, -0.6770423, 2.444162;1.076792, -0.3169517, 2.859314;1.070745, -0.3889076, 2.938007;1.164213, -0.33903, 2.831358;0.6835808, -0.4507229, 2.957471;1.134254, -0.5777481, 2.628032;1.031143, -0.7077532, 2.973729;1.158535, -0.7302837, 2.585402;0.9541608, -0.7894195, 2.964957;1.116568, -0.7904477, 2.546129;
0.7029342, -0.007372059, 2.646006;0.8643824, -0.07571865, 2.707433;1.013499, -0.3227851, 2.797305;0.8167584, -0.2138579, 2.90526;0.9936956, -0.1081149, 2.644312;0.7586261, -0.6679038, 2.924574;0.9244082, -0.676284, 2.444546;1.042968, -0.3730644, 2.819213;1.029108, -0.4377515, 2.888906;1.115656, -0.4087484, 2.783215;0.6641383, -0.4061456, 3.017668;1.042211, -0.6848327, 2.561209;1.028815, -0.6956595, 2.971393;1.155349, -0.7287103, 2.58401;0.9603527, -0.7849987, 2.968465;1.119062, -0.7938719, 2.547093;
0.702196, -0.006858949, 2.644084;0.8636205, -0.07522637, 2.706722;1.043793, -0.2841702, 2.8308;0.8164486, -0.2130934, 2.904315;0.993874, -0.1075942, 2.644927;0.758581, -0.6664362, 2.923691;0.9233954, -0.6766821, 2.44568;1.080704, -0.3265252, 2.85964;1.067153, -0.3919362, 2.921185;1.162663, -0.339612, 2.842237;0.6833371, -0.4508221, 2.966971;1.116155, -0.5758891, 2.618572;1.028861, -0.6938456, 2.972206;1.167112, -0.7338833, 2.589066;0.9626399, -0.7848589, 2.967272;1.116487, -0.7857634, 2.533007;
0.700799, -0.007626754, 2.641974;0.8623538, -0.07465921, 2.705435;1.066407, -0.2904835, 2.800582;0.8164523, -0.2126367, 2.904433;0.9931949, -0.1090521, 2.643806;0.7587363, -0.6647038, 2.921941;0.9237047, -0.6753404, 2.446388;1.112199, -0.3352191, 2.818725;1.11559, -0.3792782, 2.876232;1.182523, -0.367117, 2.791497;0.7496492, -0.4570904, 2.981509;1.060001, -0.7037699, 2.555251;1.029986, -0.6899417, 2.975266;1.314428, -0.7737684, 2.670698;0.9651904, -0.7818632, 2.967676;1.222497, -0.7781149, 2.605618;
0.6997812, -0.008937609, 2.640074;0.8618972, -0.07481579, 2.704861;1.012846, -0.3257853, 2.789254;0.8167022, -0.2116294, 2.904674;0.9924996, -0.1077597, 2.642247;0.7599881, -0.6642396, 2.921999;0.9233764, -0.6756897, 2.447439;1.043723, -0.3757435, 2.810177;1.027116, -0.4331419, 2.863595;1.114714, -0.4063377, 2.784786;0.6908749, -0.419561, 3.051277;1.050505, -0.7181211, 2.542362;1.029521, -0.6885154, 2.976213;1.306221, -0.7795525, 2.658654;0.9654036, -0.7810755, 2.969713;1.212283, -0.7823123, 2.596295;
0.6970205, -0.008179754, 2.638348;0.8598377, -0.0741592, 2.704777;1.059113, -0.2806697, 2.790705;0.8195166, -0.2110016, 2.90641;0.9881208, -0.1056904, 2.642295;0.7621311, -0.6635782, 2.921086;0.9226454, -0.6767754, 2.449474;1.100537, -0.3224721, 2.811191;1.110421, -0.3681082, 2.869865;1.166038, -0.3529092, 2.780693;0.7526423, -0.4498577, 2.993493;1.050371, -0.7069708, 2.549855;1.030529, -0.6992013, 2.97768;1.306046, -0.7642688, 2.666991;0.9653076, -0.7910859, 2.983522;1.214008, -0.7750423, 2.602619;
0.6973124, -0.00873928, 2.638295;0.8579521, -0.07462683, 2.703219;1.012329, -0.3297057, 2.791912;0.8213295, -0.2106613, 2.907831;0.987849, -0.1050096, 2.641262;0.7657365, -0.661007, 2.920658;0.9255294, -0.6609445, 2.45432;1.044533, -0.3803919, 2.813992;1.032158, -0.4361958, 2.871661;1.112538, -0.4121425, 2.785833;0.6786955, -0.5432572, 2.988125;1.045594, -0.7193331, 2.539021;1.03206, -0.6977097, 2.97934;1.300795, -0.7754858, 2.656634;0.9664299, -0.7894464, 2.983505;1.206392, -0.7817301, 2.595077;
0.6930031, -0.01047367, 2.635503;0.8557865, -0.07654592, 2.702748;1.063935, -0.2786294, 2.789835;0.8227844, -0.2099943, 2.90901;0.9862869, -0.1027814, 2.640594;0.7694334, -0.657294, 2.92079;0.9270447, -0.6465329, 2.461109;1.106924, -0.3178413, 2.810787;1.115143, -0.3609758, 2.863837;1.172879, -0.3423631, 2.785275;0.7563715, -0.3956373, 3.002463;1.046779, -0.7065358, 2.548043;1.03157, -0.6964418, 2.981502;1.301867, -0.7558094, 2.66764;0.9649727, -0.7875805, 2.985096;1.211599, -0.7715951, 2.601633;
0.6916277, -0.01051318, 2.63455;0.8543954, -0.07751786, 2.70202;1.063781, -0.2783916, 2.789535;0.8302487, -0.2012981, 2.906171;0.9834059, -0.09588769, 2.639684;0.7733428, -0.6505986, 2.919956;0.9314237, -0.6411166, 2.470605;1.10673, -0.3175438, 2.810456;1.115631, -0.3602536, 2.864794;1.172285, -0.3426546, 2.783234;0.7566407, -0.3950678, 3.00147;1.122242, -0.5750296, 2.612959;1.033505, -0.6988333, 2.984248;1.164865, -0.728965, 2.589282;0.9650406, -0.7887371, 2.985134;1.12328, -0.7878506, 2.533112;
0.690819, -0.01017104, 2.633655;0.8536932, -0.07932311, 2.702809;1.063613, -0.2784099, 2.789328;0.8259697, -0.2012836, 2.907622;0.9808902, -0.08927076, 2.637756;0.77881, -0.6405603, 2.919948;0.9318236, -0.642098, 2.473585;1.106393, -0.3175066, 2.810057;1.113774, -0.3605395, 2.861205;1.172127, -0.3424017, 2.783603;0.7570724, -0.3931062, 3.00253;1.127918, -0.5775245, 2.61448;1.033634, -0.6992947, 2.984812;1.171338, -0.7277435, 2.596483;0.9660565, -0.7899521, 2.982961;1.126585, -0.7882119, 2.538937;
0.688378, -0.003622581, 2.629927;0.8503984, -0.07773128, 2.70163;1.058306, -0.2763156, 2.7875;0.8212477, -0.1938497, 2.921359;0.976346, -0.07202072, 2.638046;0.78704, -0.6295126, 2.921304;0.9326341, -0.6407864, 2.481326;1.100159, -0.3155072, 2.807969;1.100457, -0.3560756, 2.847572;1.162923, -0.3386183, 2.788649;0.7516867, -0.3751087, 3.007667;1.161329, -0.512567, 2.619403;0.9213141, -0.7349237, 3.041079;1.171158, -0.7275731, 2.596259;0.9717838, -0.7959722, 2.979281;1.126115, -0.7882767, 2.538443;
0.6798555, 0.02108994, 2.622928;0.8291996, -0.04742401, 2.692032;1.054682, -0.2743151, 2.78534;0.8202584, -0.194454, 2.920736;0.9696102, -0.06059605, 2.637805;0.779331, -0.6696699, 2.921001;0.9345272, -0.6391674, 2.485458;1.097936, -0.3154114, 2.806507;1.098371, -0.3574519, 2.842865;1.160332, -0.3382748, 2.790055;0.7535359, -0.3687385, 3.010469;1.152087, -0.5736812, 2.619136;0.9305364, -0.7224953, 3.055702;1.172045, -0.7285577, 2.596613;0.9762075, -0.7994716, 2.986638;1.126066, -0.7875069, 2.53385;
0.679454, 0.02515082, 2.623073;0.8292039, -0.04700765, 2.692075;1.051573, -0.2750063, 2.78448;0.8192189, -0.191189, 2.921378;0.9668323, -0.04880253, 2.63949;0.7820215, -0.6639909, 2.918298;0.9249654, -0.5927185, 2.511738;1.093971, -0.3180363, 2.805452;1.096462, -0.3646249, 2.850477;1.155178, -0.3471061, 2.782471;0.7480907, -0.359154, 3.010876;1.131201, -0.5053608, 2.624059;0.9209945, -0.7152891, 3.054033;1.172, -0.7292099, 2.595062;0.9732848, -0.7934372, 2.991279;1.124778, -0.7880037, 2.533503;
0.6785225, 0.03280922, 2.623245;0.8262401, -0.04061341, 2.692591;1.048589, -0.2733457, 2.785049;0.817983, -0.1770016, 2.921251;0.962393, -0.0184934, 2.639886;0.7928137, -0.6544799, 2.91601;0.9247489, -0.5890383, 2.499685;1.091864, -0.3176988, 2.806099;1.091915, -0.3634648, 2.842536;1.148915, -0.342343, 2.798854;0.7520921, -0.3478858, 3.017623;1.154788, -0.5046495, 2.622617;0.9199975, -0.7068132, 3.058378;1.173154, -0.7294252, 2.595028;0.9715509, -0.7861264, 2.996528;1.125133, -0.7881928, 2.534443;
0.672576, 0.04468461, 2.619274;0.8118983, -0.02049893, 2.682783;1.048616, -0.2720331, 2.786058;0.8168033, -0.1727243, 2.920604;0.9618094, -0.0216128, 2.635977;0.7931265, -0.6469147, 2.912394;0.9221076, -0.5859097, 2.501317;1.093091, -0.3174926, 2.808427;1.093089, -0.3619907, 2.841192;1.152465, -0.3407657, 2.809703;1.039457, -0.5702916, 2.997371;1.147426, -0.5059893, 2.626819;1.064431, -0.7614526, 2.998309;1.173341, -0.7280089, 2.593767;0.9847912, -0.7973769, 2.983498;1.125549, -0.7877545, 2.534462;
0.6714007, 0.04945584, 2.620058;0.8129164, -0.01867559, 2.684805;1.048163, -0.2675458, 2.787328;0.8156371, -0.1587954, 2.913511;0.9611698, -0.01727765, 2.635415;0.7916391, -0.6579892, 2.915803;0.9482733, -0.5759446, 2.505179;1.093153, -0.3147381, 2.809609;1.094521, -0.3567525, 2.84342;1.152628, -0.3394141, 2.808623;1.040125, -0.5703341, 2.996758;1.150078, -0.5069106, 2.626038;1.06492, -0.7615845, 2.998306;1.174244, -0.727292, 2.593733;0.9862539, -0.7977955, 2.983427;1.131013, -0.7845831, 2.541566;
0.6720097, 0.06101285, 2.621523;0.8156325, -0.008789625, 2.686102;1.046644, -0.2580102, 2.786012;0.8125497, -0.1237542, 2.90194;0.9611366, 0.01302936, 2.639613;0.8090566, -0.5730794, 2.925483;0.9542375, -0.5478432, 2.510367;1.091883, -0.3073505, 2.808571;1.099269, -0.3472109, 2.86271;1.155832, -0.3369741, 2.782072;1.040442, -0.5690241, 2.996037;1.161394, -0.5074578, 2.62563;1.064154, -0.7591516, 2.997849;1.174159, -0.726559, 2.593175;0.9882895, -0.797577, 2.980026;1.132229, -0.7840801, 2.54139;
0.6829882, 0.07255625, 2.629421;0.8287337, 0.002960122, 2.694367;1.009524, -0.1937729, 2.770586;0.8076338, -0.1214948, 2.909001;0.9608949, 0.01579408, 2.638475;0.8094672, -0.5641422, 2.922793;0.9511751, -0.5575222, 2.510924;1.044103, -0.2345363, 2.788095;1.105183, -0.3298276, 2.937179;1.135232, -0.318681, 2.694297;1.042034, -0.5699027, 2.996473;1.160816, -0.507224, 2.625688;1.06189, -0.7497334, 2.994514;1.174978, -0.7262814, 2.5934;0.9896452, -0.7969655, 2.981437;1.131642, -0.784279, 2.540872;
0.6784492, 0.07524511, 2.63059;0.8285506, 0.0169209, 2.696708;1.038991, -0.2395213, 2.792933;0.8524433, -0.05663291, 2.833601;0.9611946, 0.01975415, 2.637917;0.8097765, -0.5375751, 2.919735;0.954854, -0.5488015, 2.512749;1.081111, -0.2932639, 2.815026;1.097346, -0.3325052, 2.913633;1.143591, -0.3491779, 2.75692;1.053807, -0.6447921, 3.00947;1.161076, -0.5062542, 2.626546;1.063146, -0.7473454, 2.997463;1.174648, -0.7241649, 2.592349;1.001223, -0.8025771, 2.991718;1.131165, -0.7841589, 2.540429;
0.6742314, 0.09024011, 2.631599;0.8331387, 0.0398707, 2.69524;1.010857, -0.187567, 2.774314;0.8435436, -0.05463371, 2.841294;0.9602082, 0.02329668, 2.637024;0.8081351, -0.5294958, 2.919578;0.9585266, -0.5306791, 2.515984;1.045978, -0.2351672, 2.793525;1.092508, -0.3283109, 2.930871;1.135396, -0.3247469, 2.698944;1.054936, -0.6431981, 3.010644;1.161892, -0.5054787, 2.627114;1.063656, -0.746103, 2.996977;1.175775, -0.7228631, 2.593301;1.000336, -0.7993128, 2.989239;1.131744, -0.7838746, 2.540548;
0.6746281, 0.1000167, 2.634933;0.8313178, 0.05063892, 2.700481;1.01172, -0.1707593, 2.780448;0.846158, -0.04812983, 2.840599;0.9749157, 0.04592858, 2.638981;0.8051448, -0.5237045, 2.916725;0.9641809, -0.512136, 2.51808;1.047895, -0.2143432, 2.800173;1.094935, -0.3205818, 2.930772;1.13763, -0.2658413, 2.72967;1.026524, -0.4967682, 2.992987;1.163658, -0.4984851, 2.628721;1.06257, -0.7458104, 2.996873;1.176144, -0.7227011, 2.593252;0.9990317, -0.7983676, 2.987715;1.131012, -0.7840635, 2.540137;
0.6761103, 0.1216709, 2.639266;0.8292361, 0.06431793, 2.704669;1.008598, -0.1563296, 2.783455;0.8184392, -0.03692165, 2.886536;0.9742393, 0.05280624, 2.63988;0.8032187, -0.5097812, 2.916819;0.9660642, -0.5038431, 2.516505;1.044592, -0.2004999, 2.802615;1.091415, -0.3099572, 2.931876;1.137738, -0.2632337, 2.730063;1.027755, -0.4961213, 2.991918;1.166199, -0.4951354, 2.630646;1.062685, -0.7456564, 2.997376;1.176791, -0.7194269, 2.594113;0.9990546, -0.7971117, 2.984154;1.130538, -0.783632, 2.539122;
0.6832577, 0.1406322, 2.637723;0.8338144, 0.07088907, 2.704564;1.04603, -0.1896028, 2.815156;0.8161457, -0.03468565, 2.895803;0.9783095, 0.0705342, 2.643582;0.7990588, -0.4967733, 2.914427;0.9654679, -0.4949808, 2.513475;1.0871, -0.2436706, 2.84056;1.073741, -0.3004491, 2.833382;1.153398, -0.256583, 2.874114;1.028474, -0.4974872, 2.994056;1.166588, -0.4941588, 2.63092;1.064294, -0.7383643, 2.995936;1.17696, -0.7189701, 2.594362;1.001406, -0.7946054, 2.983684;1.130818, -0.7835315, 2.540661;
0.6904852, 0.1546905, 2.639946;0.8503636, 0.1090745, 2.706546;1.043854, -0.1767511, 2.813312;0.8132086, -0.03017343, 2.904753;0.9814334, 0.07691687, 2.644603;0.7947658, -0.4842358, 2.915599;0.9632192, -0.4947762, 2.509265;1.083396, -0.2317338, 2.838152;1.071889, -0.2869241, 2.844355;1.14785, -0.2485003, 2.857969;1.029819, -0.4985308, 2.995408;1.168229, -0.4923031, 2.63183;1.064533, -0.7386744, 2.995988;1.17742, -0.7181149, 2.594052;0.9996703, -0.7950786, 2.982606;1.130939, -0.7834383, 2.54073;
0.6955737, 0.2113246, 2.648119;0.8518625, 0.1381997, 2.711594;1.04386, -0.1567556, 2.810403;0.8573994, 0.03939128, 2.838565;0.9821273, 0.09502326, 2.645112;0.7847279, -0.4574301, 2.91814;0.9655645, -0.4425019, 2.509284;1.082691, -0.2155669, 2.834083;1.086252, -0.2477638, 2.873936;1.136171, -0.2466741, 2.818311;1.030603, -0.4980116, 2.995819;1.180296, -0.4564951, 2.639941;1.064424, -0.738607, 2.995762;1.177914, -0.7183219, 2.593973;0.9996335, -0.7950456, 2.982454;1.129715, -0.7833831, 2.539206;
0.6907772, 0.2301954, 2.651097;0.8506402, 0.162089, 2.713417;1.060996, -0.09838043, 2.820462;0.8108499, 0.03137926, 2.921035;0.9810665, 0.117692, 2.647775;0.789908, -0.4251274, 2.92231;0.9654165, -0.4305461, 2.512885;1.103176, -0.1525941, 2.844965;1.095688, -0.2087514, 2.861165;1.165235, -0.1711586, 2.855618;1.045353, -0.5095767, 2.999545;1.181899, -0.4841303, 2.61983;1.064139, -0.7386309, 2.996119;1.180114, -0.7754452, 2.571081;0.9988931, -0.795184, 2.980996;1.109736, -0.7860895, 2.528915;
0.6936784, 0.2454094, 2.65378;0.8569495, 0.179833, 2.718777;1.061491, -0.08907818, 2.822822;0.8111654, 0.08082327, 2.896937;0.9836838, 0.1410253, 2.649988;0.7915012, -0.4096992, 2.921307;0.9668957, -0.4211123, 2.514851;1.102829, -0.1427482, 2.84717;1.096393, -0.1906957, 2.86806;1.16463, -0.1660109, 2.855014;1.047692, -0.5121697, 3.001726;1.182429, -0.4805188, 2.622417;1.064451, -0.7380018, 2.996346;1.179938, -0.7711942, 2.5728;0.9983168, -0.7958975, 2.980736;1.112009, -0.7875623, 2.528557;
0.6960892, 0.2649646, 2.658892;0.8618473, 0.1970284, 2.724849;1.060158, -0.0654715, 2.825197;0.8166916, 0.1206594, 2.886472;0.9848216, 0.1612019, 2.651176;0.7908667, -0.3787372, 2.9282;0.9689254, -0.4068593, 2.509259;1.099728, -0.1174867, 2.848509;1.099343, -0.1655042, 2.8802;1.162254, -0.1540955, 2.848689;1.053849, -0.4801746, 2.997876;1.185483, -0.4733463, 2.624788;1.06446, -0.7366864, 2.995998;1.181266, -0.7631202, 2.570028;0.9985163, -0.79612, 2.981051;1.113531, -0.7898725, 2.530881;
0.6973337, 0.2851534, 2.670059;0.8638095, 0.2166198, 2.730705;1.058706, -0.05082438, 2.824449;0.8139877, 0.1231986, 2.900745;0.9847897, 0.1787789, 2.653364;0.7934511, -0.3464109, 2.933431;0.9809554, -0.3531176, 2.516818;1.097767, -0.1039409, 2.846687;1.099145, -0.1595781, 2.880847;1.161267, -0.1391247, 2.841666;1.050896, -0.5098256, 3.013496;1.187444, -0.465255, 2.630196;1.060369, -0.7992586, 3.014226;1.182147, -0.7544433, 2.57362;0.9886908, -0.796322, 2.973154;1.118675, -0.7890428, 2.53353;
0.7106849, 0.3712929, 2.678129;0.8669828, 0.2717821, 2.752004;1.050366, -0.004044593, 2.826011;0.82278, 0.1603672, 2.91399;0.9868724, 0.2378902, 2.661594;0.7936316, -0.2993468, 2.928253;0.9974049, -0.293895, 2.519722;1.087333, -0.06007272, 2.84424;1.095101, -0.1295226, 2.885544;1.15252, -0.1072576, 2.829268;1.057776, -0.4794816, 3.019786;1.192045, -0.445528, 2.643776;1.065591, -0.7324497, 2.997925;1.182206, -0.7339669, 2.583594;1.00204, -0.7955635, 2.979363;1.130053, -0.7823131, 2.540928;
0.7170733, 0.3939483, 2.694092;0.8704872, 0.286727, 2.757587;1.052919, 0.01140988, 2.829038;0.8326972, 0.1882769, 2.902643;0.9867069, 0.2448902, 2.661578;0.7934241, -0.2847435, 2.922762;0.9969067, -0.2883192, 2.519499;1.089603, -0.04353476, 2.846739;1.098726, -0.1028821, 2.892289;1.152326, -0.08608069, 2.827138;1.060287, -0.4588011, 3.008914;1.190913, -0.4290304, 2.652805;1.06554, -0.7311903, 2.997821;1.179724, -0.7094355, 2.594746;1.003367, -0.7944286, 2.979734;1.130083, -0.7820392, 2.541249;
0.7277269, 0.4462897, 2.703588;0.8786335, 0.3284104, 2.763736;1.052477, 0.03416795, 2.830364;0.8313699, 0.2383366, 2.905197;0.9924466, 0.2741534, 2.666381;0.8010904, -0.2430314, 2.926217;1.00455, -0.2469896, 2.524629;1.087878, -0.02382714, 2.84729;1.095493, -0.08750931, 2.894119;1.15057, -0.07384019, 2.824911;1.06327, -0.4455623, 3.004075;1.190816, -0.4188501, 2.657385;1.065876, -0.7298059, 2.998744;1.180017, -0.7082365, 2.594265;1.003943, -0.794054, 2.979945;1.133779, -0.7817709, 2.54611;
0.7467228, 0.4491996, 2.724916;0.8997536, 0.3186208, 2.774655;1.051894, 0.05615211, 2.830149;0.8330144, 0.2525965, 2.914447;0.9971514, 0.2921892, 2.670035;0.8013225, -0.2339002, 2.92586;1.005455, -0.2359176, 2.525774;1.081434, 0.01158826, 2.844067;1.09009, -0.05874298, 2.89139;1.142305, -0.03880818, 2.818051;1.065656, -0.4187959, 2.994735;1.190932, -0.4072007, 2.662048;1.066204, -0.7296781, 2.998364;1.180905, -0.7065344, 2.594694;1.005494, -0.7937791, 2.987784;1.134973, -0.7805284, 2.548333;
0.7717314, 0.4795275, 2.745114;0.9104692, 0.3253595, 2.780975;1.054424, 0.06384645, 2.829502;0.8384637, 0.2660682, 2.918605;0.9989564, 0.3144759, 2.674345;0.8068085, -0.2074621, 2.927139;1.011218, -0.1920539, 2.525076;1.082642, 0.01501104, 2.84301;1.090389, -0.05187711, 2.887372;1.142162, -0.03391943, 2.816737;1.067364, -0.4122003, 2.993437;1.190909, -0.4065535, 2.662453;1.066232, -0.7294687, 2.99863;1.180873, -0.7064151, 2.59495;1.004507, -0.7920929, 2.985101;1.136223, -0.779424, 2.547323;
0.7885356, 0.4985883, 2.75289;0.9228908, 0.3396176, 2.78904;1.051731, 0.09215758, 2.830931;0.8333911, 0.3232311, 2.929311;1.000289, 0.3415683, 2.680144;0.8075259, -0.1882657, 2.925823;1.01427, -0.1788883, 2.526712;1.076896, 0.04312153, 2.842412;1.081355, -0.02482501, 2.881612;1.130642, -0.001400371, 2.818141;1.067819, -0.4037105, 2.991912;1.191275, -0.3994232, 2.665066;1.066655, -0.7292186, 2.998726;1.180931, -0.7061493, 2.594841;1.004614, -0.7921111, 2.985283;1.136676, -0.7795474, 2.547003;
0.8034369, 0.5161429, 2.766777;0.934301, 0.3507116, 2.797795;1.052199, 0.09989555, 2.831306;0.8386269, 0.3294047, 2.932984;1.003306, 0.3561499, 2.683824;0.8120314, -0.1679994, 2.927696;1.019193, -0.1649047, 2.527977;1.076207, 0.05073177, 2.841782;1.080115, -0.0174924, 2.878988;1.128342, 0.004785975, 2.81735;1.068086, -0.4030481, 2.991632;1.190547, -0.3962701, 2.666444;1.066124, -0.7284646, 2.998513;1.182337, -0.7066577, 2.595633;1.004862, -0.7914888, 2.983406;1.134356, -0.7801882, 2.543576;
0.7672446, 0.5972721, 2.747101;0.910669, 0.4785262, 2.797886;1.056137, 0.1560798, 2.852275;0.8448845, 0.3396004, 2.941163;1.006641, 0.372989, 2.68533;0.8104423, -0.1602838, 2.933282;1.028759, -0.1338252, 2.532113;1.084964, 0.09038281, 2.865687;1.080808, 0.02960414, 2.919839;1.138494, 0.03005982, 2.826539;1.068484, -0.3988802, 2.990619;1.188369, -0.3810601, 2.672182;1.065554, -0.7268374, 2.998428;1.182162, -0.7032354, 2.59618;1.004987, -0.7913672, 2.983003;1.136662, -0.7782062, 2.54583;
0.7856139, 0.6463333, 2.764333;0.9152086, 0.4920874, 2.800457;1.05575, 0.164368, 2.852233;0.8541642, 0.3636712, 2.95152;1.012377, 0.3923949, 2.69137;0.8124216, -0.1510132, 2.93406;1.029389, -0.1358215, 2.53266;1.083902, 0.09892946, 2.865541;1.078541, 0.03382405, 2.923148;1.140225, 0.0466613, 2.820542;1.067555, -0.3934403, 2.987989;1.187513, -0.3797456, 2.672329;1.065541, -0.7268253, 2.998285;1.183769, -0.6998346, 2.596614;1.011833, -0.7938119, 2.951399;1.139157, -0.7772847, 2.549208;
0.7919964, 0.6537486, 2.769023;0.9254966, 0.5152042, 2.802842;1.051777, 0.1748312, 2.854577;0.8588197, 0.3812656, 2.955409;1.016268, 0.4069053, 2.692092;0.8222103, -0.1109472, 2.930103;1.033151, -0.1249066, 2.530167;1.077671, 0.1084306, 2.868206;1.069898, 0.04332915, 2.92467;1.130956, 0.05541234, 2.826684;1.066054, -0.3901135, 2.987574;1.185791, -0.3658239, 2.675585;1.0653, -0.727396, 2.998373;1.184306, -0.6992898, 2.59763;1.011064, -0.7930477, 2.969927;1.13829, -0.7775135, 2.548739;
0.8112437, 0.6815772, 2.785689;0.9330184, 0.5313009, 2.811457;1.05057, 0.1823037, 2.854197;0.8648472, 0.3940205, 2.957538;1.0254, 0.4325128, 2.696636;0.8272122, -0.0996023, 2.93381;1.045802, -0.07516566, 2.531416;1.075234, 0.1142874, 2.86679;1.065274, 0.04951949, 2.921287;1.128382, 0.05925177, 2.825312;1.064888, -0.3856981, 2.985398;1.183318, -0.3408014, 2.679274;1.065065, -0.7272129, 2.998151;1.184193, -0.6994596, 2.598216;1.008039, -0.7918168, 2.969789;1.13816, -0.7775807, 2.548339;
0.8302933, 0.6928101, 2.780304;0.9508551, 0.5536914, 2.816002;1.048737, 0.2029431, 2.85282;0.8744538, 0.4232429, 2.964303;1.032332, 0.4435565, 2.696991;0.8356529, -0.08595969, 2.94001;1.047563, -0.07214895, 2.531548;1.069228, 0.1342556, 2.863844;1.057329, 0.06396577, 2.918652;1.120159, 0.07494394, 2.820679;1.064128, -0.3830479, 2.983878;1.181641, -0.3334409, 2.679076;1.065098, -0.727206, 2.998168;1.184858, -0.7012222, 2.598353;1.007567, -0.7919319, 2.972495;1.135863, -0.7790689, 2.544938;
0.8638861, 0.748113, 2.809905;0.9689916, 0.5859019, 2.815785;1.036208, 0.2272558, 2.841989;0.8869408, 0.4562896, 2.980568;1.050716, 0.4752532, 2.701479;0.838401, -0.0545807, 2.932617;1.058358, -0.05207681, 2.53864;1.048495, 0.1586311, 2.849354;1.02128, 0.08870386, 2.905112;1.092291, 0.104127, 2.794507;1.061692, -0.380348, 2.982324;1.180791, -0.3317674, 2.678963;1.065291, -0.7278349, 2.998145;1.185233, -0.7023444, 2.59885;1.00406, -0.7931632, 2.980314;1.135832, -0.7791721, 2.54464;
0.8735774, 0.7541618, 2.810674;0.9755424, 0.5972032, 2.820908;1.030281, 0.2373522, 2.842062;0.8931365, 0.4646053, 2.983825;1.055407, 0.4819309, 2.705628;0.8407667, -0.04880774, 2.935046;1.063488, -0.03922618, 2.539731;1.040855, 0.1670592, 2.849063;1.013319, 0.09498337, 2.906746;1.086489, 0.1085655, 2.793491;1.060804, -0.3795181, 2.981595;1.179802, -0.3311729, 2.678922;1.065262, -0.7278014, 2.998106;1.185452, -0.7017095, 2.598975;1.011697, -0.7933446, 2.951892;1.1343, -0.7804186, 2.544584;
0.8931747, 0.7687988, 2.814113;0.982306, 0.603223, 2.823011;1.028947, 0.2401813, 2.84165;0.8984889, 0.4769833, 2.988744;1.060168, 0.4855944, 2.706672;0.8438402, -0.04371152, 2.937666;1.069363, -0.03416925, 2.546169;1.038464, 0.1694269, 2.848424;1.007778, 0.1004079, 2.904013;1.083128, 0.1116684, 2.794075;1.057196, -0.3728355, 2.978534;1.177628, -0.3291261, 2.678718;1.065195, -0.7277273, 2.998103;1.185444, -0.70144, 2.599257;1.006819, -0.796334, 2.986527;1.132881, -0.7802351, 2.542929;
0.9035283, 0.7814549, 2.819349;0.9927894, 0.6185637, 2.825166;1.028001, 0.246345, 2.840914;0.9036655, 0.4837463, 2.994627;1.06773, 0.4935038, 2.711827;0.8501664, -0.03458185, 2.938147;1.075021, -0.02260152, 2.551476;1.036302, 0.1738672, 2.847481;1.005128, 0.1040931, 2.902669;1.079773, 0.1166027, 2.793652;1.055541, -0.3716851, 2.977674;1.175596, -0.3287403, 2.679433;1.065193, -0.7278388, 2.99771;1.185525, -0.701396, 2.599414;1.006842, -0.7963142, 2.986535;1.133463, -0.7798129, 2.542673;
0.9221539, 0.7990652, 2.835847;0.9990873, 0.6288143, 2.831373;1.026014, 0.2574549, 2.8407;0.9159228, 0.5075943, 3.008761;1.0777, 0.5062767, 2.716094;0.8523455, -0.02848993, 2.938867;1.077612, -0.02301586, 2.552727;1.032127, 0.184499, 2.846004;0.9994837, 0.1153409, 2.898802;1.073375, 0.1287237, 2.792757;1.054696, -0.3687723, 2.976159;1.173146, -0.3286468, 2.679181;1.065695, -0.7273132, 2.99805;1.185253, -0.7015811, 2.599244;1.007027, -0.7959329, 2.985396;1.132915, -0.7804093, 2.542611;
0.9361833, 0.8098191, 2.841752;1.01107, 0.6391906, 2.838976;1.026294, 0.2620296, 2.840451;0.9166862, 0.50686, 3.009034;1.081433, 0.508706, 2.718642;0.8510494, -0.04434999, 2.941174;1.083245, -0.01946642, 2.554926;1.03108, 0.1883033, 2.84494;0.9971343, 0.1191608, 2.896509;1.07166, 0.1323394, 2.791568;1.053821, -0.3655657, 2.975376;1.170223, -0.328312, 2.678805;1.065523, -0.7269122, 2.998637;1.185519, -0.7017862, 2.599472;1.007241, -0.7953779, 2.984554;1.13604, -0.779654, 2.546731;
0.9532604, 0.8155964, 2.84728;1.022567, 0.6451746, 2.845481;1.027074, 0.266635, 2.840762;0.924067, 0.5136145, 3.01561;1.092029, 0.5118593, 2.720471;0.8524989, -0.04151215, 2.942966;1.091351, -0.01479701, 2.560261;1.030217, 0.1924321, 2.84432;0.9940912, 0.1251494, 2.893702;1.070045, 0.1358863, 2.791249;1.05273, -0.3632241, 2.974128;1.167815, -0.32794, 2.678467;1.065511, -0.7267482, 2.997788;1.185522, -0.7017668, 2.599485;1.006969, -0.7946485, 2.984346;1.135969, -0.7794713, 2.546497;
0.9617997, 0.8190269, 2.848531;1.029175, 0.6471974, 2.849511;1.027693, 0.2703924, 2.841113;0.932119, 0.5195177, 3.023466;1.095309, 0.5138983, 2.722393;0.8589373, -0.01431784, 2.944885;1.097315, -0.005190874, 2.563612;1.029405, 0.1963482, 2.843829;0.9929402, 0.1280584, 2.892999;1.067479, 0.1397181, 2.789827;1.051947, -0.3619487, 2.973031;1.166632, -0.3276464, 2.678643;1.065279, -0.726184, 2.998566;1.18527, -0.7021199, 2.598758;1.007814, -0.7939928, 2.982605;1.137081, -0.7801569, 2.549737;
0.9785075, 0.8289949, 2.849617;1.036118, 0.6516004, 2.853088;1.028429, 0.274745, 2.841543;0.9377089, 0.5250048, 3.028456;1.102263, 0.5162713, 2.724189;0.8559556, -0.02914792, 2.943889;1.100368, -0.002479367, 2.564295;1.028737, 0.2004155, 2.843518;0.9913712, 0.1314725, 2.892342;1.065846, 0.1430647, 2.788945;1.052111, -0.3618529, 2.972835;1.165809, -0.3288893, 2.678576;1.065315, -0.7262344, 2.998547;1.185003, -0.702081, 2.598273;1.005719, -0.7937727, 2.979821;1.134841, -0.7811104, 2.54437;
0.9882622, 0.8345219, 2.867828;1.041343, 0.6544806, 2.856333;1.028483, 0.2766574, 2.841757;0.940958, 0.5260237, 3.030728;1.106779, 0.5177655, 2.726137;0.8586155, -0.02599369, 2.946777;1.103996, -0.001818355, 2.563819;1.027848, 0.2022728, 2.843218;0.9894223, 0.1334319, 2.891865;1.06408, 0.1446887, 2.787848;1.052098, -0.3606676, 2.972187;1.164989, -0.3293413, 2.678316;1.066086, -0.726109, 2.998482;1.185012, -0.702486, 2.598114;1.005786, -0.7936924, 2.980177;1.134939, -0.7810722, 2.544402;
0.9918534, 0.8346355, 2.8714;1.048763, 0.6597024, 2.858864;1.029096, 0.2783709, 2.841424;0.9454935, 0.5256176, 3.031513;1.110648, 0.5195097, 2.728356;0.8599341, -0.0234111, 2.950004;1.113201, 0.001942643, 2.563005;1.027586, 0.2034824, 2.842478;0.9885382, 0.1348683, 2.890586;1.062848, 0.1464803, 2.786501;1.052353, -0.3603013, 2.971911;1.163581, -0.3286861, 2.678331;1.066428, -0.7261242, 2.998425;1.185418, -0.6984141, 2.598544;1.006829, -0.7935982, 2.980373;1.144072, -0.7762442, 2.558047;
0.9994857, 0.8323855, 2.873904;1.053323, 0.6606672, 2.860233;1.02994, 0.2800634, 2.841383;0.9510846, 0.5248044, 3.03721;1.113976, 0.5203811, 2.730778;0.8605999, -0.0233319, 2.951388;1.118002, 0.002389693, 2.561835;1.02756, 0.2049732, 2.842056;0.9882311, 0.1355123, 2.890395;1.061974, 0.1477256, 2.785334;1.05239, -0.3603598, 2.971899;1.162586, -0.3296095, 2.677914;1.065797, -0.7272561, 2.997111;1.185381, -0.6984887, 2.599104;1.006628, -0.7936019, 2.980345;1.141665, -0.7773995, 2.551464;
1.004675, 0.8307532, 2.878655;1.057989, 0.6602538, 2.861686;1.030811, 0.2803329, 2.841238;0.9576358, 0.5259537, 3.03691;1.117576, 0.5205625, 2.732698;0.8710375, 0.0007822214, 2.968222;1.127831, 0.00118821, 2.560765;1.027781, 0.2051218, 2.841752;0.9882966, 0.1357997, 2.889951;1.061792, 0.1478693, 2.78474;1.052348, -0.360198, 2.971526;1.161318, -0.3301853, 2.677134;1.068273, -0.7242328, 2.995904;1.185462, -0.699306, 2.599268;1.00639, -0.7934721, 2.980178;1.140675, -0.7781514, 2.550346;
1.007859, 0.8316492, 2.880288;1.065505, 0.6622205, 2.86766;1.032579, 0.280662, 2.841433;0.9604092, 0.521417, 3.037242;1.124444, 0.521481, 2.735407;0.8720738, 0.001737647, 2.971082;1.133547, 0.0008000203, 2.558875;1.028447, 0.2051735, 2.841421;0.9886497, 0.135715, 2.888713;1.061991, 0.1478797, 2.784515;1.052393, -0.3601563, 2.971267;1.159609, -0.3307862, 2.675823;1.067758, -0.7244447, 2.995855;1.185409, -0.699266, 2.599308;1.006642, -0.7933889, 2.980293;1.140007, -0.7783298, 2.550444;
1.011311, 0.8305924, 2.881818;1.068922, 0.6615567, 2.87039;1.034112, 0.280541, 2.841514;0.964378, 0.5171411, 3.034918;1.125748, 0.5217774, 2.737106;0.8734747, 0.001857885, 2.973542;1.139079, -0.001243614, 2.558753;1.029225, 0.2050103, 2.840988;0.9890593, 0.1356058, 2.888134;1.062358, 0.1479048, 2.783628;1.051695, -0.3603424, 2.97096;1.158629, -0.3297965, 2.675301;1.067275, -0.7230814, 2.995972;1.185663, -0.6992221, 2.600026;1.007329, -0.79273, 2.984049;1.140335, -0.7784539, 2.552926;
1.018223, 0.8295009, 2.887754;1.070598, 0.6610197, 2.870901;1.034886, 0.2804407, 2.841527;0.9701607, 0.5144467, 3.026899;1.129231, 0.5220634, 2.739299;0.8761007, 0.001212178, 2.975884;1.144158, -0.001341594, 2.557811;1.029556, 0.2049117, 2.840778;0.9891017, 0.1355022, 2.888041;1.062479, 0.1476897, 2.78281;1.049868, -0.3568985, 2.969912;1.15773, -0.3308914, 2.674411;1.067907, -0.7204382, 2.996841;1.185447, -0.6999179, 2.599726;1.013683, -0.791503, 2.959963;1.138912, -0.7788251, 2.552191;
1.020378, 0.8304421, 2.889387;1.073784, 0.6618731, 2.871234;1.036078, 0.2804707, 2.84125;0.9712046, 0.5148317, 3.025421;1.131597, 0.5222755, 2.740782;0.8792237, -0.0005214406, 2.982548;1.150467, -0.0009846959, 2.559642;1.030197, 0.204776, 2.840221;0.9892716, 0.1354447, 2.887353;1.062794, 0.147587, 2.782124;1.04969, -0.3570192, 2.969734;1.156947, -0.3316493, 2.673856;1.067774, -0.7204642, 2.996965;1.185062, -0.7034924, 2.598773;1.012938, -0.7904606, 2.974323;1.135521, -0.7810826, 2.547595;
1.021647, 0.830381, 2.8896;1.078048, 0.6616647, 2.872451;1.037611, 0.2802436, 2.841317;0.972522, 0.5137798, 3.024349;1.132583, 0.5217246, 2.74175;0.8814127, 0.0002421812, 2.9851;1.15455, -0.001869288, 2.558047;1.030985, 0.2045109, 2.839958;0.9896057, 0.1350916, 2.887195;1.063111, 0.1473035, 2.781389;1.049737, -0.3568835, 2.969668;1.155446, -0.3338512, 2.673286;1.067613, -0.7206412, 2.996968;1.185294, -0.7049065, 2.599185;1.012234, -0.7899962, 2.97504