0.9799358, 0.8244975, 2.984946;1.03962, 0.6547379, 2.947677;0.9782113, 0.2576102, 2.908077;0.933741, 0.5125144, 3.090328;1.088628, 0.5119528, 2.81382;0.8399739, -0.04630333, 2.996027;1.033246, -0.009767923, 2.670441;0.9659295, 0.1781846, 2.903778;0.92153, 0.1165528, 2.948597;0.9912293, 0.1163, 2.843742;0.9525056, -0.3609121, 3.015797;1.070071, -0.3360703, 2.718648;0.9436953, -0.7177181, 3.041901;1.101162, -0.7014084, 2.637286;0.8787484, -0.7987939, 3.030783;1.048606, -0.7770085, 2.587275;
0.9794881, 0.8262125, 2.989316;1.039494, 0.6548975, 2.947614;0.9782039, 0.2577733, 2.908022;0.9335114, 0.5142884, 3.093411;1.088277, 0.5126017, 2.814059;0.8398221, -0.046331, 2.9949;1.037692, 0.003151357, 2.668946;0.9659436, 0.1783557, 2.903722;0.9215576, 0.1165872, 2.948689;0.9912036, 0.1163066, 2.843365;0.9529593, -0.3606258, 3.016117;1.070089, -0.3354579, 2.719132;0.9449178, -0.7167199, 3.043531;1.101014, -0.7024037, 2.637281;0.8797078, -0.7950106, 3.032038;1.048409, -0.7772818, 2.587439;
0.9797574, 0.8250302, 2.990936;1.039489, 0.6548671, 2.947918;0.9781318, 0.2577499, 2.908121;0.9332114, 0.5138887, 3.093179;1.088205, 0.5126122, 2.813902;0.8346392, -0.07567949, 2.988651;1.020438, -0.0622069, 2.658437;0.9658491, 0.1783284, 2.903805;0.921382, 0.1164986, 2.948752;0.9911216, 0.1163005, 2.843431;0.9535645, -0.3623043, 3.017226;1.070118, -0.335303, 2.719188;0.9450459, -0.7183819, 3.043824;1.101779, -0.7036471, 2.63785;0.8798898, -0.7955222, 3.032775;1.048578, -0.7773812, 2.587733;
0.9793359, 0.8242673, 2.991466;1.039479, 0.6544099, 2.947829;0.9780204, 0.2574783, 2.908116;0.9331456, 0.5137564, 3.093484;1.088265, 0.5125033, 2.813764;0.8360947, -0.08465502, 2.987528;1.020155, -0.06224043, 2.65792;0.965722, 0.1780834, 2.903817;0.9211769, 0.1161802, 2.948783;0.9909844, 0.1159612, 2.84339;0.9538956, -0.36475, 3.018333;1.070315, -0.3354627, 2.719323;0.9451325, -0.7192055, 3.044601;1.101904, -0.703305, 2.637745;0.8789012, -0.7961559, 3.032987;1.048468, -0.7773885, 2.58772;
0.9782838, 0.8239809, 2.990084;1.039461, 0.6542916, 2.947639;0.9779651, 0.2576539, 2.908136;0.9330847, 0.5136801, 3.093522;1.088202, 0.5124151, 2.813261;0.8370264, -0.08042581, 2.989371;1.018526, -0.0298614, 2.65826;0.9656405, 0.1784081, 2.903948;0.9210654, 0.116543, 2.948995;0.9908889, 0.1162868, 2.843587;0.9540415, -0.3648149, 3.018381;1.070446, -0.3353053, 2.719225;0.9445872, -0.7200847, 3.044416;1.10186, -0.7049605, 2.638201;0.8782603, -0.7964218, 3.033404;1.048472, -0.7775252, 2.587808;
0.9770609, 0.8232276, 2.988293;1.039203, 0.6540731, 2.94814;0.9778974, 0.2576022, 2.90819;0.9330005, 0.5139017, 3.094291;1.087619, 0.5124853, 2.813337;0.8448707, -0.03961379, 2.994602;1.035884, 0.01272154, 2.667434;0.9655954, 0.1783714, 2.903961;0.9210656, 0.1165426, 2.948988;0.9907929, 0.1162458, 2.843585;0.9540312, -0.3639491, 3.018427;1.070435, -0.3353256, 2.719261;0.9460685, -0.7177951, 3.044956;1.101842, -0.7060739, 2.637995;0.87842, -0.7954637, 3.033999;1.048156, -0.7776945, 2.588023;
0.9766233, 0.822975, 2.987359;1.038829, 0.6538044, 2.947847;0.9778377, 0.2575612, 2.908154;0.9327292, 0.513263, 3.094278;1.087367, 0.5124841, 2.813235;0.8379437, -0.07807903, 2.987937;1.037809, 0.01085386, 2.666409;0.9655644, 0.1783482, 2.903936;0.9210603, 0.1165249, 2.948947;0.9907498, 0.1163039, 2.843636;0.9542404, -0.3628632, 3.0183;1.070557, -0.3348262, 2.719247;0.9458388, -0.7177663, 3.044985;1.101877, -0.7061237, 2.637991;0.8786496, -0.7953755, 3.036398;1.048052, -0.7778713, 2.588155;
0.9754918, 0.822341, 2.986123;1.03831, 0.6537328, 2.947513;0.977304, 0.2597259, 2.90867;0.9307544, 0.513618, 3.096832;1.087191, 0.5125374, 2.812947;0.837009, -0.07810465, 2.98918;1.019555, -0.05561506, 2.656472;0.965077, 0.1814791, 2.904799;0.920335, 0.1191062, 2.950202;0.990568, 0.1184263, 2.844054;0.9544037, -0.3633701, 3.018499;1.070471, -0.3340119, 2.719218;0.9457236, -0.7193586, 3.045276;1.101801, -0.7063989, 2.63777;0.8786052, -0.7960775, 3.036072;1.048013, -0.7778616, 2.588048;
0.9741684, 0.8209205, 2.983999;1.038645, 0.6526531, 2.946848;0.9773494, 0.2594619, 2.908318;0.9306156, 0.5135847, 3.096902;1.087071, 0.5121056, 2.812304;0.8430239, -0.04099501, 2.991272;1.01899, -0.05672062, 2.655583;0.9650955, 0.1812339, 2.904426;0.9202858, 0.1189861, 2.949738;0.9905907, 0.1182522, 2.843827;0.954567, -0.364139, 3.01918;1.070196, -0.3325012, 2.719223;0.9457176, -0.7193626, 3.045257;1.103123, -0.698879, 2.639358;0.8786526, -0.7962189, 3.036056;1.047434, -0.7769583, 2.588213;
0.9737582, 0.8207241, 2.983707;1.037635, 0.6519587, 2.94561;0.9770019, 0.2590182, 2.908419;0.9305731, 0.5135008, 3.096277;1.086987, 0.5121674, 2.812213;0.8436455, -0.0390297, 2.994512;1.016933, -0.05755019, 2.653535;0.9647653, 0.1806914, 2.904686;0.9198822, 0.1169983, 2.950083;0.9902221, 0.1185616, 2.844503;0.9550597, -0.368813, 3.021303;1.07022, -0.3324787, 2.719235;0.9424601, -0.7297158, 3.047727;1.10311, -0.6988742, 2.639373;0.8779764, -0.800287, 3.034764;1.046884, -0.7767006, 2.587368;
0.9733002, 0.8208197, 2.983735;1.03732, 0.6519474, 2.94534;0.9766248, 0.2589135, 2.908592;0.9304806, 0.5132642, 3.096359;1.086856, 0.51218, 2.812096;0.8453829, -0.03623863, 2.998705;1.01683, -0.05826594, 2.653507;0.9643446, 0.1805249, 2.904979;0.9192873, 0.1160437, 2.95067;0.9896565, 0.1190673, 2.845016;0.9550858, -0.3690129, 3.021386;1.070485, -0.3329275, 2.71922;0.9430401, -0.7280217, 3.047168;1.102874, -0.7025273, 2.639721;0.8780894, -0.8002362, 3.034833;1.047189, -0.7766904, 2.587788;
0.9730921, 0.820127, 2.982468;1.036872, 0.6518015, 2.945519;0.9759569, 0.2590369, 2.909075;0.9301146, 0.5142692, 3.098166;1.086443, 0.5122035, 2.811649;0.8381963, -0.08024175, 2.988226;1.015232, -0.05813461, 2.653214;0.9636604, 0.1806838, 2.905494;0.9186064, 0.1160305, 2.951111;0.9888736, 0.1203294, 2.845949;0.9546745, -0.3641704, 3.019125;1.070475, -0.3333921, 2.719099;0.9434781, -0.7205979, 3.046848;1.102904, -0.7036678, 2.639895;0.8784573, -0.7982211, 3.034736;1.047382, -0.7769547, 2.588068;
0.9727635, 0.819692, 2.982474;1.036453, 0.651807, 2.945302;0.9756473, 0.2594612, 2.909394;0.9300137, 0.5138631, 3.09805;1.08621, 0.5121629, 2.811513;0.8341643, -0.07731612, 2.977758;1.015784, -0.05632959, 2.653058;0.9633667, 0.1812318, 2.905972;0.9183885, 0.1158648, 2.951984;0.9885004, 0.1210034, 2.846154;0.9550489, -0.3620049, 3.018409;1.070441, -0.33324, 2.719067;0.9445403, -0.7194052, 3.047317;1.102106, -0.7039608, 2.63951;0.8823897, -0.7937335, 3.035021;1.047433, -0.7770222, 2.588045;
0.9723117, 0.8194851, 2.98217;1.035937, 0.6516821, 2.945311;0.9755024, 0.2593836, 2.909401;0.9299107, 0.5142088, 3.098957;1.086117, 0.512259, 2.811445;0.8375098, -0.07730185, 2.976872;1.016483, -0.05590156, 2.653379;0.9632696, 0.1811493, 2.905973;0.9183411, 0.115629, 2.951691;0.9883781, 0.1212275, 2.84635;0.9550167, -0.3614993, 3.018436;1.070452, -0.333235, 2.719126;0.9445041, -0.7185555, 3.047351;1.102136, -0.7043244, 2.639512;0.8858345, -0.7910417, 3.03589;1.048135, -0.7770593, 2.588421;
0.9703259, 0.8191743, 2.978812;1.034261, 0.6509744, 2.944925;0.9753041, 0.2595487, 2.909434;0.9298313, 0.5143849, 3.099892;1.086154, 0.5122339, 2.811435;0.8345328, -0.07635997, 2.984707;1.016416, -0.05520876, 2.653924;0.9631666, 0.1813854, 2.906031;0.9183027, 0.1155372, 2.951786;0.9883304, 0.1215098, 2.846295;0.9549025, -0.3614736, 3.018371;1.070306, -0.3336513, 2.718883;0.9446365, -0.7188078, 3.047063;1.102454, -0.704549, 2.638854;0.8927035, -0.7880032, 3.03493;1.048249, -0.7771392, 2.588389;
0.9701812, 0.8192649, 2.978664;1.033558, 0.6509637, 2.943742;0.9748242, 0.2595282, 2.909296;0.9297964, 0.5140507, 3.09913;1.086066, 0.5121717, 2.811249;0.8349053, -0.07595284, 2.985436;1.016321, -0.05455191, 2.653399;0.9627229, 0.1813511, 2.906001;0.917654, 0.115276, 2.952072;0.9880466, 0.1216654, 2.846213;0.9546701, -0.362066, 3.018235;1.069865, -0.3330417, 2.718787;0.9445955, -0.7197199, 3.046676;1.101779, -0.7054785, 2.638625;0.8854185, -0.7930639, 3.034567;1.048405, -0.7774727, 2.588741;
0.9701117, 0.8189309, 2.978126;1.033619, 0.6504791, 2.942823;0.9746746, 0.2594152, 2.909187;0.9297393, 0.5152383, 3.099608;1.085232, 0.5121592, 2.810827;0.835286, -0.07561519, 2.985389;1.016552, -0.05400612, 2.653363;0.9625515, 0.1812464, 2.905958;0.9176044, 0.1152548, 2.951963;0.9876777, 0.1220904, 2.846621;0.9546117, -0.3627033, 3.018112;1.069818, -0.3332135, 2.718601;0.9446791, -0.7198888, 3.046384;1.101579, -0.7064525, 2.638978;0.8852047, -0.7933993, 3.034461;1.04868, -0.7780027, 2.589803;
0.9701883, 0.8182444, 2.976494;1.033081, 0.6509191, 2.943714;0.9744181, 0.2598322, 2.909426;0.9294475, 0.514653, 3.099122;1.084112, 0.5117613, 2.810201;0.8337904, -0.076362, 2.985604;1.016362, -0.05370239, 2.653846;0.9623659, 0.1816531, 2.906122;0.9175832, 0.1150122, 2.952412;0.987251, 0.1224075, 2.846166;0.9546129, -0.3629484, 3.018374;1.069714, -0.3336342, 2.71863;0.9446297, -0.7199448, 3.046362;1.101281, -0.7076637, 2.638383;0.8848342, -0.7944927, 3.034645;1.048133, -0.7782746, 2.589654;
0.9696671, 0.8181157, 2.976557;1.032199, 0.6497283, 2.942904;0.9738622, 0.2597289, 2.909359;0.9292077, 0.5147883, 3.098446;1.083204, 0.5118453, 2.809672;0.8356515, -0.06934962, 2.985753;1.016673, -0.0528724, 2.653741;0.9618546, 0.1816645, 2.90614;0.9170746, 0.1149331, 2.952676;0.9867804, 0.1225564, 2.846066;0.9546066, -0.3630913, 3.018604;1.069354, -0.3350384, 2.718321;0.9444672, -0.7201278, 3.046359;1.101361, -0.7085638, 2.638298;0.8837914, -0.7952139, 3.03498;1.048337, -0.7783065, 2.589607;
0.968205, 0.815865, 2.974179;1.031692, 0.6497031, 2.942904;0.973698, 0.2596804, 2.909427;0.9287478, 0.5160596, 3.099213;1.082545, 0.5118364, 2.809421;0.835426, -0.07131721, 2.984753;1.016527, -0.05334218, 2.653865;0.9617584, 0.1816217, 2.906212;0.917076, 0.1149301, 2.952673;0.9866329, 0.1226358, 2.84635;0.9546326, -0.3631159, 3.018594;1.069365, -0.3351292, 2.718508;0.9443763, -0.7202953, 3.04624;1.101352, -0.7086489, 2.638291;0.8813119, -0.7969789, 3.036802;1.048035, -0.7785029, 2.589434;
0.96833, 0.8157662, 2.974736;1.03162, 0.6495515, 2.942595;0.9735378, 0.2596295, 2.909252;0.9281057, 0.5158435, 3.098568;1.082412, 0.5118088, 2.809237;0.8351581, -0.07263929, 2.987021;1.016349, -0.05392056, 2.653723;0.9616165, 0.1815924, 2.906075;0.916898, 0.1148618, 2.952362;0.9865669, 0.1226702, 2.846324;0.953616, -0.3600121, 3.016022;1.069252, -0.334864, 2.718438;0.9444209, -0.7197081, 3.046633;1.101474, -0.7097114, 2.63825;0.8808934, -0.7958251, 3.037085;1.048155, -0.7785078, 2.589353;
0.9673124, 0.814966, 2.971787;1.030764, 0.6490855, 2.940342;0.9729063, 0.2595648, 2.908815;0.9270551, 0.5149125, 3.097257;1.081139, 0.5116882, 2.808936;0.8420296, -0.03714748, 2.988947;1.017937, -0.05482166, 2.656814;0.9610656, 0.1815755, 2.905842;0.9165093, 0.1146078, 2.952285;0.9858781, 0.1228732, 2.84612;0.9535625, -0.3619891, 3.016926;1.069087, -0.3345647, 2.71831;0.944126, -0.7201062, 3.046379;1.101428, -0.7090358, 2.638095;0.8805421, -0.7966754, 3.037019;1.047771, -0.7782015, 2.588585;
0.9668548, 0.814431, 2.971254;1.030201, 0.6494858, 2.938632;0.9724994, 0.2595091, 2.908507;0.9261692, 0.5149561, 3.096487;1.08087, 0.5115646, 2.808649;0.835747, -0.07497189, 2.980812;1.015919, -0.05359799, 2.655046;0.9607189, 0.1814887, 2.905702;0.9161335, 0.1144767, 2.952236;0.9856288, 0.1226825, 2.846062;0.9538052, -0.362862, 3.017731;1.068816, -0.3342777, 2.71813;0.943843, -0.7203085, 3.046167;1.101563, -0.7084179, 2.638295;0.8804688, -0.7975686, 3.038093;1.048346, -0.7778805, 2.589242;
0.9666262, 0.8146106, 2.972875;1.029903, 0.6492528, 2.938495;0.9720533, 0.2591394, 2.908638;0.9251748, 0.5155474, 3.093511;1.080326, 0.5117002, 2.808493;0.8384968, -0.05965463, 2.983436;1.033339, -0.004407676, 2.664443;0.9602587, 0.1810837, 2.905945;0.9158599, 0.1142856, 2.952355;0.9852034, 0.1224189, 2.846588;0.9538175, -0.3629121, 3.01775;1.068791, -0.3343011, 2.718077;0.9440745, -0.7208833, 3.046578;1.10171, -0.7072831, 2.639411;0.883077, -0.796181, 3.038078;1.049411, -0.7777587, 2.589447;
0.965148, 0.8125197, 2.969394;1.029136, 0.6491505, 2.939002;0.9714954, 0.2592952, 2.908825;0.9247614, 0.5154667, 3.092304;1.079561, 0.5114727, 2.808381;0.840914, -0.03575726, 2.988872;1.009197, -0.0246271, 2.657334;0.9597559, 0.1812846, 2.906114;0.9151019, 0.1141348, 2.953193;0.9848638, 0.1225223, 2.846334;0.9537832, -0.36301, 3.017663;1.068726, -0.3342749, 2.717959;0.9440024, -0.7210186, 3.046347;1.102222, -0.7066418, 2.639863;0.8863147, -0.7951547, 3.037956;1.049911, -0.7776234, 2.590018;
0.9650996, 0.8126718, 2.969431;1.028709, 0.6493924, 2.938329;0.9708452, 0.2601083, 2.908731;0.9243151, 0.5148975, 3.091826;1.079214, 0.5116613, 2.808317;0.8410718, -0.03817038, 2.991116;1.029598, 0.004454925, 2.666604;0.959042, 0.1822993, 2.906203;0.9141757, 0.1142416, 2.95433;0.98419, 0.1230441, 2.845643;0.953784, -0.3625614, 3.01742;1.068799, -0.3340204, 2.71798;0.9447982, -0.7201756, 3.046448;1.102394, -0.7067985, 2.639729;0.8849887, -0.7947811, 3.038933;1.049486, -0.777868, 2.590183;
0.9639183, 0.8125008, 2.969324;1.028233, 0.6494287, 2.937447;0.9704775, 0.2601927, 2.908477;0.9231108, 0.5140407, 3.089594;1.078573, 0.51201, 2.808432;0.8408113, -0.03860919, 2.991095;1.028357, -6.789365E-05, 2.664788;0.9587188, 0.1823826, 2.906042;0.9137955, 0.1141577, 2.954334;0.9839319, 0.1232076, 2.845398;0.9542383, -0.3654437, 3.018821;1.068764, -0.3341288, 2.717887;0.9418021, -0.7266905, 3.045217;1.102256, -0.7068214, 2.639302;0.8817328, -0.8004239, 3.032663;1.048934, -0.7781014, 2.589748;
0.9631247, 0.813211, 2.969738;1.028118, 0.6496539, 2.937393;0.9698799, 0.2611083, 2.908305;0.9221331, 0.5140105, 3.089635;1.077634, 0.5125291, 2.80842;0.8333638, -0.05986929, 2.975641;1.02656, -0.003183934, 2.66382;0.9580272, 0.1834657, 2.905865;0.9129927, 0.1149163, 2.954434;0.9833695, 0.123944, 2.844848;0.9540812, -0.3633495, 3.017851;1.068765, -0.3341292, 2.717829;0.9436626, -0.7221997, 3.045578;1.102334, -0.7078884, 2.639197;0.8820512, -0.7975435, 3.034125;1.048846, -0.7782386, 2.589762;
0.960899, 0.8142072, 2.967945;1.026734, 0.6500178, 2.938747;0.9694481, 0.2616412, 2.908075;0.9217002, 0.513934, 3.089803;1.077171, 0.5125886, 2.808191;0.8358361, -0.04463492, 2.983807;1.02651, -0.00503807, 2.663053;0.957673, 0.1840986, 2.905426;0.9127512, 0.1152034, 2.954042;0.9830548, 0.1247025, 2.843844;0.9540559, -0.3631279, 3.017878;1.068739, -0.33409, 2.717774;0.9437402, -0.7223468, 3.045748;1.101849, -0.7084369, 2.638729;0.8799568, -0.7972353, 3.033911;1.049122, -0.7784667, 2.590038;
0.9591385, 0.8158965, 2.966666;1.024878, 0.6494178, 2.938005;0.9685414, 0.2620826, 2.907925;0.9210613, 0.5142879, 3.090278;1.076509, 0.5127867, 2.807862;0.8362675, -0.04139722, 2.98068;1.014628, -0.04109836, 2.654511;0.9569151, 0.1846741, 2.905363;0.9123105, 0.1153919, 2.954043;0.9823038, 0.1251307, 2.843737;0.9533231, -0.3611236, 3.016983;1.068748, -0.3340609, 2.717769;0.9451577, -0.720691, 3.045975;1.101852, -0.70856, 2.638746;0.8813557, -0.7952879, 3.035322;1.049287, -0.7785394, 2.590056;
0.9572311, 0.8163103, 2.965242;1.023313, 0.6503523, 2.938154;0.9675965, 0.2627625, 2.90793;0.9202772, 0.5141695, 3.09129;1.075082, 0.513631, 2.808324;0.8349402, -0.04804204, 2.979007;1.019294, -0.03951745, 2.654851;0.9561608, 0.1852722, 2.905362;0.9119343, 0.1155201, 2.954133;0.9814262, 0.1256424, 2.843481;0.9532475, -0.3612398, 3.016927;1.068772, -0.3340537, 2.717724;0.9450603, -0.7213122, 3.045125;1.10211, -0.7086025, 2.63895;0.8803967, -0.7964507, 3.035002;1.049434, -0.7783841, 2.590247;
0.9541581, 0.8163434, 2.960494;1.022327, 0.6505976, 2.93838;0.9668092, 0.2631683, 2.907758;0.9191824, 0.5144913, 3.091798;1.074476, 0.5137381, 2.808296;0.8354828, -0.0441347, 2.978056;1.017824, -0.04445909, 2.653365;0.95546, 0.1856963, 2.90513;0.9110317, 0.1157971, 2.954099;0.9809337, 0.125882, 2.842915;0.9524426, -0.3613706, 3.01645;1.068621, -0.3341052, 2.717177;0.9447081, -0.7211404, 3.044782;1.101555, -0.7071501, 2.638865;0.8803231, -0.7966872, 3.034668;1.049572, -0.7784058, 2.590598;
0.9522734, 0.8162959, 2.957781;1.020492, 0.6500242, 2.938066;0.9652708, 0.2638932, 2.907666;0.9177303, 0.5155036, 3.089739;1.074204, 0.5136519, 2.807887;0.8331674, -0.05857924, 2.974436;1.01287, -0.04673667, 2.653217;0.9539582, 0.1867009, 2.905091;0.9089681, 0.1161457, 2.954873;0.9798329, 0.1262328, 2.842143;0.9510618, -0.3594008, 3.015389;1.068403, -0.3339773, 2.717011;0.9447203, -0.721135, 3.044729;1.101492, -0.7071971, 2.638807;0.8909078, -0.7903909, 3.034318;1.049617, -0.7784179, 2.590574;
0.9512322, 0.8162019, 2.957692;1.018375, 0.6492417, 2.937157;0.9642358, 0.264524, 2.907099;0.91682, 0.5172112, 3.091191;1.073284, 0.5137774, 2.80697;0.8319298, -0.05244358, 2.972733;1.009348, -0.04587678, 2.651424;0.9530636, 0.1875763, 2.90455;0.9083599, 0.1165247, 2.954552;0.9789417, 0.1271722, 2.841348;0.9507639, -0.3591884, 3.015425;1.068108, -0.3338743, 2.716884;0.9447362, -0.7212453, 3.044718;1.101053, -0.7069137, 2.639002;0.8880391, -0.7926514, 3.034818;1.04968, -0.7786304, 2.590599;
0.9497361, 0.8154945, 2.955987;1.016273, 0.6495129, 2.936117;0.9630396, 0.2649967, 2.906836;0.9154314, 0.5172064, 3.089253;1.071122, 0.5134925, 2.805668;0.8425229, -0.02547617, 2.970767;1.007412, -0.04775003, 2.650457;0.9520881, 0.188059, 2.904414;0.9076003, 0.1167994, 2.954684;0.9779981, 0.1274437, 2.841019;0.9502467, -0.3588888, 3.015218;1.067636, -0.3336322, 2.716542;0.944463, -0.7208509, 3.044404;1.101409, -0.7085487, 2.63662;0.8842809, -0.7935203, 3.035893;1.049651, -0.7789117, 2.590492;
0.9467609, 0.8156282, 2.952818;1.014201, 0.6479806, 2.934688;0.9624501, 0.2653123, 2.906724;0.9142892, 0.5173944, 3.088651;1.070525, 0.5130786, 2.804336;0.8357905, -0.02238715, 2.980914;1.00666, -0.04744042, 2.650527;0.9515845, 0.1886222, 2.904438;0.9070017, 0.1170158, 2.955068;0.9777767, 0.1275577, 2.840868;0.9494674, -0.3578285, 3.014589;1.066727, -0.3326046, 2.716723;0.9451324, -0.7193828, 3.044629;1.101078, -0.7088796, 2.636602;0.883721, -0.79324, 3.036652;1.049748, -0.7789927, 2.590313;
0.9438873, 0.8151582, 2.95222;1.010662, 0.6462828, 2.933524;0.9612641, 0.2653694, 2.906856;0.9133548, 0.5177256, 3.089157;1.070031, 0.5132525, 2.804325;0.8403507, -0.01538089, 2.989349;1.010441, -0.03133611, 2.654658;0.9507373, 0.1888658, 2.904721;0.9064867, 0.1171859, 2.955209;0.976902, 0.1277017, 2.841508;0.949084, -0.3577681, 3.01443;1.066265, -0.3322476, 2.716782;0.945124, -0.7185153, 3.044963;1.101695, -0.7092355, 2.636986;0.8835165, -0.7931979, 3.037065;1.049749, -0.7791214, 2.590528;
0.9397732, 0.8140215, 2.954096;1.009876, 0.6458938, 2.932572;0.9609919, 0.2652266, 2.906893;0.9095377, 0.5175526, 3.091371;1.069185, 0.5129088, 2.804152;0.8302768, -0.03308902, 2.967232;1.007503, -0.02812842, 2.655497;0.9505439, 0.1887606, 2.904889;0.9061134, 0.1171973, 2.955463;0.9769336, 0.1273966, 2.842034;0.9477991, -0.3569776, 3.013695;1.064805, -0.3316216, 2.716762;0.9456314, -0.7183262, 3.045339;1.101723, -0.7086945, 2.637235;0.8817542, -0.7931083, 3.038183;1.049403, -0.7789683, 2.590517;
0.9319191, 0.8130528, 2.952364;1.007065, 0.6450021, 2.931215;0.959902, 0.2666349, 2.907629;0.9062387, 0.5180824, 3.097713;1.067868, 0.512868, 2.804042;0.8285771, -0.03281561, 2.968293;0.999637, -0.03970665, 2.652924;0.9496403, 0.1910707, 2.906331;0.9055046, 0.118603, 2.957468;0.9763738, 0.1283552, 2.843;0.9467899, -0.3570499, 3.013171;1.064276, -0.3324367, 2.716658;0.9455957, -0.7188569, 3.045007;1.102122, -0.7093029, 2.638843;0.8814794, -0.7938075, 3.037448;1.04934, -0.7789868, 2.590575;
0.920682, 0.8084182, 2.944443;1.004387, 0.643504, 2.929854;0.958479, 0.2663699, 2.908874;0.9031935, 0.5178517, 3.100608;1.0655, 0.5121149, 2.80441;0.8158324, -0.1034408, 2.963925;1.000478, -0.02238033, 2.657428;0.9484041, 0.1909505, 2.908222;0.9036914, 0.1188601, 2.960674;0.9755944, 0.1278463, 2.845429;0.9448943, -0.3555895, 3.011957;1.064028, -0.3322814, 2.716575;0.9448386, -0.7182695, 3.044632;1.102224, -0.7093618, 2.638594;0.8810405, -0.7936695, 3.037498;1.049459, -0.7791197, 2.590685;
0.9131864, 0.8051675, 2.940455;0.9969187, 0.641394, 2.927497;0.9570391, 0.2659875, 2.910156;0.8949751, 0.5137113, 3.103344;1.063364, 0.5112379, 2.804636;0.8161522, -0.08037686, 2.96153;0.9980029, -0.02027626, 2.657197;0.9475889, 0.1906977, 2.910003;0.9026171, 0.1177497, 2.963942;0.9756184, 0.1264115, 2.847535;0.9443555, -0.3566295, 3.012272;1.063951, -0.3323959, 2.716627;0.9443406, -0.7198094, 3.045051;1.102184, -0.7094909, 2.638799;0.8794013, -0.794359, 3.038023;1.049818, -0.7790771, 2.590957;
0.9003587, 0.8002554, 2.930635;0.9913255, 0.6401746, 2.928379;0.9559158, 0.2651486, 2.911887;0.8908755, 0.5120559, 3.105009;1.05879, 0.5088986, 2.804516;0.8164805, -0.06432009, 2.970501;0.9960079, -0.02019988, 2.657355;0.947255, 0.1898946, 2.912003;0.9027278, 0.1166082, 2.966352;0.9762108, 0.124895, 2.849746;0.9426498, -0.3573296, 3.011929;1.06396, -0.3326077, 2.716751;0.9441451, -0.720017, 3.04495;1.101812, -0.7085978, 2.638722;0.8796898, -0.7946432, 3.037576;1.050435, -0.7786024, 2.589473;
0.8825542, 0.7940016, 2.927853;0.9870214, 0.6370406, 2.925584;0.9552571, 0.2638176, 2.913531;0.8826182, 0.5073192, 3.103443;1.05465, 0.505066, 2.803015;0.8122361, -0.08820506, 2.967558;0.9933961, -0.02338634, 2.657043;0.9473357, 0.1885212, 2.914776;0.9031566, 0.1144945, 2.969978;0.9778093, 0.1222555, 2.854442;0.9395555, -0.3519144, 3.008638;1.062625, -0.3302459, 2.717468;0.9434907, -0.7186107, 3.044778;1.101798, -0.7063959, 2.639516;0.8791461, -0.7954397, 3.040626;1.050314, -0.7787853, 2.59088;
0.8670761, 0.7790706, 2.919462;0.973187, 0.6240152, 2.924344;0.9540274, 0.2610081, 2.917694;0.8740317, 0.5047918, 3.102448;1.049939, 0.5015752, 2.801632;0.8111794, -0.09092201, 2.967153;0.9873043, -0.0385665, 2.654016;0.9478412, 0.1866344, 2.920131;0.9045547, 0.1117724, 2.976786;0.9809721, 0.1190975, 2.861192;0.9386255, -0.3557032, 3.009654;1.06154, -0.329374, 2.717586;0.9427264, -0.7206164, 3.044828;1.100577, -0.7049147, 2.6379;0.881352, -0.7952794, 3.039703;1.049839, -0.7788416, 2.590872;
0.8486801, 0.7690443, 2.912103;0.9607626, 0.618646, 2.923103;0.9534736, 0.2588138, 2.921232;0.8662851, 0.5009875, 3.093697;1.043711, 0.4981779, 2.799927;0.8131209, -0.09745115, 2.968696;0.9911738, -0.01669979, 2.656875;0.9494564, 0.1849068, 2.925076;0.9088328, 0.1091571, 2.98383;0.9851103, 0.1167832, 2.866871;0.9378524, -0.3573176, 3.009655;1.060504, -0.3292896, 2.71721;0.9424185, -0.7215593, 3.044741;1.099347, -0.7021863, 2.637779;0.8804522, -0.7956811, 3.038494;1.04951, -0.7780423, 2.589687;
0.8002633, 0.7086317, 2.887252;0.9218411, 0.5848187, 2.914773;0.9554002, 0.2488463, 2.92318;0.8370438, 0.4623272, 3.070312;1.030921, 0.4858758, 2.79263;0.8082724, -0.1146204, 2.973785;0.9835906, -0.02773001, 2.65375;0.9569346, 0.1763873, 2.92806;0.9245744, 0.09192416, 2.99273;1.005893, 0.1027096, 2.866963;0.9349377, -0.3558549, 3.007985;1.059591, -0.3319957, 2.715991;0.9419433, -0.720553, 3.044708;1.099363, -0.7021933, 2.637434;0.8828917, -0.7939403, 3.03839;1.049408, -0.7781332, 2.589676;
0.7901565, 0.7022806, 2.882808;0.9173956, 0.5775498, 2.91306;0.95809, 0.234644, 2.923794;0.8341907, 0.4529902, 3.064059;1.022431, 0.4766319, 2.790156;0.8081997, -0.1200218, 2.973847;0.9690472, -0.06768086, 2.645433;0.9640291, 0.1641713, 2.929396;0.9319901, 0.08165947, 2.994063;1.013544, 0.09528597, 2.867288;0.9329221, -0.3573826, 3.007217;1.059426, -0.3346095, 2.715365;0.9423214, -0.720937, 3.044763;1.099299, -0.7026665, 2.63737;0.8831034, -0.7941905, 3.038018;1.049529, -0.7781276, 2.58949;
0.7565165, 0.6627471, 2.862673;0.9034859, 0.5569143, 2.906461;0.963453, 0.2211867, 2.922981;0.8209492, 0.4294314, 3.055408;1.009066, 0.460038, 2.788139;0.8166986, -0.1686993, 2.987147;0.960414, -0.08193484, 2.642572;0.974381, 0.1513447, 2.929466;0.9451344, 0.06955636, 2.993415;1.028924, 0.08663564, 2.868908;0.9326168, -0.3574208, 3.007128;1.059662, -0.3367089, 2.714698;0.9421815, -0.7200633, 3.044906;1.098413, -0.7028263, 2.636469;0.8819127, -0.7941766, 3.038441;1.049065, -0.7783083, 2.589392;
0.7510592, 0.6496516, 2.847668;0.8804101, 0.5263399, 2.901092;0.9668177, 0.2039471, 2.924092;0.8124608, 0.4131671, 3.050257;0.9956175, 0.444977, 2.786689;0.7956101, -0.1741068, 2.947329;0.9612215, -0.08288419, 2.643207;0.9819133, 0.1368701, 2.93165;0.9560714, 0.05811298, 2.994565;1.039172, 0.07707168, 2.873511;0.9306264, -0.3609094, 3.008346;1.057702, -0.3527129, 2.711553;0.9413422, -0.7211474, 3.044319;1.097612, -0.7044172, 2.635507;0.8813066, -0.7950362, 3.037084;1.048656, -0.7790697, 2.588526;
0.7311253, 0.6121024, 2.837589;0.8691306, 0.4942552, 2.90129;0.9755564, 0.1731266, 2.92412;0.7926213, 0.3824248, 3.041552;0.9858845, 0.4194189, 2.778294;0.794882, -0.1826915, 2.951234;0.9494297, -0.1043581, 2.635711;0.9963707, 0.1081299, 2.932088;0.9726992, 0.03169921, 2.991253;1.060592, 0.05607223, 2.87813;0.9289598, -0.3719004, 3.011705;1.05837, -0.3497739, 2.712247;0.9408293, -0.7218031, 3.044145;1.097583, -0.7044191, 2.635421;0.8796612, -0.7965465, 3.036283;1.048315, -0.7790965, 2.588485;
0.7261232, 0.5758222, 2.827338;0.8547468, 0.4525831, 2.897817;0.9763039, 0.1622182, 2.9218;0.7880844, 0.3595273, 3.026538;0.9825054, 0.4109464, 2.776623;0.7987657, -0.1507481, 2.95871;0.9455166, -0.1216985, 2.636025;0.9984841, 0.1010893, 2.930099;0.9791909, 0.02150609, 2.990097;1.066313, 0.04638588, 2.874617;0.9289612, -0.3800596, 3.015049;1.058531, -0.3538769, 2.711703;0.9405977, -0.7223308, 3.044093;1.097301, -0.70466, 2.635108;0.8797104, -0.7965659, 3.036112;1.047387, -0.7794214, 2.588535;
0.7042475, 0.5311075, 2.811003;0.8476008, 0.430563, 2.887122;0.9908254, 0.1212803, 2.91283;0.7813615, 0.3267149, 3.008662;0.9695435, 0.3744243, 2.763602;0.7891611, -0.1733066, 2.951736;0.9363266, -0.1469615, 2.630505;1.020787, 0.0587852, 2.921785;1.007215, -0.01173918, 2.973405;1.084616, 0.02148206, 2.877441;0.9232453, -0.4038142, 3.019837;1.058349, -0.3594683, 2.712475;0.9409947, -0.7215893, 3.04401;1.096203, -0.7050576, 2.634465;0.8797519, -0.7956112, 3.035509;1.047124, -0.7795755, 2.588482;
0.6880868, 0.4801915, 2.794429;0.8393649, 0.385592, 2.866406;0.9934411, 0.1141276, 2.918292;0.7773639, 0.3181525, 2.998698;0.9610907, 0.3559241, 2.754275;0.7834915, -0.217585, 2.941397;0.912298, -0.2185635, 2.618117;1.024271, 0.05413151, 2.930539;1.009476, -0.01319723, 2.991235;1.095663, 0.01415941, 2.889162;0.9223064, -0.4063706, 3.019788;1.058463, -0.3598423, 2.712286;0.9409971, -0.7211285, 3.043981;1.095973, -0.7057139, 2.634036;0.880546, -0.7936601, 3.034252;1.047205, -0.7794389, 2.588397;
0.6814123, 0.4639457, 2.780189;0.8261391, 0.3607722, 2.852612;0.989231, 0.07993104, 2.909581;0.7682875, 0.2630202, 2.984769;0.9529824, 0.3237444, 2.747664;0.7813741, -0.2286943, 2.942451;0.9050746, -0.2276815, 2.611277;1.022272, 0.02659575, 2.925047;1.012195, -0.03818553, 2.971154;1.089524, -0.00434344, 2.894156;0.9198979, -0.4243675, 3.03002;1.059009, -0.368973, 2.709275;0.9392129, -0.7314285, 3.043241;1.095522, -0.7059036, 2.633171;0.8844237, -0.7957942, 3.033397;1.045576, -0.7797936, 2.587502;
0.6690037, 0.4142997, 2.757722;0.8193028, 0.3348245, 2.835337;0.9937375, 0.07531808, 2.908166;0.7579724, 0.2356009, 2.97812;0.9452375, 0.297661, 2.736916;0.773933, -0.264409, 2.94496;0.9060559, -0.2396044, 2.613852;1.028736, 0.02196991, 2.924697;1.020807, -0.04246547, 2.971717;1.09706, -0.007156432, 2.895923;0.9161701, -0.4245096, 3.030694;1.058087, -0.3701567, 2.711479;0.938728, -0.7312688, 3.043523;1.095047, -0.7069662, 2.632933;0.8848395, -0.7960287, 3.033766;1.046611, -0.7797329, 2.587001;
0.6566382, 0.3691433, 2.746815;0.8206707, 0.2876798, 2.813625;1.015572, 0.06446452, 2.919553;0.7573287, 0.1701485, 2.972704;0.940823, 0.2744612, 2.728693;0.7608001, -0.3570599, 2.928682;0.9046864, -0.2814478, 2.61581;1.059514, 0.01599492, 2.946075;1.05749, -0.04573886, 3.001149;1.136245, 0.001296562, 2.929782;0.9043956, -0.4158868, 3.025327;1.055708, -0.3795689, 2.710612;0.9385187, -0.7302315, 3.043397;1.094644, -0.7069241, 2.632447;0.8847169, -0.7961026, 3.033549;1.046465, -0.7797226, 2.586873;
0.6495175, 0.3424612, 2.734441;0.8148648, 0.2726972, 2.808122;1.024865, 0.05548868, 2.916881;0.7529377, 0.1604925, 2.960787;0.9342248, 0.2419249, 2.726408;0.7567047, -0.3330127, 2.936247;0.9058218, -0.2986142, 2.615813;1.068168, 0.01045282, 2.943183;1.0685, -0.04900212, 2.992464;1.138274, -1.524959E-05, 2.92861;0.9091914, -0.4149655, 3.028232;1.055881, -0.4019823, 2.706368;0.937162, -0.738215, 3.04421;1.094441, -0.7086521, 2.63171;0.8866782, -0.8036225, 3.027518;1.046237, -0.7800911, 2.586622;
0.6475619, 0.2904288, 2.723946;0.7989946, 0.2278001, 2.786378;1.013984, -0.003724676, 2.903742;0.7459, 0.1343716, 2.938362;0.9355226, 0.2102437, 2.723367;0.7511771, -0.3987907, 2.931381;0.8857627, -0.3782811, 2.602074;1.056982, -0.05002963, 2.930668;1.054115, -0.1079005, 2.982029;1.128825, -0.06643998, 2.914108;0.885375, -0.4655871, 3.037376;1.055144, -0.4185222, 2.700613;0.9374697, -0.73667, 3.044056;1.096313, -0.7246668, 2.629284;0.8864421, -0.8015987, 3.028049;1.045569, -0.7801932, 2.587002;
0.6386906, 0.2577288, 2.711683;0.7972693, 0.2021393, 2.779751;1.018995, -0.01784006, 2.905142;0.7433756, 0.08415786, 2.924229;0.9324034, 0.1839964, 2.721206;0.7431741, -0.3971803, 2.934716;0.8762661, -0.4125498, 2.606544;1.063137, -0.06285504, 2.933293;1.059726, -0.1231132, 2.977068;1.1327, -0.0710714, 2.922024;0.8769913, -0.4726221, 3.03564;1.049754, -0.4332219, 2.694729;0.9376613, -0.7348833, 3.043736;1.097777, -0.7382692, 2.628266;0.8865644, -0.7995279, 3.027604;1.04184, -0.7829613, 2.584405;
0.6389476, 0.2143662, 2.704212;0.7938616, 0.1531853, 2.765989;1.012836, -0.04977534, 2.903501;0.7411067, 0.0518324, 2.914894;0.937237, 0.1468981, 2.718492;0.7295843, -0.4581328, 2.928512;0.8761309, -0.4155416, 2.599437;1.056912, -0.09044826, 2.933795;1.051334, -0.1572775, 2.986797;1.132925, -0.09671658, 2.922485;0.8974765, -0.5021938, 3.040025;1.050689, -0.4467869, 2.691816;0.9383847, -0.7325373, 3.044939;1.098735, -0.7507356, 2.625888;0.8877383, -0.7971953, 3.028124;1.036446, -0.7843791, 2.58098;
0.6224389, 0.1313205, 2.690331;0.7773358, 0.07301912, 2.752661;0.98838, -0.1036641, 2.899633;0.7360223, -0.02607402, 2.91849;0.9988464, 0.09617546, 2.753101;0.7280037, -0.5104525, 2.9264;0.8755478, -0.409203, 2.592833;1.030589, -0.1390008, 2.932461;1.020328, -0.2230287, 2.982928;1.132242, -0.1241837, 2.937696;0.8950537, -0.5073434, 3.041441;1.03962, -0.4788661, 2.678606;0.9356989, -0.7338051, 3.043317;1.106376, -0.7793894, 2.625214;0.8842797, -0.7984831, 3.029503;1.0351, -0.7811314, 2.581305;
0.6191328, 0.1150735, 2.688362;0.7740296, 0.05677211, 2.750763;0.984662, -0.106852, 2.905072;0.7293097, -0.05857051, 2.936704;0.875111, 0.07792129, 2.69567;0.7193719, -0.5852829, 2.915368;0.8567059, -0.508641, 2.586988;1.026157, -0.1408283, 2.93995;1.017761, -0.222208, 2.982889;1.098078, -0.1166835, 2.964321;0.8949293, -0.5426199, 3.044721;1.048218, -0.4918761, 2.678141;0.9339291, -0.7348083, 3.042955;1.106148, -0.7928063, 2.623174;0.8784094, -0.8010401, 3.030405;1.034901, -0.7795215, 2.581409;
0.6059815, 0.07624647, 2.66991;0.7650054, 0.01919394, 2.736554;0.967812, -0.196013, 2.856299;0.7265232, -0.08334129, 2.921921;0.8752586, 0.06046768, 2.69142;0.7202101, -0.5746969, 2.918025;0.8456275, -0.5437245, 2.584537;1.008558, -0.2382847, 2.883959;1.001911, -0.2958138, 2.906071;1.075806, -0.2436256, 2.895273;0.8942276, -0.6326495, 3.052886;1.048581, -0.4977446, 2.676786;0.9331412, -0.7382869, 3.041697;1.090331, -0.7121979, 2.630983;0.872704, -0.8033468, 3.026671;1.042614, -0.7809516, 2.58586;
0.6035294, 0.066214, 2.666305;0.7619839, 0.007771427, 2.73108;0.9681908, -0.2156847, 2.863517;0.7657969, -0.02538736, 2.834069;0.8633093, 0.0457761, 2.693801;0.7181123, -0.5670889, 2.918544;0.8403933, -0.5697895, 2.585337;1.009791, -0.2619652, 2.894985;1.002123, -0.2970143, 2.909393;1.054856, -0.2716284, 2.899839;0.8980236, -0.6334096, 3.054854;1.047862, -0.5062114, 2.678538;0.9331681, -0.7382796, 3.041455;1.090012, -0.7123331, 2.631224;0.8722582, -0.8029828, 3.026606;1.042487, -0.7809499, 2.585807;
0.5903236, 0.04389904, 2.65609;0.7486486, -0.01427474, 2.719971;0.9653826, -0.211179, 2.872459;0.7942396, 0.05400561, 2.748691;0.8768561, -0.00612935, 2.676181;0.7178636, -0.5759538, 2.917757;0.8481765, -0.5830407, 2.595163;1.007147, -0.2496579, 2.910891;1.006384, -0.2663769, 2.925182;1.041923, -0.2575437, 2.933068;0.9023931, -0.6372025, 3.056596;1.057184, -0.514204, 2.676691;0.9317986, -0.7395979, 3.039204;1.089612, -0.712391, 2.631348;0.8719435, -0.8027424, 3.026419;1.04215, -0.7811757, 2.585356;
0.5928209, 0.0311602, 2.657369;0.7511362, -0.02679769, 2.721169;0.9566481, -0.2276572, 2.865241;0.7971981, 0.04299503, 2.742159;0.8707023, -0.005291728, 2.67752;0.7158096, -0.5910162, 2.91732;0.8502682, -0.585261, 2.593693;0.9954324, -0.2696276, 2.897196;0.9974432, -0.2943373, 2.893662;1.022001, -0.2871277, 2.917517;0.8851111, -0.5680919, 3.038137;1.051945, -0.5885987, 2.671328;0.9318098, -0.7395059, 3.039073;1.093343, -0.7230706, 2.634119;0.8715813, -0.802459, 3.025772;1.041715, -0.7821283, 2.585339;
0.591001, 0.0181619, 2.654387;0.7493317, -0.03981764, 2.718201;0.9546922, -0.2301285, 2.862565;0.7994989, 0.03845434, 2.742464;0.8706591, -0.005476066, 2.677483;0.7187521, -0.6178513, 2.917891;0.850841, -0.5870768, 2.593066;0.9942498, -0.2704429, 2.894936;0.9985989, -0.2954749, 2.890892;1.022269, -0.2874143, 2.917973;0.8848636, -0.5678402, 3.03761;1.039166, -0.5698969, 2.671666;0.9319645, -0.7407575, 3.038839;1.091598, -0.7233227, 2.633055;0.8707558, -0.8030885, 3.025461;1.041659, -0.7824473, 2.58477;
0.59362, -0.008732111, 2.654557;0.7519635, -0.06669681, 2.71842;0.9586574, -0.2402673, 2.862546;0.7963456, 0.01564238, 2.735825;0.8648771, -0.01080971, 2.678995;0.7206119, -0.6334136, 2.920268;0.8519762, -0.5994508, 2.599313;0.9986113, -0.2769906, 2.894829;1.002727, -0.2985696, 2.891229;1.026097, -0.2908527, 2.918554;0.8836861, -0.5685854, 3.036754;1.039827, -0.576165, 2.67221;0.9303442, -0.7307947, 3.039737;1.090261, -0.7234237, 2.632634;0.8716279, -0.8011545, 3.024645;1.041452, -0.7830546, 2.584337;
0.6071489, -0.03410507, 2.658274;0.7654982, -0.09207583, 2.722201;0.9582202, -0.2734622, 2.848096;0.796762, 0.007527309, 2.736353;0.8661991, -0.0124605, 2.680142;0.7257059, -0.5871505, 2.910717;0.8316277, -0.6312231, 2.605111;0.9961718, -0.3104315, 2.876033;0.9996608, -0.3280145, 2.873563;1.027423, -0.3247836, 2.900419;0.8818486, -0.5750411, 3.033239;1.081997, -0.7070872, 2.664753;0.9085917, -0.7803049, 3.026433;1.090047, -0.7242564, 2.63294;0.8321267, -0.8114976, 3.018417;1.04184, -0.7836355, 2.583957;
0.6115487, -0.04441567, 2.65618;0.7658837, -0.0995243, 2.72151;0.9566712, -0.273876, 2.849858;0.7992733, 0.002403866, 2.739347;0.8646785, -0.02451226, 2.678702;0.7267302, -0.6020281, 2.907977;0.8555278, -0.5513859, 2.588322;0.9939675, -0.3097848, 2.878986;0.9987772, -0.3281, 2.875365;1.024006, -0.3233446, 2.906774;0.8481495, -0.5896674, 3.025942;1.036356, -0.5908839, 2.66984;0.9092033, -0.7801903, 3.025961;1.089756, -0.7246666, 2.632921;0.8313949, -0.8053916, 3.01347;1.041574, -0.7844335, 2.583632;
0.6080139, -0.04565006, 2.652364;0.760211, -0.1011397, 2.717635;0.9519209, -0.2762361, 2.851203;0.8003047, -0.003251281, 2.74252;0.86598, -0.0271553, 2.67928;0.7228497, -0.6703198, 2.923105;0.853451, -0.5550622, 2.586431;0.9895756, -0.3119777, 2.881248;0.995356, -0.3361265, 2.876443;1.021052, -0.3256193, 2.915346;0.8403529, -0.6250107, 3.025759;1.004745, -0.5878818, 2.658311;0.9085445, -0.7818179, 3.026286;1.089225, -0.7253523, 2.632815;0.8275374, -0.7927049, 3.015109;1.0416, -0.7845886, 2.583199;
0.6062902, -0.05173439, 2.647924;0.7576774, -0.1072628, 2.713775;0.9509377, -0.2768153, 2.84942;0.8094862, -0.03889588, 2.733293;0.8742175, -0.03542221, 2.679211;0.7308658, -0.6367743, 2.895736;0.8562986, -0.5610003, 2.58812;0.988885, -0.3119068, 2.879704;0.9989915, -0.3405696, 2.868815;1.022238, -0.3257007, 2.917575;0.8785806, -0.5894867, 3.014759;0.9328568, -0.5595853, 2.638292;0.9243853, -0.7014313, 3.032199;1.088957, -0.7264749, 2.632298;0.8892186, -0.7757345, 3.026177;1.04193, -0.7856237, 2.583021;
0.605474, -0.05541108, 2.644714;0.7564787, -0.1109261, 2.710911;0.9498495, -0.2802913, 2.84546;0.8087035, -0.04642575, 2.734013;0.8757746, -0.03715954, 2.679177;0.7287017, -0.6414949, 2.898085;0.8566039, -0.5611827, 2.588434;0.9881007, -0.3147761, 2.875807;1.001616, -0.3489417, 2.861129;1.023914, -0.3286215, 2.918246;0.8784413, -0.5897758, 3.014931;0.9333397, -0.5596059, 2.638445;0.8912899, -0.7864672, 3.019146;1.087537, -0.7269411, 2.631557;0.8003696, -0.7426436, 2.97206;1.041385, -0.7857207, 2.582328;
0.6020674, -0.05752468, 2.64228;0.7526906, -0.1131318, 2.708619;0.9428366, -0.2811219, 2.843136;0.8086305, -0.04611072, 2.733951;0.919304, -0.04148107, 2.683624;0.7270864, -0.6384041, 2.90553;0.8564843, -0.5617917, 2.588832;0.9805487, -0.3150023, 2.873476;0.9938263, -0.3556872, 2.859495;1.024647, -0.3292999, 2.922102;0.8675673, -0.6380336, 3.022543;0.9347634, -0.5623781, 2.638836;0.8824063, -0.828888, 3.023641;1.087339, -0.726926, 2.631501;0.8627625, -0.909784, 2.974609;1.040524, -0.7865627, 2.58229;
0.6028676, -0.06160408, 2.641082;0.7533341, -0.1171569, 2.707602;0.9309571, -0.2920503, 2.837398;0.8095067, -0.05024608, 2.732857;0.9237202, -0.04456589, 2.68417;0.7208766, -0.6861141, 2.927304;0.8603654, -0.5708069, 2.590074;0.9643207, -0.327823, 2.866081;0.9682357, -0.3775976, 2.851959;1.01878, -0.3417972, 2.921052;0.8521191, -0.636752, 3.020308;0.9356452, -0.5647198, 2.639313;0.8947182, -0.7880647, 3.023447;1.087277, -0.7270819, 2.631447;0.8220493, -0.7975248, 2.986609;1.040114, -0.7876138, 2.583915;
0.6011686, -0.06553472, 2.639717;0.7515182, -0.1211311, 2.706381;0.9334862, -0.2901106, 2.836166;0.8095411, -0.05021261, 2.732557;0.8880452, -0.04359083, 2.680851;0.7191841, -0.68671, 2.927556;0.8886876, -0.6047645, 2.566043;0.9702992, -0.3228977, 2.864459;1.001108, -0.3590651, 2.845658;1.020635, -0.3395865, 2.92202;0.8742746, -0.6010137, 3.0218;0.9344895, -0.5665433, 2.637184;0.8948248, -0.7880256, 3.023448;1.086549, -0.7278005, 2.630805;0.8330691, -0.7395542, 3.000048;1.039316, -0.788016, 2.584258;
0.6007937, -0.06523237, 2.639402;0.7511101, -0.1208219, 2.706156;0.9353039, -0.2891031, 2.835058;0.8094728, -0.05036801, 2.731991;0.8863229, -0.04364575, 2.679713;0.726651, -0.6373996, 2.907944;0.876147, -0.5836756, 2.552735;0.9728481, -0.3219251, 2.863293;1.001132, -0.3588982, 2.845382;1.021128, -0.3389301, 2.920715;0.8749963, -0.6002904, 3.020765;0.9345664, -0.5666291, 2.63676;0.8757635, -0.796378, 3.016177;1.086646, -0.7281052, 2.630661;0.8507672, -0.877647, 2.971377;1.039493, -0.788136, 2.584434;
0.5987039, -0.06468431, 2.638225;0.7489583, -0.1202721, 2.705088;0.9348683, -0.2898092, 2.835114;0.8095146, -0.05193979, 2.731059;0.8819065, -0.04353275, 2.679235;0.7266047, -0.6363679, 2.909412;0.8807975, -0.5842354, 2.560241;0.972352, -0.323337, 2.863785;0.9957863, -0.362631, 2.847944;1.018712, -0.3400391, 2.920186;0.8455445, -0.622794, 3.020135;0.9349808, -0.5670015, 2.636695;0.8884761, -0.7917953, 3.02;1.086107, -0.7286751, 2.630283;0.8635672, -0.8729426, 2.975175;1.038793, -0.7883694, 2.583946;
0.604843, -0.06465761, 2.642005;0.7550367, -0.1202516, 2.709005;0.9418478, -0.2879643, 2.836637;0.8095216, -0.052249, 2.730232;0.8819913, -0.04364679, 2.677911;0.7283919, -0.6346643, 2.906245;0.8797094, -0.584554, 2.570936;0.9794462, -0.321256, 2.865085;0.9981152, -0.3580291, 2.850549;1.022203, -0.3368306, 2.916442;0.8712494, -0.5985368, 3.01728;0.9344901, -0.5657012, 2.635737;0.8899171, -0.7909088, 3.020362;1.085445, -0.7287779, 2.629824;0.8342115, -0.7473248, 3.060848;1.039551, -0.7870603, 2.581673;
0.6046818, -0.06440325, 2.641793;0.7548683, -0.1199958, 2.708879;0.9422354, -0.2881767, 2.836334;0.8084943, -0.04577053, 2.726971;0.8840961, -0.04420145, 2.677029;0.7286158, -0.6260995, 2.906259;0.8831822, -0.5848669, 2.565049;0.9800771, -0.3217025, 2.864736;0.9978719, -0.3578792, 2.850645;1.023208, -0.337756, 2.913721;0.8717538, -0.6076922, 3.017162;0.933422, -0.5646038, 2.634865;0.9092693, -0.7821642, 3.02317;1.085413, -0.7291469, 2.629907;0.8377352, -0.7460334, 3.036808;1.040258, -0.7865319, 2.580407;
0.6046224, -0.06427465, 2.641747;0.7548025, -0.1198647, 2.708926;0.9439301, -0.2876001, 2.836514;0.8080525, -0.04563687, 2.726087;0.8833271, -0.04372157, 2.675595;0.7189627, -0.6837925, 2.925425;0.8839304, -0.5851501, 2.571733;0.9824066, -0.3210061, 2.865011;0.9986609, -0.3543091, 2.852346;1.024326, -0.3363864, 2.911425;0.8712568, -0.6009814, 3.017354;0.8984094, -0.5254673, 2.578658;0.9271584, -0.7076238, 3.03497;1.072899, -0.7628275, 2.586082;0.888028, -0.7783097, 3.026792;1.008011, -0.810334, 2.574805;
0.6018888, -0.05797267, 2.642254;0.7520425, -0.1135606, 2.70954;0.9449795, -0.28671, 2.836598;0.8024631, -0.02479934, 2.733456;0.8813232, -0.04289825, 2.671675;0.726776, -0.6148555, 2.908871;0.8845226, -0.585116, 2.572136;0.9839115, -0.3204908, 2.865139;0.9969921, -0.3459403, 2.857612;1.023881, -0.3349317, 2.902078;0.8718256, -0.5981152, 3.016936;0.8829817, -0.4587854, 2.54519;0.9164243, -0.7868878, 3.020341;1.08528, -0.7287167, 2.629951;0.8420578, -0.7600378, 3.037944;1.040635, -0.7868932, 2.580677;
0.6015887, -0.05460864, 2.640649;0.751066, -0.1130775, 2.709575;0.9467884, -0.286222, 2.836735;0.8020647, -0.02165676, 2.733653;0.8598289, -0.06382806, 2.673289;0.7318565, -0.5976685, 2.908619;0.8814982, -0.5997569, 2.567739;0.9869018, -0.3201187, 2.865403;1.001192, -0.3406083, 2.859711;1.023772, -0.3357602, 2.89994;0.8748145, -0.5959927, 3.017434;0.8820924, -0.4598881, 2.544182;0.9156029, -0.7863739, 3.020629;1.085161, -0.7288114, 2.629871;0.8411656, -0.7629668, 3.041475;1.040609, -0.786864, 2.580631;
0.6157601, -0.05093949, 2.642895;0.7608873, -0.1128784, 2.713717;0.9426939, -0.2880591, 2.836096;0.8021421, -0.01628822, 2.734027;0.8759347, -0.02620847, 2.674636;0.7319098, -0.5961168, 2.909977;0.8761071, -0.6251443, 2.536893;0.976831, -0.3239275, 2.863509;0.9751641, -0.3496304, 2.858411;1.009924, -0.3394746, 2.893297;0.8331552, -0.6338363, 3.021052;0.8815115, -0.4645893, 2.533374;0.9225274, -0.725186, 3.030798;1.085274, -0.7290204, 2.630019;0.8799649, -0.7935874, 3.027602;1.040832, -0.7870125, 2.580421;
0.6149612, -0.03156215, 2.638015;0.7599217, -0.09714021, 2.711054;0.9485919, -0.2783824, 2.834591;0.8002372, -0.01220457, 2.732401;0.8751547, -0.02573156, 2.674091;0.7294562, -0.6124218, 2.91388;0.8774186, -0.6252919, 2.538836;0.9859592, -0.3136503, 2.862222;0.9927534, -0.3301608, 2.856964;1.018321, -0.3300629, 2.890556;0.8748904, -0.5805418, 3.017278;0.8810447, -0.4665138, 2.539122;0.9224845, -0.7251641, 3.030623;1.085221, -0.7290437, 2.629927;0.8805867, -0.793824, 3.027789;1.040853, -0.7870235, 2.580324;
0.611962, -0.02513468, 2.637505;0.7566811, -0.09011187, 2.710917;0.9500314, -0.2758586, 2.834278;0.7998552, -0.008917515, 2.730756;0.8705426, -0.02101225, 2.675853;0.7238892, -0.6044473, 2.918295;0.8810972, -0.6284535, 2.548396;0.9881943, -0.3117012, 2.861954;0.9945341, -0.3288573, 2.856457;1.019862, -0.3278469, 2.889898;0.8756123, -0.58064, 3.01726;0.9385135, -0.5238681, 2.636317;0.9232744, -0.7252793, 3.030633;1.086401, -0.72869, 2.63104;0.8807677, -0.7933633, 3.027187;1.041822, -0.7869129, 2.580586;
0.605459, 0.02134887, 2.643656;0.7501069, -0.04316714, 2.71763;0.9503744, -0.2733912, 2.83231;0.801923, 0.01388224, 2.73076;0.8792997, -0.01742135, 2.675602;0.7297969, -0.5547168, 2.907788;0.835509, -0.5890701, 2.594245;0.988945, -0.311494, 2.859681;0.9925467, -0.3256241, 2.860399;1.022349, -0.332505, 2.856103;0.8695619, -0.4988835, 3.000826;0.8602444, -0.5038611, 2.534631;0.9257484, -0.7251074, 3.031633;1.086417, -0.7257286, 2.631185;0.8816786, -0.7919147, 3.026494;1.042219, -0.7865317, 2.580293;
0.6077229, 0.03142247, 2.642229;0.7523633, -0.03331372, 2.716266;0.9490091, -0.2648101, 2.82918;0.8036617, 0.01930895, 2.730535;0.8769935, -0.01497128, 2.672207;0.7291577, -0.5366009, 2.911605;0.8513942, -0.4950193, 2.603569;0.9879335, -0.307947, 2.85682;0.9900099, -0.3185453, 2.85742;1.017466, -0.328162, 2.857707;0.8698061, -0.4977385, 3.000958;0.8876376, -0.5267563, 2.538584;0.9272797, -0.7252968, 3.03124;1.086553, -0.7257856, 2.631172;0.8827407, -0.7916747, 3.026865;1.042174, -0.7864674, 2.580196;
0.6155493, 0.07273496, 2.662472;0.7756795, 0.008616348, 2.731843;0.9497161, -0.2477845, 2.827628;0.8012309, 0.07587377, 2.737813;0.876589, 0.001317133, 2.677556;0.7352723, -0.5108621, 2.911398;0.866289, -0.567656, 2.582891;0.9865379, -0.2963246, 2.85279;0.9870701, -0.3033418, 2.859844;1.014587, -0.3218749, 2.853802;0.873937, -0.4984568, 3.006716;0.9368438, -0.475244, 2.494858;0.9272972, -0.7242009, 3.032578;1.087302, -0.7220682, 2.632484;0.884552, -0.7913272, 3.025206;1.042654, -0.7854338, 2.580038;
0.6178909, 0.1118477, 2.666508;0.7777337, 0.05364257, 2.734582;0.9587694, -0.171808, 2.849039;0.782738, 0.129946, 2.762215;0.9254074, 0.05151127, 2.701661;0.7306697, -0.4437083, 2.914134;0.8679717, -0.5533743, 2.583871;0.9949551, -0.2173683, 2.875165;0.9910559, -0.240878, 2.886398;1.043094, -0.2495601, 2.889828;0.8709451, -0.5000767, 3.009421;0.9726969, -0.5073403, 2.598798;0.9263954, -0.7193209, 3.032789;1.081239, -0.7785423, 2.582941;0.8818461, -0.7851696, 3.026505;1.002569, -0.7902758, 2.577149;
0.6417367, 0.1639128, 2.686529;0.7941658, 0.1078805, 2.75178;0.9589156, -0.1653745, 2.849485;0.7578163, 0.08810487, 2.842608;0.9304322, 0.08968642, 2.709636;0.7294619, -0.4947617, 2.926599;0.8982149, -0.5132977, 2.591153;0.9943119, -0.2147951, 2.8747;0.9879723, -0.2403747, 2.887869;1.043999, -0.2455613, 2.885247;0.8741269, -0.5035658, 3.014849;0.9351212, -0.4660327, 2.576086;0.9265071, -0.7232403, 3.033704;1.088745, -0.7178352, 2.631668;0.8886324, -0.7925546, 3.023946;1.043805, -0.7830716, 2.580956;
0.6398, 0.1925477, 2.690666;0.7909503, 0.1254072, 2.754057;0.9644427, -0.1324513, 2.85705;0.7309633, 0.039277, 2.89595;0.9288213, 0.09465022, 2.709735;0.7316761, -0.4665512, 2.929166;0.8810192, -0.4611329, 2.582044;0.9993694, -0.1868736, 2.880626;0.9883102, -0.2374246, 2.889798;1.062872, -0.203059, 2.896571;0.8843304, -0.501224, 3.020109;1.013276, -0.4970403, 2.641393;0.927969, -0.7214245, 3.034603;1.092633, -0.7769057, 2.607137;0.8899231, -0.7903795, 3.024237;1.022254, -0.7856001, 2.571348;
0.6380126, 0.2370206, 2.699092;0.7974489, 0.1604007, 2.765157;0.9687806, -0.1260128, 2.855823;0.7379968, 0.0402986, 2.905579;0.9284218, 0.1227664, 2.716666;0.7410147, -0.43913, 2.936704;0.8912182, -0.4353539, 2.583736;1.003739, -0.1814149, 2.878325;0.9910307, -0.2342543, 2.886327;1.065724, -0.2002796, 2.894992;0.8888867, -0.4983249, 3.021737;1.019701, -0.4955829, 2.642169;0.9308541, -0.7223135, 3.036247;1.089155, -0.7769342, 2.600799;0.8912191, -0.7898789, 3.023805;1.015555, -0.7869531, 2.572987;
0.6406562, 0.2468255, 2.699582;0.8027884, 0.1780069, 2.766637;0.9762653, -0.1063657, 2.856278;0.7416133, 0.07348259, 2.908268;0.9290806, 0.1450926, 2.717267;0.7364175, -0.4084532, 2.92906;0.8992552, -0.3843985, 2.593457;1.010776, -0.163711, 2.877852;0.997149, -0.2184452, 2.888915;1.071847, -0.1879152, 2.890532;0.8945746, -0.4937102, 3.023849;1.022213, -0.4826282, 2.639152;0.933566, -0.7170963, 3.037909;1.088796, -0.7169024, 2.63048;0.8945117, -0.7847612, 3.024786;1.041481, -0.7831803, 2.582823;
0.6428216, 0.2801272, 2.70454;0.8041698, 0.2007107, 2.769254;0.9727783, -0.08497667, 2.855122;0.74805, 0.09177776, 2.927588;0.9293938, 0.1671347, 2.719203;0.7368886, -0.3817297, 2.930342;0.9071633, -0.3637106, 2.594439;1.006367, -0.1417678, 2.875657;0.9946353, -0.1967636, 2.891152;1.065956, -0.1685268, 2.882706;0.8644724, -0.5071083, 3.056513;1.031105, -0.4763087, 2.647518;0.9348218, -0.7158875, 3.03802;1.088726, -0.7151213, 2.630253;0.8957682, -0.7835514, 3.025383;1.041455, -0.7830646, 2.582922;
0.651814, 0.3092595, 2.720154;0.8078024, 0.2248959, 2.777153;0.9700885, -0.06384632, 2.857701;0.7458085, 0.1439395, 2.913404;0.9330363, 0.1898166, 2.723407;0.7426455, -0.358444, 2.931074;0.9106976, -0.3455597, 2.603857;1.002623, -0.1213874, 2.877211;0.9912231, -0.1739662, 2.894436;1.062409, -0.1550155, 2.881942;0.8781638, -0.495496, 3.048677;1.037612, -0.4669762, 2.653471;0.9355783, -0.7135441, 3.038416;1.089217, -0.7140671, 2.629965;0.8992219, -0.7828525, 3.02729;1.041451, -0.7825623, 2.582606;
0.6662468, 0.3809666, 2.72989;0.8124748, 0.2828468, 2.789407;0.9691634, -0.02984941, 2.859226;0.7532985, 0.1614232, 2.941646;0.9276113, 0.2454475, 2.730231;0.7512538, -0.3150944, 2.936583;0.916714, -0.2960399, 2.615098;1.000845, -0.09298798, 2.876925;0.9931211, -0.1577775, 2.897938;1.056668, -0.1253713, 2.874539;0.8887119, -0.4831666, 3.049885;1.051393, -0.4492969, 2.663417;0.9404042, -0.7066408, 3.039415;1.089809, -0.7127136, 2.630013;0.9025151, -0.7760862, 3.028183;1.041659, -0.7822019, 2.582847;
0.668368, 0.393527, 2.733778;0.8118327, 0.291858, 2.794082;0.9662173, -0.01572753, 2.86125;0.7523795, 0.1909388, 2.94738;0.9299284, 0.2518599, 2.731431;0.7563367, -0.2979253, 2.933728;0.9196519, -0.2932095, 2.61886;0.9970332, -0.07684068, 2.878046;0.9893091, -0.1385425, 2.898242;1.052824, -0.1114273, 2.87564;0.8991039, -0.4699148, 3.046236;1.054966, -0.4391542, 2.671138;0.939496, -0.7069406, 3.039153;1.091349, -0.7133769, 2.630643;0.9028034, -0.7759827, 3.028158;1.04389, -0.7823277, 2.583428;
0.6734058, 0.418106, 2.740241;0.8161933, 0.313913, 2.802205;0.9610428, 0.01502115, 2.863391;0.7519423, 0.2192883, 2.945071;0.9452598, 0.2717007, 2.737239;0.7591187, -0.2762644, 2.936037;0.9247602, -0.2513199, 2.632349;0.9896249, -0.04420644, 2.878694;0.9837797, -0.1132487, 2.900535;1.046772, -0.0866189, 2.874367;0.9111562, -0.4529774, 3.039321;1.058144, -0.4208957, 2.682287;0.9394841, -0.7070436, 3.03954;1.09197, -0.7110013, 2.630622;0.9027871, -0.775988, 3.028263;1.043895, -0.7820132, 2.584014;
0.6758476, 0.4272448, 2.744218;0.8185287, 0.3239825, 2.804884;0.9740326, 0.04159689, 2.877841;0.7548794, 0.2263034, 2.951917;0.9488229, 0.2814761, 2.738196;0.7626419, -0.2627175, 2.937471;0.9312928, -0.2366764, 2.629608;1.006017, -0.01387431, 2.896684;0.997482, -0.06863292, 2.933836;1.070112, -0.05009693, 2.88555;0.9183055, -0.4235198, 3.024711;1.05973, -0.3863254, 2.699282;0.9402313, -0.7091196, 3.039858;1.091922, -0.7069799, 2.630588;0.9021047, -0.7771552, 3.028106;1.044063, -0.7815686, 2.585206;
0.6795917, 0.4501128, 2.756701;0.8232132, 0.3445784, 2.812982;0.9763229, 0.05253971, 2.879845;0.7639624, 0.2498052, 2.948696;0.9543357, 0.3126577, 2.742221;0.7691783, -0.2389097, 2.938182;0.9320102, -0.2360356, 2.630245;1.007468, -0.005386381, 2.897366;0.9981636, -0.06332039, 2.933466;1.070401, -0.04331771, 2.884595;0.9222112, -0.4180329, 3.023978;1.064932, -0.3800317, 2.701092;0.9402065, -0.7092562, 3.039794;1.092191, -0.7060565, 2.630851;0.9027039, -0.7776738, 3.028542;1.045396, -0.7804735, 2.584752;
0.6845679, 0.461334, 2.762109;0.8286676, 0.3573058, 2.816549;0.9828955, 0.06843577, 2.881067;0.7695835, 0.2614371, 2.954167;0.9557881, 0.3162902, 2.743165;0.7727047, -0.2309691, 2.93767;0.9436796, -0.2139174, 2.63881;1.013842, 0.01059054, 2.897522;1.002979, -0.04991667, 2.935895;1.077515, -0.0263617, 2.879007;0.9315105, -0.4054577, 3.024214;1.069894, -0.3713449, 2.704578;0.9400942, -0.7113907, 3.041234;1.093396, -0.7057229, 2.631492;0.90294, -0.779786, 3.029068;1.045251, -0.780302, 2.584873;
0.6950997, 0.4778612, 2.773109;0.8360835, 0.375189, 2.817603;0.9857968, 0.07847297, 2.881531;0.7781501, 0.2954175, 2.949677;0.9600717, 0.3258057, 2.744613;0.7758141, -0.2257097, 2.939965;0.9432293, -0.2160641, 2.638481;1.016027, 0.0193922, 2.897769;1.0049, -0.04043398, 2.938289;1.078842, -0.02008636, 2.877094;0.9382755, -0.3971983, 3.023104;1.073436, -0.3683329, 2.706364;0.9400518, -0.7114049, 3.041745;1.093879, -0.7049471, 2.63231;0.9029462, -0.7797152, 3.029265;1.045715, -0.779926, 2.585519;
0.7014034, 0.4888157, 2.778028;0.8439453, 0.3897477, 2.818181;0.9864753, 0.08905627, 2.881978;0.7810302, 0.3035197, 2.954416;0.9653077, 0.3354368, 2.746443;0.7801616, -0.2024275, 2.935867;0.94285, -0.2095, 2.639833;1.015468, 0.02930702, 2.898108;1.003688, -0.03102884, 2.940784;1.077807, -0.0140476, 2.875543;0.9435341, -0.389351, 3.021518;1.075486, -0.368588, 2.707146;0.9421145, -0.7055458, 3.041743;1.094396, -0.7046921, 2.633012;0.9054683, -0.7756435, 3.030113;1.04599, -0.7797364, 2.585798;
0.70482, 0.5041159, 2.781953;0.8490516, 0.4099321, 2.826447;0.9921529, 0.1064218, 2.879909;0.7839907, 0.3066742, 2.954507;0.9674242, 0.3487514, 2.745658;0.7869831, -0.1950916, 2.935156;0.9463778, -0.2074783, 2.641528;1.021034, 0.04617069, 2.894075;1.009652, -0.01915362, 2.93935;1.083259, 0.004934569, 2.864456;0.9525796, -0.3850573, 3.023883;1.079679, -0.370452, 2.708439;0.940353, -0.7093382, 3.040982;1.095493, -0.7041063, 2.634111;0.9040813, -0.7782393, 3.029681;1.045939, -0.7793809, 2.585929;
0.7152601, 0.5315776, 2.783099;0.8535556, 0.4202589, 2.827015;0.9895722, 0.1187125, 2.881591;0.7913159, 0.3284948, 2.963411;0.9755167, 0.36211, 2.748158;0.7911599, -0.1844513, 2.93462;0.9459879, -0.2059935, 2.641382;1.016695, 0.05896456, 2.895928;1.004139, -0.007432211, 2.942357;1.079047, 0.01475328, 2.865913;0.9551561, -0.3840303, 3.024991;1.086519, -0.3737307, 2.711015;0.940064, -0.7094432, 3.041659;1.097091, -0.7058712, 2.634997;0.9040644, -0.7783326, 3.029685;1.048029, -0.7789832, 2.585193;
0.7223924, 0.5495965, 2.786438;0.8569115, 0.4317839, 2.834194;0.9870331, 0.1283906, 2.884028;0.7939615, 0.3363091, 2.968578;0.9838779, 0.3760742, 2.752903;0.7954885, -0.1680425, 2.934645;0.9509012, -0.2035761, 2.644763;1.013153, 0.06823021, 2.897523;1.00002, -0.0001236987, 2.94431;1.076292, 0.02102252, 2.866196;0.9575957, -0.38115, 3.024086;1.089046, -0.3664938, 2.71297;0.9417194, -0.7077276, 3.041264;1.098962, -0.7038414, 2.636209;0.905854, -0.7768259, 3.030238;1.047988, -0.7788447, 2.585315;
0.7365984, 0.5681601, 2.789218;0.8618648, 0.4501436, 2.838749;0.9863067, 0.143082, 2.885773;0.7991303, 0.3458758, 2.973444;0.9842172, 0.3887575, 2.753396;0.8039571, -0.1646815, 2.932218;0.9608662, -0.1565069, 2.649413;1.011428, 0.08190158, 2.898633;0.9985156, 0.01103872, 2.946412;1.071985, 0.0371803, 2.865385;0.9597987, -0.3796993, 3.023897;1.091677, -0.3592107, 2.715157;0.942482, -0.7088366, 3.041482;1.099239, -0.7033292, 2.636137;0.9055497, -0.7772895, 3.030083;1.048153, -0.7785025, 2.585557;
0.7400426, 0.5772, 2.796751;0.872306, 0.4672823, 2.843609;0.987946, 0.1559771, 2.887767;0.8053433, 0.3561757, 2.98308;0.9843948, 0.394687, 2.752724;0.8079814, -0.1594281, 2.932423;0.9746996, -0.1003805, 2.653611;1.011603, 0.09409863, 2.900092;0.9983282, 0.02141813, 2.951435;1.071159, 0.04531953, 2.863282;0.962748, -0.3787208, 3.02315;1.094017, -0.3549237, 2.715371;0.9434952, -0.7090353, 3.041636;1.100231, -0.7024041, 2.637245;0.9057781, -0.7769846, 3.029882;1.048211, -0.7784314, 2.585652;
0.7537585, 0.5995344, 2.796812;0.8802017, 0.4798949, 2.847825;0.9872149, 0.1710691, 2.888237;0.8107914, 0.368944, 2.991514;0.9896403, 0.4090034, 2.754467;0.8153512, -0.1538843, 2.936368;0.9613367, -0.1385879, 2.657767;1.008777, 0.1100487, 2.899673;0.9953303, 0.03210345, 2.952997;1.067196, 0.05864327, 2.85954;0.9657238, -0.3755301, 3.020851;1.095918, -0.3536461, 2.715334;0.9441351, -0.7093592, 3.042699;1.100715, -0.7013674, 2.637223;0.9063044, -0.777048, 3.029916;1.047749, -0.7779986, 2.585962;
0.758959, 0.6049795, 2.809025;0.8904747, 0.4946063, 2.854862;0.9877994, 0.1804824, 2.88824;0.8149458, 0.3811024, 2.995534;0.994688, 0.4184156, 2.753577;0.8222286, -0.1442465, 2.936573;0.9753212, -0.1065722, 2.661771;1.008008, 0.1185628, 2.898691;0.9935976, 0.03862968, 2.952568;1.065261, 0.06680851, 2.856199;0.9668131, -0.3751703, 3.020733;1.09932, -0.3405395, 2.717389;0.9450452, -0.7112116, 3.042612;1.101895, -0.7003905, 2.638488;0.9062346, -0.778301, 3.029654;1.04848, -0.7762153, 2.58652;
0.7693628, 0.6215359, 2.807063;0.9018884, 0.5167839, 2.863714;0.9881387, 0.1950756, 2.887981;0.8221318, 0.3946323, 3.002573;0.9960095, 0.4292429, 2.755404;0.824235, -0.1391487, 2.935982;0.9767451, -0.1014938, 2.661587;1.006392, 0.1316939, 2.896863;0.9918504, 0.05063216, 2.952083;1.061028, 0.07494197, 2.850642;0.9682029, -0.3757334, 3.021202;1.100139, -0.3215376, 2.732224;0.9479365, -0.7075253, 3.043667;1.10396, -0.6955166, 2.639489;0.9081063, -0.7751529, 3.030176;1.050752, -0.7724414, 2.588847;
0.7809725, 0.6324939, 2.813929;0.9059811, 0.5230083, 2.864353;0.9868445, 0.2027959, 2.884731;0.8250077, 0.4001265, 3.005475;0.9984386, 0.4325583, 2.755576;0.8259733, -0.130282, 2.934512;0.9802031, -0.08872678, 2.662641;1.003326, 0.1398489, 2.892155;0.986384, 0.05817561, 2.948562;1.055664, 0.08441521, 2.839877;0.9703418, -0.3746205, 3.021052;1.0997, -0.3302092, 2.725553;0.9487745, -0.7072627, 3.044055;1.104052, -0.6953595, 2.639585;0.9081265, -0.7750466, 3.030275;1.050761, -0.7723408, 2.589017;
0.7903382, 0.6444356, 2.819273;0.9112833, 0.5311509, 2.869582;0.9813722, 0.211854, 2.886966;0.8299007, 0.4113484, 3.011433;1.002726, 0.4414025, 2.755766;0.8281472, -0.1240923, 2.92862;0.9788533, -0.08815375, 2.66912;0.9948614, 0.1493918, 2.893902;0.9717085, 0.06938207, 2.954047;1.047529, 0.089191, 2.838366;0.9723061, -0.3714197, 3.021447;1.095632, -0.3168024, 2.733871;0.9528655, -0.7051474, 3.045278;1.10482, -0.6930262, 2.639896;0.9082269, -0.7751094, 3.030416;1.051604, -0.7704184, 2.589715;
0.7961259, 0.6562411, 2.823087;0.9208846, 0.5431995, 2.876782;0.978851, 0.221655, 2.888514;0.8404988, 0.4523502, 3.031594;1.008078, 0.4481887, 2.756374;0.8352222, -0.09909274, 2.929926;0.9757693, -0.09929638, 2.66935;0.990595, 0.1586306, 2.894543;0.9665976, 0.07754081, 2.954947;1.041158, 0.09605602, 2.836728;0.9750523, -0.3632856, 3.019203;1.095647, -0.3155686, 2.734671;0.9531875, -0.7048517, 3.045063;1.105252, -0.6924996, 2.639694;0.9102317, -0.7727282, 3.030533;1.051891, -0.7701512, 2.589936;
0.8067407, 0.6671036, 2.824109;0.924659, 0.5461595, 2.877339;0.9781911, 0.2247031, 2.889016;0.8403771, 0.4525398, 3.031339;1.011888, 0.4534381, 2.756963;0.8358623, -0.06813051, 2.930822;0.977374, -0.09475477, 2.669541;0.9891255, 0.1615427, 2.894953;0.9633406, 0.08179725, 2.954699;1.038649, 0.0991596, 2.837603;0.9759465, -0.3598744, 3.018113;1.096246, -0.3154967, 2.731165;0.9538359, -0.7060872, 3.045501;1.105602, -0.6925302, 2.639946;0.9097906, -0.7730955, 3.030505;1.052733, -0.7701566, 2.589499;
0.8097379, 0.6730797, 2.822036;0.9278603, 0.5503942, 2.879175;0.9777199, 0.2269029, 2.889461;0.8406596, 0.4521433, 3.030872;1.014534, 0.4559722, 2.757099;0.8361342, -0.0670215, 2.930892;0.9907253, -0.07844186, 2.668761;0.9881755, 0.1632646, 2.895155;0.9617936, 0.08341647, 2.954687;1.037264, 0.1003825, 2.837548;0.9762948, -0.3575004, 3.017947;1.095714, -0.3147272, 2.731868;0.954797, -0.7046437, 3.045774;1.105686, -0.6925038, 2.639838;0.9094326, -0.7743233, 3.031938;1.052739, -0.7703452, 2.589649;
0.8113731, 0.67386, 2.824201;0.9283602, 0.5509145, 2.879527;0.9772342, 0.2281887, 2.889794;0.8407614, 0.4523905, 3.030777;1.016042, 0.458561, 2.758628;0.8363583, -0.0663628, 2.931068;0.9899381, -0.09232238, 2.669756;0.9873432, 0.1645469, 2.895403;0.9607928, 0.08440015, 2.95473;1.035913, 0.1018287, 2.837779;0.9762348, -0.3573134, 3.01796;1.096371, -0.3154069, 2.727237;0.9556084, -0.7071155, 3.046049;1.105744, -0.6923642, 2.6399;0.9084857, -0.7748306, 3.031927;1.052788, -0.7703152, 2.589745;
0.811844, 0.6738774, 2.824266;0.9294741, 0.552161, 2.881093;0.9769154, 0.2294354, 2.890961;0.8411109, 0.4525159, 3.030825;1.016479, 0.4593745, 2.758641;0.8366073, -0.06552913, 2.93215;0.9902737, -0.09215102, 2.669963;0.9867289, 0.1656106, 2.896424;0.9597853, 0.08565802, 2.95595;1.035061, 0.102648, 2.838444;0.9755301, -0.3545412, 3.01856;1.096125, -0.3146624, 2.729203;0.9566599, -0.7053736, 3.04721;1.106131, -0.6914492, 2.640102;0.9081269, -0.7757505, 3.032311;1.053187, -0.7696428, 2.590116;
0.8118246, 0.6734036, 2.825158;0.9298455, 0.5523496, 2.881284;0.9767405, 0.2297276, 2.891036;0.84172, 0.4502923, 3.030598;1.01659, 0.4595884, 2.758635;0.8366556, -0.06514341, 2.932313;0.9919173, -0.07621594, 2.667722;0.9863891, 0.1658994, 2.896467;0.9593756, 0.08583119, 2.95598;1.034406, 0.1029341, 2.838371;0.9746279, -0.353457, 3.018678;1.096091, -0.3131117, 2.726179;0.9565539, -0.7070899, 3.046886;1.106105, -0.691304, 2.639726;0.9076078, -0.7760088, 3.031406;1.053063, -0.7697497, 2.590059;
0.8112204, 0.6723264, 2.826953;0.9295563, 0.5523552, 2.882274;0.9766035, 0.2298657, 2.891271;0.8418087, 0.4502532, 3.030608;1.016785, 0.4597076, 2.758666;0.8365144, -0.06485815, 2.932189;0.9845673, -0.1070345, 2.674184;0.9862655, 0.165986, 2.896581;0.9592585, 0.08589317, 2.956056;1.034343, 0.1029674, 2.838341;0.9755009, -0.3545512, 3.019341;1.096303, -0.3122286, 2.729564;0.9566586, -0.7076798, 3.047005;1.106343, -0.6916245, 2.639795;0.90759, -0.7759919, 3.031353;1.053044, -0.7699632, 2.590071;
0.8112335, 0.6722782, 2.826859;0.9294145, 0.5523143, 2.882712;0.9763677, 0.2300962, 2.891467;0.8419269, 0.449116, 3.031068;1.01689, 0.4598894, 2.758706;0.8366092, -0.06427404, 2.933354;0.9847407, -0.05690761, 2.668968;0.9859888, 0.1662116, 2.896708;0.9589795, 0.08594727, 2.956211;1.034117, 0.1031152, 2.838264;0.9749256, -0.3541291, 3.019533;1.096442, -0.3116572, 2.731642;0.956843, -0.707283, 3.046983;1.106074, -0.6916072, 2.639748;0.9077919, -0.7763269, 3.031791;1.053109, -0.7699538, 2.589527;
0.8111222, 0.6730369, 2.82555;0.9290466, 0.552423, 2.88289;0.9761735, 0.2303079, 2.891375;0.8419328, 0.4480864, 3.031215;1.017095, 0.4604148, 2.759317;0.8346736, -0.07054448, 2.931649;0.9840479, -0.05698142, 2.668375;0.9857953, 0.1664083, 2.896547;0.9586458, 0.08635041, 2.955544;1.033858, 0.1036701, 2.83818;0.9748896, 