1.096763, 0.8209581, 2.917121;1.143159, 0.6556807, 2.895501;1.074433, 0.2619476, 2.862856;1.041017, 0.524561, 3.043761;1.181417, 0.5162245, 2.763316;0.9563124, -0.008806311, 3.003107;1.111119, -0.003836125, 2.586765;1.060688, 0.183201, 2.859934;1.018098, 0.1220594, 2.90922;1.081278, 0.118308, 2.797225;1.065744, -0.3557675, 2.971947;1.153419, -0.3311121, 2.679892;1.069174, -0.7249758, 2.992254;1.181985, -0.7044335, 2.594906;1.011886, -0.7889896, 2.972503;1.143378, -0.7752385, 2.559583;
1.096096, 0.8215286, 2.918926;1.143252, 0.6563017, 2.895425;1.074443, 0.2619298, 2.862957;1.042324, 0.5261425, 3.043898;1.181409, 0.5162889, 2.763473;0.9565931, -0.008896112, 3.00331;1.111392, -0.003674382, 2.58684;1.060703, 0.1831152, 2.860035;1.018192, 0.1220721, 2.90932;1.081231, 0.1181737, 2.797355;1.066146, -0.3584393, 2.973244;1.153592, -0.3315891, 2.680069;1.068636, -0.7262141, 2.992318;1.182308, -0.7044851, 2.595441;1.01035, -0.7903491, 2.971732;1.143638, -0.7753958, 2.561156;
1.09542, 0.8229032, 2.923383;1.143231, 0.6565461, 2.895679;1.07437, 0.2617816, 2.863149;1.043252, 0.5276951, 3.043893;1.180728, 0.5164533, 2.763943;0.9551725, -0.01581924, 3.001858;1.11145, -0.003515422, 2.586828;1.060587, 0.1828175, 2.860255;1.018239, 0.1220623, 2.909471;1.080814, 0.1177299, 2.797689;1.066186, -0.3594519, 2.973783;1.153615, -0.331525, 2.68004;1.0675, -0.7261142, 2.991364;1.182388, -0.7043992, 2.595551;1.010665, -0.7919574, 2.970027;1.143648, -0.7750485, 2.560836;
1.094147, 0.8234047, 2.92486;1.143068, 0.6567087, 2.895443;1.074739, 0.2650396, 2.862621;1.043206, 0.5261418, 3.042117;1.179768, 0.5164467, 2.763634;0.9551806, -0.01570877, 3.001263;1.111524, -0.003699519, 2.586643;1.061224, 0.1873044, 2.859513;1.019564, 0.1263691, 2.908631;1.081064, 0.1235956, 2.79663;1.066188, -0.3598102, 2.973429;1.153651, -0.3315345, 2.679441;1.067829, -0.726454, 2.992677;1.183009, -0.7043238, 2.595688;1.011767, -0.792241, 2.970607;1.143834, -0.7749279, 2.560513;
1.093854, 0.8234581, 2.92514;1.14276, 0.6567926, 2.895269;1.074625, 0.2647757, 2.862609;1.044089, 0.5264947, 3.039516;1.179668, 0.5164717, 2.763754;0.9552194, -0.01558108, 3.001265;1.111868, -0.003881647, 2.586976;1.061101, 0.1868203, 2.859514;1.019609, 0.1260302, 2.908743;1.080779, 0.1227876, 2.796572;1.06644, -0.3602224, 2.973955;1.15354, -0.331994, 2.679175;1.068146, -0.7275783, 2.992947;1.184234, -0.7052161, 2.597178;1.010521, -0.7930087, 2.970631;1.144334, -0.7750568, 2.561977;
1.093802, 0.823411, 2.925407;1.142682, 0.6573125, 2.89519;1.074447, 0.2644884, 2.862671;1.044769, 0.5279718, 3.03902;1.178876, 0.5170157, 2.764348;0.9552135, -0.0154394, 3.001208;1.112206, -0.003749702, 2.587015;1.060788, 0.1861295, 2.859607;1.019593, 0.1258094, 2.908882;1.080076, 0.1217652, 2.796754;1.066496, -0.3608125, 2.974328;1.153462, -0.3319469, 2.679012;1.067817, -0.7274076, 2.992807;1.184034, -0.7063117, 2.597321;1.010792, -0.7937712, 2.970326;1.144289, -0.7751774, 2.562059;
1.092631, 0.8229964, 2.925119;1.142514, 0.6577605, 2.895633;1.074356, 0.2644062, 2.862706;1.045063, 0.5284706, 3.036772;1.178453, 0.5170733, 2.764222;0.9553853, -0.01564568, 3.000098;1.112222, -0.003731063, 2.587047;1.060651, 0.185904, 2.859568;1.019566, 0.1255876, 2.908954;1.079627, 0.1210492, 2.796233;1.066979, -0.3616157, 2.975062;1.153292, -0.3323154, 2.678438;1.067815, -0.727361, 2.992843;1.183576, -0.7055509, 2.597028;1.011321, -0.7934782, 2.970159;1.144475, -0.7752099, 2.562721;
1.091724, 0.8229806, 2.925603;1.142207, 0.6582537, 2.895458;1.074281, 0.2657402, 2.862346;1.04597, 0.530406, 3.037982;1.177944, 0.5174008, 2.764194;0.9564282, -0.01518943, 3.000913;1.112685, -0.003556988, 2.587453;1.060668, 0.1874181, 2.859179;1.020134, 0.127895, 2.908633;1.079426, 0.1221974, 2.795812;1.067061, -0.3616701, 2.975156;1.153301, -0.332158, 2.677978;1.067665, -0.7273429, 2.992577;1.183923, -0.7057701, 2.597252;1.016852, -0.7912931, 2.953277;1.144352, -0.7750853, 2.562427;
1.091574, 0.822901, 2.925355;1.14183, 0.658145, 2.894808;1.074331, 0.2665576, 2.861959;1.046111, 0.5308099, 3.037745;1.176969, 0.5173511, 2.763801;0.9588661, -0.01459373, 3.003647;1.1128, -0.003442602, 2.587485;1.060844, 0.1885782, 2.858847;1.020936, 0.1300705, 2.908169;1.079432, 0.123421, 2.79574;1.067044, -0.3616266, 2.974982;1.153069, -0.3320781, 2.677441;1.066634, -0.7253968, 2.992128;1.183923, -0.7059858, 2.597113;1.017174, -0.7949361, 2.963083;1.144359, -0.7750622, 2.562316;
1.090738, 0.8232177, 2.925917;1.141312, 0.6584189, 2.8943;1.073999, 0.2663775, 2.862167;1.046122, 0.5309223, 3.037905;1.176722, 0.5174708, 2.763781;0.9599178, -0.0145737, 3.005229;1.113011, -0.003352818, 2.587348;1.060435, 0.1882224, 2.85924;1.020153, 0.1269579, 2.909192;1.07882, 0.1239807, 2.796428;1.067493, -0.3621871, 2.97554;1.152678, -0.3311926, 2.677277;1.066301, -0.725997, 2.991569;1.183622, -0.7055472, 2.596994;1.014267, -0.7964098, 2.965837;1.144262, -0.7749001, 2.56232;
1.09152, 0.8238643, 2.931088;1.141707, 0.6588898, 2.895659;1.07386, 0.2662779, 2.862525;1.046881, 0.5317863, 3.039152;1.176921, 0.5176103, 2.763699;0.9602645, -0.01465784, 3.00569;1.113031, -0.003369666, 2.587333;1.060228, 0.1880266, 2.859555;1.01983, 0.1258636, 2.909275;1.078392, 0.124817, 2.79716;1.067604, -0.3626813, 2.975635;1.152741, -0.3309349, 2.677184;1.066292, -0.7260008, 2.991529;1.183471, -0.7013944, 2.597663;1.013256, -0.7949954, 2.967111;1.143307, -0.7737195, 2.561744;
1.091436, 0.8238825, 2.93153;1.141642, 0.6589946, 2.895513;1.073771, 0.2663096, 2.862626;1.047085, 0.5316373, 3.039118;1.176532, 0.5175996, 2.763541;0.9613913, -0.01165976, 3.007958;1.113259, -0.003196806, 2.587388;1.060115, 0.1880394, 2.85971;1.019766, 0.1250109, 2.909841;1.077986, 0.1252758, 2.797251;1.067616, -0.3629321, 2.975761;1.152519, -0.3308979, 2.677214;1.066023, -0.725404, 2.991237;1.183785, -0.7018085, 2.597779;1.013342, -0.7949184, 2.967064;1.143509, -0.7736682, 2.561646;
1.091092, 0.8245729, 2.932367;1.141178, 0.6589074, 2.895227;1.073535, 0.26635, 2.862808;1.04806, 0.5334595, 3.04124;1.176549, 0.5179541, 2.763416;0.9619415, -0.01146562, 3.009123;1.113921, -0.003474324, 2.586879;1.059884, 0.1880836, 2.859983;1.019637, 0.1246686, 2.91011;1.077537, 0.1260021, 2.797808;1.067234, -0.3625569, 2.975413;1.152511, -0.3312401, 2.676705;1.065227, -0.725833, 2.989758;1.18399, -0.7030225, 2.597813;1.014949, -0.7936903, 2.949526;1.143421, -0.7737305, 2.561499;
1.090278, 0.8240904, 2.931498;1.141015, 0.6587296, 2.894926;1.073273, 0.2656842, 2.8628;1.04812, 0.5334061, 3.041191;1.176174, 0.5177094, 2.763301;0.9623486, -0.01145201, 3.009745;1.114074, -0.004326199, 2.586695;1.05959, 0.1871869, 2.860051;1.019515, 0.12281, 2.910167;1.077387, 0.125873, 2.797875;1.067436, -0.363036, 2.97577;1.152526, -0.3312318, 2.676713;1.065528, -0.7268866, 2.990336;1.185158, -0.704807, 2.599488;1.0127, -0.7956883, 2.961396;1.143532, -0.7743421, 2.562281;
1.090026, 0.8236952, 2.931273;1.140923, 0.6585608, 2.894688;1.073096, 0.2654049, 2.862848;1.048111, 0.53337, 3.04134;1.175406, 0.5178326, 2.763078;0.9622905, -0.01178645, 3.009539;1.11409, -0.00438697, 2.585881;1.059387, 0.1868441, 2.860158;1.019448, 0.122218, 2.910226;1.077171, 0.1258834, 2.798019;1.06735, -0.363014, 2.975673;1.152123, -0.330636, 2.676423;1.065312, -0.7270944, 2.990108;1.185011, -0.7045721, 2.599491;1.012555, -0.7937974, 2.964907;1.143784, -0.7744317, 2.562438;
1.089046, 0.825296, 2.930758;1.140812, 0.6583547, 2.893511;1.072953, 0.26531, 2.862738;1.04809, 0.5333312, 3.041346;1.175619, 0.5180149, 2.763004;0.9628453, -0.01216868, 3.010125;1.114396, -0.004334998, 2.58571;1.05925, 0.1867534, 2.860125;1.019139, 0.1217358, 2.91011;1.077081, 0.1260056, 2.798054;1.067329, -0.3630326, 2.975725;1.151959, -0.3301598, 2.676495;1.06535, -0.7271493, 2.990077;1.184966, -0.7045625, 2.59961;1.011076, -0.7927389, 2.968058;1.144043, -0.7744615, 2.562665;
1.088375, 0.8266769, 2.930224;1.140636, 0.6580356, 2.893042;1.072779, 0.2649262, 2.86243;1.048099, 0.5284292, 3.04197;1.175371, 0.5177333, 2.76263;0.9635943, -0.01279037, 3.011223;1.114686, -0.004483647, 2.585169;1.059087, 0.1863481, 2.859845;1.018902, 0.1208263, 2.910142;1.076998, 0.1259342, 2.797517;1.067317, -0.3630306, 2.975605;1.151688, -0.3289881, 2.676306;1.064219, -0.7234355, 2.990043;1.184317, -0.7030772, 2.599;1.013809, -0.7907543, 2.951504;1.143095, -0.7741369, 2.561932;
1.087724, 0.82846, 2.93011;1.140823, 0.6583773, 2.892616;1.07277, 0.265474, 2.862597;1.048721, 0.5292262, 3.043512;1.175177, 0.5178619, 2.762745;0.963596, -0.01280424, 3.011333;1.115193, -0.004895998, 2.584061;1.059047, 0.1870153, 2.860175;1.019013, 0.1207434, 2.911011;1.076666, 0.1265246, 2.797421;1.067086, -0.3627932, 2.975286;1.151572, -0.3300483, 2.675569;1.064102, -0.7233312, 2.989926;1.184379, -0.7032435, 2.598955;1.015755, -0.7907506, 2.95666;1.143186, -0.7742504, 2.562235;
1.086762, 0.8298329, 2.92995;1.140721, 0.6583731, 2.892531;1.072608, 0.2654544, 2.862566;1.048994, 0.528114, 3.044024;1.175097, 0.5179663, 2.762761;0.9642358, -0.01302385, 3.012453;1.116942, -0.004503456, 2.583408;1.05888, 0.1869852, 2.860158;1.018805, 0.120214, 2.91117;1.07625, 0.1266899, 2.79712;1.067127, -0.3629318, 2.975337;1.151479, -0.3301253, 2.675608;1.064111, -0.7234199, 2.989947;1.18426, -0.7030429, 2.598807;1.016273, -0.7929955, 2.962338;1.14279, -0.774057, 2.561579;
1.086219, 0.8311104, 2.927652;1.14066, 0.6582853, 2.892399;1.072503, 0.2653464, 2.862521;1.050097, 0.5265493, 3.045082;1.174902, 0.5178761, 2.762316;0.9643748, -0.01316706, 3.0126;1.119672, -0.00558363, 2.582559;1.058768, 0.1868618, 2.860128;1.018801, 0.119758, 2.911286;1.075944, 0.1266713, 2.796894;1.067121, -0.3629828, 2.975319;1.151433, -0.3298548, 2.675577;1.065956, -0.7220554, 2.989856;1.184354, -0.7027807, 2.598915;1.017187, -0.7924588, 2.955667;1.142445, -0.773787, 2.561416;
1.084893, 0.8318558, 2.926369;1.140553, 0.6581053, 2.89228;1.072356, 0.2652353, 2.86247;1.050523, 0.5256301, 3.046326;1.17465, 0.5178937, 2.761754;0.9644105, -0.01321823, 3.012595;1.120864, -0.005830869, 2.581713;1.058619, 0.186755, 2.860091;1.018717, 0.1194051, 2.911371;1.07562, 0.1266637, 2.796658;1.067055, -0.3628463, 2.975147;1.151354, -0.3299644, 2.675508;1.065908, -0.7219298, 2.989835;1.184459, -0.7032499, 2.598745;1.016088, -0.7906584, 2.959495;1.142562, -0.7739308, 2.561536;
1.084909, 0.8333782, 2.927548;1.140368, 0.6580617, 2.892144;1.072288, 0.2652034, 2.86239;1.050384, 0.5253813, 3.046815;1.174489, 0.5179656, 2.761512;0.9643657, -0.01320432, 3.012644;1.121214, -0.006002587, 2.581637;1.058572, 0.186722, 2.860021;1.018709, 0.1192467, 2.911318;1.075562, 0.1267269, 2.796484;1.067111, -0.362916, 2.975018;1.15068, -0.329872, 2.675012;1.065647, -0.7228106, 2.98947;1.184654, -0.7039157, 2.599133;1.011776, -0.7938223, 2.963636;1.142555, -0.7739372, 2.561532;
1.085498, 0.8346957, 2.925953;1.14069, 0.6579598, 2.891068;1.072182, 0.265195, 2.862353;1.051204, 0.5247721, 3.047395;1.174494, 0.5179636, 2.761113;0.9643267, -0.01317904, 3.012922;1.121855, -0.005900014, 2.581336;1.058379, 0.1867113, 2.860059;1.018542, 0.1190931, 2.911594;1.075067, 0.1268321, 2.796462;1.067032, -0.3623835, 2.974742;1.150038, -0.3293434, 2.674356;1.065618, -0.7224771, 2.989151;1.184396, -0.7035993, 2.598882;1.010631, -0.7925832, 2.964458;1.142473, -0.7741003, 2.561784;
1.08541, 0.8354169, 2.925568;1.140311, 0.6574275, 2.890478;1.072178, 0.2651702, 2.862353;1.051629, 0.5249201, 3.049159;1.174484, 0.5180612, 2.761084;0.9640807, -0.01331339, 3.012927;1.121138, -0.006171683, 2.580179;1.058385, 0.1867073, 2.86009;1.018724, 0.1189413, 2.911603;1.075067, 0.1269003, 2.796518;1.066967, -0.3617992, 2.974401;1.149998, -0.3294632, 2.674204;1.06555, -0.7228631, 2.988804;1.18428, -0.7045929, 2.598299;1.010419, -0.7924677, 2.964868;1.142902, -0.7745543, 2.562249;
1.085621, 0.836101, 2.926295;1.13959, 0.6568634, 2.890777;1.072091, 0.265265, 2.862539;1.054121, 0.5257118, 3.054097;1.174493, 0.51833, 2.761089;0.96351, -0.01328324, 3.012518;1.120553, -0.006323365, 2.580197;1.058356, 0.1869095, 2.86034;1.019019, 0.1188335, 2.91217;1.074917, 0.127093, 2.796578;1.066971, -0.3619045, 2.974035;1.14976, -0.3300115, 2.674092;1.065493, -0.721981, 2.989539;1.184378, -0.705143, 2.599005;1.010975, -0.7917186, 2.965617;1.143181, -0.774744, 2.562628;
1.085305, 0.8367835, 2.924218;1.139722, 0.6568702, 2.890695;1.072122, 0.2652688, 2.862564;1.055489, 0.526703, 3.057454;1.174675, 0.5184833, 2.760933;0.9616215, -0.01262413, 3.011349;1.117442, -0.006628371, 2.57802;1.058395, 0.1869158, 2.860393;1.019219, 0.1187268, 2.912318;1.074911, 0.1271719, 2.796633;1.067168, -0.3633182, 2.974234;1.149616, -0.3303967, 2.673865;1.065297, -0.7212694, 2.990246;1.184578, -0.7056097, 2.599062;1.011761, -0.7909623, 2.966077;1.143025, -0.7746953, 2.562266;
1.085212, 0.837325, 2.92384;1.139449, 0.6564904, 2.890195;1.072049, 0.2647559, 2.862585;1.055316, 0.5262967, 3.05733;1.174588, 0.5184157, 2.760756;0.9603418, -0.01279749, 3.012379;1.116433, -0.007649905, 2.578003;1.058374, 0.1863271, 2.860529;1.019382, 0.1182798, 2.912347;1.074893, 0.1269823, 2.79694;1.067191, -0.3629901, 2.974201;1.149428, -0.3301935, 2.674101;1.065009, -0.7217778, 2.989529;1.184263, -0.7040678, 2.598918;1.011747, -0.7909544, 2.966092;1.143749, -0.7743486, 2.56324;
1.084806, 0.8383971, 2.924262;1.139429, 0.6566625, 2.890133;1.072016, 0.2645428, 2.862574;1.055335, 0.5262152, 3.057294;1.174438, 0.5184211, 2.760525;0.9571557, -0.01427525, 3.010508;1.114573, -0.00697596, 2.577767;1.058344, 0.1859429, 2.860541;1.019526, 0.1180899, 2.912212;1.074844, 0.1269546, 2.797111;1.067195, -0.363404, 2.974265;1.149279, -0.3300625, 2.673848;1.066255, -0.7261171, 2.988394;1.184293, -0.7043064, 2.598908;1.009434, -0.7928701, 2.966409;1.143687, -0.774338, 2.562809;
1.084466, 0.8392721, 2.92344;1.139389, 0.6567666, 2.889859;1.072021, 0.2645462, 2.862576;1.055405, 0.5259908, 3.057605;1.174863, 0.5184168, 2.760473;0.9561645, -0.01428702, 3.010439;1.111621, -0.007316985, 2.578534;1.058352, 0.1859446, 2.860558;1.019561, 0.1180684, 2.912221;1.074863, 0.1269696, 2.797149;1.067146, -0.3634292, 2.974343;1.149343, -0.3301592, 2.673875;1.066262, -0.7253199, 2.98832;1.183906, -0.7062545, 2.597988;1.012034, -0.7924218, 2.96865;1.143804, -0.7744735, 2.562795;
1.083629, 0.8392872, 2.922137;1.139359, 0.6562247, 2.889485;1.072192, 0.2638902, 2.862439;1.055354, 0.5251337, 3.057772;1.174938, 0.518354, 2.760513;0.9543297, -0.01517945, 3.012658;1.109361, -0.007066248, 2.57922;1.05859, 0.185278, 2.860489;1.019953, 0.1168259, 2.912384;1.07515, 0.1263364, 2.796942;1.067112, -0.3635274, 2.97427;1.149382, -0.3301901, 2.673762;1.066269, -0.7251731, 2.988463;1.184193, -0.7057589, 2.598214;1.012234, -0.791387, 2.969217;1.143757, -0.7743372, 2.56274;
1.083393, 0.8402731, 2.922033;1.139411, 0.6564994, 2.889129;1.072217, 0.2637781, 2.862468;1.055564, 0.5241547, 3.063149;1.174984, 0.5183423, 2.760279;0.9534634, -0.01482491, 3.012824;1.104575, -0.006993006, 2.581022;1.058639, 0.1850472, 2.860601;1.020048, 0.1167821, 2.912375;1.075224, 0.1263117, 2.797467;1.067193, -0.3635375, 2.974243;1.149211, -0.3284572, 2.673827;1.066491, -0.7232728, 2.988821;1.182901, -0.7031187, 2.597321;1.01225, -0.7900414, 2.968161;1.143376, -0.7741381, 2.562387;
1.082217, 0.8405396, 2.92095;1.139421, 0.6564761, 2.888886;1.072317, 0.2637388, 2.862507;1.056484, 0.5246442, 3.061166;1.175032, 0.5183395, 2.760059;0.9519226, -0.01473789, 3.014234;1.09877, -0.007072313, 2.580976;1.05881, 0.1849993, 2.860718;1.020584, 0.1165119, 2.912875;1.075289, 0.126263, 2.79749;1.067285, -0.3638258, 2.974386;1.149454, -0.3288573, 2.67349;1.066327, -0.7228714, 2.989098;1.182803, -0.7039895, 2.596977;1.012773, -0.789041, 2.968224;1.14341, -0.7742751, 2.562433;
1.082133, 0.8410712, 2.919795;1.139452, 0.6564358, 2.888795;1.072469, 0.2635824, 2.862628;1.056715, 0.5242351, 3.061273;1.175029, 0.5182775, 2.759875;0.950785, -0.01475172, 3.014495;1.091829, -0.004206577, 2.583276;1.059026, 0.1848033, 2.860935;1.021071, 0.1161741, 2.913253;1.075397, 0.1261736, 2.797672;1.067316, -0.3638411, 2.974211;1.149608, -0.3289799, 2.673236;1.067583, -0.7242149, 2.99089;1.182817, -0.7026351, 2.597085;1.01745, -0.7900989, 2.960978;1.143203, -0.7741373, 2.56243;
1.081804, 0.8416401, 2.919574;1.140182, 0.656639, 2.889063;1.072883, 0.2635676, 2.863294;1.058762, 0.527721, 3.073963;1.17481, 0.5177155, 2.759172;0.9497308, -0.01414205, 3.015125;1.085781, -0.002153705, 2.58309;1.059408, 0.1847693, 2.86174;1.021683, 0.1163133, 2.913906;1.075527, 0.1263195, 2.798953;1.067419, -0.3639598, 2.974242;1.149907, -0.3289093, 2.673119;1.067222, -0.7242522, 2.990794;1.182497, -0.7018575, 2.597147;1.016499, -0.7909082, 2.965185;1.143013, -0.7740948, 2.562297;
1.080966, 0.8416677, 2.918893;1.140691, 0.6563252, 2.887326;1.073469, 0.2641178, 2.863638;1.058803, 0.5277519, 3.073812;1.174753, 0.5175967, 2.759093;0.9487678, -0.01415768, 3.01469;1.080452, -0.001145461, 2.583871;1.060256, 0.1857407, 2.862614;1.022947, 0.1166365, 2.916299;1.075783, 0.1264862, 2.799133;1.067363, -0.3639077, 2.974245;1.149949, -0.3289645, 2.67318;1.069184, -0.7250727, 2.992004;1.183652, -0.7039089, 2.597894;1.015616, -0.790334, 2.968524;1.143013, -0.7740954, 2.562299;
1.080725, 0.8422829, 2.918864;1.140634, 0.6562941, 2.886872;1.073955, 0.2629875, 2.863493;1.059254, 0.5275906, 3.072796;1.174772, 0.517241, 2.75869;0.9483071, -0.01420824, 3.015522;1.071497, -0.002869401, 2.583368;1.060927, 0.1841315, 2.862565;1.023823, 0.115463, 2.916034;1.076397, 0.1256479, 2.799392;1.067397, -0.3638842, 2.974254;1.150724, -0.3306496, 2.672412;1.069304, -0.7259287, 2.991795;1.18363, -0.704533, 2.597637;1.014363, -0.7902038, 2.95536;1.143058, -0.7741959, 2.562319;
1.080113, 0.8425263, 2.918518;1.14185, 0.6565348, 2.887572;1.074751, 0.2621588, 2.864008;1.058838, 0.526356, 3.072706;1.174746, 0.5169643, 2.758627;0.9475046, -0.0126437, 3.016275;1.06704, -0.003576914, 2.58278;1.061627, 0.1830889, 2.863044;1.024414, 0.1143182, 2.916462;1.077129, 0.1247467, 2.799747;1.067346, -0.3640039, 2.974213;1.150668, -0.3305182, 2.672568;1.068317, -0.7244999, 2.992067;1.183436, -0.7049488, 2.597242;1.014897, -0.7893991, 2.957723;1.143198, -0.7741138, 2.561508;
1.080064, 0.8430801, 2.918413;1.141859, 0.6564981, 2.887421;1.074875, 0.2622479, 2.864076;1.058787, 0.5258306, 3.068333;1.174789, 0.5170078, 2.758655;0.9468455, -0.01271791, 3.016107;1.064573, -0.003438942, 2.582905;1.06179, 0.1832453, 2.863171;1.024595, 0.1144293, 2.916593;1.07729, 0.1248485, 2.799888;1.067401, -0.3643418, 2.974505;1.151007, -0.3299049, 2.67323;1.068182, -0.7245908, 2.991769;1.183464, -0.703966, 2.597414;1.013675, -0.7882126, 2.960733;1.14292, -0.7738813, 2.561523;
1.080409, 0.8439376, 2.91815;1.141799, 0.6565375, 2.8871;1.075099, 0.262339, 2.864073;1.058828, 0.5254101, 3.067616;1.17444, 0.516851, 2.758433;0.9460298, -0.01149048, 3.016329;1.062659, -0.003597151, 2.583124;1.0621, 0.1833812, 2.863233;1.025125, 0.1145499, 2.916975;1.077658, 0.1250026, 2.799805;1.067568, -0.3647011, 2.974614;1.151078, -0.3297811, 2.673413;1.067892, -0.7247383, 2.991427;1.184366, -0.7047504, 2.598465;1.014415, -0.7882708, 2.965198;1.143987, -0.7739642, 2.562361;
1.080495, 0.8445044, 2.917882;1.141932, 0.6565846, 2.887041;1.075506, 0.2625431, 2.864347;1.058966, 0.5258848, 3.066612;1.174576, 0.5168347, 2.758378;0.9460028, -0.01096387, 3.01657;1.06054, -0.003227235, 2.583469;1.062539, 0.183641, 2.863595;1.025588, 0.1149601, 2.917267;1.078184, 0.1251483, 2.800355;1.067324, -0.3647039, 2.974406;1.150698, -0.3292834, 2.673694;1.06806, -0.7250653, 2.992033;1.183828, -0.7036031, 2.598073;1.014188, -0.7912264, 2.966606;1.143174, -0.7738938, 2.561993;
1.079983, 0.8451406, 2.916853;1.142182, 0.6569856, 2.886599;1.075887, 0.2631465, 2.864552;1.059045, 0.5253823, 3.065915;1.174526, 0.5167941, 2.75838;0.9455202, -0.01132145, 3.016294;1.058492, -0.002870488, 2.584365;1.062937, 0.1843502, 2.863942;1.026059, 0.1151154, 2.918024;1.078253, 0.1252574, 2.800368;1.06731, -0.3647293, 2.974376;1.150603, -0.3300538, 2.673972;1.068018, -0.725477, 2.991519;1.183618, -0.7040185, 2.597706;1.013484, -0.7906139, 2.967309;1.143451, -0.7741182, 2.562176;
1.080244, 0.8457422, 2.917064;1.142111, 0.6569561, 2.886508;1.075982, 0.2627752, 2.864597;1.05887, 0.5246804, 3.064558;1.174495, 0.516793, 2.758339;0.9452459, -0.01073685, 3.016671;1.058107, -0.002642679, 2.584229;1.063067, 0.183843, 2.864022;1.026246, 0.1145167, 2.918146;1.078435, 0.1248001, 2.800428;1.067403, -0.3646973, 2.974429;1.150298, -0.3292724, 2.673452;1.068161, -0.7255183, 2.99137;1.18346, -0.7038597, 2.597724;1.013654, -0.7903333, 2.954586;1.14322, -0.774044, 2.562012;
1.079977, 0.8460107, 2.916841;1.142123, 0.6568221, 2.886167;1.076049, 0.2625171, 2.864568;1.058831, 0.5249875, 3.064553;1.17433, 0.5166591, 2.758202;0.9449845, -0.01038171, 3.016299;1.057485, -0.002675923, 2.58436;1.063126, 0.1835459, 2.864031;1.026327, 0.1141793, 2.918194;1.078494, 0.1245666, 2.800442;1.06738, -0.3645681, 2.974173;1.150624, -0.3301327, 2.673819;1.068287, -0.7253239, 2.991683;1.183501, -0.7039844, 2.597709;1.013502, -0.78938, 2.95816;1.143155, -0.7739662, 2.561888;
1.079495, 0.8463729, 2.916217;1.14194, 0.6568592, 2.8859;1.076093, 0.2624904, 2.86457;1.058129, 0.5240011, 3.061528;1.173876, 0.5165179, 2.758132;0.9448576, -0.01041644, 3.015717;1.057302, -0.002845078, 2.584543;1.063197, 0.183507, 2.864048;1.026509, 0.1140946, 2.918244;1.078575, 0.1244787, 2.800448;1.067338, -0.3646259, 2.974192;1.150564, -0.3300095, 2.673862;1.06812, -0.7255105, 2.991486;1.183763, -0.7051525, 2.598065;1.014095, -0.7892461, 2.961465;1.143335, -0.7740418, 2.56199;
1.079624, 0.8471562, 2.916462;1.141184, 0.6568255, 2.885131;1.076125, 0.263261, 2.864841;1.058527, 0.5249047, 3.0626;1.173767, 0.5166268, 2.757748;0.944859, -0.01036943, 3.015773;1.057303, -0.002829404, 2.584442;1.063372, 0.1847221, 2.864616;1.026876, 0.1149934, 2.91932;1.078617, 0.1248662, 2.800631;1.068008, -0.3655441, 2.974606;1.150127, -0.3290898, 2.67347;1.067974, -0.7259436, 2.991218;1.182967, -0.702578, 2.597472;1.012486, -0.7902464, 2.964327;1.142783, -0.7738463, 2.561533;
1.079589, 0.8475125, 2.916514;1.141263, 0.6567672, 2.884655;1.076297, 0.2630793, 2.864839;1.059242, 0.5265782, 3.064242;1.173497, 0.5167482, 2.757414;0.9448642, -0.01036499, 3.015776;1.057275, -0.002682208, 2.584415;1.063573, 0.1844702, 2.864669;1.027322, 0.1149547, 2.919177;1.078757, 0.1247353, 2.800986;1.067998, -0.3654078, 2.97459;1.150198, -0.3298529, 2.673142;1.06815, -0.7258396, 2.991123;1.182881, -0.7025705, 2.597334;1.01332, -0.7899767, 2.964846;1.138949, -0.7741615, 2.556351;
1.079397, 0.8469586, 2.916548;1.139644, 0.6553166, 2.88393;1.0762, 0.2630001, 2.864852;1.058842, 0.5264612, 3.063603;1.173282, 0.5169637, 2.757042;0.9448312, -0.01030903, 3.015834;1.057535, -0.002714441, 2.584692;1.063542, 0.1844508, 2.864693;1.027316, 0.1149515, 2.919188;1.078746, 0.1247152, 2.801047;1.067946, -0.3650357, 2.97425;1.150121, -0.3289149, 2.673046;1.068496, -0.7254909, 2.992116;1.182816, -0.7014585, 2.59779;1.014901, -0.7902262, 2.959807;1.139086, -0.7738904, 2.556824;
1.078793, 0.8474675, 2.916614;1.138494, 0.6552072, 2.882818;1.075639, 0.2623379, 2.864537;1.058139, 0.5260008, 3.065097;1.172262, 0.5169505, 2.757151;0.9448442, -0.01030321, 3.015838;1.057964, -0.002744615, 2.584616;1.063029, 0.1836694, 2.864473;1.027007, 0.1142001, 2.918965;1.078426, 0.1244543, 2.801038;1.067963, -0.3650382, 2.974276;1.149851, -0.3269594, 2.672935;1.068352, -0.7255679, 2.993016;1.182514, -0.7006353, 2.596869;1.012435, -0.78981, 2.965652;1.139095, -0.7736787, 2.556637;
1.077264, 0.847604, 2.916246;1.138083, 0.6553665, 2.882892;1.075519, 0.2621193, 2.86451;1.056974, 0.5260403, 3.063271;1.170014, 0.5174714, 2.757025;0.9448432, -0.01029412, 3.015826;1.058198, -0.003120136, 2.584927;1.062936, 0.1833417, 2.864422;1.027082, 0.1141589, 2.918726;1.078351, 0.1243523, 2.801165;1.067671, -0.3644291, 2.973732;1.149772, -0.3269162, 2.673022;1.06802, -0.724627, 2.992544;1.182485, -0.7003906, 2.596992;1.013653, -0.7910775, 2.953452;1.13906, -0.7735724, 2.556642;
1.074896, 0.8486863, 2.917566;1.136165, 0.6561301, 2.882165;1.074928, 0.2615535, 2.864046;1.056195, 0.5264164, 3.063877;1.169071, 0.5181829, 2.756602;0.9446728, -0.01034891, 3.01545;1.058185, -0.003199317, 2.584824;1.062461, 0.1825357, 2.863936;1.026844, 0.1137632, 2.917897;1.078234, 0.124217, 2.801159;1.067691, -0.3648826, 2.973536;1.149715, -0.327, 2.67366;1.068211, -0.7245834, 2.992667;1.182569, -0.7016625, 2.596959;1.016943, -0.7917825, 2.952203;1.139293, -0.7736637, 2.556854;
1.073951, 0.8490756, 2.918172;1.135285, 0.656203, 2.882553;1.074822, 0.2615693, 2.864104;1.05591, 0.5285668, 3.062845;1.168003, 0.518304, 2.756562;0.9444772, -0.0105799, 3.015287;1.058254, -0.002975662, 2.584963;1.062429, 0.1825467, 2.863967;1.026918, 0.1139001, 2.917871;1.078138, 0.1242081, 2.801255;1.067731, -0.3652531, 2.973742;1.149743, -0.3270435, 2.673669;1.066999, -0.7244669, 2.991461;1.183185, -0.7042276, 2.597234;1.013485, -0.7935659, 2.957661;1.140368, -0.7741103, 2.558086;
1.067563, 0.8483673, 2.916729;1.133984, 0.6569015, 2.882221;1.074701, 0.2614322, 2.864109;1.052791, 0.5293759, 3.065157;1.166661, 0.5184815, 2.755795;0.9437729, -0.01070225, 3.01528;1.058142, -0.002815594, 2.585136;1.062387, 0.1823068, 2.864002;1.02693, 0.1137343, 2.917845;1.078222, 0.1239825, 2.801417;1.067489, -0.3645376, 2.973731;1.149688, -0.3270967, 2.673691;1.066984, -0.7244785, 2.991446;1.182407, -0.7027974, 2.596279;1.011961, -0.7932124, 2.962688;1.140485, -0.7741403, 2.557996;
1.065296, 0.8494795, 2.919353;1.129454, 0.656818, 2.882883;1.074373, 0.2615455, 2.864121;1.050583, 0.5295781, 3.065183;1.164177, 0.518137, 2.755321;0.9426165, -0.01090438, 3.014809;1.057338, -0.002297613, 2.584768;1.062333, 0.1823804, 2.863994;1.027016, 0.1139303, 2.917649;1.078269, 0.1241905, 2.801533;1.06773, -0.3646006, 2.973828;1.149619, -0.3268274, 2.673259;1.066969, -0.724475, 2.991443;1.18133, -0.7009115, 2.595594;1.013834, -0.7936035, 2.954108;1.1404, -0.774042, 2.557989;
1.060109, 0.8481674, 2.916534;1.125614, 0.6557204, 2.882467;1.074085, 0.2613856, 2.864106;1.04172, 0.5261196, 3.066003;1.162426, 0.5182257, 2.754615;0.9417565, -0.0110182, 3.014564;1.057185, -0.001125726, 2.584726;1.062316, 0.1823339, 2.863992;1.027001, 0.113999, 2.917367;1.078834, 0.124226, 2.802081;1.067554, -0.3643064, 2.973697;1.149579, -0.326761, 2.673225;1.066843, -0.7244338, 2.99045;1.181588, -0.7012576, 2.595794;1.011531, -0.7916876, 2.960773;1.140622, -0.7740237, 2.558048;
1.050294, 0.8461473, 2.912778;1.120822, 0.6552899, 2.881114;1.073662, 0.2611171, 2.863997;1.036648, 0.5241015, 3.063717;1.156946, 0.5176588, 2.754818;0.937222, -0.01179288, 3.012939;1.05478, 0.0007731626, 2.583686;1.062286, 0.1821814, 2.863966;1.027072, 0.1139272, 2.917294;1.079142, 0.1240376, 2.802209;1.067631, -0.3642753, 2.973877;1.149578, -0.3268047, 2.673192;1.066842, -0.7244585, 2.990447;1.181654, -0.7015579, 2.59571;1.009726, -0.7918247, 2.96201;1.140651, -0.7740498, 2.558082;
1.034233, 0.8419186, 2.90571;1.115573, 0.6555835, 2.880208;1.073221, 0.261241, 2.863934;1.033189, 0.523148, 3.064468;1.152822, 0.5176682, 2.753911;0.9350423, -0.01017191, 3.010595;1.049567, 0.001092882, 2.580417;1.062276, 0.1822263, 2.863953;1.027213, 0.1139957, 2.917246;1.079496, 0.1242544, 2.802343;1.067953, -0.3650903, 2.974247;1.149579, -0.3262361, 2.673219;1.06491, -0.7242876, 2.98929;1.181395, -0.7006908, 2.595558;1.010662, -0.7916285, 2.963942;1.140527, -0.7738364, 2.558427;
1.028911, 0.8420389, 2.907338;1.106271, 0.6534376, 2.878633;1.072522, 0.2609808, 2.864026;1.026462, 0.5204401, 3.060451;1.14754, 0.5175275, 2.754053;0.9319988, -0.01169606, 3.010126;1.045042, 0.000342282, 2.579229;1.06227, 0.1821515, 2.86404;1.027494, 0.11395, 2.917407;1.080266, 0.1240846, 2.802822;1.067904, -0.3649164, 2.974379;1.149831, -0.3266679, 2.673669;1.064805, -0.723202, 2.989164;1.181967, -0.7019788, 2.596506;1.010389, -0.7909008, 2.964124;1.142193, -0.7743024, 2.559679;
1.013049, 0.8366016, 2.904676;1.101126, 0.6526144, 2.877752;1.071692, 0.2619365, 2.864881;1.017291, 0.5175246, 3.05982;1.142003, 0.5170944, 2.753427;0.9272174, -0.01369043, 3.00949;1.038994, -0.0005430877, 2.577582;1.062476, 0.1836805, 2.865509;1.028631, 0.1135579, 2.921476;1.081226, 0.1243598, 2.803133;1.067789, -0.3651947, 2.975198;1.150257, -0.3265112, 2.674682;1.064618, -0.724014, 2.989153;1.182465, -0.7024073, 2.596737;1.010591, -0.7944806, 2.970457;1.142714, -0.7744024, 2.56051;
0.9959529, 0.8314097, 2.900173;1.085883, 0.6507459, 2.879332;1.070649, 0.2627192, 2.866743;1.011911, 0.5157992, 3.060549;1.129402, 0.5174466, 2.756706;0.9215208, -0.0157614, 3.009549;1.034801, 0.003234833, 2.576965;1.063188, 0.1849221, 2.867975;1.032454, 0.1124533, 2.927159;1.082926, 0.1246941, 2.804327;1.067619, -0.3649244, 2.97542;1.152064, -0.3294929, 2.674388;1.064871, -0.7242018, 2.988955;1.182711, -0.7027069, 2.597028;1.010514, -0.7943807, 2.970662;1.142969, -0.7745166, 2.560725;
0.9809443, 0.8265761, 2.897072;1.069877, 0.6485684, 2.885516;1.069354, 0.2645686, 2.869063;1.000802, 0.508664, 3.058067;1.125049, 0.5170048, 2.755857;0.9153445, -0.01672455, 3.009991;1.026975, -0.0004262105, 2.575931;1.064211, 0.1875339, 2.870328;1.035111, 0.112324, 2.930686;1.086116, 0.125654, 2.80454;1.067752, -0.3646907, 2.975776;1.153108, -0.3282244, 2.676159;1.064727, -0.7240463, 2.988723;1.183099, -0.7021154, 2.59731;1.011031, -0.7933816, 2.970048;1.141841, -0.7739862, 2.560102;
0.9495705, 0.8112994, 2.897698;1.052971, 0.6423992, 2.8843;1.068563, 0.2630412, 2.870422;0.9928951, 0.5015246, 3.050911;1.120642, 0.5172184, 2.754511;0.9105544, -0.01756472, 3.009503;1.019224, 0.001704417, 2.573684;1.065639, 0.1860487, 2.872003;1.038859, 0.1093991, 2.933137;1.092411, 0.1236148, 2.806912;1.067774, -0.3645684, 2.976047;1.153406, -0.3282233, 2.676229;1.064588, -0.7240186, 2.988655;1.183142, -0.7028102, 2.5968;1.011319, -0.7933255, 2.969959;1.141755, -0.774089, 2.560101;
0.908761, 0.7819369, 2.892193;1.028605, 0.6250796, 2.875837;1.069602, 0.2564746, 2.874552;0.9671608, 0.4829426, 3.051942;1.099315, 0.5060888, 2.74837;0.8937173, -0.02912807, 3.008969;1.002296, -0.003289111, 2.569793;1.073413, 0.17878, 2.879046;1.053727, 0.09925885, 2.942731;1.109518, 0.1148974, 2.8176;1.068297, -0.3657942, 2.978002;1.155543, -0.337831, 2.676881;1.064134, -0.7244932, 2.9882;1.183479, -0.7034858, 2.597076;1.011893, -0.7931165, 2.970128;1.142072, -0.7741025, 2.560381;
0.8637192, 0.7487966, 2.872462;0.9929772, 0.6035375, 2.867528;1.069848, 0.2456211, 2.877526;0.9423418, 0.4697403, 3.048721;1.076419, 0.4963573, 2.746439;0.8851352, -0.03854156, 3.005413;0.9823776, -0.0166203, 2.567227;1.079572, 0.1697021, 2.882998;1.065475, 0.08610142, 2.950948;1.120938, 0.1064239, 2.819125;1.069898, -0.3688481, 2.984538;1.15931, -0.3488414, 2.673404;1.063642, -0.7246144, 2.98749;1.183232, -0.7045642, 2.596492;1.013215, -0.7944003, 2.970867;1.142073, -0.7741748, 2.560375;
0.8474368, 0.7295667, 2.874553;0.9838966, 0.591074, 2.864516;1.069964, 0.2330833, 2.881179;0.9321254, 0.4598982, 3.043308;1.069417, 0.4924036, 2.743257;0.8694932, -0.05795031, 2.994837;0.9775759, -0.02048656, 2.566237;1.084093, 0.1595272, 2.88781;1.070943, 0.07511093, 2.957651;1.12838, 0.1008985, 2.822645;1.07067, -0.3702623, 2.988114;1.160278, -0.3571369, 2.67201;1.063659, -0.7247146, 2.987496;1.183102, -0.7057123, 2.597004;1.012459, -0.7950907, 2.970432;1.142167, -0.7741532, 2.560378;
0.8318633, 0.709222, 2.872655;0.9661462, 0.5700095, 2.872158;1.068752, 0.2172087, 2.888469;0.9190654, 0.4094468, 3.030831;1.048132, 0.4697169, 2.744435;0.8586536, -0.06990708, 2.984373;0.9697958, -0.02808204, 2.565104;1.087121, 0.1455164, 2.895225;1.077339, 0.06121627, 2.966439;1.134608, 0.08772543, 2.828492;1.071344, -0.3723897, 2.990443;1.160571, -0.3684492, 2.669369;1.064388, -0.7260242, 2.987786;1.182794, -0.7057397, 2.596841;1.013122, -0.7948145, 2.97074;1.137497, -0.7748612, 2.553051;
0.7909452, 0.6458989, 2.846519;0.9321712, 0.5215379, 2.86097;1.071306, 0.1769134, 2.890425;0.9040563, 0.4079994, 3.023393;1.029527, 0.4372539, 2.742651;0.838727, -0.1066354, 2.980406;0.9454817, -0.07719065, 2.562985;1.098235, 0.1068843, 2.899669;1.090483, 0.0355443, 2.964829;1.147429, 0.06606923, 2.839192;1.071501, -0.3830447, 2.995593;1.159664, -0.3703865, 2.668636;1.06456, -0.7261448, 2.988079;1.180715, -0.7058027, 2.595853;1.012845, -0.7938293, 2.970655;1.137308, -0.7748234, 2.553478;
0.7781472, 0.6239899, 2.840561;0.924204, 0.5025386, 2.863155;1.069873, 0.1707805, 2.889688;0.890962, 0.3606379, 3.006049;1.019106, 0.4054759, 2.73664;0.8215042, -0.1323622, 2.968135;0.9194415, -0.1347863, 2.565561;1.097826, 0.1030523, 2.898832;1.092635, 0.02905786, 2.961931;1.147911, 0.06175314, 2.839837;1.071428, -0.3842816, 2.996682;1.158377, -0.3711725, 2.667367;1.064549, -0.7271639, 2.98894;1.180404, -0.7056459, 2.595863;1.011863, -0.7941504, 2.970426;1.136706, -0.774542, 2.55371;
0.7591009, 0.599553, 2.839407;0.9016566, 0.4649925, 2.857085;1.068597, 0.1650186, 2.889499;0.8838835, 0.3338431, 3.005776;1.015734, 0.3898288, 2.735029;0.8156067, -0.1521539, 2.9624;0.9189538, -0.139496, 2.562479;1.098157, 0.1007086, 2.898881;1.095994, 0.024985, 2.962218;1.15126, 0.05843725, 2.841293;1.065013, -0.3862974, 2.999591;1.151003, -0.378944, 2.662907;1.06453, -0.7270475, 2.989037;1.180176, -0.7064666, 2.595488;1.011811, -0.7941095, 2.969949;1.13659, -0.7745155, 2.55364;
0.7455434, 0.5525769, 2.823693;0.8912975, 0.4223458, 2.845481;1.073782, 0.1504887, 2.886176;0.8763069, 0.3155013, 3.000546;1.003533, 0.362368, 2.724159;0.7920305, -0.2034636, 2.942701;0.9348604, -0.1148739, 2.551067;1.106685, 0.0918294, 2.896877;1.118831, 0.009626519, 2.971408;1.17753, 0.04459082, 2.831007;1.049188, -0.3965938, 3.004777;1.145362, -0.3813835, 2.659346;1.065347, -0.7276099, 2.990036;1.178462, -0.7059882, 2.594944;1.011189, -0.7938555, 2.970046;1.135682, -0.7743625, 2.553999;
0.7337375, 0.498287, 2.818518;0.8839603, 0.3885093, 2.836773;1.069809, 0.09819925, 2.888908;0.8711447, 0.2510768, 2.986874;0.9997644, 0.3210569, 2.716316;0.7878174, -0.2099526, 2.951079;0.944078, -0.104258, 2.541736;1.107249, 0.04138156, 2.903217;1.114805, -0.02248523, 2.981943;1.178554, -0.006352741, 2.840793;1.037968, -0.4187977, 3.006383;1.132789, -0.3943084, 2.652249;1.065489, -0.7264224, 2.991357;1.177043, -0.7093813, 2.594559;1.011468, -0.7930374, 2.97062;1.13811, -0.7767984, 2.560628;
0.7258662, 0.454727, 2.801755;0.8762043, 0.3304179, 2.832238;1.07731, 0.05568819, 2.892323;0.8712192, 0.2013497, 2.981467;0.9927446, 0.2877353, 2.712952;0.7789201, -0.254434, 2.943951;0.9049813, -0.2101315, 2.544259;1.117336, 0.0004538028, 2.907812;1.130985, -0.07505083, 2.98843;1.19363, -0.05249232, 2.850354;1.005145, -0.4581994, 3.007885;1.122976, -0.4060002, 2.646145;1.065121, -0.725852, 2.990779;1.174857, -0.7131546, 2.592592;1.01149, -0.7934588, 2.970346;1.137262, -0.7771562, 2.560483;
0.7179554, 0.399098, 2.789182;0.8761137, 0.2884835, 2.819638;1.066045, 0.01722296, 2.894717;0.8659728, 0.1722607, 2.97451;0.9944646, 0.2363517, 2.707769;0.7700389, -0.3096869, 2.950687;0.8898445, -0.2923433, 2.538064;1.103892, -0.03774609, 2.913224;1.117626, -0.09917937, 2.992457;1.175927, -0.09786057, 2.863657;0.9747058, -0.4758245, 3.004;1.114165, -0.4316641, 2.630635;1.049648, -0.7779168, 2.994352;1.173056, -0.7372482, 2.582477;0.9869167, -0.8009228, 2.957685;1.125516, -0.7895779, 2.55401;
0.7160771, 0.3570612, 2.7715;0.8691716, 0.2377891, 2.814705;1.065958, -0.00398166, 2.890609;0.8558494, 0.1470422, 2.957549;0.9866945, 0.2108286, 2.703142;0.7552255, -0.3444513, 2.953012;0.8837312, -0.3245837, 2.528497;1.104675, -0.05369569, 2.909516;1.118822, -0.1187339, 2.987425;1.177368, -0.1044144, 2.86155;0.9595374, -0.4879101, 2.99993;1.098275, -0.4770859, 2.620694;1.047464, -0.7852355, 2.995016;1.188661, -0.7745841, 2.588202;0.9847934, -0.7979251, 2.953656;1.120745, -0.7793083, 2.554081;
0.7096603, 0.3039123, 2.761833;0.8710552, 0.2051903, 2.809848;1.057024, -0.05243117, 2.878937;0.8316603, 0.08906595, 2.96958;0.9854563, 0.1633926, 2.700628;0.7454227, -0.3748121, 2.952176;0.8882156, -0.3341245, 2.525955;1.094131, -0.1024494, 2.896519;1.103382, -0.1707209, 2.976489;1.173387, -0.1534802, 2.845673;0.9660169, -0.4560364, 2.990928;1.097046, -0.4848446, 2.6163;1.058946, -0.7297786, 2.989487;1.186402, -0.7817476, 2.583786;1.010673, -0.7929237, 2.971021;1.116936, -0.7775598, 2.553109;
0.7040495, 0.2560369, 2.757819;0.8658067, 0.165898, 2.7968;1.061968, -0.05806994, 2.878291;0.8448884, 0.03628625, 2.95092;0.9842742, 0.1196822, 2.690545;0.7359828, -0.4300074, 2.948598;0.8740546, -0.4112654, 2.519153;1.100598, -0.1064981, 2.896781;1.114376, -0.1753642, 2.985468;1.188161, -0.1573896, 2.841407;0.9014069, -0.5154676, 2.988814;1.093473, -0.486257, 2.616641;1.024224, -0.7972897, 2.994721;1.188945, -0.7804817, 2.586868;0.9859626, -0.7855308, 2.930141;1.119787, -0.7793839, 2.555423;
0.700502, 0.2217122, 2.745342;0.8641341, 0.1356535, 2.790151;1.056267, -0.1050005, 2.8604;0.8505775, -0.002687814, 2.94647;0.9811531, 0.09695999, 2.690839;0.7327009, -0.4710495, 2.947541;0.8786646, -0.395218, 2.514484;1.094911, -0.1505166, 2.878728;1.116988, -0.2219783, 2.965661;1.171673, -0.2000037, 2.823496;0.9372362, -0.4571269, 2.98516;1.0839, -0.4936019, 2.61349;1.051515, -0.7371995, 2.987473;1.168359, -0.7170939, 2.589334;1.00658, -0.7963011, 2.971948;1.125015, -0.7788523, 2.558474;
0.6928411, 0.1866793, 2.733031;0.861388, 0.0999394, 2.778037;1.069215, -0.1283588, 2.863532;0.8423514, -0.01418024, 2.93442;0.9857816, 0.05338751, 2.687918;0.727296, -0.4965616, 2.945723;0.8669781, -0.4590785, 2.508751;1.1121, -0.1764695, 2.884442;1.120969, -0.2370173, 2.968508;1.195264, -0.2146744, 2.832976;0.9255949, -0.4819602, 2.987859;1.081201, -0.4969618, 2.611448;1.039129, -0.7378844, 2.979571;1.167273, -0.7177485, 2.589212;1.003299, -0.8040645, 2.971641;1.125539, -0.7782928, 2.559896;
0.6937495, 0.1576232, 2.727856;0.859302, 0.07252242, 2.774585;1.065331, -0.1636156, 2.85918;0.8393387, -0.07839591, 2.925291;0.9827976, 0.02812927, 2.680048;0.7164028, -0.5468509, 2.935741;0.8511577, -0.5237991, 2.506317;1.106946, -0.2095257, 2.879873;1.11391, -0.2804114, 2.961937;1.191247, -0.2468835, 2.830725;0.9216561, -0.4846632, 2.986918;1.098979, -0.562919, 2.602922;1.039804, -0.7406697, 2.978756;1.167863, -0.7208761, 2.589591;1.001386, -0.8052504, 2.971269;1.124846, -0.7806926, 2.561078;
0.6939183, 0.1312939, 2.719153;0.8555515, 0.03890484, 2.766584;1.065325, -0.1712976, 2.859148;0.8291565, -0.1101017, 2.925492;0.9764843, -0.01259418, 2.675152;0.7144892, -0.5760536, 2.931051;0.8547732, -0.5382906, 2.497882;1.107106, -0.2151931, 2.880382;1.114007, -0.291002, 2.968691;1.196861, -0.2514337, 2.830582;0.9239268, -0.5397376, 2.984372;1.085145, -0.5367703, 2.600312;1.051718, -0.757872, 2.979737;1.165295, -0.7222919, 2.588768;0.9953467, -0.8072351, 2.971918;1.128885, -0.7843577, 2.566458;
0.7024903, 0.1065745, 2.714731;0.8531799, 0.01181205, 2.758669;1.060985, -0.2356092, 2.838725;0.8294886, -0.1445362, 2.924484;0.9796902, -0.03016771, 2.673784;0.7119071, -0.5850928, 2.932086;0.8583305, -0.5621693, 2.492665;1.102703, -0.2833071, 2.858745;1.106713, -0.3506183, 2.93217;1.185543, -0.3152979, 2.815966;0.9253962, -0.5464659, 2.98349;1.063584, -0.594004, 2.569197;1.046198, -0.7710807, 2.979619;1.165283, -0.7222114, 2.588961;0.9822009, -0.8092303, 2.969567;1.127004, -0.7830406, 2.566903;
0.6921993, 0.05819017, 2.704313;0.8483019, -0.00741965, 2.749381;1.05249, -0.2305205, 2.835772;0.8147787, -0.1537193, 2.929279;0.980047, -0.05288372, 2.670006;0.7128947, -0.5982675, 2.940576;0.872511, -0.5455868, 2.491091;1.090888, -0.2735358, 2.85571;1.102973, -0.3412492, 2.939827;1.181012, -0.3150336, 2.811257;0.9253457, -0.5450244, 2.983619;1.061352, -0.5947131, 2.56872;1.048318, -0.7739084, 2.977404;1.166723, -0.7232216, 2.590713;0.9821394, -0.8080115, 2.968092;1.126858, -0.782357, 2.567272;
0.6956612, 0.04727368, 2.707074;0.8432292, -0.04050447, 2.753269;1.051856, -0.2310778, 2.837172;0.7966834, -0.1930701, 2.947793;0.9783107, -0.07526313, 2.668027;0.7139674, -0.6334233, 2.936361;0.8627278, -0.581167, 2.487992;1.090814, -0.2729394, 2.857543;1.105511, -0.3411687, 2.946728;1.184535, -0.3129884, 2.813847;0.9592189, -0.659896, 3.003487;1.089051, -0.5757203, 2.584436;1.087699, -0.9027658, 2.990703;1.166438, -0.723747, 2.590046;1.017949, -0.9272977, 2.978846;1.128158, -0.784287, 2.568206;
0.6844518, 0.01521453, 2.694081;0.8392651, -0.0528066, 2.744622;1.049086, -0.2369997, 2.838008;0.7954804, -0.2007726, 2.944521;0.9770134, -0.09570113, 2.666463;0.7124588, -0.6668486, 2.931766;0.8532787, -0.620079, 2.463705;1.089441, -0.2760971, 2.859104;1.104892, -0.3460979, 2.951936;1.185362, -0.3148921, 2.815192;0.9522024, -0.6662689, 3.002544;1.090313, -0.5764657, 2.584969;1.080683, -0.9091387, 2.989819;1.165472, -0.72401, 2.589459;1.011065, -0.9336238, 2.977984;1.127154, -0.7847598, 2.568789;
0.6817567, 0.00522773, 2.690978;0.8355258, -0.06295931, 2.738225;1.053336, -0.244947, 2.838589;0.7865537, -0.2158234, 2.945997;0.9715916, -0.1160033, 2.662906;0.7079684, -0.6706584, 2.932324;0.8455, -0.6604792, 2.448788;1.09632, -0.2834359, 2.861507;1.108869, -0.3485256, 2.947963;1.19057, -0.3150282, 2.82327;0.9562858, -0.6671538, 3.002367;1.091618, -0.579486, 2.585851;1.084766, -0.9100236, 2.989695;1.164008, -0.7262502, 2.588895;1.055541, -0.9836414, 2.95148;1.131096, -0.7916175, 2.57367;
0.6808332, -0.007680552, 2.687474;0.8388847, -0.08060709, 2.734574;1.058223, -0.2627524, 2.841156;0.7889434, -0.2065824, 2.921565;0.9744757, -0.1221618, 2.664096;0.7058774, -0.6703645, 2.934509;0.8584523, -0.6244146, 2.454496;1.101651, -0.2993409, 2.865538;1.110143, -0.3560207, 2.94639;1.193923, -0.3251333, 2.83086;0.9595523, -0.6902972, 3.001776;1.093319, -0.58149, 2.587761;1.088033, -0.9331669, 2.989145;1.16372, -0.7272766, 2.589354;1.107145, -0.8971267, 2.89659;1.131051, -0.7934373, 2.577325;
0.6768369, -0.01566091, 2.683988;0.8370495, -0.08994997, 2.730137;1.053459, -0.2689003, 2.840693;0.7866244, -0.2559655, 2.93153;0.9727613, -0.128887, 2.665183;0.7027502, -0.6773149, 2.931702;0.8608254, -0.6234453, 2.452019;1.096445, -0.3050202, 2.865901;1.102993, -0.3713789, 2.949762;1.19189, -0.3281117, 2.832;0.9962097, -0.654031, 2.986537;1.094994, -0.584451, 2.58982;1.12469, -0.8969007, 2.973963;1.163582, -0.7296003, 2.590352;1.134722, -0.8668402, 2.877944;1.131199, -0.7959586, 2.578804;
0.6765245, -0.01920451, 2.681816;0.8365378, -0.09275298, 2.728315;1.026276, -0.2868025, 2.835502;0.7846939, -0.2562688, 2.933933;0.9715395, -0.1308125, 2.664558;0.6999733, -0.6827152, 2.928572;0.8623683, -0.6224135, 2.448357;1.059669, -0.3273266, 2.86035;1.056941, -0.4025314, 2.931687;1.144594, -0.3455251, 2.836537;1.009691, -0.6563374, 2.992487;1.094571, -0.5862024, 2.590057;1.138172, -0.8992071, 2.979979;1.161955, -0.7318708, 2.590314;1.144071, -0.8693043, 2.883626;1.129996, -0.7983662, 2.578638;
0.674276, -0.01974676, 2.680573;0.8359741, -0.0954157, 2.727643;1.02193, -0.2848459, 2.834658;0.7850249, -0.2541928, 2.932729;0.969664, -0.1339091, 2.663257;0.6983175, -0.6864668, 2.926355;0.8647116, -0.6245338, 2.444226;1.055751, -0.3234872, 2.85946;1.0563, -0.3974521, 2.940714;1.144073, -0.3443626, 2.831672;1.009982, -0.6618724, 2.995008;1.094077, -0.5865127, 2.590168;1.138463, -0.9047422, 2.982573;1.160659, -0.7323174, 2.590384;1.141396, -0.8742053, 2.886335;1.126438, -0.7968536, 2.574957;
0.6736079, -0.02182874, 2.679516;0.8350433, -0.0951344, 2.725999;1.022076, -0.2854455, 2.834707;0.7840465, -0.2534127, 2.93261;0.9689014, -0.1367233, 2.661068;0.6976721, -0.6869231, 2.925333;0.86567, -0.626709, 2.441421;1.056834, -0.3245564, 2.860006;1.056695, -0.3975694, 2.938518;1.144832, -0.3444338, 2.83392;1.004216, -0.6595647, 2.992154;1.094265, -0.5878199, 2.590645;1.132696, -0.9024344, 2.979783;1.160407, -0.73351, 2.590663;1.136998, -0.8722574, 2.883537;1.125916, -0.7976706, 2.574472;
0.6736822, -0.02164551, 2.679752;0.8342438, -0.1001127, 2.730195;1.003381, -0.2653397, 2.844244;0.7757323, -0.2568289, 2.937797;0.9686564, -0.1398048, 2.659706;0.6968905, -0.687227, 2.924251;0.8660505, -0.6286692, 2.440475;1.032681, -0.2920688, 2.871535;1.048708, -0.3677031, 2.979738;1.139661, -0.3332044, 2.836957;1.007176, -0.6649262, 2.994856;1.085525, -0.5526227, 2.610567;1.135657, -0.907796, 2.982555;1.149622, -0.6982346, 2.609657;1.139266, -0.8767146, 2.886614;1.134315, -0.7845391, 2.57868;
0.6726668, -0.0226112, 2.679263;0.8338898, -0.09999778, 2.729367;1.008383, -0.2711965, 2.841129;0.7769802, -0.2536111, 2.932747;0.9685557, -0.1402304, 2.659459;0.696525, -0.6873564, 2.923608;0.8672031, -0.625167, 2.440193;1.045503, -0.3074193, 2.865772;1.05099, -0.3842042, 2.947513;1.140268, -0.3332938, 2.836498;1.017782, -0.6665637, 3.002005;1.084683, -0.5749282, 2.599504;1.146262, -0.9094335, 2.989779;1.148644, -0.7206125, 2.598559;1.147021, -0.8783407, 2.893823;1.131331, -0.7891657, 2.574906;
0.6721029, -0.02092274, 2.679207;0.8325233, -0.1011861, 2.729977;1.011975, -0.2764733, 2.839529;0.7779175, -0.2514953, 2.930526;0.967223, -0.1410307, 2.659353;0.696109, -0.687517, 2.922697;0.8688397, -0.6263317, 2.439954;1.04963, -0.3127576, 2.863953;1.053013, -0.3861858, 2.944806;1.142138, -0.3348414, 2.834989;1.016661, -0.6670569, 3.000413;1.084421, -0.5789497, 2.596397;1.145141, -0.9099267, 2.988251;1.148366, -0.7246127, 2.595519;1.147261, -0.8790838, 2.892278;1.134969, -0.79521, 2.575752;
0.6719218, -0.02053788, 2.679048;0.8316393, -0.1027454, 2.731051;1.021064, -0.2772436, 2.840071;0.7738959, -0.2498964, 2.929315;0.9670236, -0.1414982, 2.658929;0.6960551, -0.6876034, 2.922619;0.8709431, -0.626317, 2.439644;1.061749, -0.3124785, 2.864618;1.065989, -0.382009, 2.940248;1.158463, -0.3306596, 2.838484;1.020693, -0.6746284, 3.003843;1.084545, -0.5794169, 2.596049;1.149173, -0.9174981, 2.991734;1.148486, -0.7250754, 2.595223;1.148721, -0.885555, 2.89614;1.133028, -0.7950324, 2.574804;
0.6719183, -0.02051276, 2.67877;0.8312049, -0.1022037, 2.728515;1.012092, -0.2771053, 2.836532;0.7737727, -0.2499428, 2.929111;0.965737, -0.1410823, 2.658292;0.6956189, -0.6877474, 2.922393;0.8720208, -0.622972, 2.439749;1.046756, -0.3123529, 2.860866;1.047535, -0.3839676, 2.938823;1.132982, -0.3313283, 2.833743;0.9294376, -0.5461149, 2.971092;1.084696, -0.5804675, 2.595895;1.057918, -0.7889847, 2.959052;1.148631, -0.7261198, 2.595138;1.079897, -0.7855723, 2.86079;1.136468, -0.7968423, 2.575249;
0.6719339, -0.0205202, 2.678524;0.831175, -0.1016446, 2.726794;1.01221, -0.2782272, 2.835775;0.7710798, -0.2514319, 2.930621;0.9655529, -0.140405, 2.658451;0.6954991, -0.6878, 2.922276;0.8722692, -0.6233416, 2.440279;1.04721, -0.3139954, 2.860304;1.047477, -0.3871554, 2.935659;1.134454, -0.3327381, 2.834883;0.9592957, -0.5640548, 2.971433;1.08722, -0.5835705, 2.595936;1.087776, -0.8069246, 2.959454;1.151143, -0.7292131, 2.595236;1.10257, -0.7989122, 2.860165;1.135083, -0.7988111, 2.574295;
0.671127, -0.02005141, 2.678268;0.8303867, -0.1023285, 2.72789;1.010434, -0.2784195, 2.83511;0.7673773, -0.2530747, 2.930769;0.9658504, -0.1418037, 2.657631;0.6953264, -0.6884024, 2.922615;0.8660508, -0.6488973, 2.434226;1.045455, -0.3139927, 2.859376;1.047188, -0.38777, 2.936686;1.134898, -0.3349855, 2.831839;0.9994205, -0.6543516, 2.987806;1.088142, -0.5863478, 2.595599;1.127901, -0.8972213, 2.975884;1.151093, -0.7267576, 2.591798;1.13314, -0.8691257, 2.879295;1.136467, -0.7981783, 2.57669;
0.6705281, -0.02001708, 2.677804;0.830323, -0.1018059, 2.726722;1.013234, -0.2768172, 2.834157;0.7688604, -0.2553596, 2.930687;0.9652075, -0.1430847, 2.656881;0.6954093, -0.6892353, 2.924436;0.8718508, -0.6277651, 2.439697;1.049942, -0.3117257, 2.858637;1.068189, -0.3821741, 2.951533;1.150754, -0.3386495, 2.825396;1.065235, -0.6480317, 2.991833;1.088142, -0.5892968, 2.594452;1.193716, -0.8909014, 2.979966;1.150914, -0.7254019, 2.589696;1.184235, -0.8646924, 2.883207;1.138169, -0.7977945, 2.578034;
0.6704757, -0.01972216, 2.677738;0.8301883, -0.1024543, 2.727205;1.013605, -0.2792066, 2.83425;0.7721776, -0.2500823, 2.927336;0.9655836, -0.1439134, 2.655181;0.6953711, -0.6874901, 2.926449;0.8718007, -0.6278942, 2.439253;1.050458, -0.3147207, 2.85867;1.059556, -0.3866872, 2.940133;1.148028, -0.3402758, 2.827594;0.9895685, -0.6520687, 2.982596;1.08933, -0.5912279, 2.594044;1.118049, -0.8949384, 2.970781;1.151443, -0.723302, 2.588316;1.126148, -0.8670754, 2.874401;1.135855, -0.7950867, 2.576539;
0.6706007, -0.01958747, 2.677613;0.8308682, -0.1007765, 2.725389;1.00697, -0.2773382, 2.833747;0.7785902, -0.2421471, 2.921151;0.9652903, -0.143733, 2.655182;0.6954592, -0.6883576, 2.926426;0.8721553, -0.6269566, 2.439297;1.040363, -0.3125926, 2.858843;1.03892, -0.384457, 2.950484;1.131236, -0.3391197, 2.824651;0.9199104, -0.5503821, 2.964262;1.089927, -0.5915426, 2.594392;1.048391, -0.7932519, 2.952513;1.151937, -0.720412, 2.588329;1.074479, -0.789354, 2.855422;1.137916, -0.792661, 2.57767;
0.6711112, -0.01976284, 2.677628;0.8309761, -0.09934035, 2.723814;1.009296, -0.2813516, 2.835118;0.7891605, -0.2290466, 2.905574;0.9655052, -0.1436802, 2.655251;0.6954819, -0.6874521, 2.926793;0.8724631, -0.6261149, 2.438803;1.044887, -0.319766, 2.861741;1.041755, -0.3869656, 2.94869;1.133686, -0.3463404, 2.830508;1.002071, -0.671771, 2.988496;1.090112, -0.5912778, 2.594779;1.130551, -0.9146408, 2.9768;1.151725, -0.7167171, 2.588695;1.135754, -0.8828691, 2.881512;1.13681, -0.7886291, 2.577168;
0.6726303, -0.0172738, 2.679783;0.8315252, -0.09794661, 2.723976;1.007167, -0.2881839, 2.836734;0.7862142, -0.2324849, 2.912867;0.9656523, -0.1422977, 2.655366;0.6954548, -0.6871462, 2.927184;0.8588217, -0.674544, 2.431071;1.041636, -0.3292084, 2.863464;1.039548, -0.4087574, 2.951248;1.131149, -0.3632749, 2.833972;1.012162, -0.7487274, 3.017114;1.090461, -0.5907201, 2.594911;1.140642, -0.9915972, 3.005459;1.151952, -0.7136073, 2.588377;1.142893, -0.9476173, 2.915051;1.137138, -0.7857044, 2.578013;
0.671499, -0.01287191, 2.680822;0.8308282, -0.09595954, 2.724395;1.007516, -0.2862886, 2.835803;0.7853816, -0.2330501, 2.918023;0.9662688, -0.1373022, 2.65627;0.6959643, -0.6861378, 2.927166;0.8708961, -0.6188374, 2.442923;1.042583, -0.3257803, 2.86164;1.041764, -0.3951525, 2.935329;1.131623, -0.3480817, 2.833917;0.9724959, -0.6175534, 2.972758;1.089827, -0.5887555, 2.59439;1.100976, -0.8604231, 2.961165;1.150329, -0.7088364, 2.586894;1.114006, -0.8400367, 2.863601;1.137563, -0.7834798, 2.578649;
0.6711918, -0.009666391, 2.680581;0.8306544, -0.09451743, 2.725556;1.033685, -0.2539416, 2.837097;0.7847428, -0.2324027, 2.92203;0.9665715, -0.1301187, 2.656518;0.6982436, -0.6771358, 2.929535;0.8568879, -0.6662406, 2.432874;1.077446, -0.2832835, 2.861859;1.09499, -0.3468375, 2.953679;1.179489, -0.3137876, 2.826807;1.096631, -0.5725335, 2.981965;1.08536, -0.5871587, 2.59359;1.225111, -0.8154032, 2.970414;1.157102, -0.7185846, 2.586826;1.207615, -0.8063034, 2.871799;1.140989, -0.7908805, 2.58058;
0.6673304, -3.282633E-05, 2.680204;0.8299186, -0.08620855, 2.727382;1.034765, -0.2515487, 2.837024;0.7820349, -0.2290977, 2.927105;0.9643477, -0.1246491, 2.658566;0.6992158, -0.6759253, 2.929416;0.8611992, -0.6466981, 2.436298;1.077824, -0.2824923, 2.86175;1.094626, -0.3447375, 2.95012;1.177482, -0.3097575, 2.828435;0.9757193, -0.6205714, 2.976758;1.073, -0.5764046, 2.593462;1.1042, -0.8634412, 2.965255;1.159672, -0.719859, 2.587358;1.116818, -0.8418909, 2.867806;1.138901, -0.7907995, 2.579312;
0.6686698, 0.002262468, 2.680241;0.8289449, -0.07437737, 2.72569;1.045118, -0.2292571, 2.839807;0.782689, -0.2235218, 2.927407;0.9688833, -0.1111182, 2.659112;0.7008095, -0.6679378, 2.928926;0.8566658, -0.6614701, 2.435107;1.089147, -0.260464, 2.865966;1.104226, -0.3199822, 2.953636;1.192189, -0.280933, 2.835515;0.9745319, -0.5748213, 2.971823;1.084221, -0.5596502, 2.596756;1.103012, -0.8176911, 2.960362;1.161218, -0.7207522, 2.588018;1.117251, -0.7939757, 2.863609;1.132925, -0.7885633, 2.576473;
0.6750169, 0.01818786, 2.678616;0.8283917, -0.06985492, 2.727984;1.044089, -0.2264815, 2.840024;0.7834579, -0.2209107, 2.927461;0.9660155, -0.1048561, 2.65898;0.7050948, -0.6664578, 2.9314;0.8647383, -0.6300476, 2.443562;1.087786, -0.2577325, 2.865874;1.103468, -0.3171509, 2.952753;1.188439, -0.2788656, 2.835057;0.9746519, -0.5749085, 2.97178;1.07867, -0.5520521, 2.595429;1.103132, -0.8177782, 2.960363;1.162557, -0.7221687, 2.587757;1.117394, -0.7941027, 2.863574;1.127022, -0.7859246, 2.562975;
0.6734205, 0.02281506, 2.677321;0.8284087, -0.06285033, 2.730468;1.048298, -0.2134467, 2.849708;0.7878248, -0.2076344, 2.927261;0.9693841, -0.0893102, 2.662666;0.7077213, -0.6633277, 2.933149;0.8639469, -0.6320482, 2.444856;1.092828, -0.2433249, 2.877393;1.101722, -0.3017138, 2.948609;1.185341, -0.2432447, 2.871428;0.973158, -0.5656318, 2.973113;1.064085, -0.5132434, 2.605836;1.101638, -0.8085015, 2.961749;1.190523, -0.7799275, 2.590531;1.113699, -0.7996179, 2.862163;1.122588, -0.7855105, 2.560626;
0.6754904, 0.02786482, 2.678231;0.825835, -0.04906621, 2.728722;1.055423, -0.2144229, 2.845546;0.8115473, -0.1559686, 2.880936;0.9684165, -0.07530837, 2.661866;0.7199037, -0.6466094, 2.936703;0.8651886, -0.6316113, 2.457632;1.103942, -0.2476305, 2.871121;1.11087, -0.3009592, 2.928684;1.188691, -0.2537719, 2.855226;0.9632966, -0.5587242, 2.975698;1.112948, -0.5266992, 2.576422;1.091777, -0.8015938, 2.96437;1.163455, -0.7220693, 2.588046;1.10459, -0.7942356, 2.864769;1.126405, -0.7845205, 2.561527;
0.6703798, 0.0333275, 2.675427;0.8191314, -0.0318746, 2.721969;1.050719, -0.2142693, 2.848221;0.8098611, -0.1345446, 2.861096;0.9677508, -0.06917797, 2.661687;0.7228385, -0.6423969, 2.936742;0.8675627, -0.6287609, 2.460291;1.096043, -0.2497904, 2.877003;1.088889, -0.2951979, 2.922275;1.154531, -0.2608584, 2.879749;0.9598727, -0.5473851, 2.977574;1.012581, -0.5303148, 2.600244;1.088353, -0.7902548, 2.966281;1.195428, -0.760796, 2.591101;0.9893547, -0.8048554, 2.977201;1.125388, -0.7832485, 2.558296;
0.665392, 0.03819816, 2.673638;0.8150549, -0.02562507, 2.719064;1.025521, -0.26966, 2.808646;0.8170308, -0.134575, 2.862201;0.9644091, -0.0647024, 2.659723;0.7300553, -0.6346659, 2.936039;0.8771838, -0.6039857, 2.477057;1.068839, -0.3203446, 2.830711;1.07213, -0.3607308, 2.883826;1.126973, -0.3518297, 2.801808;1.003852, -0.5037912, 2.989283;1.142405, -0.7059729, 2.607761;1.045031, -0.6959339, 2.948125;1.163481, -0.7195715, 2.587741;0.9810694, -0.7701904, 2.97103;1.125598, -0.7824961, 2.556951;
0.6629136, 0.04384625, 2.673924;0.811838, -0.02019572, 2.719903;1.022278, -0.2688947, 2.806737;0.7941143, -0.1852037, 2.944475;0.9535644, -0.04993631, 2.658189;0.7364479, -0.6324375, 2.937939;0.877645, -0.6073831, 2.47642;1.06435, -0.3196262, 2.827532;1.053572, -0.3730943, 2.849559;1.123384, -0.3445933, 2.809115;0.9511325, -0.6050073, 3.127532;1.142646, -0.6074958, 2.614909;1.06784, -0.7967443, 2.989614;1.164194, -0.7195657, 2.587719;0.9947575, -0.8092133, 2.985745;1.126345, -0.7825227, 2.553936;
0.6618446, 0.04613993, 2.674983;0.8103546, -0.01921056, 2.720231;1.021093, -0.2645912, 2.805496;0.8225347, -0.1200913, 2.86792;0.9409524, 0.0005591451, 2.660178;0.74692, -0.6204129, 2.943829;0.8818887, -0.6002172, 2.48048;1.063231, -0.313522, 2.825595;1.06492, -0.3570902, 2.865126;1.120965, -0.3369562, 2.802692;0.9326446, -0.6023777, 3.118676;1.139131, -0.5008026, 2.621151;1.067906, -0.7930604, 2.988887;1.165527, -0.7185153, 2.588303;0.9958355, -0.8097325, 2.984695;1.126545, -0.782225, 2.553976;
0.6644552, 0.04845913, 2.674551;0.813441, -0.01541374, 2.719762;1.024555, -0.2634096, 2.805722;0.8234568, -0.1389576, 2.888417;0.9380406, 0.002678213, 2.659933;0.7484613, -0.6142691, 2.945099;0.8841464, -0.5951068, 2.486257;1.066909, -0.3127886, 2.826019;1.069969, -0.3592747, 2.858238;1.126107, -0.329097, 2.81574;0.9323603, -0.5895534, 3.121955;1.139568, -0.5005831, 2.621183;1.069275, -0.7909706, 2.989942;1.166291, -0.7192442, 2.588203;0.9980115, -0.8075199, 2.979106;1.128173, -0.7818983, 2.554528;
0.6644521, 0.0477442, 2.673844;0.813292, -0.01566665, 2.71929;1.031637, -0.261185, 2.806461;0.8594366, -0.1175995, 2.833321;0.9374871, 0.001604414, 2.654238;0.7511582, -0.6068517, 2.945671;0.8969224, -0.5532871, 2.492877;1.077347, -0.3094023, 2.8276;1.094483, -0.3500735, 2.818129;1.135668, -0.3168305, 2.85905;0.9566743, -0.5702221, 3.088979;1.142388, -0.4989232, 2.622468;1.070678, -0.7861204, 2.983664;1.167958, -0.7188305, 2.588362;0.999996, -0.8020664, 2.969495;1.128565, -0.7815275, 2.554409;
0.6642832, 0.04925334, 2.670405;0.8128316, -0.01399069, 2.716195;1.042377, -0.2341401, 2.812193;0.8582755, -0.1176278, 2.835588;0.9376205, 0.002162562, 2.651119;0.7566576, -0.6034096, 2.948342;0.8950285, -0.5811853, 2.494368;1.090604, -0.2741574, 2.837146;1.100107, -0.3275461, 2.821529;1.139426, -0.2784077, 2.876329;1.003326, -0.5004392, 2.994011;1.146867, -0.4909534, 2.624427;1.068509, -0.7832732, 2.980972;1.169289, -0.7171108, 2.588629;0.9978399, -0.8017405, 2.971126;1.128728, -0.7806652, 2.553751;
0.6626695, 0.05395551, 2.667943;0.8111228, -0.009138268, 2.71368;1.043823, -0.1585276, 2.881512;0.8335386, -0.100964, 2.868102;0.9394757, 0.001241493, 2.645317;0.7596287, -0.5996991, 2.950535;0.8985593, -0.5734642, 2.497969;1.091034, -0.1903082, 2.919323;1.097317, -0.2454551, 2.908311;1.147698, -0.1775354, 2.974127;1.014076, -0.5308946, 3.00186;1.148882, -0.4888414, 2.625006;1.091478, -0.7805794, 3.014728;1.177655, -0.7794423, 2.586342;1.013408, -0.7967058, 2.97373;1.116785, -0.779828, 2.544791;
0.6592841, 0.06578963, 2.668911;0.807227, -0.001226825, 2.712108;1.041778, -0.1668699, 2.896074;0.8347292, -0.1073177, 2.872736;0.9383352, 0.001431253, 2.644329;0.7721341, -0.5865937, 2.948609;0.9015216, -0.5710694, 2.502963;1.088869, -0.2038407, 2.940511;1.104813, -0.2677753, 2.933077;1.141054, -0.2001569, 3.015123;1.016555, -0.5334767, 3.001714;1.151788, -0.4857538, 2.625994;1.082522, -0.770288, 3.004439;1.177276, -0.7759231, 2.585758;1.015321, -0.795762, 2.974148;1.117016, -0.7804534, 2.543675;
0.6593934, 0.06642021, 2.669072;0.8076898, 6.483472E-05, 2.711795;1.034529, -0.1532598, 2.893152;0.8261275, -0.1046312, 2.885742;0.9373554, 0.001376479, 2.642002;0.7726073, -0.5875184, 2.949477;0.9014671, -0.5664649, 2.502468;1.076881, -0.1806547, 2.932946;1.099198, -0.2426512, 2.920948;1.140627, -0.1856639, 3.015678;1.016215, -0.530337, 3.003252;1.155752, -0.4822276, 2.628451;1.080359, -0.7652145, 3.006379;1.177606, -0.7719139, 2.585863;1.018856, -0.7948755, 2.976662;1.117836, -0.7811778, 2.543979;
0.661312, 0.08119315, 2.670566;0.8064143, 0.005339502, 2.710304;1.015549, -0.1446548, 2.882015;0.8254818, -0.1023673, 2.888838;0.9367225, 0.001138785, 2.640162;0.7728402, -0.5718803, 2.952274;0.9066324, -0.5542877, 2.5053;1.055798, -0.1744738, 2.919441;1.086867, -0.2529024, 2.903499;1.136666, -0.1821546, 3.018701;1.020825, -0.5269254, 3.004783;1.157724, -0.4819772, 2.629824;1.079034, -0.7631204, 3.006396;1.178034, -0.7710048, 2.584892;1.020417, -0.796471, 2.977226;1.117753, -0.7809988, 2.544084;
0.6661838, 0.09982688, 2.677896;0.810025, 0.01966346, 2.715229;1.008313, -0.1338137, 2.874119;0.8197578, -0.08663408, 2.884593;0.9364137, 0.002101399, 2.638185;0.775333, -0.5665936, 2.949132;0.9084595, -0.5510069, 2.506338;1.046416, -0.1633841, 2.908061;1.079768, -0.2493043, 2.884357;1.133465, -0.1764151, 3.018644;1.023083, -0.5154414, 3.007589;1.161138, -0.4800563, 2.631912;1.078649, -0.7601286, 3.004987;1.17768, -0.7685102, 2.584691;1.020555, -0.7957298, 2.977738;1.118166, -0.7814359, 2.543753;
0.6664499, 0.1002966, 2.676889;0.8119837, 0.02533498, 2.71579;1.049473, -0.09368289, 2.843781;0.8455405, -0.06076224, 2.852755;0.9364067, 0.00237453, 2.636222;0.7786989, -0.5543416, 2.945784;0.90835, -0.5484533, 2.505791;1.096234, -0.119619, 2.872436;1.162914, -0.1965327, 2.815625;1.184129, -0.1284406, 3.007575;1.018291, -0.4658387, 3.033687;1.170612, -0.4372981, 2.640946;1.077623, -0.7572741, 3.005454;1.174435, -0.725417, 2.587388;1.021423, -0.7954579, 2.977979;1.136579, -0.7794692, 2.555506;
0.6569151, 0.1133463, 2.671599;0.8032675, 0.04656884, 2.715606;1.070339, -0.09532759, 2.860956;0.8389143, -0.05418275, 2.860054;0.9354609, 0.003820528, 2.634935;0.7803687, -0.5503682, 2.936633;0.9085582, -0.5441984, 2.506322;1.131576, -0.1260723, 2.899204;1.166, -0.1662446, 2.894762;1.186527, -0.1333785, 2.950529;1.024673, -0.4893289, 3.031249;1.170853, -0.4362862, 2.64068;1.077038, -0.7547822, 3.003158;1.175152, -0.7240456, 2.587002;1.021376, -0.7952745, 2.978237;1.137243, -0.7783919, 2.555884;
0.662039, 0.1195048, 2.672805;0.8082122, 0.05163463, 2.715693;1.075465, -0.09597515, 2.864474;0.8320358, -0.05078501, 2.889665;0.9338396, 0.005441539, 2.635537;0.7780376, -0.5490958, 2.934458;0.9083842, -0.5354511, 2.506667;1.132897, -0.1265527, 2.90034;1.166515, -0.1674333, 2.895771;1.187354, -0.1333896, 2.951327;1.038059, -0.4971045, 3.031353;1.171314, -0.4357241, 2.64024;1.081063, -0.7823762, 2.996978;1.17524, -0.7230489, 2.58706;1.012383, -0.7941946, 2.974803;1.137796, -0.777998, 2.556616;
0.6720893, 0.1325007, 2.67745;0.8171397, 0.06478262, 2.721929;1.078769, -0.09390111, 2.867145;0.8247703, -0.04133663, 2.897054;0.9428514, 0.07529023, 2.651984;0.7788607, -0.5426193, 2.936365;0.9071066, -0.5231262, 2.504831;1.133981, -0.1256922, 2.901346;1.164364, -0.1680027, 2.898227;1.1903, -0.1300989, 2.950085;1.01822, -0.4807845, 3.049922;1.17147, -0.4351786, 2.640199;1.074821, -0.7439835, 2.99674;1.175407, -0.7222216, 2.587136;1.023365, -0.7931314, 2.97618;1.138369, -0.7777874, 2.557483;
0.681293, 0.1492707, 2.684474;0.826636, 0.08225431, 2.728577;1.091961, -0.09477524, 2.87707;0.8203979, -0.04044035, 2.913909;0.9487901, 0.08077659, 2.657724;0.7748266, -0.5169069, 2.94007;0.9066585, -0.4724721, 2.507137;1.146294, -0.1297565, 2.910858;1.159868, -0.1801546, 2.935503;1.207007, -0.1289521, 2.937064;1.000368, -0.501955, 3.052955;1.172572, -0.4318734, 2.640868;1.072385, -0.7370218, 2.995553;1.175392, -0.7186269, 2.587447;1.021, -0.7948711, 2.973371;1.139491, -0.7758169, 2.558384;
0.6530218, 0.1490701, 2.69861;0.8291792, 0.1120664, 2.728113;1.070289, -0.06148257, 2.876857;0.8163763, 0.03421795, 2.866219;0.9642637, 0.09840984, 2.662452;0.7770354, -0.4929828, 2.937865;0.9013135, -0.4694496, 2.502911;1.116369, -0.09445604, 2.909911;1.135991, -0.137814, 2.997431;1.205042, -0.1312322, 2.888169;1.014498, -0.4973831, 3.025065;1.173406, -0.4304457, 2.639832;1.071789, -0.7356178, 2.99356;1.175495, -0.7169338, 2.586112;1.019186, -0.795882, 2.974419;1.139801, -0.7755837, 2.558827;
0.6502665, 0.1600305, 2.705909;0.8293143, 0.1260519, 2.733576;1.070282, -0.06089179, 2.877701;0.8045968, 0.01333799, 2.925466;0.9693942, 0.1046263, 2.660385;0.7725084, -0.4762498, 2.937547;0.8976548, -0.4574113, 2.505701;1.116601, -0.09467053, 2.910488;1.135115, -0.1409463, 2.996062;1.20568, -0.1304978, 2.889791;1.099558, -0.4783186, 3.010373;1.174475, -0.4274357, 2.639458;1.072398, -0.7344391, 2.993389;1.17591, -0.7089625, 2.588609;1.014245, -0.7965942, 2.974283;1.139538, -0.7748966, 2.558619;
0.6544986, 0.2001458, 2.713781;0.8357459, 0.1610763, 2.743335;1.073176, -0.06112345, 2.87966;0.8111748, 0.04825618, 2.913512;0.9737803, 0.145739, 2.670636;0.772579, -0.4527573, 2.94243;0.890119, -0.4517305, 2.50828;1.121885, -0.09967403, 2.912788;1.132002, -0.1470475, 2.9691;1.203275, -0.1311975, 2.899024;1.105654, -0.4614837, 3.011048;1.175549, -0.4217139, 2.641502;1.070021, -0.7355372, 2.992256;1.176, -0.7089623, 2.588649;1.009775, -0.7964861, 2.970962;1.140215, -0.7749413, 2.558597;
0.6722433, 0.2634573, 2.713293;0.8410454, 0.1767188, 2.748757;1.075112, -0.06045187, 2.881069;0.8098923, 0.06685682, 2.920385;0.9733846, 0.151006, 2.670129;0.7684017, -0.4362037, 2.946611;0.8984364, -0.3766944, 2.512361;1.123509, -0.1013621, 2.91348;1.127761, -0.1433737, 2.957493;1.199162, -0.1330675, 2.906572;1.115631, -0.5279916, 2.999125;1.177025, -0.4176758, 2.642427;1.069071, -0.7353515, 2.991363;1.176064, -0.7088149, 2.58857;1.010917, -0.7954381, 2.970913;1.139774, -0.7744713, 2.557739;
0.6730992, 0.2994398, 2.716724;0.8415908, 0.2006025, 2.75863;1.069968, -0.04370955, 2.885932;0.8080533, 0.0871225, 2.930727;0.98356, 0.1713533, 2.673228;0.7692528, -0.3900626, 2.943499;0.8978258, -0.3610218, 2.513243;1.117803, -0.09175576, 2.91552;1.117743, -0.1316436, 2.964803;1.195902, -0.1294324, 2.906288;1.117865, -0.5163251, 2.999229;1.179097, -0.4148784, 2.643545;1.054656, -0.794253, 2.997211;1.175988, -0.708606, 2.588354;0.9938098, -0.790566, 2.957169;1.139961, -0.7748275, 2.557401;
0.7031831, 0.3261318, 2.736469;0.8816738, 0.1886222, 2.792208;1.067238, -0.03642511, 2.890823;0.8016268, 0.1465342, 2.924505;0.9790505, 0.1933712, 2.673807;0.7698864, -0.3723721, 2.936889;0.8940721, -0.3402672, 2.516154;1.107487, -0.07903081, 2.919058;1.109318, -0.121463, 2.972186;1.185466, -0.123633, 2.906134;1.115635, -0.508819, 3.001549;1.183053, -0.4124021, 2.647762;1.055578, -0.7873434, 2.994826;1.175959, -0.7060495, 2.588346;0.9937939, -0.7930121, 2.956499;1.139979, -0.774756, 2.55734;
0.7196456, 0.3527062, 2.752322;0.88807, 0.1941203, 2.795604;1.067564, -0.03214501, 2.894636;0.8065671, 0.15047, 2.923753;0.9895561, 0.2108232, 2.682589;0.7804753, -0.3272134, 2.947164;0.8974283, -0.3097097, 2.533093;1.106178, -0.07635349, 2.920821;1.106091, -0.1179357, 2.973348;1.182498, -0.1220277, 2.908084;1.115644, -0.4929172, 3.005392;1.18475, -0.4100288, 2.650112;1.068255, -0.7736465, 2.997516;1.176117, -0.7057468, 2.588145;1.017528, -0.7921261, 2.948453;1.139595, -0.7747267, 2.557204;
0.7408715, 0.3889478, 2.764073;0.9025042, 0.2204024, 2.805194;1.069754, -0.02745497, 2.900702;0.8176556, 0.1926403, 2.926271;0.9830485, 0.2504203, 2.685434;0.7732192, -0.2905691, 2.935095;0.9021155, -0.2921732, 2.528863;1.106244, -0.07452387, 2.924443;1.103483, -0.1145259, 2.973558;1.177136, -0.1186784, 2.914694;1.117117, -0.4886301, 3.005258;1.186016, -0.4047465, 2.655815;1.07001, -0.769161, 2.996834;1.176195, -0.7056633, 2.588241;1.012825, -0.7895344, 2.956387;1.139465, -0.7746308, 2.55715;
0.7628672, 0.4148919, 2.785851;0.9169194, 0.2341645, 2.814952;1.053696, 0.03308921, 2.896681;0.8218957, 0.2193133, 2.934319;0.975265, 0.2798948, 2.683956;0.7725323, -0.2723437, 2.92745;0.9064581, -0.2365665, 2.523243;1.079606, -0.008505818, 2.915327;1.083444, -0.05382749, 2.968144;1.13907, -0.0648066, 2.895935;1.114672, -0.4434947, 3.000867;1.186862, -0.4010122, 2.660204;1.068344, -0.7257458, 2.98913;1.176777, -0.7048896, 2.588494;1.018414, -0.7888192, 2.961932;1.140849, -0.7754257, 2.557442;
0.7699032, 0.4448895, 2.793792;0.9283227, 0.2668698, 2.820553;1.052791, 0.04815722, 2.896939;0.8218066, 0.2710344, 2.941315;0.9808846, 0.3017269, 2.69018;0.7788246, -0.2263042, 2.936234;0.9080099, -0.2342572, 2.52401;1.07787, 0.005620897, 2.915435;1.080578, -0.04087928, 2.969071;1.137719, -0.05479687, 2.89548;1.113022, -0.4345329, 3.000287;1.187936, -0.3988537, 2.662706;1.067874, -0.7262428, 2.98879;1.176896, -0.704746, 2.588518;1.013237, -0.7933631, 2.941171;1.140264, -0.7751166, 2.556786;
0.8015687, 0.4743776, 2.807815;0.9359908, 0.2736827, 2.822134;1.050604, 0.06271167, 2.891895;0.8227525, 0.3065651, 2.947356;0.9837311, 0.3352542, 2.696527;0.7823991, -0.2207516, 2.924521;0.9184025, -0.1971357, 2.526909;1.07282, 0.02220282, 2.90841;1.074548, -0.02780943, 2.960588;1.130281, -0.03920724, 2.88827;1.109853, -0.4293848, 2.99996;1.190137, -0.3904585, 2.666426;1.070333, -0.7288069, 2.990755;1.178307, -0.7034291, 2.58926;1.014775, -0.7937898, 2.941086;1.139609, -0.7749466, 2.556479;
0.8137889, 0.5126141, 2.817266;0.9460521, 0.3098115, 2.829717;1.052174, 0.08225621, 2.891935;0.8253914, 0.3172857, 2.952516;0.9903545, 0.3594125, 2.697862;0.7967991, -0.2037566, 2.921555;0.925634, -0.1634609, 2.530642;1.073599, 0.03736479, 2.907893;1.074442, -0.02387589, 2.960995;1.133059, -0.02772183, 2.886033;1.105847, -0.419577, 2.999516;1.189924, -0.3904925, 2.667164;1.071697, -0.7284473, 2.99314;1.17851, -0.7029128, 2.589737;1.015842, -0.7926179, 2.960573;1.139413, -0.7748553, 2.556429;
0.793694, 0.6194907, 2.811644;0.9340311, 0.4188735, 2.814495;1.070201, 0.1336445, 2.858039;0.8398417, 0.3510186, 2.971163;0.995082, 0.3784565, 2.703547;0.79431, -0.1477118, 2.931656;0.933027, -0.1427948, 2.533203;1.097435, 0.07659873, 2.870028;1.093985, -0.0005593307, 2.931936;1.158654, 0.02697453, 2.826079;1.101048, -0.4111571, 2.997431;1.189699, -0.3902528, 2.667982;1.071281, -0.7290473, 2.993304;1.178337, -0.7002866, 2.590177;1.016036, -0.7927945, 2.953914;1.138816, -0.7743128, 2.555407;
0.796624, 0.6799737, 2.812558;0.9111934, 0.5267007, 2.810155;1.044362, 0.1818617, 2.867219;0.8461641, 0.3732437, 2.977718;0.9965091, 0.3983256, 2.706377;0.7979168, -0.1181698, 2.947704;0.934607, -0.1349028, 2.535049;1.07288, 0.1103073, 2.881072;1.064511, 0.04472267, 2.941722;1.122912, 0.06341989, 2.838691;1.09847, -0.4078817, 2.997757;1.189525, -0.3878101, 2.6693;1.070366, -0.7272253, 2.990426;1.178496, -0.7001812, 2.590384;1.013692, -0.7934373, 2.958118;1.137691, -0.7743241, 2.554545;
0.8204135, 0.7036214, 2.814254;0.9186925, 0.5344369, 2.810755;1.043692, 0.1844767, 2.866774;0.8636161, 0.4162344, 2.974963;1.003854, 0.4282711, 2.710772;0.8056232, -0.09325839, 2.944437;0.9529841, -0.08152626, 2.544694;1.070249, 0.1142012, 2.880533;1.062429, 0.046787, 2.941495;1.119728, 0.06591318, 2.83717;1.096284, -0.4067963, 2.997;1.188868, -0.3786581, 2.673545;1.068963, -0.7268533, 2.989784;1.179219, -0.6996018, 2.590514;1.016631, -0.795693, 2.948769;1.137763, -0.7742278, 2.554621;
0.8465536, 0.7397358, 2.822413;0.9383789, 0.5706674, 2.819376;1.041154, 0.2081713, 2.850667;0.8732395, 0.4430835, 2.984785;1.015349, 0.4520181, 2.712187;0.8116038, -0.0620064, 2.953201;0.9540725, -0.08195449, 2.546324;1.062116, 0.1388329, 2.858572;1.051029, 0.06774494, 2.917257;1.106651, 0.09350447, 2.802912;1.092897, -0.4033236, 2.996119;1.18955, -0.3702172, 2.676625;1.069304, -0.726397, 2.990213;1.179462, -0.6989621, 2.590647;1.014209, -0.7919437, 2.958472;1.138006, -0.7743143, 2.55469;
0.8570464, 0.7474149, 2.826866;0.9496241, 0.5871254, 2.822119;1.039833, 0.2189235, 2.847274;0.8808396, 0.4538829, 2.987761;1.020969, 0.46488, 2.716186;0.8172777, -0.05531495, 2.95316;0.9718033, -0.04841337, 2.5446;1.058979, 0.146903, 2.855226;1.0472, 0.07358575, 2.913691;1.102583, 0.09942337, 2.800705;1.089016, -0.400551, 2.994613;1.188103, -0.3646873, 2.677545;1.069551, -0.7252818, 2.988371;1.179996, -0.6984895, 2.591448;1.014649, -0.7911763, 2.961544;1.139426, -0.7746834, 2.555727;
0.8861488, 0.7700375, 2.845134;0.9635072, 0.6049572, 2.8316;1.035381, 0.2396614, 2.846829;0.8865839, 0.4631596, 2.989262;1.035917, 0.4805897, 2.71895;0.8200749, -0.04389106, 2.956687;0.9785241, -0.03516999, 2.54934;1.04987, 0.1685166, 2.853055;1.028792, 0.09880368, 2.910466;1.095309, 0.1135095, 2.797674;1.084095, -0.397275, 2.994186;1.189268, -0.3620334, 2.677333;1.068754, -0.7252758, 2.988476;1.180886, -0.6962242, 2.591797;1.01457, -0.7908394, 2.96207;1.139368, -0.774426, 2.555809;
0.8979914, 0.7839869, 2.849697;0.9741392, 0.620688, 2.837287;1.034036, 0.2461456, 2.847237;0.8970515, 0.477527, 2.995697;1.042218, 0.4912786, 2.721321;0.8217325, -0.03848875, 2.953145;0.9816325, -0.03431091, 2.551622;1.047258, 0.1732803, 2.852939;1.025723, 0.1025437, 2.909474;1.089446, 0.1211923, 2.797687;1.080403, -0.3933174, 2.991883;1.186876, -0.3563136, 2.680933;1.06805, -0.7254865, 2.98936;1.181023, -0.6964752, 2.591833;1.015233, -0.790687, 2.965179;1.140275, -0.7746327, 2.556363;
0.9154927, 0.7986218, 2.863998;0.9872748, 0.6329758, 2.846564;1.033162, 0.2515517, 2.847571;0.9096817, 0.4940708, 3.005883;1.049602, 0.4995334, 2.727041;0.8277044, -0.02581677, 2.961644;0.9944189, -0.02583728, 2.551571;1.044479, 0.1777321, 2.852244;1.021029, 0.107903, 2.907;1.084071, 0.126495, 2.796459;1.07253, -0.3738731, 2.985941;1.182982, -0.34459, 2.681107;1.068275, -0.7238066, 2.989439;1.181185, -0.6960607, 2.59186;1.018768, -0.7917732, 2.956008;1.14003, -0.7741596, 2.556003;
0.9387321, 0.8146905, 2.879337;1.004201, 0.645349, 2.853703;1.033498, 0.2577109, 2.850038;0.9153116, 0.4971957, 3.009688;1.056135, 0.505056, 2.730362;0.8322722, -0.02289328, 2.960435;1.005121, -0.01261347, 2.557961;1.042511, 0.1822714, 2.853791;1.018124, 0.1113122, 2.908262;1.080544, 0.1293085, 2.797266;1.070857, -0.3717266, 2.984191;1.180662, -0.3326122, 2.68516;1.067733, -0.7241781, 2.989469;1.181499, -0.6957287, 2.592163;1.014744, -0.7925037, 2.962767;1.139965, -0.7740564, 2.556216;
0.9450622, 0.819386, 2.882332;1.014836, 0.6517996, 2.859421;1.034105, 0.2655753, 2.849958;0.9219061, 0.5015714, 3.016245;1.067571, 0.5139888, 2.734338;0.838617, -0.01578163, 2.962785;1.017702, 0.0004395619, 2.56313;1.040327, 0.1900619, 2.85232;1.013341, 0.1172207, 2.906579;1.076993, 0.1359337, 2.793595;1.06847, -0.3652506, 2.980758;1.178205, -0.327433, 2.684308;1.068462, -0.7229796, 2.989859;1.18179, -0.6944776, 2.592004;1.015745, -0.7924101, 2.958273;1.140003, -0.7736676, 2.555997;
0.9772915, 0.8319308, 2.89625;1.022027, 0.6552416, 2.866352;1.034289, 0.2706313, 2.850405;0.934482, 0.5187206, 3.028471;1.080235, 0.5192069, 2.737618;0.8469724, -0.004051059, 2.962319;1.021058, 0.003887154, 2.563093;1.038722, 0.1953413, 2.85155;1.009048, 0.1236842, 2.903923;1.074648, 0.1403504, 2.792175;1.066396, -0.3622805, 2.978681;1.176936, -0.324711, 2.684448;1.068349, -0.7228529, 2.989543;1.181711, -0.6943226, 2.592049;1.015072, -0.7921349, 2.958897;1.139901, -0.773658, 2.556033;
0.9898305, 0.8387468, 2.906401;1.034287, 0.6616463, 2.8691;1.034725, 0.2756481, 2.851494;0.9399903, 0.5237583, 3.033137;1.08533, 0.5217633, 2.73944;0.8508359, -0.004249938, 2.960771;1.025715, 0.008855992, 2.564255;1.037167, 0.1999496, 2.852175;1.005249, 0.1309065, 2.903212;1.071237, 0.1449999, 2.793594;1.066323, -0.3614575, 2.978309;1.176022, -0.3234963, 2.684076;1.068794, -0.720529, 2.990375;1.18151, -0.6935986, 2.591933;1.013, -0.7904888, 2.959759;1.139727, -0.7733563, 2.555729;
0.9995087, 0.8395187, 2.901032;1.046513, 0.663716, 2.874581;1.035999, 0.2785649, 2.851383;0.944168, 0.5264562, 3.033181;1.096718, 0.5243598, 2.741322;0.8600243, 0.0004942417, 2.963683;1.033962, 0.0169276, 2.566737;1.036924, 0.2027695, 2.851311;1.003288, 0.1342144, 2.900956;1.070461, 0.1468807, 2.792636;1.066197, -0.3595451, 2.976933;1.174819, -0.3231686, 2.683861;1.069655, -0.7197309, 2.990828;1.182692, -0.6969138, 2.591996;1.014087, -0.7903179, 2.955264;1.139871, -0.77369, 2.555564;
1.00549, 0.8402823, 2.902214;1.055382, 0.6650358, 2.875428;1.037112, 0.2805018, 2.850546;0.9485205, 0.5231252, 3.031267;1.101708, 0.5260649, 2.742503;0.8639921, 9.568781E-05, 2.964282;1.038966, 0.01852149, 2.567466;1.036681, 0.2046826, 2.849942;1.001802, 0.1353598, 2.899572;1.069369, 0.1482842, 2.790106;1.06596, -0.3597119, 2.97674;1.173108, -0.32228, 2.682673;1.06924, -0.7200721, 2.990855;1.182013, -0.6942662, 2.591251;1.012102, -0.7926583, 2.960448;1.139812, -0.7732634, 2.555581;
1.012691, 0.8430043, 2.903927;1.061295, 0.6671709, 2.876847;1.038157, 0.281697, 2.849889;0.9574033, 0.5231197, 3.026606;1.111337, 0.5283042, 2.744669;0.8752863, 0.00145895, 2.968648;1.046411, 0.02397642, 2.570784;1.036717, 0.2055877, 2.848927;1.000919, 0.1361094, 2.898129;1.068862, 0.1489009, 2.788494;1.065976, -0.3594753, 2.976487;1.171176, -0.3212286, 2.683099;1.068661, -0.7204261, 2.990246;1.182172, -0.6934678, 2.591728;1.014142, -0.7928414, 2.956757;1.139887, -0.773113, 2.555782;
1.019675, 0.8433489, 2.907481;1.069952, 0.6677395, 2.879651;1.039481, 0.2817025, 2.849217;0.9659131, 0.5181641, 3.01831;1.116761, 0.527303, 2.748327;0.8779577, 0.0009293929, 2.966866;1.05359, 0.0260453, 2.572768;1.037013, 0.2054009, 2.847838;1.000353, 0.1358754, 2.89633;1.068621, 0.1486917, 2.786841;1.066066, -0.3599206, 2.976178;1.169362, -0.324396, 2.681239;1.068313, -0.7197331, 2.990192;1.18331, -0.6986721, 2.592155;1.015155, -0.7912796, 2.960048;1.13959, -0.7741848, 2.554008;
1.025448, 0.8431872, 2.907022;1.0753, 0.667342, 2.880268;1.040634, 0.2812765, 2.848269;0.9693897, 0.515045, 3.015594;1.121606, 0.5280786, 2.75175;0.8821556, 6.294996E-05, 2.968192;1.059685, 0.0274103, 2.573479;1.03718, 0.2047494, 2.846328;0.999337, 0.1354078, 2.893394;1.068335, 0.1484257, 2.785775;1.066117, -0.3598976, 2.976078;1.167933, -0.3240445, 2.680554;1.068317, -0.7197922, 2.99018;1.183306, -0.6975893, 2.592373;1.011652, -0.7904363, 2.962185;1.140411, -0.7735348, 2.555732;
1.039784, 0.8461492, 2.915791;1.079607, 0.6672009, 2.882614;1.041748, 0.2802457, 2.847406;0.971701, 0.5141222, 3.013525;1.126413, 0.5273818, 2.753601;0.8887628, -0.001151599, 2.972405;1.067479, 0.02801864, 2.573769;1.037372, 0.2031541, 2.844498;0.9985449, 0.1343093, 2.888159;1.068112, 0.148035, 2.785468;1.066334, -0.3610719, 2.976027;1.16619, -0.3264159, 2.678921;1.068326, -0.719846, 2.99023;1.183143, -0.6971738, 2.592177;1.012151, -0.7903685, 2.963108;1.141425, -0.7735987, 2.556266;
1.046602, 0.8472222, 2.921739;1.082972, 0.6672329, 2.884777;1.042052, 0.2799083, 2.84682;0.9744551, 0.5130517, 3.01007;1.129511, 0.5273638, 2.755591;0.8908401, -0.006016202, 2.973221;1.073585, 0.02914223, 2.574472;1.036867, 0.202475, 2.842948;0.9968338, 0.1341188, 2.885657;1.067188, 0.1477754, 2.7839;1.066346, -0.3613726, 2.975838;1.163108, -0.3265935, 2.677461;1.066486, -0.7219442, 2.98948;1.182691, -0.6975935, 2.592002;1.011206, -0.7907343, 2.96494;1.141627, -0.7737383, 2.556381;
1.05445, 0.8479348, 2.92426;1.088561, 0.6672997, 2.886989;1.04253, 0.2798492, 2.846806;0.9767185, 0.5133457, 3.01071;1.132885, 0.5268734, 2.756749;0.8919016, -0.005401172, 2.97265;1.075368, 0.0290462, 2.574783;1.036845, 0.2024329, 2.842873;0.9965372, 0.1341819, 2.885224;1.066768, 0.1478332, 2.783897;1.066086, -0.3602263, 2.974849;1.161156, -0.3254566, 2.677117;1.066651, -0.722419, 2.989673;1.182759, -0.6958514, 2.59159;1.014417, -0.7928099, 2.95513;1.141328, -0.7732393, 2.556092;
1.063532, 0.8477231, 2.93072;1.094286, 0.6663009, 2.887734;1.042854, 0.2794355, 2.846822;0.9804066, 0.5128382, 3.010829;1.135416, 0.5264843, 2.757275;0.9006217, 0.004378837, 2.976703;1.078578, 0.02908335, 2.575766;1.036504, 0.2019534, 2.842749;0.9956993, 0.1343619, 2.884739;1.065514, 0.1474127, 2.784288;1.065248, -0.3600291, 2.974092;1.159701, -0.3247645, 2.677114;1.067463, -0.720494, 2.989744;1.182736, -0.6958489, 2.591631;1.014827, -0.7928202, 2.953779;1.141245, -0.7731372, 2.555899;
1.066195, 0.8482555, 2.932654;1.098217, 0.6668724, 2.890588;1.044215, 0.2770758, 2.84674;0.9831409, 0.5127621, 3.010073;1.137525, 0.5257984, 2.757866;0.9084936, 0.006400825, 2.984395;1.081413, 0.02913725, 2.575385;1.036641, 0.1987775, 2.841961;0.9955943, 0.1344179, 2.881398;1.065182, 0.1463467, 2.785832;1.064748, -0.3602857, 2.973743;1.158259, -0.3238399, 2.676808;1.067314, -0.7203995, 2.989561;1.182469, -0.6956478, 2.591608;1.0146, -0.7914661, 2.957138;1.140971, -0.7731686, 2.556118;
1.06815, 0.8482335, 2.928473;1.102887, 0.667225, 2.891118;1.044984, 0.2777877, 2.846851;0.9951597, 0.529319, 3.014778;1.139745, 0.5262251, 2.75767;0.9125363, 0.007876245, 2.990851;1.084637, 0.02923313, 2.575175;1.036653, 0.1995003, 2.841954;0.9952955, 0.1360086, 2.881634;1.064495, 0.1472695, 2.785722;1.06443, -0.3600558, 2.973579;1.157795, -0.3236162, 2.677027;1.067223, -0.7203821, 2.98928;1.181645, -0.6930896, 2.590825;1.014532, -0.7910734, 2.949254;1.141001, -0.7727912, 2.556416;
1.070242, 0.8476821, 2.925514;1.10479, 0.6665847, 2.891709;1.046093, 0.2766294, 2.846879;0.9960242, 0.5254198, 3.015037;1.142082, 0.5252436, 2.757911;0.9173134, 0.006231074, 2.994998;1.086836, 0.0271439, 2.575837;1.036988, 0.1985256, 2.841814;0.9953491, 0.135945, 2.881305;1.06459, 0.1468707, 2.786087;1.063874, -0.3602414, 2.973353;1.15726, -0.3240918, 2.676365;1.06757, -0.7205383, 2.989614;1.181588, -0.6939145, 2.591089;1.014209, -0.791144, 2.954242;1.141563, -0.7737575, 2.557394;
1.073319, 0.8474115, 2.928453;1.105888, 0.6657089, 2.890856;1.046523, 0.2753339, 2.846695;0.9966235, 0.5229554, 3.016346;1.143277, 0.5248118, 2.758282;0.9173598, 0.006124281, 2.995487;1.087757, 0.02653324, 2.57597;1.036864, 0.1971362, 2.84165;0.9948758, 0.1352977, 2.881498;1.064345, 0.1453125, 2.785854;1.063343, -0.3608504, 2.973497;1.1571, -0.3242849, 2.676292;1.068561, -0.7222827, 2.991243;1.1815, -0.6924363, 2.591641;1.014436, -0.7920252, 2.961356;1.141069, -0.7734226, 2.557016;
1.074313, 0.8475273, 2.927619;1.106645, 0.6656537, 2.891008;1.0474, 0.2748539, 2.846756;0.9972187, 0.5219881, 3.016374;1.146488, 0.5250758, 2.758299;0.9172966, 0.006396592, 2.996261;1.087854, 0.02668778, 2.576557;1.037312, 0.1967049, 2.841641;0.9951521, 0.1355108, 2.881019;1.064911, 0.1450402, 2.786623;1.063265, -0.3619204, 2.973912;1.156703, -0.3242663, 2.676342;1.068491, -0.72241, 2.991534;1.181453, -0.6924498, 2.591645;1.016851, -0.7937742, 2.957258;1.140417, -0.7731092, 2.55646;
1.076965, 0.8480654, 2.926673;1.109224, 0.6660296, 2.89;1.048276, 0.2746487, 2.846559;0.9982337, 0.5204673, 3.016304;1.146562, 0.5250103, 2.758514;0.9173682, 0.006601379, 2.99832;1.087819, 0.02674723, 2.576628;1.03766, 0.1965079, 2.841533;0.9955117, 0.13566, 2.88083;1.06495, 0.1450596, 2.786707;1.062807, -0.3622871, 2.973578;1.156244, -0.32389, 2.676417;1.06844, -0.7224064, 2.991549;1.181567, -0.6924224, 2.591801;1.015776, -0.7932927, 2.959142;1.140043, -0.7729484, 2.556121;
1.084234, 0.8495526, 2.925915;1.10944, 0.6662668, 2.889763;1.048421, 0.2744356, 2.846568;0.9994069, 0.5191494, 3.019388;1.146795, 0.525063, 2.758801;0.9147891, 0.006322629, 2.996621;1.087639, 0.02658342, 2.577;1.037691, 0.1961517, 2.841555;0.995532, 0.1357426, 2.880746;1.064876, 0.1449441, 2.787177;1.062847, -0.3622437, 2.973409;1.156047, -0.3253509, 2.675884;1.068295, -0.7222052, 2.991436;1.181572, -0.6942241, 2.592326;1.021007, -0.7955279, 2.948926;1.141362, -0.7739091, 2.557489;
1.083162, 0.8493777, 2.924403;1.110015, 0.6662169, 2.889838;1.049154, 0.274271, 2.846707;0.9996064, 0.5187058, 3.019723;1.147256, 0.5250964, 2.758499;0.9145381, 0.007186063, 2.997315;1.086889, 0.02661183, 2.578155;1.038142, 0.1959952, 2.841651;0.9958527, 0.1358488, 2.880733;1.065253, 0.1449657, 2.787512;1.062843, -0.3622705, 2.973392;1.155948, -0.3254023, 2.675859;1.06852, -0.7226142, 2.992104;1.181867, -0.6957123, 2.592811;1.016708, -0.7946295, 2.959689;1.142528, -0.7746199, 2.558646;
1.082925, 0.8494364, 2.925333;1.110661, 0.6662178, 2.889412;1.049786, 0.2738709, 2.84691;1.000505, 0.5186369, 3.021429;1.147048, 0.5247899, 2.7586;0.9136922, 0.008721268, 2.997815;1.085721, 0.02729115, 2.577424;1.038614, 0.1955175, 2.841942;0.996785, 0.1356016, 2.88099;1.065229, 0.1445994, 2.788124;1.063034, -0.3620402, 2.973357;1.155949, -0.3253579, 2.675726;1.067144, -0.7228826, 2.991282;1.182419, -0.6936508, 2.593453;1.018059, -0.7940018, 2.95118;1.142388, -0.7740744, 2.558753;
1.083404, 0.8493677, 2.925547;1.111242, 0.6659974, 2.888982;1.050087, 0.2736323, 2.846692;1.001392, 0.518131, 3.022916;1.147268, 0.5247598, 2.758486;0.9104977, 0.01009281, 2.99599;1.085454, 0.02727561, 2.577567;1.038769, 0.1952855, 2.841757;0.9969623, 0.1355095, 2.88074;1.065228, 0.14461, 2.788154;1.062982, -0.3621756, 2.973276;1.15595, -0.3254198, 2.675746;1.067091, -0.7227114, 2.991586;1.182484, -0.6933187, 2.593326;1.019318, -0.7943455, 2.948826;1.142241, -0.7736982, 2.558705;
1.083322, 0.849395, 2.924997;1.112132, 0.6660151, 2.888379;1.050715, 0.2737175, 2.846704;1.003089, 0.5176776, 3.028045;1.147838, 0.5247587, 2.758166;0.9091771, 0.01073884, 2.994856;1.084718, 0.027325, 2.577299;1.039194, 0.195356, 2.841832;0.9974356, 0.1356086, 2.880839;1.065459, 0.1448467, 2.788354;1.062752, -0.3620407, 2.973124;1.155895, -0.3251321, 2.675993;1.067143, -0.7227259, 2.991525;1.182478, -0.6932117, 2.593415;1.019685, -0.7943231, 2.949101;1.142133, -0.773473, 2.558577;
1.08414, 0.849632, 2.926796;1.112181, 0.6659483, 2.888415;1.051142, 0.273606, 2.846741;1.003278, 0.5177153, 3.028132;1.14793, 0.5247997, 2.757895;0.9091854, 0.01084646, 2.994989;1.083812, 0.02714124, 2.576944;1.039606, 0.195246, 2.841859;0.9980983, 0.1353293, 2.881022;1.065609, 0.144852, 2.788329;1.062781, -0.3620618, 2.973135;1.155918, -0.325184, 2.676005;1.067308, -0.7227762, 2.991628;1.182593, -0.6921073, 2.593576;1.020366, -0.7945617, 2.948994;1.14219, -0.77306, 2.558499;
1.080239, 0.8489932, 2.923159;1.112262, 0.6658752, 2.888234;1.05147, 0.2736268, 2.846845;1.00375, 0.5165972, 3.028839;1.148604, 0.5247013, 2.757295;0.9077539, 0.01060167, 2.993085;1.081539, 0.02676148, 2.576483;1.039932, 0.1952803, 2.842022;0.9984628, 0.1353436, 2.881344;1.065797, 0.1448367, 2.788446;1.063031, -0.3620921, 2.973093;1.156008, -0.3261048, 2.675597;1.067268, -0.7227859, 2.991639;1.183023, -0.6976518, 2.592775;1.018837, -0.7930616, 2.958869;1.14263, -0.773748, 2.558974;
1.07939, 0.8489155, 2.923077;1.113073, 0.6659432, 2.888314;1.05202, 0.2736958, 2.847093;1.003847, 0.5164816, 3.029352;1.149339, 0.52496, 2.757181;0.9077321, 0.01117381, 2.992997;1.079966, 0.0264148, 2.576329;1.040326, 0.1953322, 2.842261;0.9986944, 0.1354643, 2.881484;1.066184, 0.1449569, 2.788882;1.063093, -0.3620955, 2.973093;1.15559, -0.3251613, 2.675621;1.067421, -0.7228126, 2.99164;1.183017, -0.6974437, 2.592875;1.019007, -0.7929646, 2.96223;1.141353, -0.7733207, 2.557862;
1.079576, 0.8490663, 2.92381;1.11332, 0.6659324, 2.888188;1.052346, 0.2736524, 2.847224;1.004746, 0.5150908, 3.027797;1.149668, 0.5248928, 2.757122;0.9087344, 0.01142632, 2.994166;1.079267, 0.02676308, 2.576613;1.040612, 0.1952771, 2.842437;0.9990292, 0.1354417, 2.881785;1.06633, 0.1449227, 2.789023;1.063482, -0.3620722, 2.973188;1.155378, -0.32405, 2.675458;1.066936, -0.7234148, 2.991311;1.182634, -0.696795, 2.592854;1.017484, -0.7928649, 2.964723;1.141158, -0.7733038, 2.557906;
1.077444, 0.8482648, 2.921383;1.114878, 0.6657485, 2.887256;1.053271, 0.27407, 2.847439;1.005191, 0.5153063, 3.027458;1.150013, 0.5245692, 2.756832;0.9102297, 0.01291123, 2.993346;1.078645, 0.02691544, 2.577072;1.041416, 0.1957903, 2.842821;0.9999041, 0.1356, 2.882905;1.06657, 0.1450114, 2.789034;1.063515, -0.3614114, 2.972825;1.155381, -0.324675, 2.67533;1.067557, -0.7226565, 2.991388;1.183062, -0.6980641, 2.592777;1.019127, -0.7919265, 2.953687;1.141466, -0.7734447, 2.558171;
1.077248, 0.8482177, 2.921099;1.115054, 0.6656242, 2.886988;1.053831, 0.2739336, 2.847746;1.006182, 0.5150828, 3.026262;1.150477, 0.5244932, 2.756544;0.9