0.9269489, 0.8836097, 2.989423;0.9954094, 0.6655429, 2.96327;0.9474038, 0.2753229, 2.911523;0.8801526, 0.520822, 3.11216;1.052674, 0.5223202, 2.824773;0.797536, -0.01874885, 2.927194;0.9379479, 0.001554765, 2.701929;0.9378027, 0.1972789, 2.904783;0.8906103, 0.1288634, 2.951678;0.9682447, 0.1295375, 2.836589;0.9421188, -0.3670369, 2.995566;1.050015, -0.3458489, 2.745474;0.9690003, -0.736428, 3.008823;1.081254, -0.6983386, 2.671244;0.9013917, -0.79304, 2.994033;1.051374, -0.7813954, 2.610317;
0.9273269, 0.8826399, 2.990191;0.9947835, 0.6658899, 2.962604;0.9469935, 0.2745352, 2.911401;0.8801455, 0.5208161, 3.111482;1.05188, 0.5222827, 2.824846;0.7972422, -0.0175933, 2.928507;0.9318233, -0.006564997, 2.701017;0.9373678, 0.1961174, 2.904719;0.8905511, 0.1284685, 2.951386;0.9678757, 0.1291514, 2.837231;0.9421717, -0.3669305, 2.995911;1.050168, -0.3450502, 2.746122;0.9664851, -0.731974, 3.007661;1.081331, -0.6982744, 2.671458;0.9013753, -0.7931134, 2.993459;1.051406, -0.781496, 2.610792;
0.9278262, 0.882103, 2.990227;0.9950239, 0.6657962, 2.962535;0.9473989, 0.2729751, 2.910593;0.8802077, 0.5206744, 3.11341;1.051507, 0.5222466, 2.824947;0.7974374, -0.01628498, 2.928792;0.9313685, -0.004176344, 2.701652;0.9378076, 0.1940973, 2.903721;0.8913345, 0.1271273, 2.949532;0.9680367, 0.1284586, 2.837309;0.9420694, -0.3668335, 2.99612;1.050539, -0.3456394, 2.746596;0.9619569, -0.7270525, 3.004004;1.081829, -0.6964346, 2.672463;0.898156, -0.7914991, 2.989081;1.051284, -0.7813483, 2.610832;
0.9377036, 0.850103, 2.992536;0.9952844, 0.6660606, 2.961959;0.9472849, 0.272752, 2.910372;0.8803009, 0.5217048, 3.109172;1.050629, 0.5227206, 2.824912;0.7979168, -0.01575368, 2.929128;0.9319956, -0.003136095, 2.703104;0.9376163, 0.1937778, 2.903526;0.8912566, 0.1271453, 2.949075;0.9677162, 0.1284121, 2.837562;0.9421235, -0.3667016, 2.996154;1.052188, -0.3480664, 2.747483;0.9599935, -0.7246596, 3.003507;1.08173, -0.696277, 2.672223;0.9081807, -0.7939756, 2.97881;1.051408, -0.781515, 2.611345;
0.9411509, 0.8383284, 2.993031;0.9947808, 0.6659555, 2.961639;0.9468387, 0.2721609, 2.909985;0.8797454, 0.5210539, 3.108657;1.050229, 0.5228472, 2.824842;0.7973117, -0.01514258, 2.929616;0.9321015, -0.001734093, 2.702419;0.9372025, 0.1931246, 2.903151;0.8908644, 0.1268564, 2.947738;0.9675137, 0.1284268, 2.837877;0.9415636, -0.3653059, 2.995906;1.052065, -0.3476263, 2.748128;0.9587805, -0.724197, 3.002833;1.082336, -0.6952752, 2.67259;0.9073269, -0.7935317, 2.985431;1.051331, -0.7814059, 2.611372;
0.9382184, 0.8428223, 2.991688;0.9947679, 0.665671, 2.961465;0.946739, 0.2721986, 2.909646;0.8795891, 0.5226828, 3.107353;1.050215, 0.5228605, 2.824678;0.7965771, -0.01544067, 2.92925;0.9320264, -0.001388444, 2.703856;0.9370733, 0.1932662, 2.902743;0.8906659, 0.1271867, 2.947278;0.96735, 0.1283074, 2.837335;0.9411061, -0.3645075, 2.995028;1.050971, -0.3428884, 2.748152;0.9586995, -0.7240917, 3.002779;1.08246, -0.6949357, 2.672749;0.9053821, -0.7940416, 2.985028;1.051275, -0.7813447, 2.611259;
0.9399606, 0.8356615, 2.99189;0.9947751, 0.6658348, 2.96134;0.9465991, 0.2724576, 2.909507;0.8788426, 0.522569, 3.105818;1.050165, 0.5231584, 2.824565;0.795177, -0.01483142, 2.927117;0.9322431, -0.0009120479, 2.704015;0.9368901, 0.1935838, 2.902609;0.8903881, 0.1273991, 2.94716;0.9672218, 0.1285788, 2.837218;0.9411162, -0.3645425, 2.994914;1.050932, -0.3431089, 2.74801;0.95757, -0.723125, 3.002794;1.082371, -0.6946795, 2.672364;0.9048982, -0.7923477, 2.983837;1.051028, -0.7811863, 2.61105;
0.9393728, 0.8350513, 2.991181;0.9947156, 0.6658311, 2.96144;0.9462999, 0.2706732, 2.908704;0.8781581, 0.5216836, 3.103412;1.048534, 0.5229691, 2.824511;0.7952091, -0.01474025, 2.927312;0.9315265, -0.00133539, 2.701958;0.9365669, 0.1911483, 2.901516;0.8904741, 0.1255964, 2.945684;0.9668635, 0.1272228, 2.836879;0.9409797, -0.3645433, 2.995034;1.050176, -0.3420296, 2.749255;0.9575607, -0.7230981, 3.002781;1.082438, -0.6944081, 2.672316;0.9040271, -0.7919484, 2.982333;1.051023, -0.781135, 2.611112;
0.9375128, 0.834431, 2.989958;0.9947322, 0.6656896, 2.96154;0.946583, 0.2690342, 2.907889;0.8775175, 0.5217169, 3.103241;1.047689, 0.5226827, 2.824366;0.7928185, -0.01588495, 2.926337;0.9356878, -0.002737425, 2.698562;0.9369375, 0.1892076, 2.900467;0.8910281, 0.1245341, 2.943478;0.9672033, 0.1262457, 2.836885;0.9410877, -0.3644232, 2.995119;1.05062, -0.3428531, 2.749137;0.9583288, -0.7230114, 3.003055;1.082609, -0.6942441, 2.672377;0.9057171, -0.7912975, 2.982515;1.051076, -0.7811365, 2.611563;
0.9369351, 0.8338866, 2.988799;0.9947256, 0.6657161, 2.961522;0.9457822, 0.2694737, 2.908562;0.8781369, 0.5274304, 3.10686;1.04661, 0.5227519, 2.823991;0.7927395, -0.01556669, 2.92664;0.9288275, -0.005835441, 2.701835;0.9357715, 0.1899066, 2.901516;0.890276, 0.1243128, 2.944187;0.9644168, 0.129574, 2.839509;0.9410582, -0.3644827, 2.99507;1.050622, -0.3415442, 2.748966;0.9581053, -0.7223982, 3.004189;1.082552, -0.6943324, 2.672424;0.907487, -0.7916679, 2.981376;1.051031, -0.7813496, 2.611765;
0.9357843, 0.8333938, 2.988502;0.9947328, 0.6657474, 2.961462;0.9452221, 0.2696832, 2.908793;0.8773125, 0.5262982, 3.106884;1.045962, 0.5227557, 2.824067;0.7927851, -0.01531035, 2.926744;0.9289038, -0.005006157, 2.701978;0.9349824, 0.1902349, 2.901907;0.889059, 0.1234505, 2.944935;0.9635007, 0.1302889, 2.839737;0.9409308, -0.364313, 2.994953;1.050643, -0.3408724, 2.749448;0.9583445, -0.7218671, 3.004107;1.083061, -0.6955686, 2.673152;0.9037206, -0.7924278, 2.981012;1.050504, -0.7813784, 2.611073;
0.9343342, 0.8326592, 2.987399;0.9942319, 0.665801, 2.961731;0.9449156, 0.269605, 2.908951;0.8762306, 0.5263547, 3.105427;1.045414, 0.5229025, 2.824299;0.7938241, -0.01239286, 2.928347;0.9285631, -0.004087534, 2.700984;0.9347544, 0.1901628, 2.902047;0.8887419, 0.1226947, 2.944801;0.9632999, 0.130604, 2.840024;0.9408686, -0.3641252, 2.99499;1.050439, -0.3404464, 2.749301;0.9581362, -0.7204074, 3.003526;1.082708, -0.6954383, 2.673182;0.9057726, -0.7928061, 2.980248;1.050617, -0.7813891, 2.611435;
0.9336475, 0.8320908, 2.986546;0.993507, 0.6658364, 2.961473;0.9443513, 0.2694098, 2.908987;0.8759675, 0.5269908, 3.104085;1.044886, 0.5233754, 2.82471;0.7935297, -0.01308345, 2.928111;0.9337528, -0.001216285, 2.696833;0.9342644, 0.189956, 2.90213;0.8879154, 0.1212976, 2.945276;0.9630443, 0.130625, 2.839928;0.9409046, -0.3640867, 2.994961;1.050421, -0.3405053, 2.749071;0.9581695, -0.720408, 3.003486;1.082976, -0.695372, 2.67289;0.9044393, -0.7901528, 2.979902;1.050476, -0.7813914, 2.611428;
0.9332335, 0.8324893, 2.987214;0.9932607, 0.6653925, 2.960857;0.9438778, 0.2692549, 2.909038;0.8752882, 0.5282084, 3.101943;1.044615, 0.523389, 2.824821;0.7935783, -0.01279284, 2.928532;0.9331769, -0.001638465, 2.696694;0.9337485, 0.1898516, 2.902284;0.887511, 0.1208825, 2.945189;0.9622878, 0.1308538, 2.840439;0.9410102, -0.363959, 2.995125;1.050276, -0.3405061, 2.748967;0.9576839, -0.7201768, 3.002604;1.082699, -0.695264, 2.672895;0.9043786, -0.7901598, 2.979532;1.050503, -0.7812964, 2.611787;
0.9328133, 0.8340357, 2.986742;0.9929146, 0.6657881, 2.960759;0.9433829, 0.2693541, 2.909078;0.8748193, 0.5275971, 3.101974;1.043866, 0.5234355, 2.824896;0.7928854, -0.01306786, 2.929853;0.9314281, 0.008253917, 2.692087;0.9332442, 0.1899118, 2.902356;0.8869802, 0.1204114, 2.945363;0.961805, 0.1311558, 2.84037;0.9408804, -0.3640045, 2.994929;1.050075, -0.3409786, 2.74806;0.9573826, -0.7198451, 3.002423;1.082717, -0.6952738, 2.672891;0.9022593, -0.7896808, 2.981814;1.050239, -0.7811418, 2.61147;
0.9316419, 0.8333078, 2.985841;0.9928846, 0.6654831, 2.960278;0.9424078, 0.267122, 2.908238;0.87423, 0.526471, 3.101129;1.042908, 0.5229347, 2.824588;0.7925798, -0.01420229, 2.929549;0.9321316, 0.01071016, 2.689728;0.9320188, 0.1871232, 2.901472;0.8857943, 0.1177712, 2.943671;0.9614037, 0.1306332, 2.840418;0.9406992, -0.364046, 2.994784;1.050101, -0.3409892, 2.748003;0.9572089, -0.7204456, 3.001764;1.083036, -0.6943678, 2.673032;0.8982012, -0.7910729, 2.981504;1.049574, -0.7802555, 2.610183;
0.9313648, 0.8331652, 2.98609;0.9922978, 0.6654224, 2.959258;0.9420196, 0.2671748, 2.907998;0.8732875, 0.5257084, 3.099522;1.042682, 0.5229255, 2.82413;0.792106, -0.01398915, 2.929191;0.9324604, 0.009006269, 2.691791;0.9316899, 0.1872148, 2.901325;0.8853861, 0.1177278, 2.943484;0.96122, 0.1307773, 2.840361;0.9404195, -0.3639998, 2.994615;1.049734, -0.340049, 2.747847;0.9572052, -0.7204, 3.001655;1.082814, -0.6942664, 2.672605;0.904061, -0.7924638, 2.985671;1.049623, -0.7802729, 2.610409;
0.9314178, 0.8332797, 2.986119;0.991339, 0.6658467, 2.95843;0.9414794, 0.2671179, 2.907771;0.8722791, 0.524055, 3.097723;1.041806, 0.5233538, 2.824042;0.7932221, -0.01041423, 2.929864;0.9330935, 0.01056476, 2.692178;0.9312537, 0.187134, 2.901187;0.8850393, 0.1174619, 2.943361;0.9608585, 0.1308515, 2.840282;0.9404173, -0.3639711, 2.994663;1.049377, -0.3396683, 2.749176;0.9567146, -0.7203481, 3.001413;1.082626, -0.6932604, 2.672539;0.9027544, -0.7926995, 2.983337;1.049625, -0.7802675, 2.61041;
0.9314597, 0.8335193, 2.98642;0.9911529, 0.6662931, 2.958265;0.9411469, 0.2674028, 2.907938;0.8727043, 0.5255209, 3.097857;1.041347, 0.5235508, 2.82415;0.7931699, -0.01024881, 2.929034;0.932696, 0.01090334, 2.691898;0.9308954, 0.1874318, 2.901436;0.8849921, 0.1174887, 2.943558;0.9600031, 0.1311404, 2.840561;0.9404341, -0.3639863, 2.994754;1.049393, -0.3401107, 2.748363;0.9567401, -0.7208943, 3.001517;1.082233, -0.6930323, 2.672246;0.9026942, -0.7913343, 2.979373;1.049515, -0.7801932, 2.610272;
0.9304345, 0.8337377, 2.98546;0.990725, 0.666014, 2.957617;0.9408092, 0.2673704, 2.907844;0.8723988, 0.5250135, 3.09718;1.041016, 0.5236928, 2.824027;0.7928746, -0.01055983, 2.928872;0.9387343, 0.02161258, 2.69358;0.9305864, 0.1874447, 2.901415;0.8847089, 0.1174508, 2.943577;0.9597573, 0.1311886, 2.840576;0.9401404, -0.3636216, 2.994471;1.048994, -0.339449, 2.747833;0.9563472, -0.7213361, 3.001257;1.082115, -0.6934141, 2.672065;0.9038312, -0.7898275, 2.979338;1.049907, -0.7808859, 2.612075;
0.9302771, 0.8324918, 2.984332;0.990159, 0.6663436, 2.956879;0.9403698, 0.2675838, 2.90738;0.8712748, 0.5243521, 3.098026;1.040271, 0.5238577, 2.824218;0.7928874, -0.01036062, 2.928716;0.9385847, 0.02046169, 2.693042;0.930209, 0.1876532, 2.901024;0.8843643, 0.1174191, 2.943313;0.9594753, 0.1314154, 2.840096;0.9398071, -0.363673, 2.99393;1.049848, -0.3420416, 2.746824;0.9561982, -0.7216628, 3.001328;1.081973, -0.6936112, 2.672006;0.9035639, -0.7894403, 2.980089;1.049914, -0.7809404, 2.612191;
0.9302377, 0.8322912, 2.984497;0.9902052, 0.6662686, 2.956258;0.9402436, 0.2676293, 2.90716;0.8712103, 0.5253431, 3.098079;1.039681, 0.5238969, 2.82394;0.7925463, -0.01039527, 2.928279;0.9375064, 0.0192173, 2.692724;0.9300751, 0.1877248, 2.900856;0.8842694, 0.1175003, 2.943137;0.9593085, 0.1315677, 2.839995;0.9397973, -0.3636662, 2.993901;1.050173, -0.3432439, 2.746528;0.9555216, -0.7220248, 3.000236;1.081951, -0.6936489, 2.672117;0.9035742, -0.7897951, 2.980827;1.049968, -0.7809772, 2.6122;
0.9299768, 0.8319085, 2.98367;0.9896399, 0.6663311, 2.955803;0.9400194, 0.2675501, 2.906838;0.8689203, 0.523546, 3.094193;1.039517, 0.5237808, 2.823361;0.7922078, -0.01050722, 2.928209;0.9368923, 0.01888715, 2.692486;0.9299218, 0.187645, 2.900578;0.883927, 0.1171502, 2.942752;0.9593443, 0.1315301, 2.839744;0.9396995, -0.3634683, 2.993628;1.049588, -0.3428573, 2.747249;0.955478, -0.721854, 3.000361;1.081674, -0.6936194, 2.671724;0.9007638, -0.7904713, 2.981096;1.049988, -0.7809708, 2.612142;
0.9296176, 0.8297244, 2.980331;0.989651, 0.6664156, 2.955707;0.9398297, 0.2676389, 2.906673;0.868709, 0.523411, 3.094407;1.038418, 0.5236342, 2.823017;0.7923937, -0.01046384, 2.928402;0.9267682, 0.01468658, 2.687877;0.9296857, 0.187745, 2.900402;0.8837529, 0.1171202, 2.9427;0.9589782, 0.1316505, 2.839334;0.9396127, -0.3634373, 2.993605;1.049344, -0.3423415, 2.747055;0.9560452, -0.7221703, 3.001014;1.081713, -0.6935747, 2.67164;0.9010404, -0.7911338, 2.982318;1.050007, -0.780957, 2.612137;
0.9287792, 0.829607, 2.980468;0.9896147, 0.6663749, 2.955353;0.9396258, 0.2675671, 2.906437;0.8686189, 0.5233012, 3.094359;1.038173, 0.5236991, 2.82285;0.7916018, -0.0116259, 2.924384;0.9277096, 0.0139519, 2.690326;0.9294676, 0.1876794, 2.900199;0.8835114, 0.1170545, 2.942446;0.9588423, 0.1316673, 2.839255;0.9395065, -0.3633094, 2.993312;1.049281, -0.3421763, 2.7469;0.9549516, -0.7228525, 3.000801;1.081771, -0.6933818, 2.671928;0.902361, -0.7903917, 2.983888;1.04985, -0.7807963, 2.611656;
0.9286474, 0.8295349, 2.980334;0.9881627, 0.6655518, 2.954255;0.9390592, 0.2670875, 2.905839;0.8671932, 0.5209889, 3.092381;1.038124, 0.5237453, 2.82271;0.791556, -0.01130591, 2.924129;0.9307678, 0.01255097, 2.694815;0.9290631, 0.1872863, 2.899711;0.8829177, 0.1165679, 2.941613;0.9588039, 0.1315936, 2.839172;0.9395394, -0.363353, 2.993447;1.049172, -0.3420196, 2.746724;0.958921, -0.7243493, 3.002107;1.08186, -0.6934716, 2.672152;0.901177, -0.7903112, 2.983996;1.049861, -0.7806869, 2.611603;
0.9286222, 0.8292477, 2.980233;0.9877833, 0.6655697, 2.953399;0.9387165, 0.2670411, 2.905354;0.8671924, 0.5209971, 3.092414;1.037949, 0.523816, 2.822599;0.7915501, -0.01104384, 2.923862;0.9305025, 0.01216916, 2.694565;0.9287573, 0.1872432, 2.899308;0.8826662, 0.1166186, 2.941109;0.9586136, 0.1316417, 2.839025;0.9391705, -0.3627766, 2.992644;1.049154, -0.3419062, 2.746599;0.9602617, -0.7251984, 3.002934;1.08174, -0.6935849, 2.671956;0.9002918, -0.7905502, 2.982358;1.049814, -0.7807949, 2.611323;
0.9279377, 0.8303776, 2.980576;0.9875526, 0.6657386, 2.952938;0.9384413, 0.2673233, 2.90502;0.8667845, 0.5210612, 3.093141;1.037966, 0.5251089, 2.821619;0.7913022, -0.009967399, 2.923604;0.9291785, 0.009706639, 2.694513;0.9284877, 0.1875568, 2.899006;0.8822381, 0.1170159, 2.940634;0.9585004, 0.1320279, 2.838905;0.9391825, -0.3627787, 2.99263;1.049089, -0.3413825, 2.746539;0.9603242, -0.7244607, 3.00222;1.080967, -0.6939557, 2.670425;0.9061905, -0.7897121, 2.980674;1.049766, -0.7809083, 2.610653;
0.9277408, 0.8297908, 2.980192;0.9867556, 0.666425, 2.952822;0.9378136, 0.2679153, 2.904665;0.866311, 0.5213962, 3.094841;1.037749, 0.5260313, 2.821182;0.7904163, -0.01217198, 2.921832;0.9290699, 0.01016498, 2.694243;0.927909, 0.1881424, 2.898615;0.8815722, 0.1178123, 2.939937;0.9580744, 0.1328333, 2.838738;0.9391193, -0.3626525, 2.992761;1.048669, -0.3386717, 2.746392;0.9592284, -0.7235721, 3.002817;1.080382, -0.6920345, 2.670215;0.9004955, -0.7890127, 2.982545;1.047277, -0.7793077, 2.607199;
0.9284852, 0.8346946, 2.97911;0.9868754, 0.6686059, 2.951569;0.9376689, 0.2708256, 2.903988;0.8676049, 0.5276857, 3.094803;1.037721, 0.5271003, 2.81992;0.7905573, -0.009961076, 2.922004;0.9267119, 0.01231333, 2.693199;0.9277322, 0.191271, 2.898075;0.8815467, 0.1199511, 2.940138;0.9577289, 0.1348408, 2.837716;0.9390862, -0.3625273, 2.992836;1.048749, -0.3385272, 2.746112;0.9555919, -0.7226244, 3.001841;1.080278, -0.6917139, 2.670208;0.8998917, -0.7902686, 2.984845;1.04788, -0.779348, 2.607584;
0.9282629, 0.8420318, 2.977779;0.9868587, 0.6709619, 2.950748;0.9375175, 0.2717527, 2.903751;0.8679448, 0.5300324, 3.094923;1.037883, 0.52943, 2.817593;0.7898325, -0.009379111, 2.921668;0.939868, 0.05033784, 2.693123;0.9275854, 0.1919933, 2.897917;0.8814262, 0.12164, 2.939632;0.9575803, 0.1359519, 2.837971;0.9390797, -0.3624661, 2.992811;1.048732, -0.3385684, 2.746042;0.9551226, -0.7222655, 3.002382;1.080001, -0.6905762, 2.669687;0.8930774, -0.7923824, 2.994271;1.046445, -0.7784991, 2.606092;
0.928343, 0.8415173, 2.977875;0.9865049, 0.670823, 2.950253;0.9372787, 0.2719603, 2.903307;0.8668657, 0.5286755, 3.097068;1.037843, 0.5296537, 2.81766;0.7907894, -0.009809058, 2.924448;0.9282702, 0.02579433, 2.687725;0.9273693, 0.1922627, 2.89748;0.881066, 0.1221608, 2.938729;0.9575199, 0.1363076, 2.837832;0.9382684, -0.3598428, 2.991274;1.04867, -0.3375752, 2.74542;0.9581152, -0.7180316, 3.003152;1.080498, -0.6904259, 2.669719;0.9012307, -0.7856929, 2.990265;1.047056, -0.7784221, 2.608752;
0.9287504, 0.8358548, 2.978044;0.9868543, 0.6684372, 2.949759;0.9378689, 0.2705938, 2.902818;0.866949, 0.5255825, 3.097148;1.037847, 0.5268229, 2.816456;0.7889768, -0.01474283, 2.923164;0.922639, 0.01292864, 2.686761;0.9280125, 0.1910303, 2.897003;0.8819089, 0.1206804, 2.938226;0.9582137, 0.135034, 2.837351;0.9382788, -0.3597805, 2.991222;1.04849, -0.3373843, 2.744903;0.9582983, -0.7175329, 3.003137;1.080955, -0.6897929, 2.670149;0.9058995, -0.7847009, 2.984404;1.047329, -0.7781962, 2.608651;
0.9284531, 0.8385963, 2.978675;0.9862559, 0.6691756, 2.949298;0.9374961, 0.2728335, 2.902158;0.8689076, 0.531546, 3.097968;1.038073, 0.5279502, 2.81524;0.7915896, -0.009545274, 2.920388;0.9283519, 0.02322576, 2.69046;0.9277366, 0.1936998, 2.896308;0.8818981, 0.1225809, 2.938094;0.9578206, 0.1372232, 2.836142;0.9383988, -0.3598368, 2.991367;1.048444, -0.3379693, 2.744462;0.9580152, -0.7183376, 3.002444;1.081227, -0.6901191, 2.67027;0.9056587, -0.7853519, 2.984449;1.046999, -0.7778975, 2.607211;
0.9268873, 0.8438985, 2.974565;0.9831359, 0.6724441, 2.946805;0.9359718, 0.2755364, 2.901779;0.8651689, 0.5298415, 3.099319;1.037452, 0.5291472, 2.814987;0.7913828, -0.001286209, 2.920858;0.9287593, 0.02181925, 2.690695;0.9264416, 0.1963074, 2.896258;0.8805438, 0.1235697, 2.938986;0.9571518, 0.1386002, 2.835406;0.9382909, -0.3597758, 2.991403;1.048214, -0.3366148, 2.744286;0.959433, -0.7250317, 3.003516;1.081171, -0.6896423, 2.670388;0.9055406, -0.7873903, 2.981501;1.046729, -0.7775838, 2.606917;
0.92672, 0.843671, 2.974057;0.9834341, 0.6716186, 2.94701;0.9358301, 0.2750129, 2.901651;0.865063, 0.5284881, 3.099297;1.037336, 0.5290528, 2.815249;0.7902057, -0.004150763, 2.921661;0.9307971, 0.01877343, 2.693514;0.9262264, 0.1957722, 2.896082;0.8802456, 0.1231874, 2.938833;0.9569304, 0.138215, 2.835198;0.9384735, -0.3595847, 2.991135;1.047997, -0.3367593, 2.744048;0.9627931, -0.7216008, 3.008818;1.081851, -0.6906425, 2.670363;0.9086725, -0.7845986, 2.979609;1.046856, -0.777567, 2.606882;
0.9243625, 0.8358532, 2.970029;0.9832519, 0.6705714, 2.946955;0.9357894, 0.2747481, 2.901481;0.8648478, 0.527518, 3.097846;1.037249, 0.5287626, 2.815153;0.7908591, -0.005754527, 2.922072;0.9289117, 0.02213734, 2.67949;0.9262067, 0.195585, 2.895915;0.880172, 0.1226942, 2.93885;0.9568433, 0.1375285, 2.834238;0.9384614, -0.359638, 2.991265;1.048269, -0.3387931, 2.742687;0.9622089, -0.7220719, 3.007205;1.081698, -0.6900403, 2.670081;0.9089428, -0.7852505, 2.979511;1.046808, -0.7772906, 2.606538;
0.9243937, 0.8361948, 2.969707;0.9827037, 0.6709273, 2.94729;0.9354461, 0.2754005, 2.901278;0.8644634, 0.5272115, 3.097624;1.036698, 0.5298332, 2.814877;0.7898495, -0.003224567, 2.921114;0.930685, 0.02395683, 2.686977;0.9258947, 0.1963483, 2.895597;0.8798817, 0.1230475, 2.938829;0.9565495, 0.1383159, 2.833287;0.9384217, -0.3595132, 2.991278;1.048022, -0.3378329, 2.74285;0.9608704, -0.7210764, 3.005611;1.081654, -0.689871, 2.670012;0.8984635, -0.791755, 2.99016;1.046755, -0.777274, 2.605928;
0.9243122, 0.8363026, 2.969782;0.9824626, 0.6708241, 2.947296;0.9352666, 0.2756658, 2.901123;0.8640893, 0.5268657, 3.097986;1.036687, 0.5301693, 2.814821;0.7887251, -0.004582107, 2.919921;0.9495156, 0.01819806, 2.698652;0.9257202, 0.1967385, 2.895392;0.8797259, 0.1231251, 2.938761;0.9563838, 0.1387758, 2.832865;0.9384312, -0.3596269, 2.991344;1.047601, -0.3363394, 2.742905;0.9614604, -0.7209225, 3.007399;1.081887, -0.6888666, 2.670237;0.9043509, -0.7908767, 2.990091;1.046749, -0.7769514, 2.605525;
0.923061, 0.834621, 2.967515;0.9819514, 0.6707354, 2.946782;0.9348421, 0.2761066, 2.90083;0.8627108, 0.5255502, 3.09782;1.036518, 0.5305389, 2.814883;0.7880943, -0.004385077, 2.92173;0.9209451, 0.03112902, 2.682511;0.9253038, 0.1972967, 2.895146;0.87912, 0.1232613, 2.938859;0.9560936, 0.1391593, 2.832321;0.9382591, -0.3597975, 2.991454;1.047402, -0.3364454, 2.742378;0.9612707, -0.7203833, 3.007425;1.081627, -0.6891557, 2.670092;0.904435, -0.7909547, 2.989203;1.046752, -0.7769393, 2.60533;
0.9217963, 0.833938, 2.966267;0.9808015, 0.670157, 2.945381;0.9342993, 0.2768618, 2.900328;0.8613044, 0.5246159, 3.098141;1.036031, 0.5305068, 2.814171;0.7860834, -0.006374162, 2.919965;0.9231387, 0.03178744, 2.683418;0.924802, 0.1983539, 2.894741;0.8786586, 0.1233284, 2.939075;0.9556066, 0.1397843, 2.831136;0.9382486, -0.3599168, 2.991516;1.046633, -0.3346424, 2.742296;0.9605838, -0.7211435, 3.005831;1.081851, -0.6875077, 2.670708;0.9001886, -0.7903271, 2.989395;1.045852, -0.7759249, 2.605074;
0.9217041, 0.8348886, 2.967374;0.9787241, 0.6694821, 2.943516;0.9335243, 0.2758062, 2.899374;0.8609442, 0.5240422, 3.097656;1.035906, 0.5304631, 2.814051;0.7859812, -0.006774505, 2.920033;0.9256692, 0.03322461, 2.683285;0.9242396, 0.1972031, 2.893943;0.8781207, 0.1227285, 2.938111;0.9554858, 0.1394224, 2.831076;0.9379596, -0.3601442, 2.991436;1.046638, -0.3346091, 2.74226;0.9562454, -0.7215466, 3.002563;1.081402, -0.6869569, 2.670008;0.8963976, -0.7897794, 2.986766;1.045861, -0.7753782, 2.603951;
0.9214164, 0.8365924, 2.966721;0.9777125, 0.6691825, 2.941568;0.9333871, 0.2760916, 2.899046;0.8592473, 0.5233937, 3.096303;1.035767, 0.5306503, 2.813792;0.7854089, -0.006196197, 2.921002;0.9260167, 0.03259306, 2.682407;0.9241933, 0.1975269, 2.893763;0.877996, 0.1227268, 2.93816;0.9555817, 0.1395549, 2.830805;0.9372492, -0.3606378, 2.991396;1.046513, -0.334573, 2.742349;0.9560447, -0.7213509, 3.002342;1.081279, -0.6869882, 2.669712;0.904384, -0.7905928, 2.98382;1.045794, -0.7755541, 2.60374;
0.9195917, 0.8374265, 2.965767;0.977084, 0.6692345, 2.941236;0.9325682, 0.2773739, 2.899109;0.8592747, 0.5276886, 3.095578;1.03542, 0.5308304, 2.813188;0.7854126, -0.006412209, 2.921115;0.9250633, 0.01485869, 2.687527;0.9233642, 0.1992223, 2.894038;0.8771272, 0.1236219, 2.939404;0.9548748, 0.1400237, 2.830364;0.9363428, -0.3608462, 2.991549;1.045711, -0.3346035, 2.741582;0.9580202, -0.7257923, 3.001108;1.080842, -0.6871902, 2.668759;0.9042976, -0.7913458, 2.988281;1.04561, -0.7759103, 2.603081;
0.9169191, 0.8351665, 2.963821;0.9743155, 0.6687397, 2.940577;0.9324111, 0.277467, 2.89895;0.8580534, 0.5264443, 3.094956;1.034624, 0.5306336, 2.812462;0.7861735, -0.005536815, 2.920302;0.9277927, 0.02011195, 2.688244;0.9233553, 0.1993134, 2.893935;0.8771336, 0.1235924, 2.939404;0.9550005, 0.1400519, 2.830005;0.9350998, -0.3608249, 2.991822;1.045316, -0.3354179, 2.740472;0.9572009, -0.7253126, 3.00073;1.080789, -0.6872483, 2.668632;0.9036638, -0.7916639, 2.991939;1.04592, -0.7760223, 2.603194;
0.9140872, 0.8323529, 2.960505;0.9737576, 0.6685462, 2.939888;0.932223, 0.277733, 2.899137;0.8575968, 0.528577, 3.093567;1.033968, 0.5304129, 2.811115;0.7862172, -0.005358309, 2.920136;0.9266511, 0.01864979, 2.687343;0.9232348, 0.1997538, 2.894397;0.8769716, 0.1239866, 2.940639;0.9549373, 0.1401738, 2.830261;0.9290569, -0.3590628, 2.99022;1.043538, -0.3335475, 2.737613;0.9557903, -0.7257907, 3.00041;1.080561, -0.6874328, 2.668185;0.9054715, -0.7934574, 2.985321;1.046182, -0.7764212, 2.603493;
0.9094117, 0.8297404, 2.958168;0.9708059, 0.6681968, 2.939995;0.9319105, 0.2779244, 2.899564;0.8572198, 0.5293337, 3.093429;1.033323, 0.5301673, 2.8102;0.7864926, -0.005203171, 2.920044;0.9266169, 0.01984952, 2.687124;0.9231955, 0.2000058, 2.894952;0.877098, 0.1241287, 2.941701;0.9550843, 0.1402556, 2.830649;0.9244403, -0.3593197, 2.988851;1.042111, -0.3332975, 2.735129;0.954803, -0.7297968, 3.000313;1.080342, -0.6871623, 2.667957;0.9022818, -0.7957588, 2.985496;1.046119, -0.7759865, 2.602397;
0.9051066, 0.8329982, 2.955807;0.9658275, 0.6678033, 2.939294;0.9317898, 0.2780941, 2.899892;0.8561373, 0.5310179, 3.092426;1.031227, 0.5299608, 2.809396;0.7864932, -0.005197801, 2.920025;0.9364724, 0.04052515, 2.69011;0.9235104, 0.2003023, 2.895591;0.8782746, 0.1242081, 2.943224;0.9556607, 0.1403889, 2.831219;0.9169626, -0.3580745, 2.989129;1.039897, -0.3317649, 2.730925;0.9549816, -0.7310671, 3.000316;1.079491, -0.6874622, 2.6672;0.8995314, -0.7946507, 2.985989;1.046121, -0.7760062, 2.602209;
0.8974092, 0.8337138, 2.949898;0.9566473, 0.6643454, 2.937048;0.9316297, 0.278035, 2.900212;0.8453946, 0.5222487, 3.089477;1.029792, 0.5295963, 2.807336;0.786583, -0.005166351, 2.919904;0.9203784, 0.006416552, 2.685608;0.9239823, 0.2003854, 2.896356;0.8789769, 0.1232599, 2.944889;0.9582604, 0.1400504, 2.832452;0.9113747, -0.3574456, 2.989159;1.03676, -0.3293593, 2.724394;0.9549315, -0.7310842, 3.000246;1.078145, -0.6886533, 2.666282;0.8997595, -0.7946731, 2.98519;1.046033, -0.7760361, 2.602113;
0.8916525, 0.8303103, 2.951494;0.9524832, 0.6609266, 2.934575;0.931559, 0.2765279, 2.901366;0.8415592, 0.5185014, 3.08718;1.022072, 0.5221417, 2.804077;0.7866342, -0.005601631, 2.919685;0.9174142, 0.006090626, 2.684365;0.9251072, 0.1987298, 2.898459;0.8812151, 0.1201925, 2.949535;0.9608664, 0.1370624, 2.834629;0.9058734, -0.3580003, 2.991436;1.034049, -0.3289947, 2.716849;0.9464695, -0.728458, 3.000129;1.077979, -0.6880272, 2.664839;0.8966653, -0.7959569, 2.983835;1.046026, -0.7760377, 2.602136;
0.8821607, 0.8252451, 2.949893;0.9418672, 0.6503696, 2.928963;0.9309226, 0.2729419, 2.903036;0.8364844, 0.5106119, 3.085346;1.018489, 0.5164486, 2.801178;0.7869191, -0.007084011, 2.917434;0.9143956, 0.004019864, 2.683118;0.9260654, 0.1957188, 2.901026;0.8826652, 0.1172514, 2.95239;0.9637578, 0.1335635, 2.838556;0.8942584, -0.3569794, 2.998316;1.032149, -0.3271647, 2.704839;0.9415903, -0.725979, 2.999248;1.077737, -0.6871796, 2.662991;0.8931766, -0.7941455, 2.981872;1.045768, -0.7758405, 2.602304;
0.8724685, 0.8180156, 2.947148;0.9333251, 0.6430649, 2.924285;0.9325358, 0.2647186, 2.904889;0.8298441, 0.5002048, 3.07881;1.010946, 0.5096816, 2.799494;0.7835415, -0.02784546, 2.906396;0.9097999, 0.004764497, 2.687558;0.9311026, 0.1868152, 2.904628;0.8906548, 0.1075879, 2.958087;0.9718585, 0.1242012, 2.842654;0.8794216, -0.3569872, 3.003683;1.029671, -0.3205985, 2.693785;0.9421593, -0.7276984, 2.998482;1.076844, -0.6854666, 2.658758;0.8916571, -0.7942237, 2.981005;1.045686, -0.775881, 2.602035;
0.8580657, 0.805361, 2.935788;0.9262709, 0.6349044, 2.917688;0.9329131, 0.2548741, 2.907753;0.8250802, 0.4929018, 3.075101;1.004941, 0.4968233, 2.795466;0.7820927, -0.05658406, 2.884744;0.9086524, -0.0001797453, 2.685684;0.9335034, 0.1771085, 2.909448;0.8929976, 0.1001433, 2.964005;0.976658, 0.1145462, 2.848805;0.8752554, -0.3554752, 3.005474;1.028565, -0.3185945, 2.685089;0.9395626, -0.724601, 2.999127;1.0753, -0.6864876, 2.652308;0.8923911, -0.792768, 2.979292;1.04569, -0.775888, 2.601996;
0.8474759, 0.7930471, 2.933985;0.9134059, 0.6164521, 2.912377;0.9314724, 0.2434728, 2.911804;0.8166953, 0.4780309, 3.065408;0.9980956, 0.4840759, 2.79255;0.7827825, -0.0652016, 2.880931;0.9057035, -0.01108254, 2.688254;0.9339858, 0.1674662, 2.914776;0.8955214, 0.08941479, 2.971767;0.9782233, 0.1032822, 2.855288;0.8633947, -0.3554285, 3.011446;1.030449, -0.3125811, 2.675242;0.9385867, -0.7257047, 2.99877;1.075689, -0.6874756, 2.650464;0.890079, -0.7931662, 2.980167;1.045692, -0.7758783, 2.601954;
0.8391076, 0.7734051, 2.928745;0.9063306, 0.5947574, 2.906522;0.9322991, 0.229237, 2.916013;0.8081367, 0.4617622, 3.061616;0.9881506, 0.4677305, 2.791914;0.7805171, -0.07096008, 2.878248;0.9075679, -0.01866625, 2.703429;0.9366517, 0.1548531, 2.920921;0.8999634, 0.07758811, 2.980317;0.9824948, 0.08979086, 2.862315;0.8584358, -0.3556023, 3.013707;1.031623, -0.3131923, 2.666879;0.9370531, -0.7255334, 2.998909;1.075394, -0.6882984, 2.647352;0.8897926, -0.7936057, 2.979771;1.045654, -0.7759264, 2.601494;
0.8259399, 0.7448229, 2.914739;0.8939812, 0.5741674, 2.905353;0.9316348, 0.2137579, 2.921091;0.8008544, 0.4328118, 3.055788;0.9787648, 0.4384676, 2.784872;0.7743631, -0.1080127, 2.869322;0.8904808, -0.09400842, 2.706282;0.9383404, 0.1406718, 2.927423;0.9040599, 0.06221959, 2.990519;0.9863203, 0.07584908, 2.867929;0.8515167, -0.3541937, 3.018218;1.033567, -0.3094629, 2.658252;0.9347544, -0.7245815, 3.000422;1.075107, -0.6889356, 2.646198;0.8896172, -0.7935848, 2.980025;1.045725, -0.7759883, 2.601421;
0.8147629, 0.7108561, 2.905632;0.8892002, 0.5490639, 2.895571;0.933713, 0.1856663, 2.919198;0.791324, 0.4103464, 3.046371;0.9725707, 0.4257713, 2.783433;0.7676287, -0.1389079, 2.864509;0.8895109, -0.1021068, 2.695664;0.9424158, 0.1128902, 2.927445;0.9079092, 0.03736388, 2.9914;0.9927188, 0.05356618, 2.869056;0.8424775, -0.3679325, 3.024282;1.03486, -0.3092608, 2.651252;0.9325187, -0.7247506, 3.000842;1.07522, -0.6888567, 2.643444;0.8869529, -0.7933087, 2.980285;1.045599, -0.7761673, 2.600825;
0.806527, 0.6975331, 2.903239;0.8770857, 0.5182569, 2.887453;0.9310153, 0.1576424, 2.917514;0.7819974, 0.3672108, 3.02692;0.9670201, 0.3974057, 2.780474;0.7695488, -0.1514234, 2.860831;0.888163, -0.1169207, 2.683814;0.9415405, 0.08516792, 2.926954;0.9063803, 0.005964615, 2.991606;0.9958944, 0.02855588, 2.8698;0.8295048, -0.3952214, 3.034659;1.036705, -0.3195961, 2.637602;0.9321869, -0.7242725, 3.002111;1.072848, -0.6921518, 2.635986;0.8908656, -0.7954476, 2.982057;1.045223, -0.7763759, 2.600862;
0.7850255, 0.647577, 2.895092;0.8703408, 0.4863009, 2.879225;0.9309479, 0.1431556, 2.915564;0.7755189, 0.3508193, 3.026621;0.9643614, 0.3781596, 2.77632;0.7694557, -0.1965607, 2.846154;0.8782553, -0.166989, 2.684021;0.942389, 0.07355161, 2.925887;0.9071524, -0.00389061, 2.992066;1.000244, 0.01130361, 2.868615;0.817561, -0.4002824, 3.044693;1.037597, -0.3284971, 2.624158;0.9304193, -0.7234731, 3.002882;1.072505, -0.6942258, 2.635074;0.8882489, -0.7942299, 2.98371;1.045935, -0.7771918, 2.601738;
0.7835847, 0.6399845, 2.893135;0.8644676, 0.4622455, 2.877903;0.9320805, 0.1021447, 2.914225;0.7669371, 0.2963595, 3.013296;0.9542929, 0.3413451, 2.76637;0.7507434, -0.2230958, 2.840833;0.8767673, -0.1902319, 2.673261;0.9459817, 0.0301343, 2.925058;0.9114715, -0.04011175, 2.986879;1.004716, -0.02082928, 2.8729;0.8048835, -0.4291457, 3.052138;1.037979, -0.3444927, 2.606855;0.9266623, -0.7204961, 3.006821;1.071442, -0.6951385, 2.631834;0.891432, -0.794168, 2.982806;1.045587, -0.7773799, 2.600955;
0.7756497, 0.6100382, 2.889128;0.855886, 0.4311524, 2.872983;0.9337928, 0.08331266, 2.91254;0.7652763, 0.2834364, 3.009829;0.9470503, 0.3141053, 2.764235;0.7491829, -0.2803307, 2.864016;0.8804784, -0.2494568, 2.672693;0.9489796, 0.01303023, 2.923833;0.9156685, -0.05284436, 2.983608;1.008485, -0.04283933, 2.87482;0.7971957, -0.4366857, 3.053808;1.031902, -0.3605973, 2.589076;0.9229814, -0.7191342, 3.008848;1.070718, -0.6963599, 2.628779;0.8882248, -0.7949476, 2.98354;1.043891, -0.7776132, 2.597279;
0.7628284, 0.5584311, 2.8653;0.8494634, 0.393859, 2.867826;0.9455587, 0.0483942, 2.893951;0.7579381, 0.2547717, 3.00853;0.9393344, 0.2864058, 2.761322;0.7527481, -0.2934145, 2.859059;0.8847922, -0.2510817, 2.673512;0.965306, -0.02156733, 2.902071;0.9385744, -0.09045725, 2.956157;1.025308, -0.07037136, 2.853397;0.7926188, -0.453345, 3.064354;1.033243, -0.3803623, 2.570722;0.9221581, -0.7203257, 3.008397;1.070885, -0.6950929, 2.625905;0.8870947, -0.7941372, 2.981685;1.043338, -0.7777386, 2.596351;
0.7539584, 0.5224665, 2.853804;0.8433672, 0.3690918, 2.861755;0.9480999, 0.03718394, 2.887429;0.7537413, 0.2306547, 3.003263;0.9407995, 0.2651112, 2.755378;0.7632096, -0.3449383, 2.830819;0.8862442, -0.2539479, 2.671408;0.968646, -0.0302787, 2.895979;0.942511, -0.1025587, 2.950211;1.031528, -0.07793694, 2.845709;0.7892729, -0.4590766, 3.066093;1.033124, -0.3858601, 2.561445;0.9186897, -0.7283996, 3.008144;1.069969, -0.6964046, 2.623207;0.8811651, -0.7991568, 2.982747;1.043146, -0.7783946, 2.595803;
0.7474009, 0.502299, 2.85249;0.8399356, 0.3436978, 2.858975;0.95455, -0.02069701, 2.911443;0.7472922, 0.2005952, 2.995574;0.9369476, 0.2377646, 2.750659;0.7540526, -0.351966, 2.856683;0.8840597, -0.261129, 2.664518;0.9777426, -0.09158044, 2.925695;0.9547224, -0.1655256, 2.978837;1.03801, -0.1314742, 2.886818;0.7424853, -0.4988003, 3.067861;1.034436, -0.3850811, 2.552158;0.9192241, -0.7295794, 3.009048;1.070042, -0.6966212, 2.621036;0.8813671, -0.799371, 2.982097;1.042964, -0.7784949, 2.595802;
0.7447292, 0.4804142, 2.849761;0.835619, 0.3143421, 2.84976;0.9566165, -0.03942592, 2.914965;0.741074, 0.1594997, 2.983373;0.9299765, 0.2065062, 2.747517;0.7587219, -0.4312284, 2.84993;0.8676745, -0.3510095, 2.665929;0.9808805, -0.1116169, 2.931509;0.9596158, -0.1887174, 2.985654;1.040485, -0.1475888, 2.894607;0.7209257, -0.5064002, 3.061594;1.033264, -0.3854339, 2.549275;0.918527, -0.7241807, 3.012719;1.069234, -0.697605, 2.618481;0.891989, -0.7991399, 2.986681;1.042952, -0.7787577, 2.595572;
0.7426215, 0.4597025, 2.842718;0.8256297, 0.2648691, 2.839558;0.9425348, -0.0840437, 2.905755;0.7409923, 0.1369911, 2.976635;0.9292273, 0.1762291, 2.74336;0.7577711, -0.4327022, 2.8497;0.8659474, -0.3832104, 2.659349;0.9664187, -0.152541, 2.922816;0.9456353, -0.2217646, 2.977042;1.02478, -0.1943209, 2.887006;0.6954807, -0.5223681, 3.073283;1.034515, -0.3989009, 2.521441;0.9183027, -0.7239426, 3.013242;1.070124, -0.7060727, 2.619115;0.8941045, -0.7962586, 2.979446;1.042138, -0.780745, 2.594659;
0.735489, 0.4389505, 2.837568;0.8266844, 0.2567261, 2.835027;0.9159697, -0.09189373, 2.880148;0.735328, 0.1049162, 2.966081;0.9282745, 0.1634324, 2.741251;0.7445579, -0.4799271, 2.915699;0.8620924, -0.3939684, 2.660949;0.928678, -0.1609127, 2.889198;0.8907803, -0.2320591, 2.947941;0.9958838, -0.2083085, 2.84371;0.6956657, -0.5515027, 3.089502;1.040813, -0.4196005, 2.486034;0.9181944, -0.7253573, 3.013213;1.06787, -0.7043014, 2.614707;0.8915144, -0.7960237, 2.978407;1.041443, -0.7803552, 2.593862;
0.7312238, 0.3960458, 2.823219;0.8221008, 0.2270282, 2.826929;0.9147004, -0.1021119, 2.883052;0.7342573, 0.08414263, 2.964172;0.9263473, 0.1229837, 2.73016;0.7906881, -0.4775975, 2.818509;0.859064, -0.4376127, 2.663068;0.9301305, -0.170331, 2.895489;0.892074, -0.2405824, 2.955374;0.9987007, -0.2167632, 2.85129;0.6836547, -0.5476794, 3.102101;1.039847, -0.4142936, 2.486132;0.9066685, -0.7228779, 3.012324;1.066749, -0.7072077, 2.612918;0.8913143, -0.7968542, 2.978165;1.040631, -0.7833236, 2.592934;
0.7296723, 0.3772693, 2.820157;0.8162352, 0.2068942, 2.823135;0.9430344, -0.1341578, 2.913715;0.7329645, 0.06920061, 2.961024;0.9227453, 0.1090348, 2.730391;0.7522804, -0.4991237, 2.818949;0.8645493, -0.4400248, 2.66169;0.9690185, -0.2002253, 2.935751;0.9462097, -0.2713946, 2.99993;1.034904, -0.2385844, 2.899253;0.6594275, -0.5381356, 3.083511;1.029232, -0.3961911, 2.513181;0.9060923, -0.7250222, 3.01206;1.065281, -0.7107177, 2.608187;0.8894951, -0.7990701, 2.979287;1.039419, -0.7872825, 2.59082;
0.727156, 0.357406, 2.813585;0.8166175, 0.1826721, 2.818281;0.9349259, -0.1477764, 2.910149;0.7305522, 0.04344122, 2.954731;0.9206681, 0.08144568, 2.727324;0.7440258, -0.49776, 2.823158;0.8612018, -0.4643655, 2.656116;0.9581494, -0.2148305, 2.931778;0.9279541, -0.2941162, 2.997824;1.025406, -0.2519603, 2.893648;0.7360829, -0.4812924, 3.031576;1.027796, -0.4003828, 2.504892;0.8996754, -0.7238207, 3.01471;1.064356, -0.7132992, 2.607221;0.8897783, -0.7984613, 2.981235;1.03892, -0.789652, 2.589529;
0.7259537, 0.3335854, 2.811211;0.8155643, 0.153039, 2.809637;0.9447949, -0.1569115, 2.914285;0.7294724, 0.02780672, 2.949563;0.9198459, 0.06609079, 2.723001;0.7350391, -0.519796, 2.848639;0.8503582, -0.5128876, 2.650635;0.9713379, -0.2217841, 2.938562;0.9460555, -0.2976268, 3.005097;1.041853, -0.2548418, 2.904987;0.6409725, -0.5318379, 3.107855;1.02686, -0.3965569, 2.514661;0.9020789, -0.7243097, 3.014994;1.063215, -0.7139099, 2.6053;0.8875196, -0.7984598, 2.982775;1.038953, -0.7905405, 2.588349;
0.727879, 0.3117011, 2.807691;0.8131913, 0.1305147, 2.806135;0.9342583, -0.2084589, 2.895706;0.7261155, 0.01161515, 2.946071;0.9195485, 0.04105286, 2.715784;0.739781, -0.5364006, 2.852986;0.8504142, -0.5185897, 2.647329;0.9586982, -0.2741032, 2.917459;0.9351621, -0.3424651, 2.977125;1.022553, -0.3140353, 2.884904;0.7513328, -0.5008914, 3.084462;1.026642, -0.4054467, 2.480088;0.922445, -0.7472497, 3.012518;1.062803, -0.7137617, 2.604167;0.8687207, -0.8017099, 2.98325;1.039155, -0.7904716, 2.587883;
0.7254789, 0.294071, 2.80608;0.8108176, 0.1117213, 2.803808;0.8790128, -0.2245897, 2.963374;0.7242647, -0.03124795, 2.94059;0.9153981, 0.01531111, 2.715743;0.7381374, -0.5678805, 2.845475;0.8496977, -0.5353237, 2.636797;0.8929456, -0.2895263, 2.99908;0.8586115, -0.342987, 3.056723;0.9496902, -0.3405147, 2.99032;0.7503326, -0.5012917, 3.086244;1.023283, -0.4068404, 2.515008;0.9117806, -0.73729, 3.014666;1.061814, -0.7148921, 2.603703;0.8721514, -0.8018508, 2.984111;1.039191, -0.7916926, 2.587514;
0.7209616, 0.266157, 2.799795;0.8107492, 0.09408578, 2.799269;0.8742757, -0.2305946, 2.957887;0.7226374, -0.04122739, 2.940616;0.9157006, 0.001520929, 2.714115;0.7473592, -0.6172112, 2.831184;0.8497282, -0.5525568, 2.631625;0.8867025, -0.2956391, 2.992569;0.8503101, -0.3501351, 3.052153;0.9428951, -0.3512779, 2.980994;0.7315754, -0.504091, 3.068464;1.020491, -0.4090399, 2.512819;0.9017166, -0.7184964, 3.017657;1.06021, -0.7149059, 2.603405;0.876986, -0.7916485, 2.991439;1.04361, -0.794382, 2.595777;
0.7188982, 0.2454752, 2.796362;0.8066576, 0.07582317, 2.79903;0.8746152, -0.2489294, 2.959115;0.721557, -0.06118511, 2.93839;0.9156493, -0.01488084, 2.713456;0.7365946, -0.618024, 2.833731;0.8493911, -0.5670079, 2.628059;0.8880959, -0.3140384, 2.994431;0.8543019, -0.371208, 3.05324;0.944321, -0.3670056, 2.98533;0.7440165, -0.5655061, 3.087348;1.017392, -0.4102539, 2.511408;0.9003445, -0.7151411, 3.019398;1.059536, -0.7156328, 2.60499;0.8748111, -0.7875431, 2.992326;1.043578, -0.7948947, 2.595511;
0.7172335, 0.2226164, 2.789211;0.804967, 0.05431481, 2.798326;0.8681368, -0.2592454, 2.958155;0.7198824, -0.07301471, 2.935396;0.9115645, -0.03719889, 2.707159;0.7351157, -0.6166039, 2.842062;0.850189, -0.5790894, 2.627022;0.8808992, -0.3227776, 2.993519;0.8456029, -0.377846, 3.053433;0.9371973, -0.3774297, 2.984365;0.7211536, -0.5443949, 3.075065;1.010501, -0.4174234, 2.510305;0.900009, -0.7309285, 3.018965;1.058656, -0.7156949, 2.606461;0.8654079, -0.798574, 2.990192;1.043314, -0.7946965, 2.595308;
0.7158578, 0.2179293, 2.786725;0.8036878, 0.04215024, 2.794473;0.8691368, -0.2718698, 2.956383;0.7171924, -0.08939645, 2.931573;0.9105128, -0.04603916, 2.70646;0.739917, -0.6266243, 2.845541;0.8536293, -0.5932283, 2.621095;0.8822533, -0.3347602, 2.992248;0.847402, -0.3916285, 3.053175;0.9392905, -0.3874789, 2.98365;0.7411335, -0.5707877, 3.084292;1.008112, -0.4185526, 2.510847;0.9032243, -0.7943413, 3.000193;1.058182, -0.7157562, 2.606107;0.8232292, -0.7903494, 2.986684;1.042705, -0.7947596, 2.595308;
0.7124865, 0.210068, 2.784481;0.8022582, 0.03600735, 2.793733;0.8721029, -0.2806776, 2.955202;0.7163328, -0.1032133, 2.93121;0.9094758, -0.05553263, 2.704164;0.740163, -0.6411157, 2.841075;0.8475077, -0.6135219, 2.615011;0.8863776, -0.3443317, 2.990945;0.8527632, -0.4027747, 3.052781;0.9451717, -0.3980523, 2.981849;0.7499517, -0.5775903, 3.081846;1.005101, -0.4190793, 2.51178;0.8944915, -0.7859579, 3.001686;1.058158, -0.7158781, 2.606056;0.8176971, -0.8103409, 2.991427;1.042452, -0.7948384, 2.595296;
0.7093435, 0.1863061, 2.778685;0.8022987, 0.01943128, 2.792405;0.8728399, -0.3054005, 2.956632;0.7162962, -0.1032558, 2.930511;0.9084666, -0.06940499, 2.702471;0.7438915, -0.6745095, 2.819098;0.8467702, -0.6159361, 2.614739;0.8870559, -0.3704632, 2.993081;0.8539014, -0.4240723, 3.051109;0.9435617, -0.4157659, 2.98499;0.752867, -0.6204382, 3.082748;1.003757, -0.4230342, 2.513177;0.888562, -0.7463251, 3.011691;1.057419, -0.7162462, 2.605527;0.849364, -0.8142623, 2.991181;1.042073, -0.7950237, 2.594071;
0.7087535, 0.1839495, 2.777892;0.8024492, 0.009743141, 2.791354;0.8700547, -0.3081095, 2.958223;0.7138312, -0.1252524, 2.931825;0.9079467, -0.0745004, 2.702065;0.7397579, -0.6582228, 2.835838;0.8493186, -0.6131931, 2.613164;0.8834924, -0.372507, 2.995205;0.8462157, -0.4268518, 3.054725;0.9405935, -0.4200405, 2.988533;0.7143449, -0.5756915, 3.07924;1.003563, -0.4253281, 2.515295;0.8837494, -0.746982, 3.010875;1.056162, -0.7171549, 2.605211;0.8490629, -0.8167259, 2.989045;1.034499, -0.7937763, 2.590935;
0.7070776, 0.1803396, 2.777722;0.802549, 0.002513838, 2.79133;0.8706805, -0.309912, 2.958737;0.7131281, -0.1270862, 2.931459;0.9073624, -0.07718813, 2.701814;0.741646, -0.6683518, 2.830111;0.851319, -0.6190317, 2.614261;0.8840992, -0.3734998, 2.995672;0.8470266, -0.4284151, 3.055208;0.9420843, -0.4212196, 2.989477;0.7373956, -0.5912035, 3.08501;1.002916, -0.4283331, 2.514891;0.8750203, -0.7811119, 2.998067;1.05604, -0.7161198, 2.604255;0.8119147, -0.809271, 2.956053;1.034967, -0.7931057, 2.591235;
0.7067097, 0.1761385, 2.777723;0.8024406, 0.0006909387, 2.791016;0.871401, -0.3107503, 2.959502;0.7127634, -0.1273584, 2.931548;0.9066828, -0.07880087, 2.701819;0.7496974, -0.6740365, 2.836679;0.8519282, -0.6187106, 2.61436;0.8850827, -0.3740441, 2.996723;0.8483911, -0.4290016, 3.056345;0.9436905, -0.4217747, 2.99108;0.7412921, -0.5917939, 3.087158;1.002225, -0.4293776, 2.515821;0.8659661, -0.7858164, 2.999009;1.055786, -0.7170399, 2.603861;0.8003547, -0.8330598, 2.999102;1.033257, -0.7935518, 2.590624;
0.7066625, 0.1759681, 2.7777;0.8023404, 0.0006401215, 2.790797;0.8721486, -0.3107308, 2.959485;0.7125199, -0.1277226, 2.931742;0.9071312, -0.08018036, 2.702553;0.7468516, -0.6519354, 2.849003;0.8525649, -0.6203328, 2.615699;0.8863136, -0.3738286, 2.996806;0.8498402, -0.4290332, 3.056653;0.9461523, -0.4215696, 2.991127;0.7488135, -0.5893028, 3.083604;1.002219, -0.4293696, 2.515842;0.8808535, -0.7478265, 3.012697;1.055675, -0.7170089, 2.604255;0.8373277, -0.8128517, 2.992853;1.03369, -0.7933984, 2.590189;
0.706413, 0.1757315, 2.779002;0.8022916, 0.0006033417, 2.790773;0.8721653, -0.3107716, 2.959474;0.712278, -0.1279913, 2.932025;0.906514, -0.07996136, 2.703182;0.7501703, -0.6508394, 2.851969;0.8536397, -0.6190731, 2.618552;0.8863317, -0.3738397, 2.996785;0.8501338, -0.4294739, 3.057198;0.9461917, -0.4217626, 2.99103;0.7476504, -0.5925537, 3.08525;1.001971, -0.4305362, 2.51765;0.8806682, -0.7480308, 3.011957;1.055147, -0.7183716, 2.60699;0.8379673, -0.8125899, 2.989555;1.036266, -0.7953424, 2.592426;
0.7062241, 0.1755903, 2.78002;0.8017302, 0.0006651159, 2.791448;0.8727295, -0.3091154, 2.958893;0.711634, -0.1273866, 2.932338;0.9054729, -0.07882373, 2.704716;0.7588229, -0.6778668, 2.825786;0.8543087, -0.6186025, 2.621314;0.8873903, -0.3710276, 2.995599;0.8517942, -0.4276361, 3.056699;0.9474096, -0.4195249, 2.989152;0.7508018, -0.5915177, 3.083716;1.001276, -0.430326, 2.51877;0.8806617, -0.7481219, 3.011866;1.056741, -0.7189822, 2.608294;0.8399782, -0.8119827, 2.984722;1.037413, -0.7956371, 2.593441;
0.7057394, 0.1796765, 2.784011;0.7996274, 0.005281087, 2.793205;0.8735067, -0.3091435, 2.959426;0.711013, -0.1266991, 2.933544;0.9039308, -0.07687262, 2.707086;0.744527, -0.6574892, 2.808031;0.8558062, -0.6143663, 2.623724;0.8887612, -0.3715948, 2.996313;0.8532262, -0.4282477, 3.056423;0.9489433, -0.4192174, 2.989811;0.7542078, -0.5896962, 3.079613;1.001092, -0.4301436, 2.523413;0.8804166, -0.7481765, 3.011619;1.057596, -0.7199723, 2.610956;0.8402361, -0.8118472, 2.983711;1.037537, -0.795611, 2.592965;
0.7051431, 0.1816479, 2.787094;0.7975619, 0.008574678, 2.795454;0.8735844, -0.3077016, 2.96023;0.7093114, -0.1242167, 2.93655;0.9028766, -0.07455029, 2.709429;0.7607927, -0.6798178, 2.85387;0.85579, -0.6114632, 2.627682;0.8889859, -0.370506, 2.996883;0.8534774, -0.4274856, 3.056726;0.9494532, -0.4179281, 2.990149;0.7561604, -0.5855269, 3.077172;1.003157, -0.4324194, 2.510561;0.8782853, -0.7459615, 3.005011;1.057387, -0.7206463, 2.610386;0.8390693, -0.8122404, 2.982275;1.036702, -0.7960778, 2.592222;
0.704313, 0.1825924, 2.788217;0.7961552, 0.01056429, 2.798159;0.8725626, -0.3088697, 2.960944;0.7084128, -0.1235862, 2.939938;0.9024133, -0.07356343, 2.711744;0.7622762, -0.6761889, 2.852318;0.8576616, -0.6097737, 2.630237;0.8876743, -0.3726619, 2.997438;0.8518506, -0.4310975, 3.056199;0.9481874, -0.419209, 2.990392;0.7523117, -0.6006096, 3.077207;1.001102, -0.4320714, 2.51596;0.8776978, -0.7905295, 3.001171;1.05725, -0.7208807, 2.610774;0.8046766, -0.8016176, 2.969653;1.035696, -0.7962454, 2.59334;
0.7042747, 0.1851853, 2.790736;0.795223, 0.01105802, 2.799281;0.8721288, -0.3088241, 2.961113;0.7065009, -0.1219689, 2.94396;0.9017508, -0.07271948, 2.713983;0.7621305, -0.6525927, 2.857372;0.8581405, -0.6098288, 2.63131;0.8873402, -0.37267, 2.997457;0.851393, -0.431198, 3.056292;0.9480288, -0.4192712, 2.990223;0.7511222, -0.5972749, 3.077045;0.9986528, -0.4315552, 2.516643;0.8832686, -0.7891789, 2.995433;1.057239, -0.7208671, 2.610735;0.8055436, -0.8026365, 2.980457;1.036278, -0.7962463, 2.592703;
0.703495, 0.1856113, 2.791447;0.7937722, 0.01100863, 2.800792;0.8681194, -0.3112766, 2.962677;0.7066672, -0.1227873, 2.944945;0.9022528, -0.07297295, 2.71553;0.7619923, -0.6369946, 2.861484;0.8592089, -0.6096127, 2.632773;0.8826545, -0.3758951, 2.998819;0.8459212, -0.43639, 3.057924;0.9429417, -0.4227549, 2.991097;0.7362612, -0.6203321, 3.090012;0.9968088, -0.4326398, 2.517514;0.8797654, -0.7891028, 2.995389;1.05697, -0.7209865, 2.609884;0.802587, -0.8038037, 2.978885;1.036817, -0.7967443, 2.592576;
0.7042845, 0.1851351, 2.796711;0.79339, 0.01066698, 2.801677;0.8406299, -0.3064465, 2.963478;0.7037488, -0.1446797, 2.955844;0.9021745, -0.07378529, 2.715788;0.763721, -0.6643239, 2.85961;0.8592783, -0.6142548, 2.636899;0.8444704, -0.3685104, 2.998565;0.7901058, -0.4211298, 3.062041;0.9109502, -0.4263732, 2.988892;0.4535977, -0.6052306, 3.083815;0.9961791, -0.4337475, 2.517519;0.8754675, -0.7531977, 3.001218;1.057043, -0.7215875, 2.60956;0.8325686, -0.8195942, 2.987143;1.036972, -0.7967386, 2.58965;
0.7037268, 0.1839923, 2.79951;0.7932744, 0.01056895, 2.801718;0.8437492, -0.3095567, 2.964366;0.7035998, -0.1476472, 2.95678;0.9020449, -0.07476891, 2.716304;0.6564187, -0.6260622, 2.97778;0.859646, -0.6140528, 2.637486;0.8530434, -0.374767, 3.000453;0.8093632, -0.4331334, 3.06118;0.9168626, -0.4288093, 2.991386;0.6800982, -0.5553503, 3.077182;0.9950755, -0.4343204, 2.520231;0.8735489, -0.7516056, 3.000021;1.054709, -0.719595, 2.606293;0.8369695, -0.821609, 2.985498;1.038215, -0.7968232, 2.591692;
0.7038386, 0.1841144, 2.801877;0.7932951, 0.009363974, 2.803243;0.8490615, -0.3130104, 2.96189;0.7042539, -0.1431125, 2.955352;0.9011874, -0.07656438, 2.717276;0.7623567, -0.6514103, 2.872767;0.8596477, -0.613955, 2.637691;0.8611094, -0.3787207, 2.996135;0.8198705, -0.4371796, 3.056747;0.92438, -0.431272, 2.984313;0.6890283, -0.5637916, 3.07588;0.998416, -0.4391678, 2.507182;0.8740329, -0.7499208, 3.001334;1.058076, -0.7217492, 2.573411;0.8447171, -0.8171834, 2.968648;1.007187, -0.7821767, 2.521557;
0.7045766, 0.1833288, 2.803203;0.7932042, 0.008032095, 2.804303;0.8486794, -0.3146277, 2.962588;0.7048955, -0.1415722, 2.954477;0.9004466, -0.07801513, 2.717767;0.6117425, -0.593908, 3.040516;0.8598092, -0.6133554, 2.63781;0.8605143, -0.3801153, 2.99691;0.8196117, -0.4376263, 3.057456;0.9221114, -0.4341338, 2.985521;0.6855454, -0.5706228, 3.080583;0.9970118, -0.4385512, 2.510443;0.8733706, -0.7508045, 3.002404;1.055118, -0.7194819, 2.592414;0.844466, -0.8182697, 2.969756;1.039054, -0.7981694, 2.594198;
0.7054797, 0.1794124, 2.804843;0.793835, 0.006448718, 2.805397;0.8447968, -0.3164596, 2.962998;0.7046665, -0.1444706, 2.954828;0.9012022, -0.08061, 2.718621;0.5663425, -0.5603877, 3.087768;0.8600445, -0.6126698, 2.637479;0.8543233, -0.3819008, 2.997417;0.8095284, -0.4392304, 3.059398;0.9139225, -0.4385466, 2.986251;0.6474617, -0.5675899, 3.079366;0.9983727, -0.4377482, 2.520186;0.8735878, -0.7505902, 3.003076;1.057659, -0.7187229, 2.604737;0.8442729, -0.8186394, 2.972101;1.039041, -0.7955335, 2.590487;
0.7056921, 0.1771645, 2.805579;0.7938929, 0.005530276, 2.806123;0.8386551, -0.3187949, 2.962204;0.7051099, -0.1432031, 2.954267;0.9012108, -0.0824914, 2.719573;0.5820961, -0.5779847, 3.082201;0.8599113, -0.6144004, 2.637629;0.8461863, -0.384247, 2.996165;0.8007551, -0.4388261, 3.059313;0.9030402, -0.444716, 2.982786;0.487492, -0.6538154, 3.082773;0.9983198, -0.4377304, 2.520354;0.8924198, -0.7178241, 3.025123;1.057664, -0.7187228, 2.604934;0.8560055, -0.7920574, 2.983607;1.037525, -0.795284, 2.591878;
0.7062749, 0.1757717, 2.806183;0.7941283, 0.005120692, 2.806623;0.8345342, -0.3212183, 2.962612;0.7053836, -0.1448341, 2.953682;0.9008639, -0.08300107, 2.719831;0.609772, -0.5758529, 3.081124;0.8597516, -0.6145349, 2.637758;0.841095, -0.3870181, 2.996644;0.7953675, -0.4416414, 3.05891;0.8976918, -0.4465024, 2.983922;0.4928112, -0.6675643, 3.09714;0.9993452, -0.4415653, 2.510875;0.8874888, -0.7140651, 3.019549;1.05672, -0.7184778, 2.605011;0.8555567, -0.7930415, 2.982687;1.03947, -0.7959241, 2.593542;
0.7073671, 0.1776425, 2.808149;0.7947054, 0.005359422, 2.807579;0.8366829, -0.31931, 2.960683;0.7055578, -0.1470405, 2.953437;0.9004738, -0.08314383, 2.72073;0.6262313, -0.590149, 3.08851;0.8586862, -0.616842, 2.638279;0.8446442, -0.3840209, 2.993488;0.8003093, -0.4409467, 3.056933;0.9024468, -0.4427455, 2.979101;0.6715896, -0.5843057, 3.06859;0.9956191, -0.4409518, 2.518726;0.883265, -0.7363154, 3.012926;1.05419, -0.7174551, 2.60502;0.8499175, -0.8023584, 2.982357;1.040355, -0.7954357, 2.593366;
0.7082717, 0.177856, 2.808203;0.7954195, 0.005779992, 2.808124;0.8410019, -0.31473, 2.960161;0.7065426, -0.1434199, 2.954424;0.9003388, -0.08315276, 2.720811;0.7164206, -0.6381213, 3.070829;0.8586108, -0.6160116, 2.639625;0.8503428, -0.3780646, 2.992961;0.8101239, -0.4335372, 3.057896;0.9073404, -0.4377559, 2.978311;0.5575023, -0.7128184, 3.093555;0.9950776, -0.4403925, 2.519069;0.8809862, -0.7890311, 2.98673;1.053144, -0.7177714, 2.60453;0.8014442, -0.7970642, 2.98255;1.04008, -0.7959283, 2.593139;
0.7100529, 0.1811312, 2.80996;0.7992828, 0.009940166, 2.810999;0.8548255, -0.3152205, 2.961981;0.7080938, -0.1390006, 2.953836;0.9015141, -0.08065808, 2.723095;0.7107216, -0.6425745, 3.074594;0.8582364, -0.6151022, 2.639635;0.8674819, -0.380552, 2.995071;0.8295161, -0.4384236, 3.053923;0.9269298, -0.4327744, 2.983124;0.7349712, -0.5915105, 3.066031;0.9946489, -0.439945, 2.519218;0.886467, -0.7897896, 2.990876;1.053299, -0.7179492, 2.604999;0.8069137, -0.794988, 2.983552;1.040104, -0.7962791, 2.595015;
0.713268, 0.1929481, 2.81534;0.8008929, 0.0209978, 2.814889;0.8439659, -0.2964101, 2.96061;0.711607, -0.1216485, 2.954811;0.9018828, -0.07468531, 2.725948;0.7442001, -0.6868485, 2.886228;0.8589111, -0.6100889, 2.640061;0.8510888, -0.3581779, 2.992428;0.8034576, -0.4028104, 3.057598;0.9114269, -0.4224737, 2.976842;0.4902119, -0.61393, 3.066952;0.9944624, -0.4336321, 2.51906;0.8935112, -0.7460862, 3.013603;1.053767, -0.718124, 2.605036;0.8477719, -0.8073939, 2.990542;1.040079, -0.7961693, 2.594831;
0.7151932, 0.2016795, 2.817304;0.8019602, 0.02960632, 2.816607;0.8436677, -0.2929607, 2.96103;0.7122941, -0.1110829, 2.955378;0.9045932, -0.06043885, 2.728781;0.7220198, -0.6540173, 2.924292;0.8611569, -0.6013439, 2.64203;0.8510145, -0.356193, 2.992788;0.8044934, -0.403147, 3.057591;0.9096226, -0.4186696, 2.977677;0.5613366, -0.6856878, 3.104959;0.9961563, -0.431828, 2.520853;0.8963356, -0.7449482, 3.013386;1.053645, -0.7185984, 2.605128;0.8496482, -0.805572, 2.990934;1.039928, -0.7963254, 2.593752;
0.7194161, 0.2203566, 2.82061;0.805127, 0.04661383, 2.818316;0.8462726, -0.2859596, 2.960768;0.7160199, -0.09347405, 2.958674;0.9057598, -0.0508664, 2.728994;0.7412455, -0.6191339, 2.919984;0.8616018, -0.592423, 2.642829;0.8536946, -0.3512781, 2.992501;0.8096898, -0.4021552, 3.056274;0.9109018, -0.4096092, 2.976842;0.6823328, -0.5603667, 3.081921;0.9960138, -0.432376, 2.512036;0.9003723, -0.7464477, 3.013389;1.054235, -0.7178622, 2.606786;0.8521981, -0.8057923, 2.991184;1.038619, -0.7942163, 2.590605;
0.722744, 0.241004, 2.825893;0.8072575, 0.06840634, 2.819075;0.8511809, -0.2646263, 2.958022;0.7161467, -0.07636265, 2.962191;0.9087372, -0.02687509, 2.731656;0.7462185, -0.6293725, 2.88888;0.8611953, -0.5771204, 2.645521;0.8595541, -0.3313191, 2.98925;0.8169062, -0.3890108, 3.051324;0.9160712, -0.387149, 2.973243;0.7382002, -0.5030019, 3.020016;0.9979778, -0.4292246, 2.506251;0.909497, -0.7344155, 3.018902;1.054403, -0.7178972, 2.607497;0.8750128, -0.8007628, 2.991932;1.039758, -0.7946178, 2.586797;
0.728634, 0.2736189, 2.827875;0.8110679, 0.09101452, 2.820662;0.849847, -0.2430512, 2.956109;0.720727, -0.02082245, 2.962342;0.9125693, -0.004771105, 2.73492;0.759983, -0.5819693, 2.894469;0.8541311, -0.5536763, 2.648524;0.8574738, -0.3096584, 2.986624;0.8157718, -0.3634624, 3.046737;0.9121004, -0.367901, 2.969882;0.6051314, -0.6707675, 2.985136;1.001621, -0.4235344, 2.504493;0.9114726, -0.7354733, 3.018427;1.055458, -0.7183385, 2.60784;0.8733224, -0.799475, 2.991099;1.040035, -0.7931696, 2.586371;
0.7355405, 0.3024352, 2.833776;0.812256, 0.1178307, 2.82636;0.8518018, -0.2209339, 2.954323;0.7213666, -0.01916817, 2.963329;0.9149441, 0.02846341, 2.734945;0.7276465, -0.5142052, 2.96886;0.8550442, -0.541077, 2.652544;0.8596556, -0.2884369, 2.983503;0.8181248, -0.3517469, 3.044914;0.9142525, -0.3436671, 2.96402;0.6117902, -0.6625196, 2.993337;1.00656, -0.4162198, 2.506734;0.9126877, -0.7403131, 3.016196;1.055695, -0.7173911, 2.608613;0.8705984, -0.8021086, 2.990036;1.040004, -0.7917601, 2.586306;
0.7353513, 0.3153319, 2.833617;0.8137792, 0.1330609, 2.830885;0.8618143, -0.1901896, 2.952837;0.7226536, 0.001342413, 2.963233;0.9187592, 0.04750328, 2.736876;0.6191049, -0.446501, 3.091735;0.8615451, -0.5156071, 2.658762;0.8720576, -0.2539204, 2.980081;0.8330765, -0.3183401, 3.042147;0.9281868, -0.3127524, 2.959253;0.6672976, -0.6524734, 2.997482;1.008204, -0.4131153, 2.504595;0.9112912, -0.7393091, 3.015249;1.056855, -0.7174179, 2.60899;0.8695458, -0.8018956, 2.991001;1.03959, -0.7910901, 2.586141;
0.7401938, 0.3522671, 2.837826;0.8220116, 0.1825963, 2.840928;0.8650492, -0.1712409, 2.96314;0.7278091, 0.03897647, 2.967492;0.9192566, 0.07438438, 2.736267;0.6569966, -0.4534694, 3.074712;0.8645395, -0.4703191, 2.662941;0.8741764, -0.2400098, 2.990266;0.8379368, -0.2991369, 3.049934;0.9268107, -0.2976272, 2.973375;0.6645898, -0.6301015, 3.036838;1.012487, -0.4034898, 2.508486;0.911469, -0.7391155, 3.015011;1.05848, -0.7174798, 2.610298;0.8695106, -0.8017899, 2.991918;1.039949, -0.7901466, 2.585843;
0.7437825, 0.3936005, 2.841671;0.8221051, 0.206145, 2.840878;0.8641189, -0.1512281, 2.959882;0.7303087, 0.06068052, 2.970374;0.9198186, 0.1007489, 2.739282;0.6875823, -0.4738195, 3.058331;0.8774639, -0.4137813, 2.66262;0.8728236, -0.2230459, 2.987096;0.8365356, -0.2869791, 3.045125;0.9236345, -0.2747657, 2.967536;0.658645, -0.6124318, 3.070834;1.012974, -0.3925691, 2.516753;0.9077163, -0.7313136, 3.019005;1.058879, -0.7172053, 2.610082;0.87351, -0.7974727, 2.993547;1.039838, -0.7894526, 2.585323;
0.7469938, 0.4117666, 2.845903;0.8298541, 0.2473503, 2.844404;0.8759581, -0.1098966, 2.957437;0.7342613, 0.09967308, 2.974981;0.9234097, 0.1360208, 2.74158;0.8098243, -0.4533932, 2.877609;0.871555, -0.4121846, 2.663821;0.8853166, -0.1810165, 2.983416;0.8496886, -0.2497368, 3.038495;0.9356731, -0.232051, 2.963214;0.6898338, -0.583479, 3.067158;1.015796, -0.3892002, 2.519356;0.9082721, -0.7315294, 3.017749;1.058605, -0.7099228, 2.606679;0.8972957, -0.8037471, 2.988879;1.040758, -0.7848865, 2.58657;
0.7572018, 0.4546088, 2.858767;0.8298595, 0.2625038, 2.847292;0.8784819, -0.091228, 2.953576;0.7368076, 0.1222234, 2.980358;0.9294434, 0.1631801, 2.744698;0.766651, -0.4346436, 2.891438;0.8741754, -0.3821538, 2.664251;0.8883384, -0.1616906, 2.978025;0.8531592, -0.2294251, 3.032093;0.9397948, -0.2136801, 2.956564;0.6954685, -0.5628312, 3.066374;1.017667, -0.3873267, 2.524461;0.9099912, -0.7312541, 3.016972;1.060247, -0.705948, 2.609248;0.8891335, -0.8011031, 2.988148;1.039858, -0.7814504, 2.586684;
0.7586692, 0.4629915, 2.858697;0.8362553, 0.3169706, 2.855573;0.8847364, -0.04196576, 2.941283;0.7378258, 0.1600365, 2.997411;0.927892, 0.2077429, 2.748756;0.7629101, -0.3998428, 2.891271;0.8679214, -0.3525581, 2.669334;0.8944326, -0.113753, 2.961844;0.8576019, -0.1868446, 3.016201;0.9474201, -0.1637849, 2.93418;0.7120025, -0.5241084, 3.057607;1.01888, -0.3783106, 2.536417;0.910399, -0.730575, 3.016405;1.061606, -0.7044117, 2.610473;0.8858551, -0.7986273, 2.986611;1.039812, -0.7811081, 2.586814;
0.7693692, 0.4993806, 2.866457;0.8448386, 0.3405316, 2.855561;0.8894342, -0.02957184, 2.947513;0.7463379, 0.1941151, 3.001105;0.9302538, 0.2213622, 2.749175;0.7496744, -0.3575646, 2.885151;0.8694392, -0.3445078, 2.666237;0.8986266, -0.1028242, 2.969095;0.8650479, -0.1683833, 3.02604;0.9489727, -0.1575114, 2.940868;0.7307188, -0.5104458, 3.06337;1.018132, -0.3762361, 2.540241;0.9107751, -0.7310284, 3.015811;1.062871, -0.7029406, 2.610578;0.8892202, -0.7998165, 2.985796;1.039553, -0.7806693, 2.587368;
0.7756065, 0.5303223, 2.876189;0.8538947, 0.3344837, 2.867539;0.8992617, -0.009985568, 2.953244;0.7522553, 0.2247975, 3.004941;0.9369088, 0.2558806, 2.752873;0.7547722, -0.2908998, 2.889456;0.8870308, -0.2592033, 2.661718;0.9097117, -0.07423206, 2.974009;0.878018, -0.1407639, 3.028788;0.9568411, -0.1342752, 2.945738;0.7607665, -0.4900112, 3.054569;1.019061, -0.37475, 2.545613;0.9125794, -0.7342736, 3.011334;1.063016, -0.7028157, 2.610688;0.8886663, -0.803408, 2.984473;1.039913, -0.7806934, 2.587726;
0.7981442, 0.5592337, 2.892105;0.8629964, 0.3411444, 2.878894;0.9052358, 0.01904102, 2.958558;0.7577593, 0.2522681, 3.001129;0.939284, 0.2786151, 2.755894;0.7566497, -0.2852488, 2.887659;0.8862379, -0.2600776, 2.662749;0.9132767, -0.04515287, 2.977079;0.8831457, -0.1097934, 3.029601;0.958249, -0.103351, 2.949893;0.7713777, -0.4608401, 3.050511;1.02474, -0.3565262, 2.567144;0.9173914, -0.7340385, 3.011992;1.062969, -0.7025877, 2.610987;0.8888302, -0.7993636, 2.980886;1.039939, -0.780492, 2.587837;
0.79364, 0.5984945, 2.8903;0.8706503, 0.4371282, 2.870209;0.8956453, 0.06834042, 2.945024;0.763738, 0.2756171, 3.004932;0.9480768, 0.3096932, 2.758988;0.7536349, -0.2516026, 2.847045;0.8812834, -0.2530364, 2.668396;0.9021882, -0.0102736, 2.965084;0.8645959, -0.05692068, 3.022416;0.9493674, -0.0880924, 2.9343;0.7886127, -0.4170442, 3.043555;1.023769, -0.3519887, 2.575049;0.9179895, -0.7314263, 3.009641;1.064219, -0.6998575, 2.613305;0.8891367, -0.7977612, 2.981399;1.040882, -0.7785739, 2.591532;
0.808302, 0.6398734, 2.895749;0.8703278, 0.4473941, 2.870098;0.9317803, 0.1109792, 2.892649;0.7727657, 0.2952325, 3.003537;0.952316, 0.3378022, 2.762022;0.7526395, -0.2324578, 2.884347;0.8820786, -0.242992, 2.669544;0.9441487, 0.04121933, 2.900585;0.9129927, -0.03463567, 2.962641;0.9989361, -0.01621217, 2.843796;0.7993461, -0.4016006, 3.036406;1.023245, -0.3351981, 2.594494;0.9207726, -0.7232952, 3.011314;1.06545, -0.698199, 2.615141;0.8934448, -0.7906257, 2.984189;1.041823, -0.7786872, 2.592242;
0.8107536, 0.6570517, 2.893886;0.8748306, 0.4817144, 2.873013;0.9333187, 0.1234231, 2.894587;0.7869511, 0.3474454, 3.004781;0.9567548, 0.3606292, 2.763065;0.746524, -0.2164088, 2.873914;0.8828825, -0.1754119, 2.668022;0.9453684, 0.05284354, 2.902486;0.9152285, -0.02158895, 2.965129;0.9987467, -0.006768239, 2.845165;0.8040334, -0.3941226, 3.031389;1.02396, -0.3245618, 2.608697;0.9215993, -0.7230583, 3.008422;1.066692, -0.6961309, 2.61859;0.893298, -0.7910264, 2.984286;1.042027, -0.7783513, 2.592561;
0.8262293, 0.6925787, 2.90346;0.8815262, 0.5013335, 2.874055;0.9358215, 0.1398254, 2.89809;0.7895362, 0.3562413, 3.005991;0.9606471, 0.3753769, 2.764815;0.7340652, -0.181465, 2.848855;0.8975495, -0.1094317, 2.665587;0.9468733, 0.06754342, 2.906193;0.9159132, -0.007104655, 2.96759;0.9985996, 0.01342512, 2.851521;0.8208794, -0.358592, 3.016812;1.023202, -0.3224891, 2.611088;0.9226333, -0.7232966, 3.007082;1.066985, -0.6937361, 2.62389;0.8903468, -0.7902681, 2.985473;1.042107, -0.7781376, 2.592854;
0.8290288, 0.7014549, 2.902033;0.8889002, 0.5318626, 2.884898;0.9361982, 0.170452, 2.902363;0.7993722, 0.3853792, 3.015788;0.9667532, 0.4103897, 2.772397;0.7201474, -0.1564172, 2.858608;0.8950046, -0.107589, 2.674815;0.9457475, 0.098487, 2.909328;0.9144531, 0.02245946, 2.970855;0.9952045, 0.03861566, 2.851323;0.8245664, -0.353269, 3.014548;1.024042, -0.3196019, 2.615548;0.9248168, -0.7228658, 3.007173;1.067458, -0.693449, 2.625025;0.8990508, -0.792509, 2.985462;1.042253, -0.7778856, 2.593919;
0.8345188, 0.7278614, 2.907119;0.8974246, 0.5544759, 2.887961;0.9361328, 0.1957241, 2.904252;0.8072063, 0.4144982, 3.022716;0.9680172, 0.4180588, 2.772504;0.7515541, -0.1707523, 2.880696;0.8855356, -0.1116677, 2.671542;0.9438466, 0.1242403, 2.91094;0.9137696, 0.04696666, 2.974446;0.9896082, 0.05875614, 2.850415;0.8299568, -0.3540246, 3.012817;1.025559, -0.3164961, 2.624747;0.9280943, -0.722041, 3.006322;1.068151, -0.6919032, 2.628548;0.8996764, -0.7905201, 2.984405;1.043237, -0.7772759, 2.59495;
0.8500801, 0.76476, 2.926306;0.9052111, 0.5712474, 2.886674;0.9360704, 0.2050762, 2.903208;0.810864, 0.4453152, 3.038155;0.9718609, 0.4328796, 2.77373;0.7593207, -0.1224425, 2.884269;0.8890646, -0.0967627, 2.673758;0.9427428, 0.1324484, 2.909921;0.9116722, 0.0587215, 2.971597;0.9862121, 0.06937036, 2.850665;0.8393148, -0.3583903, 3.010262;1.026592, -0.3163734, 2.630082;0.9322438, -0.7215928, 3.005608;1.070074, -0.6920483, 2.632647;0.8997418, -0.7876277, 2.98205;1.043711, -0.7769249, 2.595582;
0.8543365, 0.7712646, 2.925954;0.909472, 0.5881526, 2.89212;0.9370217, 0.2173458, 2.902728;0.8134778, 0.454244, 3.042279;0.9769675, 0.450473, 2.778264;0.7627648, -0.1130405, 2.882674;0.8858657, -0.0857363, 2.687788;0.9429272, 0.1435493, 2.908519;0.9116247, 0.06909142, 2.968897;0.9853039, 0.08050098, 2.849081;0.8470351, -0.3564647, 3.005367;1.026578, -0.3139449, 2.640857;0.9327232, -0.7214283, 3.005413;1.070961, -0.6910079, 2.633643;0.9017279, -0.7879201, 2.981208;1.043705, -0.7768694, 2.595496;
0.8617671, 0.7809557, 2.931037;0.9173852, 0.6024659, 2.891161;0.9387221, 0.2309113, 2.900187;0.8181105, 0.4659042, 3.046647;0.9815944, 0.4630152, 2.777666;0.7665626, -0.07452786, 2.885479;0.9048697, -0.04367911, 2.663309;0.9432979, 0.1568831, 2.905532;0.9114268, 0.08047079, 2.965187;0.983808, 0.09389314, 2.846313;0.8565333, -0.3580195, 3.002523;1.026896, -0.3146176, 2.648376;0.9339792, -0.7214997, 3.004559;1.072349, -0.6900587, 2.638402;0.9040204, -0.7889671, 2.981849;1.044094, -0.7768838, 2.595865;
0.8704109, 0.7953397, 2.929254;0.9230902, 0.6174593, 2.897655;0.9392402, 0.2375372, 2.899956;0.8235321, 0.4781182, 3.049798;0.985566, 0.4767193, 2.778578;0.7728083, -0.05056703, 2.896508;0.9079182, -0.03444888, 2.664094;0.9431164, 0.1623739, 2.904493;0.9104366, 0.08868219, 2.961989;0.9827586, 0.101008, 2.84514;0.8656245, -0.3577858, 3.00076;1.028506, -0.3133934, 2.657443;0.9353037, -0.7201723, 3.004372;1.074522, -0.6883029, 2.642734;0.9048733, -0.7885633, 2.981536;1.045578, -0.7767508, 2.598216;
0.8749293, 0.7990938, 2.926786;0.9303751, 0.6257875, 2.899806;0.9409081, 0.2454497, 2.897377;0.8257302, 0.4841109, 3.053072;0.9902806, 0.4859015, 2.780763;0.7741321, -0.04689759, 2.897764;0.9105492, -0.0285011, 2.663953;0.9435931, 0.1701737, 2.900705;0.9094269, 0.09431569, 2.957821;0.9826616, 0.1097385, 2.839936;0.8773004, -0.3585011, 3.000272;1.031039, -0.3160038, 2.666168;0.9356005, -0.7208422, 3.000903;1.078008, -0.6861529, 2.648883;0.9049457, -0.788903, 2.981044;1.048288, -0.7748278, 2.602249;
0.8798643, 0.8077463, 2.928348;0.9373168, 0.6393732, 2.905297;0.9439911, 0.2600201, 2.896132;0.8320547, 0.4941115, 3.059935;0.9969921, 0.50014, 2.783226;0.7781121, -0.04082819, 2.897557;0.9136717, -0.01999203, 2.666118;0.9456306, 0.1845242, 2.89795;0.9110162, 0.1075202, 2.952277;0.9832722, 0.1255191, 2.837375;0.8828037, -0.3587607, 2.998794;1.032517, -0.316239, 2.671081;0.9385499, -0.7200858, 2.999512;1.079553, -0.6854346, 2.650548;0.899251, -0.78916, 2.981539;1.048892, -0.7733604, 2.603009;
0.890894, 0.8202384, 2.932006;0.9433945, 0.6475694, 2.91077;0.9444649, 0.2675809, 2.896065;0.8341144, 0.5000864, 3.063929;1.005005, 0.5106527, 2.783135;0.7853919, -0.03218092, 2.902826;0.9203252, -0.002384447, 2.667275;0.9450889, 0.1922436, 2.896872;0.9088327, 0.1138863, 2.950348;0.982683, 0.1311213, 2.835609;0.8917543, -0.3570248, 2.995284;1.033925, -0.3173137, 2.681059;0.9383941, -0.7204009, 2.998996;1.080058, -0.6855088, 2.65164;0.8894719, -0.793342, 2.981077;1.049048, -0.7729645, 2.603247;
0.8917504, 0.8207306, 2.932052;0.9505063, 0.6557651, 2.914295;0.9443959, 0.2730516, 2.896479;0.8380381, 0.5034132, 3.066186;1.010051, 0.5157154, 2.784406;0.7865715, -0.02864088, 2.903436;0.9229013, 0.0051082, 2.666128;0.9439142, 0.1973219, 2.896768;0.9063423, 0.118538, 2.94985;0.9806482, 0.1360789, 2.834838;0.8955659, -0.3560307, 2.992676;1.036451, -0.3168879, 2.688986;0.9392372, -0.7198353, 2.998625;1.080334, -0.6847832, 2.65227;0.8909739, -0.791774, 2.979814;1.049031, -0.7721198, 2.603653;
0.9071903, 0.8345948, 2.938214;0.9567227, 0.6617665, 2.916818;0.945196, 0.2768803, 2.895272;0.8411598, 0.5072167, 3.067672;1.013992, 0.5199693, 2.786265;0.7881237, -0.01998826, 2.908508;0.9247853, 0.003276847, 2.670604;0.9438243, 0.2008284, 2.894874;0.9050746, 0.1236735, 2.945232;0.9797581, 0.1406701, 2.833145;0.9020402, -0.3567854, 2.99147;1.038675, -0.3182796, 2.69627;0.940122, -0.7198155, 2.99669;1.080192, -0.6848639, 2.652745;0.8930478, -0.7909916, 2.97944;1.049009, -0.7720847, 2.603672;
0.9141552, 0.8453912, 2.949215;0.960631, 0.6682391, 2.918842;0.9464744, 0.2821283, 2.894782;0.8441933, 0.5097088, 3.069115;1.017887, 0.5255455, 2.788152;0.7878159, -0.03733082, 2.907191;0.9258664, 0.005536169, 2.673648;0.9443624, 0.2054229, 2.893855;0.9050149, 0.1264545, 2.944649;0.9797748, 0.1442305, 2.83131;0.9075192, -0.3564818, 2.990394;1.041628, -0.3239972, 2.703634;0.9478283, -0.726226, 2.993821;1.080151, -0.6843513, 2.653494;0.8926644, -0.7904273, 2.979449;1.049215, -0.7715018, 2.603974;
0.9159553, 0.8460753, 2.949314;0.9676795, 0.6732793, 2.924814;0.9466733, 0.2855453, 2.895704;0.8571503, 0.5265458, 3.079432;1.022288, 0.5292794, 2.791235;0.788205, -0.03685091, 2.908894;0.9331972, 0.004977636, 2.670917;0.9436056, 0.2087407, 2.894135;0.9036691, 0.1298468, 2.944777;0.9777186, 0.1473121, 2.830693;0.9147679, -0.3576171, 2.988487;1.043079, -0.3242651, 2.707971;0.9459435, -0.7263187, 2.992793;1.081061, -0.6847606, 2.655374;0.8915689, -0.7902804, 2.978888;1.049645, -0.7710652, 2.604533;
0.9182962, 0.8428229, 2.949411;0.9713264, 0.6736978, 2.926897;0.9471641, 0.2873643, 2.896095;0.8625319, 0.5305934, 3.079319;1.026002, 0.5307541, 2.792283;0.7955758, -0.01242634, 2.910661;0.9281283, 0.0112273, 2.664936;0.9434755, 0.2107908, 2.894156;0.9033481, 0.1331741, 2.944062;0.976447, 0.1496698, 2.830704;0.9190453, -0.3569438, 2.98687;1.044843, -0.3242546, 2.712461;0.9467703, -0.7261724, 2.992747;1.081113, -0.6839204, 2.656259;0.8931667, -0.7895429, 2.978312;1.0499, -0.7700653, 2.604869;
0.9248207, 0.8469838, 2.953641;0.9759408, 0.6759584, 2.930608;0.9476317, 0.2883391, 2.89688;0.8664535, 0.5332739, 3.077979;1.030631, 0.5323087, 2.796073;0.7972495, -0.01095506, 2.910992;0.942544, 0.03817606, 2.680451;0.9434421, 0.2114086, 2.894507;0.9030595, 0.1346527, 2.944011;0.9758716, 0.1505729, 2.8313;0.9216504, -0.3571198, 2.986497;1.047137, -0.3285098, 2.716518;0.9479555, -0.7255912, 2.993589;1.082027, -0.6843156, 2.656989;0.8964344, -0.7890652, 2.978106;1.050012, -0.7697734, 2.604802;
0.9300061, 0.8411495, 2.955353;0.9815433, 0.6746105, 2.933715;0.9484137, 0.288862, 2.898087;0.8719868, 0.536372, 3.080394;1.036795, 0.5334803, 2.800211;0.7992973, -0.007519412, 2.914857;0.9441176, 0.02764066, 2.68156;0.9435546, 0.2119122, 2.895272;0.9028111, 0.1359541, 2.944398;0.9754372, 0.151095, 2.832453;0.9269222, -0.3566505, 2.986095;1.048223, -0.3256618, 2.720676;0.9490401, -0.7255077, 2.994326;1.082716, -0.6846234, 2.658361;0.8991975, -0.7900612, 2.979275;1.049983, -0.7687291, 2.6043;
0.9334716, 0.8391842, 2.957643;0.9903076, 0.6764171, 2.94141;0.9503722, 0.2905219, 2.900697;0.8763368, 0.5386063, 3.085401;1.042959, 0.5354605, 2.801457;0.8012673, -0.004389287, 2.916929;0.9442221, 0.02731854, 2.684665;0.9442462, 0.2132476, 2.896843;0.902662, 0.1371507, 2.945236;0.9755487, 0.1519793, 2.833395;0.9300017, -0.3568519, 2.9862;1.053016, -0.3269175, 2.726224;0.9490427, -0.725524, 2.994335;1.082919, -0.684612, 2.659528;0.90214, -0.7896041, 2.981682;1.05018, -0.7682781, 2.604671;
0.9400626, 0.836668, 2.964105;0.992704, 0.6764789, 2.942564;0.9514771, 0.2908228, 2.902025;0.8811105, 0.5381405, 3.086082;1.04675, 0.5341519, 2.803844;0.8032007, -0.004704382, 2.918605;0.9410529, 0.009296812, 2.680005;0.9447249, 0.2135455, 2.897855;0.9028408, 0.1377223, 2.945832;0.9755135, 0.1523919, 2.834518;0.9327046, -0.3568639, 2.986185;1.054681, -0.3281357, 2.728659;0.9493793, -0.7254373, 2.994547;1.08408, -0.6844873, 2.661652;0.9023466, -0.7892506, 2.981793;1.050734, -0.7673033, 2.605752;
0.9461206, 0.8363545, 2.968663;0.9966488, 0.6756827, 2.944055;0.9533059, 0.2898152, 2.903593;0.8834006, 0.5366386, 3.086786;1.049674, 0.5330233, 2.807036;0.8068124, -0.006734407, 2.920447;0.9466439, 0.007211313, 2.68411;0.9457829, 0.2126488, 2.899166;0.9031187, 0.1377057, 2.946114;0.9761581, 0.1519663, 2.836569;0.9356954, -0.35806, 2.986521;1.056594, -0.3281764, 2.731191;0.9514198, -0.7253784, 2.996347;1.084451, -0.6841439, 2.662641;0.9029304, -0.7890634, 2.981955;1.051011, -0.7666142, 2.60614;
0.9507629, 0.8375354, 2.974832;1.000587, 0.6759177, 2.944191;0.9553246, 0.2901104, 2.904418;0.8865517, 0.5368583, 3.088107;1.053661, 0.5319178, 2.809136;0.8125079, -0.00561235, 2.919956;0.9512658, 0.0208834, 2.683634;0.9471327, 0.2129175, 2.899948;0.9039353, 0.1381219, 2.946575;0.9769208, 0.1521685, 2.83736;0.9387721, -0.3586367, 2.98655;1.057745, 