0.9385782, 0.8793429, 2.985652;1.015676, 0.6661326, 2.960067;0.9573813, 0.2711371, 2.909211;0.892697, 0.5224122, 3.111577;1.06343, 0.5275216, 2.824873;0.7864991, -0.03387572, 2.904857;0.9303906, -0.02116919, 2.689612;0.9457225, 0.192138, 2.902677;0.8976876, 0.1258044, 2.947174;0.9745175, 0.1281036, 2.838303;0.947979, -0.3660097, 2.995329;1.052984, -0.3423029, 2.744212;0.9528832, -0.7263041, 2.99463;1.081676, -0.6904575, 2.670187;0.9122233, -0.7983093, 2.98203;1.050244, -0.7784277, 2.609585;
0.9391857, 0.878008, 2.985261;1.015619, 0.6662255, 2.959638;0.9571777, 0.2717623, 2.908885;0.8939218, 0.5251096, 3.110864;1.063496, 0.5276133, 2.824594;0.7907636, -0.02436352, 2.908718;0.9378529, 0.003667995, 2.682043;0.9454772, 0.1929348, 2.902383;0.8974841, 0.1272612, 2.94705;0.9742162, 0.1285322, 2.837952;0.9477582, -0.3658791, 2.994757;1.054906, -0.3485301, 2.744595;0.9546195, -0.7214751, 2.99813;1.081745, -0.6906269, 2.669897;0.9119248, -0.7967812, 2.981215;1.048631, -0.778151, 2.602748;
0.9396645, 0.8774602, 2.984913;1.015228, 0.6661316, 2.959686;0.9569236, 0.272374, 2.909079;0.8938811, 0.5250962, 3.110766;1.063035, 0.5278566, 2.825032;0.7921553, -0.02134384, 2.910031;0.9402603, 0.008394338, 2.685566;0.9452457, 0.1937963, 2.902638;0.8973747, 0.1278386, 2.947461;0.9739267, 0.1291849, 2.837918;0.9476798, -0.3660003, 2.994581;1.055218, -0.3498174, 2.744772;0.9558511, -0.7204911, 2.999055;1.081726, -0.6911026, 2.669723;0.9097959, -0.7952201, 2.982527;1.047703, -0.7789122, 2.600963;
0.9399761, 0.8770668, 2.984826;1.014701, 0.6660584, 2.960088;0.9567273, 0.2725998, 2.909269;0.8940135, 0.524573, 3.109908;1.063423, 0.5279588, 2.825192;0.7936059, -0.01916702, 2.911201;0.9440996, 0.01192933, 2.684504;0.9450905, 0.19406, 2.9028;0.8972249, 0.1279362, 2.947588;0.9738305, 0.1294604, 2.838012;0.9474396, -0.3659709, 2.994451;1.054239, -0.3497235, 2.748126;0.9572392, -0.7253945, 2.998569;1.081881, -0.6901262, 2.670561;0.9027169, -0.7952163, 2.984217;1.047533, -0.7785836, 2.601525;
0.9398654, 0.8770725, 2.984607;1.014756, 0.6664967, 2.959866;0.9566506, 0.2727299, 2.909236;0.8945853, 0.5266648, 3.107732;1.063463, 0.528133, 2.82527;0.7943919, -0.01821234, 2.911697;0.9445904, 0.01542517, 2.683576;0.9450018, 0.1941511, 2.902781;0.8970931, 0.1285276, 2.947406;0.9735962, 0.1297329, 2.838334;0.9472019, -0.3658091, 2.994268;1.05381, -0.3473763, 2.748087;0.9577903, -0.7240825, 3.000437;1.08189, -0.6900591, 2.670629;0.9025643, -0.7944159, 2.984305;1.04735, -0.7789436, 2.601267;
0.9395155, 0.8771813, 2.983658;1.01446, 0.6670191, 2.959897;0.9564129, 0.2726841, 2.909338;0.8941786, 0.5258573, 3.108371;1.06293, 0.5283312, 2.826095;0.7965578, -0.01503339, 2.913131;0.9472023, 0.01548849, 2.686149;0.9447181, 0.1939963, 2.9029;0.8969297, 0.1284862, 2.947356;0.973171, 0.1299641, 2.83893;0.9469918, -0.3662163, 2.994115;1.053728, -0.3470158, 2.747983;0.9592637, -0.7253659, 3.000831;1.081836, -0.6897727, 2.670695;0.8999791, -0.7933601, 2.984939;1.047296, -0.7783921, 2.60157;
0.9385474, 0.8765604, 2.982622;1.014469, 0.6670312, 2.959929;0.9563529, 0.2732114, 2.909469;0.8950322, 0.5274116, 3.108632;1.062898, 0.5283014, 2.826158;0.7970787, -0.01404936, 2.913166;0.9479586, 0.01545614, 2.688922;0.944641, 0.1946839, 2.90304;0.8969726, 0.1293886, 2.947915;0.973, 0.1300937, 2.838743;0.9469484, -0.3662229, 2.994023;1.052944, -0.3452905, 2.747591;0.9603117, -0.7266442, 3.001232;1.081659, -0.6888851, 2.670918;0.8967693, -0.7940477, 2.988509;1.046903, -0.7778672, 2.601027;
0.9382945, 0.8767239, 2.98215;1.014454, 0.6671374, 2.960058;0.9562434, 0.2732589, 2.909511;0.8954289, 0.5281505, 3.107748;1.062897, 0.5283403, 2.826242;0.7965211, -0.01518118, 2.912785;0.942166, 0.000866212, 2.696743;0.9445059, 0.1947117, 2.903063;0.8968799, 0.1294422, 2.94796;0.972698, 0.1300332, 2.838638;0.9469976, -0.3661478, 2.994103;1.052894, -0.3452273, 2.74752;0.9595997, -0.7260456, 3.000959;1.081022, -0.6885474, 2.669631;0.8980776, -0.7939847, 2.98701;1.046763, -0.77782, 2.600852;
0.9379755, 0.8768132, 2.982465;1.014467, 0.66711, 2.960085;0.9560391, 0.2734239, 2.909645;0.8948245, 0.5271261, 3.107978;1.062361, 0.5284199, 2.826401;0.7972341, -0.01471436, 2.912318;0.9331197, 0.01101337, 2.682617;0.944225, 0.1949348, 2.903226;0.8966513, 0.1295714, 2.948061;0.9721792, 0.1306176, 2.838946;0.94705, -0.3661228, 2.994154;1.05295, -0.345513, 2.74706;0.960082, -0.7263225, 3.001189;1.081124, -0.68845, 2.669376;0.8999285, -0.7938492, 2.985465;1.046907, -0.7776901, 2.60101;
0.9373359, 0.8768969, 2.980736;1.014106, 0.6673293, 2.960416;0.9556963, 0.273386, 2.909962;0.894566, 0.5265889, 3.107637;1.062272, 0.5283975, 2.82643;0.7968867, -0.01441133, 2.912619;0.932826, 0.005435377, 2.681732;0.943892, 0.194825, 2.903541;0.8961282, 0.1281706, 2.948263;0.9715472, 0.1320276, 2.839956;0.9469973, -0.3660681, 2.994112;1.052915, -0.3454785, 2.747172;0.9600087, -0.7263404, 3.001229;1.08108, -0.6883584, 2.66969;0.9027045, -0.7937132, 2.984295;1.046937, -0.777579, 2.601064;
0.9365584, 0.8768239, 2.97964;1.014166, 0.6675038, 2.960504;0.9554608, 0.2747616, 2.9109;0.8943834, 0.5259381, 3.107487;1.062245, 0.5283599, 2.826265;0.8013154, -0.002631329, 2.917462;0.9351379, 0.003537931, 2.6869;0.943568, 0.1965013, 2.904706;0.8956537, 0.1277735, 2.950028;0.9711127, 0.1342934, 2.840241;0.9469978, -0.3660311, 2.993568;1.053297, -0.346622, 2.746747;0.9606384, -0.727052, 3.001203;1.081062, -0.688296, 2.669568;0.9044579, -0.7932093, 2.982997;1.047013, -0.7775269, 2.601054;
0.9359367, 0.8768352, 2.979358;1.013952, 0.6675008, 2.960294;0.9549791, 0.2744342, 2.91107;0.8943834, 0.5257471, 3.107667;1.062138, 0.528255, 2.826158;0.7992429, -0.008123465, 2.914798;0.9375352, -0.00139261, 2.690016;0.9429893, 0.196011, 2.904998;0.8949854, 0.126641, 2.950249;0.970567, 0.1345798, 2.840861;0.9467072, -0.3661453, 2.993251;1.052436, -0.3465513, 2.74996;0.9612477, -0.7276193, 3.001046;1.081372, -0.6868261, 2.670327;0.9054653, -0.7936996, 2.982882;1.047004, -0.7773835, 2.601225;
0.9359396, 0.8768059, 2.980563;1.013921, 0.6674524, 2.960264;0.9547468, 0.2740838, 2.910896;0.893599, 0.5247418, 3.107159;1.062145, 0.5282708, 2.826145;0.7976966, -0.01226347, 2.913065;0.9423634, 0.01083471, 2.691015;0.9427086, 0.1955356, 2.904761;0.8943415, 0.1253637, 2.949267;0.9705372, 0.1346671, 2.840903;0.9466361, -0.3660766, 2.993222;1.053939, -0.3495575, 2.748698;0.9609892, -0.7269485, 3.001099;1.081366, -0.6867012, 2.670436;0.9058495, -0.7936073, 2.981668;1.046893, -0.7773073, 2.601202;
0.9358719, 0.8768909, 2.980498;1.013864, 0.6676152, 2.960302;0.9546311, 0.2741727, 2.911011;0.8929335, 0.5244716, 3.106697;1.061956, 0.528251, 2.826039;0.7975543, -0.01332945, 2.912822;0.9412229, 0.009250268, 2.68999;0.9425976, 0.1955984, 2.904878;0.8940932, 0.1251074, 2.949639;0.970489, 0.1347829, 2.840913;0.9466262, -0.3660575, 2.993205;1.053757, -0.349237, 2.748561;0.9610597, -0.7276586, 3.000614;1.081369, -0.6866348, 2.670412;0.9069124, -0.7939203, 2.980214;1.046869, -0.777131, 2.601235;
0.9353932, 0.8764848, 2.979726;1.013973, 0.6675855, 2.960201;0.9545131, 0.2750669, 2.911315;0.892868, 0.5244566, 3.106655;1.061128, 0.5284446, 2.826532;0.7974679, -0.01314504, 2.91288;0.9412733, 0.0105828, 2.690161;0.9423874, 0.1969006, 2.905361;0.8940033, 0.1252628, 2.950455;0.9698782, 0.1365564, 2.840794;0.946686, -0.3660741, 2.993144;1.053204, -0.3470599, 2.74831;0.9623038, -0.726728, 3.002132;1.081324, -0.6867253, 2.670325;0.9072562, -0.7920512, 2.981434;1.046863, -0.7771797, 2.601342;
0.9355028, 0.8764131, 2.981192;1.013966, 0.6676805, 2.960012;0.9544584, 0.275044, 2.911292;0.8921424, 0.5237857, 3.106729;1.061118, 0.5282711, 2.826441;0.7976307, -0.01289297, 2.91292;0.9455525, 0.02207678, 2.691461;0.9423179, 0.1968396, 2.905345;0.893752, 0.12492, 2.950442;0.9698783, 0.1365689, 2.840795;0.9466861, -0.366075, 2.993142;1.053833, -0.3476231, 2.747706;0.9622005, -0.726674, 3.001846;1.081512, -0.6871302, 2.67035;0.906997, -0.7919126, 2.981539;1.047092, -0.7770603, 2.601757;
0.9356834, 0.8771307, 2.982412;1.013465, 0.6678025, 2.959877;0.9539602, 0.2757443, 2.911418;0.8909311, 0.5232074, 3.10515;1.060954, 0.5283419, 2.826451;0.797249, -0.01351623, 2.912582;0.9372186, 0.001451805, 2.689082;0.9418646, 0.1976321, 2.905512;0.8934175, 0.1250485, 2.950734;0.9695252, 0.1373292, 2.8407;0.946693, -0.3664474, 2.993299;1.053838, -0.3476205, 2.747701;0.9629671, -0.7271915, 3.002614;1.081525, -0.687152, 2.670337;0.9079493, -0.7921522, 2.981215;1.047198, -0.776847, 2.602137;
0.9346949, 0.8770225, 2.983648;1.013425, 0.6678259, 2.959992;0.9536335, 0.2749878, 2.911463;0.8914543, 0.5267328, 3.106685;1.060097, 0.5283062, 2.827191;0.7973701, -0.01405371, 2.912193;0.9372748, 0.001661077, 2.689;0.9414365, 0.1964484, 2.905478;0.8933204, 0.124488, 2.950209;0.9692245, 0.137339, 2.841271;0.9466743, -0.366523, 2.993368;1.053522, -0.3481843, 2.748416;0.9625835, -0.7272694, 3.002486;1.081304, -0.687613, 2.669995;0.9133067, -0.7935667, 2.973308;1.047773, -0.7770431, 2.603577;
0.9352686, 0.8776397, 2.985608;1.013243, 0.667986, 2.960164;0.9535447, 0.275064, 2.911509;0.8906682, 0.5260296, 3.105958;1.059909, 0.528348, 2.827072;0.7974806, -0.01209281, 2.912922;0.9391242, 0.01011372, 2.689346;0.9413783, 0.1965051, 2.9055;0.8932384, 0.1244074, 2.950246;0.9691768, 0.1375004, 2.84126;0.9463562, -0.3661394, 2.993115;1.053469, -0.346292, 2.747869;0.9616171, -0.7271074, 3.001871;1.0812, -0.688659, 2.668466;0.9126543, -0.7942485, 2.974714;1.047765, -0.7770715, 2.603585;
0.9350196, 0.8784091, 2.985606;1.012956, 0.6687402, 2.959951;0.9531054, 0.2759395, 2.911785;0.8905717, 0.5259197, 3.105968;1.059672, 0.5283769, 2.826882;0.7970815, -0.01314441, 2.912602;0.939797, 0.01111633, 2.689855;0.9409353, 0.1974095, 2.905873;0.8929154, 0.1246993, 2.950798;0.9686393, 0.1383084, 2.841428;0.9462281, -0.3663946, 2.993114;1.052889, -0.3455682, 2.748982;0.9623117, -0.73011, 3.001872;1.081216, -0.6886578, 2.668493;0.8949027, -0.7960502, 2.987669;1.047716, -0.7769474, 2.603576;
0.9338855, 0.8780439, 2.983254;1.012949, 0.6690412, 2.960187;0.9530298, 0.2761241, 2.91181;0.8902125, 0.525607, 3.106689;1.059482, 0.5285892, 2.826659;0.796372, -0.01367207, 2.912943;0.9381973, 0.01367867, 2.684579;0.9408608, 0.197579, 2.905862;0.8928323, 0.1246178, 2.950852;0.9685033, 0.1386788, 2.841187;0.946232, -0.3665331, 2.993094;1.052642, -0.3458208, 2.748412;0.961855, -0.7297809, 3.001867;1.080811, -0.6888337, 2.667968;0.895694, -0.794957, 2.985091;1.04744, -0.7768268, 2.603444;
0.9333943, 0.8783655, 2.983347;1.012642, 0.6694734, 2.960498;0.9529507, 0.2760998, 2.911846;0.8898415, 0.5252898, 3.106342;1.059242, 0.529273, 2.826372;0.7953909, -0.0144335, 2.915716;0.9384001, 0.01592606, 2.683878;0.9407918, 0.1975115, 2.905875;0.8927381, 0.1245187, 2.95081;0.9684957, 0.1386805, 2.841222;0.9457555, -0.3660952, 2.993166;1.052161, -0.3456686, 2.748152;0.9614903, -0.7293175, 3.002385;1.080656, -0.6887615, 2.667902;0.9007668, -0.7935877, 2.982626;1.047477, -0.7767087, 2.603676;
0.9334631, 0.8787706, 2.983334;1.011964, 0.6695001, 2.960451;0.9525325, 0.2763601, 2.911955;0.8909416, 0.5299238, 3.110018;1.05859, 0.5293468, 2.826099;0.7954386, -0.01546884, 2.916826;0.9414632, 0.01406804, 2.6883;0.9404418, 0.1977996, 2.905996;0.8926473, 0.1247017, 2.950912;0.9678403, 0.139174, 2.841451;0.9457855, -0.366143, 2.993303;1.052251, -0.3456956, 2.748108;0.9611816, -0.7284934, 3.002513;1.080744, -0.6887357, 2.667976;0.9030175, -0.7939632, 2.982342;1.047507, -0.7766873, 2.603768;
0.9333082, 0.8789681, 2.983278;1.011594, 0.6695276, 2.960178;0.9522805, 0.2760615, 2.911802;0.8904837, 0.5294384, 3.109624;1.05832, 0.5293289, 2.825735;0.7952615, -0.01531816, 2.916565;0.9410847, 0.01418189, 2.68882;0.9402136, 0.1974033, 2.905841;0.8924063, 0.1243749, 2.950797;0.9677809, 0.138931, 2.841388;0.9457578, -0.3661454, 2.993136;1.052062, -0.3450198, 2.747838;0.9617366, -0.7294449, 3.00311;1.080584, -0.6888325, 2.667988;0.9040539, -0.7943043, 2.981471;1.04747, -0.7766631, 2.603779;
0.9331026, 0.8795298, 2.982955;1.010975, 0.6699498, 2.96065;0.9521271, 0.2763565, 2.911902;0.8897017, 0.52855, 3.10848;1.058088, 0.5292794, 2.825638;0.7948761, -0.01675756, 2.915746;0.9407848, 0.01261664, 2.689913;0.9401321, 0.1976743, 2.905889;0.8923496, 0.1243462, 2.950934;0.9677439, 0.1391445, 2.841192;0.9457566, -0.3661227, 2.99319;1.051906, -0.3445225, 2.747398;0.9618688, -0.7306875, 3.00229;1.080519, -0.6887812, 2.668016;0.8995638, -0.7935885, 2.985613;1.046809, -0.7764242, 2.603181;
0.9327057, 0.8797603, 2.982686;1.01034, 0.6700678, 2.960907;0.9514998, 0.2777755, 2.912422;0.889697, 0.5292767, 3.108313;1.05801, 0.5294051, 2.825345;0.7944577, -0.01645418, 2.915192;0.9383234, 0.0150231, 2.683027;0.9395586, 0.1995172, 2.906471;0.8919753, 0.1251748, 2.951803;0.9672251, 0.1400364, 2.841109;0.9460176, -0.3664192, 2.993192;1.05208, -0.3444858, 2.747164;0.9614367, -0.7286335, 3.00304;1.080452, -0.6887708, 2.667912;0.8992537, -0.792896, 2.986162;1.046788, -0.7764263, 2.6032;
0.9329068, 0.8799381, 2.983273;1.010087, 0.6699937, 2.961033;0.9514204, 0.2777464, 2.912405;0.8897205, 0.5291893, 3.108427;1.057915, 0.5294822, 2.825313;0.794581, -0.01618658, 2.914375;0.9379494, 0.01565711, 2.68251;0.9395004, 0.199483, 2.906432;0.8919365, 0.1250923, 2.951763;0.9671494, 0.1400898, 2.841039;0.9459913, -0.36631, 2.993076;1.052104, -0.3433218, 2.746739;0.9593147, -0.7291196, 3.001955;1.080713, -0.687999, 2.668337;0.9000059, -0.7961466, 2.987546;1.04682, -0.776444, 2.603441;
0.9327306, 0.8799548, 2.983139;1.00981, 0.6699746, 2.96116;0.9513514, 0.2779304, 2.912546;0.8896683, 0.5291031, 3.108513;1.057598, 0.5295146, 2.82507;0.7943513, -0.01638085, 2.915293;0.9375198, 0.01657867, 2.683919;0.9394785, 0.1997043, 2.906575;0.8919765, 0.1252044, 2.951984;0.9671, 0.140299, 2.8411;0.9460882, -0.3662061, 2.993252;1.052221, -0.3426672, 2.74679;0.9592579, -0.7295357, 3.001582;1.080768, -0.6863379, 2.667658;0.9053017, -0.7963514, 2.985606;1.046895, -0.7761606, 2.603189;
0.9319134, 0.8799344, 2.98207;1.008334, 0.6698646, 2.961929;0.9508179, 0.2790976, 2.913348;0.8894992, 0.5298197, 3.109474;1.057392, 0.5295987, 2.825204;0.794646, -0.01649275, 2.915327;0.937785, 0.01586972, 2.6877;0.9391251, 0.2012039, 2.907429;0.8918276, 0.1260103, 2.953091;0.9667877, 0.1411648, 2.841341;0.9460295, -0.3661063, 2.993156;1.052517, -0.3438655, 2.745986;0.9603946, -0.731212, 3.001369;1.08056, -0.6861266, 2.66767;0.8977813, -0.79414, 2.987405;1.046881, -0.7761217, 2.603116;
0.9315117, 0.8796273, 2.982134;1.007766, 0.6694372, 2.961749;0.9505626, 0.2786597, 2.913251;0.8889458, 0.5290567, 3.109866;1.056825, 0.5297054, 2.825065;0.7944762, -0.01659505, 2.915243;0.9358482, 0.01742833, 2.684694;0.938929, 0.2007129, 2.907322;0.891737, 0.1257695, 2.952882;0.9667185, 0.141111, 2.841444;0.9460712, -0.3658114, 2.993114;1.052515, -0.3428311, 2.745898;0.9624757, -0.7244371, 3.001977;1.080346, -0.6858501, 2.667779;0.9117748, -0.7899245, 2.974798;1.046762, -0.7758088, 2.602308;
0.9308628, 0.8802254, 2.982481;1.007097, 0.669989, 2.961856;0.9501713, 0.2789201, 2.913458;0.8893691, 0.5309256, 3.110443;1.055882, 0.5298934, 2.824959;0.7945476, -0.01649797, 2.915136;0.9354998, 0.01875696, 2.684212;0.9386191, 0.2008973, 2.907515;0.8916553, 0.1260392, 2.953047;0.9659493, 0.1416632, 2.841966;0.945962, -0.3657762, 2.992795;1.052415, -0.3423036, 2.747686;0.9669447, -0.7271314, 3.003775;1.080634, -0.6854975, 2.667868;0.9098291, -0.7883362, 2.979858;1.046471, -0.7754896, 2.60263;
0.9296051, 0.8801219, 2.982975;1.006507, 0.6700394, 2.961009;0.9499409, 0.2789898, 2.913329;0.8877721, 0.5291638, 3.111408;1.055474, 0.5298989, 2.824831;0.7936975, -0.01626549, 2.915319;0.9374922, 0.02071296, 2.688445;0.9384504, 0.2009507, 2.907453;0.8913997, 0.126285, 2.952852;0.965821, 0.1418482, 2.842129;0.9457356, -0.3652578, 2.992549;1.052303, -0.3422671, 2.747476;0.965936, -0.7191217, 3.003489;1.080835, -0.6854784, 2.668505;0.9132888, -0.784793, 2.981322;1.046769, -0.7755307, 2.603025;
0.928692, 0.8804583, 2.982364;1.005274, 0.6703602, 2.960939;0.9496918, 0.279185, 2.913363;0.8874401, 0.5299868, 3.109892;1.054946, 0.5301032, 2.824506;0.7937639, -0.0163738, 2.915391;0.9349766, 0.01238029, 2.696257;0.9383224, 0.2010999, 2.907488;0.8913466, 0.1265192, 2.952951;0.9657633, 0.1418992, 2.842146;0.9458555, -0.3647901, 2.9926;1.05231, -0.3422849, 2.747396;0.9644387, -0.7171665, 3.002852;1.08076, -0.6854151, 2.668117;0.9145846, -0.7846726, 2.980005;1.046459, -0.7754161, 2.602424;
0.927824, 0.8804686, 2.982898;1.004329, 0.6703018, 2.960837;0.9494407, 0.2792919, 2.913405;0.8873736, 0.5304098, 3.109486;1.054568, 0.5302464, 2.824669;0.7932168, -0.01613948, 2.915513;0.9360049, 0.02364211, 2.682094;0.9381738, 0.2012013, 2.907537;0.8913115, 0.1265801, 2.952981;0.9655823, 0.1421588, 2.842298;0.9463212, -0.3648898, 2.992867;1.052343, -0.3423085, 2.746756;0.9644814, -0.7171891, 3.003098;1.081447, -0.6847425, 2.669085;0.9168419, -0.7849934, 2.97679;1.04628, -0.7749773, 2.602597;
0.927008, 0.880259, 2.982582;1.004145, 0.6703868, 2.960542;0.9492278, 0.2790975, 2.913194;0.8857226, 0.5280568, 3.109831;1.054552, 0.5303426, 2.82461;0.7929738, -0.01645765, 2.915529;0.9358944, 0.02424788, 2.682137;0.9379691, 0.2009272, 2.907331;0.8909233, 0.1265025, 2.952423;0.9655852, 0.1421153, 2.842365;0.9461608, -0.3649845, 2.992857;1.052085, -0.3420083, 2.746565;0.962383, -0.718475, 3.002975;1.081582, -0.6850653, 2.669566;0.9187233, -0.7880059, 2.974571;1.046356, -0.7748772, 2.602422;
0.9269895, 0.8803393, 2.981609;1.003692, 0.6703166, 2.960371;0.9489115, 0.2793342, 2.913249;0.8859477, 0.5289133, 3.110098;1.053755, 0.5306497, 2.824929;0.7928859, -0.01604551, 2.915481;0.9358838, 0.02409176, 2.682262;0.9376886, 0.2012236, 2.907431;0.8908297, 0.1268067, 2.952597;0.9651441, 0.1424931, 2.842522;0.9458205, -0.3648604, 2.992721;1.051592, -0.3419063, 2.747455;0.9626433, -0.7181213, 3.001824;1.081597, -0.6850638, 2.669374;0.9109836, -0.7839497, 2.978614;1.046374, -0.7749401, 2.602406;
0.9260312, 0.8803997, 2.982213;1.003375, 0.6704859, 2.960348;0.9487476, 0.2792715, 2.913137;0.8858542, 0.5293381, 3.109713;1.053675, 0.5307131, 2.824958;0.793196, -0.01569097, 2.915752;0.9360698, 0.02404374, 2.682456;0.9375542, 0.2011141, 2.907298;0.8907223, 0.1268124, 2.952388;0.9651266, 0.1424811, 2.842517;0.9456682, -0.3648972, 2.992684;1.051814, -0.3436949, 2.746797;0.9629008, -0.7190865, 3.002436;1.081732, -0.685356, 2.668983;0.911867, -0.7850941, 2.978491;1.046364, -0.7750628, 2.602238;
0.9255135, 0.8804603, 2.981586;1.003077, 0.6706834, 2.960471;0.9486982, 0.2794454, 2.913137;0.8853725, 0.529862, 3.109076;1.052925, 0.5305736, 2.824597;0.7932353, -0.01544873, 2.914893;0.9349003, 0.02507646, 2.682683;0.9375525, 0.2012876, 2.907281;0.8907683, 0.126901, 2.95243;0.9651325, 0.1425336, 2.842426;0.9446575, -0.3627021, 2.991647;1.051789, -0.3436739, 2.746514;0.9628701, -0.718947, 3.002414;1.081536, -0.6858399, 2.66843;0.9114916, -0.7849057, 2.979177;1.046313, -0.7751738, 2.6022;
0.9240846, 0.8796703, 2.980976;1.002268, 0.6701732, 2.960541;0.9483737, 0.2791572, 2.91309;0.8843957, 0.5301192, 3.105864;1.052478, 0.5306684, 2.824349;0.7931125, -0.01542269, 2.914987;0.9347931, 0.02511603, 2.682184;0.9373258, 0.201034, 2.907223;0.890633, 0.1268611, 2.952276;0.9650742, 0.1424975, 2.842505;0.9442393, -0.3628027, 2.991574;1.049136, -0.3373548, 2.744742;0.9661391, -0.7239345, 3.004128;1.08152, -0.6855209, 2.668091;0.9113712, -0.7869681, 2.980691;1.045869, -0.7751487, 2.601576;
0.9253811, 0.8763136, 2.98362;0.9998974, 0.6691841, 2.95875;0.948018, 0.2791536, 2.913029;0.8832886, 0.5308976, 3.10663;1.052217, 0.5307949, 2.824369;0.7931504, -0.01562754, 2.915176;0.9379944, 0.02276848, 2.690432;0.9371498, 0.2010744, 2.907253;0.8904201, 0.1270288, 2.952286;0.9650479, 0.1425986, 2.842814;0.9423984, -0.362382, 2.991553;1.048357, -0.3365057, 2.743125;0.9651834, -0.7235727, 3.003489;1.081305, -0.6857682, 2.66812;0.9129354, -0.7882931, 2.979125;1.045883, -0.7751537, 2.60157;
0.9247758, 0.8734319, 2.983684;0.997575, 0.6693543, 2.958084;0.9475015, 0.2788818, 2.912907;0.8788927, 0.5284775, 3.105137;1.05167, 0.5308864, 2.824154;0.7932355, -0.01523123, 2.914677;0.9333044, 0.02524322, 2.682066;0.9368799, 0.2008053, 2.907206;0.8900163, 0.1269537, 2.95196;0.9652126, 0.1425158, 2.843247;0.9396763, -0.3606547, 2.991235;1.046869, -0.335839, 2.740898;0.963185, -0.7205801, 3.003353;1.081878, -0.6863489, 2.668338;0.9128803, -0.787131, 2.979988;1.046137, -0.7749612, 2.601785;
0.9210418, 0.8691136, 2.981755;0.9937855, 0.6684663, 2.955752;0.9470027, 0.2787297, 2.912976;0.8766062, 0.530075, 3.104048;1.050171, 0.5308365, 2.822796;0.7933377, -0.01552519, 2.914387;0.9335378, 0.02617667, 2.681773;0.9366555, 0.2007051, 2.907422;0.8898031, 0.1271155, 2.952159;0.9654548, 0.1422737, 2.844283;0.9373193, -0.3599393, 2.991346;1.045089, -0.3348036, 2.737022;0.9613932, -0.7198491, 3.00126;1.081853, -0.686294, 2.668025;0.9117821, -0.7880836, 2.98182;1.04627, -0.7749244, 2.601911;
0.9189414, 0.867721, 2.981801;0.9873851, 0.6680481, 2.951309;0.9467531, 0.2791507, 2.91283;0.8734849, 0.5318175, 3.104053;1.048243, 0.532514, 2.820295;0.7958488, -0.01163355, 2.913302;0.9317611, 0.02638189, 2.681384;0.9367976, 0.2013176, 2.907561;0.890052, 0.12759, 2.952616;0.9666044, 0.142912, 2.844705;0.9297612, -0.3573265, 2.99027;1.042941, -0.3339829, 2.732476;0.959839, -0.7195477, 3.000694;1.081875, -0.6866108, 2.667809;0.9125245, -0.7884051, 2.978277;1.046268, -0.7749294, 2.601887;
0.9114983, 0.8647185, 2.976063;0.9802248, 0.6651704, 2.950239;0.945892, 0.2792545, 2.913597;0.8656225, 0.5253036, 3.104178;1.043691, 0.5306545, 2.817516;0.7965868, -0.009968903, 2.913587;0.9325724, 0.02827035, 2.682403;0.9365885, 0.2017108, 2.908874;0.8900359, 0.1271627, 2.956202;0.9672262, 0.1426555, 2.845508;0.9252251, -0.3583097, 2.990644;1.040045, -0.332019, 2.726753;0.9597022, -0.7210479, 3.000421;1.081812, -0.6865551, 2.667759;0.9088945, -0.7875958, 2.978976;1.046374, -0.7749019, 2.601997;
0.9027976, 0.8620078, 2.970643;0.9716758, 0.6624811, 2.947709;0.9455969, 0.2789632, 2.913828;0.8608617, 0.5209541, 3.102458;1.039658, 0.5281295, 2.81466;0.7950094, -0.01365309, 2.913564;0.9229566, 0.02070568, 2.677352;0.9369426, 0.2014676, 2.909511;0.8916785, 0.1254332, 2.95812;0.969043, 0.1417226, 2.846538;0.9174254, -0.3593991, 2.993189;1.036806, -0.3320021, 2.719167;0.9584824, -0.7240353, 2.99886;1.080955, -0.6852183, 2.666793;0.9070491, -0.7901708, 2.97805;1.046795, -0.7751166, 2.603069;
0.8893049, 0.8519754, 2.957829;0.9638717, 0.6586058, 2.945479;0.9451478, 0.2770436, 2.91444;0.854342, 0.5166236, 3.098191;1.033777, 0.5209394, 2.810768;0.7939896, -0.02024492, 2.912293;0.9278033, 0.009645745, 2.693979;0.9379594, 0.1994822, 2.910834;0.8944187, 0.1218627, 2.959926;0.9722234, 0.1380698, 2.848962;0.9084276, -0.3579197, 2.996378;1.035211, -0.3321853, 2.712479;0.9564903, -0.7262067, 2.99833;1.080179, -0.6856785, 2.665344;0.8945665, -0.7911203, 2.979953;1.047199, -0.7755056, 2.603774;
0.8827427, 0.8437226, 2.956678;0.9556634, 0.6519864, 2.944319;0.944841, 0.2723948, 2.915715;0.8483185, 0.5132276, 3.094787;1.026359, 0.5151101, 2.80793;0.7923276, -0.02649334, 2.90975;0.8979515, 0.001759171, 2.672467;0.9398663, 0.1949649, 2.912941;0.8975808, 0.1173231, 2.962484;0.9763631, 0.1331875, 2.851268;0.8960578, -0.34758, 3.000835;1.032362, -0.3289661, 2.701667;0.9490054, -0.7179474, 3.000188;1.079037, -0.6857042, 2.663267;0.8983358, -0.787446, 2.980252;1.046796, -0.7755322, 2.603105;
0.8714365, 0.8344072, 2.954638;0.9402636, 0.642323, 2.935199;0.9422143, 0.2641674, 2.917047;0.8390986, 0.5013825, 3.089906;1.015539, 0.5069051, 2.807918;0.7913961, -0.02915287, 2.909053;0.9251674, 0.01186362, 2.683483;0.9399108, 0.1871539, 2.91595;0.8990924, 0.1088265, 2.968396;0.9784338, 0.1261622, 2.853896;0.8887444, -0.352304, 3.006402;1.030271, -0.3213945, 2.693549;0.9467984, -0.7173014, 3.001029;1.077774, -0.6851156, 2.660533;0.9062242, -0.7897496, 2.977784;1.047052, -0.7757455, 2.603743;
0.863472, 0.82231, 2.951109;0.9302738, 0.6317793, 2.934043;0.9404123, 0.2559118, 2.918126;0.830611, 0.4861473, 3.076838;1.006574, 0.4953262, 2.804094;0.7774696, -0.06628946, 2.894785;0.9223047, -0.005292162, 2.689153;0.9403595, 0.1799194, 2.917737;0.9011981, 0.1014518, 2.971754;0.9807212, 0.1176709, 2.85487;0.8776131, -0.3583945, 3.011762;1.028412, -0.3175104, 2.686651;0.9459622, -0.7220219, 3.001662;1.075858, -0.6856098, 2.657016;0.9106703, -0.7961135, 2.975742;1.047052, -0.7758028, 2.603663;
0.8462039, 0.7925747, 2.951214;0.9123864, 0.6016703, 2.919453;0.9384977, 0.2450253, 2.918396;0.8228844, 0.4726536, 3.07117;0.9972302, 0.4795629, 2.7981;0.7823552, -0.07047485, 2.883539;0.9110458, -0.02109701, 2.692154;0.9409, 0.1716137, 2.919734;0.9041575, 0.09177123, 2.976451;0.9832413, 0.1080345, 2.857419;0.8734396, -0.360628, 3.015694;1.027074, -0.3161181, 2.681527;0.9435278, -0.7201004, 3.00229;1.075194, -0.6853036, 2.652468;0.9120569, -0.7947931, 2.973849;1.047065, -0.7758165, 2.603612;
0.8270305, 0.7787558, 2.929928;0.9113771, 0.5991539, 2.917861;0.9382856, 0.2305121, 2.920898;0.8125162, 0.4529225, 3.066231;0.9859813, 0.4662589, 2.795493;0.779993, -0.0841391, 2.879075;0.9178527, -0.0236055, 2.697519;0.9427679, 0.1550848, 2.92495;0.9080819, 0.07626002, 2.984272;0.9864585, 0.09166066, 2.86361;0.8666707, -0.3629078, 3.021627;1.026093, -0.3144399, 2.673647;0.9396721, -0.7160943, 3.002146;1.075355, -0.6863183, 2.651254;0.9115519, -0.7919825, 2.973817;1.047275, -0.7758506, 2.603568;
0.8200656, 0.7507713, 2.921216;0.8899818, 0.5661891, 2.908906;0.935594, 0.2134393, 2.923382;0.8021452, 0.4275819, 3.05899;0.9788511, 0.4405234, 2.787182;0.7761036, -0.1119946, 2.875925;0.8876902, -0.1148502, 2.708932;0.9428768, 0.141432, 2.928767;0.9095032, 0.06470481, 2.988998;0.9900258, 0.07763816, 2.869208;0.8600265, -0.3624037, 3.027466;1.028066, -0.3137004, 2.667048;0.9344572, -0.7109298, 3.005085;1.071147, -0.6892175, 2.641296;0.9164689, -0.7888196, 2.974596;1.046411, -0.7757125, 2.602052;
0.8062304, 0.7317465, 2.913432;0.8833367, 0.5515761, 2.901608;0.9345176, 0.1875318, 2.925249;0.7915323, 0.4100037, 3.051543;0.9700884, 0.4232342, 2.784674;0.7704541, -0.1438404, 2.863713;0.8960868, -0.1186322, 2.704923;0.9445906, 0.1139464, 2.933748;0.9116058, 0.041726, 2.994847;0.9955707, 0.05506381, 2.877256;0.8523664, -0.3685285, 3.036348;1.026898, -0.3145199, 2.66092;0.9335002, -0.7123361, 3.00693;1.07135, -0.6885394, 2.639063;0.9168749, -0.789308, 2.973974;1.045633, -0.7753845, 2.602267;
0.8008547, 0.7067404, 2.907683;0.8655127, 0.5220163, 2.891166;0.9295031, 0.1703352, 2.923559;0.7750587, 0.3765452, 3.036449;0.958436, 0.4027873, 2.785007;0.7702215, -0.1593401, 2.870105;0.8979043, -0.1185628, 2.678175;0.9414957, 0.0993925, 2.933125;0.9086308, 0.02515737, 2.996461;0.995316, 0.04048686, 2.876874;0.8422235, -0.3825513, 3.042808;1.027595, -0.3183607, 2.651225;0.93194, -0.7133484, 3.006941;1.071136, -0.6891568, 2.637402;0.9125235, -0.7889313, 2.972812;1.045084, -0.7755581, 2.600467;
0.763563, 0.6659421, 2.897976;0.8602694, 0.4978856, 2.884614;0.9298182, 0.1387016, 2.92111;0.7667393, 0.3479519, 3.023604;0.950974, 0.381874, 2.778372;0.7733505, -0.1795573, 2.877171;0.8995194, -0.1161982, 2.676136;0.9437168, 0.06682467, 2.932008;0.9111203, -0.005368813, 2.995211;1.000952, 0.01131292, 2.87867;0.8193359, -0.4039972, 3.060647;1.0289, -0.3335938, 2.631733;0.9291255, -0.7139131, 3.007169;1.069533, -0.6929824, 2.630538;0.9120123, -0.7900847, 2.973693;1.044785, -0.7760673, 2.599766;
0.7701827, 0.6444272, 2.896698;0.8454689, 0.4558953, 2.875138;0.9241949, 0.1065827, 2.919102;0.7575693, 0.3064986, 3.013955;0.9461818, 0.3532365, 2.772201;0.7579646, -0.2150972, 2.869875;0.8815504, -0.2249666, 2.67502;0.9396123, 0.03636673, 2.931192;0.9063732, -0.03174661, 2.991657;0.9999379, -0.01835408, 2.882586;0.8117464, -0.427133, 3.065268;1.034284, -0.3453372, 2.61317;0.9229711, -0.7129767, 3.010446;1.069611, -0.6927805, 2.629276;0.9100848, -0.7886605, 2.974579;1.04477, -0.7762956, 2.59963;
0.7561601, 0.6103625, 2.887328;0.8378629, 0.4338593, 2.870452;0.9561595, 0.07601374, 2.901328;0.7483727, 0.2583036, 3.007212;0.9346243, 0.3125375, 2.765736;0.7590228, -0.2457029, 2.878124;0.880331, -0.2352859, 2.674787;0.9814519, 0.005525287, 2.910943;0.9588146, -0.06470674, 2.964306;1.044795, -0.0400898, 2.86534;0.8054032, -0.4313152, 3.070071;1.035857, -0.3631023, 2.59007;0.918168, -0.7107669, 3.012807;1.06976, -0.692844, 2.628726;0.9105099, -0.7860323, 2.975055;1.044927, -0.7765234, 2.599773;
0.7456629, 0.5782925, 2.877219;0.8307194, 0.3987333, 2.868052;0.9427745, 0.0590969, 2.903562;0.7444035, 0.2477241, 3.000351;0.9272402, 0.2924462, 2.763199;0.764309, -0.2861635, 2.874975;0.8867835, -0.2121458, 2.665735;0.9647819, -0.01064901, 2.914202;0.9377405, -0.07904661, 2.967394;1.027216, -0.05634611, 2.869978;0.7963674, -0.4491652, 3.074935;1.038312, -0.3681608, 2.582516;0.8991979, -0.7340189, 3.035051;1.068522, -0.6974013, 2.623653;0.9256617, -0.7821179, 2.970933;1.044232, -0.7773421, 2.599753;
0.7311906, 0.5271948, 2.857591;0.823419, 0.364474, 2.862441;0.9266281, 0.02212947, 2.898412;0.7357603, 0.220585, 2.986087;0.9204215, 0.2526413, 2.754635;0.7637601, -0.3246479, 2.889628;0.8836104, -0.2495446, 2.665274;0.9477207, -0.04524808, 2.909321;0.9176106, -0.1099707, 2.967126;1.01217, -0.09712267, 2.860085;0.7826446, -0.4788477, 3.083071;1.037424, -0.3909364, 2.555245;0.8903863, -0.761358, 3.039963;1.067326, -0.6978627, 2.621527;0.9244248, -0.776168, 2.964373;1.044405, -0.7781383, 2.599963;
0.7191125, 0.458982, 2.846886;0.8061666, 0.2862343, 2.84249;0.8794827, -0.06782943, 2.960641;0.7280031, 0.1561089, 2.974023;0.9111619, 0.1856723, 2.746713;0.7424399, -0.3837265, 2.870066;0.871161, -0.3124535, 2.658513;0.894146, -0.1386422, 2.987802;0.8613426, -0.1983773, 3.040839;0.9491318, -0.1860321, 2.967762;0.6980252, -0.5766608, 3.051608;1.031818, -0.3660822, 2.571537;0.9102374, -0.70917, 3.018711;1.065714, -0.6972275, 2.617178;0.9127491, -0.7806259, 2.974588;1.044091, -0.7778478, 2.599988;
0.7142642, 0.4480905, 2.843725;0.8045323, 0.2786648, 2.840197;0.8767481, -0.07442446, 2.960999;0.7220395, 0.1255338, 2.969479;0.9053535, 0.169974, 2.744781;0.7546106, -0.4484639, 2.867617;0.8522899, -0.405883, 2.669221;0.8911543, -0.1451701, 2.988668;0.8589327, -0.2052197, 3.042586;0.9447601, -0.1951832, 2.969285;0.734516, -0.4744089, 3.085102;1.031351, -0.3727548, 2.564549;0.893888, -0.6813164, 3.033756;1.064521, -0.6985358, 2.616106;0.9109478, -0.7731739, 2.978081;1.040888, -0.7773175, 2.594895;
0.6996697, 0.4113718, 2.832758;0.7951171, 0.2432983, 2.830848;0.8350878, -0.09955139, 2.937073;0.7172402, 0.08572384, 2.961916;0.8996134, 0.1422377, 2.743919;0.708284, -0.5010753, 3.063418;0.848657, -0.4056354, 2.658712;0.8433663, -0.167053, 2.96212;0.7997016, -0.2202626, 3.025534;0.9010269, -0.2279636, 2.932025;0.7452688, -0.4647025, 3.041962;1.026803, -0.3815123, 2.549242;0.9015349, -0.702055, 3.024913;1.06465, -0.7010257, 2.616211;0.9115583, -0.7716883, 2.979351;1.040517, -0.7781826, 2.594084;
0.698103, 0.3945264, 2.832622;0.7900318, 0.2165159, 2.821473;0.8492859, -0.1324108, 2.946359;0.7146359, 0.07343358, 2.963326;0.8950064, 0.1166643, 2.738248;0.7412845, -0.4282458, 2.92199;0.8382937, -0.4649405, 2.667605;0.8631804, -0.2049019, 2.976507;0.8282452, -0.2673313, 3.034046;0.9165032, -0.2492635, 2.95327;0.7409562, -0.4753722, 3.04926;1.024104, -0.3813116, 2.546871;0.9005615, -0.706331, 3.02313;1.062493, -0.7041349, 2.615032;0.9099495, -0.7764242, 2.978568;1.038595, -0.7809513, 2.592337;
0.6958078, 0.3536123, 2.828522;0.7870305, 0.1856419, 2.824018;0.8533069, -0.1439441, 2.94447;0.7106784, 0.04756885, 2.957949;0.8951889, 0.08978132, 2.734923;0.6946667, -0.4917247, 3.069075;0.8397911, -0.452108, 2.665566;0.8666147, -0.2119607, 2.973695;0.831552, -0.2752613, 3.033714;0.9254344, -0.2633323, 2.94757;0.746864, -0.4929401, 3.039504;1.014343, -0.3828034, 2.54176;0.9002795, -0.705198, 3.023968;1.060469, -0.707935, 2.61511;0.9133478, -0.7748564, 2.980154;1.037429, -0.7843194, 2.591082;
0.6943957, 0.3382586, 2.828769;0.7851152, 0.1579525, 2.823593;0.8700699, -0.1648489, 2.93373;0.7093349, 0.02731835, 2.954241;0.8909453, 0.07199423, 2.733849;0.6990144, -0.4892115, 3.058826;0.8360472, -0.4930388, 2.659401;0.8882763, -0.2308542, 2.958848;0.8541914, -0.2938147, 3.022374;0.953692, -0.2786543, 2.927293;0.7490153, -0.4924731, 3.040499;1.009398, -0.3915152, 2.52509;0.9029171, -0.7117004, 3.021424;1.062193, -0.7164475, 2.618445;0.9088391, -0.782689, 2.978801;1.036011, -0.788743, 2.587156;
0.6897534, 0.2863726, 2.818856;0.7778009, 0.09842343, 2.811791;0.8495454, -0.2156944, 2.922035;0.7019814, -0.04227073, 2.953738;0.8888326, 0.01284858, 2.728813;0.7098615, -0.5497901, 2.952307;0.836262, -0.5394715, 2.65195;0.8638943, -0.278518, 2.947583;0.8229451, -0.3454974, 3.01435;0.9306421, -0.3244924, 2.917217;0.739027, -0.4912568, 3.053175;1.002747, -0.4033895, 2.510487;0.9080955, -0.7178192, 3.022494;1.057983, -0.7162499, 2.615366;0.8987114, -0.7848809, 2.97491;1.037044, -0.7913729, 2.587658;
0.6869404, 0.2369922, 2.809352;0.7763147, 0.06413568, 2.808541;0.8410347, -0.2599064, 2.969089;0.6964889, -0.07951047, 2.947207;0.880603, -0.02451742, 2.719591;0.7258033, -0.5996577, 2.857399;0.8364523, -0.5876974, 2.643492;0.8540395, -0.3233134, 3.004829;0.8210441, -0.371612, 3.065574;0.9091471, -0.3828267, 2.995841;0.7285464, -0.5331938, 3.071221;0.999507, -0.4104798, 2.529226;0.9094531, -0.7204297, 3.023474;1.053211, -0.7172273, 2.611505;0.8732659, -0.7818013, 2.981695;1.032745, -0.7930443, 2.585923;
0.685766, 0.2283514, 2.808597;0.7760792, 0.0557795, 2.807761;0.8350395, -0.2668886, 2.969659;0.6944205, -0.08612989, 2.947173;0.8827584, -0.03873096, 2.72092;0.735333, -0.6248857, 2.861135;0.8355914, -0.5910842, 2.644834;0.8460965, -0.3313204, 3.005706;0.809521, -0.3832316, 3.069469;0.8998345, -0.3942124, 2.996351;0.6794968, -0.564526, 3.083739;0.9886066, -0.4187542, 2.516917;0.9110771, -0.7262944, 3.02712;1.049549, -0.7179343, 2.609846;0.8711128, -0.7816715, 2.980979;1.035937, -0.7962473, 2.588062;
0.6761247, 0.1783554, 2.803894;0.7695237, -0.003219322, 2.80362;0.8167472, -0.3061512, 2.972562;0.6958468, -0.1236472, 2.944741;0.8787639, -0.06737527, 2.716337;0.7349503, -0.6767249, 2.855631;0.8354257, -0.6074499, 2.642805;0.8268901, -0.3660212, 3.009624;0.7926967, -0.4039355, 3.07077;0.8805726, -0.428466, 3.002527;0.6481754, -0.5425242, 3.071681;0.9864709, -0.4218654, 2.513296;0.8515726, -0.6804198, 3.032614;1.049476, -0.7181237, 2.609208;0.8614572, -0.7694914, 2.988414;1.038795, -0.7968735, 2.587591;
0.6766547, 0.1753618, 2.802696;0.7701076, -0.005917232, 2.802915;0.8174574, -0.3099779, 2.973199;0.6977345, -0.1514151, 2.939783;0.8797457, -0.07678305, 2.716243;0.7277334, -0.6950871, 2.848706;0.8351989, -0.6199416, 2.644723;0.8274553, -0.3705599, 3.01071;0.7908074, -0.41088, 3.07148;0.8821101, -0.4324823, 3.004529;0.6456627, -0.5374476, 3.072516;0.9846904, -0.4259912, 2.51474;0.8553922, -0.6841404, 3.034807;1.049412, -0.7178498, 2.608909;0.8567438, -0.7796389, 2.990346;1.039565, -0.7969369, 2.588328;
0.6760627, 0.156207, 2.794039;0.7698485, -0.02183679, 2.798801;0.8179942, -0.3242472, 2.971679;0.6973219, -0.1554432, 2.939402;0.881992, -0.102373, 2.714364;0.7389219, -0.6905522, 2.879439;0.8379071, -0.6322051, 2.645138;0.8278638, -0.3847869, 3.009674;0.7908471, -0.431716, 3.076062;0.8831407, -0.4528415, 3.002075;0.6547047, -0.5851224, 3.073254;0.9850316, -0.4360354, 2.511339;0.8768771, -0.7496487, 3.038124;1.049073, -0.717768, 2.609133;0.8071609, -0.7384782, 2.951926;1.039787, -0.7969114, 2.588331;
0.6764712, 0.1518467, 2.79202;0.7704565, -0.02711253, 2.798096;0.8193145, -0.3308659, 2.969975;0.6973696, -0.1601656, 2.938233;0.8815554, -0.1058051, 2.713152;0.741715, -0.6888242, 2.877607;0.8392872, -0.6612585, 2.630996;0.8292474, -0.3916413, 3.007773;0.7922207, -0.4371572, 3.073728;0.8839129, -0.45657, 3.000661;0.6541326, -0.5856905, 3.069382;0.9841135, -0.4384837, 2.512207;0.8762695, -0.7500158, 3.034291;1.049205, -0.7178548, 2.608955;0.805513, -0.7381064, 2.948973;1.035996, -0.7983983, 2.597659;
0.6767646, 0.149849, 2.789782;0.7709043, -0.0289518, 2.797746;0.8292325, -0.3341531, 2.968979;0.696901, -0.1609228, 2.938402;0.8824012, -0.1078311, 2.712296;0.7404214, -0.6888626, 2.87543;0.8410043, -0.6690136, 2.631142;0.8425988, -0.3951727, 3.00661;0.8092052, -0.4437789, 3.073226;0.902077, -0.4582233, 2.998985;0.7098104, -0.6083525, 3.072729;0.989632, -0.4359033, 2.517172;0.8764703, -0.7449184, 3.029033;1.049337, -0.7181841, 2.608954;0.8036381, -0.7365139, 2.945012;1.035065, -0.7967941, 2.588705;
0.6762931, 0.1475064, 2.78767;0.7709496, -0.02984125, 2.797303;0.8283364, -0.3346151, 2.968419;0.6979262, -0.1675784, 2.938206;0.8828152, -0.1077161, 2.712171;0.7370397, -0.6733316, 2.882374;0.8493284, -0.6419976, 2.630774;0.8408289, -0.3956575, 3.005899;0.8029633, -0.4441568, 3.071051;0.9005814, -0.4580788, 2.998509;0.6433178, -0.5662143, 3.065821;0.9881746, -0.435826, 2.516458;0.8803826, -0.7212506, 3.026828;1.049208, -0.718211, 2.608624;0.8057458, -0.706576, 2.945347;1.036539, -0.7974072, 2.589769;
0.6761208, 0.1473265, 2.787263;0.7715105, -0.03017729, 2.796879;0.8288928, -0.3313733, 2.968763;0.6979726, -0.1675896, 2.938155;0.8831346, -0.1076499, 2.712033;0.7417021, -0.6738526, 2.881267;0.8499137, -0.6434704, 2.631318;0.8410337, -0.390615, 3.006701;0.8022344, -0.4343883, 3.073626;0.9009474, -0.4541023, 2.999407;0.6631131, -0.537683, 3.073116;0.9886372, -0.4343869, 2.517646;0.8829525, -0.7208453, 3.027957;1.047352, -0.7168766, 2.604847;0.8610428, -0.795042, 2.982692;1.036594, -0.797143, 2.5901;
0.6759105, 0.1484656, 2.786182;0.7721648, -0.02881655, 2.796925;0.8281943, -0.325076, 2.96712;0.6985304, -0.1669748, 2.937335;0.8837515, -0.1064716, 2.712252;0.7437803, -0.6757967, 2.877344;0.850436, -0.6441365, 2.627007;0.839577, -0.383449, 3.004489;0.7999176, -0.4280575, 3.073841;0.9001718, -0.4493405, 2.995788;0.4663572, -0.6417654, 3.086212;0.9875779, -0.4339074, 2.516348;0.8875804, -0.717816, 3.027194;1.047562, -0.716958, 2.604484;0.8602066, -0.7938092, 2.981387;1.03025, -0.7944753, 2.583107;
0.6767787, 0.1500773, 2.786521;0.7724771, -0.02660151, 2.796922;0.8339524, -0.3196587, 2.96452;0.698781, -0.1660869, 2.938065;0.8844564, -0.103143, 2.711799;0.7482321, -0.6778066, 2.874134;0.8506702, -0.6408795, 2.628592;0.8469142, -0.3776702, 3.001125;0.8085091, -0.4254409, 3.071274;0.9103379, -0.4399669, 2.990288;0.6945601, -0.557406, 3.078877;0.989953, -0.4310505, 2.519379;0.8861624, -0.7151884, 3.026005;1.047535, -0.7166741, 2.603737;0.8587928, -0.7879423, 2.978667;1.030446, -0.7944654, 2.583473;
0.6796982, 0.1536065, 2.786005;0.7754461, -0.02223625, 2.795335;0.8313404, -0.3180158, 2.965463;0.699068, -0.1645066, 2.940194;0.8859227, -0.1002951, 2.711401;0.7523486, -0.6627189, 2.877435;0.8523863, -0.6368288, 2.628281;0.8420193, -0.3761812, 3.003076;0.8014294, -0.4233471, 3.072852;0.9006827, -0.4388207, 2.995259;0.488297, -0.6557678, 3.123204;0.9925637, -0.4293516, 2.519215;0.8886256, -0.7046109, 3.027571;1.047646, -0.7164444, 2.602948;0.8604367, -0.7849549, 2.979511;1.031044, -0.794388, 2.583074;
0.6815934, 0.1571774, 2.786648;0.7762349, -0.02032012, 2.79529;0.8359703, -0.3112596, 2.96558;0.6994594, -0.1483642, 2.941144;0.8885243, -0.09666155, 2.711506;0.7585601, -0.6565129, 2.879092;0.8519735, -0.6331546, 2.628138;0.8478846, -0.3687001, 3.003165;0.8087297, -0.4144103, 3.07275;0.9092404, -0.4303633, 2.994935;0.6882152, -0.5275786, 3.077226;0.9939792, -0.4322625, 2.523662;0.878413, -0.7373407, 3.002362;1.047731, -0.7164568, 2.602706;0.8525634, -0.8063889, 2.966541;1.032811, -0.7942181, 2.581502;
0.6830881, 0.1586172, 2.787206;0.7773762, -0.01845881, 2.795421;0.8378602, -0.3104064, 2.965973;0.6996289, -0.1495708, 2.942261;0.8890504, -0.09592423, 2.711293;0.7648256, -0.6675767, 2.875324;0.853862, -0.6320232, 2.627676;0.8499772, -0.3681874, 3.0036;0.8104649, -0.4141352, 3.072276;0.9121189, -0.4291155, 2.995868;0.6881067, -0.5277185, 3.077093;0.9944602, -0.4295177, 2.525561;0.8854024, -0.710428, 3.012358;1.047974, -0.7164451, 2.602531;0.8651614, -0.7831948, 2.980813;1.039563, -0.7954411, 2.582816;
0.6840062, 0.1597138, 2.787063;0.779413, -0.01609181, 2.795986;0.8361288, -0.3113944, 2.965651;0.7007624, -0.1516004, 2.942306;0.8901754, -0.09471875, 2.711515;0.7647599, -0.6560969, 2.876317;0.8581089, -0.6305026, 2.624033;0.8464279, -0.3706714, 3.002919;0.8051356, -0.4186283, 3.069885;0.9056172, -0.4326836, 2.995146;0.6484769, -0.5629802, 3.079607;0.9941449, -0.4293141, 2.525435;0.8857246, -0.7105489, 3.011766;1.048314, -0.7169932, 2.603193;0.8654069, -0.7834681, 2.980072;1.037871, -0.7952253, 2.581849;
0.6881628, 0.1649614, 2.790985;0.7812357, -0.01383164, 2.796752;0.8353887, -0.3109966, 2.966834;0.7019528, -0.1546879, 2.943531;0.8907901, -0.09251225, 2.712391;0.7657993, -0.6566009, 2.876045;0.8602903, -0.6286395, 2.626672;0.8453329, -0.3704509, 3.00444;0.8040184, -0.418305, 3.071059;0.9040343, -0.4326212, 2.997566;0.5065154, -0.6678866, 3.109501;0.9948258, -0.431343, 2.523603;0.8820295, -0.7388762, 3.002932;1.048311, -0.7168509, 2.603077;0.8637316, -0.8100733, 2.967546;1.041688, -0.7980794, 2.599332;
0.6917107, 0.168772, 2.795296;0.7830811, -0.01301378, 2.797689;0.8502351, -0.3148912, 2.967946;0.7031165, -0.1563722, 2.944721;0.8915675, -0.09233779, 2.712696;0.7654828, -0.6575584, 2.874885;0.8591831, -0.627997, 2.628394;0.8657122, -0.376433, 3.005319;0.8331229, -0.4289591, 3.068387;0.9263763, -0.4340381, 2.998663;0.7582468, -0.5844325, 3.064803;0.9933475, -0.4307488, 2.523538;0.8818332, -0.7390718, 3.002916;1.048285, -0.7168929, 2.602979;0.8644531, -0.8099952, 2.966807;1.04055, -0.7979128, 2.599517;
0.6965966, 0.1690831, 2.800774;0.7848185, -0.01107154, 2.80007;0.8572003, -0.3147948, 2.964226;0.7036583, -0.1567352, 2.946743;0.8925229, -0.09231889, 2.713252;0.7653555, -0.6575944, 2.874837;0.8591895, -0.6367502, 2.628384;0.8734591, -0.3764303, 2.999668;0.8382643, -0.4297193, 3.064243;0.938684, -0.4333568, 2.987471;0.7558001, -0.5778058, 3.062368;0.9887913, -0.4307791, 2.522345;0.8813973, -0.7420549, 3.003825;1.048175, -0.717077, 2.602906;0.8639668, -0.8114048, 2.965083;1.040602, -0.7977085, 2.595464;
0.698155, 0.1697491, 2.802629;0.7857482, -0.01069797, 2.800653;0.8559704, -0.3142206, 2.964178;0.7040899, -0.1569183, 2.947209;0.8933275, -0.09254555, 2.714327;0.5801031, -0.5352398, 3.122194;0.8594782, -0.6373062, 2.628715;0.8704073, -0.375256, 2.999646;0.8309793, -0.4263711, 3.06601;0.9347286, -0.4337385, 2.987346;0.6955778, -0.5369676, 3.073258;0.9892594, -0.4320186, 2.522868;0.880136, -0.7402481, 3.003688;1.048936, -0.7175531, 2.603419;0.8085584, -0.7024516, 2.928905;1.040135, -0.7980782, 2.59488;
0.6994543, 0.1704336, 2.804147;0.7876471, -0.01149373, 2.801025;0.8609565, -0.3158773, 2.961364;0.7049851, -0.1567986, 2.948752;0.8957375, -0.09359236, 2.716065;0.5976292, -0.5659879, 3.094861;0.8597434, -0.6336374, 2.629677;0.8759696, -0.3769715, 2.996143;0.8393654, -0.430479, 3.06205;0.9401473, -0.4350792, 2.983456;0.7654946, -0.5824012, 3.058701;0.9899222, -0.4314272, 2.523329;0.8922371, -0.709824, 3.017569;1.04829, -0.7178428, 2.602888;0.8174804, -0.6933286, 2.938015;1.038561, -0.7982271, 2.59274;
0.7027317, 0.1697624, 2.806945;0.7909158, -0.009195957, 2.804449;0.8401047, -0.3203444, 2.969195;0.7059778, -0.1562531, 2.950763;0.8969594, -0.09395348, 2.717848;0.5965335, -0.5666665, 3.094549;0.8604863, -0.6319956, 2.631642;0.842492, -0.3847266, 3.00678;0.7923241, -0.432706, 3.071482;0.8928764, -0.4497341, 2.998598;0.4942996, -0.6735618, 3.114397;0.9901005, -0.4308021, 2.523897;0.8850123, -0.7366834, 3.010498;1.048087, -0.717522, 2.602876;0.8138875, -0.7018657, 2.933269;0.9959275, -0.7791487, 2.550596;
0.7039274, 0.1697861, 2.807549;0.7940682, -0.007293798, 2.806441;0.8379062, -0.3200882, 2.969332;0.7069936, -0.155467, 2.951141;0.8977426, -0.09303517, 2.718573;0.5957054, -0.5708708, 3.094165;0.8606521, -0.6294404, 2.631829;0.8413781, -0.384372, 3.006476;0.7921789, -0.4323834, 3.07111;0.8925125, -0.4494395, 2.998119;0.4947189, -0.6729938, 3.113009;0.9883738, -0.4307193, 2.523553;0.8839802, -0.7236447, 3.008193;1.04846, -0.7174264, 2.602494;0.8116021, -0.6944736, 2.929585;0.9957372, -0.778529, 2.549923;
0.7069037, 0.1737722, 2.809876;0.7974631, -0.0003559394, 2.808322;0.8466896, -0.3153999, 2.967839;0.7097635, -0.1456282, 2.955691;0.9021963, -0.08669004, 2.722239;0.6063479, -0.5736123, 3.105842;0.8602694, -0.6217138, 2.63211;0.8575073, -0.3779476, 3.002868;0.8197933, -0.427278, 3.062505;0.9207917, -0.433814, 2.992093;0.7294978, -0.5742801, 3.070191;0.9883876, -0.4315203, 2.52364;0.8883245, -0.715935, 3.015251;1.048846, -0.717525, 2.602659;0.8697284, -0.7847059, 2.975121;1.040262, -0.79874, 2.59864;
0.7223754, 0.2279988, 2.827157;0.8078612, 0.05072275, 2.820947;0.8657309, -0.260389, 2.967891;0.7218071, -0.08875155, 2.966034;0.9110979, -0.04309089, 2.731649;0.7142472, -0.5570778, 2.987331;0.8634546, -0.5791223, 2.647277;0.8773049, -0.3226113, 3.000684;0.8419784, -0.3749571, 3.066772;0.9341524, -0.3862759, 2.986079;0.746112, -0.535696, 3.067795;0.9928305, -0.4277413, 2.525518;0.8914727, -0.7111551, 3.02396;1.04902, -0.7174639, 2.603088;0.8744293, -0.7799805, 2.980119;1.038352, -0.7980305, 2.595163;
0.7232897, 0.2335512, 2.827643;0.809145, 0.05862273, 2.821425;0.8645544, -0.2554853, 2.968682;0.7229373, -0.07231463, 2.966465;0.9124724, -0.03819113, 2.73144;0.7196654, -0.5572383, 2.980777;0.8620587, -0.5762779, 2.648525;0.8757286, -0.3181043, 3.001533;0.8399145, -0.3668793, 3.068594;0.9323716, -0.3843439, 2.986372;0.7231392, -0.5022481, 3.058489;0.9950852, -0.4259826, 2.521755;0.9034989, -0.728025, 3.016929;1.04859, -0.7168782, 2.604579;0.8828214, -0.7928587, 2.972032;1.034106, -0.7960101, 2.580246;
0.7281093, 0.2601781, 2.828255;0.8123922, 0.08948351, 2.822551;0.8674452, -0.2389204, 2.965303;0.7244201, -0.05292908, 2.967384;0.9142836, -0.01497578, 2.732082;0.7314833, -0.5422946, 2.971435;0.8598709, -0.5549812, 2.654883;0.8784668, -0.3039358, 2.997589;0.8426435, -0.3528816, 3.060797;0.9346951, -0.3636965, 2.981214;0.7502145, -0.5011247, 3.045392;1.003747, -0.4204258, 2.525049;0.9041536, -0.728491, 3.016601;1.049121, -0.7158065, 2.605978;0.9079476, -0.8006898, 2.979227;1.035969, -0.7924132, 2.581847;
0.7382769, 0.3141258, 2.838637;0.819358, 0.1350119, 2.833752;0.8744547, -0.18426, 2.970212;0.7319869, 0.003238265, 2.967526;0.9185299, 0.04591496, 2.736298;0.6977484, -0.5212065, 3.066402;0.8628558, -0.4991593, 2.666949;0.8854364, -0.2483605, 3.000843;0.8524756, -0.301763, 3.065937;0.9388162, -0.3148113, 2.983197;0.7517204, -0.4967132, 3.040751;1.004344, -0.4164065, 2.524307;0.8787047, -0.6858038, 3.03275;1.052572, -0.7157692, 2.609134;0.908103, -0.7719949, 2.983286;1.037726, -0.7912157, 2.582562;
0.7383318, 0.3232131, 2.83747;0.8214773, 0.1483786, 2.835423;0.8765947, -0.1735555, 2.973357;0.7350823, 0.01742798, 2.971213;0.9197695, 0.05080092, 2.735915;0.7622902, -0.5093117, 2.914557;0.8608572, -0.5072398, 2.665901;0.8876246, -0.2378892, 3.004322;0.8554347, -0.2883607, 3.070991;0.9404767, -0.3067854, 2.985961;0.75169, -0.4805918, 3.035082;1.012188, -0.4049509, 2.530002;0.892838, -0.7079661, 3.020855;1.053431, -0.7154974, 2.609551;0.909225, -0.776569, 2.980622;1.038017, -0.7905836, 2.582755;
0.7401255, 0.3507772, 2.841151;0.8265876, 0.1839861, 2.843959;0.8777388, -0.1601844, 2.977472;0.7379017, 0.02783763, 2.977368;0.916741, 0.07603738, 2.738865;0.798871, -0.5005051, 2.922965;0.8579699, -0.4977202, 2.668796;0.8882722, -0.2277103, 3.007737;0.8569337, -0.2805258, 3.072205;0.9386963, -0.2942833, 2.990252;0.7530107, -0.4714553, 3.041217;1.01107, -0.4021496, 2.530141;0.9027017, -0.7173641, 3.017199;1.054054, -0.715086, 2.610029;0.9181872, -0.7850214, 2.97543;1.038585, -0.7899413, 2.583209;
0.7475498, 0.3788237, 2.846034;0.8289491, 0.203574, 2.846184;0.8806503, -0.1363271, 2.9793;0.7439889, 0.08246738, 2.982093;0.9167559, 0.0927127, 2.738868;0.8090815, -0.4964183, 2.922476;0.8631441, -0.4520832, 2.671867;0.8909796, -0.2047758, 3.009298;0.8626744, -0.2483865, 3.069479;0.9379534, -0.2711765, 2.991666;0.6960144, -0.5899103, 3.050762;1.010683, -0.3967221, 2.532226;0.9042572, -0.719145, 3.016371;1.053763, -0.7135552, 2.609303;0.918063, -0.7866088, 2.974075;1.04117, -0.7896227, 2.585094;
0.7506359, 0.394469, 2.850708;0.8311051, 0.2350932, 2.847314;0.8846802, -0.1129824, 2.976358;0.7444476, 0.08773842, 2.986638;0.9270743, 0.1334852, 2.745916;0.7799608, -0.494418, 2.901396;0.8671677, -0.4008551, 2.673422;0.8953947, -0.1821908, 3.005634;0.862965, -0.2383891, 3.064428;0.9483064, -0.2290881, 2.987123;0.6996383, -0.5809449, 3.053679;1.011977, -0.3959743, 2.531965;0.9045759, -0.7197857, 3.015249;1.053954, -0.7135323, 2.609201;0.9195817, -0.786303, 2.972268;1.040977, -0.7893913, 2.585241;
0.7611995, 0.4488594, 2.869223;0.8344574, 0.2609319, 2.85456;0.890213, -0.08337648, 2.974409;0.7495453, 0.1176891, 2.994839;0.925552, 0.1445384, 2.747355;0.7280868, -0.4184406, 2.874897;0.8635762, -0.3911103, 2.671244;0.9014065, -0.1520365, 3.00166;0.870679, -0.2130857, 3.062763;0.950343, -0.2160949, 2.981584;0.7607079, -0.4534665, 3.057822;1.022042, -0.3853466, 2.541847;0.8996307, -0.7001543, 3.026295;1.054717, -0.7110517, 2.607239;0.9164666, -0.7712235, 2.981974;1.041569, -0.7877899, 2.586798;
0.7678791, 0.4843361, 2.877173;0.8474704, 0.3233756, 2.866484;0.9051342, -0.0344961, 2.969411;0.7550337, 0.1655755, 3.011659;0.9282061, 0.2125475, 2.756354;0.7729951, -0.3841094, 2.910331;0.8695813, -0.3320032, 2.682299;0.9164044, -0.1068615, 2.993543;0.8871155, -0.1736241, 3.053185;0.9651327, -0.1655548, 2.966988;0.7498651, -0.5249953, 3.069072;1.024648, -0.3799551, 2.548079;0.9078414, -0.696631, 3.023482;1.057046, -0.7067105, 2.607823;0.9155593, -0.7706637, 2.981074;1.0417, -0.7847955, 2.587639;
0.768947, 0.5094628, 2.884709;0.8509922, 0.3490013, 2.866349;0.9087797, -0.01747313, 2.967462;0.7602149, 0.1937771, 3.008033;0.9304602, 0.2252969, 2.757339;0.7669555, -0.3650442, 2.907893;0.8732387, -0.3044713, 2.667324;0.9203075, -0.09038351, 2.991171;0.8930904, -0.1457078, 3.050434;0.9679266, -0.1552464, 2.96376;0.7659009, -0.4993823, 3.075999;1.02717, -0.3747101, 2.558252;0.9177818, -0.7250508, 3.012206;1.059138, -0.7045163, 2.609544;0.9138134, -0.7910624, 2.966853;1.041401, -0.7837194, 2.588146;
0.7823231, 0.5333602, 2.896537;0.8557361, 0.3654855, 2.86733;0.904764, 0.02226053, 2.96242;0.7664369, 0.2135499, 3.013954;0.9410336, 0.2555719, 2.766585;0.76011, -0.3291815, 2.900775;0.88926, -0.254414, 2.671728;0.9136017, -0.04496815, 2.98427;0.880053, -0.08852688, 3.050292;0.9637014, -0.1284006, 2.951155;0.7918602, -0.4545628, 3.066337;1.027092, -0.3738894, 2.562438;0.9180226, -0.7272731, 3.009309;1.060337, -0.7023704, 2.610857;0.9117343, -0.7935976, 2.965049;1.042117, -0.7828491, 2.590994;
0.8016186, 0.5920357, 2.899128;0.8639202, 0.4009082, 2.875119;0.9485006, 0.06685944, 2.898796;0.7699999, 0.2387963, 3.018811;0.9448031, 0.271797, 2.765136;0.7677409, -0.2966279, 2.903771;0.8809136, -0.2591604, 2.668353;0.9651559, -0.001079224, 2.906679;0.9374914, -0.07374052, 2.967548;1.023713, -0.05443165, 2.85088;0.7963024, -0.4335685, 3.061998;1.032252, -0.3610196, 2.579681;0.916935, -0.7206023, 3.00874;1.061189, -0.7019161, 2.612389;0.909707, -0.7881936, 2.96692;1.042038, -0.7827078, 2.591072;
0.807655, 0.600583, 2.903279;0.8689549, 0.4235949, 2.874058;0.9497355, 0.07273215, 2.898709;0.7777357, 0.2739081, 3.019529;0.9471062, 0.3062127, 2.766991;0.7676096, -0.2648457, 2.885337;0.8746884, -0.2540904, 2.674014;0.966083, 0.003407856, 2.90675;0.9389827, -0.06857125, 2.967659;1.023613, -0.05035447, 2.851146;0.810084, -0.4147026, 3.05449;1.034786, -0.3472522, 2.591212;0.9201958, -0.7117289, 3.009999;1.063151, -0.6997542, 2.616951;0.9214144, -0.7823079, 2.973068;1.042348, -0.7818544, 2.591627;
0.8121111, 0.6186771, 2.903371;0.8766339, 0.4435752, 2.877865;0.9528786, 0.0873293, 2.900667;0.7802892, 0.2815499, 3.018344;0.9515408, 0.3195409, 2.769238;0.768213, -0.2443238, 2.901531;0.8797098, -0.2033789, 2.673099;0.9683125, 0.01621978, 2.908491;0.9407823, -0.05771578, 2.968916;1.024357, -0.03805739, 2.853028;0.8167486, -0.407152, 3.050312;1.033931, -0.3439898, 2.596417;0.9209166, -0.7101331, 3.00974;1.065773, -0.7008104, 2.620444;0.917158, -0.7807822, 2.9734;1.043204, -0.7817623, 2.593734;
0.8176099, 0.6390697, 2.906782;0.8822151, 0.4588693, 2.879764;0.9475185, 0.1169204, 2.902454;0.7962415, 0.3322383, 3.02062;0.9585568, 0.3423931, 2.770176;0.7677713, -0.235349, 2.888086;0.8828256, -0.1906051, 2.674512;0.959632, 0.04976134, 2.910343;0.9313794, -0.02735144, 2.972868;1.0113, -0.002994075, 2.852567;0.821515, -0.3980803, 3.047889;1.036723, -0.3273059, 2.610303;0.9218407, -0.7116861, 3.008987;1.067972, -0.6970643, 2.624368;0.9113509, -0.781281, 2.972162;1.044431, -0.7809585, 2.597363;
0.8252068, 0.6688938, 2.909044;0.8877709, 0.4858637, 2.883848;0.9468057, 0.1289753, 2.90346;0.7988863, 0.3388892, 3.02234;0.9612554, 0.3630359, 2.773521;0.7713964, -0.2235669, 2.891173;0.861627, -0.2023013, 2.674901;0.9586709, 0.05858568, 2.910921;0.9300505, -0.01639075, 2.974785;1.009921, 0.002539818, 2.851849;0.831797, -0.3775597, 3.040497;1.036052, -0.3197166, 2.616091;0.9241768, -0.698146, 3.012975;1.06772, -0.696718, 2.62466;0.9091879, -0.7734923, 2.97839;1.044393, -0.7808015, 2.597508;
0.8335377, 0.6879603, 2.911073;0.9006174, 0.5154897, 2.894513;0.946368, 0.1716595, 2.91261;0.8072813, 0.3711778, 3.030714;0.9658388, 0.3821452, 2.775971;0.7657017, -0.2102744, 2.88397;0.8946295, -0.09561085, 2.675406;0.955111, 0.1030394, 2.919505;0.9272077, 0.01966852, 2.981153;1.000362, 0.04699849, 2.860337;0.8383659, -0.374596, 3.038596;1.035207, -0.3178256, 2.62082;0.9275901, -0.7031912, 3.011084;1.067985, -0.6968513, 2.625795;0.9121472, -0.7768731, 2.976265;1.043869, -0.7797798, 2.596415;
0.838067, 0.7042317, 2.911087;0.9096054, 0.540415, 2.894042;0.9485008, 0.177903, 2.910975;0.8105137, 0.3750232, 3.030662;0.9718975, 0.4000356, 2.777882;0.7766576, -0.1586093, 2.887149;0.8926967, -0.09503029, 2.678722;0.9565809, 0.1070547, 2.917964;0.9284564, 0.02509981, 2.979165;1.001474, 0.05175079, 2.858812;0.8454608, -0.3722155, 3.034196;1.03785, -0.3100995, 2.63234;0.9295032, -0.710667, 3.004879;1.068878, -0.6922104, 2.630704;0.9076811, -0.7815585, 2.971063;1.044008, -0.7772262, 2.597568;
0.8546726, 0.742803, 2.918207;0.9127849, 0.549136, 2.893146;0.9503052, 0.1915827, 2.91084;0.8190984, 0.4136005, 3.036608;0.9774361, 0.4154648, 2.778235;0.7753285, -0.1469779, 2.893396;0.8921598, -0.09227406, 2.682508;0.957786, 0.1201706, 2.917899;0.9290054, 0.0472822, 2.977999;1.001569, 0.06093673, 2.8602;0.8527997, -0.3698573, 3.029282;1.039315, -0.3155457, 2.637775;0.9320891, -0.7093365, 3.0061;1.069404, -0.6915421, 2.634312;0.9145184, -0.7789612, 2.971152;1.044075, -0.7771329, 2.597727;
0.8570092, 0.7511518, 2.916323;0.9171392, 0.5723982, 2.895665;0.949864, 0.2089973, 2.911564;0.8231149, 0.4252851, 3.038344;0.9799815, 0.4352715, 2.780082;0.775234, -0.1340768, 2.891956;0.8911133, -0.09065786, 2.685163;0.9565632, 0.1365177, 2.918239;0.9277545, 0.06008749, 2.979511;0.9987962, 0.0748558, 2.859301;0.865809, -0.3634699, 3.023575;1.039035, -0.3192005, 2.6418;0.9335324, -0.7103603, 3.004146;1.071192, -0.6906766, 2.637212;0.9141734, -0.7797197, 2.971196;1.045291, -0.7770718, 2.598828;
0.8703055, 0.7741158, 2.933038;0.928031, 0.5931532, 2.902038;0.9541801, 0.2219608, 2.907964;0.8285351, 0.442762, 3.042865;0.9928577, 0.45457, 2.783724;0.7811188, -0.08108704, 2.882279;0.9039787, -0.05668703, 2.662169;0.9599272, 0.1485434, 2.912995;0.9296861, 0.0727278, 2.969306;1.001969, 0.09213894, 2.854607;0.8693066, -0.3643012, 3.021095;1.039003, -0.3237411, 2.646103;0.9342156, -0.7129127, 3.003482;1.073516, -0.6905, 2.643088;0.9172508, -0.7836503, 2.972293;1.045959, -0.7768783, 2.599871;
0.8754548, 0.781352, 2.932232;0.9327544, 0.6035255, 2.901401;0.9568201, 0.235308, 2.904555;0.8416866, 0.4814853, 3.052524;0.9960198, 0.4652735, 2.783411;0.7825208, -0.05930112, 2.899688;0.9148068, -0.02109484, 2.669226;0.9617776, 0.1618499, 2.908787;0.9316766, 0.08500427, 2.9647;1.001507, 0.1042506, 2.85071;0.8752499, -0.3638016, 3.016937;1.041216, -0.319867, 2.658022;0.937224, -0.7116214, 3.002929;1.074246, -0.688478, 2.645406;0.9196858, -0.7826791, 2.972899;1.045474, -0.7759854, 2.600219;
0.8861234, 0.7911512, 2.930752;0.9445, 0.619422, 2.905054;0.958804, 0.2426617, 2.904388;0.8436875, 0.4856737, 3.059425;1.000449, 0.4762456, 2.783663;0.7869165, -0.04682355, 2.902592;0.9136682, -0.01880912, 2.672958;0.9625719, 0.1679966, 2.908119;0.9320258, 0.09139681, 2.963066;1.000791, 0.1093081, 2.850267;0.8851991, -0.360825, 3.010017;1.045357, -0.3175336, 2.667701;0.9372803, -0.7138424, 3.000926;1.075626, -0.6882905, 2.64759;0.919172, -0.7850601, 2.971725;1.045463, -0.7759981, 2.600225;
0.8971411, 0.8043424, 2.937603;0.9491755, 0.6268592, 2.90569;0.9638966, 0.257039, 2.900146;0.8469839, 0.491566, 3.063155;1.010891, 0.4921697, 2.781046;0.7898852, -0.04086746, 2.901049;0.9166186, -0.008407615, 2.678618;0.9670898, 0.1834533, 2.902364;0.9354866, 0.1041702, 2.955755;1.004353, 0.1251, 2.844167;0.89874, -0.3588219, 3.005088;1.048372, -0.3146825, 2.676564;0.9377733, -0.7147609, 3.00032;1.075992, -0.6880919, 2.648495;0.9181045, -0.7850741, 2.970015;1.04546, -0.7760231, 2.600179;
0.8992196, 0.8079882, 2.938107;0.9563976, 0.6373444, 2.909079;0.9638873, 0.2606278, 2.900568;0.8512812, 0.5015907, 3.069156;1.01441, 0.4976262, 2.781705;0.7915095, -0.03981331, 2.901779;0.9329625, 0.03628185, 2.686431;0.966346, 0.1862222, 2.902511;0.9327902, 0.1101904, 2.954814;1.003217, 0.1284175, 2.844666;0.9027988, -0.3581913, 3.003465;1.049774, -0.3175291, 2.68295;0.9437906, -0.7189248, 2.998217;1.079077, -0.6854675, 2.651367;0.916727, -0.7872885, 2.969217;1.046244, -0.7739382, 2.60107;
0.9099709, 0.8206035, 2.941974;0.9620976, 0.6499876, 2.909342;0.9639788, 0.2704982, 2.900271;0.8611778, 0.5187543, 3.073194;1.021062, 0.5123819, 2.787792;0.7927461, -0.03560863, 2.902412;0.9263749, 0.0127508, 2.688387;0.9651288, 0.1950658, 2.902015;0.9312621, 0.1195058, 2.953479;1.000289, 0.1375798, 2.844568;0.9118153, -0.3573652, 3.001586;1.051193, -0.3162605, 2.69221;0.9442505, -0.7186635, 2.998402;1.079601, -0.6853108, 2.652179;0.9097198, -0.783662, 2.969586;1.04649, -0.7734067, 2.601399;
0.9092666, 0.8252018, 2.942207;0.970888, 0.6579443, 2.914751;0.9645088, 0.2748109, 2.901461;0.8672217, 0.5244497, 3.075547;1.023991, 0.5161369, 2.788913;0.800699, -0.01706822, 2.898906;0.9256181, 0.0115137, 2.687268;0.9645398, 0.1989006, 2.902705;0.9297955, 0.1247201, 2.953965;0.9986477, 0.1413293, 2.844851;0.918515, -0.3576937, 3.001355;1.05233, -0.3152135, 2.700626;0.9458369, -0.7204562, 2.999005;1.080317, -0.6857238, 2.652876;0.9099097, -0.7844762, 2.96971;1.046676, -0.7732075, 2.601391;
0.9128301, 0.8294149, 2.943112;0.9740155, 0.6620032, 2.918563;0.9642906, 0.2790315, 2.903255;0.8731233, 0.5287592, 3.078147;1.030062, 0.5230551, 2.790982;0.8031118, -0.01385576, 2.898666;0.9437051, 0.0455101, 2.683234;0.9633673, 0.2030062, 2.904035;0.9280156, 0.1290835, 2.954962;0.9965844, 0.1450656, 2.845726;0.9267572, -0.3580551, 3.001236;1.054143, -0.3157741, 2.705375;0.9516685, -0.7298206, 2.997835;1.082114, -0.686735, 2.654754;0.9056386, -0.7869754, 2.96849;1.046988, -0.7726719, 2.601698;
0.919163, 0.8358592, 2.951054;0.9851955, 0.6700937, 2.927033;0.9652895, 0.282646, 2.904494;0.8773955, 0.5307679, 3.07963;1.034795, 0.526792, 2.794034;0.8055316, -0.01041655, 2.898595;0.9386085, 0.02638055, 2.681825;0.9632009, 0.2059383, 2.904489;0.9271931, 0.1319114, 2.954613;0.9952475, 0.1489961, 2.845951;0.931848, -0.3578195, 3.001187;1.056107, -0.3142827, 2.711102;0.9514813, -0.7283712, 2.997583;1.084464, -0.6857113, 2.657399;0.9092906, -0.7885396, 2.968495;1.048091, -0.7703267, 2.603075;
0.9231398, 0.8383112, 2.953491;0.9871104, 0.6712844, 2.927216;0.9655075, 0.2837187, 2.904876;0.8800473, 0.5315139, 3.079975;1.036209, 0.5280231, 2.795083;0.8071604, -0.006290469, 2.898749;0.9464658, 0.03676821, 2.684051;0.9629238, 0.2068658, 2.904734;0.9264507, 0.1338023, 2.954426;0.9942698, 0.1502017, 2.846467;0.9348113, -0.3576848, 3.000552;1.058697, -0.3152864, 2.715525;0.9542247, -0.730669, 2.997378;1.084889, -0.6855609, 2.659022;0.910116, -0.7895398, 2.968485;1.048508, -0.7693754, 2.603481;
0.9276772, 0.8397751, 2.954267;0.9896324, 0.6718259, 2.928959;0.9658129, 0.2858321, 2.905156;0.883989, 0.5287055, 3.085612;1.039639, 0.5292323, 2.796115;0.8107694, -0.003866253, 2.90052;0.9346366, 0.005557597, 2.683706;0.9624709, 0.2093928, 2.904566;0.9255865, 0.1350118, 2.954208;0.9931874, 0.1523302, 2.845373;0.9359083, -0.357368, 2.999804;1.061854, -0.3199159, 2.720074;0.9548845, -0.7307015, 2.997199;1.085651, -0.6848903, 2.659824;0.9113314, -0.7905641, 2.969541;1.048611, -0.7678297, 2.603424;
0.9326249, 0.8423225, 2.958838;0.9964053, 0.6747105, 2.932381;0.9673076, 0.2878774, 2.905696;0.8901733, 0.533185, 3.085585;1.042377, 0.5300741, 2.797716;0.8151823, -0.00152129, 2.902697;0.9473737, 0.02207192, 2.678244;0.963039, 0.2109675, 2.904637;0.9257879, 0.136349, 2.954274;0.9930766, 0.1532243, 2.84486;0.939079, -0.3580817, 2.999599;1.065131, -0.3221573, 2.723391;0.9546128, -0.7281713, 2.997541;1.08603, -0.6849617, 2.660431;0.9129431, -0.7893469, 2.969843;1.048776, -0.7675349, 2.603627;
0.9342398, 0.8417923, 2.960263;1.002967, 0.675987, 2.934664;0.9686723, 0.2889209, 2.905579;0.897877, 0.5369317, 3.084249;1.048731, 0.5322044, 2.799967;0.8181584, -0.0004763708, 2.90456;0.9527374, 0.01977903, 2.682238;0.9636009, 0.2118028, 2.904218;0.9262002, 0.1376579, 2.953152;0.9929625, 0.1539286, 2.844302;0.9414144, -0.3586031, 2.99833;1.067653, -0.3237624, 2.726251;0.9526175, -0.7276232, 2.997346;1.086092, -0.6852959, 2.660596;0.9128745, -0.7897589, 2.968938;1.048727, -0.7676761, 2.603562;
0.9393435, 0.8441033, 2.964452;1.006214, 0.6772078, 2.937717;0.9694574, 0.2903157, 2.906082;0.9020629, 0.5396729, 3.089823;1.050605, 0.5329176, 2.801033;0.820706, 0.0009636474, 2.90721;0.9549013, 0.01918753, 2.680483;0.9638019, 0.2131198, 2.904258;0.9260765, 0.1391414, 2.952974;0.9925033, 0.1549328, 2.843797;0.946416, -0.358773, 2.997246;1.072057, -0.3240716, 2.731551;0.953716, -0.7228226, 2.995232;1.086975, -0.6850086, 2.66192;0.9068145, -0.7822788, 2.972445;1.04908, -0.7666632, 2.604091;
0.9444454, 0.8447498, 2.963555;1.010433, 0.6774806, 2.939056;0.9710336, 0.2892586, 2.905722;0.9031714, 0.5385285, 3.089767;1.053729, 0.5347864, 2.802388;0.823151, 0.001052463, 2.91031;0.9561282, 0.01832846, 2.683189;0.9647734, 0.2118153, 2.90345;0.9263957, 0.1384579, 2.951731;0.9930388, 0.1540824, 2.843059;0.9501204, -0.3604775, 2.99649;1.073663, -0.323503, 2.734462;0.9538712, -0.7228976, 2.995533;1.086941, -0.6849837, 2.662009;0.9076548, -0.7827275, 2.972192;1.049031, -0.7665978, 2.604033;
0.9483824, 0.8458405, 2.964903;1.013306, 0.6779125, 2.940211;0.9724048, 0.2882338, 2.905494;0.9047073, 0.5381894, 3.089562;1.055867, 0.5356684, 2.804246;0.825963, -3.444403E-05, 2.912745;0.9597201, 0.0187512, 2.68339;0.9656987, 0.210469, 2.90281;0.926881, 0.1380363, 2.950344;0.9934419, 0.1537018, 2.842888;0.9512444, -0.3607374, 2.995506;1.074971, -0.3252017, 2.736284;0.9558864, -0.7197247, 2.9953;1.087314, -0.6844108, 2.663043;0.91482, -0.7827336, 2.970604;1.049402, -0.7657719, 2.604618;
0.9489534, 0.8463458, 2.965493;1.014434, 0.6784607, 2.941256;0.9729063, 0.287965, 2.905562;0.9068807, 0.5371621, 3.088965;1.057547, 0.5364596, 2.806455;0.8285573, 0.001093196, 2.914174;0.9618353, 0.02317376, 2.683947;0.9659935, 0.2100833, 2.902682;0.927055, 0.1378442, 2.950022;0.9935535, 0.1535628, 2.842741;0.9527777, -0.3616085, 2.994939;1.076068, -0.3262108, 2.736966;0.9558302, -0.7203892, 2.99516;1.088018, -0.6850125, 2.664481;0.9152011, -0.7839867, 2.971131;1.049657, -0.7654299, 2.604955;
0.9504368, 0.8464713, 2.966355;1.01661, 0.6787145, 2.942909;0.9737819, 0.2881319, 2.905879;0.9076856, 0.5329205, 3.088756;1.058477, 0.5363635, 2.80669;0.8302705, 0.001521558, 2.915301;0.9630274, 0.02293573, 2.684573;0.9663979, 0.2101773, 2.902743;0.9271648, 0.1377185, 2.95011;0.993914, 0.1534069, 2.842232;0.9541839, -0.362762, 2.994211;1.076077, -0.3265843, 2.738598;0.9558346, -0.7210856, 2.99536;1.088111, -0.6850376, 2.664614;0.9151095, -0.7851546, 2.972657;1.049376, -0.7648534, 2.604431;
0.9537034, 0.8481983, 2.968528;1.017819, 0.6792173, 2.943036;0.9743412, 0.2880066, 2.905876;0.9096146, 0.5337027, 3.091714;1.061371, 0.5366488, 2.807321;0.8315729, 0.002819861, 2.915102;0.9637426, 0.02517652, 2.684845;0.9667189, 0.2099817, 2.902655;0.9273747, 0.1378599, 2.949433;0.9941093, 0.1533634, 2.84236;0.9573063, -0.3632145, 2.993014;1.076198, -0.3267818, 2.73888;0.9561743, -0.7200342, 2.994746;1.08812, -0.6849983, 2.664598;0.8979079, -0.7844668, 2.979285;1.049327, -0.7648894, 2.604348;
0.9562792, 0.8471673, 2.97154;1.019649, 0.6775038, 2.943709;0.9752223, 0.286665, 2.905925;0.9113398, 0.5329947, 3.089159;1.064637, 0.5350921, 2.807379;0.8325544, 0.002970827, 2.915834;0.963511, 0.02458049, 2.685153;0.9672626, 0.2086815, 2.902475;0.9274107, 0.1374584, 2.948779;0.9946079, 0.1524932, 2.842562;0.9605957, -0.3648393, 2.992342;1.075497, -0.3273528, 2.741207;0.9559797, -0.7205427, 2.994635;1.087874, -0.6840829, 2.66475;0.9068837, -0.784952, 2.978521;1.049505, -0.7643547, 2.60458;
0.9594825, 0.8469512, 2.971248;1.021064, 0.6764616, 2.943946;0.9760153, 0.2861914, 2.905739;0.9118482, 0.5327493, 3.088412;1.065358, 0.5349556, 2.807399;0.8333499, 0.003124756, 2.916442;0.9615631, 0.02018161, 2.684819;0.9678195, 0.2082829, 2.902159;0.9279042, 0.1373017, 2.947791;0.9949177, 0.1522195, 2.842491;0.9620208, -0.365626, 2.992071;1.075703, -0.32737, 2.741051;0.9565152, -0.7209095, 2.995363;1.087916, -0.6840867, 2.664783;0.9091322, -0.7854967, 2.978258;1.04952, -0.7644245, 2.604578;
0.9622056, 0.8465872, 2.976131;1.023013, 0.6752618, 2.943672;0.9775749, 0.2855187, 2.905169;0.9122772, 0.530155, 3.090101;1.069148, 0.5338249, 2.8075;0.8326533, -0.001106359, 2.91394;0.9625429, 0.02275366, 2.684607;0.9691183, 0.2076934, 2.901442;0.9285198, 0.1367416, 2.946612;0.996634, 0.1514566, 2.841868;0.9627678, -0.3653648, 2.991611;1.076, -0.3285956, 2.740086;0.9585612, -0.7240928, 2.996564;1.08792, -0.6839663, 2.664909;0.9092982, -0.7875702, 2.977714;1.049651, -0.7644314, 2.604635;
0.962903, 0.8463523, 2.976804;1.023917, 0.6748727, 2.944091;0.9779124, 0.2844941, 2.905187;0.9124417, 0.5298402, 3.090144;1.069159, 0.5337733, 2.807609;0.8324607, -0.002005156, 2.913189;0.9620214, 0.02145741, 2.684502;0.9692614, 0.2064027, 2.901276;0.9284204, 0.1359228, 2.946178;0.9966472, 0.1506783, 2.841863;0.9635878, -0.3662655, 2.991783;1.074823, -0.3288197, 2.742143;0.9579196, -0.7238407, 2.99574;1.087903, -0.6821992, 2.665856;0.9163485, -0.7879977, 2.973727;1.049682, -0.7627743, 2.605595;
0.9637719, 0.847068, 2.977895;1.024521, 0.6752749, 2.944486;0.9782517, 0.2847057, 2.905351;0.9141145, 0.5307306, 3.090986;1.069236, 0.5339026, 2.807699;0.8332291, -0.000980515, 2.911704;0.9552681, 0.008511767, 2.684065;0.9694806, 0.206563, 2.901364;0.9287104, 0.1360274, 2.946265;0.9966533, 0.150695, 2.841885;0.9636181, -0.3664179, 2.991554;1.074778, -0.3288357, 2.741913;0.9576586, -0.7233734, 2.995564;1.088188, -0.6824197, 2.665975;0.9147397, -0.7872523, 2.975219;1.049707, -0.7628515, 2.605572;
0.9654195, 0.8466157, 2.979305;1.025273, 0.6742733, 2.94526;0.9783684, 0.2846505, 2.90541;0.9142697, 0.52896, 3.089727;1.06932, 0.5339384, 2.80779;0.8329574, -0.002005156, 2.911437;0.9584251, 0.01532946, 2.684227;0.9695242, 0.2065601, 2.901379;0.9286603, 0.1356943, 2.946366;0.996704, 0.1505603, 2.841322;0.9639242, -0.3661435, 2.991101;1.074152, -0.3296993, 2.742133;0.9576657, -0.7233973, 2.995548;1.087973, -0.6824825, 2.666067;0.9021716, -0.7891589, 2.979717;1.049742, -0.7631798, 2.605667;
0.9672653, 0.8468299, 2.981556;1.026321, 0.6739529, 2.945699;0.9784836, 0.2841245, 2.905508;0.9145306, 0.5287181, 3.089493;1.069316, 0.5338112, 2.808056;0.8323897, -0.002809733, 2.911129;0.9566373, 0.01131471, 2.684175;0.9694602, 0.2059549, 2.901379;0.9285134, 0.1355132, 2.946253;0.996491, 0.1500547, 2.841414;0.9642236, -0.3664214, 2.991089;1.074197, -0.3301488, 2.742022;0.9576383, -0.7234418, 2.995203;1.087612, -0.6824881, 2.665987;0.90626, -0.7891463, 2.97869;1.049676, -0.7633889, 2.605509;
0.9682598, 0.8473927, 2.981732;1.026935, 0.6741984, 2.94636;0.9785942, 0.2842048, 2.905645;0.9147945, 0.5280129, 3.088932;1.069329, 0.5337846, 2.808094;0.8327661, -0.001767464, 2.91157;0.959093, 0.01651969, 2.684433;0.9694909, 0.2060097, 2.901443;0.9285018, 0.1354722, 2.946361;0.9964315, 0.1500411, 2.841287;0.9643199, -0.3664981, 2.990904;1.073742, -0.3303002, 2.741866;0.9590316, -0.7258246, 2.996122;1.087835, -0.6817052, 2.667528;0.9064198, -0.789192, 2.979266;1.050315, -0.76255, 2.606554;
0.9694802, 0.8479705, 2.983183;1.027585, 0.6743479, 2.946687;0.9787658, 0.2839448, 2.905776;0.9151118, 0.5280249, 3.088438;1.069455, 0.5335676, 2.808807;0.8324487, -0.002267487, 2.911694;0.9599938, 0.01741606, 2.684443;0.9695649, 0.2056922, 2.901513;0.928523, 0.1351659, 2.946264;0.9964076, 0.1499874, 2.841404;0.9645661, -0.3668875, 2.990595;1.073394, -0.3309456, 2.741486;0.9588639, -0.7261361, 2.996086;1.086992, -0.6816949, 2.666922;0.9071414, -0.7896894, 2.978214;1.050028, -0.763042, 2.606129;
0.9698559, 0.8484174, 2.984186;1.027529, 0.6744284, 2.94689;0.9785343, 0.2838691, 2.906113;0.915997, 0.528931, 3.091986;1.0693, 0.5332956, 2.80909;0.8325082, -0.002087966, 2.91208;0.9597746, 0.01693637, 2.684369;0.9692242, 0.2055847, 2.901845;0.9281994, 0.1352328, 2.946519;0.9957273, 0.1498304, 2.841892;0.9644561, -0.3670027, 2.990637;1.073028, -0.3305218, 2.741117;0.9569657, -0.7262796, 2.995164;1.086792, -0.6816064, 2.666757;0.9100966, -0.7890642, 2.97735;1.04996, -0.763186, 2.606082;
0.9712961, 0.8490371, 2.984526;1.027578, 0.6744043, 2.946908;0.978532, 