1.002772, 0.8641424, 2.947186;1.071951, 0.6467717, 2.92484;1.022034, 0.2512797, 2.888449;0.9746569, 0.5075946, 3.099512;1.125576, 0.5101645, 2.791405;0.8461659, 0.004831592, 3.017838;0.9991887, 0.007353492, 2.61309;1.012051, 0.1721812, 2.8848;0.9695944, 0.1042605, 2.936295;1.037508, 0.1054169, 2.817729;0.9852355, -0.3433502, 2.99589;1.083843, -0.3332841, 2.708801;1.007764, -0.6957579, 3.027492;1.125803, -0.6956545, 2.630595;0.9323493, -0.7779214, 3.004238;1.068162, -0.7744297, 2.579071;
1.002429, 0.8645167, 2.94695;1.072502, 0.6475128, 2.924548;1.022072, 0.2515275, 2.888184;0.9747271, 0.5076677, 3.099243;1.124898, 0.5104796, 2.791092;0.8464257, 0.004764089, 3.018327;0.9991445, 0.007482883, 2.612763;1.01204, 0.1723761, 2.88452;0.9696965, 0.1046821, 2.935974;1.037269, 0.1059806, 2.817624;0.9848632, -0.3431256, 2.995265;1.084026, -0.333375, 2.708548;1.006992, -0.6955303, 3.026629;1.12515, -0.6963153, 2.630218;0.9328026, -0.7775078, 3.005161;1.068354, -0.774488, 2.578974;
1.002653, 0.8646306, 2.946385;1.07265, 0.6475821, 2.923785;1.02215, 0.2517164, 2.88792;0.9748744, 0.5074328, 3.099532;1.124393, 0.5103482, 2.790925;0.8464242, 0.004153953, 3.017881;0.998574, 0.007381753, 2.612458;1.012109, 0.1725819, 2.884305;0.9699415, 0.105052, 2.935707;1.037236, 0.1063508, 2.817497;0.98451, -0.3434325, 2.994888;1.084177, -0.3345886, 2.708463;1.005924, -0.694477, 3.026508;1.124937, -0.6962883, 2.630117;0.9337479, -0.7771528, 3.006187;1.068601, -0.7742013, 2.579134;
1.003003, 0.8649448, 2.94755;1.072634, 0.6476547, 2.923743;1.022575, 0.2526006, 2.887882;0.9751098, 0.5077642, 3.09952;1.12458, 0.5106273, 2.790843;0.8467084, 0.002199854, 3.016937;0.9983484, 0.007316296, 2.612384;1.012697, 0.1737395, 2.884257;0.970468, 0.1057087, 2.935939;1.037734, 0.1069844, 2.81705;0.9845732, -0.3433037, 2.994623;1.084186, -0.3346598, 2.708383;1.005331, -0.6940544, 3.026403;1.125603, -0.6989529, 2.630956;0.9344326, -0.7759472, 3.006218;1.06865, -0.774287, 2.579128;
1.003318, 0.8652678, 2.947643;1.072638, 0.647892, 2.923777;1.02256, 0.2526911, 2.887896;0.9752822, 0.5078155, 3.099287;1.124738, 0.5107527, 2.79076;0.8467934, 0.001306524, 3.015897;0.9981754, 0.007170208, 2.612451;1.012676, 0.173801, 2.884277;0.9704527, 0.1057349, 2.935979;1.037711, 0.1070515, 2.817045;0.9842103, -0.3434313, 2.994285;1.084195, -0.3348614, 2.708299;1.005809, -0.6941294, 3.026316;1.12651, -0.6988707, 2.632525;0.9343637, -0.7760333, 3.00635;1.070384, -0.773689, 2.57951;
1.00362, 0.8653614, 2.947514;1.072842, 0.6482341, 2.923606;1.022632, 0.2527075, 2.887839;0.9752646, 0.5074605, 3.099287;1.124608, 0.5107337, 2.790739;0.8470279, 0.0006751422, 3.015958;0.9978974, 0.007053905, 2.612706;1.012731, 0.1737811, 2.884235;0.9706133, 0.1057881, 2.935751;1.037767, 0.1071825, 2.817116;0.9841908, -0.3434304, 2.994323;1.084282, -0.3348839, 2.708309;1.006175, -0.694627, 3.026254;1.126755, -0.6990416, 2.632841;0.9342452, -0.7768264, 3.007247;1.070509, -0.7736472, 2.579685;
1.003511, 0.8652717, 2.94726;1.07299, 0.6485853, 2.924386;1.022725, 0.2529436, 2.888159;0.9754122, 0.5080657, 3.098464;1.125017, 0.5111187, 2.791145;0.846882, 7.560581E-05, 3.015665;0.9976405, 0.006922317, 2.612673;1.012801, 0.1739773, 2.884487;0.9706349, 0.1059931, 2.935943;1.037889, 0.1073839, 2.817384;0.9847064, -0.3436604, 2.994606;1.084734, -0.3351904, 2.70829;1.006157, -0.694587, 3.02616;1.126033, -0.698386, 2.632136;0.9338704, -0.7754374, 3.00612;1.070796, -0.7732798, 2.579975;
1.003198, 0.8659533, 2.946782;1.073724, 0.6501288, 2.925953;1.022636, 0.2530079, 2.888365;0.9757158, 0.5085355, 3.095444;1.124828, 0.511331, 2.791422;0.846813, 0.0006709722, 3.015891;0.996956, 0.00662748, 2.61263;1.012642, 0.1739623, 2.884649;0.9704925, 0.1059964, 2.93608;1.037549, 0.1074126, 2.817508;0.9847264, -0.343795, 2.994817;1.08475, -0.3350219, 2.708388;1.006037, -0.6945943, 3.026289;1.126065, -0.6982208, 2.632223;0.9337493, -0.7755191, 3.006077;1.070839, -0.7733719, 2.580188;
1.005983, 0.8676097, 2.956198;1.074376, 0.6505639, 2.927001;1.022908, 0.2547557, 2.889521;0.9770474, 0.5113298, 3.096553;1.124998, 0.511448, 2.791232;0.8469141, 0.0007195516, 3.015276;0.9966841, 0.006677255, 2.612417;1.012762, 0.1759475, 2.885774;0.9704639, 0.107617, 2.938746;1.037459, 0.1075514, 2.817371;0.9860969, -0.3488514, 2.996578;1.085033, -0.3343614, 2.708644;1.005052, -0.6949716, 3.027046;1.126099, -0.6972471, 2.63227;0.9373606, -0.7766026, 3.008745;1.071004, -0.773356, 2.580258;
1.007132, 0.8680241, 2.957808;1.075003, 0.6511329, 2.927577;1.022918, 0.2547606, 2.889893;0.9772578, 0.5118662, 3.092966;1.125207, 0.5115497, 2.791342;0.8469379, 0.000642625, 3.015285;0.9966786, 0.006665802, 2.612453;1.012686, 0.1758545, 2.886154;0.9700955, 0.1065768, 2.939246;1.037353, 0.1083247, 2.818079;0.9863862, -0.3483132, 2.996642;1.085131, -0.3344053, 2.708595;1.005011, -0.6946224, 3.026568;1.127985, -0.700449, 2.635408;0.937345, -0.7765601, 3.009299;1.072159, -0.7737449, 2.58137;
1.007744, 0.8679733, 2.957512;1.075031, 0.6512273, 2.92734;1.022574, 0.2548206, 2.890383;0.977307, 0.5119686, 3.092949;1.125156, 0.5116352, 2.791484;0.8466702, 0.0004345243, 3.014459;0.9969447, 0.007474481, 2.612354;1.012121, 0.1758452, 2.886991;0.9695652, 0.106519, 2.939695;1.036414, 0.110361, 2.820741;0.9864111, -0.3480223, 2.996522;1.085081, -0.3344733, 2.708431;1.004977, -0.6945105, 3.026564;1.12795, -0.700407, 2.635429;0.9371758, -0.7768769, 3.010434;1.07218, -0.7736881, 2.58178;
1.008073, 0.8678519, 2.957452;1.075042, 0.6513373, 2.927392;1.022347, 0.2544973, 2.890725;0.9775648, 0.5121546, 3.092197;1.125055, 0.5115799, 2.791522;0.846385, 0.0008480858, 3.01463;0.9970686, 0.008056143, 2.612314;1.011775, 0.1752723, 2.887422;0.9692311, 0.1057605, 2.939972;1.036169, 0.1104103, 2.821115;0.9861148, -0.347523, 2.996102;1.085061, -0.3345224, 2.708432;1.005307, -0.6947848, 3.026597;1.128654, -0.7009125, 2.635826;0.9368919, -0.7771078, 3.009959;1.072144, -0.7736125, 2.581805;
1.008653, 0.8679259, 2.957718;1.075054, 0.6515073, 2.927347;1.022001, 0.2547135, 2.891461;0.977571, 0.5121959, 3.09183;1.125016, 0.5115773, 2.791498;0.8461863, -0.0002198681, 3.014864;0.9971446, 0.00819678, 2.612168;1.011299, 0.1754639, 2.888393;0.9686536, 0.1054647, 2.941159;1.03558, 0.1110021, 2.822127;0.9861028, -0.3474326, 2.996218;1.085222, -0.3347985, 2.708612;1.005236, -0.6949489, 3.026651;1.126491, -0.7003966, 2.634089;0.9355298, -0.7771518, 3.008115;1.072268, -0.7735478, 2.581414;
1.010113, 0.8684824, 2.959091;1.075185, 0.651861, 2.927625;1.02198, 0.2547297, 2.891608;0.9774958, 0.5124252, 3.092216;1.124512, 0.5115441, 2.792034;0.846316, -0.000212329, 3.015399;0.9971519, 0.008180323, 2.612241;1.011271, 0.175446, 2.8885;0.9686541, 0.10531, 2.941172;1.03546, 0.1114618, 2.822426;0.9860932, -0.3474316, 2.996242;1.085185, -0.3348392, 2.708596;1.005256, -0.6951117, 3.026613;1.126313, -0.6998043, 2.633992;0.9350666, -0.7768695, 3.006544;1.075616, -0.7747316, 2.585852;
1.010435, 0.8690175, 2.956409;1.075468, 0.6528978, 2.928284;1.02186, 0.2544683, 2.891893;0.9776872, 0.5120914, 3.089557;1.125161, 0.511878, 2.792409;0.8462125, -0.001341492, 3.013676;0.9977517, 0.008810206, 2.612168;1.01105, 0.1748692, 2.888791;0.9683513, 0.1049618, 2.940984;1.035469, 0.1115423, 2.823102;0.9859058, -0.347215, 2.99612;1.085157, -0.3348915, 2.708561;1.005401, -0.6947475, 3.02764;1.125066, -0.6991659, 2.633363;0.9362418, -0.7756329, 3.006592;1.074855, -0.7744594, 2.584836;
1.011295, 0.8690887, 2.958121;1.075297, 0.6528008, 2.928315;1.021424, 0.2539391, 2.892287;0.9776798, 0.5120445, 3.089504;1.125084, 0.5121334, 2.79277;0.846339, -0.001882301, 3.013356;0.9979655, 0.008683919, 2.612278;1.010573, 0.1742165, 2.889213;0.9680516, 0.1047045, 2.940997;1.035121, 0.1114657, 2.823901;0.9859406, -0.3471797, 2.996222;1.084816, -0.3345575, 2.708661;1.005291, -0.6947259, 3.027536;1.125048, -0.6990541, 2.63323;0.9395429, -0.7735018, 3.007371;1.07431, -0.7745475, 2.584526;
1.010717, 0.8685983, 2.955563;1.075382, 0.6529, 2.928401;1.021372, 0.2538585, 2.892494;0.9781715, 0.5132618, 3.090198;1.125163, 0.5122938, 2.792938;0.8472775, -0.001563259, 3.014374;0.9980282, 0.008713487, 2.612279;1.01049, 0.1740842, 2.88942;0.9680136, 0.1046704, 2.941003;1.035007, 0.1117255, 2.824524;0.9857366, -0.3465353, 2.995856;1.084802, -0.3345491, 2.70868;1.005306, -0.6947111, 3.02756;1.125215, -0.6994669, 2.633573;0.939362, -0.7734054, 3.007543;1.074496, -0.7744206, 2.584348;
1.010572, 0.8688554, 2.955532;1.075642, 0.6534774, 2.9286;1.021234, 0.2541552, 2.893001;0.9786233, 0.5140482, 3.093093;1.126137, 0.5134913, 2.794033;0.8476207, -0.001282373, 3.014243;0.9981069, 0.008839204, 2.611787;1.010283, 0.1743289, 2.88994;0.9677294, 0.1047912, 2.941305;1.034794, 0.1122975, 2.825336;0.985567, -0.3464677, 2.995745;1.084772, -0.3346785, 2.70868;1.005356, -0.694683, 3.027536;1.126776, -0.6970113, 2.634704;0.9382384, -0.7746155, 3.007384;1.074798, -0.7733303, 2.58371;
1.009724, 0.8686157, 2.954432;1.076098, 0.6540464, 2.930378;1.020982, 0.259337, 2.895867;0.9785357, 0.5135221, 3.092995;1.126131, 0.5135466, 2.79407;0.8480439, -0.001944916, 3.014985;0.9982366, 0.008950328, 2.611522;1.009795, 0.1809995, 2.892897;0.9668769, 0.1071231, 2.945305;1.033914, 0.1151484, 2.82492;0.9850692, -0.3475849, 2.995964;1.084502, -0.3367293, 2.70838;1.005364, -0.6946193, 3.027491;1.12739, -0.6968819, 2.635864;0.9381543, -0.7748407, 3.007619;1.075111, -0.7729017, 2.583685;
1.009597, 0.8682293, 2.954404;1.07659, 0.6541322, 2.930769;1.020859, 0.2591532, 2.896087;0.9785356, 0.5125254, 3.090097;1.126101, 0.5135747, 2.794216;0.8510261, -0.003696653, 3.016014;0.9983701, 0.009807382, 2.610285;1.009537, 0.1806453, 2.893129;0.9666696, 0.1072006, 2.945269;1.033451, 0.1154889, 2.825855;0.9850875, -0.347614, 2.995981;1.084399, -0.336277, 2.708376;1.005477, -0.6945712, 3.027316;1.12715, -0.6966109, 2.635834;0.937727, -0.7754475, 3.008097;1.074935, -0.7731422, 2.584004;
1.009099, 0.8682209, 2.954791;1.077154, 0.6546158, 2.930769;1.020518, 0.2579337, 2.896207;0.9784501, 0.5123942, 3.090144;1.125801, 0.513506, 2.79426;0.8512406, -0.003091551, 3.016366;0.9986722, 0.009663541, 2.610669;1.008808, 0.1783469, 2.893243;0.9661617, 0.1064806, 2.944904;1.032977, 0.1150656, 2.826634;0.9850419, -0.3470921, 2.995808;1.084388, -0.3363901, 2.708362;1.00473, -0.6945154, 3.02701;1.126373, -0.6956209, 2.634651;0.9379162, -0.775367, 3.008732;1.074636, -0.7733222, 2.583371;
1.009072, 0.8680574, 2.954288;1.077126, 0.6546205, 2.930597;1.020409, 0.2580259, 2.896267;0.9785048, 0.5126468, 3.088964;1.12592, 0.5136395, 2.79423;0.8528153, -0.004562376, 3.019576;0.9989589, 0.009799049, 2.610903;1.008687, 0.1784949, 2.893354;0.965848, 0.1067925, 2.945127;1.032835, 0.1154898, 2.826957;0.9850395, -0.3470608, 2.99578;1.084362, -0.336476, 2.708554;1.004849, -0.6943017, 3.02633;1.124619, -0.7005882, 2.632051;0.9485034, -0.7751735, 2.996109;1.074116, -0.7737493, 2.582924;
1.009136, 0.868031, 2.955151;1.077314, 0.6547139, 2.930763;1.020425, 0.2577993, 2.896157;0.9785261, 0.5130327, 3.088841;1.126, 0.5136195, 2.794321;0.8523356, -0.004886869, 3.019053;0.9989188, 0.009706736, 2.610905;1.008698, 0.1781297, 2.893095;0.9657408, 0.1064436, 2.944502;1.032853, 0.1154721, 2.826936;0.9849417, -0.3472751, 2.99602;1.084365, -0.3364719, 2.708568;1.004806, -0.6945852, 3.026195;1.124282, -0.700521, 2.631944;0.9453079, -0.7766255, 3.003132;1.073425, -0.773999, 2.582444;
1.009237, 0.8681283, 2.955007;1.077241, 0.6548958, 2.930799;1.020412, 0.2577823, 2.896087;0.9784983, 0.5129642, 3.088939;1.12638, 0.513834, 2.794885;0.8521931, -0.00465655, 3.019093;0.9991076, 0.01003333, 2.610804;1.008713, 0.1780845, 2.89295;0.9657146, 0.1066277, 2.943823;1.032908, 0.1155339, 2.826959;0.9849552, -0.3472385, 2.99609;1.084577, -0.3368519, 2.708461;1.005057, -0.6946083, 3.026339;1.124568, -0.7004294, 2.631642;0.9416933, -0.7774866, 3.004819;1.07343, -0.7740819, 2.582566;
1.009209, 0.8676708, 2.954406;1.077025, 0.6545346, 2.930838;1.020239, 0.2571413, 2.89592;0.9782853, 0.5122973, 3.088831;1.12635, 0.5137642, 2.794868;0.8517699, -0.004819824, 3.018755;0.9991548, 0.01021073, 2.610837;1.008599, 0.1774292, 2.892715;0.9656257, 0.1064415, 2.943089;1.032906, 0.1154786, 2.827107;0.9851374, -0.3470455, 2.996305;1.08465, -0.3358729, 2.708794;1.005212, -0.6948731, 3.026113;1.124521, -0.7003894, 2.631719;0.9389006, -0.7775768, 3.00492;1.073369, -0.7741322, 2.582622;
1.009031, 0.8675723, 2.953599;1.076988, 0.6546221, 2.930865;1.020074, 0.2565572, 2.895558;0.9778613, 0.51126, 3.08848;1.126215, 0.5138378, 2.794956;0.8510826, -0.004256383, 3.018479;0.9990437, 0.00983881, 2.610965;1.008423, 0.1765474, 2.892148;0.965443, 0.1057572, 2.942058;1.032879, 0.1153986, 2.827086;0.985171, -0.3469863, 2.996319;1.084627, -0.3360771, 2.708713;1.00449, -0.6964241, 3.026773;1.125315, -0.7012914, 2.632104;0.9380838, -0.7779163, 3.005385;1.073258, -0.7737575, 2.581998;
1.009745, 0.8685384, 2.954674;1.07622, 0.6550536, 2.930649;1.019305, 0.256321, 2.895547;0.9781056, 0.5117875, 3.088478;1.125538, 0.5136973, 2.795261;0.8508617, -0.0038786, 3.018396;0.9989601, 0.009690482, 2.610979;1.007676, 0.1762322, 2.892173;0.9651026, 0.105824, 2.941949;1.031761, 0.1154814, 2.827621;0.9850152, -0.3469326, 2.996287;1.084422, -0.3359416, 2.708743;1.005131, -0.6962078, 3.026929;1.125401, -0.7011079, 2.632372;0.9384985, -0.7776949, 3.006114;1.072993, -0.7738308, 2.582098;
1.008202, 0.867967, 2.952125;1.076002, 0.6552976, 2.931361;1.019191, 0.2562565, 2.895583;0.9780709, 0.5117239, 3.088511;1.125373, 0.5138388, 2.795396;0.8496919, -0.004550837, 3.016051;0.9992836, 0.01064776, 2.610387;1.007559, 0.1761439, 2.892147;0.9649656, 0.1058793, 2.941642;1.031655, 0.1155324, 2.8277;0.9849384, -0.3469068, 2.996192;1.084128, -0.3363365, 2.708428;1.005243, -0.6974921, 3.026706;1.126073, -0.6989334, 2.633559;0.9380101, -0.7774485, 3.006009;1.073072, -0.7738404, 2.582435;
1.00814, 0.8678844, 2.952254;1.075927, 0.6552894, 2.931382;1.018877, 0.2562746, 2.895597;0.9779466, 0.5115646, 3.088708;1.124926, 0.5138812, 2.795934;0.8491896, -0.004316067, 3.015567;0.9987654, 0.01019779, 2.610023;1.007218, 0.1761954, 2.892154;0.964469, 0.1056565, 2.94195;1.030989, 0.1153654, 2.827277;0.9848034, -0.3468459, 2.995948;1.083846, -0.3361841, 2.708636;1.005337, -0.6977729, 3.026692;1.124723, -0.6959903, 2.63248;0.9372352, -0.7777715, 3.006262;1.0726, -0.7740585, 2.582143;
1.007672, 0.8668293, 2.950273;1.075781, 0.6546493, 2.931453;1.018639, 0.2562675, 2.895607;0.9777843, 0.5116959, 3.088347;1.12376, 0.5131512, 2.795984;0.8484957, -0.00307872, 3.015719;0.9987019, 0.01008254, 2.609854;1.006938, 0.1762931, 2.89215;0.9642515, 0.1057283, 2.942014;1.030472, 0.1155076, 2.827147;0.9847164, -0.3467579, 2.995849;1.083628, -0.335716, 2.708988;1.005286, -0.6978018, 3.026721;1.124934, -0.6956418, 2.632559;0.9366919, -0.7780151, 3.006831;1.072724, -0.7734209, 2.581811;
1.007817, 0.8667138, 2.950996;1.075705, 0.6544055, 2.931234;1.018342, 0.25563, 2.895171;0.9773467, 0.511251, 3.087407;1.123712, 0.5130492, 2.795963;0.8484864, -0.003576968, 3.015518;0.9985021, 0.01035235, 2.609346;1.006632, 0.1756221, 2.891671;0.9638551, 0.1052745, 2.941344;1.03039, 0.1152998, 2.827032;0.9844618, -0.34639, 2.995502;1.083447, -0.3358119, 2.709012;1.005323, -0.698388, 3.025867;1.125371, -0.6970372, 2.632743;0.9373471, -0.7769979, 3.006634;1.072853, -0.7734055, 2.582361;
1.006491, 0.8669698, 2.949883;1.075221, 0.6550648, 2.930802;1.018011, 0.2556018, 2.894779;0.9769877, 0.509982, 3.088474;1.123684, 0.5130878, 2.796099;0.8468524, -0.007666901, 3.014428;0.9980637, 0.01027516, 2.608787;1.006326, 0.1755126, 2.891249;0.9635254, 0.1050121, 2.941051;1.030091, 0.1150729, 2.826343;0.9843367, -0.3463135, 2.995431;1.083425, -0.3358, 2.709034;1.005575, -0.6977485, 3.025928;1.124278, -0.6970686, 2.631414;0.939027, -0.7768357, 3.008496;1.073008, -0.7732492, 2.581769;
1.006555, 0.8664382, 2.947816;1.074231, 0.6546925, 2.931978;1.017684, 0.2550099, 2.894302;0.9759988, 0.5087863, 3.086093;1.121309, 0.513793, 2.797018;0.8461236, -0.00945165, 3.013639;0.9974768, 0.009948219, 2.608125;1.006065, 0.1747461, 2.890326;0.9636797, 0.1043366, 2.939147;1.029903, 0.1150452, 2.825891;0.984329, -0.3463129, 2.995468;1.083499, -0.3343391, 2.709591;1.00518, -0.6973485, 3.025701;1.12555, -0.6916013, 2.631858;0.9381831, -0.7777519, 3.009444;1.072834, -0.772215, 2.581804;
1.004782, 0.8650468, 2.942993;1.074098, 0.6546214, 2.93199;1.016981, 0.2568063, 2.894456;0.9759232, 0.5087689, 3.08601;1.120747, 0.5137196, 2.79676;0.8460197, -0.009233028, 3.01339;0.9967504, 0.009445544, 2.607321;1.005218, 0.1775409, 2.89057;0.9630579, 0.1051671, 2.940498;1.028547, 0.1162533, 2.824455;0.9839851, -0.3458173, 2.995059;1.083228, -0.3341218, 2.709651;1.004581, -0.6954893, 3.026019;1.124766, -0.6925896, 2.631349;0.9387263, -0.7765029, 3.009473;1.072723, -0.7723798, 2.581853;
1.004158, 0.8651667, 2.941379;1.072407, 0.6546243, 2.931249;1.016177, 0.2567424, 2.894111;0.9756827, 0.5086211, 3.085815;1.120657, 0.5137758, 2.796742;0.8443218, -0.01129459, 3.012217;0.9960829, 0.008771558, 2.606527;1.004621, 0.1774393, 2.890302;0.9624088, 0.1048941, 2.940521;1.027963, 0.1160718, 2.823912;0.9837835, -0.3456665, 2.995016;1.082661, -0.3354405, 2.709309;1.004498, -0.6952725, 3.02571;1.124951, -0.6928345, 2.63152;0.9373397, -0.776078, 3.007861;1.074653, -0.7723863, 2.583517;
1.003254, 0.8658136, 2.942684;1.070643, 0.6546992, 2.930118;1.015429, 0.2564223, 2.893598;0.9734753, 0.5105293, 3.087805;1.119064, 0.5133191, 2.795855;0.8414182, -0.01755149, 3.010722;0.9923365, 0.007463311, 2.604466;1.004057, 0.1770424, 2.889881;0.9619508, 0.1048086, 2.940042;1.027718, 0.1159435, 2.823859;0.9827602, -0.3452349, 2.994807;1.081878, -0.3353864, 2.709191;1.004296, -0.695251, 3.025547;1.125077, -0.6929909, 2.631581;0.9372295, -0.7760052, 3.007805;1.074536, -0.7723773, 2.58335;
1.002755, 0.8665152, 2.94406;1.066171, 0.6537985, 2.928306;1.014713, 0.2559371, 2.893358;0.9715899, 0.5106929, 3.087831;1.114959, 0.5128266, 2.795159;0.839955, -0.01812102, 3.012326;0.9905285, 0.007198235, 2.603288;1.003717, 0.1766167, 2.889783;0.9618801, 0.1046282, 2.940078;1.027529, 0.1156184, 2.823828;0.9808503, -0.3454726, 2.994544;1.081402, -0.3356753, 2.709241;1.004081, -0.6949959, 3.025087;1.125957, -0.694007, 2.633173;0.937426, -0.7759759, 3.00783;1.07478, -0.7721002, 2.583186;
1.001097, 0.8673015, 2.945282;1.062102, 0.6534906, 2.925826;1.014501, 0.2558922, 2.893259;0.9687728, 0.5110349, 3.092004;1.114781, 0.5129028, 2.795052;0.8374569, -0.0237205, 3.011325;0.9888337, 0.006916542, 2.603148;1.003712, 0.176602, 2.88979;0.9619088, 0.1045479, 2.94014;1.02772, 0.1155502, 2.823951;0.9801303, -0.3465393, 2.994508;1.080524, -0.336026, 2.708583;1.003672, -0.6957146, 3.025374;1.124674, -0.694832, 2.632607;0.9372284, -0.7767671, 3.007747;1.074842, -0.7721464, 2.58293;
0.9988825, 0.8675176, 2.944647;1.060714, 0.654067, 2.925726;1.014476, 0.255213, 2.892975;0.9650073, 0.5116935, 3.092954;1.111059, 0.5134116, 2.794323;0.8363084, -0.02333221, 3.011399;0.9856013, 0.006291872, 2.602486;1.004149, 0.1753393, 2.889436;0.962863, 0.1039846, 2.93891;1.028605, 0.1151949, 2.824674;0.9795409, -0.3466616, 2.994215;1.078389, -0.3368571, 2.707885;1.003104, -0.6957118, 3.025154;1.123492, -0.6948763, 2.63179;0.9357232, -0.776897, 3.006902;1.074695, -0.7721902, 2.58279;
0.9872505, 0.8661839, 2.944749;1.056721, 0.6551566, 2.926099;1.014285, 0.2546091, 2.893306;0.9601462, 0.5146405, 3.092694;1.106729, 0.5141305, 2.793334;0.8411981, -0.008487375, 3.015123;0.9812665, 0.005343151, 2.60119;1.004451, 0.1742787, 2.89001;0.9634026, 0.103938, 2.938792;1.030041, 0.1146123, 2.827721;0.9777262, -0.3487207, 2.993473;1.075155, -0.339216, 2.706805;1.001635, -0.6950699, 3.025567;1.12386, -0.6959848, 2.632685;0.9362831, -0.7766801, 3.006581;1.074627, -0.7722285, 2.582752;
0.9725128, 0.8639714, 2.949378;1.047218, 0.6538295, 2.921656;1.013826, 0.2543842, 2.893711;0.9566708, 0.5139014, 3.094886;1.101673, 0.5140707, 2.792557;0.8377417, -0.009858428, 3.016666;0.9758602, 0.00278013, 2.599595;1.004538, 0.1740671, 2.890895;0.9645334, 0.1035805, 2.940619;1.030572, 0.114427, 2.829243;0.9765796, -0.348406, 2.993257;1.072529, -0.3394184, 2.705473;1.000983, -0.695003, 3.025003;1.1232, -0.6964907, 2.631912;0.9347048, -0.7771174, 3.005602;1.07402, -0.7725042, 2.582201;
0.9649374, 0.8562927, 2.95289;1.041273, 0.6501999, 2.919437;1.013293, 0.2532719, 2.89463;0.9536487, 0.5137448, 3.095389;1.097712, 0.5146363, 2.791966;0.8358055, -0.01041985, 3.017888;0.9746556, 0.002314394, 2.599725;1.004958, 0.173003, 2.892572;0.9659442, 0.1030399, 2.942424;1.031927, 0.1133972, 2.832461;0.9748887, -0.3481424, 2.992822;1.068478, -0.3424194, 2.703543;0.9990661, -0.6950231, 3.02432;1.121921, -0.6984328, 2.631366;0.9267634, -0.7752792, 3.001029;1.073684, -0.7725728, 2.581803;
0.9493747, 0.8435122, 2.943067;1.032468, 0.6438642, 2.917299;1.013213, 0.2517778, 2.895541;0.9502785, 0.5143009, 3.096732;1.089322, 0.5095344, 2.790075;0.8339691, -0.01112094, 3.01777;0.9717761, -0.0002734889, 2.599141;1.006319, 0.1716473, 2.894279;0.9698826, 0.1016417, 2.945236;1.034154, 0.1120067, 2.834683;0.9704215, -0.3472663, 2.991468;1.061186, -0.3503255, 2.699889;0.9978471, -0.6946903, 3.023783;1.11992, -0.7004979, 2.63106;0.9287242, -0.7745414, 3.002034;1.073276, -0.7736031, 2.581961;
0.8869352, 0.8018678, 2.926549;0.9792578, 0.6089846, 2.898633;1.014419, 0.2425975, 2.901707;0.9020072, 0.4747004, 3.078955;1.052455, 0.4879325, 2.785253;0.8023414, -0.03860023, 3.014496;0.9445634, -0.01376262, 2.589721;1.016379, 0.1628839, 2.906289;0.996054, 0.07759825, 2.981657;1.056722, 0.09742118, 2.84423;0.9505821, -0.346968, 2.990662;1.051298, -0.3647518, 2.692588;0.9920353, -0.6983142, 3.022234;1.115281, -0.7020983, 2.626655;0.9289164, -0.7742501, 3.001966;1.071617, -0.7747487, 2.581499;
0.8469342, 0.7621365, 2.910509;0.9523066, 0.5806639, 2.897769;1.017296, 0.2189744, 2.910543;0.884991, 0.449357, 3.074912;1.03661, 0.4665531, 2.777051;0.7797221, -0.07116075, 3.002259;0.923062, -0.04438772, 2.581321;1.027484, 0.1442207, 2.916495;1.004263, 0.06657689, 2.985545;1.073053, 0.08117033, 2.852291;0.9411567, -0.3575211, 2.993702;1.048896, -0.3722905, 2.688718;0.9842703, -0.7021646, 3.021839;1.113483, -0.7051707, 2.625787;0.92876, -0.7764226, 3.000883;1.070914, -0.7757121, 2.581516;
0.8339709, 0.7429549, 2.910526;0.9359554, 0.5620383, 2.897492;1.016511, 0.2014162, 2.916852;0.866416, 0.4156752, 3.067295;1.022831, 0.4514289, 2.775187;0.7736505, -0.08428632, 3.002324;0.9201223, -0.04876089, 2.579456;1.031066, 0.1280425, 2.924161;1.010926, 0.04669823, 2.994332;1.079925, 0.06969751, 2.859372;0.9393834, -0.3581131, 2.993425;1.048422, -0.374138, 2.687649;0.9811239, -0.6980851, 3.02255;1.109179, -0.7084848, 2.622396;0.9249532, -0.7749211, 2.999285;1.069462, -0.7779183, 2.581257;
0.8032069, 0.7079423, 2.89105;0.9220638, 0.543151, 2.891676;1.016892, 0.189785, 2.916645;0.8590845, 0.4007966, 3.062693;1.017067, 0.4249235, 2.768718;0.7603241, -0.1015071, 3.000655;0.9099898, -0.07389759, 2.573373;1.034087, 0.1177068, 2.924778;1.015755, 0.03521524, 2.995963;1.088183, 0.05656071, 2.860082;0.9350181, -0.3660457, 2.996364;1.046718, -0.3811111, 2.685065;0.979845, -0.6960194, 3.022757;1.108127, -0.7088178, 2.622097;0.9306024, -0.7756231, 3.000062;1.068508, -0.7776249, 2.580271;
0.7679018, 0.6455059, 2.89187;0.885273, 0.4790841, 2.881015;1.016033, 0.1254078, 2.919617;0.8290396, 0.33736, 3.047883;0.9866925, 0.3701323, 2.769001;0.7254073, -0.1682697, 2.9908;0.8888811, -0.1259275, 2.559282;1.042185, 0.05467258, 2.930935;1.029174, -0.02146703, 3.003405;1.103391, 0.0004555345, 2.869278;0.9168754, -0.3969415, 2.99574;1.041932, -0.3878631, 2.681312;0.9800385, -0.6964774, 3.023189;1.106395, -0.7091911, 2.621295;0.9197623, -0.7767202, 3.000796;1.066533, -0.7778715, 2.578757;
0.7578309, 0.612456, 2.875647;0.8777168, 0.4525702, 2.876842;1.020775, 0.1167477, 2.918019;0.8202253, 0.2937145, 3.035068;0.9792923, 0.3575417, 2.767764;0.7177561, -0.1884095, 2.98565;0.8829995, -0.1442791, 2.553226;1.0487, 0.04754129, 2.929536;1.038853, -0.02882728, 2.99752;1.108949, -0.001644098, 2.871118;0.9110535, -0.398605, 2.994697;1.038585, -0.3923468, 2.678836;0.9777488, -0.696901, 3.023267;1.104672, -0.7092219, 2.620387;0.9260094, -0.7812293, 3.002827;1.064835, -0.7786558, 2.578092;
0.7504831, 0.5772735, 2.86059;0.8682287, 0.4102526, 2.87024;1.024227, 0.09657738, 2.912801;0.8114238, 0.2671249, 3.026935;0.9668469, 0.3198854, 2.758082;0.7047182, -0.2189432, 2.984457;0.8683257, -0.1917776, 2.538397;1.053931, 0.0324675, 2.924955;1.045317, -0.03906654, 2.982562;1.111269, -0.005348443, 2.873779;0.9053476, -0.4030266, 2.996068;1.034532, -0.3999823, 2.675181;0.9776328, -0.6981329, 3.023664;1.103358, -0.7096978, 2.618612;0.9245405, -0.781358, 3.002684;1.064277, -0.7784287, 2.576742;
0.733652, 0.5287775, 2.851987;0.8561926, 0.3794902, 2.870775;1.028233, 0.07617652, 2.912539;0.8020296, 0.2295491, 3.018498;0.9633188, 0.3043556, 2.757196;0.6957667, -0.2349665, 2.991079;0.870196, -0.1944577, 2.534407;1.061406, 0.01425764, 2.924522;1.055151, -0.06230953, 2.985759;1.128202, -0.02307204, 2.873268;0.8928266, -0.4165386, 2.998324;1.028746, -0.4115404, 2.671957;0.9747332, -0.6954629, 3.022347;1.102035, -0.7101841, 2.618042;0.9115691, -0.7854168, 2.998398;1.063118, -0.7791694, 2.57688;
0.7289844, 0.5078125, 2.847006;0.8471785, 0.3545009, 2.860506;1.00131, 0.009515136, 2.916049;0.7976207, 0.2002705, 3.010812;0.9549588, 0.2652762, 2.75193;0.6912128, -0.2676186, 2.998985;0.8435761, -0.2704191, 2.521199;1.032723, -0.05785547, 2.931394;1.025636, -0.1252631, 2.986273;1.092281, -0.1029805, 2.893108;0.8601522, -0.4759183, 3.006204;1.025856, -0.4229382, 2.66695;0.9748623, -0.6949553, 3.022192;1.098955, -0.7159181, 2.613613;0.9117501, -0.7847314, 2.998329;1.059642, -0.7851443, 2.573406;
0.7200199, 0.4721413, 2.838789;0.8350519, 0.3142557, 2.848674;0.9982123, 0.003622769, 2.913514;0.7901101, 0.1841907, 3.005081;0.9542121, 0.2390503, 2.750138;0.684015, -0.2933263, 2.995451;0.8451196, -0.270925, 2.524157;1.030308, -0.06147664, 2.929473;1.024198, -0.1268725, 2.984223;1.089746, -0.1062912, 2.892222;0.8561919, -0.4746493, 3.009034;1.023779, -0.4373007, 2.665766;0.9452646, -0.7590748, 3.02999;1.102796, -0.7280496, 2.614454;0.8913518, -0.8004397, 2.97239;1.055198, -0.7878653, 2.568717;
0.7133007, 0.4440416, 2.830477;0.8310053, 0.2844159, 2.843662;1.00305, -0.035152, 2.912523;0.7842317, 0.1490042, 2.99475;0.9509999, 0.2100543, 2.748355;0.6729027, -0.3263629, 2.993737;0.8479178, -0.2794938, 2.52387;1.037274, -0.09744117, 2.929902;1.029453, -0.1589273, 2.98854;1.102019, -0.1400359, 2.890956;0.8415934, -0.4952597, 3.013652;1.021525, -0.4501176, 2.65877;0.9341422, -0.7779595, 3.03288;1.101721, -0.7397909, 2.609413;0.8950952, -0.7843502, 2.953213;1.047102, -0.7929482, 2.563549;
0.7023025, 0.3946723, 2.824114;0.8278009, 0.2504925, 2.841257;1.003327, -0.04681092, 2.911561;0.7767389, 0.1172671, 2.992785;0.9460899, 0.1742163, 2.744661;0.6653817, -0.359528, 2.987112;0.8214135, -0.3673052, 2.516165;1.038015, -0.1074804, 2.929064;1.030747, -0.1705092, 2.988137;1.104125, -0.1494361, 2.890278;0.8406238, -0.5038368, 3.020196;1.027933, -0.4924929, 2.64733;0.9359654, -0.7853487, 3.033116;1.11769, -0.7788109, 2.61375;0.8970839, -0.776759, 2.953768;1.043966, -0.7793034, 2.564291;
0.6906566, 0.3681503, 2.818119;0.8215702, 0.2258586, 2.831038;1.003215, -0.08145761, 2.904798;0.780016, 0.07866967, 2.979695;0.9437261, 0.1523004, 2.740428;0.6589589, -0.3965133, 2.988671;0.8136114, -0.3884424, 2.516431;1.039654, -0.1426108, 2.92333;1.034159, -0.205199, 2.981648;1.106296, -0.1809622, 2.887326;0.8745673, -0.4514663, 3.014937;1.027455, -0.4941185, 2.647308;0.9593401, -0.6993383, 3.01975;1.115751, -0.7796078, 2.613077;0.925536, -0.7837455, 2.996328;1.043113, -0.7787311, 2.562388;
0.680656, 0.334018, 2.812776;0.8153806, 0.2005716, 2.825141;0.985316, -0.1005815, 2.888384;0.7775475, 0.05580421, 2.977841;0.9351613, 0.1241471, 2.731761;0.6574875, -0.4110171, 2.990562;0.8127676, -0.4039624, 2.516313;1.018235, -0.1614039, 2.903632;1.020013, -0.2333361, 2.962656;1.077106, -0.2108613, 2.860642;0.8735579, -0.456047, 3.015126;1.026375, -0.4945236, 2.647216;0.9585763, -0.7051232, 3.019948;1.095419, -0.7141291, 2.61436;0.9247182, -0.7834501, 2.996726;1.058852, -0.7834924, 2.573638;
0.6633004, 0.2402358, 2.800027;0.798618, 0.1089903, 2.813558;0.9798639, -0.1625424, 2.87733;0.757445, -0.0265719, 2.965616;0.9220101, 0.04733391, 2.721606;0.6412793, -0.4993777, 2.995468;0.8482327, -0.404857, 2.509149;1.016113, -0.216849, 2.893622;1.023104, -0.2902754, 2.954803;1.084039, -0.2532427, 2.855561;0.8675333, -0.4543236, 3.012394;1.015945, -0.5064936, 2.645109;0.9580747, -0.7102664, 3.018814;1.095677, -0.7163641, 2.61408;0.9223057, -0.7875177, 2.996098;1.058123, -0.7847003, 2.573055;
0.6639259, 0.2336412, 2.795052;0.7967449, 0.09907798, 2.810049;0.9812208, -0.1689105, 2.875969;0.764321, -0.04584982, 2.963866;0.92111, 0.04325546, 2.722302;0.6413882, -0.5061027, 2.99518;0.8347064, -0.4312445, 2.504938;1.017984, -0.22276, 2.892566;1.026679, -0.2973174, 2.954435;1.085659, -0.2588742, 2.854211;0.8628038, -0.4529675, 3.009938;1.012781, -0.5100042, 2.643333;0.9552609, -0.7179666, 3.017409;1.094141, -0.7180033, 2.613593;0.9178242, -0.7942024, 2.995005;1.057295, -0.7860892, 2.572096;
0.661842, 0.2052935, 2.785099;0.7931066, 0.0746767, 2.804502;0.9853798, -0.1808414, 2.875284;0.7637256, -0.0628204, 2.963468;0.9205206, 0.01946915, 2.718105;0.6310036, -0.557614, 2.992111;0.8108303, -0.5404598, 2.497896;1.023315, -0.2330328, 2.892581;1.033313, -0.3062468, 2.956307;1.091835, -0.267799, 2.853595;0.7471803, -0.5390354, 3.044042;1.033695, -0.5611193, 2.644114;0.9527488, -0.7286496, 3.018793;1.09324, -0.7210207, 2.612593;0.9119129, -0.8020394, 2.994094;1.055835, -0.7873653, 2.569432;
0.6622095, 0.1882823, 2.783692;0.7934384, 0.05741752, 2.802573;0.9839767, -0.1924802, 2.87411;0.7530762, -0.08242454, 2.971944;0.9202782, -0.002250632, 2.719137;0.6316057, -0.5562433, 2.991455;0.8108466, -0.5473862, 2.498588;1.02196, -0.2426922, 2.891734;1.033066, -0.3186122, 2.958566;1.093099, -0.2813196, 2.85139;0.7309063, -0.5342197, 3.03722;1.030131, -0.5635366, 2.64397;0.9486277, -0.7296203, 3.016007;1.093501, -0.7223009, 2.614063;0.9012743, -0.7998431, 2.994855;1.055805, -0.7880666, 2.570763;
0.6616879, 0.1723669, 2.781165;0.7910193, 0.03582533, 2.804766;0.9883198, -0.2171354, 2.872952;0.7615365, -0.11467, 2.965118;0.9163083, -0.0165633, 2.719063;0.6421765, -0.5668638, 3.000636;0.8112188, -0.5512436, 2.496478;1.027886, -0.2679489, 2.889978;1.042914, -0.3447975, 2.954434;1.096605, -0.2970838, 2.85055;0.7169698, -0.5181366, 3.040216;1.028857, -0.5669242, 2.642812;0.9467403, -0.7290276, 3.016094;1.093739, -0.7241935, 2.616988;0.8981262, -0.7977598, 2.993958;1.057968, -0.7907133, 2.57371;
0.6613327, 0.1481934, 2.772076;0.7932627, 0.01207283, 2.79799;0.9955965, -0.2436206, 2.870939;0.7631215, -0.1611641, 2.963104;0.9173148, -0.04370496, 2.719599;0.6436889, -0.5940542, 3.002115;0.8172057, -0.5669611, 2.494486;1.036161, -0.2948666, 2.889062;1.048399, -0.3743498, 2.949752;1.102718, -0.3127446, 2.852965;0.6988457, -0.495391, 3.032259;1.029652, -0.5769376, 2.641914;0.9366956, -0.7247515, 3.014274;1.093953, -0.7245676, 2.618782;0.8987038, -0.8000746, 2.993616;1.058642, -0.7927901, 2.578253;
0.6627667, 0.1379778, 2.773862;0.7941921, -0.00240301, 2.799075;0.9951348, -0.243919, 2.870847;0.7621298, -0.1621636, 2.962196;0.9174827, -0.05481649, 2.719403;0.6462566, -0.6088105, 3.006562;0.8472385, -0.5580241, 2.482427;1.03547, -0.294611, 2.888938;1.048134, -0.37404, 2.951415;1.102858, -0.313606, 2.852182;0.6981831, -0.4950557, 3.029051;1.037786, -0.5856167, 2.638255;0.8222368, -0.7564092, 3.046425;1.096654, -0.7241792, 2.621874;0.8997605, -0.7919579, 2.996626;1.061624, -0.7891485, 2.576264;
0.6618898, 0.13167, 2.773614;0.793786, -0.00378177, 2.798149;0.9961365, -0.2466517, 2.871412;0.7532356, -0.1636355, 2.967521;0.9166805, -0.059692, 2.718464;0.6473751, -0.6086702, 3.007589;0.8447509, -0.5700632, 2.478806;1.03668, -0.2968061, 2.889729;1.04899, -0.3755226, 2.951964;1.10592, -0.3173373, 2.854322;0.7161939, -0.5346292, 3.032065;1.033071, -0.5898529, 2.637083;0.8617982, -0.7841772, 3.050631;1.096457, -0.7240677, 2.621669;0.9095329, -0.7687082, 2.979989;1.061047, -0.789166, 2.576762;
0.662105, 0.129533, 2.772585;0.7934693, -0.004877085, 2.797935;0.9943343, -0.2434383, 2.870821;0.7516381, -0.1636028, 2.968973;0.9161873, -0.06235074, 2.717834;0.6479048, -0.6044765, 3.0079;0.8484816, -0.5688893, 2.477364;1.033808, -0.2903077, 2.888816;1.049081, -0.3702531, 2.957612;1.106489, -0.3144853, 2.849582;0.8857558, -0.540202, 3.01637;1.033333, -0.5906132, 2.637129;0.9390874, -0.6896591, 3.012393;1.096434, -0.7242877, 2.620937;0.8946719, -0.7819672, 2.995543;1.060859, -0.7895179, 2.576518;
0.6621975, 0.1291969, 2.772418;0.7935426, -0.006079695, 2.797747;0.9430444, -0.2817614, 2.88017;0.7500277, -0.1640003, 2.971596;0.9163806, -0.06253912, 2.717725;0.6492037, -0.6045158, 3.006944;0.8539868, -0.5612447, 2.479513;0.9728649, -0.3355889, 2.900127;0.9616238, -0.420992, 2.975352;1.050616, -0.3702388, 2.857712;0.8274185, -0.4905424, 3.003222;1.032865, -0.5905665, 2.636921;0.9393685, -0.6890232, 3.011817;1.096509, -0.724557, 2.620783;0.8935473, -0.7802038, 2.991664;1.060851, -0.7896854, 2.576468;
0.6625746, 0.1297234, 2.77218;0.7930654, -0.007188774, 2.799007;0.9904889, -0.2442312, 2.871538;0.7567215, -0.1645626, 2.964737;0.9163957, -0.06255916, 2.717549;0.6498007, -0.605333, 3.004697;0.8530169, -0.5662735, 2.47634;1.030373, -0.2907123, 2.888313;1.048294, -0.3699487, 2.956702;1.102549, -0.3164773, 2.845995;0.9699085, -0.4381871, 2.980773;0.9614568, -0.5043197, 2.638716;0.9386257, -0.6883578, 3.011739;1.096585, -0.7247436, 2.620555;0.893191, -0.7827865, 2.991692;1.061577, -0.7887651, 2.574303;
0.6626538, 0.1299427, 2.772047;0.7928809, -0.007657965, 2.79916;0.9905221, -0.2436361, 2.871302;0.7590262, -0.1652614, 2.96339;0.9165533, -0.06246205, 2.717197;0.6499086, -0.6052936, 3.005043;0.8551739, -0.557971, 2.478027;1.030412, -0.2898758, 2.888124;1.048623, -0.3693632, 2.957219;1.102922, -0.3156316, 2.84546;0.9692252, -0.433038, 2.981398;0.9614125, -0.5042924, 2.638538;0.9402182, -0.6893073, 3.011665;1.096428, -0.7250017, 2.62025;0.8933166, -0.7826486, 2.991714;1.061918, -0.7899799, 2.575134;
0.6627812, 0.1309559, 2.770735;0.7928946, -0.007686123, 2.798989;0.9891736, -0.241438, 2.870214;0.7524607, -0.1629408, 2.969533;0.9169308, -0.06254168, 2.71655;0.6499077, -0.6049689, 3.007006;0.8559108, -0.5573374, 2.477821;1.028432, -0.2870505, 2.88696;1.046779, -0.3679745, 2.957025;1.102281, -0.3136629, 2.844274;0.8248413, -0.4961054, 3.004989;0.9614254, -0.5039755, 2.638412;0.9372826, -0.6896123, 3.011889;1.095832, -0.7251207, 2.619863;0.8933297, -0.7825003, 2.991638;1.061395, -0.791571, 2.577076;
0.6628392, 0.1312123, 2.770921;0.7933488, -0.007956527, 2.799013;0.9875768, -0.2436147, 2.869313;0.7547281, -0.1641786, 2.967636;0.9172638, -0.06281848, 2.71651;0.6488892, -0.6069536, 3.009195;0.8564416, -0.5560874, 2.476874;1.025735, -0.2905633, 2.885843;1.041272, -0.3730292, 2.955454;1.098562, -0.3185512, 2.842874;0.7073623, -0.5267708, 3.028847;1.028584, -0.5870585, 2.632641;0.8471063, -0.7769623, 3.047813;1.0956, -0.7248284, 2.619376;0.9038242, -0.778372, 2.98304;1.061435, -0.791626, 2.577122;
0.6629338, 0.1308014, 2.771198;0.7934305, -0.007606928, 2.798919;0.9872595, -0.2435943, 2.86922;0.7529818, -0.1641765, 2.97088;0.9175557, -0.06322832, 2.71666;0.6477725, -0.6137826, 3.00811;0.856882, -0.5557784, 2.475959;1.025338, -0.2906296, 2.885849;1.0406, -0.3733914, 2.95605;1.09844, -0.3188023, 2.842824;0.701553, -0.5168594, 3.023611;1.028654, -0.5870757, 2.632532;0.8400443, -0.7664293, 3.045737;1.095785, -0.7246373, 2.619277;0.9019375, -0.7769876, 2.986962;1.061571, -0.7914743, 2.577337;
0.6642855, 0.1307773, 2.771763;0.7948766, -0.008642821, 2.799117;0.9844633, -0.2501454, 2.869424;0.7560625, -0.1654429, 2.968796;0.9181321, -0.06388701, 2.716678;0.6477697, -0.6136148, 3.008161;0.8565974, -0.5547651, 2.475255;1.021024, -0.2994582, 2.886413;1.033985, -0.3827895, 2.956283;1.092303, -0.3311411, 2.844358;0.6912047, -0.5150837, 3.023633;1.027261, -0.5868592, 2.631786;0.8300222, -0.7633812, 3.047492;1.096905, -0.7240326, 2.620645;0.8940881, -0.7823423, 2.987358;1.062749, -0.7914965, 2.579833;
0.6659163, 0.1310732, 2.770978;0.795722, -0.008885898, 2.799772;0.982621, -0.2521507, 2.868961;0.7582375, -0.1665475, 2.968333;0.9186323, -0.06509981, 2.716632;0.6473819, -0.6158689, 3.007884;0.8564011, -0.5533917, 2.475281;1.01864, -0.3017845, 2.885697;1.030379, -0.3855303, 2.955555;1.089646, -0.3332146, 2.842864;0.8428376, -0.5470515, 3.006205;0.9192469, -0.5510012, 2.574732;0.93725, -0.6903505, 3.012562;1.08044, -0.7887785, 2.574837;0.8892678, -0.7894875, 2.98232;1.047219, -0.7288169, 2.626552;
0.6715304, 0.1398053, 2.780595;0.7965006, -0.007155997, 2.800203;0.9933133, -0.2367092, 2.869005;0.7562, -0.1660639, 2.972894;0.919002, -0.06547825, 2.717112;0.6458204, -0.6180391, 3.007723;0.8555992, -0.5532066, 2.475199;1.034343, -0.2802681, 2.885763;1.059936, -0.3583317, 2.960321;1.111561, -0.3066036, 2.839927;0.8478489, -0.5473928, 3.005812;0.8437837, -0.4495425, 2.605942;0.9361134, -0.6973916, 3.01279;1.097956, -0.7212329, 2.620892;0.8918629, -0.7907585, 2.98375;1.066029, -0.7894355, 2.57975;
0.6771392, 0.14734, 2.786533;0.799669, -0.001605459, 2.80158;0.9940466, -0.2354955, 2.868592;0.7556829, -0.1645178, 2.976992;0.9197031, -0.06389156, 2.718575;0.6380576, -0.6150473, 3.001272;0.8535661, -0.562999, 2.471981;1.034492, -0.2800018, 2.885392;1.057692, -0.3586757, 2.957026;1.110813, -0.305776, 2.840156;0.7380558, -0.5421987, 3.007963;0.8428903, -0.4478848, 2.607039;0.875285, -0.7883171, 3.040715;1.098982, -0.7185756, 2.622283;0.8977082, -0.7948976, 2.9582;1.0668, -0.7886997, 2.584842;
0.6778467, 0.155128, 2.789676;0.8029863, 0.01532411, 2.801219;0.9833473, -0.2399117, 2.869013;0.7536809, -0.1163753, 2.973779;0.9197011, -0.05848045, 2.721462;0.6408076, -0.5943429, 3.001618;0.8524963, -0.5606912, 2.47362;1.013915, -0.2933449, 2.886281;1.009971, -0.3784668, 2.957215;1.072659, -0.3374981, 2.842217;0.814638, -0.4966987, 2.993082;0.821073, -0.4535173, 2.576941;0.9291838, -0.6987262, 3.013195;1.098933, -0.7178267, 2.621728;0.8849534, -0.796825, 2.987052;1.066155, -0.7891285, 2.587233;
0.6919973, 0.1869235, 2.801076;0.8047955, 0.02474206, 2.803462;0.9871544, -0.2275655, 2.874044;0.7545947, -0.1092844, 2.973488;0.9213318, -0.05122372, 2.722209;0.6296661, -0.5847421, 3.006019;0.8459107, -0.5549769, 2.474099;1.022247, -0.2769753, 2.892606;1.03333, -0.3345629, 2.963302;1.092544, -0.3055342, 2.853828;0.8752948, -0.5474296, 3.008535;0.8438402, -0.4461598, 2.599603;0.928136, -0.7010603, 3.012904;1.096364, -0.71796, 2.619776;0.8851954, -0.7959786, 2.986525;1.06506, -0.7908326, 2.587373;
0.701755, 0.2252702, 2.81298;0.8092664, 0.04979279, 2.809211;0.984004, -0.2216386, 2.875712;0.7558346, -0.08681101, 2.97386;0.9251022, -0.02608791, 2.727469;0.62641, -0.5817762, 2.996085;0.8392035, -0.5466213, 2.472602;1.019197, -0.2735929, 2.893406;1.025927, -0.3357836, 2.963784;1.089286, -0.3058482, 2.852915;0.86289, -0.546596, 3.005233;0.847696, -0.4496077, 2.594755;0.929742, -0.7026778, 3.012683;1.094541, -0.7198828, 2.618513;0.8865311, -0.7959687, 2.986086;1.060747, -0.791328, 2.585572;
0.7053651, 0.229606, 2.814289;0.815621, 0.07011558, 2.809998;0.9864373, -0.2032739, 2.876492;0.7566093, -0.069639, 2.9754;0.9259768, -0.01332067, 2.729766;0.6149943, -0.5746766, 2.988698;0.8270642, -0.51473, 2.471844;1.020641, -0.25826, 2.893538;1.025402, -0.3307185, 2.963965;1.089646, -0.29782, 2.850466;0.8445894, -0.5517924, 3.006241;0.8530847, -0.4498763, 2.593621;0.9325182, -0.7092214, 3.009724;1.090497, -0.7196946, 2.616053;0.9021056, -0.7866504, 2.987812;1.059481, -0.7924271, 2.583551;
0.7277949, 0.2766535, 2.82302;0.8206215, 0.09106554, 2.81112;0.9831132, -0.1987064, 2.876163;0.7624438, -0.04485444, 2.978174;0.9333935, 0.007508679, 2.73137;0.6144782, -0.550138, 2.976226;0.8352464, -0.4623193, 2.48881;1.016091, -0.2547925, 2.8929;1.016124, -0.3273225, 2.963146;1.084387, -0.2968822, 2.848433;0.8161813, -0.5079206, 2.990393;0.8532171, -0.4575404, 2.593519;0.9353813, -0.714115, 3.00925;1.088982, -0.718946, 2.614782;0.9145208, -0.7950659, 2.99247;1.06167, -0.7892324, 2.574987;
0.7313781, 0.2926866, 2.827077;0.8263864, 0.1176443, 2.818195;0.9780319, -0.1836749, 2.876611;0.7649307, -0.01503538, 2.979063;0.9341931, 0.03285101, 2.732696;0.6274471, -0.5051694, 2.990203;0.8266626, -0.4802118, 2.487607;1.00931, -0.2426156, 2.892204;1.0059, -0.3149733, 2.960834;1.075678, -0.2875475, 2.845882;0.8168812, -0.5051215, 2.98887;0.8285078, -0.4228288, 2.592561;0.9416363, -0.7223076, 3.007691;1.072687, -0.7216606, 2.601718;0.9080922, -0.7984624, 2.990378;1.061722, -0.8004249, 2.571711;
0.7464191, 0.309409, 2.83193;0.8328419, 0.1366317, 2.824972;0.9741399, -0.171152, 2.876722;0.7665024, -0.001752478, 2.981501;0.934112, 0.04557263, 2.732708;0.6274213, -0.4876263, 2.98538;0.8328833, -0.4379238, 2.495234;1.003203, -0.2313719, 2.890996;0.9971479, -0.3032514, 2.958131;1.067204, -0.2790655, 2.842824;0.8184762, -0.5017372, 2.986814;0.9519446, -0.5467514, 2.602829;0.9427519, -0.7191191, 3.006625;1.113064, -0.7807457, 2.606791;0.9095631, -0.7956007, 2.991478;1.03952, -0.7816738, 2.564711;
0.7552738, 0.3302158, 2.841143;0.8426787, 0.1689158, 2.830816;0.9730276, -0.1621216, 2.876642;0.7729042, 0.02159104, 2.985015;0.9404178, 0.06765973, 2.739837;0.6292486, -0.441005, 2.987188;0.8175543, -0.435322, 2.495673;1.000987, -0.2256579, 2.890207;0.9915702, -0.2948405, 2.953764;1.062658, -0.2736011, 2.842507;0.8210006, -0.4915374, 2.981802;0.9520507, -0.5432516, 2.604041;0.9179366, -0.6793961, 3.00195;1.108516, -0.7798624, 2.603976;0.923022, -0.7747287, 2.995147;1.03424, -0.7805968, 2.563518;
0.776598, 0.3701933, 2.854727;0.8485205, 0.1914618, 2.836245;0.9707499, -0.1433726, 2.876985;0.7803103, 0.03886396, 2.991048;0.9454533, 0.08555929, 2.742871;0.627454, -0.4309008, 2.986623;0.8217516, -0.4063897, 2.503209;0.9963928, -0.209965, 2.889081;0.9854074, -0.2825233, 2.95114;1.055482, -0.2595815, 2.840412;0.81982, -0.4880681, 2.980138;0.9495374, -0.5330199, 2.605869;0.9271283, -0.692258, 3.00006;1.10402, -0.770072, 2.604947;0.9235146, -0.7764136, 2.995188;1.03379, -0.7875847, 2.561588;
0.7784129, 0.3751746, 2.854865;0.8556966, 0.2099587, 2.846092;0.9657499, -0.1325164, 2.877538;0.7838116, 0.05549541, 2.992647;0.9484808, 0.1033724, 2.747254;0.6241488, -0.4013987, 2.970885;0.8114958, -0.3950059, 2.50177;0.9882647, -0.1991931, 2.887932;0.9746196, -0.2692583, 2.942368;1.040391, -0.2490513, 2.842318;0.7514678, -0.5529066, 2.989057;0.94698, -0.5251656, 2.607449;0.8806371, -0.7981018, 3.021654;1.100051, -0.7625889, 2.603766;0.9402023, -0.7630136, 2.973503;1.035649, -0.7982394, 2.56279;
0.8005033, 0.4073022, 2.876065;0.866401, 0.2337958, 2.855715;0.9626772, -0.1133825, 2.878729;0.7874495, 0.06946966, 2.994974;0.952213, 0.116245, 2.747884;0.6243001, -0.3854207, 2.969175;0.8076413, -0.3886286, 2.501763;0.982667, -0.1819363, 2.8873;0.9703536, -0.2589303, 2.941586;1.034437, -0.2393101, 2.840097;0.7579852, -0.5494658, 2.987624;0.941538, -0.5165781, 2.608331;0.8875737, -0.7937233, 3.020177;1.09556, -0.7526226, 2.604762;0.9487391, -0.7605215, 2.97322;1.038246, -0.7866021, 2.553683;
0.8098326, 0.4263796, 2.881007;0.8725559, 0.2527644, 2.859735;0.9664925, -0.09633729, 2.880999;0.7932138, 0.08530951, 2.996167;0.9544946, 0.1370808, 2.756012;0.6246681, -0.3806787, 2.968102;0.8421094, -0.309774, 2.512465;0.9855167, -0.1663413, 2.888821;0.9705859, -0.2411169, 2.945121;1.037363, -0.218751, 2.838065;0.7680776, -0.5391757, 2.982618;0.94201, -0.5024523, 2.617315;0.8984464, -0.7822092, 3.015614;1.096355, -0.7377132, 2.612142;0.961953, -0.7617896, 2.965106;1.050319, -0.7866412, 2.562263;
0.8265949, 0.4488375, 2.892078;0.8877388, 0.2753974, 2.862505;0.9691553, -0.08366269, 2.882245;0.8005236, 0.1191817, 3.005568;0.9600167, 0.1502169, 2.758653;0.6219932, -0.3481188, 2.958645;0.8199282, -0.3181564, 2.49819;0.9864421, -0.1548578, 2.88976;0.9688401, -0.2270947, 2.944371;1.036433, -0.2078718, 2.839849;0.7743526, -0.5298756, 2.979266;0.9408064, -0.494177, 2.618567;0.9025784, -0.7741884, 3.009007;1.092612, -0.7305904, 2.611565;0.9509739, -0.808032, 2.950097;1.05401, -0.7878249, 2.564745;
0.8413451, 0.4620102, 2.900175;0.894235, 0.2856907, 2.866554;0.9682959, -0.07481724, 2.887671;0.8046772, 0.12739, 3.008077;0.9607971, 0.1605333, 2.760128;0.6207023, -0.3295237, 2.955632;0.8192896, -0.3151459, 2.49737;0.9837477, -0.1462727, 2.895509;0.963148, -0.2151944, 2.954122;1.032382, -0.2024743, 2.84314;0.7778234, -0.524745, 2.974481;0.9400677, -0.4922572, 2.619186;0.9069601, -0.7676627, 3.00544;1.091209, -0.7285185, 2.611307;0.9535531, -0.8218031, 2.962909;1.053609, -0.7879265, 2.566947;
0.8553284, 0.486109, 2.911146;0.9078162, 0.3107655, 2.873873;0.9676694, -0.06404628, 2.891836;0.8106292, 0.1372996, 3.007815;0.966395, 0.1784003, 2.764878;0.6181985, -0.3183365, 2.949425;0.8293837, -0.285809, 2.497436;0.98121, -0.1375706, 2.899135;0.9584052, -0.205321, 2.95655;1.027105, -0.1932732, 2.847421;0.7776317, -0.5175059, 2.969028;0.9380234, -0.4849449, 2.623482;0.9100208, -0.7575455, 3.002332;1.087249, -0.7222033, 2.610762;0.9480906, -0.8276362, 2.979899;1.056525, -0.7870787, 2.56938;
0.8610697, 0.4966542, 2.90949;0.9143853, 0.322241, 2.876491;0.9698535, -0.05207148, 2.892456;0.8145859, 0.1436035, 3.009916;0.9709557, 0.1924504, 2.766468;0.6217164, -0.29692, 2.95343;0.8336028, -0.2663412, 2.496063;0.9817725, -0.126748, 2.899195;0.957945, -0.1972763, 2.956195;1.026386, -0.1842622, 2.846298;0.7792327, -0.5100747, 2.965751;0.9336027, -0.4724777, 2.628222;0.9340948, -0.7145749, 2.997246;1.088077, -0.722039, 2.61161;0.9180353, -0.7955394, 2.995456;1.056805, -0.7862271, 2.570157;
0.8707416, 0.5067987, 2.911535;0.923159, 0.3326639, 2.87903;0.9738358, -0.03993372, 2.896162;0.8307847, 0.1750687, 3.016283;0.9799259, 0.2065554, 2.765929;0.6222566, -0.2820459, 2.955983;0.8329626, -0.2597445, 2.494655;0.9844005, -0.1143485, 2.903027;0.9590021, -0.1828623, 2.959911;1.028047, -0.1712033, 2.850104;0.7836019, -0.497388, 2.961777;0.9325726, -0.4661813, 2.630235;0.9338576, -0.7135384, 2.99607;1.087124, -0.7198977, 2.610994;0.9195312, -0.7945799, 2.996893;1.058644, -0.7851159, 2.569653;
0.8925239, 0.5227247, 2.923384;0.9300583, 0.3450024, 2.882108;0.9726235, -0.03508167, 2.895452;0.8320524, 0.1803457, 3.019444;0.9832217, 0.2155998, 2.768631;0.6233718, -0.2707268, 2.951817;0.8371182, -0.2430049, 2.494804;0.9819658, -0.1099672, 2.901764;0.9543799, -0.1756174, 2.95518;1.023213, -0.1649716, 2.849721;0.7828349, -0.4914168, 2.959737;0.9323546, -0.4633558, 2.631003;0.9340243, -0.7131636, 2.995515;1.085062, -0.7178093, 2.612045;0.9242049, -0.7946019, 2.996496;1.059796, -0.7839869, 2.570672;
0.8936234, 0.5306118, 2.924188;0.937881, 0.354921, 2.88503;0.9791644, -0.01737511, 2.889294;0.8367583, 0.1883166, 3.024234;0.9900204, 0.2268559, 2.769272;0.6251217, -0.2554511, 2.949428;0.8381306, -0.2270283, 2.492128;0.9875638, -0.09119491, 2.893139;0.9567125, -0.1624011, 2.947421;1.032455, -0.1361517, 2.835629;0.7879131, -0.4790598, 2.958122;0.932322, -0.4625228, 2.631179;0.93576, -0.7134151, 2.995548;1.085263, -0.7185227, 2.612116;0.9211307, -0.793858, 2.995564;1.059285, -0.7843432, 2.571154;
0.9080184, 0.5515763, 2.935394;0.9536998, 0.3767842, 2.894221;0.9807644, -0.009211208, 2.890697;0.8415266, 0.1963779, 3.027896;0.9945962, 0.2380838, 2.77309;0.6279228, -0.240134, 2.946631;0.8440912, -0.2092127, 2.494666;0.9876832, -0.08508669, 2.893837;0.9555948, -0.1549559, 2.947622;1.03167, -0.1326997, 2.836328;0.7867079, -0.4716402, 2.955332;0.9320087, -0.4609383, 2.631178;0.9351757, -0.7136068, 2.995264;1.085809, -0.7188825, 2.612369;0.9196429, -0.7936141, 2.994824;1.059101, -0.7841336, 2.571483;
0.9204192, 0.5629059, 2.951664;0.9614366, 0.3881084, 2.896497;0.9824629, 0.003518839, 2.891282;0.8493882, 0.21058, 3.028076;1.006724, 0.2618044, 2.773337;0.6322768, -0.2204111, 2.944189;0.8571044, -0.173856, 2.49753;0.9874772, -0.07307453, 2.893837;0.9526141, -0.1423459, 2.946749;1.030729, -0.1218023, 2.836661;0.7902994, -0.462495, 2.954199;0.9317666, -0.4604834, 2.631021;0.9381515, -0.7151867, 2.995817;1.085552, -0.7177503, 2.612741;0.9179537, -0.7938535, 2.994188;1.059798, -0.7839594, 2.573344;
0.949421, 0.5870452, 2.960135;0.9726748, 0.4025651, 2.904612;0.9827778, 0.02015896, 2.892728;0.8601935, 0.2308584, 3.036042;1.018034, 0.2776951, 2.775143;0.6360123, -0.2068911, 2.946548;0.8565424, -0.1676383, 2.498624;0.9852629, -0.05535482, 2.893939;0.9478582, -0.1274994, 2.947395;1.027537, -0.108324, 2.834255;0.7896868, -0.4616151, 2.953451;0.931523, -0.4592919, 2.630842;0.9366432, -0.7139777, 2.993721;1.085656, -0.7183856, 2.612679;0.9185011, -0.7929197, 2.994645;1.059039, -0.7842338, 2.573726;
0.9553639, 0.5976116, 2.964302;0.9813392, 0.420651, 2.90889;0.982637, 0.03083392, 2.893114;0.8657448, 0.2425301, 3.03487;1.022212, 0.2868346, 2.776183;0.644662, -0.1834626, 2.957219;0.8581098, -0.1475393, 2.498697;0.9837498, -0.04632635, 2.893682;0.9452181, -0.1176359, 2.947513;1.024418, -0.09991704, 2.832651;0.7912431, -0.4577165, 2.951975;0.9313038, -0.4584956, 2.629266;0.9370555, -0.7135542, 2.992903;1.085651, -0.7185186, 2.61238;0.9209713, -0.7923672, 3.00034;1.058822, -0.7843754, 2.574058;
0.9583163, 0.628262, 2.966411;1.000972, 0.4537533, 2.92527;0.9814259, 0.05134895, 2.894623;0.8833414, 0.2744346, 3.025888;1.040156, 0.3181217, 2.784531;0.6580841, -0.1630688, 2.959323;0.8581096, -0.1330925, 2.501706;0.9791225, -0.02740201, 2.892958;0.9381897, -0.0990418, 2.945328;1.01603, -0.08086593, 2.829734;0.7918817, -0.4535903, 2.950552;0.9303139, -0.448728, 2.629393;0.9358836, -0.7133078, 2.992437;1.085715, -0.718709, 2.612271;0.9217498, -0.7922268, 3.00031;1.058935, -0.7846208, 2.574476;
0.9767911, 0.6415681, 2.974563;1.010494, 0.4649057, 2.931901;0.9845036, 0.07152643, 2.890669;0.8885651, 0.2930225, 3.036537;1.045343, 0.3250371, 2.786113;0.6619741, -0.1523047, 2.961273;0.8560985, -0.1221476, 2.502876;0.9796391, -0.005919097, 2.885661;0.934948, -0.07794713, 2.936035;1.016294, -0.05476498, 2.818263;0.7918372, -0.4507883, 2.949185;0.9295661, -0.4464433, 2.628253;0.9362239, -0.713129, 2.992354;1.086575, -0.7199994, 2.612167;0.9212713, -0.792087, 2.998356;1.057802, -0.7856864, 2.575407;
1.020889, 0.6567419, 2.970796;1.019342, 0.4773808, 2.934879;0.9847049, 0.0753034, 2.89019;0.9008062, 0.3206906, 3.039017;1.052591, 0.3381984, 2.790205;0.6628271, -0.1404489, 2.964211;0.8666288, -0.09602504, 2.509549;0.9790355, -0.003462434, 2.884963;0.9346671, -0.07073849, 2.931795;1.014144, -0.05262696, 2.819473;0.7932984, -0.4419596, 2.947916;0.9290895, -0.441456, 2.627444;0.9390245, -0.7174783, 2.993426;1.086748, -0.7200237, 2.61201;0.915857, -0.7942691, 2.998117;1.058044, -0.7856537, 2.575619;
1.02983, 0.6730799, 2.971801;1.034966, 0.4936611, 2.938236;0.9858738, 0.08431636, 2.88841;0.9059563, 0.3337986, 3.033942;1.057939, 0.3463574, 2.791268;0.6689309, -0.1279163, 2.961231;0.8675485, -0.08610824, 2.50981;0.9779904, 0.003960543, 2.882441;0.9325252, -0.05821719, 2.925629;1.011312, -0.04528335, 2.819619;0.7943058, -0.4361445, 2.947125;0.9290581, -0.4344949, 2.627324;0.9385306, -0.7158746, 2.992887;1.086718, -0.7200737, 2.611661;0.916116, -0.7927024, 2.996678;1.058569, -0.785908, 2.575706;
1.035195, 0.6869621, 2.972772;1.042719, 0.5076455, 2.943499;0.9888691, 0.0983783, 2.884552;0.909663, 0.343695, 3.028094;1.068772, 0.3652843, 2.79688;0.674703, -0.1143317, 2.952674;0.8648975, -0.0768235, 2.51053;0.9790586, 0.01724302, 2.876517;0.9331649, -0.04277416, 2.914154;1.011275, -0.03011659, 2.817614;0.7966678, -0.4276195, 2.945889;0.9297715, -0.4306161, 2.626516;0.9421035, -0.7168623, 2.993592;1.086571, -0.7201766, 2.610855;0.9205942, -0.7936054, 2.998974;1.05854, -0.7864475, 2.576162;
1.051656, 0.6966321, 2.979099;1.04828, 0.5167955, 2.94699;0.98966, 0.1098847, 2.879764;0.9210912, 0.3633123, 3.025206;1.074481, 0.372922, 2.798139;0.6817423, -0.09466559, 2.95154;0.8866128, -0.03163786, 2.521441;0.9783086, 0.02955404, 2.869365;0.9312821, -0.0283836, 2.905369;1.010056, -0.01532239, 2.810833;0.8001876, -0.4227523, 2.945579;0.9330245, -0.4252048, 2.626589;0.9421331, -0.7168267, 2.99449;1.086891, -0.7191406, 2.609496;0.9225898, -0.7941595, 2.99947;1.059422, -0.7861215, 2.575642;
1.058712, 0.7114837, 2.981513;1.055491, 0.531474, 2.950086;0.9883228, 0.113795, 2.879521;0.9293917, 0.3763233, 3.016639;1.077223, 0.3800742, 2.799518;0.6888973, -0.06954235, 2.954134;0.8739408, -0.03638969, 2.515081;0.9760506, 0.03226966, 2.868885;0.9290529, -0.02213915, 2.901885;1.004591, -0.008666894, 2.815107;0.8014747, -0.4216347, 2.946321;0.9395568, -0.4144786, 2.627112;0.9449443, -0.7183645, 2.995602;1.087415, -0.7185118, 2.608626;0.9388591, -0.7973199, 3.006573;1.059605, -0.7858568, 2.575724;
1.066527, 0.7183332, 2.987737;1.063196, 0.5379129, 2.951002;0.9900917, 0.1281336, 2.875218;0.9314636, 0.3813007, 3.014827;1.085667, 0.3975015, 2.802384;0.6858764, -0.07128703, 2.950388;0.8848528, -0.01460463, 2.527276;0.975638, 0.04723378, 2.863255;0.9279191, -0.008429311, 2.896269;1.004162, 0.003455916, 2.809598;0.804356, -0.4167376, 2.946509;0.9437819, -0.4068753, 2.629415;0.9443607, -0.7158427, 2.994728;1.08756, -0.7182884, 2.608431;0.9307709, -0.7946108, 2.997501;1.060812, -0.7843145, 2.572074;
1.077971, 0.7262978, 2.994697;1.071173, 0.5464102, 2.952069;0.9903486, 0.1473341, 2.874785;0.9504504, 0.4139847, 2.995602;1.098757, 0.4143128, 2.805619;0.6981266, -0.05238566, 2.950338;0.8729484, -0.01361888, 2.52144;0.9736934, 0.06859729, 2.86251;0.9256978, 0.01025966, 2.895309;1.000145, 0.02375846, 2.807875;0.8067418, -0.4150045, 2.946301;0.9439942, -0.4055184, 2.629771;0.9461834, -0.7199453, 2.995806;1.088376, -0.7171964, 2.608482;0.9298905, -0.7980226, 2.997163;1.061995, -0.7829922, 2.571899;
1.083248, 0.7181637, 2.99489;1.074754, 0.5271608, 2.949947;0.9900131, 0.1489748, 2.874084;0.9499777, 0.4124685, 2.994905;1.104232, 0.4206821, 2.806726;0.7054217, -0.04055763, 2.954994;0.8744295, -0.006204491, 2.52405;0.9728082, 0.07352768, 2.861346;0.9236804, 0.01493187, 2.893616;0.9989994, 0.02855673, 2.806133;0.8100093, -0.4121808, 2.946359;0.9470541, -0.3978325, 2.632885;0.9481419, -0.716029, 2.996712;1.090014, -0.7180687, 2.608127;0.9173053, -0.7893891, 2.99511;1.061321, -0.7835858, 2.573208;
1.09491, 0.7336061, 3.001822;1.077078, 0.5261479, 2.947543;0.9897596, 0.1528606, 2.871005;0.9504162, 0.4127342, 2.990987;1.110275, 0.4311889, 2.808904;0.7066011, -0.03545489, 2.953408;0.8760711, 0.003536913, 2.525798;0.9719211, 0.07905684, 2.858108;0.9216152, 0.02389828, 2.886294;0.9978867, 0.03650944, 2.805104;0.8153733, -0.4061566, 2.94393;0.9509381, -0.3955142, 2.633853;0.9507198, -0.7111686, 2.999116;1.091362, -0.7188953, 2.608513;0.917879, -0.7833938, 2.995011;1.062593, -0.7831994, 2.571782;
1.104027, 0.742725, 3.002;1.080502, 0.5262368, 2.945851;0.9874818, 0.1585643, 2.868639;0.9556732, 0.4248116, 2.992057;1.114908, 0.4364536, 2.809216;0.712615, -0.02480506, 2.950136;0.8930498, 0.03307993, 2.529166;0.9678462, 0.08664629, 2.855707;0.9160659, 0.04032198, 2.877662;0.9921019, 0.04820229, 2.808788;0.8213663, -0.4018471, 2.944011;0.954379, -0.3914872, 2.635481;0.9560981, -0.7078682, 2.999966;1.092861, -0.7162088, 2.609021;0.9156082, -0.7830059, 2.994311;1.064794, -0.7801586, 2.57139;
1.117968, 0.7654098, 3.014447;1.083903, 0.5257754, 2.945147;0.9871183, 0.1639089, 2.865594;0.9554797, 0.4245746, 2.992737;1.120219, 0.4447433, 2.811626;0.7099088, -0.02377648, 2.951607;0.8941016, 0.03602219, 2.532499;0.966764, 0.09326278, 2.852185;0.9150646, 0.04848065, 2.871706;0.9914293, 0.05190209, 2.808021;0.826694, -0.3991998, 2.943241;0.9595426, -0.3849078, 2.639812;0.9567296, -0.706763, 3.000231;1.094066, -0.7162477, 2.610939;0.9150238, -0.7814068, 2.994026;1.065349, -0.7792773, 2.572478;
1.124493, 0.7656833, 3.015872;1.087126, 0.5264074, 2.943793;0.9862397, 0.1676412, 2.862852;0.9540101, 0.4263891, 2.992443;1.121381, 0.4480172, 2.811997;0.7068893, -0.02075069, 2.947422;0.8967719, 0.0455466, 2.534218;0.9652121, 0.09722222, 2.849351;0.9129403, 0.05263683, 2.867834;0.9902921, 0.05506628, 2.806748;0.833499, -0.3975328, 2.943775;0.9630502, -0.3829055, 2.641886;0.9606999, -0.7109988, 3.003444;1.095713, -0.715277, 2.611864;0.9182377, -0.7829581, 2.993185;1.06619, -0.7781192, 2.573932;
1.128211, 0.7689017, 3.015728;1.091136, 0.5291151, 2.943791;0.9877626, 0.1796405, 2.861007;0.9543116, 0.4264988, 2.992884;1.13347, 0.463678, 2.814772;0.7267225, 0.01014899, 2.951785;0.8995624, 0.05178326, 2.53608;0.9662499, 0.1109602, 2.847333;0.912347, 0.05854473, 2.868801;0.9901817, 0.06427429, 2.799968;0.8457597, -0.3926447, 2.944201;0.9689339, -0.3804496, 2.645322;0.9652078, -0.7099482, 3.004198;1.095699, -0.7116407, 2.612619;0.9190679, -0.7827938, 2.993311;1.066684, -0.776957, 2.574621;
1.145453, 0.7672384, 3.017047;1.097411, 0.5290198, 2.941791;0.9897448, 0.1849764, 2.858601;0.9564475, 0.4336816, 2.992133;1.137574, 0.4740099, 2.816895;0.7312628, 0.01828708, 2.946911;0.9067739, 0.06923084, 2.540349;0.9678061, 0.11736, 2.844834;0.9134319, 0.06578955, 2.866246;0.9908417, 0.07057574, 2.796917;0.8703066, -0.3818622, 2.946741;0.9838817, -0.3751481, 2.651365;0.9683934, -0.7040071, 3.007573;1.096374, -0.7109516, 2.612349;0.9242439, -0.7784604, 2.995252;1.066764, -0.7772791, 2