0.9538651, 0.8105162, 2.960623;1.031712, 0.6433901, 2.936073;0.9927816, 0.252067, 2.913754;0.9343123, 0.5100483, 3.118002;1.091684, 0.5103467, 2.812908;0.8510466, -0.04451824, 2.981607;1.009863, -0.006958705, 2.670815;0.9849957, 0.1738023, 2.912851;0.9430638, 0.1081629, 2.963399;1.013881, 0.1082972, 2.85175;0.9615262, -0.3616394, 3.020749;1.079902, -0.3381729, 2.720395;0.9525517, -0.7187538, 3.04888;1.104706, -0.7021889, 2.638697;0.8792497, -0.7944206, 3.027202;1.046774, -0.7778243, 2.585176;
0.9538547, 0.8104607, 2.960753;1.032408, 0.6436836, 2.937526;0.992792, 0.2521271, 2.914034;0.9342043, 0.509309, 3.117416;1.091297, 0.5102585, 2.812964;0.8510005, -0.04451831, 2.981502;1.009437, -0.007501685, 2.670905;0.9849709, 0.1738393, 2.913048;0.9430132, 0.1080017, 2.963827;1.013751, 0.1082957, 2.851753;0.9612823, -0.3618234, 3.020799;1.079942, -0.337976, 2.720695;0.9522927, -0.7188222, 3.048806;1.104847, -0.7028602, 2.640168;0.8792804, -0.7945028, 3.027262;1.047668, -0.7776034, 2.585432;
0.9538862, 0.8100139, 2.961542;1.033037, 0.6433495, 2.938473;0.9927414, 0.25259, 2.914249;0.9342268, 0.5090494, 3.1171;1.090596, 0.5093096, 2.813233;0.8459295, -0.07051748, 2.975037;1.005486, -0.01023416, 2.671815;0.9847886, 0.1745394, 2.913203;0.9427751, 0.1083279, 2.964556;1.013268, 0.1084442, 2.851094;0.9613024, -0.3620612, 3.02077;1.079955, -0.3379741, 2.72061;0.9510308, -0.7191014, 3.048405;1.105007, -0.70274, 2.640923;0.8793454, -0.7952, 3.028381;1.047747, -0.7775678, 2.585498;
0.9538559, 0.8100122, 2.961488;1.032173, 0.6425763, 2.938857;0.9921717, 0.2527631, 2.9149;0.9341709, 0.5089777, 3.117035;1.09078, 0.5089983, 2.813145;0.8465311, -0.06919198, 2.976147;1.004626, -0.01121584, 2.671885;0.9842089, 0.1748865, 2.913928;0.9420084, 0.108612, 2.965482;1.012876, 0.1085476, 2.851578;0.9611567, -0.3627088, 3.020659;1.080271, -0.3351684, 2.721132;0.9506491, -0.7201147, 3.048397;1.106179, -0.7002606, 2.642334;0.8793821, -0.7961494, 3.029599;1.047528, -0.7773122, 2.58582;
0.9534353, 0.8094411, 2.961032;1.032163, 0.6425985, 2.938927;0.9921377, 0.252699, 2.914912;0.9340104, 0.5079343, 3.116316;1.090636, 0.5089641, 2.813429;0.8471735, -0.06824373, 2.976174;1.003162, -0.01264315, 2.671394;0.9841568, 0.1747647, 2.913885;0.9419587, 0.1082445, 2.965412;1.012763, 0.108439, 2.851379;0.9611279, -0.3624708, 3.020729;1.080184, -0.3352147, 2.721207;0.9506544, -0.7197809, 3.048474;1.104662, -0.6991253, 2.642678;0.8840914, -0.7926785, 3.032605;1.047699, -0.7773106, 2.585959;
0.9531204, 0.8092601, 2.961162;1.032122, 0.6421919, 2.938903;0.9921182, 0.2526898, 2.914942;0.9336838, 0.5079668, 3.116151;1.090613, 0.5089679, 2.813455;0.8475748, -0.06484016, 2.976101;1.002519, -0.01301108, 2.671494;0.9841337, 0.1747721, 2.913917;0.9418219, 0.108098, 2.965601;1.012699, 0.1083202, 2.851254;0.9610906, -0.3632824, 3.021156;1.079949, -0.3351458, 2.721201;0.9489565, -0.7201577, 3.048054;1.104363, -0.6993839, 2.642507;0.8821256, -0.79541, 3.032872;1.047743, -0.7771634, 2.58612;
0.9531314, 0.8091651, 2.961124;1.032092, 0.6424041, 2.938931;0.9920179, 0.2527932, 2.914913;0.9326788, 0.5051717, 3.116733;1.090303, 0.509126, 2.813757;0.8525325, -0.03930862, 2.980922;1.00252, -0.01300891, 2.671488;0.9840119, 0.1748667, 2.913864;0.9416198, 0.1078693, 2.965626;1.012463, 0.1086251, 2.850976;0.9610307, -0.3641198, 3.021272;1.079896, -0.3350593, 2.721204;0.9480608, -0.7212781, 3.047907;1.104325, -0.6997855, 2.64242;0.8807186, -0.7972772, 3.035318;1.047601, -0.7773264, 2.586321;
0.9530624, 0.8089824, 2.96086;1.032158, 0.6423686, 2.938895;0.9919378, 0.2527503, 2.914861;0.9326966, 0.5051817, 3.116708;1.09018, 0.5089387, 2.813868;0.8486359, -0.05368203, 2.978254;1.000637, -0.01511428, 2.672126;0.9838653, 0.1748097, 2.913787;0.9414538, 0.1079227, 2.965415;1.012231, 0.1086513, 2.850999;0.9609912, -0.3643142, 3.021201;1.079884, -0.3351008, 2.72117;0.9480783, -0.7216291, 3.047662;1.104051, -0.7005109, 2.6424;0.8798033, -0.7976491, 3.034597;1.047819, -0.7775716, 2.586686;
0.952799, 0.8085379, 2.961142;1.032309, 0.6420723, 2.938961;0.9919234, 0.2528046, 2.914794;0.932739, 0.5051037, 3.116584;1.090027, 0.5087631, 2.813843;0.8486536, -0.05418002, 2.97881;1.000079, -0.015532, 2.672311;0.9838163, 0.1749642, 2.913673;0.9414288, 0.1080224, 2.965318;1.012089, 0.1088548, 2.85078;0.960897, -0.3649114, 3.021515;1.079851, -0.3351656, 2.721098;0.9480786, -0.7216461, 3.047657;1.103756, -0.7001806, 2.642104;0.8798115, -0.7976641, 3.034572;1.047972, -0.7775853, 2.586419;
0.9518552, 0.8080992, 2.959907;1.032368, 0.6421551, 2.938829;0.9917066, 0.2534431, 2.915159;0.9328343, 0.5052415, 3.117132;1.090104, 0.5088032, 2.813741;0.84843, -0.05363443, 2.978242;0.9992216, -0.01669363, 2.67239;0.9834796, 0.1758259, 2.914238;0.9409288, 0.1074461, 2.966343;1.011517, 0.1106039, 2.851247;0.9602966, -0.3633545, 3.020933;1.07986, -0.3351846, 2.721075;0.9479309, -0.7212654, 3.047738;1.103693, -0.7000714, 2.641773;0.8799667, -0.7969288, 3.03461;1.047977, -0.7775802, 2.586399;
0.95144, 0.8074192, 2.959609;1.032694, 0.6417236, 2.938981;0.9915145, 0.2536323, 2.915481;0.932735, 0.5051943, 3.117386;1.090016, 0.5086769, 2.813729;0.8508141, -0.03943346, 2.982246;0.9986809, -0.01697108, 2.672336;0.9831338, 0.1761868, 2.914659;0.9401866, 0.1066203, 2.967421;1.011017, 0.1111638, 2.851357;0.9601964, -0.3617754, 3.020286;1.079692, -0.3353732, 2.721022;0.9481789, -0.7207062, 3.047725;1.103536, -0.7003658, 2.642015;0.8808131, -0.7959257, 3.035122;1.048082, -0.7774761, 2.586391;
0.951358, 0.8071914, 2.959018;1.032644, 0.6416346, 2.938856;0.9912764, 0.2536735, 2.915683;0.9326158, 0.5053906, 3.116938;1.089914, 0.5084929, 2.813757;0.8481337, -0.04203019, 2.976121;0.9982682, -0.01738856, 2.672706;0.9828309, 0.1762578, 2.914953;0.9397054, 0.1060018, 2.968004;1.010648, 0.1114875, 2.851655;0.9601367, -0.3605509, 3.019384;1.079636, -0.3358747, 2.720937;0.9484761, -0.7201858, 3.047977;1.103315, -0.7004209, 2.641901;0.8811275, -0.7954877, 3.035125;1.048076, -0.7773014, 2.586457;
0.9511177, 0.8064531, 2.958547;1.032726, 0.6419554, 2.938932;0.9911366, 0.2538315, 2.915884;0.9322271, 0.5055823, 3.117543;1.08987, 0.508277, 2.813688;0.8482041, -0.0429565, 2.976802;0.9978864, -0.01773037, 2.67247;0.982663, 0.1763751, 2.915154;0.9393126, 0.105304, 2.96847;1.010467, 0.1117282, 2.851738;0.9601094, -0.3615605, 3.019474;1.079415, -0.3358159, 2.721048;0.9477382, -0.7203284, 3.04754;1.103353, -0.700936, 2.641319;0.8798335, -0.7976341, 3.035424;1.048053, -0.7773091, 2.586545;
0.9509739, 0.805836, 2.958357;1.033127, 0.6418314, 2.938942;0.9908828, 0.25403, 2.91636;0.9322038, 0.5055869, 3.117736;1.089535, 0.5076368, 2.813677;0.8476126, -0.04375459, 2.975163;0.9972643, -0.01877446, 2.672561;0.9821993, 0.1766771, 2.915804;0.9385139, 0.1047407, 2.969948;1.009893, 0.1119767, 2.851958;0.9599808, -0.3616857, 3.019523;1.07913, -0.3355299, 2.720878;0.9477623, -0.720324, 3.047522;1.103396, -0.7013004, 2.641251;0.880056, -0.7975986, 3.035197;1.048307, -0.7769907, 2.587001;
0.9506361, 0.8044237, 2.956216;1.033083, 0.6418848, 2.938828;0.9904835, 0.2541204, 2.916711;0.9304197, 0.5053158, 3.11617;1.089436, 0.5075712, 2.813532;0.8477117, -0.04392528, 2.975459;0.9863881, -0.04323561, 2.668696;0.9817054, 0.1767499, 2.916286;0.9376667, 0.1043758, 2.970598;1.009585, 0.1121104, 2.852397;0.9600413, -0.3622689, 3.019549;1.078951, -0.3358846, 2.720713;0.947239, -0.7205634, 3.04699;1.103633, -0.7017211, 2.640689;0.8801, -0.7980551, 3.035687;1.04801, -0.7771449, 2.586821;
0.9506106, 0.8043988, 2.956425;1.0331, 0.6419041, 2.938842;0.9904544, 0.2540813, 2.916753;0.9304135, 0.5053353, 3.116219;1.089442, 0.5075741, 2.813528;0.8472207, -0.04433151, 2.975868;0.9966557, -0.01689112, 2.672948;0.9816672, 0.176678, 2.916323;0.9376273, 0.1041242, 2.970458;1.009557, 0.1122052, 2.852529;0.9600171, -0.3627253, 3.019821;1.078861, -0.3352353, 2.720757;0.9468091, -0.720838, 3.046954;1.103419, -0.7008644, 2.641115;0.8796431, -0.7982243, 3.034547;1.047476, -0.7770055, 2.587582;
0.9501277, 0.8042306, 2.956054;1.03305, 0.6416972, 2.939043;0.9902238, 0.2541608, 2.916933;0.9304894, 0.5054175, 3.116429;1.089311, 0.5075461, 2.813565;0.8471578, -0.0443952, 2.975788;0.9848299, -0.04411443, 2.667775;0.9814166, 0.176805, 2.916466;0.9374515, 0.1039214, 2.970588;1.009093, 0.1126494, 2.852552;0.959931, -0.3629954, 3.019847;1.078664, -0.3368384, 2.720612;0.9468248, -0.7204586, 3.046694;1.103103, -0.7016485, 2.64115;0.879663, -0.7982629, 3.03452;1.047546, -0.7769916, 2.587545;
0.9503446, 0.8040535, 2.956797;1.032692, 0.6413218, 2.937845;0.9897655, 0.2542366, 2.917011;0.9304383, 0.5053681, 3.116486;1.089279, 0.5075319, 2.813421;0.8467398, -0.04460546, 2.976757;0.9843491, -0.04501806, 2.668289;0.9808666, 0.1769431, 2.916691;0.9367258, 0.1034191, 2.971143;1.008473, 0.1129055, 2.852735;0.9603411, -0.3726893, 3.021353;1.079094, -0.3383732, 2.720414;0.9381793, -0.7386003, 3.045073;1.103887, -0.7036979, 2.640789;0.8782485, -0.8048498, 3.032149;1.047457, -0.7774641, 2.587722;
0.9502368, 0.8046251, 2.956797;1.032613, 0.6412821, 2.937943;0.9895614, 0.2541139, 2.917164;0.9304481, 0.5053994, 3.116507;1.089322, 0.5075269, 2.8134;0.8466011, -0.04429394, 2.975574;0.9939938, -0.02001664, 2.673142;0.9806707, 0.1768001, 2.916824;0.9365479, 0.1031229, 2.971114;1.008317, 0.1129687, 2.85295;0.9602478, -0.3734214, 3.021768;1.078945, -0.3380947, 2.720364;0.9385765, -0.7403482, 3.044648;1.103505, -0.703616, 2.640669;0.8788399, -0.806537, 3.033112;1.047572, -0.7775127, 2.587856;
0.9501455, 0.804572, 2.956598;1.032624, 0.6413007, 2.93794;0.9895166, 0.2540922, 2.91719;0.9303911, 0.5054244, 3.116131;1.089285, 0.5075524, 2.813417;0.8467133, -0.04468255, 2.975726;0.9828054, -0.04929464, 2.668541;0.9806241, 0.1767633, 2.916842;0.9365064, 0.103022, 2.971087;1.008288, 0.1130834, 2.853015;0.9600471, -0.3733841, 3.021728;1.078945, -0.338164, 2.720307;0.9399133, -0.7333137, 3.043171;1.103489, -0.7035928, 2.640704;0.8793052, -0.8053498, 3.033505;1.047572, -0.7775561, 2.587809;
0.9499224, 0.8051763, 2.957019;1.031901, 0.6411517, 2.937793;0.9892312, 0.254401, 2.917302;0.9300013, 0.505545, 3.115981;1.089104, 0.507419, 2.813454;0.8451266, -0.04529742, 2.973449;0.9827474, -0.04921596, 2.668183;0.9804095, 0.1771648, 2.916985;0.936326, 0.1030429, 2.9714;1.008237, 0.113259, 2.852919;0.9604996, -0.3680495, 3.021399;1.078856, -0.3380654, 2.720232;0.9436073, -0.7272503, 3.045476;1.103043, -0.7037252, 2.640097;0.8808671, -0.8004014, 3.035058;1.047244, -0.7777447, 2.588131;
0.9488308, 0.8040289, 2.956393;1.031539, 0.6413481, 2.937949;0.9889398, 0.2546193, 2.91748;0.9300466, 0.505602, 3.11652;1.088881, 0.5075461, 2.813462;0.8448688, -0.04510897, 2.973718;0.9934435, -0.02070728, 2.673109;0.980177, 0.1773604, 2.917134;0.9362857, 0.1029998, 2.971466;1.007816, 0.1137804, 2.853052;0.9607338, -0.3712801, 3.023621;1.078776, -0.3380171, 2.72025;0.9438018, -0.7293983, 3.046293;1.103033, -0.7037832, 2.64008;0.8799124, -0.8031603, 3.034926;1.04739, -0.7777368, 2.588167;
0.9487743, 0.8025349, 2.957011;1.030932, 0.6406252, 2.936471;0.988598, 0.254518, 2.91724;0.9298661, 0.5048079, 3.115379;1.088691, 0.5063034, 2.812806;0.8456632, -0.04516364, 2.973373;0.9933941, -0.02074687, 2.67311;0.9798953, 0.1773104, 2.916996;0.9359155, 0.1026084, 2.971545;1.007493, 0.1136087, 2.852707;0.960611, -0.3707306, 3.023115;1.078711, -0.3380697, 2.720228;0.9443703, -0.7274484, 3.046439;1.10313, -0.7044513, 2.639457;0.8794049, -0.8029583, 3.035414;1.047706, -0.7779122, 2.588126;
0.947233, 0.8011494, 2.957189;1.030335, 0.6405684, 2.936756;0.9883543, 0.2544954, 2.917325;0.9294889, 0.5044757, 3.114852;1.088575, 0.5063172, 2.812753;0.8464515, -0.04616233, 2.976192;0.9932678, -0.02102093, 2.67301;0.9797315, 0.1772932, 2.917045;0.9358202, 0.1025357, 2.97153;1.007408, 0.1136703, 2.852761;0.9600956, -0.3660973, 3.022038;1.078682, -0.338024, 2.720261;0.9452762, -0.7252224, 3.046616;1.1031, -0.7047786, 2.639379;0.8803231, -0.7998687, 3.035886;1.047791, -0.7779386, 2.588001;
0.9455031, 0.8003495, 2.955206;1.030287, 0.6400282, 2.93657;0.9881806, 0.2543347, 2.917344;0.9294314, 0.5045112, 3.114897;1.088606, 0.5062126, 2.81281;0.8465587, -0.04600975, 2.975893;0.9931083, -0.02097481, 2.672943;0.9795521, 0.1771738, 2.917087;0.935612, 0.1023775, 2.971417;1.007251, 0.1137226, 2.852994;0.9600981, -0.3661206, 3.022045;1.078622, -0.3381275, 2.720312;0.9453262, -0.725131, 3.046517;1.10377, -0.7058026, 2.639888;0.8786427, -0.8003392, 3.034669;1.04786, -0.7779682, 2.588142;
0.9429188, 0.7983961, 2.953532;1.030111, 0.6397855, 2.936933;0.9880992, 0.2542753, 2.91736;0.9292796, 0.5038524, 3.113518;1.088498, 0.5060579, 2.812728;0.8470036, -0.04589855, 2.975136;0.9927178, -0.02183152, 2.672999;0.9794907, 0.1771332, 2.917073;0.9355306, 0.102127, 2.97145;1.007156, 0.1135959, 2.852775;0.9602484, -0.3680435, 3.022445;1.078403, -0.3371865, 2.720474;0.9452131, -0.7260158, 3.046647;1.103693, -0.7050205, 2.639488;0.8770992, -0.8041586, 3.036983;1.047868, -0.7781259, 2.588287;
0.9414685, 0.7977889, 2.95265;1.029482, 0.6367412, 2.934788;0.9881198, 0.2540445, 2.917216;0.9293261, 0.5037287, 3.113699;1.088543, 0.505747, 2.812267;0.8477463, -0.04669063, 2.97816;0.9923428, -0.02215006, 2.672932;0.97953, 0.1770732, 2.917034;0.9356866, 0.1018793, 2.971448;1.007223, 0.1135492, 2.852761;0.9608915, -0.3710291, 3.023002;1.078597, -0.337043, 2.720533;0.9434658, -0.7330884, 3.047901;1.103572, -0.7048527, 2.639727;0.8855503, -0.8057144, 3.031478;1.047914, -0.7779676, 2.588384;
0.9404231, 0.7964082, 2.952232;1.030029, 0.63647, 2.935062;0.9881158, 0.2540487, 2.917192;0.9293205, 0.5033645, 3.114276;1.088598, 0.5056903, 2.812141;0.8436471, -0.05967432, 2.973895;0.9926456, -0.02124131, 2.672904;0.9794947, 0.1771194, 2.91698;0.9355979, 0.1017524, 2.971414;1.007115, 0.1136255, 2.852519;0.960714, -0.3707661, 3.022702;1.07859, -0.3367482, 2.720495;0.9445022, -0.7303917, 3.0476;1.103541, -0.704862, 2.639697;0.8850654, -0.8048715, 3.032537;1.048106, -0.7780397, 2.588194;
0.938821, 0.7927306, 2.949726;1.029039, 0.6354622, 2.938069;0.9876003, 0.2540553, 2.918079;0.9290213, 0.5018894, 3.115506;1.088641, 0.5056649, 2.812038;0.8453652, -0.05050284, 2.971917;0.9926416, -0.02124741, 2.672874;0.9790732, 0.1772852, 2.917648;0.9349835, 0.1016659, 2.972465;1.006988, 0.1135521, 2.852587;0.9603826, -0.3701614, 3.022543;1.078331, -0.3369489, 2.720535;0.9444237, -0.7283397, 3.047219;1.103557, -0.7049096, 2.639623;0.8844786, -0.8042232, 3.032313;1.048401, -0.7782581, 2.588524;
0.9375696, 0.7913028, 2.949904;1.029145, 0.6335739, 2.940573;0.9874648, 0.2538947, 2.91835;0.9296381, 0.5013041, 3.11871;1.088597, 0.5055671, 2.812026;0.8383828, -0.08413741, 2.968835;0.992637, -0.02117741, 2.672853;0.9789759, 0.1772698, 2.917741;0.9349396, 0.1016012, 2.9725;1.006843, 0.113516, 2.85255;0.9602588, -0.3700412, 3.022589;1.078325, -0.336958, 2.720494;0.9449888, -0.7277411, 3.047122;1.103522, -0.7050027, 2.639656;0.8833334, -0.8020875, 3.032232;1.048338, -0.7782006, 2.588454;
0.936834, 0.7897735, 2.949339;1.028697, 0.6314238, 2.941689;0.987335, 0.2536245, 2.918493;0.9291533, 0.5002451, 3.119428;1.088955, 0.5050238, 2.811492;0.8383176, -0.08568265, 2.968063;0.983351, -0.04434248, 2.669417;0.9789187, 0.1772141, 2.917763;0.9348212, 0.1014208, 2.972399;1.006838, 0.1134988, 2.852543;0.9602857, -0.3700085, 3.022553;1.078349, -0.3370194, 2.720351;0.9452258, -0.7273375, 3.046972;1.103204, -0.7051406, 2.639403;0.8831541, -0.8017893, 3.032469;1.047641, -0.7782936, 2.588224;
0.9356447, 0.7876291, 2.946742;1.028791, 0.6312394, 2.9438;0.9872756, 0.2533346, 2.918992;0.9292672, 0.4997571, 3.118988;1.089028, 0.5050264, 2.811494;0.8453829, -0.0636883, 2.975131;0.9924272, -0.02202115, 2.672726;0.9788711, 0.1770434, 2.918;0.9348019, 0.1013012, 2.972441;1.006827, 0.1134005, 2.852622;0.9600997, -0.3697714, 3.0222;1.078198, -0.3366326, 2.720204;0.9453015, -0.7273077, 3.046979;1.103057, -0.7050081, 2.639272;0.8825764, -0.801679, 3.032832;1.047553, -0.7783287, 2.588218;
0.9335108, 0.7869015, 2.9443;1.028534, 0.629628, 2.941411;0.9871661, 0.2532646, 2.918759;0.9297099, 0.5003929, 3.119179;1.08902, 0.5050299, 2.811471;0.8457298, -0.0618726, 2.975798;0.99233, -0.0223035, 2.672633;0.9787877, 0.1770863, 2.917862;0.9347868, 0.1012655, 2.972339;1.006649, 0.1135584, 2.852488;0.9600286, -0.3698005, 3.022207;1.078087, -0.3365627, 2.720096;0.944541, -0.7272605, 3.046653;1.103288, -0.705089, 2.639449;0.8820255, -0.8018916, 3.033596;1.047701, -0.7782933, 2.58796;
0.933498, 0.7845434, 2.939873;1.028766, 0.6289356, 2.940318;0.9869434, 0.2530977, 2.919145;0.9290316, 0.5003703, 3.121284;1.089087, 0.5048003, 2.811305;0.847912, -0.0518057, 2.978174;0.9923437, -0.02235497, 2.672543;0.9783959, 0.1770556, 2.918688;0.9341854, 0.1011646, 2.973433;1.006158, 0.113371, 2.853973;0.959783, -0.369403, 3.022081;1.078165, -0.336642, 2.720221;0.9446257, -0.7262407, 3.046214;1.103639, -0.7048929, 2.639497;0.8823815, -0.8015281, 3.0346;1.047666, -0.7782065, 2.587739;
0.9318576, 0.7832785, 2.939287;1.028117, 0.6287912, 2.940434;0.9864595, 0.2527384, 2.919526;0.9289421, 0.4991966, 3.120344;1.089016, 0.5047993, 2.811208;0.8485461, -0.04858065, 2.979123;0.9923353, -0.02233758, 2.672517;0.9780027, 0.1767827, 2.919053;0.9336934, 0.1010505, 2.974096;1.006056, 0.1131968, 2.85402;0.9600945, -0.3691238, 3.022126;1.078089, -0.3367472, 2.72016;0.9446672, -0.7262822, 3.045877;1.103669, -0.7048331, 2.640147;0.8816712, -0.8015677, 3.034235;1.048193, -0.7783791, 2.588265;
0.9314554, 0.7829374, 2.939321;1.027939, 0.6288286, 2.940845;0.9864387, 0.2527114, 2.919593;0.929029, 0.4993617, 3.120673;1.089207, 0.5043448, 2.810777;0.840107, -0.08940481, 2.970292;0.9923603, -0.02210117, 2.672477;0.9780008, 0.1767808, 2.919067;0.9337121, 0.1010326, 2.974064;1.006063, 0.1131833, 2.854018;0.9601908, -0.3704095, 3.022894;1.078172, -0.3367091, 2.720174;0.9448822, -0.7277642, 3.046112;1.103675, -0.7047849, 2.640315;0.8782689, -0.8044638, 3.03272;1.048155, -0.7783777, 2.588195;
0.9309548, 0.7823709, 2.939573;1.027523, 0.6291573, 2.94101;0.9863474, 0.2527371, 2.919567;0.9282372, 0.4988679, 3.11938;1.088977, 0.504044, 2.810519;0.8385937, -0.09055585, 2.968655;0.9926147, -0.02130761, 2.672359;0.9779423, 0.17681, 2.91902;0.9336699, 0.1009799, 2.973996;1.00603, 0.1131853, 2.853907;0.9598089, -0.3677099, 3.022063;1.078119, -0.336791, 2.72009;0.9449903, -0.724712, 3.046411;1.103458, -0.704855, 2.639967;0.8799255, -0.8007258, 3.033964;1.047445, -0.7783542, 2.588052;
0.9290745, 0.7812373, 2.940472;1.027165, 0.62857, 2.94198;0.9862923, 0.2527172, 2.919618;0.9282233, 0.4987668, 3.118966;1.088934, 0.5043578, 2.810631;0.8387521, -0.09174874, 2.968275;0.992597, -0.02135496, 2.672353;0.9779183, 0.176833, 2.91901;0.9336502, 0.1008735, 2.974036;1.005968, 0.1130656, 2.853583;0.9597352, -0.3679411, 3.022058;1.078071, -0.3383075, 2.720739;0.9440998, -0.7251042, 3.045947;1.103728, -0.705204, 2.640651;0.878389, -0.8012419, 3.033538;1.047427, -0.7783515, 2.58824;
0.9280885, 0.7823887, 2.94043;1.025969, 0.6279837, 2.941674;0.9860863, 0.2528172, 2.919739;0.9279175, 0.5026475, 3.12609;1.088886, 0.5043303, 2.810658;0.8452697, -0.05728576, 2.975394;0.9926534, -0.02125851, 2.672451;0.9777734, 0.177091, 2.919185;0.9336503, 0.1009033, 2.9741;1.00588, 0.1132247, 2.853726;0.9603443, -0.372686, 3.023676;1.078079, -0.3384514, 2.720645;0.9409819, -0.7366518, 3.044463;1.103828, -0.705777, 2.640833;0.8770423, -0.8043649, 3.030421;1.047438, -0.7783432, 2.588242;
0.9268447, 0.7807375, 2.940054;1.026124, 0.6282719, 2.94151;0.9860251, 0.252688, 2.919711;0.927336, 0.499272, 3.123356;1.088611, 0.504136, 2.810595;0.8373437, -0.08846225, 2.964215;0.992647, -0.02123413, 2.672435;0.9776832, 0.1769054, 2.919157;0.9335257, 0.1003835, 2.974131;1.0058, 0.1131148, 2.853648;0.9600836, -0.3727186, 3.023359;1.077667, -0.3410065, 2.720192;0.9415039, -0.7372979, 3.044726;1.103845, -0.7054932, 2.640905;0.8768685, -0.8050962, 3.02998;1.047509, -0.7782204, 2.588055;
0.9255975, 0.7811061, 2.939822;1.025442, 0.6276157, 2.941027;0.9858671, 0.2525192, 2.919317;0.9267179, 0.4993389, 3.123013;1.08851, 0.5043534, 2.81049;0.8408079, -0.09057625, 2.96719;0.9928839, -0.02133738, 2.6718;0.9776137, 0.1768506, 2.918739;0.9334123, 0.1002868, 2.973466;1.005941, 0.1130284, 2.853176;0.9598294, -0.3715658, 3.02312;1.077743, -0.341026, 2.720031;0.9415511, -0.735429, 3.045254;1.103303, -0.7043453, 2.639675;0.8781613, -0.8035356, 3.030977;1.047065, -0.7779726, 2.587992;
0.9255065, 0.7807463, 2.939718;1.025438, 0.6272494, 2.941342;0.9857614, 0.2521619, 2.919419;0.9265049, 0.4988433, 3.121202;1.087809, 0.503743, 2.810169;0.8350849, -0.08892887, 2.961378;0.9753497, -0.06760806, 2.664015;0.9775331, 0.1765945, 2.918775;0.9334261, 0.09999184, 2.973439;1.005816, 0.1127961, 2.853166;0.9596984, -0.3719242, 3.023307;1.077677, -0.3408171, 2.719914;0.941494, -0.735419, 3.04516;1.103692, -0.7045525, 2.640548;0.8782549, -0.8037395, 3.030964;1.047072, -0.7779588, 2.587993;
0.9250118, 0.7805096, 2.940309;1.025364, 0.627192, 2.94132;0.9856675, 0.252238, 2.919459;0.9265682, 0.4986712, 3.121065;1.087745, 0.5038023, 2.810047;0.8348911, -0.0889366, 2.962058;0.9924366, -0.0216609, 2.672121;0.9774355, 0.1767598, 2.918831;0.9333851, 0.1000311, 2.973588;1.005732, 0.1128289, 2.853099;0.9589164, -0.3662751, 3.020853;1.077611, -0.3407679, 2.719834;0.9446126, -0.7268409, 3.04656;1.103602, -0.7043712, 2.6405;0.8803764, -0.7993107, 3.034111;1.046922, -0.7779813, 2.587957;
0.9247612, 0.7805257, 2.940013;1.024788, 0.6264648, 2.940264;0.9854193, 0.2522826, 2.919478;0.9268939, 0.4991269, 3.120462;1.087499, 0.5039124, 2.809674;0.8360769, -0.08993553, 2.963563;0.9923862, -0.02163481, 2.672112;0.9771597, 0.1769486, 2.918978;0.9330054, 0.1002224, 2.974412;1.005543, 0.1129175, 2.853054;0.9589187, -0.3669911, 3.020815;1.077625, -0.3390409, 2.719691;0.9445018, -0.7268639, 3.046878;1.103753, -0.7044315, 2.640558;0.8808979, -0.7984924, 3.034838;1.046959, -0.7779915, 2.587919;
0.9240695, 0.7804527, 2.939383;1.024342, 0.6269864, 2.93997;0.9849648, 0.2524074, 2.919603;0.9270316, 0.4997203, 3.120396;1.087357, 0.503863, 2.809581;0.8435808, -0.0544307, 2.972769;0.9930601, -0.02050431, 2.672247;0.9767238, 0.1770626, 2.919165;0.9326746, 0.1003856, 2.974696;1.005072, 0.112908, 2.853212;0.9587814, -0.3665402, 3.020664;1.077612, -0.3389747, 2.719622;0.9451218, -0.7261717, 3.046738;1.103648, -0.7048837, 2.640498;0.880677, -0.7984048, 3.034109;1.047059, -0.7780951, 2.587899;
0.92374, 0.7805279, 2.939395;1.024261, 0.6269707, 2.94002;0.9849657, 0.2524118, 2.919585;0.9267163, 0.4990233, 3.118821;1.087243, 0.5038335, 2.809584;0.8381814, -0.08271337, 2.966548;0.9790481, -0.05875013, 2.66779;0.9767428, 0.1770828, 2.919144;0.9327478, 0.1003376, 2.974771;1.00515, 0.1128207, 2.853036;0.9588251, -0.3665015, 3.020718;1.077812, -0.3382846, 2.719564;0.9450997, -0.726159, 3.046767;1.103648, -0.7048845, 2.640468;0.8805704, -0.7986074, 3.034128;1.047115, -0.7781359, 2.587828;
0.9212765, 0.7810837, 2.938911;1.023529, 0.6277256, 2.940013;0.9848728, 0.2526934, 2.919558;0.926227, 0.498236, 3.119387;1.086551, 0.5040379, 2.809232;0.837705, -0.08880155, 2.968426;0.9927844, -0.01906165, 2.672078;0.9767372, 0.177367, 2.919105;0.9328523, 0.1002898, 2.974857;1.005115, 0.1129047, 2.852729;0.9589647, -0.3667513, 3.020931;1.077799, -0.338245, 2.719523;0.9450884, -0.7261327, 3.046749;1.103243, -0.704926, 2.639177;0.8798765, -0.7997715, 3.033692;1.047119, -0.7781402, 2.587822;
0.9180787, 0.7779469, 2.935575;1.022436, 0.6264797, 2.940211;0.984579, 0.2524814, 2.919659;0.9250672, 0.4974339, 3.119104;1.085311, 0.5033974, 2.80873;0.8376791, -0.08902036, 2.968087;0.9897881, -0.02983426, 2.671291;0.97659, 0.1772927, 2.919162;0.9327499, 0.1001046, 2.97496;1.005, 0.1127619, 2.852712;0.9588258, -0.3667987, 3.020914;1.078326, -0.3422007, 2.718418;0.9450694, -0.7258179, 3.046503;1.103503, -0.7052178, 2.639423;0.8800172, -0.7997698, 3.033783;1.047176, -0.7781546, 2.58785;
0.9145046, 0.7758418, 2.933464;1.021343, 0.6255043, 2.939461;0.9846111, 0.2519327, 2.919486;0.923919, 0.4975735, 3.114809;1.084264, 0.502952, 2.807409;0.835697, -0.09367776, 2.967263;0.9926407, -0.01883455, 2.672319;0.9767963, 0.1768048, 2.919037;0.9332772, 0.09948302, 2.974863;1.005416, 0.112073, 2.852553;0.9588313, -0.3667949, 3.020886;1.078392, -0.3422052, 2.718433;0.9450212, -0.7256888, 3.046539;1.103493, -0.7052219, 2.639409;0.8797866, -0.7997471, 3.034731;1.047918, -0.7790283, 2.587609;
0.90619, 0.7721339, 2.929479;1.019057, 0.6239964, 2.937529;0.9844462, 0.2518342, 2.919503;0.9228402, 0.4985816, 3.111938;1.083001, 0.5025839, 2.806814;0.8427711, -0.05558747, 2.976124;0.9913567, -0.02206318, 2.671771;0.9767516, 0.1767899, 2.91912;0.9334427, 0.09923691, 2.975317;1.00539, 0.1120063, 2.852654;0.9589286, -0.3668253, 3.021183;1.078196, -0.3402757, 2.718692;0.9453906, -0.7257489, 3.04673;1.10384, -0.7053968, 2.639589;0.8800271, -0.7997376, 3.035263;1.04827, -0.7790551, 2.588053;
0.902859, 0.7671484, 2.927091;1.01796, 0.622506, 2.936661;0.9844763, 0.2516944, 2.919446;0.9216919, 0.4990116, 3.110497;1.080613, 0.5020667, 2.806271;0.8371242, -0.09351961, 2.970176;0.9778365, -0.05950618, 2.6681;0.9768897, 0.1767355, 2.919116;0.9341258, 0.09899861, 2.97556;1.005643, 0.111719, 2.852583;0.9587525, -0.3632604, 3.019991;1.078218, -0.3401344, 2.718841;0.9459652, -0.7214705, 3.046092;1.104198, -0.7053259, 2.640219;0.8818225, -0.7964563, 3.034594;1.048547, -0.7791346, 2.588337;
0.9007168, 0.7650949, 2.92512;1.017025, 0.6226825, 2.936134;0.9842672, 0.2513316, 2.919674;0.9175355, 0.4952924, 3.104814;1.078705, 0.5015927, 2.805165;0.8400888, -0.08348653, 2.976227;0.9860109, -0.03819464, 2.669891;0.9768447, 0.1763015, 2.919555;0.9342938, 0.09841385, 2.976289;1.005748, 0.1108337, 2.853322;0.9587678, -0.3632661, 3.020067;1.078336, -0.3395476, 2.719282;0.9460852, -0.72147, 3.046114;1.103449, -0.7054598, 2.639607;0.8819731, -0.7966192, 3.034558;1.048322, -0.7793536, 2.588097;
0.8953522, 0.7593197, 2.918431;1.013013, 0.6196163, 2.934168;0.9840887, 0.2508017, 2.919698;0.9169236, 0.4950942, 3.104783;1.076634, 0.5015264, 2.804241;0.8400952, -0.07165258, 2.979746;0.9833559, -0.04557677, 2.66911;0.9769512, 0.1760219, 2.919702;0.9349785, 0.09782504, 2.976686;1.006025, 0.1104674, 2.853622;0.9594904, -0.3633825, 3.020166;1.079654, -0.33537, 2.721074;0.9461366, -0.7217565, 3.046163;1.102334, -0.6986307, 2.640008;0.8806081, -0.7977381, 3.033625;1.047453, -0.7784051, 2.587719;
0.8873026, 0.7493283, 2.916771;1.010332, 0.617313, 2.932739;0.9840633, 0.2507288, 2.919923;0.9151541, 0.4934429, 3.103135;1.072611, 0.4995099, 2.801555;0.8405915, -0.06253388, 2.982305;0.9848305, -0.04180363, 2.669436;0.9773381, 0.1762231, 2.920452;0.9370205, 0.09625892, 2.981105;1.006439, 0.1100963, 2.853641;0.9609429, -0.3638256, 3.020631;1.079835, -0.3351046, 2.721225;0.9462277, -0.7213734, 3.046294;1.102286, -0.6985151, 2.639791;0.8806102, -0.7978079, 3.03373;1.047447, -0.7783807, 2.587665;
0.8841091, 0.7517676, 2.912446;1.005656, 0.6152591, 2.930185;0.9840517, 0.250683, 2.919789;0.9132137, 0.4935867, 3.099576;1.070452, 0.4996984, 2.800895;0.8484926, -0.04397304, 2.990194;0.9804434, -0.05710086, 2.667681;0.9776693, 0.1763277, 2.920362;0.9382296, 0.09611697, 2.981127;1.00725, 0.109947, 2.853283;0.9618798, -0.3611515, 3.020361;1.080613, -0.3365487, 2.721075;0.945948, -0.7199695, 3.046357;1.102358, -0.6986853, 2.639781;0.8800364, -0.7967163, 3.034868;1.047439, -0.7783504, 2.587588;
0.8800394, 0.7436588, 2.911597;0.9990905, 0.6086344, 2.928471;0.9840364, 0.2506748, 2.919728;0.9115441, 0.4934621, 3.099987;1.06804, 0.4985513, 2.800173;0.84773, -0.04679769, 2.992899;0.9805318, -0.05781324, 2.665825;0.9781691, 0.1768038, 2.920402;0.9401031, 0.09501162, 2.982674;1.008626, 0.1094331, 2.851913;0.9625359, -0.3614062, 3.021097;1.081093, -0.3378037, 2.720808;0.9464365, -0.7199831, 3.04658;1.1026, -0.6987441, 2.64;0.8795747, -0.7969277, 3.034561;1.047467, -0.7782966, 2.587536;
0.8708886, 0.7354345, 2.910764;0.9923929, 0.603304, 2.929193;0.9836136, 0.2488989, 2.92016;0.9082717, 0.4890042, 3.096451;1.062948, 0.4942415, 2.798331;0.8345448, -0.1076999, 2.979795;0.9785438, -0.06533781, 2.665608;0.9787247, 0.1758291, 2.920937;0.941976, 0.09258905, 2.984796;1.010328, 0.1073238, 2.851452;0.9628233, -0.3613999, 3.021132;1.08172, -0.3402392, 2.721219;0.9461522, -0.7200238, 3.046564;1.103697, -0.7012951, 2.640574;0.8799528, -0.7970992, 3.034624;1.047872, -0.7783949, 2.587843;
0.8595048, 0.7277158, 2.904531;0.9826388, 0.5956022, 2.930307;0.9820789, 0.245591, 2.921273;0.9018946, 0.4847335, 3.094211;1.058867, 0.4908308, 2.797361;0.8315665, -0.1102762, 2.977316;0.9664279, -0.1250756, 2.646953;0.9788074, 0.1738969, 2.922051;0.9426234, 0.08966773, 2.986713;1.011695, 0.1049668, 2.851908;0.9630091, -0.3642, 3.02267;1.082661, -0.3428318, 2.721458;0.9465646, -0.7260668, 3.046636;1.102898, -0.7019653, 2.640253;0.8770823, -0.7993911, 3.032918;1.047663, -0.7786016, 2.587816;
0.8481802, 0.7175688, 2.9021;0.9769291, 0.5920221, 2.929601;0.9817618, 0.2418135, 2.921093;0.8966898, 0.4760223, 3.08983;1.053064, 0.4875659, 2.797234;0.8302926, -0.1156502, 2.976717;0.9960309, -0.01416531, 2.669312;0.9801489, 0.1703732, 2.922194;0.9461356, 0.08435213, 2.987449;1.014549, 0.1012717, 2.851065;0.9630767, -0.3640808, 3.022754;1.082665, -0.3420416, 2.721756;0.9465002, -0.7243588, 3.046451;1.102931, -0.7016838, 2.640455;0.8771971, -0.7992213, 3.032722;1.047431, -0.7786125, 2.58861;
0.8292598, 0.7054377, 2.898548;0.965956, 0.5845448, 2.927137;0.9804703, 0.2396056, 2.921798;0.8929061, 0.4756634, 3.087879;1.049625, 0.4862376, 2.795455;0.8283706, -0.1149037, 2.972701;0.9961224, -0.01458103, 2.668986;0.980168, 0.1690585, 2.923153;0.9467512, 0.08342571, 2.988648;1.015803, 0.0995101, 2.852352;0.9630914, -0.3640825, 3.022695;1.082742, -0.3421472, 2.72167;0.946795, -0.7241865, 3.046939;1.102948, -0.7016637, 2.640449;0.8781788, -0.7991234, 3.033471;1.047527, -0.778574, 2.588624;
0.818314, 0.7007712, 2.883127;0.9603401, 0.5800046, 2.926126;0.9814265, 0.2368813, 2.922053;0.8848251, 0.4802108, 3.082537;1.044749, 0.4845386, 2.794526;0.828415, -0.1152383, 2.972888;0.9818949, -0.06458508, 2.661805;0.9834173, 0.1661921, 2.924031;0.9529958, 0.08033271, 2.990263;1.023204, 0.09545797, 2.853324;0.9629108, -0.363768, 3.022835;1.082619, -0.3422778, 2.721591;0.9467831, -0.7240494, 3.046917;1.103445, -0.7022852, 2.640556;0.8785603, -0.7987435, 3.033339;1.04816, -0.7786885, 2.588552;
0.814153, 0.6878557, 2.869907;0.9464411, 0.5697755, 2.922484;0.9824369, 0.2306884, 2.922118;0.8699483, 0.4588269, 3.076122;1.037213, 0.4769254, 2.790254;0.8262538, -0.1295559, 2.970686;0.9798807, -0.07792183, 2.660618;0.9872934, 0.1603904, 2.924847;0.958477, 0.07397701, 2.992993;1.03242, 0.0891907, 2.853068;0.9627319, -0.3636574, 3.023343;1.082404, -0.3386262, 2.722183;0.9470567, -0.7233596, 3.046532;1.103292, -0.7023454, 2.640807;0.8787191, -0.7983968, 3.033005;1.048243, -0.7786525, 2.588537;
0.8012577, 0.6811014, 2.859256;0.9330862, 0.5567065, 2.909655;0.9846658, 0.223507, 2.920302;0.8642081, 0.4509378, 3.073432;1.031304, 0.4716726, 2.78912;0.8231515, -0.1307527, 2.967953;0.980853, -0.07545276, 2.660492;0.9926427, 0.1540425, 2.92443;0.9663104, 0.06836202, 2.992501;1.040473, 0.08573073, 2.855196;0.9625573, -0.3635989, 3.023651;1.082541, -0.3388798, 2.722098;0.9479734, -0.7232759, 3.046126;1.103274, -0.7028779, 2.640552;0.8787389, -0.798313, 3.033092;1.048468, -0.7787534, 2.588608;
0.7762336, 0.6573755, 2.846108;0.9203107, 0.5449018, 2.904325;0.9880447, 0.2105933, 2.919332;0.8533267, 0.4294854, 3.063336;1.022758, 0.4635897, 2.786092;0.8342806, -0.0859348, 2.970544;0.9830781, -0.08083537, 2.667827;1.00053, 0.1413392, 2.924986;0.976797, 0.0574137, 2.992233;1.051562, 0.07882777, 2.858994;0.9622154, -0.3643646, 3.024303;1.082643, -0.3380988, 2.722192;0.947667, -0.7234691, 3.04587;1.103342, -0.703348, 2.640685;0.8787631, -0.798319, 3.033053;1.048824, -0.7788731, 2.588663;
0.7640817, 0.6322795, 2.837206;0.9041911, 0.5123564, 2.902235;0.989608, 0.1985495, 2.921551;0.8421349, 0.4190473, 3.058121;1.010782, 0.4502426, 2.78312;0.8341917, -0.08796935, 2.96814;0.9548399, -0.1599265, 2.663638;1.004324, 0.1329566, 2.927914;0.9823014, 0.04953892, 2.99582;1.05955, 0.07244234, 2.863679;0.9617797, -0.3631423, 3.025229;1.081291, -0.3459807, 2.720483;0.9491262, -0.7111319, 3.048325;1.10298, -0.7037326, 2.640088;0.8795276, -0.7966363, 3.031922;1.048878, -0.7788458, 2.588485;
0.7563018, 0.6111529, 2.832659;0.8923809, 0.4819099, 2.898383;0.9939795, 0.1663458, 2.91963;0.8306081, 0.3735584, 3.043429;1.002386, 0.4198907, 2.775886;0.8219767, -0.1777403, 2.955985;0.9663571, -0.1214627, 2.666705;1.013601, 0.1033879, 2.927177;0.9958406, 0.0225262, 2.992842;1.072511, 0.04982226, 2.866352;0.960689, -0.3706854, 3.027393;1.080547, -0.3498329, 2.719726;0.9471049, -0.7145457, 3.04744;1.102734, -0.7043442, 2.639891;0.8796248, -0.796764, 3.031774;1.048892, -0.77896, 2.588357;
0.7366409, 0.5787608, 2.820423;0.8850124, 0.467294, 2.891556;0.9938814, 0.1590249, 2.922931;0.8257088, 0.3686994, 3.040613;0.9958004, 0.40505, 2.770283;0.8164772, -0.1907604, 2.957126;0.9516573, -0.205661, 2.65886;1.01484, 0.09605072, 2.932482;0.997671, 0.01176173, 3.008489;1.078937, 0.03927335, 2.871056;0.9592165, -0.3821476, 3.030812;1.084045, -0.3507602, 2.720757;0.9459329, -0.7180365, 3.046362;1.102273, -0.7045677, 2.639687;0.8793296, -0.7969264, 3.031097;1.0489, -0.7789994, 2.588422;
0.7337077, 0.5631952, 2.813837;0.8747301, 0.4383102, 2.881051;1.001966, 0.1212728, 2.923308;0.8161227, 0.3429799, 3.026715;0.9875478, 0.394083, 2.767373;0.8214266, -0.1727546, 2.952885;0.9566807, -0.2000547, 2.648183;1.027955, 0.05687136, 2.935497;1.006731, -0.006521104, 3.001519;1.089828, 0.01738635, 2.882378;0.9559195, -0.3972427, 3.035773;1.083697, -0.3551922, 2.720194;0.943669, -0.7209889, 3.045129;1.100852, -0.7040608, 2.63906;0.8792994, -0.7971553, 3.03117;1.048342, -0.7791883, 2.588004;
0.7201557, 0.5287844, 2.797952;0.8651065, 0.4117426, 2.86951;1.013622, 0.1056746, 2.90823;0.8063006, 0.3236045, 3.009873;0.978176, 0.3667434, 2.76337;0.8149014, -0.2073795, 2.936546;0.9623397, -0.1589253, 2.654958;1.044117, 0.04290627, 2.918412;1.040184, -0.0311618, 2.963696;1.10375, 0.008441979, 2.875045;0.9518062, -0.4063128, 3.041715;1.085104, -0.361114, 2.719031;0.94263, -0.7238787, 3.044721;1.100944, -0.7034989, 2.639224;0.8794567, -0.7971759, 3.031168;1.048495, -0.779056, 2.587647;
0.6930115, 0.4625947, 2.78513;0.8561671, 0.3837463, 2.860966;1.010763, 0.0851146, 2.907557;0.7802563, 0.2759981, 3.003114;0.9698116, 0.3524574, 2.757721;0.8145878, -0.222653, 2.933768;0.9439276, -0.2368931, 2.643754;1.041828, 0.02522978, 2.919573;1.031334, -0.04691296, 2.970012;1.108916, -0.01629048, 2.879465;0.9485608, -0.4227648, 3.046502;1.08438, -0.3797835, 2.711706;0.9403629, -0.7257413, 3.043684;1.100744, -0.7036629, 2.639312;0.8795006, -0.7974156, 3.031291;1.048597, -0.7790051, 2.587461;
0.6768396, 0.4341276, 2.767626;0.8407515, 0.3476946, 2.842156;1.010456, 0.06512578, 2.903466;0.7757577, 0.2471157, 3.002224;0.9596336, 0.3188359, 2.748731;0.8145838, -0.2612422, 2.950012;0.9447845, -0.2397227, 2.637123;1.043374, 0.007483456, 2.917839;1.035801, -0.06654479, 2.977343;1.117745, -0.04271358, 2.874831;0.9424724, -0.4395396, 3.050794;1.084949, -0.4031726, 2.704185;0.9399327, -0.7257273, 3.043572;1.099552, -0.7025179, 2.639296;0.879529, -0.7974323, 3.031235;1.048547, -0.7790084, 2.587395;
0.6604362, 0.3877402, 2.754065;0.8337347, 0.3305328, 2.829456;1.024462, 0.06024534, 2.907773;0.7787866, 0.1823226, 3.00148;0.9587386, 0.3011651, 2.742776;0.809682, -0.2660834, 2.952841;0.9417925, -0.2755497, 2.632338;1.067802, 0.004350492, 2.92844;1.066519, -0.06986059, 2.990065;1.154138, -0.01883726, 2.900321;0.9383226, -0.4352654, 3.047198;1.088814, -0.3702446, 2.721057;0.9374302, -0.7299435, 3.044147;1.099544, -0.7025443, 2.639242;0.8862542, -0.8001999, 3.029964;1.048348, -0.779145, 2.58744;
0.6582621, 0.3607972, 2.747614;0.8297216, 0.2828957, 2.818732;1.041337, 0.01464148, 2.915084;0.7731313, 0.1767589, 2.989808;0.9533529, 0.2663212, 2.736693;0.8015355, -0.317515, 2.966409;0.9310766, -0.3315417, 2.630419;1.083043, -0.037201, 2.937421;1.073035, -0.09704174, 2.985022;1.155886, -0.04630858, 2.914896;0.9169035, -0.4483444, 3.052701;1.086035, -0.3851188, 2.714245;0.9384539, -0.718487, 3.046149;1.099627, -0.7033665, 2.639152;0.887866, -0.7950252, 3.031495;1.048375, -0.7792101, 2.587698;
0.6443899, 0.3130208, 2.730411;0.8221405, 0.2643574, 2.808803;1.041472, 0.004906546, 2.914137;0.7678342, 0.1431562, 2.971387;0.949719, 0.2358279, 2.732392;0.7911279, -0.3566127, 2.963108;0.9387692, -0.3330606, 2.62409;1.084535, -0.0476058, 2.937783;1.076009, -0.1094851, 2.984096;1.156742, -0.06120047, 2.918802;0.9084713, -0.4544928, 3.052936;1.088768, -0.3966613, 2.712847;0.9390075, -0.7202117, 3.045577;1.098483, -0.7066625, 2.636851;0.8856665, -0.7960162, 3.031342;1.047738, -0.7796153, 2.587633;
0.641605, 0.2954335, 2.726314;0.819114, 0.2333961, 2.79945;1.046347, -0.01611786, 2.916289;0.8123306, 0.1092887, 2.924645;0.9463288, 0.2140203, 2.728003;0.786546, -0.3536265, 2.970036;0.9258174, -0.4025, 2.61828;1.091333, -0.06714313, 2.942408;1.084109, -0.1234324, 2.986511;1.156309, -0.07150407, 2.923398;0.9111058, -0.4655052, 3.05355;1.081711, -0.4082745, 2.710469;0.936048, -0.7301784, 3.045495;1.098556, -0.7131046, 2.635459;0.888954, -0.8027853, 3.03056;1.047898, -0.779911, 2.587771;
0.635649, 0.2448727, 2.712639;0.8157779, 0.1997067, 2.784373;1.04423, -0.03967216, 2.911741;0.8006868, 0.1071181, 2.905282;0.9500735, 0.1826293, 2.72957;0.7844055, -0.385029, 2.975426;0.9289762, -0.4047996, 2.608224;1.089776, -0.08753838, 2.940038;1.083741, -0.1357618, 2.983813;1.151536, -0.1008548, 2.924889;0.9079059, -0.4746608, 3.055245;1.076293, -0.4216459, 2.699889;0.914503, -0.7814764, 3.058252;1.097881, -0.7264718, 2.63077;0.8603178, -0.8146287, 2.997765;1.046243, -0.7816861, 2.586289;
0.633199, 0.226303, 2.710053;0.8095425, 0.1684184, 2.782652;1.040753, -0.05694273, 2.911491;0.7844069, 0.07462814, 2.90211;0.9423295, 0.1491458, 2.721599;0.7817981, -0.4366057, 2.980055;0.9278486, -0.4108035, 2.605081;1.086834, -0.1025063, 2.940326;1.08183, -0.1608674, 2.994468;1.152966, -0.1138585, 2.921134;0.9226034, -0.5005251, 3.050634;1.055479, -0.43485, 2.692554;0.9378214, -0.7256691, 3.044813;1.102361, -0.7369219, 2.632429;0.8833709, -0.7981186, 3.030966;1.043982, -0.781463, 2.584587;
0.6240619, 0.1980984, 2.700149;0.8021011, 0.1510194, 2.776711;1.033784, -0.0745521, 2.90696;0.75768, 0.003128516, 2.961079;0.9335524, 0.1302055, 2.720532;0.7756007, -0.530193, 2.971472;0.9303007, -0.4104596, 2.600548;1.080181, -0.1195397, 2.936363;1.073196, -0.1899569, 2.985043;1.151856, -0.1194182, 2.921153;0.9221863, -0.501085, 3.050414;1.054789, -0.4694388, 2.683594;0.9380295, -0.7195461, 3.043633;1.107125, -0.7700676, 2.628971;0.8814801, -0.7973079, 3.031086;1.035499, -0.7819391, 2.579979;
0.6163319, 0.1418225, 2.693439;0.79958, 0.09678426, 2.76735;1.032313, -0.08182874, 2.904197;0.7591057, -0.02322758, 2.961413;0.915969, 0.1252552, 2.72058;0.77586, -0.5534512, 2.973497;0.9154782, -0.4865074, 2.590451;1.079106, -0.1225663, 2.934613;1.073678, -0.1936813, 2.986545;1.152995, -0.1204427, 2.919164;0.9195723, -0.5143965, 3.050736;1.046478, -0.4790576, 2.678397;0.9383171, -0.7184182, 3.042811;1.110473, -0.7767261, 2.629358;0.8797658, -0.7966034, 3.030466;1.036557, -0.7811074, 2.582662;
0.6475121, 0.1046362, 2.702241;0.8309535, 0.05083883, 2.772576;1.03602, -0.09963709, 2.902607;0.7602713, -0.03675031, 2.958712;0.9313549, 0.09832339, 2.715285;0.7743582, -0.5712798, 2.981256;0.9142932, -0.4955423, 2.591828;1.079468, -0.1316672, 2.932941;1.076365, -0.2044273, 2.979387;1.153488, -0.123605, 2.92311;0.9183224, -0.5213349, 3.049696;1.044935, -0.4835741, 2.676655;0.9366188, -0.7302756, 3.041247;1.110223, -0.7799586, 2.629181;0.8784046, -0.7982216, 3.029096;1.03564, -0.7825152, 2.5836;
0.6095031, 0.0802098, 2.679446;0.7856259, 0.02376809, 2.75387;1.021109, -0.1254818, 2.90074;0.7596828, -0.08257307, 2.946158;0.9283536, 0.06934786, 2.709757;0.7731922, -0.5702941, 2.973119;0.9285358, -0.5003616, 2.602822;1.067352, -0.1557083, 2.932883;1.06738, -0.2167795, 2.974971;1.144514, -0.1456895, 2.934839;0.9148253, -0.5259639, 3.045703;1.032893, -0.495165, 2.669811;0.9365237, -0.7302368, 3.041194;1.115006, -0.7866598, 2.629153;0.8776528, -0.7975515, 3.027452;1.03925, -0.7817348, 2.585978;
0.6085051, 0.06692833, 2.680414;0.7861053, 0.01464613, 2.755465;0.99361, -0.2051852, 2.856165;0.751739, -0.1105736, 2.96756;0.9193652, 0.03385976, 2.697676;0.7673256, -0.6069636, 2.979088;0.93056, -0.5115306, 2.59883;1.034984, -0.2467423, 2.87927;1.031519, -0.3009523, 2.920748;1.109918, -0.2643162, 2.868789;0.9083045, -0.5058582, 3.033328;1.030753, -0.50221, 2.667588;0.9365466, -0.73024, 3.041038;1.094386, -0.7208134, 2.63054;0.8772403, -0.7976527, 3.027444;1.044029, -0.7831274, 2.589904;
0.5941416, 0.04468222, 2.670946;0.7734292, -0.006470754, 2.747263;0.990949, -0.211438, 2.855921;0.7553098, -0.1220559, 2.952938;0.9142185, 0.02928812, 2.698284;0.7708538, -0.5769548, 2.982601;0.9304776, -0.524316, 2.591213;1.033204, -0.2527428, 2.879954;1.028809, -0.3075401, 2.917915;1.107201, -0.2670622, 2.872556;0.9086123, -0.6418601, 3.052347;1.024147, -0.5118602, 2.664545;0.9371877, -0.7296311, 3.040641;1.093489, -0.7247663, 2.628983;0.8779556, -0.7973694, 3.02777;1.042597, -0.7842084, 2.590108;
0.5929688, 0.02968614, 2.66533;0.7721551, -0.02230232, 2.741551;0.9906821, -0.2258896, 2.862743;0.8087493, 0.04128866, 2.761774;0.9032969, 0.01396197, 2.695549;0.7663203, -0.5835642, 2.982004;0.9320905, -0.5273103, 2.585923;1.03389, -0.2679351, 2.89067;1.028983, -0.2996221, 2.916426;1.069191, -0.2950138, 2.89729;0.9089955, -0.6417738, 3.052348;1.019482, -0.5172014, 2.661039;0.9372369, -0.7297894, 3.040382;1.095127, -0.7277263, 2.628273;0.8782744, -0.7973953, 3.028233;1.042028, -0.7848368, 2.589772;
0.5866293, 0.01849008, 2.661066;0.7658263, -0.03342438, 2.737432;0.9918254, -0.2247458, 2.867809;0.8102329, 0.03763666, 2.759305;0.9100136, 0.002301322, 2.696382;0.7663085, -0.5870269, 2.983393;0.9322404, -0.5308063, 2.584993;1.037227, -0.2633368, 2.900004;1.037527, -0.2648438, 2.947855;1.075717, -0.290558, 2.897002;0.9066204, -0.5707346, 3.039371;1.015909, -0.5216609, 2.658795;0.9376788, -0.7273113, 3.039852;1.095539, -0.7293639, 2.629221;0.8791634, -0.7960805, 3.029064;1.040155, -0.7862194, 2.586994;
0.5836561, -0.002858385, 2.655385;0.7628326, -0.05477273, 2.73186;0.9968339, -0.2288153, 2.871643;0.8115554, 0.0286321, 2.755355;0.8909267, -0.003939691, 2.69564;0.7662379, -0.5931725, 2.981738;0.9092618, -0.642566, 2.599616;1.043828, -0.2657154, 2.904419;1.042886, -0.2676572, 2.939635;1.077149, -0.2888928, 2.899212;0.9038945, -0.5709375, 3.038615;1.013826, -0.5295639, 2.656956;0.9394029, -0.7247516, 3.038455;1.095075, -0.7315444, 2.628715;0.8774598, -0.7930771, 3.028545;1.039808, -0.7870232, 2.585968;
0.5742983, -0.01518543, 2.647226;0.753468, -0.0671027, 2.723758;0.9738523, -0.2830539, 2.848368;0.8113413, 0.01442853, 2.755766;0.883351, -0.0346675, 2.691798;0.7655217, -0.6271521, 2.984719;0.9103844, -0.6446492, 2.592146;1.019228, -0.3245344, 2.877784;1.027479, -0.3355159, 2.877771;1.051495, -0.3505945, 2.89949;0.8945425, -0.6372547, 3.04956;0.9918907, -0.5183789, 2.646654;0.9391263, -0.7257385, 3.037436;1.094124, -0.7345618, 2.628053;0.876435, -0.7934268, 3.028196;1.038869, -0.7877343, 2.585431;
0.6043773, -0.05998385, 2.667404;0.7835431, -0.1119021, 2.744009;0.9795784, -0.2926655, 2.852413;0.8125285, 0.005241073, 2.754397;0.8838405, -0.04281443, 2.690738;0.763233, -0.6354657, 2.985332;0.9190199, -0.5726455, 2.559765;1.021711, -0.3305516, 2.87951;1.026635, -0.3383532, 2.885077;1.052212, -0.3564724, 2.892277;0.9023089, -0.6479756, 3.053116;0.9889455, -0.5154964, 2.644563;0.9331607, -0.730611, 3.034117;1.094126, -0.7350878, 2.628155;0.8752865, -0.7964799, 3.027915;1.03842, -0.7892929, 2.585974;
0.6036944, -0.06039443, 2.665477;0.7828602, -0.1123127, 2.74215;0.9779146, -0.2931177, 2.851766;0.8144678, 0.001795332, 2.755659;0.8845963, -0.04933321, 2.688505;0.7622135, -0.6492368, 2.984216;0.9201598, -0.5723534, 2.559146;1.018332, -0.3307389, 2.878434;1.025608, -0.3428593, 2.879826;1.049499, -0.3578737, 2.89826;0.9055672, -0.6496386, 3.052583;0.9866739, -0.5148907, 2.642602;0.9323342, -0.734953, 3.034142;1.086588, -0.7331259, 2.629692;0.8747187, -0.799162, 3.028145;1.038226, -0.7901677, 2.586268;
0.5922369, -0.06557816, 2.659107;0.7714027, -0.1174964, 2.735842;0.9728238, -0.2950005, 2.849714;0.816124, -0.002324198, 2.757778;0.9317125, -0.02534924, 2.695456;0.7659686, -0.6328589, 2.960215;0.9216734, -0.571916, 2.559821;1.013358, -0.3318071, 2.876372;1.016763, -0.3503124, 2.873961;1.049978, -0.3578841, 2.899239;0.9079463, -0.6520404, 3.052334;0.9831594, -0.5139648, 2.639188;0.9321109, -0.7378684, 3.03346;1.080166, -0.7316382, 2.630623;0.873772, -0.801325, 3.028307;1.037667, -0.7923858, 2.586348;
0.5894408, -0.06290858, 2.655849;0.7686065, -0.1148268, 2.732642;0.9713377, -0.2976243, 2.849501;0.8165061, -0.006282362, 2.759561;0.9322399, -0.02657556, 2.695374;0.7665393, -0.5724862, 2.951585;0.9190031, -0.5708057, 2.560016;1.011703, -0.3356184, 2.876529;1.011336, -0.355376, 2.876998;1.050926, -0.3600833, 2.898521;0.9062292, -0.6540675, 3.052361;0.9409397, -0.4949819, 2.540383;0.9315588, -0.7394558, 3.033095;1.055336, -0.7678636, 2.551769;0.8736033, -0.803192, 3.029324;1.023654, -0.8114018, 2.61912;
0.5899782, -0.06134811, 2.654909;0.7691439, -0.1132663, 2.73176;0.9729319, -0.3014432, 2.85079;0.8193995, -0.0211108, 2.758322;0.8882306, -0.07353065, 2.682788;0.7611184, -0.6289986, 2.954978;0.9205281, -0.5711058, 2.56038;1.01389, -0.3412549, 2.878639;1.015724, -0.3584367, 2.878521;1.050172, -0.3652188, 2.900566;0.9085947, -0.6619351, 3.052406;0.933871, -0.4881361, 2.540443;0.9319725, -0.7402123, 3.032891;1.046342, -0.7614208, 2.549428;0.8758456, -0.8053733, 3.028798;1.028236, -0.8158, 2.613678;
0.5862657, -0.06363729, 2.65039;0.7654314, -0.1155556, 2.727277;0.9715289, -0.3042601, 2.849756;0.8203397, -0.0258221, 2.757645;0.9320661, -0.04442608, 2.687167;0.7606241, -0.6292319, 2.953807;0.9191309, -0.57157, 2.565358;1.012857, -0.3434061, 2.877969;1.013747, -0.3613464, 2.878079;1.050805, -0.366519, 2.900344;0.9105374, -0.6630716, 3.053064;0.9579594, -0.5507594, 2.623932;0.9320904, -0.7399262, 3.033083;1.072569, -0.7315017, 2.629015;0.8733923, -0.8026096, 3.029173;1.035195, -0.794498, 2.584019;
0.5880718, -0.06652547, 2.648293;0.7672375, -0.1184437, 2.725227;0.9714093, -0.3043465, 2.849647;0.820595, -0.02830849, 2.75707;0.932045, -0.04441597, 2.687081;0.7586979, -0.6308157, 2.952171;0.920332, -0.5706027, 2.562575;1.012506, -0.3432698, 2.877925;1.013409, -0.3616578, 2.877891;1.051898, -0.365799, 2.902261;0.908691, -0.661831, 3.052817;0.9589275, -0.5665396, 2.625169;0.930993, -0.7406445, 3.032453;1.074192, -0.732479, 2.63004;0.8727823, -0.8036435, 3.029316;1.035365, -0.794451, 2.585105;
0.598568, -0.06522027, 2.650808;0.7777338, -0.1171385, 2.727793;0.9754044, -0.3059936, 2.850806;0.8206557, -0.02953885, 2.756797;0.8776671, -0.08006328, 2.684418;0.757858, -0.6413036, 2.951551;0.9383693, -0.6020404, 2.552019;1.015432, -0.3446787, 2.878824;1.019466, -0.3602608, 2.879288;1.051648, -0.3667417, 2.901952;0.9091721, -0.6616672, 3.0525;0.9580203, -0.5588758, 2.622953;0.9313323, -0.7409117, 3.033109;1.076775, -0.7326317, 2.630682;0.8735846, -0.8041633, 3.02991;1.035558, -0.7926578, 2.585473;
0.5927899, -0.0623356, 2.648038;0.7719557, -0.1142538, 2.725077;0.9749967, -0.3065421, 2.85075;0.8208725, -0.03009843, 2.756286;0.8968711, -0.05484931, 2.683017;0.7561933, -0.6433958, 2.948877;0.9388023, -0.6016073, 2.552539;1.015221, -0.3455163, 2.878956;1.018752, -0.3609615, 2.879397;1.051296, -0.3670997, 2.901721;0.9081408, -0.6635287, 3.052828;0.9561455, -0.567168, 2.622944;0.9312333, -0.7432982, 3.033331;1.077101, -0.7329312, 2.630536;0.8724182, -0.8053597, 3.029735;1.036214, -0.7935456, 2.586062;
0.5964996, -0.05997416, 2.648617;0.7756653, -0.1118924, 2.725705;0.9720964, -0.299756, 2.847521;0.8204893, -0.02610631, 2.756962;0.9322041, -0.02972382, 2.694641;0.7527286, -0.619575, 2.937297;0.9384248, -0.6022871, 2.55337;1.010022, -0.3362353, 2.874231;1.016332, -0.3596792, 2.872953;1.052628, -0.3626302, 2.904562;0.9113173, -0.6642698, 3.053225;0.9568858, -0.5644268, 2.625378;0.9312087, -0.7433189, 3.032987;1.076551, -0.7338379, 2.629383;0.872484, -0.8053029, 3.029739;1.034995, -0.7943327, 2.585626;
0.5949633, -0.05898377, 2.648713;0.774129, -0.110902, 2.725876;0.9685769, -0.2962343, 2.845884;0.8195617, -0.02322529, 2.756266;0.8887333, -0.06292016, 2.687607;0.7481447, -0.6752828, 2.947106;0.9280304, -0.601866, 2.561496;1.006833, -0.3327807, 2.872544;1.017867, -0.3574632, 2.8684;1.049173, -0.360857, 2.907466;0.9095764, -0.6616809, 3.052442;0.9724488, -0.5139137, 2.635954;0.9307309, -0.745734, 3.03306;1.077233, -0.7339748, 2.630352;0.8741388, -0.8095269, 3.030837;1.035544, -0.7938302, 2.58612;
0.5946176, -0.059458, 2.648378;0.7737834, -0.1113762, 2.7256;0.9651603, -0.2955655, 2.844535;0.819012, -0.02070794, 2.754463;0.8971888, -0.04057705, 2.689171;0.747449, -0.6744016, 2.93948;0.9098462, -0.669428, 2.564301;1.002714, -0.3318007, 2.871093;1.014442, -0.3580503, 2.865322;1.046124, -0.3595031, 2.90846;0.9011813, -0.6628312, 3.053268;0.958482, -0.5317421, 2.632619;0.9311627, -0.7449869, 3.033661;1.078817, -0.7338891, 2.630929;0.8722714, -0.8061514, 3.026738;1.036998, -0.7940397, 2.587452;
0.5948063, -0.05962101, 2.649061;0.773972, -0.1115392, 2.726344;0.9601264, -0.2945378, 2.844111;0.8197277, -0.01520585, 2.755989;0.9001938, -0.03589981, 2.689744;0.7531632, -0.6177142, 2.925943;0.92178, -0.5082294, 2.5765;0.995795, -0.330489, 2.870265;1.006951, -0.3579518, 2.863225;1.040305, -0.3585194, 2.909313;0.8804778, -0.6628892, 3.055074;0.9525642, -0.5492092, 2.633626;0.9317753, -0.7431362, 3.034175;1.081739, -0.7345625, 2.631006;0.8726885, -0.8043739, 3.027653;1.037839, -0.7930446, 2.587486;
0.5986868, -0.05792416, 2.651505;0.7778525, -0.1098424, 2.728843;0.9687672, -0.296223, 2.845848;0.8196026, -0.01351318, 2.75455;0.8964533, -0.04257847, 2.68834;0.7558131, -0.6082749, 2.925232;0.920914, -0.5072567, 2.574849;1.007474, -0.3337097, 2.872278;1.015414, -0.3529865, 2.868509;1.043944, -0.3599734, 2.903594;0.8984354, -0.6576643, 3.054134;0.967865, -0.520832, 2.640339;0.9322594, -0.7436039, 3.034512;1.083506, -0.7357327, 2.63054;0.8739239, -0.8048496, 3.02609;1.037485, -0.7913408, 2.585653;
0.6094317, -0.05394053, 2.654069;0.7885976, -0.1058588, 2.731451;0.9679652, -0.2949844, 2.846536;0.8187104, -0.0112621, 2.752788;0.9936628, -0.0793151, 2.691156;0.7600964, -0.6042684, 2.925901;0.9096737, -0.5980308, 2.571831;1.004825, -0.3319705, 2.873291;0.9959253, -0.3512954, 2.884613;1.051672, -0.3631058, 2.901362;0.8971705, -0.6552612, 3.054997;0.9112577, -0.4647663, 2.54678;0.9314246, -0.7432952, 3.034228;1.084721, -0.7357453, 2.630569;0.8715419, -0.8052619, 3.026327;1.03801, -0.7913071, 2.584769;
0.6150494, -0.05196184, 2.663178;0.7942151, -0.1038801, 2.740614;0.9769651, -0.2836072, 2.847128;0.8175084, -0.008217758, 2.751338;0.8854019, -0.04550023, 2.686617;0.7632073, -0.6022555, 2.922002;0.8996621, -0.6403005, 2.583048;1.014508, -0.3182229, 2.871539;1.036952, -0.3234418, 2.862653;1.053661, -0.3521112, 2.901571;0.931066, -0.6054257, 3.054517;0.915238, -0.4721715, 2.552669;0.9321576, -0.7418413, 3.033678;1.085832, -0.7358649, 2.630522;0.8698516, -0.8052518, 3.026971;1.038287, -0.7912759, 2.584564;
0.5833663, -0.00598078, 2.631616;0.7625321, -0.05789902, 2.709088;0.9700818, -0.2838186, 2.844666;0.8175424, -0.004843622, 2.750224;0.8861831, -0.04497476, 2.686395;0.7654268, -0.6002789, 2.917883;0.906189, -0.596974, 2.58546;1.008062, -0.3226515, 2.871059;1.010265, -0.3414372, 2.867908;1.043029, -0.3547809, 2.898887;0.8881364, -0.6560143, 3.060631;0.9163729, -0.4735104, 2.545367;0.9318607, -0.7418926, 3.033421;1.086434, -0.7330385, 2.631539;0.8708818, -0.8045285, 3.026596;1.038722, -0.790339, 2.583284;
0.5864204, -0.004219236, 2.639649;0.7655863, -0.05613749, 2.717163;0.9706873, -0.2831083, 2.844853;0.8166897, -0.001438217, 2.749191;0.8891653, -0.01899878, 2.687398;0.7675085, -0.5913102, 2.913676;0.8960879, -0.6363364, 2.579604;1.009195, -0.3228174, 2.871355;1.011034, -0.3378064, 2.87062;1.043327, -0.351915, 2.893616;0.8948455, -0.6189529, 3.057693;0.9162558, -0.4757249, 2.542624;0.9319823, -0.7416701, 3.033436;1.086636, -0.7321464, 2.631104;0.8669313, -0.8060001, 3.025342;1.04044, -0.7900779, 2.582816;
0.5877121, -0.001846093, 2.644873;0.7668779, -0.05376435, 2.722431;0.9683121, -0.2809406, 2.844538;0.8177515, 0.00922786, 2.75009;0.8883952, -0.01565503, 2.688174;0.7701828, -0.5813085, 2.909823;0.9002023, -0.5859453, 2.583976;1.007275, -0.3221704, 2.870892;1.009123, -0.3362679, 2.869684;1.03878, -0.3500445, 2.892181;0.8932037, -0.6211369, 3.057621;0.9193705, -0.4835812, 2.542627;0.931172, -0.7416953, 3.033409;1.089265, -0.7327096, 2.630592;0.8762572, -0.8053702, 3.024166;1.041965, -0.7897815, 2.586164;
0.5917894, 0.001715759, 2.647536;0.7709552, -0.05020247, 2.725151;0.9777296, -0.2611658, 2.856422;0.8191337, 0.01447654, 2.750784;0.8881088, -0.01163329, 2.687581;0.7716343, -0.576211, 2.907531;0.8986955, -0.5916815, 2.598911;1.01839, -0.3018898, 2.885702;1.01793, -0.2979179, 2.901165;1.04541, -0.3224037, 2.892984;0.8975323, -0.6243837, 3.050733;0.9960058, -0.5295806, 2.65915;0.9319053, -0.7413462, 3.033422;1.089475, -0.7315866, 2.6308;0.8749663, -0.8030902, 3.024298;1.042331, -0.7889349, 2.586074;
0.5838588, 0.01211441, 2.646314;0.7630246, -0.03980384, 2.723968;0.9718447, -0.2634709, 2.848942;0.8197546, 0.01880122, 2.751557;0.8958666, -0.009124675, 2.687675;0.7676357, -0.6250868, 2.920458;0.9017246, -0.5838915, 2.603676;1.012086, -0.3079789, 2.875591;1.011318, -0.3063507, 2.898114;1.039819, -0.3449382, 2.856342;0.8990501, -0.6205722, 3.046473;0.9938582, -0.5315223, 2.658648;0.9322498, -0.7406141, 3.033815;1.090023, -0.731628, 2.630573;0.8739723, -0.8011982, 3.026506;1.042213, -0.7883101, 2.58476;
0.623566, 0.031154, 2.672528;0.8027318, -0.02076424, 2.750235;0.9798136, -0.2426682, 2.858451;0.8196526, 0.02477507, 2.752707;0.8990634, -0.007689706, 2.687028;0.7678575, -0.5567139, 2.927001;0.894402, -0.6134403, 2.615169;1.017217, -0.2856547, 2.884551;1.013807, -0.2983056, 2.89665;1.051925, -0.3014055, 2.899628;0.8812523, -0.565025, 3.019252;0.9870427, -0.5248456, 2.660421;0.9332532, -0.7432284, 3.033931;1.090461, -0.7312592, 2.63095;0.8728839, -0.8017233, 3.027938;1.041753, -0.7873059, 2.583181;
0.6338187, 0.0250928, 2.684435;0.8129846, -0.02682544, 2.762189;0.9806057, -0.241992, 2.859336;0.8197708, 0.03732147, 2.755084;0.89539, -0.004331055, 2.686598;0.7682896, -0.5638225, 2.921162;0.896875, -0.5718535, 2.623679;1.017231, -0.2850252, 2.884642;1.014146, -0.294128, 2.896578;1.048822, -0.3025582, 2.895555;0.8918834, -0.6343143, 3.034736;0.9980556, -0.5205338, 2.666404;0.934065, -0.7412039, 3.03369;1.092521, -0.7304034, 2.632087;0.874088, -0.8000478, 3.028611;1.040813, -0.786307, 2.582685;
0.6296881, 0.04069535, 2.679289;0.8088539, -0.01122284, 2.7571;0.9803981, -0.2374139, 2.858929;0.8190464, 0.04074457, 2.755635;0.9053463, 0.03225673, 2.694943;0.7691881, -0.5549994, 2.91468;0.8982842, -0.5943967, 2.634264;1.016572, -0.2816663, 2.883984;1.012046, -0.2898665, 2.895051;1.048181, -0.3008607, 2.89327;0.8908943, -0.559755, 3.029227;1.007593, -0.5187447, 2.670921;0.9363748, -0.7312136, 3.03368;1.092448, -0.730181, 2.63012;0.8747753, -0.7985136, 3.028958;1.040513, -0.7855641, 2.582768;
0.6095979, 0.06657586, 2.663365;0.7887637, 0.01465753, 2.741225;0.9803231, -0.2287815, 2.857188;0.8167656, 0.05174198, 2.758489;0.9061205, 0.03384631, 2.695632;0.7681633, -0.5651075, 2.916355;0.8772324, -0.5776139, 2.646732;1.01752, -0.2753068, 2.883011;1.012301, -0.2835231, 2.895087;1.049601, -0.2965483, 2.889474;0.8935633, -0.6180853, 3.026914;0.9958254, -0.4783743, 2.681224;0.9365473, -0.7308428, 3.034435;1.092886, -0.7299814, 2.630016;0.8798547, -0.7961073, 3.028564;1.040815, -0.7852638, 2.583401;
0.6207911, 0.08440017, 2.678013;0.7999569, 0.03248192, 2.755915;0.980143, -0.2186482, 2.859447;0.8169631, 0.05577657, 2.762621;0.9317111, 0.005733423, 2.678276;0.7695163, -0.5138333, 2.912358;0.8999686, -0.5653388, 2.645734;1.016534, -0.2675486, 2.88399;1.011881, -0.280158, 2.895126;1.050622, -0.2955147, 2.890332;0.890817, -0.5459497, 3.02585;0.9623712, -0.4928875, 2.566994;0.9354842, -0.732722, 3.034115;1.093379, -0.7298923, 2.630223;0.8798499, -0.7971194, 3.027646;1.040919, -0.7852194, 2.583513;
0.6235855, 0.1110186, 2.680931;0.8046571, 0.05028664, 2.760801;0.9792519, -0.1878074, 2.865749;0.8116757, 0.1198235, 2.765113;0.9088234, 0.07431314, 2.697262;0.7682016, -0.4101768, 2.922865;0.9041429, -0.5423359, 2.654005;1.013932, -0.23564, 2.889939;1.009585, -0.2600638, 2.89288;1.045718, -0.2458826, 2.906298;0.8912404, -0.5343131, 3.024855;1.035462, -0.4946192, 2.68383;0.9360558, -0.7310352, 3.034763;1.092977, -0.7279788, 2.628986;0.8802089, -0.7962755, 3.027301;1.040957, -0.7852426, 2.58371;
0.6153995, 0.1335355, 2.676401;0.79207, 0.08636921, 2.756962;0.9746146, -0.1712489, 2.869273;0.8074999, 0.143932, 2.762315;0.8941591, 0.1200979, 2.71457;0.7716296, -0.4226404, 2.899934;0.9128107, -0.5078756, 2.656669;1.010478, -0.2216071, 2.894379;1.004936, -0.2349314, 2.899085;1.041522, -0.2382007, 2.907222;0.8813791, -0.5106597, 3.018096;1.036412, -0.4907672, 2.684361;0.9366052, -0.7300652, 3.034586;1.093553, -0.7250674, 2.629818;0.8801114, -0.7957125, 3.026969;1.041207, -0.7848207, 2.583806;
0.613447, 0.1660524, 2.678989;0.7916032, 0.1118962, 2.760271;0.9752923, -0.1571794, 2.865599;0.8062304, 0.1472447, 2.762382;0.9357663, 0.1364654, 2.731013;0.770178, -0.4574963, 2.908813;0.9146976, -0.4896114, 2.670112;1.011602, -0.2102756, 2.890203;1.004647, -0.2324542, 2.896847;1.04811, -0.22942, 2.902748;0.8893437, -0.5068603, 3.022705;1.046258, -0.5225487, 2.653746;0.9368345, -0.7292258, 3.035094;1.100155, -0.8020536, 2.588967;0.8791631, -0.7957062, 3.027089;1.020108, -0.778438, 2.582279;
0.6127149, 0.1851878, 2.682861;0.7929053, 0.1243736, 2.761281;0.9738131, -0.133329, 2.86876;0.8373467, 0.2517987, 2.790534;0.9282119, 0.1425325, 2.728313;0.7790983, -0.374728, 2.892812;0.914707, -0.4582504, 2.672818;1.009699, -0.1847343, 2.893641;1.013325, -0.1977429, 2.9037;1.041605, -0.216536, 2.903085;0.887007, -0.5161418, 3.044296;1.053286, -0.5142097, 2.661095;0.926817, -0.79682, 3.061059;1.10094, -0.794136, 2.595176;0.8588039, -0.7950559, 3.012326;1.019668, -0.7811776, 2.579988;
0.6280252, 0.1992728, 2.696048;0.8173639, 0.1548494, 2.772621;0.9749166, -0.1201841, 2.872833;0.8556606, 0.2669719, 2.798717;0.9271734, 0.148444, 2.724542;0.7866732, -0.3315902, 2.894634;0.9175583, -0.4353384, 2.672243;1.008436, -0.1735375, 2.896863;1.013952, -0.1908755, 2.901016;1.03366, -0.2024831, 2.915028;0.8920025, -0.5093298, 3.043695;1.073967, -0.4943596, 2.669734;0.9280037, -0.7902454, 3.059177;1.100974, -0.7754176, 2.596436;0.8589734, -0.7976712, 3.012502;1.019946, -0.7883323, 2.580109;
0.6295031, 0.2327611, 2.705634;0.8184675, 0.1773963, 2.778531;0.9741318, -0.09876165, 2.879143;0.860583, 0.2943078, 2.806925;0.9382407, 0.1798769, 2.731786;0.790346, -0.3207134, 2.896197;0.9211431, -0.4093329, 2.672249;1.006065, -0.1543943, 2.902483;1.01118, -0.1717224, 2.906281;1.031612, -0.1909787, 2.917387;0.8976302, -0.4970283, 3.039467;1.079957, -0.4804134, 2.671523;0.9287226, -0.7780348, 3.055564;1.10215, -0.7612645, 2.596918;0.8601995, -0.8022439, 3.014162;1.025355, -0.7908103, 2.581913;
0.6461139, 0.2665211, 2.70815;0.826672, 0.2043135, 2.781265;0.9781445, -0.07166884, 2.886959;0.8692129, 0.3188162, 2.80943;0.9401619, 0.1877841, 2.734999;0.7969553, -0.2874656, 2.895808;0.9240574, -0.3802839, 2.68591;1.008669, -0.1265605, 2.911479;1.01537, -0.1397135, 2.923776;1.032819, -0.1690089, 2.920394;0.8978429, -0.4696741, 3.041111;1.082291, -0.4629425, 2.681433;0.929661, -0.7499428, 3.059519;1.09493, -0.7140366, 2.632604;0.8740978, -0.8000813, 3.022094;1.043334, -0.7840794, 2.585607;
0.6484175, 0.2834118, 2.712097;0.8323298, 0.2210882, 2.78885;0.983503, -0.05502377, 2.89383;0.8753779, 0.33629, 2.817219;0.9445281, 0.1959794, 2.736839;0.798767, -0.276934, 2.901819;0.9192945, -0.3620055, 2.675069;1.013764, -0.1103305, 2.918048;1.021461, -0.1261976, 2.933829;1.038014, -0.1548567, 2.923228;0.9018062, -0.4602652, 3.036231;1.093738, -0.4483484, 2.686158;0.9421102, -0.7128597, 3.041137;1.095523, -0.7129712, 2.633612;0.881521, -0.7939091, 3.026945;1.043437, -0.7838731, 2.58556;
0.6516074, 0.3450379, 2.729162;0.823185, 0.2691893, 2.788393;0.9815501, -0.01036151, 2.9021;0.8663654, 0.3840503, 2.816623;0.9467353, 0.2239884, 2.743237;0.8011129, -0.247396, 2.900529;0.9171722, -0.3129824, 2.669989;1.013157, -0.06585939, 2.928106;1.020098, -0.08149003, 2.956902;1.043635, -0.1205317, 2.925559;0.9144424, -0.4293192, 3.026031;1.095731, -0.4232011, 2.701007;0.9409117, -0.7162677, 3.040603;1.095375, -0.7120144, 2.633849;0.8816564, -0.7939877, 3.026915;1.043828, -0.7835601, 2.58532;
0.6540495, 0.3505392, 2.731955;0.825489, 0.278959, 2.792826;0.992584, 0.01679221, 2.912089;0.8686687, 0.3939632, 2.821083;0.9450284, 0.2389508, 2.743679;0.8035849, -0.2253747, 2.90068;0.9130794, -0.3362024, 2.668915;1.026605, -0.03473062, 2.93937;1.036169, -0.04956974, 2.978392;1.061441, -0.08255771, 2.929676;0.9238673, -0.4163296, 3.028273;1.093854, -0.3964865, 2.718529;0.9401609, -0.7175121, 3.040943;1.095325, -0.7106345, 2.634369;0.883655, -0.7940015, 3.027894;1.044044, -0.7833798, 2.585509;
0.6671193, 0.4132733, 2.740082;0.8266521, 0.3238629, 2.8076;0.9913027, 0.0222637, 2.911679;0.8698017, 0.4389146, 2.835834;0.9446403, 0.2586988, 2.743183;0.8118092, -0.1964635, 2.900503;0.9213302, -0.2863907, 2.673428;1.025322, -0.03250327, 2.938263;1.035948, -0.04915904, 2.976722;1.059265, -0.08256273, 2.928795;0.9272856, -0.4078255, 3.030241;1.095787, -0.395487, 2.717692;0.9395974, -0.7186721, 3.040789;1.095176, -0.7100133, 2.634647;0.8833467, -0.7943757, 3.028208;1.044031, -0.7834538, 2.58566;
0.6678647, 0.4137213, 2.740275;0.827297, 0.3248339, 2.807843;0.9911618, 0.04371445, 2.91205;0.8704451, 0.4398809, 2.836076;0.9450887, 0.269785, 2.745465;0.8026702, -0.1826932, 2.895972;0.9200407, -0.2486091, 2.672434;1.023898, -0.01130217, 2.936843;1.035708, -0.03523434, 2.979115;1.057939, -0.06762499, 2.922757;0.9369237, -0.388581, 3.031046;1.097058, -0.3868851, 2.723241;0.9397572, -0.7182885, 3.04103;1.095462, -0.7093861, 2.634765;0.8874456, -0.7909635, 3.029474;1.044162, -0.7832986, 2.585724;
0.6885148, 0.4261113, 2.754817;0.8297318, 0.3296822, 2.811455;0.9812874, 0.04145777, 2.908643;0.7597765, 0.2530413, 2.976628;0.9458656, 0.2884961, 2.749559;0.7997388, -0.2547687, 2.897836;0.9180643, -0.2419142, 2.673101;1.007253, -0.01732524, 2.929714;0.9791157, -0.06459201, 2.944449;1.056817, -0.06618929, 2.923816;0.9430028, -0.4162063, 3.044023;1.100937, -0.38339, 2.723131;0.9397174, -0.7188828, 3.041471;1.095971, -0.7085379, 2.635528;0.8875349, -0.7907392, 3.02933;1.044354, -0.7829846, 2.585428;
0.6822701, 0.4535397, 2.74959;0.8323447, 0.3479613, 2.819885;0.9827818, 0.05488356, 2.904048;0.7619729, 0.2605666, 2.974528;0.9457447, 0.3292587, 2.754195;0.805701, -0.2338383, 2.900238;0.9139943, -0.2352809, 2.675252;1.011216, -0.002601978, 2.923178;0.9894717, -0.05556767, 2.950117;1.076866, -0.02793063, 2.903409;0.9477639, -0.4084595, 3.041997;1.103906, -0.373927, 2.728245;0.9382852, -0.7202129, 3.041038;1.097541, -0.7077482, 2.637804;0.886809, -0.7922289, 3.030233;1.044982, -0.7826081, 2.585768;
0.6989723, 0.4671748, 2.7667;0.8348741, 0.3641172, 2.832598;0.9920185, 0.1051314, 2.911053;0.76499, 0.300964, 2.975813;0.9467394, 0.3302547, 2.754246;0.8054722, -0.2216802, 2.889078;0.9156104, -0.1800054, 2.679006;1.023168, 0.05155027, 2.928579;1.011214, -0.007741842, 2.976791;1.087954, 0.01833733, 2.901897;0.9526964, -0.3915533, 3.037036;1.106296, -0.370082, 2.72924;0.9370788, -0.7228957, 3.042388;1.098862, -0.7074646, 2.63797;0.8865008, -0.7923473, 3.030103;1.045794, -0.7822585, 2.586233;
0.7032148, 0.4724191, 2.775882;0.8441004, 0.3808816, 2.836288;0.9917256, 0.1046659, 2.910926;0.7669716, 0.3093743, 2.977321;0.9483767, 0.337736, 2.755163;0.8033156, -0.2154744, 2.891989;0.91519, -0.1789602, 2.682602;1.021876, 0.04964019, 2.928383;1.008113, -0.0106657, 2.975944;1.085698, 0.01494407, 2.902105;0.9556439, -0.3917935, 3.037497;1.110067, -0.3684412, 2.730885;0.9358549, -0.7270415, 3.04154;1.098923, -0.7074267, 2.638002;0.8863654, -0.7936523, 3.028924;1.046199, -0.7818962, 2.586279;
0.7050616, 0.482087, 2.784998;0.847999, 0.3906195, 2.838171;0.9872816, 0.1203595, 2.91335;0.7693691, 0.3157173, 2.984269;0.9511734, 0.3483332, 2.755941;0.8007228, -0.2126281, 2.889096;0.9099281, -0.1766481, 2.678884;1.014675, 0.06724352, 2.931463;1.001447, 0.001696662, 2.98918;1.082495, 0.02294732, 2.900023;0.9585793, -0.3920605, 3.037676;1.113611, -0.3652775, 2.7317;0.9357989, -0.7277258, 3.041687;1.099647, -0.7069784, 2.638222;0.8867746, -0.7940431, 3.028006;1.046639, -0.7817928, 2.586049;
0.711032, 0.4946924, 2.792382;0.8522235, 0.4050569, 2.841233;0.9833588, 0.1269735, 2.907187;0.7727108, 0.3312067, 2.989705;0.9580551, 0.3653115, 2.762123;0.7986434, -0.1848043, 2.899643;0.9061348, -0.1795724, 2.67762;1.009042, 0.07291351, 2.922966;0.9970478, 0.003188642, 2.980501;1.072821, 0.02979187, 2.887024;0.9608577, -0.3885738, 3.037528;1.116121, -0.3552336, 2.73459;0.9357145, -0.7248667, 3.042765;1.100205, -0.7066029, 2.63842;0.8869393, -0.7916158, 3.029188;1.046602, -0.7815767, 2.58614;
0.7233289, 0.5099443, 2.802222;0.8548074, 0.4144596, 2.845297;0.9843801, 0.1331755, 2.904216;0.7761482, 0.3357616, 2.994411;0.96008, 0.373048, 2.763619;0.797778, -0.179955, 2.898694;0.9056362, -0.1737164, 2.680157;1.010019, 0.07808089, 2.919113;0.9977279, 0.005206829, 2.977799;1.074883, 0.03727276, 2.879856;0.9632769, -0.3887588, 3.037805;1.118026, -0.3549898, 2.734141;0.9340197, -0.7341242, 3.042701;1.10127, -0.7060546, 2.639334;0.8836794, -0.7990724, 3.027595;1.046806, -0.7813449, 2.58603;
0.7316844, 0.5333248, 2.802874;0.8564826, 0.4226632, 2.847922;0.981899, 0.1368313, 2.906615;0.7868288, 0.337478, 2.989407;0.9620577, 0.3777921, 2.764278;0.7973748, -0.1702274, 2.895029;0.9052267, -0.1684397, 2.683341;1.006958, 0.08078206, 2.921566;0.9947641, 0.007893367, 2.981999;1.071063, 0.03693034, 2.881751;0.9655297, -0.3868623, 3.036795;1.118553, -0.3518574, 2.733445;0.9346322, -0.7327735, 3.042411;1.101968, -0.7044216, 2.640196;0.88364, -0.7978498, 3.030447;1.046561, -0.781188, 2.585718;
0.7352291, 0.5399809, 2.805935;0.8599065, 0.4305056, 2.852263;0.9815626, 0.1464893, 2.897924;0.7935642, 0.3367262, 2.991922;0.9681733, 0.385747, 2.764484;0.7918961, -0.1656895, 2.89342;0.896562, -0.1773262, 2.676375;1.005615, 0.09120102, 2.908634;0.9934301, 0.01205656, 2.971701;1.069273, 0.05144114, 2.856146;0.9677607, -0.3824759, 3.034389;1.118997, -0.3460673, 2.73412;0.9464691, -0.7115346, 3.043802;1.102492, -0.7009514, 2.640181;0.8957855, -0.7840502, 3.032665;1.04695, -0.7799616, 2.585884;
0.7561224, 0.5846062, 2.807912;0.8638561, 0.4403378, 2.856853;0.9799405, 0.1506619, 2.897569;0.8002499, 0.3428543, 2.99441;0.9820849, 0.4022523, 2.762474;0.794707, -0.143273, 2.899007;0.8980521, -0.1613935, 2.6765;1.003463, 0.09424358, 2.908171;0.9898394, 0.01445497, 2.970999;1.068514, 0.05160408, 2.856177;0.9683773, -0.3831292, 3.03467;1.119003, -0.3459979, 2.733521;0.9430149, -0.7216946, 3.040639;1.103337, -0.7022759, 2.640434;0.8892602, -0.787447, 3.027361;1.047093, -0.7799211, 2.585788;
0.7596433, 0.589979, 2.806351;0.8664131, 0.4482224, 2.859272;0.9812846, 0.1557232, 2.895204;0.8075289, 0.3555022, 2.996147;0.982686, 0.4031288, 2.762029;0.7959354, -0.1397036, 2.899928;0.8955178, -0.1601099, 2.674794;1.004474, 0.09819717, 2.90542;0.9920738, 0.01950747, 2.964806;1.068066, 0.05393226, 2.855073;0.9707601, -0.3812524, 3.033953;1.118944, -0.3464803, 2.73267;0.9431728, -0.7222179, 3.040953;1.103758, -0.7022436, 2.640553;0.8886698, -0.7879602, 3.027622;1.047202, -0.7796872, 2.585715;
0.7603127, 0.5901833, 2.807551;0.8701215, 0.4525808, 2.863271;0.9813937, 0.159151, 2.896109;0.8113637, 0.366557, 3.002362;0.9829676, 0.4042835, 2.761708;0.7977071, -0.1358397, 2.900409;0.8940719, -0.158521, 2.674909;1.004049, 0.1012149, 2.905948;0.9918559, 0.02185145, 2.965322;1.066893, 0.05504571, 2.85542;0.9726064, -0.3773471, 3.032542;1.119016, -0.3466321, 2.732265;0.9428759, -0.7198923, 3.041728;1.103923, -0.7019812, 2.640851;0.8882933, -0.787802, 3.028259;1.047993, -0.7794155, 2.586361;
0.7582277, 0.5947205, 2.810886;0.8765748, 0.4706809, 2.866593;0.9785134, 0.169489, 2.901136;0.8133559, 0.375709, 3.007965;0.9862033, 0.4218174, 2.76327;0.798429, -0.1325992, 2.900074;0.8974261, -0.1416719, 2.675782;0.9994503, 0.1103141, 2.91137;0.9852388, 0.03067518, 2.973683;1.061553, 0.05833478, 2.859891;0.9741529, -0.377665, 3.032906;1.119165, -0.3474377, 2.731192;0.9432598, -0.7200882, 3.041829;1.10394, -0.7019686, 2.640983;0.8881401, -0.7880464, 3.02822;1.047914, -0.7794907, 2.586396;
0.7572729, 0.5957447, 2.810022;0.8800266, 0.4815047, 2.866933;0.9782474, 0.17696, 2.902848;0.8153547, 0.3826713, 3.009865;0.9895553, 0.4266485, 2.762635;0.7995721, -0.1304311, 2.897771;0.8966104, -0.136799, 2.674399;0.9984256, 0.1166121, 2.913191;0.9841421, 0.03464267, 2.975724;1.059686, 0.06182078, 2.861748;0.9772019, -0.3858079, 3.035702;1.118709, -0.3466953, 2.730556;0.9442452, -0.7291405, 3.041249;1.104336, -0.7023408, 2.641025;0.8894677, -0.7906079, 3.027064;1.048008, -0.7794878, 2.586463;
0.7652714, 0.603036, 2.81075;0.882097, 0.4841145, 2.869276;0.9797978, 0.1811614, 2.900043;0.8160496, 0.3898782, 3.012884;0.9923033, 0.4276841, 2.763027;0.8012643, -0.1303