0.9809979, 0.8714118, 2.955461;1.05401, 0.6638057, 2.929862;1.010095, 0.2584731, 2.897701;0.959209, 0.512383, 3.09206;1.107071, 0.5245625, 2.803227;0.870032, -0.01339194, 3.039382;1.006362, 0.007385863, 2.618668;1.001312, 0.1774066, 2.894923;0.9613971, 0.1133219, 2.940905;1.027935, 0.1188027, 2.836357;0.9943774, -0.3552737, 3.010947;1.085723, -0.3332376, 2.717155;0.9991922, -0.7037002, 3.027202;1.124706, -0.700286, 2.633709;0.9273975, -0.7921014, 3.005517;1.070731, -0.7733673, 2.57766;
0.984779, 0.8707566, 2.949095;1.054481, 0.6633096, 2.929868;1.010112, 0.2584572, 2.897758;0.9594803, 0.5128527, 3.092112;1.107055, 0.5237055, 2.803425;0.8700369, -0.01356837, 3.039422;1.006277, 0.007321035, 2.618783;1.001313, 0.1774065, 2.894985;0.9613994, 0.1133814, 2.941046;1.027835, 0.118496, 2.836261;0.9928067, -0.3528444, 3.009904;1.085754, -0.3336491, 2.716976;1.000796, -0.7032731, 3.027478;1.123686, -0.6995065, 2.633036;0.9282687, -0.7912859, 3.005807;1.070676, -0.7732785, 2.577693;
0.9850982, 0.871233, 2.948445;1.054778, 0.663713, 2.93029;1.009971, 0.2584726, 2.897853;0.9603708, 0.5150675, 3.094649;1.107005, 0.5235721, 2.803419;0.8695328, -0.01329068, 3.038545;1.006158, 0.007054412, 2.618907;1.00106, 0.1773833, 2.895079;0.9611257, 0.1136508, 2.941148;1.027272, 0.1182576, 2.836398;0.9927989, -0.3529761, 3.009861;1.085504, -0.3340886, 2.716805;1.000598, -0.7031495, 3.027844;1.124121, -0.7006072, 2.633903;0.9282742, -0.7906713, 3.006613;1.070561, -0.7739056, 2.578542;
0.9855153, 0.8713328, 2.94878;1.054774, 0.6636829, 2.930355;1.009876, 0.2583467, 2.898032;0.9606711, 0.5144141, 3.095805;1.106793, 0.5231987, 2.803295;0.8695341, -0.01329077, 3.038568;1.006131, 0.007057746, 2.618838;1.000927, 0.1772285, 2.895301;0.96104, 0.1134835, 2.941491;1.02701, 0.1180182, 2.836582;0.9935362, -0.3567185, 3.010827;1.08524, -0.3343404, 2.716806;0.9960094, -0.7272567, 3.02807;1.123527, -0.6999986, 2.633769;0.9301587, -0.7933329, 3.006962;1.070577, -0.7738793, 2.578638;
0.9856153, 0.8716657, 2.948482;1.054997, 0.6635217, 2.930418;1.009664, 0.2586882, 2.898172;0.9611819, 0.5137686, 3.097718;1.106723, 0.5230502, 2.803282;0.8695141, -0.01329382, 3.03833;1.005069, 0.006635304, 2.618595;1.000529, 0.1778082, 2.895508;0.9606176, 0.1139995, 2.94197;1.026397, 0.1184567, 2.836518;0.9936317, -0.3569137, 3.010915;1.085245, -0.3344331, 2.716685;0.9979235, -0.715619, 3.02847;1.123229, -0.6996869, 2.633615;0.930225, -0.7929999, 3.006797;1.070781, -0.7736551, 2.578653;
0.9858606, 0.8714817, 2.948171;1.05486, 0.6633282, 2.930421;1.00917, 0.258518, 2.898493;0.9615341, 0.5147514, 3.0998;1.106229, 0.5225598, 2.803108;0.8694528, -0.01328451, 3.038353;1.005024, 0.006815759, 2.618226;0.9999299, 0.1776396, 2.89592;0.9601222, 0.1140215, 2.942652;1.025307, 0.1178124, 2.836843;0.9934878, -0.3554513, 3.010457;1.085243, -0.334371, 2.716666;1.002029, -0.7076983, 3.028349;1.123102, -0.6971738, 2.633374;0.929994, -0.7922294, 3.007262;1.0709, -0.7735215, 2.578864;
0.982693, 0.8710335, 2.951072;1.054816, 0.663322, 2.930254;1.00862, 0.2600425, 2.898312;0.9614999, 0.5145898, 3.099708;1.10621, 0.5225623, 2.802979;0.8696308, -0.0132498, 3.038389;1.004698, 0.006862774, 2.618007;0.9992313, 0.1797917, 2.895719;0.9595055, 0.1152215, 2.942957;1.024553, 0.1194008, 2.835899;0.9932339, -0.3563853, 3.010747;1.085355, -0.3359458, 2.715822;1.0002, -0.7103507, 3.027036;1.123611, -0.6966179, 2.634831;0.9294484, -0.792825, 3.007254;1.071687, -0.7732339, 2.579899;
0.9778649, 0.8699895, 2.958169;1.054531, 0.6631968, 2.930195;1.00839, 0.2598218, 2.89832;0.961297, 0.5142416, 3.099655;1.106121, 0.5224062, 2.802872;0.8696229, -0.01329345, 3.03881;1.004322, 0.006958866, 2.617728;0.9990078, 0.1794991, 2.895728;0.9592591, 0.1148859, 2.943028;1.024359, 0.1190869, 2.835842;0.9930928, -0.3590787, 3.011735;1.085044, -0.3356783, 2.715745;0.9952166, -0.7233788, 3.024953;1.124573, -0.69703, 2.635171;0.928523, -0.7954905, 3.00766;1.072036, -0.7727861, 2.580198;
0.975799, 0.8693457, 2.954616;1.054635, 0.6633792, 2.930517;1.008023, 0.2601222, 2.898674;0.9610518, 0.5141407, 3.098808;1.105314, 0.5219702, 2.801795;0.8693516, -0.01337406, 3.038639;1.003797, 0.00680122, 2.617387;0.9985394, 0.1797884, 2.896073;0.9587057, 0.1152802, 2.943601;1.023734, 0.1192681, 2.836002;0.9930796, -0.3590709, 3.011709;1.084768, -0.3355516, 2.715784;0.9952763, -0.7234273, 3.024893;1.123997, -0.696955, 2.635198;0.9282769, -0.7943244, 3.007023;1.072124, -0.7727852, 2.580936;
0.9755372, 0.8693639, 2.954893;1.053906, 0.662858, 2.929631;1.007542, 0.2600969, 2.898682;0.9615391, 0.5147305, 3.100806;1.10294, 0.5213182, 2.80105;0.8688413, -0.01415741, 3.038705;1.003343, 0.006774004, 2.617276;0.9980577, 0.1797924, 2.896188;0.9584896, 0.1149274, 2.943908;1.022441, 0.1200948, 2.836217;0.9931226, -0.3591512, 3.011677;1.084452, -0.3352428, 2.715741;0.9964538, -0.7161254, 3.026283;1.123072, -0.6973628, 2.634362;0.9275839, -0.7945207, 3.009095;1.072047, -0.7729463, 2.580837;
0.9733326, 0.8691449, 2.956683;1.053843, 0.663038, 2.929938;1.006876, 0.2592231, 2.898983;0.9610306, 0.5145664, 3.098996;1.102132, 0.5212055, 2.800906;0.8686798, -0.01426931, 3.038397;1.003263, 0.006764628, 2.61727;0.9971494, 0.1783939, 2.89649;0.9579547, 0.1141425, 2.94347;1.021611, 0.1202827, 2.837406;0.9930057, -0.3611989, 3.011613;1.084316, -0.335108, 2.715779;0.9942316, -0.7248527, 3.023605;1.122574, -0.6974018, 2.633723;0.9273498, -0.7965791, 3.009066;1.071832, -0.7727228, 2.580523;
0.9728066, 0.8692153, 2.955105;1.053756, 0.6632111, 2.930135;1.006539, 0.2589589, 2.899157;0.9583876, 0.5155196, 3.097888;1.101375, 0.5214685, 2.800799;0.8684181, -0.01439079, 3.03818;1.00258, 0.006575512, 2.617054;0.996754, 0.1779922, 2.896662;0.9574223, 0.1138077, 2.943129;1.021321, 0.1205634, 2.83831;0.9929216, -0.3639202, 3.011786;1.084153, -0.3353099, 2.715765;0.9910046, -0.7323751, 3.023333;1.121994, -0.6974408, 2.633678;0.927538, -0.7987046, 3.008275;1.072018, -0.7729871, 2.58095;
0.9682255, 0.8688354, 2.962951;1.053248, 0.6636634, 2.929822;1.00543, 0.2611298, 2.899406;0.9580504, 0.5161408, 3.097675;1.100726, 0.5223011, 2.801041;0.867565, -0.01491447, 3.037909;1.002029, 0.006798238, 2.617296;0.9955708, 0.1807233, 2.8971;0.9563781, 0.1147437, 2.944331;1.020215, 0.1224883, 2.837693;0.9925573, -0.3603381, 3.010991;1.083821, -0.3355072, 2.715726;0.9973358, -0.7197698, 3.02751;1.122199, -0.6978076, 2.633667;0.9265857, -0.7958797, 3.008711;1.072042, -0.7729952, 2.58089;
0.9696416, 0.8691567, 2.961694;1.051981, 0.6629813, 2.929923;1.004102, 0.259568, 2.899512;0.9576434, 0.5156414, 3.09793;1.100418, 0.5221913, 2.800923;0.8670549, -0.01507018, 3.037567;1.001636, 0.006859912, 2.617184;0.9942955, 0.1789289, 2.897182;0.9554149, 0.1139465, 2.943571;1.019315, 0.1219565, 2.838747;0.9930046, -0.3623976, 3.012208;1.083378, -0.3359597, 2.715672;0.9973136, -0.7229337, 3.026842;1.122088, -0.6974048, 2.63365;0.9297687, -0.7974643, 3.008937;1.072175, -0.7729532, 2.580998;
0.9712911, 0.8698713, 2.962216;1.050141, 0.6621652, 2.929313;1.003491, 0.2592455, 2.899532;0.9565811, 0.5161499, 3.098614;1.100167, 0.5221206, 2.800877;0.8669817, -0.01490895, 3.037225;1.000616, 0.006826452, 2.616707;0.9938766, 0.1786767, 2.897252;0.9549257, 0.1139551, 2.943274;1.01897, 0.1220198, 2.83945;0.992755, -0.3621942, 3.011788;1.082853, -0.3371629, 2.715641;0.9966018, -0.7213053, 3.026601;1.12155, -0.6971574, 2.633062;0.9289662, -0.7972776, 3.009625;1.072147, -0.7731068, 2.580944;
0.9717092, 0.8699838, 2.960656;1.049747, 0.6621833, 2.930494;1.00302, 0.2588658, 2.899705;0.9557408, 0.5166402, 3.099066;1.099463, 0.5226172, 2.800919;0.8667989, -0.01481135, 3.036805;0.9994784, 0.006439061, 2.61608;0.9933678, 0.1781862, 2.897287;0.9543198, 0.1138192, 2.942646;1.018548, 0.1219871, 2.839923;0.991939, -0.3572973, 3.010991;1.082537, -0.3369719, 2.715752;1.000964, -0.7105516, 3.028652;1.121534, -0.6971749, 2.632841;0.9276576, -0.7942712, 3.011457;1.072049, -0.7732319, 2.581058;
0.9715891, 0.8705262, 2.959786;1.049767, 0.6629605, 2.93148;1.002792, 0.2587154, 2.89964;0.9528775, 0.5175211, 3.095646;1.098238, 0.5230087, 2.800891;0.8666795, -0.01477103, 3.0363;0.9984174, 0.00619146, 2.615343;0.9930236, 0.1778447, 2.897076;0.9536464, 0.113615, 2.941927;1.018453, 0.1220175, 2.839894;0.9918956, -0.3576865, 3.010905;1.082269, -0.3369246, 2.715782;0.9990538, -0.7084968, 3.029121;1.121544, -0.6972775, 2.632743;0.9282633, -0.7939174, 3.011327;1.071866, -0.7736265, 2.581865;
0.9715536, 0.8706032, 2.959466;1.049768, 0.6629615, 2.931483;1.002422, 0.2583267, 2.89982;0.9527417, 0.517688, 3.095513;1.09763, 0.523235, 2.800479;0.866537, -0.01495462, 3.03622;0.9973202, 0.005444163, 2.616043;0.9925523, 0.1773053, 2.89731;0.9533338, 0.1135001, 2.941892;1.017886, 0.1218525, 2.840675;0.9919506, -0.3607649, 3.012001;1.081766, -0.3370465, 2.715589;0.9953295, -0.7248621, 3.024677;1.121666, -0.6973675, 2.632857;0.9273303, -0.7965626, 3.008946;1.071805, -0.7735893, 2.581817;
0.9658591, 0.8682693, 2.957757;1.049236, 0.6627973, 2.931803;1.001747, 0.2581779, 2.900195;0.9523969, 0.5186113, 3.096008;1.096248, 0.5228575, 2.800248;0.8664514, -0.01491079, 3.036259;0.9970663, 0.005427154, 2.615794;0.9919425, 0.1771816, 2.897651;0.9525944, 0.1125915, 2.942691;1.017003, 0.1218102, 2.840746;0.9924964, -0.362381, 3.012946;1.081719, -0.3370847, 2.715589;0.9946212, -0.7269067, 3.025093;1.121615, -0.6973432, 2.632857;0.9275327, -0.7977417, 3.007798;1.071816, -0.7735471, 2.581859;
0.9641927, 0.8675893, 2.957976;1.049111, 0.6627886, 2.931759;1.00133, 0.259029, 2.900227;0.9510304, 0.5197554, 3.094074;1.094895, 0.522421, 2.799584;0.8663741, -0.0148386, 3.036265;0.9961834, 0.005031493, 2.615831;0.991489, 0.1783909, 2.897693;0.9520707, 0.1128899, 2.943499;1.016488, 0.1222528, 2.839773;0.9921423, -0.3621506, 3.012519;1.081507, -0.3372123, 2.715451;0.9971093, -0.7127859, 3.024569;1.121718, -0.6975329, 2.632816;0.9324123, -0.79563, 2.993694;1.071857, -0.7735296, 2.581787;
0.9630893, 0.8669434, 2.957782;1.048347, 0.6621848, 2.930976;1.000899, 0.2587938, 2.900123;0.9510137, 0.5204195, 3.094716;1.094778, 0.5222806, 2.799351;0.8661667, -0.01508381, 3.036174;0.9958773, 0.004699909, 2.616197;0.9911392, 0.1781974, 2.897662;0.9517739, 0.1127521, 2.943445;1.016144, 0.1220983, 2.839857;0.9923134, -0.3629317, 3.012744;1.081479, -0.3397804, 2.714608;0.9939172, -0.7277935, 3.024671;1.121956, -0.6981076, 2.63279;0.9328378, -0.7970065, 2.995904;1.071781, -0.7736304, 2.581821;
0.9636211, 0.8679773, 2.952782;1.046869, 0.6626406, 2.929817;1.000549, 0.2585222, 2.899901;0.9507048, 0.5208091, 3.094327;1.094714, 0.5221875, 2.799368;0.8660579, -0.01510993, 3.035908;0.995825, 0.004790996, 2.616267;0.9909054, 0.1778312, 2.897513;0.9515643, 0.1126888, 2.942964;1.016092, 0.1220316, 2.840076;0.9927264, -0.363598, 3.013;1.08145, -0.3398546, 2.71462;0.9921883, -0.7286875, 3.024536;1.121597, -0.6973573, 2.63295;0.9318581, -0.7988983, 2.999364;1.07179, -0.7736347, 2.581814;
0.9641687, 0.8676286, 2.949628;1.046163, 0.6620901, 2.929776;0.9998177, 0.2574094, 2.899785;0.9506994, 0.5208042, 3.094347;1.09434, 0.5220171, 2.799166;0.8655218, -0.01521365, 3.036318;0.9945197, 0.004843179, 2.614506;0.9902387, 0.176563, 2.897389;0.9512163, 0.1121573, 2.942414;1.015645, 0.1216531, 2.840531;0.9925883, -0.3639013, 3.013189;1.08075, -0.3376587, 2.715047;0.9924823, -0.7288315, 3.024106;1.121354, -0.6970875, 2.632498;0.9309908, -0.7991606, 3.000154;1.07179, -0.7736364, 2.581828;
0.9638169, 0.8666015, 2.943908;1.045894, 0.661782, 2.929455;0.9994727, 0.2572719, 2.899768;0.9505442, 0.5207198, 3.095102;1.09425, 0.5219258, 2.799115;0.8653993, -0.01517243, 3.036321;0.9937271, 0.00469566, 2.613725;0.989906, 0.1764452, 2.897426;0.9508979, 0.1121002, 2.942308;1.01518, 0.1216618, 2.840886;0.993135, -0.3651358, 3.014076;1.08049, -0.3373379, 2.71518;0.9926089, -0.7324162, 3.024535;1.121068, -0.6969555, 2.632385;0.9315172, -0.7995243, 3.00204;1.071537, -0.7732805, 2.581568;
0.9641579, 0.8667271, 2.943548;1.045205, 0.6616114, 2.92981;0.9987984, 0.2562564, 2.899672;0.9501612, 0.5211035, 3.094871;1.094131, 0.5218796, 2.799089;0.8652591, -0.01513788, 3.036254;0.9933368, 0.004984078, 2.613187;0.9892546, 0.1751406, 2.897211;0.9502861, 0.111442, 2.94141;1.014884, 0.1211091, 2.841261;0.9929894, -0.3616322, 3.012576;1.080276, -0.3368973, 2.715071;0.9954454, -0.7229178, 3.024627;1.121139, -0.6970115, 2.632442;0.9282495, -0.79584, 3.006075;1.071527, -0.7732646, 2.58146;
0.9643355, 0.8670532, 2.94368;1.044656, 0.6615455, 2.929178;0.9986877, 0.2561695, 2.8996;0.9498074, 0.52185, 3.096036;1.093833, 0.5217457, 2.798864;0.865168, -0.01519063, 3.036052;0.9929477, 0.004694782, 2.613254;0.9892018, 0.1750676, 2.897193;0.9502451, 0.1115878, 2.941163;1.014816, 0.1210342, 2.841554;0.9924813, -0.3613694, 3.012342;1.080041, -0.3367481, 2.715084;0.996515, -0.7132792, 3.028058;1.12296, -0.6994935, 2.634014;0.9275419, -0.7955851, 3.007154;1.071608, -0.7733628, 2.581502;
0.9584002, 0.8654703, 2.949454;1.044496, 0.6615887, 2.929257;0.9982656, 0.2557937, 2.899425;0.9496421, 0.5221038, 3.096062;1.092986, 0.5215175, 2.798985;0.8651483, -0.01521628, 3.035991;0.992732, 0.004897046, 2.612478;0.9887348, 0.1745486, 2.896945;0.9498803, 0.111454, 2.94068;1.014407, 0.120748, 2.841591;0.9917212, -0.3598548, 3.011557;1.079949, -0.3366919, 2.715069;0.9979072, -0.7099093, 3.027442;1.123241, -0.6993802, 2.635382;0.9309093, -0.7938055, 2.995808;1.071668, -0.7732574, 2.581556;
0.9589655, 0.8657879, 2.949719;1.043573, 0.6612462, 2.928963;0.9981492, 0.2557635, 2.899416;0.9490307, 0.5220164, 3.095374;1.093006, 0.5217649, 2.799141;0.8649302, -0.01532853, 3.035958;0.9930813, 0.005268559, 2.613925;0.9887026, 0.1745442, 2.896959;0.9497418, 0.1112007, 2.94075;1.014407, 0.1207468, 2.841601;0.9915833, -0.360266, 3.011761;1.079839, -0.3372701, 2.714989;0.9938276, -0.72999, 3.025236;1.120642, -0.6965801, 2.632873;0.9290246, -0.7974758, 3.001648;1.071705, -0.7732256, 2.581617;
0.9568046, 0.8652058, 2.953347;1.043248, 0.6609387, 2.928725;0.9981261, 0.2557515, 2.899407;0.9485285, 0.5222807, 3.09474;1.092802, 0.5217045, 2.798924;0.8649219, -0.01536854, 3.036082;0.9929765, 0.005504631, 2.61354;0.9887017, 0.1745509, 2.896981;0.9497119, 0.1112076, 2.940851;1.014459, 0.120719, 2.841649;0.9918628, -0.3618441, 3.011915;1.080085, -0.3398529, 2.714809;0.9927595, -0.7282802, 3.025474;1.121927, -0.6963664, 2.634155;0.9304228, -0.7979516, 3.006492;1.071742, -0.7732182, 2.581595;
0.9552853, 0.8643643, 2.956636;1.041761, 0.6596854, 2.926309;0.9981614, 0.255356, 2.899228;0.9481968, 0.5220358, 3.094989;1.092116, 0.5213625, 2.798541;0.8644745, -0.01539747, 3.035818;0.9929363, 0.005488753, 2.61357;0.9888832, 0.1742034, 2.896969;0.9500245, 0.1111079, 2.940659;1.014814, 0.1204944, 2.842223;0.9918162, -0.3617716, 3.011926;1.080237, -0.3408956, 2.714285;0.9960316, -0.7177689, 3.026164;1.121268, -0.6964064, 2.63375;0.9299046, -0.7969739, 3.006328;1.071657, -0.7733158, 2.58156;
0.9578781, 0.860649, 2.959247;1.040784, 0.6598092, 2.925624;0.9981728, 0.2553343, 2.899237;0.9474918, 0.5221044, 3.094728;1.091923, 0.52148, 2.798485;0.8634571, -0.01554909, 3.034749;0.992569, 0.00497023, 2.613549;0.9890405, 0.1741386, 2.897094;0.9503082, 0.1108605, 2.940978;1.015239, 0.1202689, 2.842477;0.991495, -0.3613674, 3.011771;1.079882, -0.3396546, 2.71457;0.9964802, -0.7176901, 3.026492;1.121759, -0.6950931, 2.634362;0.9289103, -0.7963085, 3.006732;1.071788, -0.7731554, 2.581807;
0.9568939, 0.8552182, 2.961324;1.038996, 0.6584072, 2.925068;0.9982714, 0.2551674, 2.899417;0.9461208, 0.5226867, 3.095938;1.091106, 0.5211826, 2.798042;0.8633379, -0.01564192, 3.034798;0.9920556, 0.004707664, 2.614339;0.9894893, 0.1740128, 2.897567;0.9509525, 0.1107639, 2.941521;1.016183, 0.1200067, 2.843449;0.9912423, -0.3609833, 3.011764;1.079854, -0.3404925, 2.714355;0.9995685, -0.7132382, 3.028483;1.121727, -0.6951774, 2.634411;0.9275911, -0.7946823, 3.007869;1.071714, -0.773122, 2.581501;
0.958016, 0.8503349, 2.96085;1.033235, 0.6543636, 2.921418;0.9982926, 0.2549578, 2.899405;0.9438807, 0.5214038, 3.097157;1.09025, 0.5202627, 2.796837;0.8615898, -0.01616034, 3.034943;0.9914696, 0.004154721, 2.614384;0.9899065, 0.1738808, 2.897842;0.9516455, 0.1100907, 2.942573;1.017499, 0.11972, 2.843829;0.9909755, -0.3618093, 3.011881;1.079929, -0.3420504, 2.713741;0.9950851, -0.7263844, 3.026694;1.12173, -0.6953779, 2.634411;0.9275112, -0.795953, 3.007772;1.07172, -0.7732012, 2.581388;
0.9485706, 0.8435755, 2.953907;1.031071, 0.6544322, 2.921817;0.9983325, 0.2548214, 2.899804;0.9421172, 0.5208215, 3.099854;1.088335, 0.519189, 2.795801;0.8599603, -0.01744567, 3.035364;0.9902627, 0.003570317, 2.614541;0.9904641, 0.1737958, 2.898629;0.9527938, 0.1098576, 2.94368;1.018296, 0.1194023, 2.844747;0.9904751, -0.3619698, 3.011735;1.07974, -0.3420169, 2.713625;0.9924842, -0.7198309, 3.026541;1.120566, -0.6963011, 2.63276;0.9250491, -0.7939611, 3.007875;1.071473, -0.7736228, 2.581634;
0.9315923, 0.8337208, 2.936624;1.020278, 0.6515642, 2.916286;0.998427, 0.2547554, 2.899876;0.9369506, 0.521153, 3.106108;1.084395, 0.5182128, 2.79549;0.8571168, -0.01837153, 3.035485;0.9846063, 0.006051414, 2.610811;0.9918667, 0.1739555, 2.899511;0.9559129, 0.1096319, 2.945632;1.020939, 0.1192801, 2.846165;0.9891774, -0.3621288, 3.010926;1.078908, -0.3445942, 2.71252;0.991508, -0.7121261, 3.027485;1.120082, -0.6964493, 2.632725;0.9252238, -0.7931201, 3.007901;1.07126, -0.7735276, 2.581328;
0.9276682, 0.8348806, 2.936787;1.011152, 0.6492102, 2.912992;0.9988386, 0.2540644, 2.900265;0.928487, 0.5179147, 3.102744;1.078032, 0.5172414, 2.794797;0.8527792, -0.0203971, 3.034649;0.9823871, 0.006959282, 2.610246;0.9942995, 0.1730803, 2.900988;0.9596354, 0.1078658, 2.948432;1.026153, 0.1182933, 2.848208;0.9874709, -0.3628514, 3.010899;1.078243, -0.348132, 2.711112;0.9917838, -0.7123191, 3.027499;1.120009, -0.6968096, 2.632366;0.925484, -0.7932764, 3.007128;1.071241, -0.7734356, 2.581058;
0.9199873, 0.8300009, 2.94139;1.003949, 0.6464673, 2.909799;0.9992218, 0.2549801, 2.900599;0.9224842, 0.5139198, 3.093718;1.073719, 0.5151083, 2.793257;0.8456924, -0.02405434, 3.032534;0.9736592, -0.005492784, 2.605414;0.996901, 0.1762847, 2.902511;0.9646615, 0.1064931, 2.956177;1.029312, 0.1192767, 2.846462;0.9848403, -0.3675203, 3.012008;1.076833, -0.3515515, 2.70901;0.9879088, -0.7323335, 3.02531;1.119378, -0.6990802, 2.631596;0.9238746, -0.7977554, 3.008364;1.071024, -0.7737083, 2.580808;
0.9044107, 0.8194579, 2.932599;0.9913288, 0.6406044, 2.910732;0.9998363, 0.2551571, 2.901366;0.913781, 0.5026571, 3.073631;1.067313, 0.5122761, 2.791147;0.8439947, -0.02549423, 3.032991;0.9736267, 0.002549924, 2.607209;0.9999385, 0.1773893, 2.904195;0.9710015, 0.1043339, 2.962785;1.035188, 0.1177941, 2.844435;0.9758075, -0.3565454, 3.0088;1.075105, -0.352289, 2.707139;0.9921433, -0.7118624, 3.028929;1.118966, -0.6992804, 2.631295;0.9252086, -0.7935865, 3.010444;1.070655, -0.7739925, 2.580446;
0.89609, 0.8070711, 2.927285;0.9809881, 0.6292332, 2.903946;1.00401, 0.2503479, 2.902677;0.908365, 0.4945891, 3.072066;1.056151, 0.502214, 2.787487;0.8364764, -0.03087238, 3.02979;0.9661056, -0.009125246, 2.60243;1.008677, 0.1721675, 2.906804;0.9856552, 0.09213489, 2.971014;1.048776, 0.1082895, 2.843645;0.9734576, -0.3578135, 3.008976;1.074888, -0.3532025, 2.706587;0.9912862, -0.7119174, 3.028619;1.114482, -0.6986254, 2.629015;0.9250751, -0.7937809, 3.010621;1.070262, -0.774198, 2.580032;
0.8802275, 0.789851, 2.923751;0.9671355, 0.6157079, 2.907431;1.005737, 0.2455511, 2.905697;0.8936299, 0.4741835, 3.074958;1.050593, 0.4962924, 2.785835;0.8279589, -0.04693183, 3.027309;0.9575225, -0.01478206, 2.596932;1.012175, 0.1688108, 2.909716;0.9888948, 0.08739114, 2.974577;1.054317, 0.104232, 2.845032;0.9694282, -0.3597153, 3.010421;1.07422, -0.3561103, 2.703563;0.9920001, -0.7094682, 3.029565;1.112587, -0.6995783, 2.628026;0.9261936, -0.792663, 3.01044;1.069713, -0.7747675, 2.580209;
0.8589709, 0.7745458, 2.920879;0.9543562, 0.606336, 2.901683;1.008896, 0.2369898, 2.905854;0.8854, 0.4623459, 3.070942;1.034305, 0.4803735, 2.778536;0.8165786, -0.06866193, 3.021084;0.9434723, -0.03052489, 2.592426;1.018962, 0.1603709, 2.910507;0.9982139, 0.0780772, 2.975777;1.063, 0.09689019, 2.845337;0.9641742, -0.3599221, 3.009632;1.072963, -0.3585748, 2.701114;0.9910345, -0.7106845, 3.028188;1.111802, -0.7003345, 2.627832;0.925326, -0.7926484, 3.009441;1.068777, -0.7751294, 2.579485;
0.8255433, 0.7351977, 2.909409;0.9319378, 0.5767062, 2.897095;1.014888, 0.2175738, 2.908684;0.8630208, 0.4149751, 3.059721;1.023694, 0.4656376, 2.774857;0.806694, -0.08416933, 3.018373;0.9413056, -0.03740992, 2.590275;1.030159, 0.1429974, 2.914506;1.011085, 0.06298274, 2.978932;1.079846, 0.08220272, 2.851467;0.961954, -0.3638369, 3.009353;1.071816, -0.3614131, 2.698833;0.9902071, -0.7089, 3.028675;1.108944, -0.7014085, 2.624553;0.9252563, -0.7925709, 3.009332;1.067249, -0.7762527, 2.579052;
0.8124036, 0.7115706, 2.901536;0.9207516, 0.5569578, 2.893688;1.011236, 0.1986215, 2.910759;0.8596025, 0.407591, 3.056476;1.012671, 0.4433938, 2.769515;0.7979079, -0.1199035, 3.017604;0.9255797, -0.08478019, 2.582009;1.028785, 0.1270885, 2.917409;1.011869, 0.04853092, 2.981151;1.079297, 0.06732833, 2.856389;0.9602898, -0.3653686, 3.008748;1.071316, -0.3705856, 2.69542;0.9901065, -0.7078843, 3.028489;1.109559, -0.7038183, 2.624177;0.9250811, -0.7923337, 3.009202;1.066818, -0.7766197, 2.579004;
0.8084288, 0.6945276, 2.897414;0.9024389, 0.5265297, 2.88731;1.013478, 0.1695022, 2.911656;0.847041, 0.3813103, 3.051275;1.001339, 0.4149542, 2.768387;0.7907488, -0.1369709, 3.014644;0.921565, -0.09247945, 2.569909;1.035441, 0.09636423, 2.920016;1.024251, 0.0121815, 2.985346;1.089017, 0.04086415, 2.860427;0.9500061, -0.3830091, 3.00862;1.065258, -0.3807115, 2.691985;0.9841044, -0.7323303, 3.026744;1.107742, -0.7026445, 2.623683;0.9271607, -0.7969954, 3.006688;1.066618, -0.7765096, 2.578914;
0.7818151, 0.6469133, 2.888999;0.8920883, 0.4967641, 2.883785;1.012827, 0.1477801, 2.918337;0.8396024, 0.3608087, 3.04634;0.991506, 0.3912625, 2.76861;0.7745268, -0.1614235, 3.01175;0.9225125, -0.08835173, 2.568159;1.036527, 0.07740353, 2.928312;1.026172, 0.0004276251, 2.993313;1.091954, 0.01904473, 2.871934;0.9444748, -0.3928718, 3.008229;1.061585, -0.3855714, 2.691277;0.9848588, -0.711621, 3.032591;1.107453, -0.7030318, 2.622705;0.9261808, -0.7932093, 3.008382;1.066497, -0.7765433, 2.578872;
0.7658817, 0.6240199, 2.881101;0.8784969, 0.4636532, 2.875994;1.016333, 0.1228793, 2.914085;0.8294484, 0.3383734, 3.033498;0.9825837, 0.3722605, 2.766177;0.7639742, -0.1984771, 3.012617;0.9096804, -0.1374024, 2.553491;1.04322, 0.05381926, 2.924942;1.034466, -0.01644344, 2.989366;1.098893, 0.001722927, 2.870919;0.9361079, -0.4042182, 3.009596;1.057879, -0.390999, 2.689368;0.9809164, -0.7147189, 3.029976;1.106846, -0.703301, 2.622437;0.9282818, -0.7946324, 3.012339;1.065781, -0.7768189, 2.578583;
0.7563208, 0.5908492, 2.870703;0.8699237, 0.4330552, 2.872498;1.021462, 0.1000343, 2.914156;0.8183365, 0.2763087, 3.028645;0.9672497, 0.3266476, 2.760325;0.7494805, -0.2226941, 3.013312;0.8883668, -0.206504, 2.53592;1.051181, 0.03260054, 2.925854;1.044515, -0.03927109, 2.989632;1.10911, -0.01360056, 2.873061;0.9172714, -0.4176779, 3.009076;1.049684, -0.3991671, 2.686668;0.9752786, -0.7246041, 3.026145;1.105048, -0.7045847, 2.62101;0.9290403, -0.797911, 3.007508;1.063029, -0.7775119, 2.577173;
0.7440186, 0.5662014, 2.858356;0.8635137, 0.4042545, 2.868454;1.027094, 0.08095189, 2.910496;0.8096548, 0.244798, 3.015136;0.9676731, 0.3053212, 2.7547;0.7399949, -0.2529171, 3.011833;0.8838129, -0.2258032, 2.533334;1.05918, 0.0153837, 2.922348;1.051795, -0.05681848, 2.983696;1.120456, -0.02480374, 2.871896;0.9080276, -0.4277602, 3.009561;1.045032, -0.401215, 2.68437;0.9774651, -0.7118613, 3.027896;1.104007, -0.7056415, 2.620489;0.9218323, -0.7945312, 3.009563;1.062891, -0.7775687, 2.576992;
0.7351769, 0.5007945, 2.848994;0.8518575, 0.3617388, 2.863941;1.029012, 0.05195153, 2.907814;0.807204, 0.2194993, 3.009232;0.9644087, 0.2738415, 2.751656;0.7345228, -0.2677198, 3.010779;0.8797457, -0.2364176, 2.530478;1.063618, -0.01044379, 2.92008;1.056754, -0.07514575, 2.981582;1.128593, -0.05220295, 2.870232;0.8993874, -0.4392982, 3.011054;1.03683, -0.4160264, 2.676709;0.9783415, -0.7104484, 3.028169;1.103307, -0.7115706, 2.6199;0.9221428, -0.7912576, 3.007737;1.062531, -0.7776064, 2.577381;
0.7297432, 0.4866667, 2.843548;0.8472467, 0.3351939, 2.857452;1.030691, 0.03046886, 2.902429;0.8008716, 0.1897859, 3.001218;0.958181, 0.2342296, 2.748047;0.7217107, -0.3177111, 3.009315;0.872869, -0.2887073, 2.527252;1.066922, -0.03065919, 2.91496;1.061804, -0.09870346, 2.974168;1.13128, -0.06300401, 2.867598;0.8798878, -0.4493505, 3.011188;1.033102, -0.4220252, 2.673672;0.98069, -0.7074348, 3.028344;1.103998, -0.715991, 2.619359;0.9188365, -0.7903714, 3.007514;1.061325, -0.7793537, 2.576145;
0.719466, 0.4448506, 2.835952;0.8397565, 0.2891835, 2.846803;1.033416, -0.01098181, 2.914958;0.7936077, 0.1398958, 2.999408;0.9564239, 0.2116867, 2.747166;0.7168988, -0.3330318, 3.010596;0.8738846, -0.2908405, 2.529045;1.072184, -0.07254517, 2.932513;1.070037, -0.1357152, 2.993814;1.140311, -0.1131938, 2.891712;0.8601804, -0.4717097, 3.010622;1.03246, -0.4340538, 2.668966;0.9448037, -0.7576598, 3.033411;1.102273, -0.7275777, 2.617096;0.8985825, -0.815312, 2.986141;1.055737, -0.7865998, 2.571871;
0.7135109, 0.4134512, 2.829869;0.8333652, 0.2537259, 2.845165;1.002592, -0.06197849, 2.905408;0.7886295, 0.1234091, 2.998486;0.9550789, 0.1810457, 2.745645;0.6972581, -0.3801366, 3.010653;0.875545, -0.2932434, 2.529398;1.036664, -0.1238606, 2.921069;1.031462, -0.1879719, 2.973051;1.100652, -0.1665159, 2.886805;0.8846356, -0.4378614, 3.007411;1.021932, -0.4846849, 2.649948;0.975086, -0.7030179, 3.026659;1.118379, -0.7701153, 2.618363;0.9158307, -0.7920013, 3.005394;1.047332, -0.7806103, 2.568125;
0.7054703, 0.3715971, 2.821657;0.8326864, 0.2309262, 2.835519;1.000339, -0.08158673, 2.900308;0.7825549, 0.102653, 2.993375;0.9502807, 0.1486826, 2.742407;0.6940365, -0.392621, 3.010212;0.8474013, -0.3989219, 2.521982;1.033876, -0.1445194, 2.916563;1.028606, -0.2056347, 2.967671;1.096059, -0.1886344, 2.884325;0.8812964, -0.4554422, 3.011968;1.019323, -0.5007328, 2.64085;0.9640483, -0.7205497, 3.019613;1.114667, -0.7852499, 2.608234;0.9035177, -0.8001226, 3.005656;1.038497, -0.7769951, 2.565943;
0.7003994, 0.3434509, 2.817575;0.8265362, 0.1948254, 2.830753;0.9965849, -0.09943315, 2.893793;0.7920846, 0.04581233, 2.981034;0.9470707, 0.1211497, 2.740007;0.6816652, -0.4456526, 3.013883;0.8490052, -0.4123564, 2.518377;1.030561, -0.1591087, 2.910169;1.032269, -0.2319935, 2.962144;1.090806, -0.2037111, 2.875742;0.8789064, -0.4606231, 3.010854;1.014603, -0.5144224, 2.632899;0.9659699, -0.7231444, 3.019701;1.113494, -0.7965504, 2.600821;0.9041544, -0.8003553, 3.005606;1.036101, -0.7723936, 2.56826;
0.6964903, 0.3166487, 2.812557;0.822725, 0.1773541, 2.823789;0.9941434, -0.1098818, 2.889863;0.7848626, 0.03139055, 2.979739;0.9408171, 0.1000761, 2.736408;0.6811522, -0.4658824, 3.015019;0.8534194, -0.4159554, 2.51612;1.02844, -0.1677279, 2.906741;1.032486, -0.2404001, 2.962289;1.089702, -0.2118631, 2.871222;0.8772454, -0.4660248, 3.011587;1.01746, -0.5014222, 2.650486;0.9684274, -0.7264776, 3.020305;1.097195, -0.7147177, 2.617599;0.9042772, -0.8011693, 3.005859;1.058605, -0.7815648, 2.576969;
0.6927466, 0.286275, 2.810381;0.8189405, 0.1444284, 2.81728;0.9893717, -0.1484947, 2.883976;0.778262, 0.005625355, 2.98171;0.9340872, 0.06930432, 2.732614;0.6759834, -0.4896899, 3.008139;0.8554534, -0.4468474, 2.517624;1.023487, -0.2068544, 2.900931;1.028362, -0.2750414, 2.955555;1.083713, -0.2424007, 2.868639;0.8738133, -0.5168808, 3.023789;1.002384, -0.5115092, 2.642499;0.9632633, -0.7276147, 3.017613;1.098386, -0.7192414, 2.618679;0.9038532, -0.7992548, 3.006403;1.057515, -0.7830082, 2.57578;
0.6830713, 0.253639, 2.805306;0.8160455, 0.1201236, 2.809942;0.9891487, -0.1574232, 2.881569;0.7826649, -0.04332956, 2.979207;0.9391983, 0.05140149, 2.732974;0.671783, -0.5156535, 3.008631;0.8494982, -0.4739312, 2.511109;1.023547, -0.2138008, 2.899118;1.029157, -0.2892212, 2.956829;1.086103, -0.2523387, 2.864687;0.8878205, -0.5389983, 3.024341;0.9994938, -0.5115783, 2.642224;0.9599521, -0.7303475, 3.016867;1.098848, -0.724546, 2.617154;0.9032237, -0.7996233, 3.007764;1.055355, -0.7853582, 2.573037;
0.6827191, 0.2379902, 2.803192;0.8094934, 0.09658508, 2.808073;0.9911503, -0.1883472, 2.878708;0.7826065, -0.05569493, 2.97503;0.9353626, 0.02562682, 2.731205;0.6644465, -0.560873, 3.00376;0.8596621, -0.4783362, 2.512266;1.027651, -0.2453038, 2.896304;1.033495, -0.320128, 2.961916;1.094716, -0.2848104, 2.854464;0.9163415, -0.6350827, 3.042177;0.9883887, -0.5078219, 2.637404;0.9548413, -0.7342243, 3.013707;1.098131, -0.7264506, 2.616459;0.8998808, -0.8007799, 3.006941;1.054475, -0.7867982, 2.572318;
0.6773692, 0.1889581, 2.788512;0.8061225, 0.06817609, 2.810931;0.9896398, -0.192227, 2.877826;0.7694883, -0.08196764, 2.981701;0.9260917, 0.001080032, 2.728446;0.6558219, -0.5660937, 3.005965;0.8719469, -0.4916819, 2.51148;1.026459, -0.2471541, 2.895321;1.033339, -0.3224402, 2.9606;1.09378, -0.285394, 2.853872;0.9166962, -0.6307124, 3.041915;0.9798682, -0.5083496, 2.637908;0.952805, -0.7343641, 3.012471;1.097596, -0.726548, 2.61739;0.8964213, -0.8013564, 3.005238;1.05533, -0.7866454, 2.571953;
0.6762374, 0.1836274, 2.7897;0.8033223, 0.04725393, 2.810326;0.9814583, -0.2231548, 2.877818;0.765972, -0.09356669, 2.983683;0.9237297, -0.01106309, 2.728931;0.6663635, -0.5778473, 3.013076;0.8731043, -0.4960847, 2.510845;1.017499, -0.2759987, 2.894972;1.032167, -0.3614178, 2.961587;1.081739, -0.317813, 2.854816;0.9183941, -0.6303464, 3.040276;1.019963, -0.5789366, 2.645321;0.9467146, -0.7226597, 3.014359;1.096142, -0.7264544, 2.61815;0.8957626, -0.8017903, 3.003888;1.056287, -0.7881111, 2.572894;
0.6738271, 0.1667479, 2.78895;0.8011574, 0.0302419, 2.811159;0.9781355, -0.2336731, 2.879031;0.7643378, -0.09684746, 2.981441;0.9236933, -0.02767136, 2.729742;0.664556, -0.5992975, 3.014715;0.8578054, -0.5580136, 2.498709;1.013623, -0.2865832, 2.896239;1.029815, -0.3675822, 2.963556;1.078199, -0.3298884, 2.855536;0.9172968, -0.6337579, 3.039679;0.953952, -0.5015575, 2.643626;0.9417326, -0.7256765, 3.011886;1.096274, -0.7262946, 2.619824;0.8951101, -0.8011392, 3.003283;1.057591, -0.7885176, 2.574569;
0.6731463, 0.1640767, 2.789121;0.7999134, 0.02301387, 2.807796;0.9794282, -0.2389143, 2.877836;0.7581571, -0.1544821, 2.992624;0.9262186, -0.0389289, 2.731213;0.6664891, -0.6041605, 3.015569;0.87483, -0.5064462, 2.5099;1.015316, -0.2915347, 2.89533;1.031138, -0.3758255, 2.960247;1.07979, -0.3304259, 2.856258;0.9177684, -0.6336113, 3.039405;0.9540874, -0.5016958, 2.643494;0.9464645, -0.7057751, 3.015597;1.097377, -0.7270267, 2.620772;0.884985, -0.8016557, 3.002861;1.057862, -0.7893247, 2.576443;
0.6682829, 0.1476756, 2.790005;0.7991472, 0.003832214, 2.80793;0.9854878, -0.2431906, 2.877069;0.7699078, -0.1676991, 2.984223;0.9241045, -0.05237518, 2.730854;0.6639152, -0.6151506, 3.01582;0.8613448, -0.5750809, 2.493189;1.023115, -0.2943413, 2.894361;1.045707, -0.3812796, 2.96212;1.090646, -0.3265908, 2.853069;0.9179624, -0.6320335, 3.039226;0.8465442, -0.4832142, 2.584528;0.9469579, -0.7064353, 3.015654;1.096774, -0.7264171, 2.620555;0.8858103, -0.802171, 3.002051;1.058529, -0.7897745, 2.576715;
0.6667054, 0.136976, 2.78666;0.7988411, -0.001391151, 2.807204;0.996316, -0.25395, 2.87612;0.771326, -0.170598, 2.981907;0.9230498, -0.05921662, 2.729149;0.6666296, -0.6111844, 3.015729;0.8589119, -0.5791897, 2.489069;1.03699, -0.305275, 2.893394;1.054809, -0.3882293, 2.957184;1.098176, -0.3271949, 2.854483;0.6944423, -0.4962048, 3.026952;0.8497766, -0.4815387, 2.589158;0.835606, -0.7513575, 3.046839;1.097053, -0.7249829, 2.621295;0.8845922, -0.8045962, 3.000346;1.059837, -0.7894719, 2.578263;
0.6651677, 0.1334147, 2.785574;0.7983059, -0.005632102, 2.806511;1.000477, -0.2582808, 2.877857;0.7710693, -0.1704574, 2.979362;0.9214801, -0.06345721, 2.728718;0.664286, -0.615128, 3.016556;0.8595229, -0.578538, 2.48875;1.041888, -0.309316, 2.895726;1.057616, -0.3900334, 2.958858;1.106479, -0.3303883, 2.857796;0.6782523, -0.4301322, 2.99932;0.8532852, -0.4781509, 2.593469;0.9503408, -0.71119, 3.016566;1.097333, -0.7238797, 2.621801;0.8820258, -0.8023333, 3.002403;1.060682, -0.7886597, 2.578821;
0.6645873, 0.1300268, 2.785447;0.7959685, -0.01133373, 2.806837;1.000599, -0.26018, 2.877573;0.7667904, -0.1699963, 2.982279;0.9203359, -0.06707149, 2.728459;0.6635315, -0.6180254, 3.016023;0.8595816, -0.5813495, 2.488212;1.042066, -0.3105934, 2.895361;1.057614, -0.391235, 2.955547;1.106274, -0.3303238, 2.858631;0.6800336, -0.4376834, 3.002331;0.8533783, -0.4790072, 2.594733;0.9503666, -0.711199, 3.016587;1.097561, -0.7235812, 2.621823;0.8818225, -0.802818, 3.000573;1.061137, -0.7888742, 2.57952;
0.6635216, 0.1266015, 2.783269;0.7935423, -0.01735531, 2.808494;1.000912, -0.2605943, 2.878219;0.7609645, -0.1703792, 2.985752;0.9178351, -0.06999283, 2.728631;0.6629373, -0.6211026, 3.017358;0.8603044, -0.5797946, 2.488451;1.042544, -0.3105398, 2.895985;1.058388, -0.390736, 2.955673;1.107326, -0.3285805, 2.861138;0.6807935, -0.4337209, 3.00421;0.8552696, -0.4776829, 2.59685;0.9498361, -0.7077632, 3.017395;1.0978, -0.7234456, 2.622141;0.8786733, -0.7980164, 3.000236;1.061381, -0.7892225, 2.580612;
0.6638191, 0.1257414, 2.782902;0.793328, -0.01840752, 2.808364;1.001236, -0.26119, 2.878398;0.7584225, -0.1698766, 2.986012;0.9179589, -0.07048322, 2.728437;0.6624075, -0.6219164, 3.017275;0.855571, -0.6035409, 2.481337;1.0429, -0.3108681, 2.896123;1.058324, -0.3903009, 2.953255;1.107792, -0.3272402, 2.86542;0.6834984, -0.4407694, 3.007106;0.858156, -0.4756867, 2.599746;0.9537112, -0.7048517, 3.020725;1.097987, -0.7233272, 2.622632;0.8816883, -0.795108, 3.007503;1.062137, -0.7893667, 2.580998;
0.6632634, 0.1221615, 2.782885;0.7923076, -0.02091195, 2.808824;1.001977, -0.2624685, 2.878324;0.7607973, -0.171894, 2.983739;0.9174501, -0.07126378, 2.728566;0.660821, -0.624158, 3.016566;0.8569286, -0.6003796, 2.482323;1.043878, -0.3117985, 2.89592;1.059452, -0.3906504, 2.951802;1.107902, -0.3271335, 2.865285;0.6863994, -0.4446644, 3.007678;0.8586406, -0.4754576, 2.600557;0.9477226, -0.6984152, 3.020429;1.097082, -0.7234228, 2.622165;0.8816416, -0.7931919, 3.007618;1.062091, -0.7899662, 2.58057;
0.6631749, 0.1223161, 2.782798;0.7917649, -0.02181045, 2.808851;1.001846, -0.2626639, 2.878189;0.7624114, -0.1737299, 2.981809;0.9169107, -0.07201415, 2.728646;0.6549276, -0.6449061, 3.017869;0.8570834, -0.5996304, 2.482483;1.04382, -0.3118415, 2.895733;1.059881, -0.3909881, 2.952663;1.107927, -0.3274589, 2.864061;0.6887125, -0.4504878, 3.009208;0.8579403, -0.4755371, 2.601327;0.9459094, -0.7147051, 3.01895;1.097744, -0.7230064, 2.622735;0.8738685, -0.8049326, 3.005856;1.064047, -0.790562, 2.581781;
0.6627787, 0.1218875, 2.783213;0.7910793, -0.02219328, 2.808555;0.9956211, -0.268014, 2.879074;0.7621432, -0.174483, 2.981475;0.9159119, -0.07331891, 2.729669;0.6597162, -0.6244418, 3.017708;0.8638816, -0.5658472, 2.490787;1.036056, -0.3182248, 2.896947;1.051236, -0.3970873, 2.954354;1.098853, -0.3370714, 2.864943;0.6784866, -0.4447631, 3.010353;0.8518538, -0.4783626, 2.595736;0.9496827, -0.71346, 3.021966;1.09786, -0.723073, 2.622385;0.8766582, -0.8023916, 3.006101;1.066867, -0.790947, 2.579911;
0.6626984, 0.1218373, 2.784912;0.7907416, -0.02281497, 2.809242;0.9924755, -0.2712918, 2.880247;0.7623498, -0.1749292, 2.980813;0.9152155, -0.07446765, 2.730458;0.6600643, -0.6249447, 3.018347;0.8649049, -0.5653894, 2.490891;1.032393, -0.3217444, 2.89798;1.047289, -0.4001473, 2.955776;1.095024, -0.3422773, 2.865149;0.6746854, -0.4488891, 3.010721;0.8252836, -0.4375289, 2.597969;0.9450024, -0.7039175, 3.021326;1.098723, -0.7222146, 2.62293;0.8764988, -0.7955624, 3.001301;1.067023, -0.7913441, 2.583088;
0.6631817, 0.1284338, 2.791196;0.7911065, -0.01972961, 2.810028;0.9890802, -0.2717044, 2.87919;0.7584123, -0.1730521, 2.986963;0.9152616, -0.07446454, 2.730706;0.6590396, -0.6225215, 3.018376;0.8656139, -0.5644615, 2.49167;1.027434, -0.322897, 2.896209;1.038914, -0.4024082, 2.951711;1.089974, -0.3442057, 2.863582;0.6681619, -0.4508772, 3.015116;0.821869, -0.4385129, 2.594682;0.9445543, -0.7164431, 3.018169;1.100251, -0.7211812, 2.623073;0.8725088, -0.8058125, 3.000961;1.070422, -0.787903, 2.578136;
0.6631805, 0.1340772, 2.797054;0.792698, -0.01094022, 2.811894;0.9907169, -0.2543163, 2.882501;0.757149, -0.1680999, 2.98958;0.915755, -0.07081094, 2.733171;0.6569804, -0.6191473, 3.01796;0.8589233, -0.5762128, 2.48639;1.029896, -0.3023289, 2.900103;1.035063, -0.3782395, 2.959587;1.100845, -0.312748, 2.864787;0.6764379, -0.4891981, 3.015177;0.8349663, -0.4388472, 2.60768;0.9395252, -0.7073994, 3.017286;1.101273, -0.7203185, 2.624109;0.8748023, -0.8023556, 3.001234;1.070339, -0.7869018, 2.579781;
0.6646683, 0.1525776, 2.803905;0.7922029, 0.008722181, 2.8152;0.9902838, -0.248101, 2.883386;0.7571968, -0.1649146, 2.990611;0.914641, -0.06414784, 2.735067;0.6563612, -0.6160669, 3.019164;0.8569939, -0.5805351, 2.485313;1.029644, -0.2982917, 2.900599;1.033841, -0.3756945, 2.96058;1.100839, -0.3109396, 2.86416;0.6784804, -0.4957954, 3.017423;0.8351077, -0.4378653, 2.607455;0.8114914, -0.7533664, 3.044058;1.101195, -0.7205687, 2.624057;0.8720325, -0.8062435, 3.000386;1.069185, -0.788705, 2.583024;
0.6664116, 0.1615606, 2.806425;0.7938159, 0.02207938, 2.815297;0.9821364, -0.2065962, 2.889676;0.7545384, -0.1106444, 2.987761;0.915827, -0.04780058, 2.737677;0.6540193, -0.6065465, 3.022289;0.8497209, -0.5731459, 2.489166;1.018835, -0.2513212, 2.908415;1.02624, -0.32578, 2.985733;1.097345, -0.2944281, 2.86219;0.8157412, -0.5002288, 3.003224;0.8370395, -0.4411191, 2.611752;0.9385381, -0.7062674, 3.017422;1.101393, -0.7201215, 2.62446;0.87801, -0.8042321, 3.003695;1.067526, -0.7866904, 2.5824;
0.6822668, 0.2084466, 2.817098;0.7959935, 0.04125243, 2.81691;0.9804142, -0.2050811, 2.887739;0.7547088, -0.1031123, 2.987823;0.9167333, -0.0365511, 2.739725;0.6548439, -0.5818243, 3.019375;0.844564, -0.5684798, 2.490596;1.016685, -0.2512223, 2.905686;1.024179, -0.3244773, 2.978412;1.089389, -0.2929689, 2.858656;0.8423555, -0.5413914, 3.016828;0.8416048, -0.4424818, 2.598151;0.9368929, -0.7067199, 3.016709;1.100985, -0.7209933, 2.624415;0.8773933, -0.8051307, 3.000837;1.040176, -0.8011887, 2.574758;
0.6822642, 0.2084665, 2.817103;0.7989928, 0.06892878, 2.818622;0.9775315, -0.20329, 2.887442;0.755767, -0.07087836, 2.984043;0.9148847, -0.01405132, 2.742103;0.6553605, -0.5627291, 3.018849;0.8359696, -0.5478715, 2.494807;1.012983, -0.2518525, 2.905088;1.013397, -0.3273348, 2.974779;1.082583, -0.2903369, 2.859123;0.9019026, -0.643204, 3.039498;0.9244536, -0.5299405, 2.596755;0.9445446, -0.7514577, 3.010582;1.096142, -0.7671938, 2.598544;0.883764, -0.8114656, 3.003835;1.029271, -0.8047948, 2.560397;
0.6944276, 0.2386636, 2.81937;0.8027801, 0.08711921, 2.820602;0.9768139, -0.189787, 2.882673;0.7569461, -0.05914142, 2.986484;0.9199209, 0.01689722, 2.73959;0.6458182, -0.5504702, 3.00924;0.8212889, -0.5116876, 2.492365;1.011843, -0.2437313, 2.899847;1.014643, -0.3162085, 2.963549;1.079065, -0.2821006, 2.855613;0.8618735, -0.5550897, 3.02062;0.9262795, -0.5295262, 2.598714;0.9495001, -0.7540854, 3.010088;1.095154, -0.7682204, 2.598676;0.8861248, -0.8107345, 3.000876;1.028167, -0.8046317, 2.559979;
0.7086432, 0.2858563, 2.828651;0.8066741, 0.1121448, 2.827428;0.9709444, -0.18243, 2.882437;0.7596366, -0.01336981, 2.991315;0.9205742, 0.03183465, 2.743543;0.65387, -0.5106182, 3.011292;0.8259422, -0.4989617, 2.498468;1.00428, -0.2385534, 2.89815;1.001627, -0.3129295, 2.959534;1.068921, -0.2749019, 2.854223;0.8913903, -0.629657, 3.030136;0.9673193, -0.5157812, 2.627854;0.9487873, -0.7490382, 3.009017;1.091373, -0.7256199, 2.616699;0.8882018, -0.8079135, 2.997478;1.055871, -0.7911531, 2.575286;
0.7132446, 0.2952645, 2.8311;0.8154467, 0.14331, 2.82993;0.9663556, -0.1721084, 2.881109;0.7618253, -0.00404913, 2.994577;0.9230306, 0.05265338, 2.742075;0.6551816, -0.5017545, 3.012631;0.8227825, -0.476094, 2.501523;0.9981368, -0.2318718, 2.895846;0.9937585, -0.3094007, 2.958956;1.063106, -0.2710848, 2.849926;0.8592007, -0.5512937, 3.013332;0.9706064, -0.51948, 2.629115;0.9476723, -0.7313916, 3.011104;1.08894, -0.7291401, 2.613693;0.9016432, -0.8023339, 3.002264;1.053886, -0.7946565, 2.57236;
0.7202876, 0.3152412, 2.834751;0.8244777, 0.1634191, 2.838427;0.9676552, -0.1585414, 2.883124;0.764048, 0.01416001, 3.002134;0.925715, 0.07447324, 2.744024;0.6550947, -0.4854935, 3.003839;0.8206048, -0.4586537, 2.505081;0.9975867, -0.222308, 2.896265;0.9900463, -0.3005263, 2.958163;1.06185, -0.2610395, 2.849534;0.8259198, -0.4944426, 2.995626;0.9710937, -0.5196694, 2.629429;0.9475811, -0.730972, 3.01092;1.088994, -0.7290803, 2.61373;0.898833, -0.8018502, 3.007595;1.054078, -0.7943658, 2.572339;
0.746222, 0.3752003, 2.85577;0.8322828, 0.201285, 2.847565;0.9717016, -0.108369, 2.889818;0.7670555, 0.03273992, 3.005036;0.9311436, 0.1003265, 2.749312;0.65661, -0.4733784, 3.004352;0.8183823, -0.4421574, 2.510735;0.9993954, -0.1712215, 2.901392;0.9930325, -0.2485309, 2.963097;1.061355, -0.2270066, 2.852154;0.8270482, -0.4833199, 2.993953;0.9688976, -0.522881, 2.625741;0.9458071, -0.7232219, 3.010072;1.111112, -0.7774141, 2.611746;0.8988347, -0.7993925, 3.007635;1.039601, -0.786135, 2.567333;
0.7495737, 0.3885203, 2.863581;0.835466, 0.2173548, 2.850439;0.9680751, -0.1044067, 2.889737;0.7706306, 0.05224292, 3.009677;0.9346418, 0.1147269, 2.750148;0.671419, -0.4144454, 3.010134;0.8220148, -0.4172915, 2.515779;0.9944838, -0.1678101, 2.901025;0.988174, -0.2453782, 2.962275;1.053057, -0.2228122, 2.851952;0.8285855, -0.4739729, 2.990773;0.9645498, -0.5183157, 2.625163;0.9443461, -0.7183291, 3.01009;1.109018, -0.7706131, 2.611854;0.9022146, -0.79522, 3.005117;1.038321, -0.7852693, 2.568092;
0.7579941, 0.4085715, 2.870026;0.8425708, 0.2489266, 2.851844;0.9694334, -0.08400124, 2.8877;0.7779304, 0.08913616, 3.010897;0.9358746, 0.1445839, 2.756422;0.6719555, -0.3981385, 3.004719;0.827594, -0.3705522, 2.523991;0.9950129, -0.1503375, 2.898499;0.9875695, -0.2254092, 2.958144;1.052027, -0.1988406, 2.848921;0.7793239, -0.531534, 2.996864;0.9656746, -0.5069754, 2.630989;0.9458627, -0.7209547, 3.010296;1.109967, -0.7584772, 2.617701;0.902045, -0.7954118, 3.001353;1.046, -0.7873711, 2.571135;
0.7772998, 0.4402741, 2.884513;0.851675, 0.2733756, 2.861255;0.9697784, -0.07244392, 2.888939;0.7790416, 0.1009268, 3.011783;0.9414665, 0.1634985, 2.761529;0.6715264, -0.3748636, 2.998468;0.8233435, -0.3621812, 2.516652;0.9942232, -0.1406762, 2.898618;0.983048, -0.21251, 2.95365;1.050094, -0.1879329, 2.851267;0.7842132, -0.5232527, 2.994491;0.962864, -0.4872829, 2.63302;0.9457777, -0.7216215, 3.00979;1.100277, -0.7420731, 2.616173;0.9003858, -0.7967936, 2.99977;1.049599, -0.792619, 2.572134;
0.7848688, 0.4601915, 2.894462;0.8580171, 0.287791, 2.866282;0.9690409, -0.06212953, 2.892117;0.7880359, 0.1249139, 3.011487;0.9439331, 0.1803132, 2.762643;0.6737025, -0.3521598, 2.998015;0.8508474, -0.3005809, 2.533318;0.9920545, -0.1315921, 2.9011;0.9780985, -0.1991016, 2.953995;1.045154, -0.1785024, 2.855416;0.788869, -0.5151211, 2.991767;0.9591083, -0.4799946, 2.633122;0.9525247, -0.7329129, 3.010069;1.096746, -0.7340757, 2.616284;0.8999237, -0.7982956, 2.998671;1.053093, -0.7921524, 2.574459;
0.8061899, 0.4903813, 2.901394;0.8720152, 0.326157, 2.870492;0.9754205, -0.03048804, 2.896456;0.8004571, 0.1691654, 3.011152;0.9511871, 0.2160854, 2.767509;0.6764582, -0.3147193, 3.002183;0.860088, -0.2539104, 2.513438;0.9963896, -0.1020642, 2.905016;0.9822266, -0.1734669, 2.959608;1.046545, -0.1559061, 2.856345;0.8016853, -0.495174, 2.986423;0.9550655, -0.4723881, 2.633581;0.9518089, -0.7325208, 3.009674;1.092435, -0.7261432, 2.616049;0.900035, -0.7985523, 2.998854;1.055982, -0.7905737, 2.577152;
0.8116547, 0.5126376, 2.905264;0.8861166, 0.3525028, 2.872528;0.9746599, -0.01940786, 2.899345;0.8070325, 0.1834477, 3.013254;0.9558173, 0.2296615, 2.771363;0.6788273, -0.2948351, 3.001166;0.8663519, -0.2558055, 2.52452;0.9937078, -0.092326, 2.908088;0.9774187, -0.1587868, 2.963932;1.041218, -0.1468066, 2.859492;0.8054678, -0.4851267, 2.982494;0.9503466, -0.4597433, 2.634916;0.9482243, -0.7219186, 3.009236;1.091085, -0.7232826, 2.615857;0.9029178, -0.7978964, 2.999479;1.057197, -0.7898499, 2.578652;
0.8297417, 0.5390425, 2.914764;0.8950281, 0.375199, 2.874088;0.9716063, 0.0001697992, 2.898056;0.8127317, 0.1990327, 3.014273;0.9615586, 0.2524054, 2.7741;0.6837813, -0.2683103, 2.997824;0.8817922, -0.2288933, 2.539756;0.9876863, -0.07413051, 2.906266;0.9694359, -0.1428441, 2.960683;1.031847, -0.1266077, 2.857391;0.8110638, -0.4749464, 2.98117;0.9482743, -0.4496336, 2.637167;0.9474673, -0.718416, 3.009158;1.091342, -0.7236996, 2.615118;0.8982223, -0.7982627, 3.000908;1.056998, -0.7902431, 2.578632;
0.8429138, 0.5657261, 2.912319;0.9103697, 0.4031341, 2.885985;0.9720939, 0.02888728, 2.899477;0.8249756, 0.2449733, 3.024544;0.9664077, 0.2729347, 2.775074;0.6875771, -0.2434224, 2.991205;0.8803707, -0.2284763, 2.539732;0.984853, -0.04516512, 2.905725;0.9663085, -0.1189881, 2.959887;1.026281, -0.1047212, 2.854136;0.8192686, -0.4556355, 2.978975;0.9479594, -0.4470814, 2.638033;0.9479347, -0.7182663, 3.009313;1.091117, -0.723609, 2.614892;0.8975046, -0.7979339, 3.002045;1.057082, -0.7904956, 2.579072;
0.8817726, 0.5989231, 2.929907;0.9245319, 0.4275869, 2.892542;0.9742016, 0.04014122, 2.898918;0.829933, 0.2544893, 3.025738;0.9718574, 0.2909997, 2.776186;0.6905686, -0.2215442, 2.990584;0.8938563, -0.1856833, 2.552675;0.985342, -0.03622874, 2.904314;0.9657782, -0.1070875, 2.956391;1.024329, -0.09195758, 2.852156;0.8220238, -0.4442842, 2.977101;0.9490731, -0.4402347, 2.63928;0.9478315, -0.7167055, 3.009805;1.091328, -0.7234932, 2.614304;0.9054278, -0.7959042, 3.001279;1.057142, -0.7907231, 2.579647;
0.8867464, 0.6033154, 2.932014;0.936911, 0.4086517, 2.89275;0.9727377, 0.04750202, 2.899829;0.8392814, 0.2768459, 3.028268;0.9812721, 0.3114047, 2.775748;0.6931674, -0.2006124, 2.981631;0.8934243, -0.1807354, 2.550646;0.9799109, -0.02050532, 2.905449;0.9568647, -0.08624554, 2.956708;1.01635, -0.07969828, 2.854033;0.8266433, -0.4322443, 2.975625;0.9525054, -0.4324997, 2.642252;0.957005, -0.7362326, 3.008748;1.091249, -0.7235051, 2.612719;0.9022071, -0.7998488, 3.000969;1.056625, -0.7911283, 2.579749;
0.912149, 0.6347246, 2.94249;0.94491, 0.4084253, 2.8943;0.9708134, 0.06348149, 2.899558;0.8517582, 0.3235069, 3.038946;0.9944489, 0.3402798, 2.780204;0.7039664, -0.1728347, 2.982169;0.89566, -0.1731083, 2.549516;0.9749531, -0.002200216, 2.904094;0.9491094, -0.06382138, 2.950441;1.007139, -0.05939309, 2.855741;0.8283724, -0.4241011, 2.972751;0.9556337, -0.4273626, 2.643258;0.9590168, -0.7288277, 3.011428;1.091228, -0.7236737, 2.611562;0.9017097, -0.7962992, 2.999936;1.056484, -0.7916073, 2.579776;
0.9155751, 0.6390315, 2.944359;0.95677, 0.4134061, 2.899473;0.9702644, 0.0776495, 2.899673;0.8540228, 0.3266622, 3.041077;1.004802, 0.3573859, 2.778372;0.7068344, -0.1607078, 2.982843;0.903253, -0.1512714, 2.552837;0.9723963, 0.0123394, 2.903092;0.9448377, -0.04934782, 2.946851;1.003502, -0.04715423, 2.855709;0.8282127, -0.4198969, 2.970661;0.9570021, -0.4236814, 2.644272;0.9603457, -0.7276368, 3.011124;1.091853, -0.7242392, 2.611224;0.9015566, -0.7957263, 3.000988;1.05555, -0.7907233, 2.578523;
0.9352884, 0.6592931, 2.949902;0.970582, 0.4224479, 2.905093;0.9695355, 0.0926719, 2.901255;0.8615872, 0.3420303, 3.05144;1.012614, 0.3738987, 2.780662;0.7052175, -0.1467882, 2.987707;0.9068399, -0.1383013, 2.554608;0.9691477, 0.02822359, 2.903957;0.9394188, -0.03428553, 2.946107;0.9978239, -0.03074839, 2.857052;0.8293908, -0.4185848, 2.970445;0.9577518, -0.4213968, 2.645732;0.9634984, -0.73095, 3.01204;1.094193, -0.726513, 2.610384;0.921555, -0.8013791, 3.004582;1.055239, -0.7901458, 2.575619;
0.9470712, 0.6681916, 2.947351;0.9787728, 0.4302891, 2.905709;0.9696958, 0.1104682, 2.899854;0.8776428, 0.3674694, 3.061129;1.020961, 0.3908522, 2.781805;0.7164481, -0.1324921, 2.982911;0.9277731, -0.08820166, 2.566944;0.9673126, 0.04755924, 2.901961;0.9371714, -0.01991188, 2.944778;0.9929388, -0.01257361, 2.85355;0.8334374, -0.4120489, 2.969662;0.9594587, -0.4165972, 2.647531;0.9660763, -0.7362201, 3.013477;1.094804, -0.7266122, 2.61136;0.9204406, -0.803876, 3.004413;1.055716, -0.7895404, 2.575944;
0.9733032, 0.679384, 2.954606;0.9885381, 0.4391922, 2.90991;0.9701476, 0.1218045, 2.898961;0.8985493, 0.405614, 3.04739;1.029359, 0.4086615, 2.783327;0.7287941, -0.1037507, 2.9741;0.927607, -0.07810228, 2.565384;0.9663324, 0.0593346, 2.900116;0.9359993, -0.007372193, 2.942243;0.988776, -0.0003163526, 2.850004;0.8384401, -0.403993, 2.968433;0.9606323, -0.4118802, 2.649192;0.9663409, -0.7356091, 3.013344;1.09585, -0.7233987, 2.611631;0.9145745, -0.8044211, 3.004342;1.057899, -0.7868239, 2.576212;
0.9838204, 0.6913486, 2.962293;0.9977258, 0.4504538, 2.914667;0.9707918, 0.1431312, 2.897465;0.9010736, 0.4104127, 3.046126;1.039741, 0.4219676, 2.785685;0.7489884, -0.07718897, 2.988072;0.9376385, -0.0580377, 2.568204;0.9649541, 0.08275884, 2.897045;0.9326281, 0.02039985, 2.935946;0.9850304, 0.02080859, 2.846592;0.84139, -0.3986936, 2.967706;0.9636413, -0.4059978, 2.650738;0.9648556, -0.732287, 3.0129;1.095857, -0.7230594, 2.611289;0.9153922, -0.8039031, 3.004624;1.058076, -0.7864971, 2.576057;
1.009833, 0.7032084, 2.966887;1.012305, 0.4611072, 2.921022;0.9712696, 0.1480878, 2.897228;0.9120353, 0.4304633, 3.041699;1.047349, 0.4336674, 2.788561;0.7553414, -0.05868731, 2.982864;0.9380559, -0.05734704, 2.568586;0.964233, 0.08697605, 2.89627;0.931356, 0.02250986, 2.93565;0.9824014, 0.02564362, 2.843839;0.8469337, -0.3942584, 2.968324;0.9658265, -0.393071, 2.651848;0.9645781, -0.7311444, 3.012945;1.096774, -0.721283, 2.613088;0.9142296, -0.8006929, 3.003802;1.059578, -0.7844853, 2.577126;
1.039456, 0.7123101, 2.975166;1.01651, 0.4704624, 2.921373;0.9712474, 0.1537916, 2.895993;0.9259782, 0.4638861, 3.02624;1.052888, 0.4392562, 2.786833;0.7575414, -0.05407532, 2.981282;0.945361, -0.04206955, 2.569824;0.9632678, 0.09145796, 2.894732;0.9291653, 0.03285301, 2.930492;0.9803536, 0.03358857, 2.844085;0.8488493, -0.3926379, 2.968086;0.9680995, -0.388385, 2.653752;0.9665082, -0.730709, 3.012796;1.097728, -0.7205126, 2.613773;0.9157103, -0.7998924, 3.004377;1.060506, -0.7834766, 2.577702;
1.04491, 0.7172496, 2.978464;1.020251, 0.4746254, 2.921604;0.9711903, 0.1620852, 2.893538;0.9262034, 0.4638586, 3.024909;1.071278, 0.4588659, 2.788803;0.762997, -0.04948491, 2.981083;0.9495564, -0.03202673, 2.568522;0.9617319, 0.100498, 2.89133;0.9252285, 0.04169644, 2.925795;0.9790381, 0.04152941, 2.841629;0.8524952, -0.3895152, 2.968252;0.9716728, -0.3798283, 2.656211;0.9690744, -0.7257181, 3.014371;1.097961, -0.7182899, 2.614225;0.9250587, -0.7935876, 3.005167;1.061723, -0.7822134, 2.578499;
1.053591, 0.7256777, 2.983305;1.026862, 0.4825092, 2.922502;0.9726086, 0.1693111, 2.890895;0.9281325, 0.4665436, 3.021744;1.074963, 0.4667088, 2.790867;0.7657432, -0.04648183, 2.982392;0.9524577, -0.0241097, 2.568485;0.9621372, 0.1073343, 2.888026;0.9247124, 0.04994016, 2.920243;0.979344, 0.05106757, 2.839101;0.8554536, -0.3868095, 2.968231;0.9730954, -0.3792342, 2.656841;0.9712486, -0.7208241, 3.016145;1.097805, -0.7180338, 2.614184;0.9230703, -0.7928017, 3.003542;1.062663, -0.783013, 2.57653;
1.061309, 0.7306353, 2.984401;1.032243, 0.4867072, 2.923301;0.9726645, 0.1724075, 2.887675;0.931509, 0.4704284, 3.014554;1.079734, 0.4749713, 2.795065;0.7725058, -0.03317894, 2.981809;0.9593022, -0.008826605, 2.570424;0.9611117, 0.1105195, 2.883512;0.9221488, 0.05687578, 2.909703;0.9781634, 0.05675235, 2.836662;0.8616489, -0.3862655, 2.969416;0.9767514, -0.3744324, 2.658424;0.9725804, -0.725117, 3.016535;1.097567, -0.7162985, 2.613539;0.9275084, -0.7921154, 3.002692;1.062713, -0.7821139, 2.576102;
1.074547, 0.7327627, 2.988626;1.035104, 0.4893826, 2.924989;0.9724813, 0.1736105, 2.885445;0.9421183, 0.4774373, 2.976959;1.086894, 0.4857311, 2.79757;0.775771, -0.02902268, 2.98299;0.9632875, -0.001425517, 2.570903;0.9602169, 0.1114944, 2.880083;0.9207978, 0.06010407, 2.903176;0.977566, 0.05843057, 2.835368;0.8684109, -0.3843371, 2.970721;0.9830422, -0.3646387, 2.661569;0.9727215, -0.7250729, 3.016761;1.099795, -0.7146353, 2.614825;0.9241254, -0.7923967, 3.002372;1.068414, -0.7815092, 2.578451;
1.085525, 0.7346498, 2.990747;1.038753, 0.4916648, 2.924498;0.9732168, 0.1769767, 2.880609;0.9437921, 0.4795358, 2.974054;1.089488, 0.4885467, 2.797745;0.7837491, -0.01859843, 2.989437;0.9678181, 0.005799439, 2.573079;0.9601517, 0.1148121, 2.874377;0.9210142, 0.06536605, 2.895256;0.9771203, 0.06317658, 2.831812;0.8739775, -0.3839547, 2.971497;0.9872882, -0.3611312, 2.662602;0.974954, -0.7302706, 3.016628;1.100448, -0.7120153, 2.614415;0.9236484, -0.7959995, 3.001546;1.070827, -0.7812541, 2.580517;
1.101997, 0.7375957, 2.99551;1.049039, 0.4950511, 2.925819;0.9734607, 0.1802027, 2.879096;0.9451805, 0.484667, 2.977826;1.101391, 0.4981794, 2.798768;0.7876565, -0.01038534, 2.991491;0.9803967, 0.02196422, 2.57671;0.9591919, 0.1183196, 2.872499;0.9176615, 0.0727291, 2.8911;0.9762346, 0.06693082, 2.831708;0.9028987, -0.3770317, 2.972589;0.9968283, -0.3562784, 2.666768;0.9750829, -0.7305603, 3.017059;1.101336, -0.7089488, 2.616891;0.9194411, -0.7990736, 3.002512;1.072203, -0.7806508, 2.581447;
1.107132, 0.7393841, 2.998146;1.057541, 0.495367, 2.92509;0.9742224, 0.1810491, 2.875861;0.9569994, 0.4878215, 2.960842;1.106216, 0.4991244, 2.80032;0.7932039, -0.00561041, 2.997325;0.9838973, 0.02635046, 2.57583;0.9587708, 0.119068, 2.86856;0.9170725, 0.07478298, 2.885573;0.9754461, 0.06848505, 2.829812;0.9070444, -0.3758281, 2.97224;1.005365, -0.3561154, 2.672066;0.9768167, -0.7307623, 3.017596;1.101507, -0.7069446, 2.618004;0.9202222, -0.7987505, 3.002897;1.071872, -0.7795713, 2.580222;
1.134717, 0.7292815, 3.00393;1.07094, 0.4875058, 2.929275;1.006587, 0.1619309, 2.911904;0.9962679, 0.4780477, 2.901841;1.133626, 0.5029539, 2.804195;0.7839866, -0.0180499, 2.997362;1.002287, 0.0288568, 2.568657;0.9600924, 0.1168679, 2.866707;0.9190438, 0.07438531, 2.882577;0.9756312, 0.06799562, 2.829725;0.9445884, -0.378234, 2.981437;1.024285, -0.3537062, 2.682823;0.9820119, -0.7320201, 3.018677;1.103592, -0.7038575, 2.619052;0.9218677, -0.7985438, 3.002005;1.070905, -0.7785668, 2.5788;
1.139651, 0.7294497, 3.006281;1.074658, 0.486941, 2.930062;1.008402, 0.160417, 2.911088;0.9945717, 0.4801001, 2.907379;1.135446, 0.5020384, 2.805126;0.7844666, -0.02624101, 2.999955;1.006923, 0.0294562, 2.567181;0.9610807, 0.115661, 2.865921;0.9202023, 0.07441916, 2.880953;0.976151, 0.06749921, 2.830047;0.9500174, -0.3763018, 2.983192;1.028656, -0.3515418, 2.685386;0.9842093, -0.7232615, 3.020651;1.104815, -0.7028794, 2.619956;0.9215937, -0.796224, 3.002671;1.070791, -0.7783948, 2.57871;
1.14071, 0.7324554, 3.006783;1.077311, 0.4881843, 2.930988;1.00997, 0.1588481, 2.911045;0.9928337, 0.4764088, 2.907636;1.138066, 0.5009508, 2.807871;0.7864825, -0.02900004, 3.005068;1.014057, 0.02581728, 2.565466;0.9630975, 0.1133471, 2.864826;0.9218995, 0.07367727, 2.878938;0.9785379, 0.06556746, 2.830687;0.9521262, -0.3739504, 2.983093;1.03271, -0.351385, 2.687578;0.9878227, -0.7120532, 3.024844;1.106028, -0.7014637, 2.620924;0.9234643, -0.7940854, 3.003435;1.070568, -0.7767109, 2.577457;
1.144099, 0.7276229, 3.007883;1.079644, 0.482256, 2.93242;1.011308, 0.1547933, 2.910484;0.9920597, 0.4743732, 2.908003;1.139642, 0.5004231, 2.809264;0.7904618, -0.02570203, 2.996224;1.025483, 0.02358832, 2.563399;0.9643239, 0.1100665, 2.863801;0.9234342, 0.07130492, 2.875684;0.9795086, 0.06350527, 2.831676;0.9539423, -0.3721807, 2.982997;1.034618, -0.3518708, 2.688545;0.9882905, -0.7116653, 3.025159;1.107427, -0.6996611, 2.621468;0.923731, -0.7933544, 3.003307;1.070371, -0.7765238, 2.577057;
1.145678, 0.7279042, 3.009109;1.080161, 0.4816745, 2.93303;1.010663, 0.15357, 2.911371;0.9871684, 0.4673142, 2.905621;1.141166, 0.5008397, 2.811301;0.7964541, -0.01967681, 2.99217;1.035008, 0.01783352, 2.561204;0.9644604, 0.1085511, 2.863765;0.9231561, 0.06992607, 2.874859;0.9799767, 0.06162698, 2.832677;0.9551793, -0.3685318, 2.982265;1.036731, -0.3525447, 2.690276;0.9917102, -0.7079626, 3.027253;1.110792, -0.6997278, 2.623056;0.9236469, -0.7908537, 3.004951;1.070419, -0.7760419, 2.576767;
1.151329, 0.7265934, 3.009322;1.084438, 0.4794047, 2.933646;1.012173, 0.1506918, 2.911713;0.9879583, 0.4660155, 2.904893;1.145522, 0.5006334, 2.813443;0.7959453, -0.02576334, 2.994241;1.038057, 0.01497671, 2.559964;0.9662598, 0.1057806, 2.863384;0.9249014, 0.0673257, 2.872895;0.981626, 0.06017245, 2.834003;0.9579411, -0.3700463, 2.984421;1.03817, -0.3531502, 2.690972;0.9940526, -0.7157863, 3.027342;1.111366, -0.6990852, 2.623239;0.9236689, -0.7908526, 3.004579;1.070605, -0.7755508, 2.576803;
1.157833, 0.7243398, 3.011979;1.086836, 0.4774704, 2.934215;1.01455, 0.1462038, 2.910897;0.9972287, 0.4628289, 2.904368;1.145994, 0.4994153, 2.814242;0.8009349, -0.01773478, 2.992602;1.041288, 0.01270925, 2.560251;0.9671619, 0.1008062, 2.863168;0.9268067, 0.06550176, 2.871882;0.9817489, 0.0576582, 2.835644;0.9579201, -0.3698658, 2.984434;1.039292, -0.3537894, 2.692083;0.9940162, -0.7156962, 3.