0.5733275, 0.8164763, 3.015595;0.6425307, 0.5994876, 2.998958;0.5839295, 0.2276946, 2.931572;0.4943064, 0.4448203, 3.076234;0.7032878, 0.4618559, 2.847759;0.4039848, -0.164738, 2.974872;0.6963523, -0.1366575, 2.658028;0.5722093, 0.153336, 2.921616;0.5141128, 0.07923365, 2.962335;0.6081544, 0.08689963, 2.851997;0.5480648, -0.3956589, 2.992417;0.7049367, -0.3760681, 2.800468;0.573585, -0.7383472, 3.035217;0.7637939, -0.7660646, 2.768664;0.5562661, -0.8069227, 3.024421;0.7372234, -0.838583, 2.749489;
0.5731661, 0.8168862, 3.015526;0.6426103, 0.5997986, 2.998621;0.5840161, 0.2278234, 2.931376;0.4942554, 0.4448268, 3.076394;0.7025021, 0.4622115, 2.84751;0.4056812, -0.1643074, 2.977219;0.6969486, -0.1366696, 2.65819;0.5722949, 0.1534393, 2.921436;0.5142731, 0.07928637, 2.962237;0.6081834, 0.08704112, 2.851724;0.5482778, -0.3964082, 2.991806;0.7043067, -0.374982, 2.799658;0.5732501, -0.7399473, 3.034719;0.7638547, -0.7649199, 2.767999;0.5355029, -0.8219954, 3.024473;0.7370837, -0.8384745, 2.749013;
0.5751953, 0.81791, 3.018125;0.6424577, 0.599933, 2.999048;0.5838018, 0.2280599, 2.931582;0.4942723, 0.4448108, 3.076104;0.7024953, 0.4621851, 2.847552;0.4055152, -0.1643315, 2.976939;0.6969151, -0.1366657, 2.658225;0.5720636, 0.1536999, 2.921608;0.5140207, 0.07949277, 2.962489;0.6079546, 0.08719698, 2.851724;0.5483942, -0.3970843, 2.991454;0.7041006, -0.3746254, 2.799306;0.5733271, -0.7405697, 3.03451;0.7635995, -0.7647225, 2.767662;0.5312454, -0.8236922, 3.020609;0.7368423, -0.8385802, 2.748401;
0.5751765, 0.8173032, 3.018164;0.642174, 0.5994911, 2.998734;0.58363, 0.228526, 2.931685;0.4950429, 0.4457706, 3.074255;0.7021396, 0.4620352, 2.846636;0.4053825, -0.1640537, 2.97676;0.6967711, -0.1366101, 2.658177;0.5718589, 0.1545613, 2.921867;0.5138798, 0.08008417, 2.964041;0.6074753, 0.08729162, 2.85105;0.5481409, -0.3978497, 2.991397;0.7040231, -0.3747828, 2.799164;0.5733044, -0.7406235, 3.0345;0.7643989, -0.7621294, 2.767996;0.5265429, -0.8265898, 3.026167;0.7367016, -0.8384587, 2.747199;
0.5752097, 0.8170137, 3.018496;0.6418616, 0.5993391, 2.99832;0.58372, 0.2285701, 2.931715;0.4931432, 0.4441535, 3.074307;0.7024918, 0.4616987, 2.846251;0.404887, -0.1642362, 2.975655;0.6967689, -0.136539, 2.658243;0.5720304, 0.154629, 2.921917;0.5139245, 0.0795764, 2.964377;0.6083306, 0.08683866, 2.850229;0.5481355, -0.3995188, 2.990462;0.7039851, -0.3748499, 2.799236;0.5728846, -0.7438099, 3.03361;0.7663727, -0.7571633, 2.768485;0.5231635, -0.831198, 3.02814;0.7367877, -0.8385289, 2.747668;
0.575896, 0.8171624, 3.018779;0.6418456, 0.5993419, 2.997705;0.5837275, 0.2287363, 2.931525;0.4931781, 0.4443375, 3.073701;0.7019416, 0.4614483, 2.845849;0.4042193, -0.1633339, 2.974093;0.6967687, -0.1365151, 2.658211;0.5720449, 0.1548066, 2.921771;0.5139747, 0.07969869, 2.964353;0.6082305, 0.08692736, 2.84999;0.5479081, -0.4002754, 2.990128;0.7038457, -0.3744986, 2.798959;0.5726557, -0.7453942, 3.032349;0.7664021, -0.757078, 2.768424;0.5229423, -0.8327326, 3.024114;0.736803, -0.8385243, 2.747678;
0.5757343, 0.8170767, 3.018161;0.6418001, 0.5993813, 2.997362;0.5837535, 0.2294118, 2.931277;0.4932875, 0.4448002, 3.072378;0.7019601, 0.4615952, 2.844588;0.4024923, -0.1609194, 2.972318;0.69663, -0.1364928, 2.65842;0.5721028, 0.1556757, 2.921557;0.513954, 0.07989689, 2.964612;0.6081083, 0.08722945, 2.848836;0.5479006, -0.400286, 2.990129;0.7038211, -0.3743328, 2.798874;0.5726652, -0.7453896, 3.032342;0.7662412, -0.758057, 2.767465;0.5232934, -0.8325958, 3.024235;0.7366505, -0.8384611, 2.747379;
0.5757838, 0.8175449, 3.018591;0.6415989, 0.5998508, 2.997294;0.583689, 0.2294483, 2.931209;0.4922886, 0.4440041, 3.071199;0.7016809, 0.4617609, 2.844325;0.4022845, -0.1609327, 2.971739;0.6965044, -0.1366866, 2.658871;0.5720484, 0.1556673, 2.921486;0.5138314, 0.07986255, 2.964312;0.6080647, 0.08737919, 2.848911;0.547805, -0.4008996, 2.990243;0.7036981, -0.3749351, 2.79877;0.5723256, -0.7456066, 3.032317;0.7663735, -0.7570943, 2.767727;0.5235038, -0.8325118, 3.024719;0.7365819, -0.8384362, 2.747319;
0.5757746, 0.8176439, 3.018057;0.641396, 0.6000215, 2.997468;0.5836456, 0.229534, 2.931192;0.4923666, 0.443968, 3.069581;0.7014381, 0.4614048, 2.844186;0.4021672, -0.1607009, 2.971612;0.6964118, -0.1365145, 2.658987;0.5720252, 0.1557277, 2.921452;0.5138376, 0.07993676, 2.964294;0.6080117, 0.08741434, 2.848828;0.5475206, -0.4015113, 2.990242;0.7035671, -0.3750734, 2.798631;0.5718756, -0.7475969, 3.032214;0.7659777, -0.757026, 2.767664;0.5224593, -0.8329981, 3.020734;0.7363795, -0.8388918, 2.747221;
0.5760945, 0.8174497, 3.017499;0.6413451, 0.5998384, 2.997402;0.5835712, 0.2295405, 2.93125;0.4925329, 0.444864, 3.068722;0.7014829, 0.4612621, 2.843913;0.4021245, -0.1610857, 2.972343;0.6961054, -0.1360671, 2.659203;0.5719317, 0.1557491, 2.921535;0.5136327, 0.07955641, 2.964516;0.6077275, 0.08772158, 2.848935;0.5478067, -0.4028849, 2.990712;0.7033489, -0.3746862, 2.798638;0.5715924, -0.7482891, 3.032294;0.7662848, -0.7566435, 2.767673;0.5227712, -0.8335116, 3.02072;0.7363738, -0.8388854, 2.747231;
0.5759704, 0.8175747, 3.017383;0.6413924, 0.6000935, 2.997526;0.5834693, 0.2300429, 2.931141;0.4914335, 0.4446263, 3.068953;0.7017307, 0.4619344, 2.843818;0.4004923, -0.1610423, 2.970167;0.695526, -0.1358317, 2.659084;0.5718001, 0.1562789, 2.921362;0.513227, 0.07935387, 2.964536;0.6077189, 0.08851592, 2.848061;0.5477691, -0.4027992, 2.990733;0.7030352, -0.3743753, 2.798461;0.5715104, -0.7481411, 3.032122;0.7665723, -0.7564375, 2.767764;0.5234429, -0.8329938, 3.02035;0.7362157, -0.838622, 2.746881;
0.5762174, 0.8178236, 3.017903;0.6413664, 0.6002309, 2.997473;0.5834255, 0.2300749, 2.931341;0.4910021, 0.4447592, 3.069025;0.7017924, 0.4621807, 2.844043;0.3995865, -0.1612802, 2.968231;0.6946874, -0.1352452, 2.659157;0.5717446, 0.1562986, 2.921608;0.5129567, 0.07870498, 2.965142;0.6076279, 0.08847538, 2.848264;0.5473791, -0.4035893, 2.990733;0.701826, -0.3728346, 2.798234;0.5715758, -0.7482666, 3.032016;0.7666707, -0.756286, 2.767833;0.5237436, -0.8329036, 3.020174;0.7362596, -0.8386021, 2.747075;
0.5812421, 0.8218676, 3.017509;0.64087, 0.6025203, 2.995085;0.5830961, 0.230178, 2.930651;0.490998, 0.4447623, 3.068771;0.7017058, 0.4623676, 2.843918;0.398442, -0.1615984, 2.965856;0.6943665, -0.1349588, 2.659214;0.5714417, 0.1561828, 2.921073;0.5126537, 0.07837667, 2.964704;0.6074384, 0.08861374, 2.847996;0.5472445, -0.4037018, 2.990665;0.7018716, -0.3731714, 2.798122;0.5712966, -0.7496508, 3.031698;0.7664266, -0.7555007, 2.768025;0.5239786, -0.8335435, 3.020861;0.7362371, -0.8386139, 2.747055;
0.5806088, 0.821816, 3.01737;0.6408303, 0.6026534, 2.995009;0.5829229, 0.2303554, 2.930617;0.4904083, 0.4450605, 3.068658;0.7015603, 0.4622572, 2.843821;0.3976894, -0.1607134, 2.964013;0.6940606, -0.1350491, 2.65951;0.5712591, 0.1563226, 2.921069;0.5122645, 0.07817347, 2.9649;0.6072438, 0.088761, 2.847842;0.5471366, -0.4042564, 2.990346;0.7018094, -0.3732198, 2.798149;0.5716059, -0.7502354, 3.031971;0.7663169, -0.7552786, 2.767813;0.5240667, -0.8331521, 3.019237;0.7359279, -0.8388164, 2.747339;
0.5793723, 0.8204736, 3.01526;0.6406083, 0.6019212, 2.996019;0.5828909, 0.2303128, 2.930796;0.4901398, 0.4453843, 3.068667;0.7013195, 0.4619261, 2.843675;0.3967979, -0.1611001, 2.962639;0.6939383, -0.1350661, 2.659607;0.5712442, 0.1563036, 2.921218;0.512278, 0.07760022, 2.965136;0.6071579, 0.08872671, 2.847878;0.5466108, -0.4038425, 2.989965;0.7016323, -0.372902, 2.798034;0.5715413, -0.750039, 3.031991;0.7663184, -0.7548087, 2.767799;0.5260587, -0.8328363, 3.022139;0.7357716, -0.8388732, 2.747476;
0.5793473, 0.8196936, 3.015561;0.6396791, 0.6006392, 2.993794;0.5827259, 0.2309251, 2.930148;0.4878835, 0.4448858, 3.068783;0.7011124, 0.4620456, 2.842763;0.3963352, -0.1605923, 2.96491;0.6936841, -0.1349854, 2.659587;0.5711596, 0.1572217, 2.920658;0.5121518, 0.07763149, 2.964951;0.6072612, 0.08965743, 2.847134;0.5464467, -0.4022615, 2.989665;0.7014598, -0.3730313, 2.79791;0.5714595, -0.7495107, 3.031552;0.7665307, -0.7539082, 2.768621;0.5265694, -0.8319485, 3.021578;0.7356223, -0.8387759, 2.74737;
0.5791385, 0.8202235, 3.015687;0.6397778, 0.6013005, 2.994148;0.5827082, 0.2308828, 2.93022;0.4878007, 0.4455511, 3.067461;0.7009081, 0.4622276, 2.842903;0.3962615, -0.1604959, 2.964844;0.6935956, -0.1349732, 2.659744;0.5711176, 0.1570353, 2.920701;0.5121426, 0.0771786, 2.965007;0.6071419, 0.08938961, 2.847066;0.5462801, -0.4020495, 2.989538;0.7013441, -0.3733555, 2.797827;0.5715599, -0.7487965, 3.031637;0.7666605, -0.753882, 2.768714;0.5270003, -0.8314838, 3.021605;0.7355467, -0.8386884, 2.747362;
0.5770743, 0.8195254, 3.014732;0.6396292, 0.6012064, 2.993624;0.5826464, 0.2305915, 2.92996;0.4880031, 0.4448726, 3.063934;0.7007493, 0.4620181, 2.842268;0.3977518, -0.1582244, 2.969783;0.6933515, -0.1345104, 2.659716;0.5710859, 0.1566788, 2.920506;0.512215, 0.07616237, 2.965014;0.6069449, 0.08858658, 2.846349;0.5462593, -0.4021316, 2.989589;0.7013847, -0.3731664, 2.797699;0.571766, -0.7486721, 3.032182;0.7666687, -0.7538587, 2.768736;0.5271573, -0.8310632, 3.021661;0.7355019, -0.8389966, 2.747988;
0.5767875, 0.8199371, 3.015116;0.6394055, 0.6015842, 2.992947;0.5823047, 0.2302693, 2.929532;0.4876097, 0.4448919, 3.063613;0.700622, 0.4620149, 2.842224;0.3978907, -0.1579312, 2.970507;0.6932887, -0.1345709, 2.659851;0.5706983, 0.1561535, 2.920106;0.5115897, 0.07553869, 2.964661;0.6068483, 0.08843865, 2.846205;0.5460689, -0.4015951, 2.989418;0.7014397, -0.3733091, 2.797647;0.5714965, -0.7477327, 3.032161;0.7665347, -0.7521657, 2.76848;0.5274, -0.8309965, 3.022481;0.7355093, -0.8390145, 2.74811;
0.5769993, 0.8200998, 3.015448;0.6393495, 0.6016904, 2.992806;0.582198, 0.2303486, 2.92945;0.4874888, 0.445383, 3.063475;0.7005778, 0.4621332, 2.842176;0.3977938, -0.1579904, 2.970641;0.6929126, -0.1278762, 2.660916;0.5706019, 0.156214, 2.920052;0.5113687, 0.0754536, 2.964787;0.6067204, 0.08846509, 2.845937;0.5458124, -0.401281, 2.988953;0.7016903, -0.3738341, 2.797373;0.571326, -0.7472405, 3.031421;0.7667651, -0.7517671, 2.768227;0.5273407, -0.8305433, 3.021885;0.7353292, -0.8389853, 2.747645;
0.5770324, 0.8202435, 3.015183;0.6394566, 0.601903, 2.992757;0.5819502, 0.2304522, 2.929376;0.4878497, 0.446169, 3.062737;0.700282, 0.4621154, 2.841926;0.3974424, -0.1591302, 2.969846;0.6921312, -0.1235157, 2.660508;0.5702445, 0.1562942, 2.919986;0.5108442, 0.07537819, 2.965142;0.6058715, 0.08841296, 2.845258;0.5458512, -0.4012993, 2.989002;0.7007735, -0.3727913, 2.797089;0.5721607, -0.7481446, 3.032037;0.7665828, -0.7515557, 2.767998;0.527283, -0.8309836, 3.021431;0.7352648, -0.8390451, 2.747589;
0.5765935, 0.8204771, 3.015541;0.6394306, 0.6022426, 2.992433;0.5816277, 0.2304665, 2.929045;0.4875978, 0.4466111, 3.062405;0.7002019, 0.4621605, 2.841903;0.3974458, -0.1591328, 2.96986;0.6922498, -0.1260143, 2.659436;0.569868, 0.1562288, 2.919665;0.5103352, 0.07534392, 2.964806;0.6056367, 0.08842402, 2.845072;0.5457364, -0.4012512, 2.988966;0.7008636, -0.3731009, 2.797099;0.5723935, -0.748428, 3.032006;0.7669053, -0.749778, 2.767972;0.5268546, -0.8312585, 3.020757;0.7352101, -0.8390974, 2.747567;
0.5760183, 0.8203417, 3.015264;0.6393347, 0.602227, 2.992028;0.5812694, 0.2307505, 2.928758;0.487683, 0.4465802, 3.060745;0.7003077, 0.4626085, 2.84186;0.39783, -0.1601896, 2.97207;0.6921261, -0.1279097, 2.658267;0.5694671, 0.1565724, 2.919429;0.5098695, 0.07541026, 2.964894;0.6051123, 0.08858193, 2.844371;0.5454964, -0.4022013, 2.989113;0.700698, -0.373036, 2.797081;0.5720788, -0.7492, 3.031653;0.7666778, -0.7501324, 2.767974;0.5254861, -0.8320203, 3.019005;0.7352458, -0.8391585, 2.747578;
0.5759426, 0.8203809, 3.015005;0.6387355, 0.6020325, 2.990605;0.5808991, 0.2307732, 2.928087;0.4872622, 0.4469928, 3.059913;0.7004138, 0.4629688, 2.841196;0.3975463, -0.1599542, 2.972024;0.691918, -0.1291087, 2.656597;0.569172, 0.1566075, 2.918921;0.5093454, 0.07593153, 2.963395;0.6050373, 0.08881622, 2.844467;0.5453347, -0.401559, 2.989151;0.7005329, -0.3728002, 2.796683;0.5721732, -0.7482785, 3.031589;0.7666223, -0.7494106, 2.768539;0.5260481, -0.8310961, 3.019126;0.7352457, -0.8391439, 2.747582;
0.5752548, 0.8203745, 3.014272;0.638679, 0.6021944, 2.989974;0.5806178, 0.2306919, 2.927621;0.4867439, 0.4468479, 3.06038;0.7002692, 0.462694, 2.840851;0.3974794, -0.159885, 2.972019;0.6917071, -0.1300794, 2.656461;0.5688656, 0.1564732, 2.918503;0.5088743, 0.07570291, 2.96317;0.6048792, 0.08866036, 2.844053;0.5453334, -0.4017408, 2.989164;0.7006308, -0.3730729, 2.796567;0.5722737, -0.7487642, 3.031596;0.7664916, -0.7492682, 2.768367;0.5259908, -0.8314044, 3.018606;0.7351886, -0.8391902, 2.747401;
0.5751494, 0.8202949, 3.014174;0.6386805, 0.6022097, 2.989956;0.5804597, 0.2307508, 2.927331;0.4866903, 0.4469215, 3.060399;0.6997467, 0.4626485, 2.840418;0.3974769, -0.1599422, 2.971787;0.6914466, -0.1306922, 2.656167;0.5686675, 0.156531, 2.918151;0.5087497, 0.07574323, 2.962857;0.6046087, 0.08886256, 2.843692;0.5449933, -0.4026892, 2.989294;0.7006344, -0.3738452, 2.796438;0.5718615, -0.7499759, 3.031568;0.766477, -0.7492815, 2.768397;0.5258133, -0.8337978, 3.019818;0.7354014, -0.8393973, 2.748626;
0.5751502, 0.8210041, 3.013891;0.638391, 0.6028687, 2.989419;0.5801394, 0.2312702, 2.926714;0.4862301, 0.4470651, 3.060153;0.6999403, 0.4623742, 2.840142;0.3966568, -0.1591384, 2.967278;0.6914465, -0.1308608, 2.656045;0.5683703, 0.1569983, 2.917561;0.5083755, 0.07577106, 2.962662;0.604485, 0.08908266, 2.842585;0.5451501, -0.4024529, 2.989461;0.700607, -0.3738433, 2.796478;0.5718818, -0.7494782, 3.031784;0.7665275, -0.7492647, 2.768394;0.5261467, -0.8329621, 3.020404;0.7354143, -0.8394978, 2.749266;
0.5749311, 0.8209842, 3.013325;0.6383638, 0.6030349, 2.989853;0.5799514, 0.2312194, 2.92661;0.4858133, 0.4473981, 3.059541;0.698462, 0.4620553, 2.839322;0.3969058, -0.1587253, 2.968797;0.6899878, -0.1262412, 2.65649;0.5680892, 0.156884, 2.917331;0.5081678, 0.07569245, 2.962551;0.6039882, 0.08887983, 2.841954;0.5449679, -0.4022992, 2.989236;0.7005234, -0.3738215, 2.796454;0.5716084, -0.7490873, 3.031641;0.7666875, -0.7494856, 2.768496;0.5257285, -0.8323565, 3.019917;0.7354332, -0.8393598, 2.749215;
0.5751448, 0.8211362, 3.013665;0.638375, 0.6030185, 2.989849;0.5797674, 0.2314645, 2.926425;0.4852929, 0.4473347, 3.059838;0.6985722, 0.4622422, 2.838558;0.3967329, -0.1595473, 2.969028;0.6890095, -0.1279895, 2.655504;0.5678337, 0.157247, 2.917089;0.5077757, 0.07585552, 2.962266;0.6037626, 0.08925334, 2.841723;0.5448376, -0.402267, 2.989129;0.7004148, -0.3739514, 2.79643;0.5718139, -0.7483633, 3.032333;0.7666657, -0.749527, 2.768526;0.5265365, -0.8319167, 3.020837;0.7356055, -0.8402894, 2.751099;
0.5750396, 0.8203544, 3.01349;0.637808, 0.6019257, 2.988431;0.5794556, 0.2314731, 2.926018;0.485011, 0.4472964, 3.059675;0.697522, 0.462257, 2.837694;0.3966484, -0.1595488, 2.969204;0.6871471, -0.1316646, 2.654869;0.5675761, 0.157348, 2.916806;0.5076432, 0.07594132, 2.962019;0.6034197, 0.08950756, 2.841638;0.5450687, -0.4017515, 2.98913;0.7006394, -0.3749047, 2.79629;0.571667, -0.7482688, 3.032437;0.7666419, -0.7494898, 2.768625;0.5266184, -0.8316019, 3.020967;0.7356461, -0.8402805, 2.751101;
0.5764941, 0.8215861, 3.014601;0.6376422, 0.6027473, 2.989488;0.5792152, 0.2314497, 2.926068;0.4849961, 0.447427, 3.05971;0.696915, 0.4623497, 2.837648;0.3965311, -0.1592549, 2.969783;0.6883401, -0.1236188, 2.656675;0.567284, 0.1572402, 2.916793;0.5074859, 0.07593045, 2.962034;0.6029996, 0.0893896, 2.841537;0.5451038, -0.4020199, 2.989159;0.70061, -0.3749178, 2.796273;0.5720543, -0.74881, 3.032772;0.7657453, -0.7501411, 2.768452;0.5271088, -0.8319853, 3.020854;0.7356948, -0.8404707, 2.75107;
0.5760065, 0.820857, 3.01386;0.637542, 0.602192, 2.989058;0.5791596, 0.2311716, 2.925875;0.4847149, 0.4477758, 3.058779;0.6969301, 0.4626333, 2.837408;0.3962875, -0.159667, 2.969526;0.6875995, -0.1255848, 2.65584;0.567256, 0.1570065, 2.916655;0.5075108, 0.07552584, 2.961885;0.6029385, 0.08906054, 2.841419;0.5450545, -0.402243, 2.988972;0.7005299, -0.3750189, 2.796122;0.5719153, -0.7495075, 3.032662;0.7646816, -0.7511951, 2.76792;0.5265361, -0.8330846, 3.021502;0.7353093, -0.8413112, 2.751873;
0.5747747, 0.8217072, 3.01392;0.6365617, 0.6029778, 2.987691;0.5786512, 0.2313309, 2.925523;0.4846192, 0.44796, 3.058686;0.696153, 0.4628613, 2.837287;0.3959659, -0.1595038, 2.969339;0.6865469, -0.1316267, 2.655145;0.5668613, 0.1570854, 2.916452;0.5074, 0.07545683, 2.961962;0.602161, 0.08891502, 2.840936;0.5449493, -0.4021984, 2.988742;0.700323, -0.3748679, 2.796121;0.572109, -0.749319, 3.032686;0.7646302, -0.7511913, 2.767986;0.5271885, -0.8323846, 3.021523;0.7354383, -0.8411148, 2.751727;
0.5791709, 0.823881, 3.012331;0.6366546, 0.6040773, 2.987848;0.5785616, 0.2314605, 2.925379;0.4847744, 0.4484392, 3.058414;0.6955714, 0.4632272, 2.837123;0.3954196, -0.1594475, 2.969111;0.6865661, -0.1311929, 2.655094;0.5667607, 0.1571378, 2.916279;0.5073848, 0.07547651, 2.96195;0.6019432, 0.08895891, 2.840486;0.5447794, -0.401901, 2.98854;0.7002776, -0.3747216, 2.795928;0.5716678, -0.7482429, 3.032259;0.7638935, -0.75037, 2.767567;0.5272038, -0.8323469, 3.021535;0.7351479, -0.8411484, 2.750994;
0.5812786, 0.8242401, 3.014158;0.6362144, 0.6035331, 2.987321;0.5782458, 0.2314311, 2.925044;0.4845608, 0.4483503, 3.058566;0.6949013, 0.4624614, 2.836185;0.3955267, -0.1603142, 2.969921;0.6861053, -0.1318266, 2.655141;0.5664821, 0.1571606, 2.915987;0.5071306, 0.07534826, 2.96192;0.6016248, 0.08892199, 2.839843;0.5445162, -0.4014553, 2.988303;0.6998519, -0.3742577, 2.795692;0.5716019, -0.7480967, 3.032324;0.763898, -0.7503727, 2.767589;0.5273366, -0.8320133, 3.022191;0.7348195, -0.840484, 2.74933;
0.5803512, 0.8245242, 3.014102;0.6358845, 0.6039194, 2.986876;0.577957, 0.2314879, 2.924499;0.4840536, 0.4477424, 3.058101;0.6943635, 0.4630871, 2.836057;0.3953953, -0.160335, 2.970885;0.6861303, -0.1314587, 2.655103;0.5662202, 0.1571381, 2.91544;0.506941, 0.075193, 2.961501;0.6014593, 0.08906431, 2.839409;0.5443357, -0.4014353, 2.98828;0.6998702, -0.374265, 2.795709;0.5716981, -0.7472368, 3.031637;0.7641069, -0.749931, 2.767732;0.5278041, -0.8311255, 3.02182;0.7350813, -0.8395127, 2.74848;
0.5810886, 0.8246667, 3.014127;0.6358026, 0.6038774, 2.986909;0.5776733, 0.231181, 2.924424;0.4839652, 0.4479462, 3.058047;0.6943419, 0.4633232, 2.836047;0.3947929, -0.1608517, 2.970576;0.6863673, -0.131144, 2.655171;0.5658973, 0.1567356, 2.915344;0.5067054, 0.07491969, 2.961333;0.6011677, 0.08872904, 2.839524;0.5443567, -0.4015085, 2.98825;0.6997988, -0.3749041, 2.795714;0.5715119, -0.7470167, 3.031591;0.7635874, -0.7501745, 2.767744;0.5272798, -0.83056, 3.021146;0.7351565, -0.8398138, 2.748799;
0.5827892, 0.8245892, 3.014159;0.6351303, 0.6031215, 2.986042;0.577165, 0.2308279, 2.924248;0.4837924, 0.4480652, 3.057616;0.6942174, 0.46308, 2.835625;0.3943889, -0.1608438, 2.97005;0.686497, -0.1313981, 2.655265;0.5654324, 0.1564288, 2.915274;0.5062975, 0.07461562, 2.961393;0.6005995, 0.08821753, 2.839551;0.5443829, -0.4014687, 2.988286;0.6997944, -0.3750839, 2.795702;0.5704392, -0.7459577, 3.03011;0.7634788, -0.7505291, 2.767796;0.5277435, -0.8306668, 3.021925;0.7350287, -0.8398746, 2.748791;
0.5824157, 0.8250991, 3.015538;0.6343274, 0.6033548, 2.984993;0.5766918, 0.2307303, 2.923756;0.4838931, 0.4485524, 3.057705;0.6939499, 0.463349, 2.835593;0.3942074, -0.1608033, 2.969838;0.6867484, -0.1303686, 2.655446;0.5650365, 0.156285, 2.914895;0.5061533, 0.0745593, 2.961098;0.600216, 0.08817744, 2.839457;0.5437828, -0.4002059, 2.987399;0.699787, -0.3750887, 2.795743;0.5701941, -0.7453939, 3.029825;0.7634822, -0.750316, 2.767761;0.5278321, -0.8304987, 3.022039;0.7349724, -0.8397235, 2.747943;
0.5807496, 0.8247904, 3.022027;0.6340462, 0.6030718, 2.984595;0.5760717, 0.2307038, 2.923471;0.4837871, 0.4485963, 3.057637;0.6927277, 0.4627348, 2.834942;0.3935403, -0.1610732, 2.967591;0.6858961, -0.1311004, 2.655465;0.5643442, 0.1563072, 2.91465;0.5054247, 0.07451822, 2.961255;0.5991927, 0.08799428, 2.838769;0.5436457, -0.3998929, 2.986998;0.6993577, -0.3748839, 2.796161;0.5694479, -0.7444541, 3.029567;0.7635015, -0.7502656, 2.767725;0.5263795, -0.8298246, 3.018741;0.7349921, -0.8397216, 2.747936;
0.5744085, 0.8238338, 3.026556;0.6332868, 0.6034367, 2.98424;0.5756369, 0.230702, 2.923288;0.4835334, 0.4487201, 3.057533;0.6925315, 0.4627524, 2.834644;0.3911942, -0.1628886, 2.958456;0.6861746, -0.1305025, 2.656027;0.5639768, 0.1562502, 2.914506;0.5050721, 0.07451983, 2.96115;0.5990483, 0.08797354, 2.838747;0.5432262, -0.399528, 2.986596;0.6996981, -0.3767785, 2.796818;0.5694143, -0.7444786, 3.029822;0.7635471, -0.7503368, 2.767484;0.5259675, -0.8300973, 3.019464;0.734792, -0.8394644, 2.747319;
0.5740972, 0.8246825, 3.026862;0.6328467, 0.6042116, 2.983474;0.5755343, 0.2303963, 2.92263;0.4824275, 0.4484547, 3.055964;0.6922537, 0.4629821, 2.834247;0.3905083, -0.1621085, 2.958638;0.6850461, -0.1296902, 2.655511;0.5639347, 0.155688, 2.913774;0.5050313, 0.07408804, 2.960158;0.599197, 0.08781041, 2.838592;0.5425671, -0.3986596, 2.986187;0.6995475, -0.3770897, 2.796504;0.5691104, -0.744342, 3.029603;0.7627644, -0.750461, 2.767438;0.5257807, -0.830004, 3.019082;0.7348336, -0.8394408, 2.747267;
0.5709379, 0.8223765, 3.021418;0.6321588, 0.6026156, 2.982786;0.5755883, 0.2302583, 2.922341;0.4818291, 0.4491467, 3.05535;0.6920402, 0.462696, 2.833876;0.389344, -0.1615808, 2.956826;0.6819313, -0.1332435, 2.652439;0.5640609, 0.1556551, 2.913521;0.5052073, 0.07406664, 2.959868;0.5994849, 0.08766097, 2.838306;0.5422068, -0.3988392, 2.985255;0.6984184, -0.3776473, 2.79579;0.5686971, -0.7442329, 3.029801;0.7620863, -0.7507469, 2.767498;0.5260337, -0.8303068, 3.019905;0.7351089, -0.8401445, 2.749813;
0.5711426, 0.8231716, 3.021229;0.6304517, 0.6028827, 2.982331;0.5754914, 0.2302812, 2.922003;0.4814016, 0.4492854, 3.054923;0.6916269, 0.4630301, 2.833504;0.3874452, -0.1605073, 2.96023;0.6788481, -0.1335041, 2.650227;0.5641133, 0.1556697, 2.913185;0.5054046, 0.07402856, 2.959501;0.5997782, 0.0877042, 2.83793;0.5413209, -0.3987874, 2.984395;0.6963871, -0.3775201, 2.794576;0.5686531, -0.7442112, 3.02976;0.7621084, -0.7509407, 2.767559;0.5260992, -0.8302571, 3.020091;0.7351094, -0.8401455, 2.749812;
0.5704509, 0.8229858, 3.020113;0.6302373, 0.6028261, 2.982051;0.5755262, 0.2300577, 2.92176;0.4793369, 0.4505822, 3.055152;0.6893206, 0.4618061, 2.832052;0.3845632, -0.1615692, 2.959896;0.6759859, -0.1332794, 2.647837;0.5642334, 0.1554083, 2.912961;0.5055748, 0.07392045, 2.959255;0.600063, 0.08743042, 2.837884;0.5408103, -0.3991431, 2.983696;0.6955085, -0.3794464, 2.793702;0.5684586, -0.7443704, 3.02975;0.7613816, -0.7522738, 2.768166;0.525968, -0.8302763, 3.020175;0.7353017, -0.8403028, 2.749793;
0.5720021, 0.8222493, 3.018698;0.6264368, 0.6007337, 2.981719;0.5754448, 0.2296258, 2.921591;0.4781741, 0.4507021, 3.054625;0.6852888, 0.4595023, 2.82927;0.3823962, -0.1626264, 2.96167;0.6673107, -0.1356822, 2.636975;0.5644084, 0.155059, 2.912816;0.5062864, 0.07344711, 2.959192;0.6005557, 0.08691145, 2.837611;0.5398364, -0.3991701, 2.982847;0.6931741, -0.3789058, 2.792361;0.5682305, -0.7444546, 3.029581;0.7615491, -0.7524406, 2.768109;0.5262572, -0.8299974, 3.020275;0.7352362, -0.8402984, 2.74979;
0.5702148, 0.819211, 3.01837;0.6194873, 0.5998113, 2.979041;0.5751895, 0.2288603, 2.921295;0.4744178, 0.4489686, 3.053686;0.6829095, 0.4580553, 2.828163;0.380388, -0.1643987, 2.959849;0.6634718, -0.1354632, 2.634172;0.5646848, 0.1542421, 2.91268;0.5073121, 0.07235082, 2.959121;0.6016689, 0.08578303, 2.837839;0.5381501, -0.4015365, 2.982036;0.691497, -0.3801436, 2.790784;0.5667305, -0.7473083, 3.029382;0.7612587, -0.7528968, 2.76761;0.5261694, -0.830628, 3.020115;0.7353101, -0.8402315, 2.749918;
0.5641369, 0.8220956, 3.016982;0.6165954, 0.6033035, 2.976589;0.5750871, 0.2287572, 2.921053;0.4713693, 0.4473326, 3.051992;0.6810691, 0.458035, 2.827857;0.3757919, -0.1610004, 2.955371;0.6598805, -0.1363758, 2.630801;0.5648365, 0.153956, 2.912534;0.5077696, 0.07218105, 2.958956;0.6023524, 0.0855132, 2.838165;0.5371014, -0.4013666, 2.981267;0.6876438, -0.3828692, 2.788733;0.5661914, -0.7459742, 3.027837;0.7611234, -0.7536643, 2.767462;0.5260617, -0.8304864, 3.01991;0.7353452, -0.8402657, 2.749944;
0.5586393, 0.8110897, 3.01387;0.6079326, 0.5946255, 2.970183;0.5747141, 0.2254313, 2.920386;0.4664796, 0.4460091, 3.0517;0.6729337, 0.4520831, 2.822361;0.3725435, -0.1645413, 2.947432;0.6533966, -0.1368113, 2.618641;0.5657261, 0.1509081, 2.912616;0.5096548, 0.07007176, 2.959262;0.6048898, 0.08191985, 2.839884;0.5344622, -0.4032141, 2.980006;0.6857879, -0.3824503, 2.7872;0.5661876, -0.7459732, 3.027852;0.7615239, -0.7539499, 2.767725;0.526937, -0.8293821, 3.019915;0.7354004, -0.8402225, 2.749711;
0.5577065, 0.8093207, 3.012587;0.6040572, 0.5946867, 2.967988;0.5747371, 0.2242471, 2.920064;0.4602517, 0.4408228, 3.050061;0.6712204, 0.4500205, 2.818995;0.3554402, -0.2006057, 2.936034;0.6500841, -0.1397134, 2.61523;0.5667368, 0.1492427, 2.912689;0.5115095, 0.06842007, 2.959592;0.608173, 0.079, 2.841105;0.5330895, -0.4034305, 2.978939;0.6842853, -0.3830696, 2.785057;0.5655843, -0.7462066, 3.027432;0.760218, -0.7584139, 2.767722;0.5255274, -0.8289325, 3.018015;0.735379, -0.839394, 2.748332;
0.5394141, 0.801621, 2.996039;0.5995018, 0.5904721, 2.96376;0.5748698, 0.2218814, 2.919834;0.4557194, 0.4362659, 3.047187;0.6675698, 0.4461756, 2.816452;0.3567998, -0.1825216, 2.933322;0.6479402, -0.1434555, 2.613689;0.5679318, 0.1469707, 2.913206;0.51408, 0.0657201, 2.960947;0.61042, 0.07640762, 2.842547;0.5296896, -0.4060168, 2.977781;0.6815361, -0.3854115, 2.781573;0.5646868, -0.7466126, 3.026463;0.7602994, -0.7588552, 2.767524;0.525537, -0.8289164, 3.018015;0.735397, -0.8394142, 2.748274;
0.5197566, 0.7879817, 2.973506;0.5926005, 0.5823613, 2.958916;0.5761885, 0.2140813, 2.920229;0.4484442, 0.4276711, 3.04234;0.658008, 0.4387513, 2.812231;0.3559425, -0.186763, 2.935527;0.6447046, -0.148031, 2.611139;0.5717209, 0.1388406, 2.915169;0.5204314, 0.05936433, 2.962524;0.6155367, 0.06977796, 2.847969;0.5262048, -0.407499, 2.976895;0.6801683, -0.3859679, 2.780396;0.5631253, -0.7462595, 3.025061;0.7593845, -0.7606879, 2.767029;0.5255403, -0.8288668, 3.018112;0.7351777, -0.8397134, 2.748533;
0.5171674, 0.7731725, 2.97277;0.5788721, 0.5657496, 2.947443;0.5759169, 0.2075186, 2.919683;0.4409099, 0.4159092, 3.037952;0.6522291, 0.4298451, 2.80537;0.3535548, -0.1906856, 2.934132;0.6410783, -0.1599425, 2.60431;0.573081, 0.1338892, 2.91592;0.5236577, 0.05323297, 2.964632;0.6185177, 0.06473084, 2.849942;0.5248377, -0.4094969, 2.977074;0.6789809, -0.3899474, 2.776126;0.5620396, -0.7502716, 3.023597;0.7591447, -0.7618961, 2.767344;0.5249824, -0.8292487, 3.016543;0.7348098, -0.8397527, 2.748169;
0.5071212, 0.7639846, 2.963345;0.5730855, 0.5577427, 2.93834;0.5766631, 0.1982885, 2.918796;0.4361118, 0.407618, 3.032186;0.6410848, 0.415556, 2.797751;0.3461037, -0.2037976, 2.934911;0.6367824, -0.1749033, 2.600441;0.5759431, 0.1248933, 2.917141;0.5288353, 0.04628041, 2.967307;0.6226022, 0.05580299, 2.853678;0.5205685, -0.4138274, 2.97745;0.6779498, -0.3924737, 2.77413;0.5617175, -0.7489803, 3.023443;0.7578538, -0.7612786, 2.766615;0.5249057, -0.8290691, 3.017093;0.7346674, -0.8362858, 2.745351;
0.497889, 0.7447278, 2.945882;0.5611597, 0.5401008, 2.923127;0.5770422, 0.1834082, 2.918877;0.4279942, 0.3960229, 3.02782;0.6356535, 0.4037045, 2.790112;0.3405793, -0.2261927, 2.93141;0.6342953, -0.1913802, 2.597623;0.5790097, 0.1103853, 2.920263;0.5338964, 0.0340708, 2.971788;0.6287381, 0.04082807, 2.861631;0.5172371, -0.4196992, 2.978018;0.6767286, -0.3988164, 2.770165;0.561358, -0.748705, 3.023461;0.757543, -0.7632033, 2.766896;0.5249568, -0.8288792, 3.017365;0.7345842, -0.8371038, 2.74634;
0.4939929, 0.7290384, 2.940731;0.5515029, 0.5241171, 2.912793;0.578377, 0.1605303, 2.917185;0.4209722, 0.3720798, 3.018697;0.6255872, 0.3830262, 2.781742;0.3376974, -0.2372735, 2.932128;0.6294277, -0.2117425, 2.590639;0.5835253, 0.0869281, 2.921276;0.5421095, 0.01136163, 2.975373;0.6345808, 0.02187107, 2.864733;0.5153759, -0.4219402, 2.978623;0.676914, -0.4048573, 2.767113;0.5586101, -0.7466618, 3.024424;0.7565989, -0.7661729, 2.765436;0.5245076, -0.8283477, 3.016803;0.7336339, -0.8393512, 2.745129;
0.4574215, 0.6864947, 2.915714;0.5380676, 0.4931497, 2.900016;0.5790045, 0.1458938, 2.915964;0.4175929, 0.3629564, 3.014521;0.6167786, 0.3694907, 2.779958;0.3330634, -0.2571747, 2.931417;0.6276214, -0.228748, 2.590169;0.5858866, 0.07496063, 2.921578;0.5472835, -0.000411707, 2.97709;0.6376779, 0.01188413, 2.86632;0.5133031, -0.427497, 2.979578;0.6734741, -0.4054741, 2.77144;0.5585734, -0.7465407, 3.024367;0.756637, -0.7664871, 2.765363;0.524627, -0.8282496, 3.017808;0.7338744, -0.8396542, 2.745353;
0.455358, 0.6728016, 2.907699;0.5295306, 0.4793362, 2.894473;0.5790306, 0.1302557, 2.917773;0.4109796, 0.3458345, 3.006988;0.606832, 0.3466439, 2.772097;0.330389, -0.2800195, 2.930236;0.625826, -0.2384793, 2.588647;0.5883209, 0.05946714, 2.925481;0.55243, -0.01462619, 2.98344;0.6424218, -0.004470797, 2.87232;0.5118483, -0.4320391, 2.980529;0.6715245, -0.4174476, 2.760327;0.5580829, -0.7464657, 3.024512;0.7561635, -0.7676412, 2.765718;0.5254027, -0.8249003, 3.018734;0.7335429, -0.8405421, 2.745282;
0.4500651, 0.6520107, 2.903131;0.5219135, 0.4579514, 2.879615;0.5807516, 0.1102938, 2.916593;0.4044932, 0.3047402, 2.997314;0.6018091, 0.3295882, 2.7674;0.3288451, -0.3038376, 2.928495;0.6243457, -0.2643037, 2.58413;0.5920848, 0.03980317, 2.926923;0.5591449, -0.03477335, 2.986727;0.6466935, -0.02051552, 2.876513;0.5082755, -0.436257, 2.980578;0.6672791, -0.4189724, 2.767172;0.5586146, -0.7514887, 3.024953;0.7555196, -0.7682827, 2.764993;0.5238835, -0.8280114, 3.016299;0.7340156, -0.84117, 2.744008;
0.4432558, 0.6301888, 2.894654;0.5138214, 0.4380632, 2.877489;0.5814407, 0.08968352, 2.920505;0.3989716, 0.2898826, 2.994352;0.5964741, 0.3051998, 2.759979;0.3249955, -0.318377, 2.92581;0.6256483, -0.2892228, 2.582973;0.5948047, 0.01951123, 2.932441;0.5624557, -0.05043689, 2.990365;0.651901, -0.04052155, 2.886683;0.5038063, -0.4451783, 2.979774;0.6648186, -0.4286001, 2.743304;0.5578537, -0.7548821, 3.02514;0.7549567, -0.7698383, 2.764278;0.5234198, -0.8298758, 3.016165;0.7332652, -0.8429726, 2.745178;
0.4283668, 0.6069856, 2.887876;0.5050588, 0.4182818, 2.867893;0.5810411, 0.07509473, 2.918823;0.3943899, 0.2676196, 2.986255;0.5890678, 0.274712, 2.75414;0.3202738, -0.3458004, 2.927011;0.6243066, -0.2952683, 2.582676;0.595758, 0.005893767, 2.932044;0.5650229, -0.06858139, 2.993259;0.6539159, -0.05042153, 2.88594;0.4964351, -0.4610508, 2.977636;0.6620351, -0.4418609, 2.729199;0.5542905, -0.751261, 3.024603;0.7537745, -0.7714276, 2.764138;0.524038, -0.829405, 3.016323;0.7332016, -0.8445383, 2.744475;
0.4106858, 0.5645019, 2.859301;0.4961564, 0.3843942, 2.857536;0.5823469, 0.04911727, 2.919672;0.3896613, 0.2436581, 2.982943;0.5870692, 0.2510518, 2.750509;0.3155734, -0.3655071, 2.926651;0.6237764, -0.3267789, 2.573625;0.5991026, -0.01862421, 2.935085;0.5679919, -0.08558942, 2.999684;0.6627102, -0.0830764, 2.889156;0.487708, -0.4750746, 2.975886;0.6604136, -0.4523795, 2.717901;0.5484411, -0.77055, 3.022386;0.7532965, -0.7725974, 2.763442;0.5186149, -0.842517, 3.014714;0.7328057, -0.8455441, 2.743779;
0.4036771, 0.5377676, 2.84806;0.4922889, 0.3629675, 2.854489;0.5841547, 0.03461454, 2.921076;0.3876767, 0.2227473, 2.976207;0.5816149, 0.2308196, 2.745594;0.3120179, -0.3846799, 2.92647;0.6189506, -0.3054205, 2.580777;0.602044, -0.03161199, 2.937446;0.5737786, -0.09895456, 3.001459;0.6640891, -0.08940388, 2.89283;0.4771484, -0.4837751, 2.971351;0.6583747, -0.4576014, 2.710852;0.5446602, -0.7763212, 3.021239;0.7530197, -0.772775, 2.763374;0.5182877, -0.849452, 3.013692;0.7329252, -0.8456863, 2.743861;
0.4020107, 0.4985508, 2.834514;0.4845071, 0.3220559, 2.840733;0.5823572, 0.012731, 2.916392;0.3823776, 0.2000438, 2.968776;0.5801369, 0.1922905, 2.735885;0.3088741, -0.4043545, 2.928504;0.6136654, -0.3975945, 2.583584;0.6013924, -0.04975202, 2.934397;0.5744968, -0.1166975, 3.001253;0.6652234, -0.1094888, 2.890913;0.4716511, -0.4990609, 2.968441;0.6559495, -0.4663371, 2.704295;0.5412904, -0.789767, 3.021157;0.7520397, -0.7735908, 2.762015;0.5131683, -0.8621277, 3.014255;0.7327847, -0.8464513, 2.742136;
0.3991632, 0.4852177, 2.833754;0.4790148, 0.3074173, 2.835536;0.5862033, -0.02104306, 2.928788;0.3752593, 0.1764343, 2.969243;0.5765832, 0.1806235, 2.733784;0.3017091, -0.4312974, 2.924833;0.641081, -0.4168097, 2.570056;0.6088056, -0.08923098, 2.953152;0.593686, -0.1533066, 3.013173;0.6655855, -0.1492895, 2.928603;0.4598102, -0.523388, 2.965106;0.6515289, -0.4771762, 2.694494;0.5336012, -0.8120798, 3.019054;0.7518072, -0.7737555, 2.762189;0.5034387, -0.8837446, 3.017679;0.7328314, -0.8466681, 2.742923;
0.3909886, 0.4506899, 2.825931;0.4711394, 0.2717889, 2.81727;0.5852785, -0.04954947, 2.92966;0.3677901, 0.133972, 2.968549;0.5717927, 0.1587926, 2.731869;0.303222, -0.4736467, 2.915339;0.6491534, -0.429833, 2.568096;0.6081812, -0.1136991, 2.955407;0.5938054, -0.1707272, 3.014836;0.6638428, -0.1717997, 2.932653;0.4516212, -0.5354745, 2.960213;0.6476541, -0.4878562, 2.684405;0.530956, -0.8208793, 3.018085;0.7514519, -0.7737079, 2.762166;0.4908349, -0.8870583, 3.023905;0.7330875, -0.8466694, 2.743124;
0.3889517, 0.436759, 2.826122;0.4651675, 0.2555591, 2.814271;0.582865, -0.06340635, 2.927806;0.3648734, 0.1185647, 2.963947;0.5677558, 0.1345163, 2.726049;0.3007148, -0.4900716, 2.916008;0.6547083, -0.4629477, 2.573962;0.6063454, -0.1272763, 2.953865;0.5919462, -0.1863881, 3.013638;0.6630262, -0.1839352, 2.931453;0.4465649, -0.5483036, 2.957787;0.6454611, -0.4994243, 2.684759;0.5306653, -0.830512, 3.019228;0.7511291, -0.7735122, 2.762031;0.4561182, -0.8099506, 3.01507;0.7327552, -0.8469135, 2.745539;
0.383194, 0.4024529, 2.817025;0.4607892, 0.2244589, 2.813063;0.5791103, -0.08710513, 2.925973;0.3609363, 0.09288962, 2.961607;0.5646861, 0.1119462, 2.721548;0.3062913, -0.5135691, 2.92474;0.6564323, -0.4796754, 2.572353;0.602762, -0.1495049, 2.952036;0.5880494, -0.2088552, 3.012884;0.6605688, -0.2059799, 2.929111;0.4605025, -0.509112, 2.960072;0.6387901, -0.5122448, 2.672846;0.5434011, -0.7536601, 3.014609;0.7508819, -0.7735216, 2.761857;0.5255906, -0.8302654, 3.020124;0.7330619, -0.8471017, 2.746482;
0.3732969, 0.382723, 2.809016;0.4576629, 0.2107915, 2.811327;0.5802178, -0.1026913, 2.924038;0.3598038, 0.06507298, 2.959134;0.5629963, 0.1016905, 2.719805;0.28848, -0.5538232, 2.917748;0.6561147, -0.5030125, 2.569709;0.6047922, -0.1655428, 2.950056;0.5922518, -0.2280651, 3.012756;0.6631402, -0.221291, 2.925833;0.4583018, -0.5169102, 2.956528;0.6357008, -0.5230021, 2.666467;0.5427135, -0.7532917, 3.013985;0.7497256, -0.7736756, 2.761582;0.5247945, -0.8292443, 3.019988;0.7318178, -0.8471196, 2.746616;
0.3723875, 0.3642672, 2.806969;0.4530364, 0.1908687, 2.806958;0.5794676, -0.1165445, 2.921493;0.3569509, 0.05232665, 2.957278;0.5601215, 0.08066875, 2.71419;0.3046439, -0.5551131, 2.918616;0.6661239, -0.5323783, 2.568287;0.6046259, -0.1782173, 2.947834;0.5923789, -0.2404338, 3.011374;0.6640012, -0.2326952, 2.923652;0.4580682, -0.5185379, 2.956288;0.6317112, -0.5311372, 2.660937;0.5420818, -0.7509629, 3.011191;0.7497231, -0.7731616, 2.761145;0.5233815, -0.8290795, 3.018869;0.7315332, -0.8456682, 2.743144;
0.3683062, 0.3390757, 2.799632;0.4493916, 0.1674431, 2.802026;0.5777264, -0.13098, 2.91862;0.3496788, 0.033376, 2.954519;0.5580494, 0.0666413, 2.709631;0.2874238, -0.5821477, 2.914031;0.6618494, -0.5386254, 2.568085;0.603268, -0.1909146, 2.945356;0.591278, -0.2546979, 3.009863;0.6639611, -0.2445015, 2.921592;0.4541172, -0.5250677, 2.953507;0.628045, -0.537194, 2.652729;0.5415129, -0.7496759, 3.010667;0.7493938, -0.7729241, 2.760986;0.5235135, -0.8267809, 3.018271;0.7296698, -0.8445951, 2.742036;
0.3691012, 0.3327558, 2.800876;0.4433975, 0.1492479, 2.799613;0.5712888, -0.1487181, 2.916426;0.3480911, 0.02658544, 2.955032;0.5569707, 0.0580311, 2.708303;0.2985899, -0.571097, 2.922928;0.660441, -0.5454119, 2.568916;0.5968787, -0.2082482, 2.94327;0.5865792, -0.2704017, 3.008943;0.6570132, -0.2647849, 2.91967;0.4527828, -0.5274315, 2.951799;0.6253685, -0.5477746, 2.639479;0.5412176, -0.7499133, 3.010102;0.7483211, -0.7727064, 2.760549;0.5215108, -0.8280725, 3.017506;0.7285151, -0.8441425, 2.741461;
0.361369, 0.2988938, 2.786797;0.4451076, 0.1297668, 2.797024;0.5894466, -0.1585917, 2.911003;0.3485571, 0.009125563, 2.949974;0.5554184, 0.03509762, 2.705913;0.3514684, -0.5814022, 2.887457;0.6534588, -0.5674975, 2.571675;0.6205229, -0.2168945, 2.936694;0.6209493, -0.2837417, 3.001872;0.6859143, -0.2668772, 2.911382;0.44904, -0.531199, 2.950657;0.6130176, -0.5461716, 2.635434;0.5410043, -0.7490851, 3.007679;0.7479764, -0.772505, 2.759898;0.5212466, -0.8263538, 3.016389;0.7271513, -0.843851, 2.742254;
0.3602539, 0.2906915, 2.784043;0.4461342, 0.1182828, 2.794462;0.592557, -0.1657263, 2.908967;0.3443988, -0.008055144, 2.947787;0.5536681, 0.02340872, 2.70496;0.3067341, -0.5902866, 2.928102;0.6533357, -0.5858074, 2.564975;0.6229106, -0.2226132, 2.935098;0.6216517, -0.2885839, 3.000883;0.687595, -0.2708883, 2.910366;0.4474499, -0.5339593, 2.948444;0.6061, -0.5452821, 2.631778;0.5410447, -0.7491068, 3.007585;0.7467241, -0.7742923, 2.758506;0.5210743, -0.8257936, 3.016218;0.7251294, -0.8451903, 2.740707;
0.358887, 0.2870665, 2.784262;0.4444181, 0.104304, 2.792328;0.5950633, -0.173822, 2.908185;0.3423888, -0.01342396, 2.945861;0.5523687, 0.00881185, 2.702789;0.3058193, -0.6422937, 2.93136;0.6562111, -0.5999843, 2.56508;0.6255897, -0.2297262, 2.93462;0.6231675, -0.2936995, 3.000246;0.6900088, -0.2763591, 2.910632;0.4470175, -0.5365863, 2.947742;0.6044556, -0.546677, 2.629141;0.5427089, -0.7527244, 3.008433;0.7456273, -0.7781589, 2.758435;0.5206383, -0.8256961, 3.016076;0.724371, -0.8484856, 2.73885;
0.3557267, 0.277943, 2.786258;0.4427969, 0.09119076, 2.788733;0.5872176, -0.199815, 2.911745;0.3450822, -0.03998814, 2.939007;0.5456077, -0.01005622, 2.703331;0.3177962, -0.6163881, 2.928857;0.6561847, -0.6073176, 2.565592;0.6156874, -0.2589224, 2.940455;0.6116253, -0.3177515, 3.006623;0.6744174, -0.308516, 2.917897;0.447174, -0.5445511, 2.946056;0.5976966, -0.551309, 2.608844;0.5539366, -0.7863905, 3.017017;0.7431508, -0.7823254, 2.754745;0.5034855, -0.8432786, 3.014532;0.7243605, -0.8550169, 2.742473;
0.3569075, 0.2555485, 2.780977;0.4376239, 0.06909976, 2.78668;0.5927386, -0.2023149, 2.909979;0.3446692, -0.04321628, 2.938772;0.5459745, -0.02495141, 2.700909;0.3248517, -0.6318334, 2.934602;0.6580247, -0.6199499, 2.566418;0.6245288, -0.2593523, 2.937905;0.6265437, -0.3195619, 3.004889;0.6887784, -0.3062078, 2.913688;0.4449439, -0.5461918, 2.944628;0.592877, -0.5496394, 2.610942;0.5459053, -0.765574, 3.006574;0.7440693, -0.8022028, 2.76203;0.5159464, -0.834776, 3.016966;0.7145191, -0.8670965, 2.735383;
0.3495927, 0.2476448, 2.782922;0.4361965, 0.06016583, 2.785301;0.5973238, -0.2078871, 2.908785;0.3478304, -0.05866738, 2.932641;0.544907, -0.03764082, 2.701022;0.3191917, -0.6474401, 2.948062;0.6720123, -0.6712044, 2.571057;0.62967, -0.2631506, 2.936861;0.6318727, -0.3231445, 3.00451;0.6928977, -0.3082566, 2.912695;0.3558718, -0.5842417, 2.905021;0.5824653, -0.5312343, 2.598964;0.4852685, -0.8335552, 2.988644;0.7419192, -0.8051481, 2.75998;0.4417025, -0.8998697, 2.947026;0.7159873, -0.8725799, 2.735886;
0.3456497, 0.2124963, 2.772758;0.4352242, 0.05168668, 2.78358;0.6000443, -0.2110838, 2.908373;0.3381759, -0.08716971, 2.941882;0.5445824, -0.04865105, 2.699877;0.3264396, -0.6687108, 2.938323;0.6711538, -0.6666955, 2.571602;0.632874, -0.2652226, 2.936642;0.6357797, -0.3268378, 3.00543;0.6982011, -0.309482, 2.912645;0.4311879, -0.5545072, 2.934982;0.5854174, -0.5360309, 2.602507;0.5452184, -0.7631254, 3.004201;0.7393558, -0.8089309, 2.747341;0.5119935, -0.8311507, 3.012991;0.7167396, -0.8815495, 2.742479;
0.3148875, 0.1797831, 2.771174;0.4343266, 0.03908486, 2.777275;0.6071033, -0.2201421, 2.905848;0.3409704, -0.09804304, 2.937114;0.5427426, -0.05903889, 2.697725;0.3353877, -0.6719761, 2.941235;0.6719927, -0.6769982, 2.570046;0.6416249, -0.2730696, 2.93483;0.6437391, -0.33354, 3.003124;0.7051769, -0.3125205, 2.912004;0.4320323, -0.5525441, 2.934092;0.5810502, -0.528252, 2.598408;0.5400171, -0.7599956, 3.000858;0.6519591, -0.8146502, 2.508311;0.5122191, -0.8300599, 3.012441;0.6115865, -0.8828331, 2.46623;
0.317319, 0.1718687, 2.76756;0.4320106, 0.02957856, 2.777635;0.6089691, -0.2246128, 2.905697;0.3436561, -0.09785858, 2.935857;0.543178, -0.06559043, 2.698178;0.3385797, -0.6857678, 2.944453;0.6693968, -0.6749097, 2.571619;0.6440175, -0.2764984, 2.934669;0.6469908, -0.3357197, 3.003685;0.7086375, -0.316982, 2.911017;0.4314959, -0.5471614, 2.93315;0.5807019, -0.5242542, 2.593174;0.5401664, -0.7593714, 3.00074;0.6503878, -0.8108038, 2.504531;0.4968152, -0.8216984, 3.008374;0.6819556, -0.8243446, 2.601884;
0.3209351, 0.1670475, 2.76957;0.4297634, 0.0206867, 2.779022;0.6103052, -0.2346999, 2.907368;0.3437425, -0.09779173, 2.935918;0.5416705, -0.07206695, 2.697512;0.3291632, -0.6936854, 2.943629;0.6690609, -0.6823477, 2.573314;0.6462182, -0.2861096, 2.936399;0.6485895, -0.340448, 3.003083;0.7092401, -0.3233707, 2.91315;0.4294404, -0.5383879, 2.930956;0.5808608, -0.5214611, 2.589525;0.5406424, -0.7609443, 3.001005;0.6501732, -0.8077328, 2.501159;0.49698, -0.8230166, 3.009307;0.6829697, -0.8243737, 2.597678;
0.3209431, 0.1606207, 2.770124;0.4272802, 0.01295916, 2.779008;0.6117706, -0.2398367, 2.90738;0.3450971, -0.09970915, 2.934286;0.5408933, -0.08026198, 2.697999;0.3319915, -0.7319564, 2.955954;0.6690278, -0.6845132, 2.5752;0.6484233, -0.2908676, 2.936447;0.6516316, -0.3447531, 3.003316;0.7117261, -0.3283455, 2.912832;0.4297535, -0.5376129, 2.930797;0.5805327, -0.5188154, 2.585756;0.5081435, -0.7614999, 3.001025;0.6493503, -0.8048484, 2.497857;0.4974605, -0.8365442, 3.010388;0.6823282, -0.8223989, 2.594202;
0.3243971, 0.1570439, 2.769836;0.4263468, 0.005342724, 2.779326;0.6125438, -0.2438153, 2.907756;0.3452785, -0.1022523, 2.93403;0.5399048, -0.08588839, 2.697404;0.3351017, -0.742305, 2.963218;0.6683878, -0.6855407, 2.575742;0.6494638, -0.2941063, 2.93683;0.6527691, -0.3467618, 3.002915;0.7122284, -0.3306307, 2.913557;0.4309833, -0.5572226, 2.942366;0.5808011, -0.5159786, 2.583653;0.5316789, -0.7689331, 3.004283;0.6488698, -0.8019148, 2.496221;0.4917219, -0.8338623, 3.009385;0.6821265, -0.8204083, 2.59234;
0.3233226, 0.1540391, 2.770511;0.4263454, 0.004543903, 2.778433;0.6128902, -0.245283, 2.907585;0.3453436, -0.1035938, 2.933891;0.5399468, -0.08752033, 2.69733;0.3331987, -0.7431117, 2.963819;0.6698816, -0.7307194, 2.567793;0.6499546, -0.2956659, 2.93684;0.6535591, -0.3487293, 3.003221;0.7129477, -0.3326274, 2.913733;0.3270414, -0.6045316, 3.0003;0.5808538, -0.5135978, 2.582125;0.5588273, -0.7908314, 3.009073;0.6487357, -0.7993129, 2.495026;0.4911218, -0.8261919, 3.006094;0.6780182, -0.8187423, 2.592293;
0.3254969, 0.1541688, 2.770561;0.4266223, 0.002265019, 2.777328;0.6136776, -0.2498907, 2.907544;0.3457176, -0.1044275, 2.933318;0.5396779, -0.08946241, 2.69747;0.3508184, -0.661561, 2.949188;0.6681694, -0.6853403, 2.577911;0.6509413, -0.3006618, 2.937108;0.6544867, -0.3522375, 3.002397;0.7129626, -0.3372759, 2.914938;0.439184, -0.5534267, 2.940985;0.5832843, -0.5101301, 2.577992;0.5090971, -0.7545195, 3.001605;0.6522527, -0.7981017, 2.507344;0.4969063, -0.829815, 3.008918;0.6823669, -0.8190561, 2.604306;
0.3275434, 0.1540916, 2.769381;0.4267629, 0.002091814, 2.776922;0.613849, -0.2504394, 2.907768;0.345857, -0.1050972, 2.932624;0.5396883, -0.09097776, 2.696897;0.395305, -0.6987421, 2.915398;0.6682659, -0.6880742, 2.57797;0.6511567, -0.3013254, 2.937531;0.6545284, -0.3525541, 3.002432;0.7130022, -0.3378853, 2.915785;0.4551046, -0.6191368, 2.966276;0.6322996, -0.4924849, 2.67505;0.5005943, -0.7518316, 2.999237;0.7124683, -0.7730753, 2.685527;0.4984672, -0.8279107, 3.007744;0.7258142, -0.8485252, 2.741926;
0.3294292, 0.1567995, 2.768702;0.4269249, 0.002028653, 2.776682;0.6139113, -0.2505184, 2.907581;0.3457476, -0.1053453, 2.93258;0.5394551, -0.09196135, 2.696622;0.3562901, -0.6879407, 2.968945;0.6684595, -0.6885114, 2.578089;0.6512091, -0.3013864, 2.937342;0.6545806, -0.3526764, 3.002136;0.713031, -0.3379188, 2.915633;0.4323727, -0.5569144, 2.943609;0.5846695, -0.5127277, 2.580088;0.5242804, -0.7540013, 3.002268;0.6659533, -0.796839, 2.593091;0.4994524, -0.8264066, 3.006796;0.7026288, -0.8289195, 2.684676;
0.3304952, 0.1535208, 2.766383;0.427004, 0.001915301, 2.776668;0.6138051, -0.250526, 2.907481;0.3457931, -0.105364, 2.932385;0.5397326, -0.09240486, 2.696651;0.3565668, -0.7171752, 2.94384;0.6703625, -0.6815367, 2.577312;0.651027, -0.3013503, 2.937202;0.6543505, -0.3527036, 3.002054;0.712988, -0.3380077, 2.915502;0.4333194, -0.5574462, 2.94323;0.5844212, -0.5111541, 2.579272;0.5289067, -0.7573116, 3.004115;0.6522524, -0.8003533, 2.529586;0.5017704, -0.8290204, 3.006392;0.6864156, -0.8227447, 2.624987;
0.3300914, 0.1526836, 2.765657;0.4278318, 0.002764108, 2.776865;0.6131084, -0.2497679, 2.906762;0.3458525, -0.1053459, 2.932322;0.5395175, -0.09263239, 2.696302;0.3415861, -0.7010044, 2.93006;0.6704178, -0.6804671, 2.578436;0.6498032, -0.3003607, 2.936069;0.6539204, -0.3526301, 3.002151;0.7121288, -0.3384477, 2.91317;0.4328793, -0.5436628, 2.937386;0.583912, -0.5119776, 2.577135;0.5343413, -0.7684337, 3.007092;0.7544311, -0.8213336, 2.760872;0.5006799, -0.8373878, 3.007504;0.7109897, -0.8831104, 2.747292;
0.3318225, 0.155492, 2.765317;0.4282103, 0.003025783, 2.776786;0.6128671, -0.249832, 2.906645;0.3468826, -0.1050929, 2.931841;0.5397167, -0.09224081, 2.695807;0.3368724, -0.6694148, 2.945855;0.6698774, -0.6787477, 2.579243;0.6493732, -0.3005081, 2.935932;0.6529318, -0.3530304, 3.002171;0.7117637, -0.3388498, 2.912993;0.4370034, -0.5512836, 2.940573;0.6230766, -0.4580301, 2.67595;0.5359476, -0.7677692, 3.007087;0.7560135, -0.8211404, 2.764375;0.5009611, -0.8360807, 3.005997;0.7107822, -0.8802697, 2.745679;
0.3402692, 0.1615641, 2.762646;0.4288429, 0.004275985, 2.776809;0.6125203, -0.249011, 2.906344;0.3447341, -0.11158, 2.934872;0.5411974, -0.08993818, 2.694118;0.3377913, -0.6665173, 2.947569;0.6699975, -0.677555, 2.579246;0.6488923, -0.2996764, 2.935571;0.6521651, -0.3532524, 3.001908;0.7119847, -0.3378517, 2.912864;0.4304171, -0.5410156, 2.938032;0.5829542, -0.5106943, 2.577001;0.5385621, -0.7854847, 3.009265;0.7450998, -0.813579, 2.757297;0.4908287, -0.8454499, 3.004476;0.7216312, -0.8866093, 2.753687;
0.3421775, 0.1686134, 2.765493;0.4325906, 0.01480701, 2.776569;0.6125162, -0.2476214, 2.90609;0.3448416, -0.1117398, 2.934803;0.5421296, -0.08497611, 2.694138;0.3305085, -0.6855918, 2.937514;0.6703973, -0.675508, 2.577713;0.648748, -0.2990406, 2.935367;0.6515764, -0.3534399, 3.00173;0.7121434, -0.3371932, 2.912718;0.428101, -0.6257228, 2.970958;0.58995, -0.5212919, 2.581368;0.5400593, -0.7904744, 3.011984;0.7446082, -0.8122629, 2.759469;0.4941784, -0.851956, 3.008007;0.7227988, -0.8855228, 2.751839;
0.3480042, 0.1810811, 2.767466;0.4359998, 0.0206022, 2.774732;0.6115874, -0.2447409, 2.907079;0.344936, -0.11009, 2.934098;0.5453564, -0.07842122, 2.693678;0.36364, -0.6528993, 2.898435;0.6709871, -0.6727515, 2.57812;0.6470693, -0.2965843, 2.936854;0.647602, -0.3524244, 3.003839;0.7111135, -0.3348311, 2.915207;0.4633815, -0.630057, 2.975111;0.590762, -0.513665, 2.581125;0.5409504, -0.7908016, 3.012726;0.7452507, -0.8099259, 2.760972;0.4912582, -0.849341, 3.009749;0.7257795, -0.8829844, 2.747247;
0.3474768, 0.1906708, 2.76761;0.4389878, 0.03913561, 2.775138;0.6105146, -0.2372948, 2.908756;0.3461677, -0.1054434, 2.933831;0.5502021, -0.06325544, 2.694276;0.3572206, -0.6298509, 2.877542;0.671712, -0.6695396, 2.575703;0.6455022, -0.291333, 2.938581;0.6448058, -0.3498658, 3.004982;0.7103638, -0.3300585, 2.917648;0.4633625, -0.6296799, 2.975629;0.6011642, -0.5288572, 2.59242;0.5375978, -0.7607735, 3.006034;0.7414877, -0.7983499, 2.757167;0.5084395, -0.8318304, 3.009487;0.7321395, -0.8741466, 2.748297;
0.3700841, 0.2281239, 2.780159;0.445629, 0.04967453, 2.778319;0.6098565, -0.2316482, 2.909915;0.3533677, -0.07653852, 2.92964;0.5518595, -0.05527238, 2.694145;0.3534651, -0.6131634, 2.888525;0.6744723, -0.6651862, 2.574358;0.6437193, -0.2867393, 2.939576;0.640887, -0.3450187, 3.005916;0.7086197, -0.3276418, 2.918351;0.4313341, -0.5643952, 2.96028;0.6055522, -0.5320917, 2.595883;0.5377035, -0.7615111, 3.00599;0.7417195, -0.7936655, 2.757014;0.5102191, -0.8332132, 3.010219;0.7280791, -0.8670642, 2.738547;
0.3714921, 0.2305668, 2.781115;0.4508005, 0.06204474, 2.782145;0.6093994, -0.2176603, 2.914015;0.3543788, -0.06068237, 2.936431;0.558112, -0.04183891, 2.694854;0.3514864, -0.5990698, 2.89335;0.6712283, -0.6054646, 2.577243;0.6415888, -0.2732794, 2.943703;0.6369929, -0.3316986, 3.010823;0.7065267, -0.3190966, 2.921757;0.4307353, -0.5627828, 2.959791;0.6102509, -0.5314662, 2.603586;0.5373238, -0.7567616, 3.006194;0.7402017, -0.7793013, 2.751536;0.5112641, -0.8287627, 3.011116;0.72868, -0.8541917, 2.739445;
0.3778285, 0.2543249, 2.785415;0.4574233, 0.08254436, 2.78347;0.6087321, -0.2088875, 2.915818;0.3557936, -0.04675293, 2.939113;0.5627298, -0.02164066, 2.698932;0.3509977, -0.5943978, 2.896829;0.6704311, -0.5942445, 2.579041;0.6398907, -0.2661875, 2.945565;0.6337623, -0.3256542, 3.012066;0.7039839, -0.3119702, 2.924684;0.4303443, -0.5585946, 2.960223;0.6132942, -0.5292801, 2.60942;0.5376333, -0.7551741, 3.007122;0.7425976, -0.777294, 2.753854;0.5117806, -0.8271158, 3.011188;0.7275566, -0.8508742, 2.739013;
0.384143, 0.2782513, 2.793593;0.4621194, 0.09935283, 2.786022;0.6096183, -0.1897354, 2.919086;0.3568172, -0.02328806, 2.940091;0.5646695, -0.001180674, 2.699565;0.3403831, -0.5696999, 2.892954;0.6661251, -0.5781614, 2.583407;0.6394155, -0.2476294, 2.948982;0.631229, -0.3070081, 3.013457;0.702101, -0.2924137, 2.929992;0.432088, -0.5514918, 2.961077;0.6207321, -0.5242164, 2.624149;0.5382341, -0.7573249, 3.008127;0.7428153, -0.777017, 2.754113;0.5150913, -0.8298959, 3.013454;0.7273024, -0.850251, 2.739058;
0.3862174, 0.2956703, 2.799572;0.4691503, 0.1291574, 2.792639;0.5994416, -0.1757601, 2.930331;0.3603776, -0.004095632, 2.943389;0.5671696, 0.0183443, 2.702879;0.319326, -0.5795364, 2.930489;0.6725804, -0.527, 2.581428;0.6249765, -0.2348559, 2.962314;0.6088678, -0.2895674, 3.028007;0.6835374, -0.2831328, 2.945865;0.4356962, -0.5453213, 2.961426;0.6287646, -0.5158294, 2.635698;0.5387243, -0.7565972, 3.008791;0.7433561, -0.7746756, 2.754086;0.5156872, -0.8290322, 3.013818;0.7261518, -0.8474083, 2.739363;
0.3900575, 0.3128821, 2.805073;0.4705423, 0.1454757, 2.795524;0.6080904, -0.1589088, 2.927102;0.3653358, 0.01810947, 2.946331;0.5714633, 0.04418389, 2.706865;0.3170117, -0.5612941, 2.931267;0.6747575, -0.5216253, 2.582814;0.635478, -0.2191662, 2.957131;0.6235441, -0.2767834, 3.019583;0.6959416, -0.2653267, 2.938216;0.4479738, -0.5215639, 2.963916;0.6374604, -0.5343349, 2.662699;0.5393994, -0.7558697, 3.009591;0.7443945, -0.774135, 2.754901;0.51694, -0.828293, 3.014751;0.7263033, -0.8463165, 2.739451;
0.3976786, 0.3494267, 2.817197;0.4711936, 0.1842222, 2.800971;0.6012908, -0.140152, 2.930812;0.365997, 0.04553715, 2.950695;0.5739508, 0.06361014, 2.711277;0.3302943, -0.5356336, 2.921736;0.6761677, -0.4963344, 2.586526;0.6279167, -0.2038752, 2.960347;0.6135471, -0.2615992, 3.022962;0.6895176, -0.2563298, 2.940479;0.4122699, -0.5777853, 2.954111;0.6414177, -0.5303329, 2.669402;0.5141868, -0.8408249, 3.008672;0.7448572, -0.773926, 2.755384;0.4663716, -0.9013063, 2.963774;0.7293621, -0.8469233, 2.741877;
0.4088994, 0.3788152, 2.821146;0.4740115, 0.193847, 2.804041;0.5993066, -0.1267479, 2.93478;0.3700336, 0.06323457, 2.954098;0.5769861, 0.08098152, 2.715258;0.3380613, -0.514691, 2.924369;0.6790842, -0.4773798, 2.588216;0.6245347, -0.1905382, 2.964344;0.6088126, -0.2473237, 3.026218;0.6843074, -0.2437609, 2.94502;0.4207983, -0.5697604, 2.952919;0.6498216, -0.5238636, 2.679682;0.5158951, -0.8349431, 3.007008;0.7456931, -0.7742133, 2.756527;0.4679919, -0.8951122, 2.9622;0.730051, -0.8470278, 2.743201;
0.41127, 0.3956769, 2.82788;0.4826216, 0.2274881, 2.815992;0.5974739, -0.1020562, 2.939032;0.3767099, 0.09240982, 2.955588;0.5850779, 0.1089678, 2.721555;0.3401697, -0.492025, 2.924306;0.6847604, -0.4529582, 2.591713;0.62091, -0.1674611, 2.967369;0.6026531, -0.2245506, 3.027397;0.6801254, -0.2237114, 2.947693;0.4337901, -0.5565189, 2.955302;0.6546225, -0.5082596, 2.687802;0.519808, -0.825119, 3.006641;0.7467949, -0.7742847, 2.756948;0.4984333, -0.8451483, 3.076228;0.7301937, -0.8465969, 2.742956;
0.4198095, 0.4330337, 2.84096;0.4884502, 0.2533899, 2.820225;0.5981279, -0.07840741, 2.943076;0.38353, 0.1200571, 2.957386;0.5868328, 0.1281813, 2.725338;0.338642, -0.4616693, 2.930439;0.6838405, -0.4371205, 2.590607;0.6202853, -0.1448486, 2.971118;0.6004008, -0.1995586, 3.030501;0.6778718, -0.200834, 2.951006;0.4482164, -0.5383191, 2.957218;0.6586848, -0.4932232, 2.701289;0.5267282, -0.808827, 3.008355;0.7480698, -0.7746608, 2.758041;0.4965893, -0.8735755, 3.032383;0.7315614, -0.8463472, 2.741712;
0.4246579, 0.4580596, 2.852656;0.4935823, 0.2918795, 2.827894;0.5969192, -0.05170398, 2.946019;0.3862156, 0.1415818, 2.961425;0.5905896, 0.1572552, 2.73143;0.3450702, -0.4436202, 2.928656;0.685573, -0.4191582, 2.591379;0.6179103, -0.1199713, 2.973269;0.5985614, -0.1832216, 3.032125;0.6742668, -0.1779538, 2.952662;0.4554906, -0.5249127, 2.958509;0.6644006, -0.4779004, 2.71349;0.5311349, -0.7956364, 3.01028;0.7487758, -0.7743251, 2.758546;0.5028123, -0.864463, 3.021089;0.7315693, -0.8455277, 2.741509;
0.4339947, 0.4835033, 2.860704;0.5000771, 0.317345, 2.842031;0.6038939, -0.02728308, 2.949581;0.3933463, 0.182887, 2.963725;0.594251, 0.1844163, 2.743062;0.3403386, -0.4114231, 2.939704;0.6888913, -0.3726475, 2.599017;0.6247447, -0.09605715, 2.974751;0.6048632, -0.1562498, 3.029447;0.6813182, -0.1484147, 2.954034;0.4680568, -0.5007941, 2.96262;0.6709304, -0.4643375, 2.722108;0.5387226, -0.7726718, 3.013781;0.7499831, -0.7726296, 2.759485;0.5144822, -0.8436496, 3.016958;0.7320832, -0.8434328, 2.742106;
0.4346188, 0.5111136, 2.86889;0.5101574, 0.3490856, 2.852072;0.6051491, -0.01154289, 2.952338;0.3957703, 0.2040474, 2.972664;0.5955676, 0.2076907, 2.748031;0.3463569, -0.3762552, 2.941907;0.6999558, -0.3387204, 2.618203;0.6248252, -0.0828493, 2.976402;0.6039333, -0.144803, 3.028843;0.679046, -0.1346398, 2.955662;0.4756835, -0.4922072, 2.96512;0.6748106, -0.4524245, 2.729042;0.5459305, -0.7530844, 3.018069;0.7522178, -0.7734895, 2.760066;0.5204905, -0.8268502, 3.016156;0.7326176, -0.8432695, 2.741026;
0.4398259, 0.5329488, 2.873467;0.5210671, 0.3741177, 2.860529;0.6076128, 0.01203382, 2.954342;0.4047244, 0.2285674, 2.978865;0.6029061, 0.2298473, 2.751034;0.3478152, -0.3659872, 2.94076;0.6977561, -0.3304864, 2.61771;0.6253105, -0.06029136, 2.976847;0.6030368, -0.1216961, 3.028028;0.6772027, -0.1170565, 2.954463;0.4835511, -0.4719086, 2.968595;0.6768429, -0.4448427, 2.735759;0.5482016, -0.7556785, 3.01924;0.752275, -0.7734311, 2.760058;0.5148857, -0.8344716, 3.017789;0.7336162, -0.84342, 2.741258;
0.4692806, 0.5668868, 2.901189;0.5284285, 0.3967741, 2.868666;0.6085303, 0.02944731, 2.951627;0.4101463, 0.2438543, 2.984732;0.6075734, 0.255742, 2.758981;0.3512183, -0.3311449, 2.941727;0.6936399, -0.2970421, 2.622213;0.6249464, -0.04317575, 2.972016;0.59806, -0.1001464, 3.025516;0.6784391, -0.102387, 2.943057;0.4925619, -0.4584002, 2.972235;0.6792624, -0.4388356, 2.744869;0.5484948, -0.751893, 3.019878;0.7521291, -0.7709277, 2.759573;0.5178508, -0.8331539, 3.018729;0.7323475, -0.8406991, 2.741469;
0.476048, 0.5858672, 2.906021;0.5351183, 0.4164287, 2.878706;0.6064939, 0.05049853, 2.951733;0.4162981, 0.2704909, 2.995869;0.6129684, 0.279015, 2.764791;0.3593753, -0.3210402, 2.948586;0.6930274, -0.2839215, 2.62513;0.6209127, -0.02195678, 2.96995;0.5930611, -0.08762392, 3.024356;0.6740184, -0.07981034, 2.937315;0.4956443, -0.4560791, 2.972654;0.6846471, -0.4343087, 2.755244;0.5485817, -0.7518991, 3.020322;0.7527934, -0.7704908, 2.759675;0.519121, -0.8324348, 3.019311;0.7326035, -0.8400701, 2.74162;
0.483364, 0.6059805, 2.913604;0.5446025, 0.436767, 2.881551;0.6063104, 0.06644341, 2.948725;0.4196293, 0.2828153, 2.997149;0.6205561, 0.3037886, 2.772079;0.3680024, -0.290296, 2.957952;0.6926053, -0.2697459, 2.631054;0.6190361, -0.006941472, 2.965821;0.5879782, -0.07312391, 3.019753;0.6720256, -0.06526461, 2.931866;0.5006973, -0.4512422, 2.975719;0.6912527, -0.4264708, 2.764584;0.5496879, -0.7551163, 3.021436;0.7535049, -0.770518, 2.759793;0.5189653, -0.8332368, 3.016806;0.7326152, -0.8398743, 2.742081;
0.5110615, 0.6415995, 2.932048;0.5515249, 0.4617667, 2.889861;0.6062791, 0.08697961, 2.946969;0.4288979, 0.3226124, 2.996866;0.6261448, 0.3177626, 2.777557;0.3681033, -0.2740735, 2.954324;0.6949368, -0.2529078, 2.634745;0.6175731, 0.01257402, 2.962179;0.5849786, -0.05137719, 3.013236;0.6691701, -0.04701409, 2.927528;0.5024896, -0.4446179, 2.975564;0.6947936, -0.4212856, 2.77056;0.5503978, -0.7537022, 3.021337;0.7535883, -0.7704867, 2.759773;0.5198873, -0.8320526, 3.016743;0.7330368, -0.8399299, 2.742385;
0.5101595, 0.6619239, 2.937044;0.5709755, 0.492684, 2.90631;0.6080687, 0.1083372, 2.945539;0.432986, 0.3330939, 2.999193;0.6393035, 0.3483954, 2.78685;0.3700954, -0.2610876, 2.957605;0.6959724, -0.2343359, 2.640817;0.6166592, 0.03305407, 2.957869;0.5780638, -0.03494278, 3.010765;0.6704997, -0.02563044, 2.916315;0.5095136, -0.4307747, 2.9789;0.6997716, -0.4163793, 2.775638;0.5500862, -0.747636, 3.021556;0.7541706, -0.7704511, 2.760235;0.5209523, -0.8308208, 3.016444;0.7330746, -0.8395274, 2.742332;
0.5202363, 0.6756529, 2.946236;0.5733477, 0.503388, 2.910998;0.6079668, 0.1217631, 2.943646;0.4382176, 0.3498925, 3.003861;0.6443552, 0.3605123, 2.789336;0.3733425, -0.2354852, 2.966483;0.7002936, -0.2058932, 2.651026;0.6154168, 0.04610305, 2.954031;0.5738941, -0.02093276, 3.005084;0.6696219, -0.01391907, 2.911216;0.511007, -0.4288316, 2.978623;0.7043373, -0.4074757, 2.779229;0.55261, -0.7513274, 3.023951;0.7555306, -0.7696177, 2.761919;0.5204624, -0.8313668, 3.015191;0.7341497, -0.8384529, 2.743731;
0.5343591, 0.6977461, 2.961518;0.5833085, 0.5238863, 2.919693;0.609118, 0.1325965, 2.944032;0.4414111, 0.3599481, 3.008947;0.65076, 0.3790278, 2.796678;0.3716824, -0.2329584, 2.963932;0.7024057, -0.1921657, 2.655091;0.6152369, 0.05522368, 2.953204;0.5730774, -0.01148337, 3.002359;0.6681389, -0.007272688, 2.910527;0.5164232, -0.4186232, 2.980757;0.7075108, -0.4006464, 2.782773;0.5540542, -0.7498517, 3.024042;0.75763, -0.7667775, 2.762633;0.5236014, -0.8273118, 3.017734;0.7346396, -0.8370014, 2.744182;
0.5459378, 0.7186805, 2.976381;0.593371, 0.54419, 2.933763;0.6100155, 0.1495606, 2.945215;0.4471944, 0.382385, 3.015326;0.6550925, 0.3939811, 2.801232;0.3701721, -0.2257891, 2.965465;0.7042733, -0.1801748, 2.658181;0.6141689, 0.07148777, 2.951887;0.5710847, 0.002624124, 2.999101;0.6644576, 0.009547558, 2.907186;0.5213045, -0.4157807, 2.984651;0.7086185, -0.3993792, 2.784429;0.5557078, -0.7509823, 3.024343;0.7583382, -0.7666239, 2.763692;0.5237843, -0.8282908, 3.017612;0.7349276, -0.8371471, 2.744579;
0.5495067, 0.7283013, 2.978347;0.6019717, 0.5550936, 2.941657;0.6083807, 0.1635004, 2.945775;0.4488197, 0.3914939, 3.022579;0.6619326, 0.4075789, 2.808724;0.3694914, -0.211802, 2.960959;0.7039331, -0.1732697, 2.659276;0.6099299, 0.08652548, 2.950497;0.5619096, 0.01801696, 2.996019;0.6600735, 0.02483527, 2.903842;0.5236647, -0.4110871, 2.985263;0.7106221, -0.3941977, 2.789646;0.5563567, -0.7499874, 3.024345;0.7578063, -0.7658252, 2.763847;0.5237549, -0.8282686, 3.017181;0.7349579, -0.8371885, 2.744449;
0.5819011, 0.7432888, 2.994754;0.6057363, 0.5642267, 2.948912;0.6156715, 0.1741676, 2.955762;0.4527849, 0.4009169, 3.028718;0.6688507, 0.4195932, 2.814138;0.3766873, -0.1802159, 2.975557;0.7042456, -0.1553433, 2.66394;0.605917, 0.09757257, 2.948964;0.5571363, 0.02873722, 2.991994;0.6545324, 0.03540597, 2.90205;0.5249777, -0.4082111, 2.985402;0.7123206, -0.3861657, 2.793265;0.5572605, -0.7483359, 3.02385;0.7593948, -0.7590286, 2.765636;0.5238728, -0.8282565, 3.017202;0.7342967, -0.835991, 2.743674;
0.5818961, 0.7560055, 3.000231;0.6198906, 0.5791806, 2.954469;0.6171829, 0.1845837, 2.954668;0.4572502, 0.4134037, 3.031234;0.6806971, 0.4320605, 2.817889;0.3762673, -0.1656128, 2.974879;0.7039051, -0.1474186, 2.662627;0.6051662, 0.1078747, 2.945833;0.5542312, 0.03613196, 2.988722;0.653247, 0.04410037, 2.897453;0.5276466, -0.4059634, 2.986227;0.7134124, -0.3849866, 2.795848;0.5598381, -0.7447796, 3.023741;0.7613602, -0.7591934, 2.765802;0.5239794, -0.8282961, 3.017239;0.7350636, -0.8358974, 2.743336;
0.592278, 0.7649843, 3.009695;0.6263678, 0.5872272, 2.961356;0.6183122, 0.1884129, 2.95505;0.4625021, 0.4201875, 3.032951;0.6845721, 0.4413084, 2.822001;0.3764705, -0.156378, 2.972013;0.7038367, -0.1411404, 2.662759;0.6041368, 0.1117808, 2.943877;0.5515566, 0.04137593, 2.985025;0.6511764, 0.04964907, 2.893838;0.5295803, -0.4040721, 2.98645;0.7145809, -0.3841365, 2.797792;0.560793, -0.7437935, 3.023836;0.763792, -0.7569496, 2.765868;0.5242736, -0.8287266, 3.017999;0.7352946, -0.8359207, 2.743227;
0.5924935, 0.7695, 3.012209;0.630893, 0.5922988, 2.967374;0.6191928, 0.1947223, 2.955818;0.4717718, 0.436027, 3.03515;0.6883347, 0.4487451, 2.825882;0.3761683, -0.1523858, 2.971232;0.7017785, -0.146589, 2.661553;0.6017801, 0.1191503, 2.941344;0.5482374, 0.04807297, 2.982707;0.6470897, 0.05735269, 2.88798;0.5340801, -0.3986874, 2.986543;0.7154085, -0.3833148, 2.799468;0.5617302, -0.7428536, 3.023906;0.764918, -0.7566285, 2.766986;0.5251191, -0.8262627, 3.019051;0.7356421, -0.8362106, 2.743626;
0.5937067, 0.7725929, 3.014707;0.6327988, 0.5953063, 2.97062;0.6196014, 0.1984441, 2.95621;0.4739782, 0.4399888, 3.037664;0.6916777, 0.4520585, 2.829482;0.368501, -0.1847181, 2.965286;0.7031326, -0.1227011, 2.663894;0.5992427, 0.1237766, 2.93826;0.5440807, 0.05352571, 2.978368;0.6441112, 0.06147689, 2.883635;0.5368569, -0.3988148, 2.987379;0.7167472, -0.3820449, 2.801602;0.5632089, -0.7442497, 3.024647;0.7658249, -0.755603, 2.767008;0.5246168, -0.8281492, 3.01782;0.7358426, -0.8365791, 2.743956;
0.6127806, 0.7792614, 3.032451;0.6429164, 0.6012669, 2.974862;0.620913, 0.2029698, 2.955918;0.4758313, 0.4428731, 3.040397;0.6954571, 0.455431, 2.832907;0.3669714, -0.1790669, 2.964168;0.7024801, -0.1133647, 2.664559;0.5967845, 0.129669, 2.93434;0.539533, 0.05872077, 2.974173;0.6403883, 0.06755122, 2.877473;0.5392916, -0.3955639, 2.987365;0.7180724, -0.3801795, 2.802998;0.5637782, -0.7439846, 3.024972;0.7673854, -0.7493775, 2.768384;0.5247248, -0.8283448, 3.017975;0.7372835, -0.8308773, 2.742563;
0.6146912, 0.7800044, 3.033031;0.6496462, 0.6031204, 2.976687;0.6228909, 0.2098673, 2.954561;0.4806693, 0.4481446, 3.043472;0.7082254, 0.4667719, 2.838514;0.3657643, -0.1767728, 2.963673;0.7035333, -0.1102981, 2.66636;0.5956864, 0.1388132, 2.929222;0.5366743, 0.06541039, 2.969272;0.6382318, 0.07496542, 2.870501;0.5406235, -0.3941755, 2.987893;0.7180712, -0.3797267, 2.803421;0.5656246, -0.7433628, 3.025864;0.7673492, -0.749876, 2.768439;0.5248592, -0.8284075, 3.018414;0.7372223, -0.8316545, 2.743004;
0.6179484, 0.7856234, 3.033958;0.6581137, 0.609136, 2.985595;0.6245463, 0.2098322, 2.955148;0.4827141, 0.4484758, 3.044165;0.709821, 0.4672959, 2.839896;0.3672414, -0.1733957, 2.961451;0.7034742, -0.1086036, 2.666888;0.5950959, 0.1396531, 2.927008;0.5350091, 0.06675842, 2.964778;0.6369172, 0.07619147, 2.866875;0.5435016, -0.3968759, 2.990254;0.7182317, -0.3796281, 2.804196;0.5686775, -0.7463272, 3.027469;0.7675012, -0.7501193, 2.768319;0.5250821, -0.8286842, 3.018106;0.7371829, -0.8320529, 2.743549;
0.6286347, 0.7901109, 3.038561;0.6619248, 0.6119783, 2.990111;0.6255731, 0.2091688, 2.95554;0.4918366, 0.4498208, 3.041459;0.710924, 0.4679513, 2.841769;0.3670205, -0.1717333, 2.962338;0.7041641, -0.1056379, 2.665636;0.5931844, 0.1392429, 2.924317;0.5329697, 0.06714951, 2.961516;0.6330159, 0.07649774, 2.862428;0.5445238, -0.3959021, 2.990339;0.7173729, -0.3785373, 2.804541;0.5692623, -0.746775, 3.028208;0.7674028, -0.7504877, 2.76837;0.5253649, -0.8285193, 3.017826;0.7373405, -0.832457, 2.74349;
0.6302214, 0.7896664, 3.043662;0.6625058, 0.6113449, 2.990894;0.6257289, 0.2090585, 2.955451;0.4930634, 0.4485302, 3.042672;0.7126745, 0.4685168, 2.843421;0.3669062, -0.1699007, 2.963135;0.7050861, -0.1033012, 2.665527;0.5911099, 0.1398356, 2.921863;0.5298739, 0.0672677, 2.959189;0.6302714, 0.07724792, 2.857876;0.5454189, -0.3961677, 2.990909;0.7165363, -0.3791513, 2.804439;0.5696212, -0.7465858, 3.02844;0.7673746, -0.7504908, 2.768479;0.5256526, -0.8285331, 3.018284;0.7369266, -0.8332679, 2.743376;
0.6311542, 0.7900125, 3.045844;0.6652269, 0.611636, 2.9962;0.6265303, 0.2084648, 2.956307;0.4959118, 0.4479699, 3.04418;0.7149366, 0.4687253, 2.846174;0.3663882, -0.1695958, 2.964216;0.7035996, -0.1012797, 2.664611;0.5902871, 0.1400339, 2.920852;0.5290205, 0.06722991, 2.957974;0.62847, 0.07751621, 2.855669;0.5453988, -0.3963349, 2.990896;0.7149093, -0.3795033, 2.803522;0.569736, -0.7474631, 3.028177;0.7670823, -0.7507476, 2.768315;0.5255792, -0.8293923, 3.017495;0.7365127, -0.8340597, 2.743382;
0.6322467, 0.7902355, 3.049301;0.6680022, 0.6120213, 2.998648;0.6259689, 0.2087849, 2.955503;0.4984942, 0.4493575, 3.045399;0.7161601, 0.4691549, 2.847777;0.3671419, -0.1700476, 2.966809;0.7032302, -0.09924372, 2.663601;0.5889908, 0.1407301, 2.919472;0.527546, 0.0679027, 2.956199;0.6260511, 0.07874763, 2.853643;0.5453947, -0.3961326, 2.990714;0.7126418, -0.3779742, 2.802551;0.5699948, -0.7469429, 3.028491;0.7668408, -0.7477268, 2.769499;0.5257891, -0.8292591, 3.017637;0.7359869, -0.8337523, 2.743927;
0.6340895, 0.7896037, 3.055372;0.6690289, 0.6112599, 3.00073;0.6251175, 0.2087146, 2.9547;0.4997608, 0.4495943, 3.046366;0.716929, 0.468828, 2.848798;0.3676468, -0.1698124, 2.966624;0.7031963, -0.09901763, 2.663289;0.5874422, 0.140905, 2.917978;0.525664, 0.06848169, 2.953553;0.6240898, 0.07926076, 2.852308;0.545377, -0.3960856, 2.990557;0.7118469, -0.3782489, 2.802025;0.5699995, -0.7467836, 3.028537;0.7669012, -0.7478161, 2.769581;0.5286978, -0.8302063, 3.022563;0.7364541, -0.8338692, 2.744059;
0.637673, 0.7907927, 3.065487;0.670896, 0.6124924, 3.004377;0.6247857, 0.2087468, 2.954314;0.5018048, 0.450454, 3.049436;0.7163829, 0.4693267, 2.851429;0.3680983, -0.1664555, 2.967881;0.7029979, -0.09876216, 2.663285;0.5865985, 0.1410971, 2.917476;0.5252246, 0.06853972, 2.953311;0.6219981, 0.07963863, 2.850763;0.5452167, -0.3961035, 2.990286;0.7104769, -0.3781577, 2.801246;0.5700411, -0.7476386, 3.028533;0.7669279, -0.7488101, 2.769456;0.5272424, -0.8310962, 3.019713;0.7372366, -0.8342956, 2.744945;
0.6379734, 0.7907749, 3.065349;0.6729912, 0.6123497, 3.006725;0.6245388, 0.2084856, 2.953774;0.5048623, 0.4509275, 3.051382;0.7161536, 0.4690345, 2.852433;0.3682304, -0.1660275, 2.967795;0.702207, -0.09727156, 2.662232;0.5855409, 0.1409189, 2.916731;0.524596, 0.06852077, 2.952789;0.6197226, 0.07981363, 2.849299;0.5450565, -0.3958544, 2.989875;0.7091969, -0.3777955, 2.800226;0.5700493, -0.7473186, 3.028652;0.7666962, -0.7488757, 2.769517;0.5271605, -0.8312015, 3.020059;0.7369002, -0.83481, 2.74486;
0.6389396, 0.7908063, 3.065636;0.6731704, 0.6120262, 3.006908;0.6240677, 0.2086335, 2.953274;0.506119, 0.4509402, 3.05239;0.7171876, 0.4699073, 2.853879;0.3678987, -0.1636408, 2.968004;0.7020566, -0.09690732, 2.661941;0.5848972, 0.1411687, 2.91606;0.5240163, 0.06858681, 2.952347;0.6188577, 0.08000238, 2.848128;0.5448732, -0.3959814, 2.989566;0.7083807, -0.3778512, 2.799575;0.5699871, -0.7467675, 3.028592;0.7664779, -0.7488927, 2.769773;0.5250188, -0.8288484, 3.022858;0.7367706, -0.8356968, 2.745113;
0.6447827, 0.7928479, 3.070444;0.6737648, 0.6130096, 3.010887;0.6234404, 0.208777, 2.952984;0.5079154, 0.4517957, 3.054052;0.7168844, 0.4692838, 2.855413;0.3682846, -0.1629274, 2.968091;0.7017331, -0.09513769, 2.661662;0.5839306, 0.1414778, 2.915507;0.5230694, 0.0692396, 2.951686;0.6176329, 0.08070145, 2.847126;0.5448602, -0.3958708, 2.989385;0.7078426, -0.3779162, 2.799367;0.5704475, -0.7460583, 3.029855;0.765964, -0.749075, 2.769403;0.5257388, -0.8288587, 3.022625;0.7363649, -0.8363557, 2.745457;
0.6444139, 0.792955, 3.070745;0.6736801, 0.6129501, 3.011235;0.623139, 0.2088062, 2.952885;0.5095479, 0.4523498, 3.053519;0.717302, 0.4695277, 2.855849;0.3686588, -0.160586, 2.969277;0.7015545, -0.09470805, 2.661609;0.5835974, 0.1414697, 2.915316;0.5229189, 0.06933741, 2.951314;0.6172526, 0.0808731, 2.847113;0.5450174, -0.3965838, 2.989617;0.7074012, -0.3774393, 2.799077;0.5707804, -0.7468541, 3.02984;0.7657906, -0.7491277, 2.769314;0.5255798, -0.8301001, 3.020717;0.7361571, -0.8367705, 2.745885;
0.6437218, 0.7934109, 3.069215;0.6738892, 0.6131675, 3.011647;0.6230495, 0.2088835, 2.952682;0.509047, 0.4519849, 3.056063;0.7168171, 0.4695586, 2.856798;0.3776502, -0.1310733, 2.973524;0.7017179, -0.0943988, 2.661864;0.5833426, 0.1415086, 2.915121;0.5225545, 0.06924555, 2.951276;0.6170278, 0.0809645, 2.8465;0.5451398, -0.3969434, 2.98926;0.7070262, -0.3769923, 2.798659;0.5711782, -0.7471242, 3.03011;0.7658853, -0.7494795, 2.769103;0.5256804, -0.83016, 3.019217;0.7360494, -0.8369157, 2.745778;
0.6414185, 0.7927524, 3.069711;0.6743464, 0.6127263, 3.012856;0.6228392, 0.2088458, 2.952571;0.509296, 0.4520847, 3.056344;0.7167828, 0.4695601, 2.856846;0.3709457, -0.155465, 2.971975;0.7020327, -0.09397464, 2.661871;0.5829788, 0.1415869, 2.914882;0.5221115, 0.06953332, 2.95083;0.6166572, 0.0812762, 2.846275;0.5451798, -0.3969713, 2.989212;0.7069107, -0.3771823, 2.798694;0.5711876, -0.7470981, 3.03008;0.7660367, -0.7498637, 2.76927;0.5275705, -0.8306767, 3.021733;0.7360377, -0.8373364, 2.746356;
0.6414131, 0.7928216, 3.069684;0.6744016, 0.6125889, 3.012968;0.6226419, 0.2088924, 2.952502;0.5093716, 0.4521815, 3.056623;0.716338, 0.4689505, 2.856864;0.3704232, -0.156992, 2.971533;0.7020589, -0.09336266, 2.662135;0.5827106, 0.141647, 2.914805;0.5218771, 0.06963967, 2.950799;0.6163904, 0.08146697, 2.846201;0.5452002, -0.3969454, 2.989139;0.7067843, -0.377542, 2.798492;0.5712762, -0.7468219, 3.030562;0.7657573, -0.7498772, 2.769075;0.5281471, -0.8298438, 3.020803;0.7363323, -0.8374166, 2.74621;
0.6411879, 0.7928433, 3.069598;0.6744018, 0.6124418, 3.012991;0.622576, 0.2088394, 2.952502;0.5095669, 0.4522041, 3.056584;0.7161852, 0.4689643, 2.857019;0.3708415, -0.1568227, 2.971443;0.7028702, -0.09295812, 2.662016;0.5826356, 0.1415655, 2.914809;0.5219051, 0.06961661, 2.950775;0.6162606, 0.08146974, 2.846334;0.5453981, -0.3968398, 2.989121;0.7064695, -0.3774662, 2.79832;0.5712793, -0.7465532, 3.03067;0.7658407, -0.7499892, 2.769041;0.5281333, -0.8299879, 3.020819;0.7361246, -0.8375456, 2.746255;
0.6433615, 0.7932476, 3.071739;0.674405, 0.6124432, 3.013029;0.6224092, 0.2091275, 2.952411;0.5100823, 0.4523862, 3.056047;0.716554, 0.4697673, 2.857505;0.3707578, -0.1569679, 2.971606;0.7034652, -0.09176809, 2.662261;0.5825209, 0.1418686, 2.914644;0.521846, 0.06965821, 2.950809;0.6161582, 0.08190603, 2.845701;0.5456685, -0.3971689, 2.989216;0.7064096, -0.3772754, 2.798282;0.5712997, -0.7480299, 3.030785;0.7658958, -0.7501327, 2.768742;0.5278008, -0.8307968, 3.019887;0.7359676, -0.8375645, 2.746137;
0.6443778, 0.7936017, 3.071549;0.6744046, 0.6124111, 3.013013;0.622273, 0.2093941, 2.952241;0.5105768, 0.4532583, 3.055997;0.7164429, 0.4698052, 2.85757;0.3708078, -0.1585937, 2.970523;0.704307, -0.0913552, 2.662671;0.5823892, 0.1421689, 2.914471;0.5218052, 0.0696919, 2.950895;0.6158546, 0.0821991, 2.844832;0.5457691, -0.3965784, 2.988781;0.7062241, -0.3776223, 2.79816;0.5725628, -0.7470705, 3.031412;0.7656976, -0.7501629, 2.768576;0.5287979, -0.8304983, 3.02245;0.7358748, -0.8373814, 2.745928;
0.643373, 0.7937852, 3.07185;0.674803, 0.612685, 3.012789;0.6222879, 0.2094384, 2.952094;0.510734, 0.4533515, 3.056027;0.7161953, 0.4698616, 2.85769;0.3708515, -0.1591108, 2.970302;0.7046157, -0.09186882, 2.6628;0.5823683, 0.1421608, 2.914346;0.521803, 0.06966572, 2.950923;0.6158088, 0.08222988, 2.844535;0.5460387, -0.3968818, 2.989012;0.706154, -0.3777887, 2.798109;0.5723129, -0.7480145, 3.030676;0.7656733, -0.750015, 2.76851;0.5283566, -0.8306601, 3.021507;0.7358803, -0.8374149, 2.745968;
0.6420016, 0.793669, 3.068388;0.6750399, 0.6123595, 3.012802;0.6223333, 0.2096385, 2.951981;0.5107206, 0.4534447, 3.056361;0.7162302, 0.470041, 2.857556;0.371878, -0.1561615, 2.969769;0.7055275, -0.09304124, 2.662716;0.5823871, 0.1424903, 2.914227;0.5217516, 0.06993882, 2.950872;0.6158926, 0.08253194, 2.844396;0.5461071, -0.3967181, 2.9888;0.7066218, -0.3784995, 2.797992;0.5719842, -0.7477504, 3.030787;0.765617, -0.7504826, 2.768706;0.5282679, -0.8306205, 3.021587;0.7358333, -0.8373928, 2.745851;
0.6417902, 0.7937828, 3.069044;0.6749473, 0.6123478, 3.012851;0.6223124, 0.2097503, 2.951954;0.5107374, 0.4535833, 3.056461;0.7166386, 0.4708034, 2.857665;0.3719819, -0.1568945, 2.969609;0.7060605, -0.09318826, 2.662793;0.5824112, 0.1425947, 2.914179;0.5218012, 0.06994425, 2.950828;0.6159383, 0.08260524, 2.844375;0.546108, -0.3967114, 2.98883;0.706566, -0.3784918, 2.798021;0.572286, -0.7484182, 3.031064;0.7660398, -0.7501521, 2.769025;0.5283021, -0.8308555, 3.021553;0.7356876, -0.8377036, 2.745906;
0.6427877, 0.7939374, 3.071335;0.6763704, 0.6125961, 3.012709;0.6224066, 0.2097546, 2.951784;0.5109515, 0.453576, 3.055751;0.7173986, 0.4710679, 2.857598;0.3726141, -0.1566567, 2.968318;0.7064748, -0.09343327, 2.66291;0.5825031, 0.1426018, 2.913947;0.5217258, 0.06999324, 2.950503;0.6161168, 0.08266556, 2.844277;0.5459996, -0.3968744, 2.98883;0.7067451, -0.3782718, 2.797961;0.5725322, -0.7488459, 3.030946;0.7659482, -0.7501543, 2.768923;0.5274047, -0.8316289, 3.020534;0.7356766, -0.837676