0.5765379, 0.817517, 3.02485;0.642225, 0.5996662, 2.989143;0.5836119, 0.2347215, 2.942796;0.4918783, 0.4425114, 3.080695;0.7063378, 0.4601551, 2.850992;0.4082195, -0.17568, 2.983528;0.6906337, -0.132601, 2.676623;0.5718893, 0.1617326, 2.936969;0.5121727, 0.08638907, 2.980925;0.6086795, 0.09432871, 2.871416;0.5425947, -0.4019493, 2.989158;0.6970905, -0.3784633, 2.803654;0.5690174, -0.7523353, 3.031332;0.7635967, -0.7476081, 2.768456;0.5257269, -0.8343496, 3.018948;0.7342032, -0.8421417, 2.747494;
0.574619, 0.8175893, 3.022172;0.6424021, 0.5994378, 2.989695;0.583425, 0.2348328, 2.943069;0.4920331, 0.4427281, 3.080725;0.7063335, 0.4600933, 2.850974;0.4094752, -0.1700672, 2.983709;0.6888829, -0.149172, 2.671292;0.5716209, 0.161913, 2.937232;0.5118076, 0.0866795, 2.981352;0.6083103, 0.09437872, 2.871505;0.5438115, -0.4063411, 2.991322;0.6973743, -0.3784259, 2.802824;0.5709593, -0.7599452, 3.031093;0.7632727, -0.7482303, 2.768239;0.5257752, -0.8385934, 3.019751;0.7339174, -0.8416132, 2.744862;
0.5746166, 0.817296, 3.022243;0.6426547, 0.5995411, 2.989757;0.5834591, 0.2348031, 2.943055;0.4930817, 0.446904, 3.080981;0.7067738, 0.4610144, 2.851391;0.4095666, -0.1701569, 2.983713;0.694635, -0.1247061, 2.675039;0.5716414, 0.1618585, 2.937195;0.5118495, 0.08684098, 2.981096;0.6083157, 0.09433314, 2.871541;0.5436545, -0.4066151, 2.991392;0.6974978, -0.3783499, 2.802545;0.570837, -0.7622433, 3.031146;0.763268, -0.7487343, 2.767877;0.526086, -0.8389978, 3.019474;0.7338044, -0.8415515, 2.744454;
0.5745649, 0.8169981, 3.022265;0.6425641, 0.5993613, 2.989782;0.5834509, 0.2348457, 2.943071;0.4932116, 0.4464556, 3.081659;0.7066296, 0.4606645, 2.851681;0.4098759, -0.1703585, 2.983986;0.6955121, -0.1222962, 2.6754;0.5716381, 0.1619644, 2.937204;0.5118701, 0.0868668, 2.98131;0.6082073, 0.09425738, 2.871102;0.5434711, -0.4072187, 2.991761;0.6976435, -0.3788074, 2.802444;0.5712509, -0.763858, 3.030935;0.7632358, -0.7491252, 2.768191;0.5264008, -0.8399373, 3.01949;0.7340249, -0.8411839, 2.74483;
0.5748351, 0.8169622, 3.021919;0.6418391, 0.5992178, 2.990899;0.5834075, 0.2348044, 2.943152;0.4938169, 0.445683, 3.079492;0.7065535, 0.460591, 2.851753;0.4102606, -0.1707255, 2.984243;0.6955218, -0.1227322, 2.675467;0.5716186, 0.1619231, 2.937248;0.5119199, 0.086776, 2.981377;0.6080945, 0.09405421, 2.870784;0.543642, -0.408616, 2.99241;0.697691, -0.3787329, 2.802298;0.5710341, -0.765264, 3.0305;0.7632809, -0.7491246, 2.768255;0.5266358, -0.8413252, 3.020185;0.7341156, -0.8410969, 2.745034;
0.574034, 0.8161402, 3.0217;0.6418609, 0.5988646, 2.990878;0.5834594, 0.2347249, 2.943122;0.4943679, 0.445194, 3.078388;0.7065676, 0.4607104, 2.85191;0.4104057, -0.1706702, 2.984328;0.6955189, -0.1238752, 2.675394;0.5716853, 0.1618663, 2.937201;0.5120958, 0.08655848, 2.981401;0.6081363, 0.09395344, 2.870503;0.5435475, -0.4084636, 2.992541;0.6974714, -0.3782493, 2.802349;0.5714977, -0.762121, 3.031087;0.7634352, -0.7492565, 2.768457;0.5265734, -0.8400102, 3.020404;0.7342436, -0.8408854, 2.745459;
0.5735587, 0.8161464, 3.021699;0.6420146, 0.5990216, 2.991392;0.5834672, 0.2347253, 2.943155;0.4944804, 0.4446993, 3.077934;0.7065569, 0.4606381, 2.851993;0.4100522, -0.1703246, 2.982299;0.6951975, -0.1264107, 2.675089;0.5716985, 0.1618606, 2.93721;0.5121328, 0.08646417, 2.981458;0.6081094, 0.0938223, 2.870097;0.5435036, -0.4091552, 2.993294;0.6973897, -0.3781699, 2.802341;0.572001, -0.7643445, 3.031365;0.7630996, -0.7493552, 2.768158;0.5269507, -0.8418686, 3.021317;0.734322, -0.8405133, 2.74448;
0.574044, 0.8160545, 3.021545;0.642316, 0.5989197, 2.991527;0.5835032, 0.2347461, 2.943168;0.4944102, 0.4448246, 3.077367;0.7065845, 0.4609685, 2.851983;0.40969, -0.1692367, 2.983678;0.6953818, -0.1261048, 2.675116;0.571716, 0.161888, 2.937204;0.5121356, 0.08646666, 2.981458;0.6081102, 0.09385225, 2.870075;0.5429664, -0.406491, 2.99296;0.6973699, -0.3775654, 2.80232;0.5728142, -0.7610644, 3.032046;0.7629558, -0.7500583, 2.768067;0.52779, -0.8404523, 3.021532;0.7343017, -0.8407848, 2.745105;
0.5739977, 0.8160555, 3.022065;0.6421825, 0.5988513, 2.991237;0.5834788, 0.2347432, 2.943174;0.4943644, 0.4449244, 3.077496;0.7064503, 0.4610481, 2.85204;0.4101946, -0.1695152, 2.984911;0.6915529, -0.1481787, 2.672358;0.5716958, 0.1618887, 2.937219;0.5121109, 0.08642053, 2.981616;0.6080443, 0.09380808, 2.870062;0.5429103, -0.4066727, 2.992876;0.6969578, -0.3768563, 2.802265;0.5717155, -0.7627744, 3.031157;0.7629538, -0.7501239, 2.768028;0.5274081, -0.8404388, 3.020626;0.7339976, -0.8406157, 2.744534;
0.5741133, 0.8162879, 3.022602;0.6423699, 0.5989824, 2.991655;0.583338, 0.2344448, 2.943404;0.4943611, 0.4446832, 3.07741;0.7063353, 0.460855, 2.852003;0.4102397, -0.1693114, 2.985071;0.6955259, -0.1301924, 2.675045;0.5714667, 0.1614536, 2.937428;0.5118605, 0.08589331, 2.98182;0.6078245, 0.09370334, 2.870261;0.5425605, -0.4083483, 2.99318;0.6969978, -0.3767861, 2.802424;0.5713224, -0.7640244, 3.031041;0.7628675, -0.7505157, 2.768079;0.5275596, -0.8412877, 3.020613;0.7339354, -0.8406762, 2.744673;
0.5741515, 0.8162088, 3.025547;0.6425847, 0.5987871, 2.991941;0.5830142, 0.2345527, 2.944021;0.4943118, 0.4448098, 3.07755;0.7062592, 0.4606888, 2.851961;0.4099933, -0.1693119, 2.984897;0.6946605, -0.1363611, 2.673578;0.5709733, 0.1616688, 2.938147;0.5112107, 0.08586632, 2.982875;0.6069603, 0.09400729, 2.870989;0.5417789, -0.4070263, 2.9928;0.6970471, -0.3769841, 2.802344;0.5704712, -0.7587107, 3.030198;0.7628481, -0.7509471, 2.767931;0.5259978, -0.8409207, 3.022414;0.7339323, -0.8407007, 2.744703;
0.5745595, 0.8163117, 3.025494;0.642132, 0.5985739, 2.991984;0.5829989, 0.2345403, 2.944008;0.4943776, 0.4443223, 3.077192;0.7064172, 0.4609236, 2.852349;0.4101749, -0.1692387, 2.985044;0.6948083, -0.1363143, 2.673455;0.5709741, 0.1616668, 2.938128;0.5112497, 0.08561161, 2.982957;0.607011, 0.09402446, 2.870854;0.5417842, -0.4070548, 2.992707;0.6970087, -0.3768686, 2.802379;0.5702269, -0.7608638, 3.030057;0.7629235, -0.751013, 2.767845;0.5262248, -0.8416452, 3.022835;0.7340569, -0.8405483, 2.744523;
0.5735962, 0.8160152, 3.024526;0.6421046, 0.5985837, 2.992;0.5828301, 0.2345874, 2.944158;0.4941557, 0.444575, 3.077459;0.7063429, 0.4607994, 2.852438;0.4102639, -0.1694942, 2.985076;0.694543, -0.1382708, 2.673172;0.5707918, 0.161725, 2.938292;0.5110472, 0.08548038, 2.983212;0.6067432, 0.09415188, 2.871019;0.5418007, -0.4073587, 2.992846;0.6971259, -0.3768549, 2.802384;0.5701704, -0.7625095, 3.030501;0.7627239, -0.7516617, 2.767994;0.526812, -0.8424891, 3.022529;0.7340733, -0.8404951, 2.74445;
0.5739673, 0.8157468, 3.024257;0.6418033, 0.5980594, 2.991866;0.5826613, 0.2345908, 2.944281;0.4940571, 0.4441068, 3.076958;0.7061037, 0.460557, 2.851954;0.4103899, -0.1691582, 2.985517;0.6945676, -0.1416963, 2.67207;0.570625, 0.1618015, 2.938452;0.5106983, 0.08506428, 2.984225;0.606513, 0.09410109, 2.870879;0.5417849, -0.4072113, 2.992757;0.6968126, -0.3775167, 2.802644;0.5701231, -0.7612119, 3.030424;0.762719, -0.7518324, 2.768018;0.526645, -0.8420426, 3.022589;0.7341324, -0.840688, 2.744917;
0.5738718, 0.8163704, 3.025222;0.6415743, 0.5984408, 2.991325;0.5824286, 0.2347818, 2.944348;0.4937617, 0.4464828, 3.079394;0.7061465, 0.4609825, 2.852312;0.4105712, -0.1692858, 2.985271;0.6950086, -0.1389545, 2.672798;0.5703756, 0.1620006, 2.938602;0.5104486, 0.08520374, 2.984391;0.6062315, 0.09446301, 2.871246;0.5420731, -0.4073544, 2.992809;0.6970887, -0.377997, 2.802276;0.5704519, -0.7631084, 3.030701;0.7622972, -0.751951, 2.767653;0.527281, -0.8416912, 3.021405;0.7341896, -0.8406913, 2.744873;
0.5752185, 0.8169384, 3.029636;0.6415443, 0.5984364, 2.99153;0.5823691, 0.2347447, 2.944424;0.4935571, 0.4461465, 3.07941;0.7060881, 0.4610718, 2.852385;0.4095378, -0.1691578, 2.984263;0.6946371, -0.1385933, 2.673013;0.5703259, 0.1619644, 2.938651;0.5103594, 0.08494941, 2.98447;0.6061894, 0.0944614, 2.871245;0.5420544, -0.4078715, 2.993153;0.6970961, -0.378139, 2.802239;0.5718641, -0.7650656, 3.032558;0.7623034, -0.7521467, 2.767591;0.525283, -0.844514, 3.024782;0.7342798, -0.8406957, 2.744641;
0.5751529, 0.8169481, 3.028216;0.6415179, 0.5984492, 2.991374;0.582325, 0.2347888, 2.944366;0.4937856, 0.4466763, 3.078874;0.7060527, 0.4612541, 2.8524;0.4079195, -0.1691899, 2.981422;0.6944372, -0.1381312, 2.673279;0.5702857, 0.1620181, 2.938594;0.510367, 0.08493354, 2.984453;0.606051, 0.09460484, 2.871082;0.5422454, -0.408244, 2.993172;0.6970969, -0.3781444, 2.802261;0.5718081, -0.765637, 3.032819;0.7625289, -0.7518313, 2.767694;0.5256913, -0.8449746, 3.024529;0.7348899, -0.8404197, 2.745256;
0.574573, 0.8167927, 3.027474;0.641458, 0.5984515, 2.991576;0.5823364, 0.234565, 2.944473;0.4935013, 0.4454796, 3.078607;0.7058402, 0.4609901, 2.852608;0.4076489, -0.1683748, 2.981323;0.6946055, -0.1380836, 2.673497;0.5703383, 0.1616934, 2.938658;0.5106919, 0.08414514, 2.984384;0.606047, 0.09431586, 2.871096;0.5423648, -0.4085242, 2.993694;0.6973329, -0.3786077, 2.802111;0.5715701, -0.7662658, 3.032744;0.7627382, -0.7518361, 2.767625;0.5261575, -0.8453919, 3.024404;0.7347767, -0.8400095, 2.745294;
0.574787, 0.8164854, 3.027292;0.6411515, 0.5980235, 2.992187;0.582301, 0.2345486, 2.944463;0.4934768, 0.4454321, 3.078621;0.7056844, 0.4610992, 2.852679;0.40711, -0.1678483, 2.981333;0.6954959, -0.1313873, 2.67537;0.5703121, 0.1616953, 2.938613;0.5106807, 0.08404934, 2.984319;0.605961, 0.09440925, 2.870734;0.5423533, -0.4084216, 2.993572;0.6974308, -0.3786623, 2.801931;0.5713088, -0.7642161, 3.03242;0.7627064, -0.7516134, 2.767367;0.5261246, -0.8451499, 3.024475;0.7347664, -0.8401565, 2.745382;
0.5748097, 0.8167083, 3.025183;0.6408556, 0.5982808, 2.993692;0.5823045, 0.2345499, 2.944458;0.49367, 0.4454129, 3.078106;0.7058306, 0.4612005, 2.852661;0.4059464, -0.1669893, 2.978984;0.6954411, -0.131247, 2.675436;0.5703366, 0.1616947, 2.938564;0.5108236, 0.08405523, 2.983931;0.6060802, 0.09456216, 2.870642;0.5423292, -0.4086337, 2.99344;0.6967443, -0.3773726, 2.802069;0.5712509, -0.7645187, 3.032321;0.7628714, -0.7515315, 2.767693;0.5258257, -0.8446385, 3.022904;0.7347465, -0.8400745, 2.745396;
0.5754384, 0.8185277, 3.024238;0.6409333, 0.6000038, 2.99441;0.5822476, 0.2345459, 2.944521;0.4936875, 0.4452693, 3.077911;0.7058432, 0.4612078, 2.852658;0.4055679, -0.1665671, 2.979157;0.6923344, -0.1424852, 2.675195;0.5702664, 0.1616089, 2.938591;0.5107662, 0.08402862, 2.983905;0.6060593, 0.09454821, 2.870689;0.5423001, -0.4090639, 2.993565;0.6968309, -0.3774133, 2.801947;0.5711862, -0.7651579, 3.0323;0.762577, -0.7519234, 2.767674;0.5262787, -0.8448504, 3.02275;0.7347526, -0.8400717, 2.74541;
0.5758392, 0.8186287, 3.024178;0.6410007, 0.5999934, 2.994452;0.582248, 0.2345507, 2.94453;0.4937248, 0.4453124, 3.077753;0.7061183, 0.4616578, 2.852958;0.4051466, -0.1652959, 2.978275;0.6925181, -0.1415035, 2.675345;0.5702654, 0.1616185, 2.938585;0.5107489, 0.08400759, 2.983889;0.6060661, 0.09458768, 2.870611;0.5422972, -0.4092031, 2.993617;0.6969402, -0.3774309, 2.801972;0.5708736, -0.7663237, 3.031442;0.7627135, -0.7515541, 2.768009;0.5267856, -0.844603, 3.021681;0.7344955, -0.8396863, 2.74404;
0.5755447, 0.8188681, 3.024865;0.6411605, 0.6002703, 2.994439;0.5822497, 0.2345563, 2.944523;0.4937842, 0.4451173, 3.077985;0.7058526, 0.4615399, 2.853025;0.4061115, -0.1650351, 2.978982;0.6920623, -0.1409537, 2.675464;0.5702649, 0.16161, 2.938556;0.5107764, 0.08400185, 2.983834;0.6060444, 0.0946475, 2.870572;0.5425298, -0.4096167, 2.99358;0.6971405, -0.3780737, 2.801931;0.571741, -0.7674195, 3.032614;0.7620056, -0.7544956, 2.768485;0.5270342, -0.8447529, 3.021866;0.734464, -0.8396888, 2.744365;
0.5755923, 0.818867, 3.024748;0.6410504, 0.600212, 2.994773;0.5821135, 0.2341233, 2.944624;0.4938796, 0.444846, 3.077489;0.7054034, 0.4610744, 2.853038;0.4058842, -0.1644545, 2.976734;0.6945242, -0.1295254, 2.676028;0.5701269, 0.1609987, 2.938542;0.5107737, 0.08378012, 2.983716;0.6059638, 0.09439734, 2.87063;0.5425195, -0.4096099, 2.993548;0.6979672, -0.3788317, 2.802504;0.5716569, -0.7676736, 3.032367;0.762008, -0.7548738, 2.76848;0.5267506, -0.8448066, 3.02135;0.7343841, -0.839731, 2.744733;
0.5754558, 0.818808, 3.024625;0.6411157, 0.6002437, 2.994872;0.5820999, 0.2342352, 2.944776;0.4936802, 0.4449027, 3.077486;0.7052984, 0.4613819, 2.853363;0.4056815, -0.1645843, 2.976948;0.6915872, -0.1410204, 2.674181;0.5701072, 0.1611123, 2.938663;0.5107681, 0.08379488, 2.983737;0.6058978, 0.09477559, 2.870974;0.5426285, -0.409102, 2.993492;0.697933, -0.3788612, 2.802434;0.5720923, -0.7619788, 3.031499;0.7620325, -0.7549546, 2.768334;0.5272135, -0.8411238, 3.020967;0.7343675, -0.8395036, 2.744139;
0.575227, 0.8186333, 3.024031;0.6411443, 0.6002172, 2.994933;0.5821046, 0.2342316, 2.944818;0.4938517, 0.4448855, 3.077641;0.7054664, 0.4611177, 2.853507;0.4057412, -0.1645897, 2.976996;0.6910805, -0.1416707, 2.673755;0.570111, 0.1611107, 2.938689;0.5107932, 0.08381169, 2.983728;0.6058961, 0.09479254, 2.871053;0.5426261, -0.4095656, 2.99369;0.6982329, -0.3795616, 2.802456;0.5715101, -0.7640567, 3.031273;0.762844, -0.7527105, 2.76895;0.5271205, -0.8415566, 3.020452;0.734559, -0.8396575, 2.74488;
0.5759989, 0.8191406, 3.026952;0.6412477, 0.6003019, 2.994919;0.582078, 0.2343081, 2.944833;0.4937834, 0.4452544, 3.078017;0.7057329, 0.46139, 2.853861;0.405993, -0.1654296, 2.977706;0.6938438, -0.129241, 2.67584;0.5700686, 0.1611893, 2.938691;0.5106527, 0.08416518, 2.983361;0.6058175, 0.09526878, 2.871511;0.5428438, -0.4105065, 2.99384;0.6980958, -0.3787829, 2.802365;0.5713487, -0.764755, 3.031362;0.7627872, -0.7532539, 2.768533;0.5268268, -0.8417538, 3.020107;0.734683, -0.8405842, 2.746252;
0.5753933, 0.8186839, 3.025668;0.641237, 0.6001236, 2.994788;0.5820426, 0.2343863, 2.944975;0.4939413, 0.4461486, 3.079655;0.7058988, 0.461522, 2.853913;0.4061514, -0.1655135, 2.977344;0.6938037, -0.1292398, 2.675845;0.5700295, 0.1613405, 2.938902;0.5105687, 0.0842189, 2.98377;0.6057944, 0.09527167, 2.871581;0.5429741, -0.4097573, 2.993342;0.6981545, -0.3783063, 2.802185;0.571286, -0.7612914, 3.031072;0.7628425, -0.7532322, 2.76852;0.5271619, -0.8395983, 3.019301;0.7348527, -0.8404616, 2.746289;
0.5756658, 0.8189256, 3.026819;0.6414066, 0.6002997, 2.994738;0.5820637, 0.2341995, 2.945042;0.4939906, 0.4459214, 3.0801;0.7056685, 0.4610978, 2.85359;0.4070728, -0.1665293, 2.978172;0.6939989, -0.1292048, 2.675843;0.5700396, 0.1609812, 2.938968;0.5107376, 0.08409733, 2.983539;0.6056995, 0.09502356, 2.872144;0.5429786, -0.4099171, 2.993497;0.6980993, -0.3783682, 2.80223;0.5711771, -0.7634125, 3.030787;0.7627705, -0.7533921, 2.768599;0.5270085, -0.8403511, 3.019735;0.7348877, -0.8404983, 2.746253;
0.5753524, 0.8185467, 3.026341;0.6414344, 0.6000241, 2.994226;0.5819984, 0.2341337, 2.945095;0.494255, 0.4471009, 3.080957;0.7054585, 0.4607919, 2.853568;0.4073265, -0.1670274, 2.978719;0.6942477, -0.1300859, 2.675535;0.5699528, 0.1609152, 2.939068;0.5106752, 0.08408117, 2.983722;0.6055147, 0.09487616, 2.872322;0.542878, -0.4080257, 2.993136;0.6983289, -0.3780608, 2.802086;0.572761, -0.7558857, 3.032158;0.7631675, -0.753118, 2.768565;0.5276369, -0.8373588, 3.020365;0.7351512, -0.8402945, 2.745787;
0.5740236, 0.8181316, 3.025401;0.6414523, 0.6000956, 2.994451;0.5820444, 0.2342349, 2.945174;0.4943819, 0.446961, 3.080823;0.7054715, 0.4608985, 2.85334;0.4088873, -0.1676001, 2.981724;0.6941618, -0.1305241, 2.675372;0.5700131, 0.1610274, 2.939111;0.510784, 0.08409781, 2.983823;0.6055412, 0.09492886, 2.872224;0.5424268, -0.4062394, 2.992471;0.6980698, -0.3776325, 2.80208;0.5722114, -0.7526165, 3.032726;0.7625764, -0.7534759, 2.768095;0.527807, -0.8355994, 3.021016;0.7348465, -0.839942, 2.744187;
0.5798936, 0.8195821, 3.022918;0.6412939, 0.5999297, 2.994586;0.5820452, 0.2342736, 2.945267;0.4945813, 0.4470755, 3.080148;0.7054561, 0.460832, 2.853253;0.4088414, -0.1677258, 2.982014;0.694142, -0.1349874, 2.674199;0.5700427, 0.1611009, 2.939196;0.5108845, 0.0842072, 2.984057;0.6055551, 0.09491609, 2.872208;0.5418593, -0.402539, 2.991844;0.6987023, -0.3792697, 2.802298;0.5715847, -0.7504078, 3.031738;0.7625271, -0.7536138, 2.768146;0.5281282, -0.8346228, 3.021516;0.7347795, -0.8399745, 2.744234;
0.579612, 0.8193606, 3.022583;0.6413063, 0.5998347, 2.994535;0.5820695, 0.2341467, 2.945353;0.4946325, 0.4470813, 3.080104;0.7053783, 0.460943, 2.853219;0.4096254, -0.1680995, 2.983019;0.6934621, -0.1399441, 2.672921;0.5700792, 0.1609668, 2.939297;0.510963, 0.08410572, 2.984202;0.6055914, 0.09478159, 2.872302;0.5417796, -0.4028426, 2.991699;0.6992726, -0.3796171, 2.802302;0.5714663, -0.7504767, 3.031691;0.7625073, -0.7539185, 2.768124;0.5273973, -0.8345044, 3.020066;0.7348762, -0.8398137, 2.743994;
0.579301, 0.8191974, 3.023238;0.6412406, 0.599718, 2.994121;0.582115, 0.2341059, 2.945341;0.4948915, 0.4465292, 3.07934;0.7052169, 0.460791, 2.852797;0.4099862, -0.1685412, 2.982899;0.6930612, -0.1389203, 2.67312;0.5701566, 0.1609206, 2.939302;0.5111889, 0.0840381, 2.984306;0.6056734, 0.0946738, 2.87228;0.541641, -0.4021177, 2.991272;0.699346, -0.3796265, 2.802294;0.5714815, -0.7499391, 3.031827;0.7631041, -0.7531459, 2.767891;0.5279397, -0.8329272, 3.020063;0.735205, -0.8397307, 2.744638;
0.5787852, 0.8191224, 3.026251;0.6412158, 0.5996638, 2.994191;0.5824527, 0.2335537, 2.945424;0.4944569, 0.4454393, 3.078998;0.7047925, 0.4605308, 2.852567;0.4095571, -0.1688135, 2.982562;0.6933221, -0.1348431, 2.674086;0.5706644, 0.1601892, 2.939341;0.5119221, 0.08335139, 2.984112;0.6062652, 0.09423056, 2.872488;0.541475, -0.4017209, 2.99121;0.6994905, -0.3795762, 2.802164;0.5715852, -0.7494658, 3.031949;0.7630522, -0.7531499, 2.767785;0.5288544, -0.8324585, 3.022295;0.7350916, -0.8397168, 2.744587;
0.5790434, 0.8186381, 3.026906;0.6405594, 0.5989156, 2.993393;0.5827543, 0.2332691, 2.945532;0.4938469, 0.4457653, 3.078073;0.7048365, 0.4608158, 2.852247;0.4085471, -0.1688114, 2.98052;0.6922451, -0.1346395, 2.673989;0.5712237, 0.1598836, 2.9396;0.5125599, 0.08285874, 2.984535;0.6075919, 0.09368843, 2.873013;0.5408896, -0.4001821, 2.990645;0.6997466, -0.3795687, 2.80224;0.5716821, -0.7492794, 3.032058;0.7632638, -0.7533236, 2.767888;0.5287337, -0.8323096, 3.022565;0.735618, -0.8393943, 2.74485;
0.5758388, 0.8206662, 3.025141;0.6386029, 0.6013209, 2.991377;0.5835909, 0.233629, 2.94556;0.4934745, 0.4460186, 3.077752;0.7045165, 0.4616427, 2.852306;0.4066995, -0.169074, 2.980272;0.6901963, -0.1340739, 2.67199;0.5728391, 0.1601916, 2.93988;0.515221, 0.08271486, 2.985254;0.6102177, 0.09407692, 2.873575;0.5412863, -0.3998413, 2.990379;0.6998814, -0.3798505, 2.801991;0.5714904, -0.7485449, 3.031929;0.7630497, -0.7537805, 2.767851;0.5296133, -0.8319619, 3.023453;0.7354927, -0.8394872, 2.744635;
0.5717114, 0.8197443, 3.022445;0.6370541, 0.6012502, 2.990069;0.5849255, 0.2335261, 2.945493;0.4917607, 0.4464346, 3.077027;0.7040607, 0.4623901, 2.851653;0.405501, -0.1692836, 2.980244;0.6873731, -0.1341746, 2.668862;0.5752991, 0.1600172, 2.940049;0.5183911, 0.08202972, 2.985429;0.6144605, 0.0938841, 2.874316;0.5414085, -0.4007848, 2.990494;0.6998973, -0.3797393, 2.801376;0.5713983, -0.7485804, 3.031845;0.7626411, -0.7537027, 2.767466;0.5295577, -0.8320523, 3.023359;0.7355388, -0.8395324, 2.74473;
0.5662488, 0.8169631, 3.019367;0.6340036, 0.599281, 2.987116;0.5868698, 0.2333301, 2.945239;0.4889876, 0.4459594, 3.073811;0.7032854, 0.4626386, 2.850604;0.4007952, -0.1668458, 2.977367;0.6821424, -0.1370739, 2.665827;0.5786502, 0.1600343, 2.940142;0.523077, 0.08073182, 2.986332;0.6191923, 0.09346133, 2.874172;0.5410277, -0.3997775, 2.989598;0.6988975, -0.3803552, 2.799908;0.5693498, -0.7467441, 3.029921;0.762575, -0.75384, 2.767301;0.5294713, -0.8317978, 3.023301;0.7355447, -0.839528, 2.74474;
0.5560112, 0.8125678, 3.013475;0.6317011, 0.5977421, 2.985127;0.5896581, 0.2314091, 2.945001;0.483983, 0.4437138, 3.069629;0.7002374, 0.4601256, 2.846758;0.3971687, -0.166958, 2.976284;0.6770115, -0.1442521, 2.661101;0.5827763, 0.1577052, 2.940328;0.5277146, 0.07839469, 2.986061;0.6252473, 0.09139677, 2.875844;0.5409526, -0.399626, 2.989591;0.6975837, -0.3802935, 2.797963;0.5688398, -0.7467599, 3.029906;0.7615385, -0.7600143, 2.766762;0.5276107, -0.8308128, 3.020368;0.7363166, -0.8390344, 2.745029;
0.5512195, 0.8084922, 3.008819;0.6246746, 0.5930307, 2.982173;0.5917065, 0.2282198, 2.94581;0.4791921, 0.4395197, 3.066733;0.6928999, 0.4544964, 2.840553;0.3888018, -0.1718118, 2.971346;0.6717462, -0.1467819, 2.656767;0.5862055, 0.1541274, 2.941938;0.5324676, 0.07539045, 2.987761;0.630025, 0.0877526, 2.879018;0.5397885, -0.3991807, 2.988765;0.696854, -0.383383, 2.794786;0.56745, -0.7461299, 3.028224;0.7606754, -0.7622243, 2.766051;0.5280991, -0.8309261, 3.022218;0.7360827, -0.8387458, 2.742413;
0.5491511, 0.8004765, 3.005837;0.614494, 0.5821642, 2.974076;0.5941534, 0.2207979, 2.947264;0.4730226, 0.4330048, 3.064663;0.6879036, 0.447505, 2.837803;0.379333, -0.182481, 2.958997;0.6663014, -0.1520201, 2.652169;0.5903645, 0.1466897, 2.945009;0.5376891, 0.06981237, 2.990348;0.6364115, 0.08013304, 2.886204;0.538218, -0.3987034, 2.987988;0.6933534, -0.3885412, 2.789618;0.5666432, -0.7460352, 3.028197;0.7597159, -0.7637557, 2.765741;0.5294988, -0.8277484, 3.018967;0.7369111, -0.8380629, 2.743056;
0.5384152, 0.7916216, 2.999501;0.6081492, 0.5747483, 2.96828;0.5966886, 0.2137741, 2.947698;0.46725, 0.4250325, 3.062043;0.6823456, 0.4410488, 2.834628;0.3700928, -0.2037401, 2.953612;0.6591738, -0.1568338, 2.64349;0.5944937, 0.1399038, 2.946671;0.5440098, 0.06411837, 2.992043;0.6414847, 0.07341247, 2.890118;0.5360187, -0.3994348, 2.986831;0.6935886, -0.3890316, 2.787955;0.566072, -0.7455786, 3.02825;0.7593769, -0.7639298, 2.765474;0.533402, -0.8248131, 3.017186;0.7362881, -0.8378055, 2.741105;
0.5318664, 0.7809095, 2.989787;0.5965422, 0.5627103, 2.961445;0.5989113, 0.2047307, 2.949883;0.4620996, 0.4094858, 3.051285;0.675426, 0.4309763, 2.831089;0.3653811, -0.1972175, 2.951284;0.6528835, -0.1673558, 2.636703;0.5990692, 0.1310307, 2.950675;0.5526122, 0.05493245, 2.998761;0.6476554, 0.06350317, 2.895592;0.5305841, -0.4044426, 2.985735;0.6930246, -0.3889642, 2.783499;0.5654754, -0.7450291, 3.026937;0.758956, -0.7648023, 2.765016;0.531465, -0.8237957, 3.016762;0.7360567, -0.8381588, 2.74067;
0.5154339, 0.7609348, 2.979504;0.5892476, 0.5496024, 2.951848;0.6037292, 0.1895582, 2.948172;0.4575979, 0.3910702, 3.039801;0.6621644, 0.4102717, 2.820617;0.3548823, -0.2210072, 2.942141;0.6465381, -0.190199, 2.625028;0.6065389, 0.1162524, 2.950639;0.5616395, 0.04475785, 3.000007;0.6563174, 0.0498297, 2.896571;0.5292745, -0.4073389, 2.98644;0.6921379, -0.3936602, 2.779045;0.5639364, -0.7442271, 3.026374;0.7591532, -0.7665399, 2.764344;0.5313154, -0.8239397, 3.017095;0.7362927, -0.8380629, 2.740327;
0.5074673, 0.7345267, 2.968396;0.5783508, 0.524974, 2.937372;0.6062642, 0.1693565, 2.950199;0.4542357, 0.380522, 3.037042;0.6535661, 0.3885987, 2.809953;0.3514647, -0.2306666, 2.946047;0.6452214, -0.1988848, 2.616106;0.6114529, 0.09673952, 2.955633;0.5707361, 0.02564099, 3.008663;0.6624764, 0.02938772, 2.903878;0.5252129, -0.4117793, 2.986058;0.6909618, -0.3990169, 2.774937;0.5632579, -0.7437761, 3.02652;0.7587031, -0.7669277, 2.764046;0.5320131, -0.8225944, 3.015952;0.7360253, -0.8384126, 2.740371;
0.4907586, 0.7174577, 2.942926;0.5701563, 0.512941, 2.931088;0.6069418, 0.1538805, 2.950715;0.4476607, 0.3632412, 3.035445;0.6444366, 0.3723803, 2.805635;0.3434419, -0.2519518, 2.945527;0.6393729, -0.233704, 2.608305;0.6141485, 0.08113832, 2.957851;0.5755483, 0.01212388, 3.011745;0.6656654, 0.01732528, 2.907296;0.5223601, -0.4174847, 2.986008;0.6875801, -0.4063785, 2.76868;0.5626063, -0.7437661, 3.026177;0.758584, -0.7672135, 2.763751;0.5329581, -0.8219373, 3.015156;0.7363306, -0.8382944, 2.739108;
0.4838158, 0.6733308, 2.927729;0.5515784, 0.4670167, 2.913692;0.6044539, 0.1281627, 2.952189;0.4348521, 0.3302512, 3.03044;0.6385463, 0.3479576, 2.796434;0.3319353, -0.2801762, 2.932563;0.6350119, -0.2633931, 2.600808;0.6139594, 0.05925372, 2.961964;0.5767109, -0.01339646, 3.017724;0.6685385, -0.00129412, 2.915063;0.5188249, -0.4265748, 2.987671;0.6881726, -0.414702, 2.763783;0.5622326, -0.744085, 3.026103;0.7582181, -0.7675115, 2.763279;0.5310178, -0.8239835, 3.018087;0.7358201, -0.838569, 2.739255;
0.4575945, 0.6474558, 2.911819;0.5458026, 0.4528809, 2.904187;0.6104736, 0.1082878, 2.950379;0.4355719, 0.3099506, 3.027203;0.632982, 0.3336489, 2.792531;0.331859, -0.3082048, 2.932214;0.6326322, -0.2781715, 2.597378;0.6236632, 0.03799183, 2.962767;0.5894445, -0.0312703, 3.019978;0.6801366, -0.01877329, 2.918637;0.5169721, -0.4319302, 2.988122;0.6909615, -0.42128, 2.760488;0.5606689, -0.7441019, 3.025602;0.7575576, -0.7675578, 2.762693;0.5314661, -0.8234022, 3.017575;0.7356761, -0.8388242, 2.739395;
0.4450274, 0.6162086, 2.90605;0.5396169, 0.4272758, 2.896456;0.613484, 0.0777553, 2.958806;0.4282936, 0.2868828, 3.024361;0.6205865, 0.293011, 2.779872;0.3295895, -0.3222375, 2.931784;0.6280028, -0.3017772, 2.590068;0.6285324, 0.00714614, 2.9751;0.6001524, -0.05483221, 3.030969;0.6833068, -0.06280939, 2.942133;0.5092815, -0.4493741, 2.987006;0.6893006, -0.4274642, 2.749727;0.5601817, -0.7444666, 3.025511;0.757123, -0.7676088, 2.762158;0.529694, -0.8245696, 3.017669;0.7351423, -0.8389706, 2.73984;
0.4300281, 0.5778182, 2.887074;0.5312831, 0.3956174, 2.88098;0.6153036, 0.06788788, 2.954851;0.4199386, 0.2527993, 3.019274;0.6173416, 0.2684952, 2.776073;0.3246039, -0.3440422, 2.930313;0.6072968, -0.3338006, 2.587132;0.6310539, 0.0002891119, 2.972335;0.6037666, -0.06607789, 3.031143;0.6877773, -0.06487787, 2.937148;0.5029507, -0.4572066, 2.987541;0.682317, -0.4380309, 2.733556;0.5570419, -0.7569447, 3.025401;0.7566957, -0.7683412, 2.762028;0.5292169, -0.8288392, 3.015162;0.7359647, -0.8402064, 2.740733;
0.4300119, 0.5529644, 2.881146;0.5225896, 0.3677288, 2.86999;0.6221192, 0.0219218, 2.966675;0.4171112, 0.2327235, 3.001758;0.6129434, 0.2409575, 2.773587;0.318628, -0.3858019, 2.929321;0.5956793, -0.3316111, 2.584174;0.6426612, -0.04694252, 2.990339;0.6258324, -0.1038601, 3.047851;0.6946634, -0.1082852, 2.964323;0.4895535, -0.4803441, 2.984907;0.67673, -0.4402315, 2.721803;0.5498516, -0.7779851, 3.023997;0.7566612, -0.7687593, 2.762039;0.5215293, -0.8491138, 3.01136;0.7354932, -0.8404486, 2.741214;
0.4204847, 0.5189395, 2.861725;0.5134777, 0.3390243, 2.863501;0.6201876, 0.004517304, 2.964655;0.4113294, 0.2010418, 2.998335;0.6095023, 0.2176399, 2.767673;0.3112545, -0.4223653, 2.935498;0.5724896, -0.2846314, 2.581534;0.6413993, -0.06296018, 2.988456;0.6246309, -0.1230908, 3.047714;0.6951184, -0.1240131, 2.96157;0.4835815, -0.4958555, 2.983486;0.6716276, -0.4471994, 2.709;0.5505888, -0.7907041, 3.025227;0.7564545, -0.7692994, 2.76223;0.5129817, -0.8542155, 3.001896;0.7355444, -0.8411069, 2.742262;
0.4260066, 0.4788766, 2.8595;0.5052101, 0.29435, 2.861864;0.6189256, -0.02069305, 2.963531;0.4059235, 0.154637, 2.990054;0.6079787, 0.175303, 2.758326;0.3140382, -0.4426052, 2.931249;0.6261027, -0.415205, 2.590817;0.6412256, -0.08425814, 2.987358;0.6237621, -0.1428971, 3.047028;0.6980358, -0.1413836, 2.960811;0.4759276, -0.5110902, 2.980749;0.6678555, -0.4577286, 2.701629;0.5428587, -0.8050364, 3.023396;0.7564525, -0.7695589, 2.762326;0.5101659, -0.8663688, 2.989766;0.7354987, -0.8412523, 2.742769;
0.4221458, 0.449716, 2.856192;0.502673, 0.2592993, 2.8463;0.6158171, -0.05833531, 2.961211;0.4026178, 0.139708, 2.988015;0.6070356, 0.1557008, 2.754818;0.3159231, -0.4777775, 2.927251;0.6275946, -0.4164794, 2.587582;0.6383846, -0.1219861, 2.987619;0.6187457, -0.1770692, 3.045929;0.6974856, -0.1740502, 2.965836;0.4604372, -0.5387668, 2.976404;0.6621072, -0.4737524, 2.691201;0.532901, -0.8306439, 3.019252;0.7561159, -0.7701706, 2.76182;0.5347098, -0.7749564, 2.966102;0.7351218, -0.8417432, 2.742692;
0.4098259, 0.4195555, 2.842171;0.4987973, 0.2416785, 2.844447;0.6138896, -0.0681055, 2.959618;0.3997182, 0.1007424, 2.984152;0.6026171, 0.1347889, 2.748285;0.3064103, -0.4996528, 2.927034;0.6416935, -0.4342213, 2.59278;0.6368027, -0.1303616, 2.986109;0.617553, -0.18707, 3.045582;0.6962113, -0.1850062, 2.963566;0.4541683, -0.5446805, 2.97438;0.6608034, -0.483313, 2.689484;0.5266058, -0.8357075, 3.017806;0.7561351, -0.7694756, 2.762059;0.5584986, -0.7705672, 2.992509;0.7364094, -0.8411629, 2.742768;
0.4001355, 0.3768203, 2.82863;0.4973323, 0.2075854, 2.840832;0.6179718, -0.08826306, 2.958742;0.3982702, 0.07704251, 2.985795;0.6025597, 0.1025879, 2.742649;0.2714514, -0.5295727, 2.915718;0.6417257, -0.447281, 2.58968;0.6417043, -0.1480269, 2.985633;0.6256341, -0.2104786, 3.048966;0.7032585, -0.2022143, 2.962576;0.4376184, -0.5532117, 2.971592;0.6637264, -0.4936809, 2.68335;0.5190421, -0.8408192, 3.016181;0.7552716, -0.7697315, 2.761549;0.5593382, -0.7781608, 2.998324;0.736266, -0.8415164, 2.742722;
0.4026435, 0.36178, 2.830552;0.4898207, 0.1850151, 2.830697;0.6307338, -0.1166055, 2.951037;0.3953179, 0.04884487, 2.985199;0.6010379, 0.08730698, 2.741879;0.3068437, -0.5646423, 2.935899;0.6354904, -0.5078543, 2.583665;0.6601043, -0.1783467, 2.97831;0.6527953, -0.2431821, 3.043419;0.7217389, -0.2269214, 2.955248;0.4364012, -0.5684244, 2.971972;0.6592754, -0.5072719, 2.670249;0.5398948, -0.8436548, 3.031174;0.7551231, -0.7697123, 2.7615;0.5126808, -0.79309, 2.980763;0.7362083, -0.8413585, 2.742852;
0.3873425, 0.3121613, 2.817917;0.4859483, 0.1447149, 2.825754;0.620299, -0.1359519, 2.950886;0.3916622, 0.03171913, 2.98546;0.5994222, 0.06338137, 2.737493;0.3085158, -0.5718318, 2.93748;0.6428112, -0.521956, 2.583735;0.6480777, -0.1937884, 2.978967;0.6360837, -0.2577108, 3.04839;0.7111582, -0.2473815, 2.955201;0.4599822, -0.5253601, 2.978203;0.6571262, -0.5173096, 2.659836;0.5377131, -0.7424245, 3.017673;0.7544128, -0.7703739, 2.760715;0.5283284, -0.8251987, 3.014169;0.7354481, -0.8423294, 2.744076;
0.3902247, 0.3034329, 2.81711;0.485585, 0.1343566, 2.821975;0.6281025, -0.1476386, 2.944867;0.3902285, 0.008773512, 2.980789;0.5982584, 0.04712164, 2.734482;0.3141732, -0.5762382, 2.938854;0.6404023, -0.5310878, 2.586508;0.6569702, -0.204367, 2.972877;0.6477069, -0.2693544, 3.041994;0.7224681, -0.2540498, 2.948663;0.459271, -0.5261874, 2.978403;0.654426, -0.5226251, 2.656688;0.5394024, -0.7441679, 3.01829;0.7535221, -0.7723172, 2.758885;0.5276843, -0.824257, 3.014011;0.7341061, -0.844212, 2.743401;
0.3862427, 0.2787687, 2.81196;0.4831897, 0.108207, 2.816766;0.631327, -0.1665473, 2.944617;0.3877508, -0.003772166, 2.981809;0.5881883, 0.0054065, 2.729832;0.3498777, -0.6199145, 2.94159;0.6402915, -0.5281419, 2.590595;0.6608795, -0.2218004, 2.973436;0.6517435, -0.2810762, 3.043727;0.7266721, -0.2698202, 2.948855;0.4580036, -0.5279022, 2.977404;0.6490836, -0.5252613, 2.648816;0.5441349, -0.7565589, 3.018948;0.752673, -0.7732361, 2.7567;0.5255069, -0.8297955, 3.012847;0.7331207, -0.8455413, 2.744975;
0.3780712, 0.2526977, 2.808981;0.480437, 0.08981716, 2.8133;0.6313747, -0.1788003, 2.941251;0.3904659, -0.06022827, 2.977368;0.587199, -0.002628186, 2.729517;0.407948, -0.5805498, 2.904853;0.6816904, -0.6153797, 2.580593;0.6613964, -0.2327256, 2.97023;0.6545804, -0.2976953, 3.044063;0.7290475, -0.281389, 2.943693;0.4546394, -0.5371641, 2.974915;0.6442342, -0.530329, 2.641592;0.5219707, -0.7371512, 3.008219;0.7447774, -0.7732374, 2.741093;0.4800584, -0.8025191, 2.964684;0.732966, -0.8477941, 2.746342;
0.3752825, 0.2316311, 2.803409;0.4781463, 0.07030125, 2.808282;0.6322853, -0.2079932, 2.931703;0.3898272, -0.06649175, 2.97354;0.5855621, -0.02425313, 2.725475;0.4016359, -0.5908749, 2.909721;0.6847206, -0.6534222, 2.578594;0.6632454, -0.2638432, 2.959677;0.6584945, -0.3269697, 3.029309;0.728232, -0.3043054, 2.936061;0.4494553, -0.5362804, 2.972178;0.6372669, -0.5399494, 2.624958;0.5202073, -0.7368882, 3.007273;0.7444264, -0.797628, 2.743711;0.4760123, -0.8016031, 2.964916;0.7256863, -0.8708929, 2.747502;
0.3731143, 0.2138913, 2.79601;0.4732855, 0.05267357, 2.803547;0.6326529, -0.2082506, 2.931587;0.3853065, -0.08801168, 2.967767;0.5821342, -0.03944675, 2.725077;0.4051581, -0.6106825, 2.921146;0.6864902, -0.6503708, 2.581749;0.6640843, -0.2634763, 2.959779;0.6607924, -0.3263493, 3.032179;0.731812, -0.3040713, 2.935313;0.4455616, -0.553139, 2.973258;0.6217754, -0.5354426, 2.628662;0.4981958, -0.7322189, 3.003089;0.7387781, -0.7988229, 2.747072;0.4567249, -0.7988755, 2.960269;0.713028, -0.743175, 2.664515;
0.357824, 0.1824036, 2.784804;0.4681419, 0.03299733, 2.803064;0.6361573, -0.2166172, 2.931031;0.3826625, -0.1071447, 2.966436;0.5834209, -0.05685334, 2.722817;0.4109472, -0.6238636, 2.915514;0.691578, -0.6636924, 2.586021;0.6685324, -0.268829, 2.959551;0.6671125, -0.3329772, 3.032935;0.7392699, -0.309668, 2.934546;0.47039, -0.6180553, 2.978974;0.6193341, -0.5348222, 2.628013;0.4990331, -0.7340087, 3.002983;0.7487375, -0.825037, 2.742279;0.4595332, -0.802187, 2.960579;0.6960125, -0.876762, 2.760429;
0.361911, 0.1691809, 2.782661;0.4660394, 0.01609149, 2.800352;0.6413162, -0.2334162, 2.928351;0.3827927, -0.1085336, 2.965365;0.5804845, -0.07082354, 2.721544;0.4093482, -0.6288759, 2.918587;0.6945159, -0.666995, 2.584609;0.6756415, -0.2836895, 2.957243;0.6719396, -0.3409018, 3.029179;0.743773, -0.318315, 2.932448;0.4539966, -0.5253234, 2.955312;0.6164563, -0.536777, 2.624207;0.5509424, -0.7792487, 3.021161;0.7500177, -0.8286338, 2.741303;0.5012669, -0.8334844, 3.00166;0.6853058, -0.8686062, 2.7393;
0.3641722, 0.1539297, 2.780944;0.4660117, 0.0005118838, 2.799542;0.6437524, -0.2458607, 2.925947;0.3837783, -0.1100256, 2.960748;0.5817993, -0.08037888, 2.720815;0.4048478, -0.7189826, 2.940113;0.7000521, -0.6838757, 2.587177;0.6788735, -0.2953592, 2.954614;0.6769214, -0.3538374, 3.025681;0.7485569, -0.3325719, 2.928854;0.3542575, -0.5506502, 2.924273;0.6112511, -0.5390261, 2.616561;0.5509406, -0.7780791, 3.020154;0.7506139, -0.8301953, 2.740618;0.500217, -0.8317178, 3.001517;0.6992641, -0.8319234, 2.684426;
0.3609657, 0.138535, 2.771341;0.4651165, -0.01519969, 2.794693;0.6454848, -0.2548446, 2.921921;0.384979, -0.112435, 2.954668;0.5826483, -0.09684591, 2.719168;0.3756096, -0.7220807, 2.957746;0.7029827, -0.7028043, 2.579947;0.6811599, -0.303177, 2.950744;0.6797327, -0.3578331, 3.022957;0.7506558, -0.3421278, 2.923816;0.3536966, -0.5485927, 2.924758;0.6082491, -0.5419822, 2.610627;0.5489103, -0.7666762, 3.015353;0.6769684, -0.8298969, 2.529581;0.4986478, -0.8210826, 2.997725;0.6930381, -0.8394711, 2.63088;
0.3600718, 0.1299997, 2.771711;0.4630339, -0.02465855, 2.793854;0.6465646, -0.2588008, 2.920882;0.3813586, -0.1647904, 2.944764;0.581687, -0.1024375, 2.718972;0.3859802, -0.7214727, 2.96043;0.7008716, -0.6753545, 2.583302;0.6827288, -0.3063293, 2.949685;0.6825558, -0.3637503, 3.020968;0.7524477, -0.3428269, 2.923325;0.3520606, -0.5476918, 2.925915;0.6510584, -0.5077693, 2.690985;0.4639575, -0.8102688, 2.992237;0.705689, -0.7311172, 2.618311;0.4297872, -0.8805391, 2.948182;0.7069864, -0.8101803, 2.684559;
0.3566386, 0.1136212, 2.765872;0.4629968, -0.0309161, 2.793863;0.6392549, -0.2810134, 2.917149;0.3812314, -0.1665201, 2.944438;0.5804351, -0.11085, 2.717687;0.3914516, -0.72277, 2.956996;0.7169855, -0.7590885, 2.586286;0.673673, -0.3319705, 2.94482;0.6660981, -0.3991093, 3.012462;0.7461777, -0.3620254, 2.919677;0.3193782, -0.5502621, 2.918292;0.6511663, -0.5096114, 2.68985;0.3842375, -0.8275467, 2.985123;0.7063898, -0.7288558, 2.612928;0.3468971, -0.8959005, 2.940651;0.7076266, -0.80788, 2.679202;
0.3538517, 0.1046955, 2.764635;0.4637139, -0.03818477, 2.792593;0.5860037, -0.3247873, 2.931125;0.3816814, -0.167773, 2.943564;0.5799088, -0.1175834, 2.714656;0.3828701, -0.7349144, 2.95788;0.7173088, -0.7649735, 2.584298;0.6102322, -0.3797813, 2.962581;0.5761825, -0.4468048, 3.038684;0.691109, -0.4190464, 2.937375;0.257438, -0.5664971, 2.841954;0.6102746, -0.4778907, 2.550208;0.5448425, -0.7660211, 3.013227;0.6858937, -0.7576114, 2.447574;0.4894528, -0.8184047, 3.011401;0.6949096, -0.7844412, 2.546789;
0.3538712, 0.1027265, 2.76558;0.462938, -0.04275241, 2.791884;0.6027473, -0.3090319, 2.927083;0.3805015, -0.1769068, 2.944275;0.5793865, -0.1210897, 2.712533;0.3807475, -0.7365674, 2.957591;0.717164, -0.7637973, 2.584536;0.635538, -0.3559943, 2.956688;0.6170973, -0.4159332, 3.032574;0.7210684, -0.3876752, 2.92916;0.3036702, -0.357848, 2.800555;0.5983688, -0.4913684, 2.564045;0.4854251, -0.7548253, 3.002821;0.6739218, -0.7708443, 2.461538;0.4940784, -0.8300523, 3.013442;0.6887656, -0.7929689, 2.5615;
0.3545694, 0.1026153, 2.764809;0.4629535, -0.04354827, 2.791272;0.6451013, -0.2869385, 2.914483;0.3804745, -0.1768639, 2.94351;0.5782864, -0.1233955, 2.711848;0.3932932, -0.7319591, 2.946557;0.714986, -0.7614518, 2.586329;0.6818328, -0.3344495, 2.943035;0.6795215, -0.3924182, 3.009882;0.7450576, -0.3694499, 2.921656;0.4536788, -0.4286514, 2.685033;0.592712, -0.4964374, 2.576596;0.4885253, -0.7566954, 3.003434;0.6682078, -0.7757021, 2.474188;0.4949334, -0.8327519, 3.010696;0.6865284, -0.7966911, 2.574107;
0.3549344, 0.1015021, 2.762748;0.4625072, -0.04476474, 2.791592;0.6121943, -0.2915855, 2.930772;0.3806943, -0.1812041, 2.94479;0.5778499, -0.1241043, 2.711107;0.38283, -0.737355, 2.948903;0.7116086, -0.7503222, 2.588686;0.6362187, -0.3406271, 2.964673;0.6103501, -0.4054189, 3.04494;0.7315276, -0.3719055, 2.930642;0.2911047, -0.3644241, 2.818418;0.6004615, -0.4933026, 2.574908;0.4902878, -0.7580414, 3.003687;0.6758912, -0.7723228, 2.472627;0.491136, -0.8347027, 3.00413;0.6903799, -0.7976981, 2.572152;
0.3556427, 0.1009458, 2.762918;0.4625622, -0.04479495, 2.79162;0.628101, -0.2891987, 2.921876;0.3807428, -0.1793921, 2.942803;0.5777943, -0.1242842, 2.710872;0.3801991, -0.7365552, 2.954179;0.7105267, -0.7484137, 2.591301;0.6680631, -0.3367557, 2.946952;0.6704268, -0.3970298, 3.010202;0.7353523, -0.3708341, 2.927734;0.5142442, -0.5595473, 2.683544;0.5976046, -0.4940366, 2.575514;0.5152031, -0.7628903, 3.004624;0.6729581, -0.7727747, 2.473345;0.4816901, -0.8318375, 3.002804;0.6887566, -0.8000098, 2.572198;
0.3687845, 0.1226282, 2.770725;0.4627685, -0.04366364, 2.791093;0.6321717, -0.2858185, 2.920905;0.3810748, -0.1770829, 2.94105;0.5778366, -0.1240298, 2.710764;0.3778566, -0.7380871, 2.959115;0.7094137, -0.7076439, 2.591582;0.6700177, -0.334347, 2.947254;0.6700109, -0.39454, 3.010983;0.7399558, -0.3649553, 2.927487;0.4212647, -0.4159681, 2.703568;0.5967162, -0.4951717, 2.580427;0.4961023, -0.7473696, 3.003506;0.7124723, -0.7601908, 2.662925;0.4908428, -0.8238118, 3.002252;0.7130806, -0.8413962, 2.727384;
0.3680561, 0.1229663, 2.770524;0.4632515, -0.04214459, 2.790802;0.6437355, -0.270121, 2.923594;0.3809658, -0.1731366, 2.94108;0.5777875, -0.1221151, 2.710654;0.3796456, -0.7345945, 2.961624;0.7078902, -0.6936734, 2.590124;0.6821634, -0.3147435, 2.953019;0.6832261, -0.3700987, 3.023457;0.754118, -0.3439426, 2.931552;0.4673736, -0.4037839, 2.692345;0.6147856, -0.5330058, 2.61237;0.3902791, -0.7825931, 2.781957;0.7230435, -0.7918868, 2.66344;0.3552274, -0.8544695, 2.740515;0.7159105, -0.8451612, 2.73573;
0.3688441, 0.1244197, 2.769188;0.4658535, -0.03122111, 2.79183;0.6441222, -0.267655, 2.923532;0.3810698, -0.1725428, 2.941818;0.5779026, -0.1185801, 2.711133;0.4031885, -0.7128324, 2.955683;0.707837, -0.7077076, 2.590204;0.6819528, -0.313547, 2.952934;0.6819224, -0.369964, 3.023463;0.754135, -0.3429101, 2.93107;0.4484372, -0.3884739, 2.703988;0.6152031, -0.5333569, 2.612764;0.382649, -0.7689151, 2.795569;0.7233438, -0.792056, 2.663422;0.4317469, -0.787701, 2.884674;0.716585, -0.8453961, 2.73529;
0.3736307, 0.1403895, 2.773275;0.468401, -0.02491242, 2.79145;0.6452445, -0.266891, 2.922453;0.3817857, -0.1684332, 2.942333;0.5797372, -0.1097248, 2.711401;0.4062811, -0.7108299, 2.95504;0.7014215, -0.7179097, 2.586718;0.6824923, -0.3135188, 2.951977;0.6816679, -0.3713475, 3.020933;0.7544814, -0.343004, 2.930097;0.459141, -0.4039994, 2.694644;0.6154227, -0.5342791, 2.612467;0.3542907, -0.7752128, 2.788042;0.7521043, -0.8120927, 2.7459;0.3184338, -0.8454568, 2.744665;0.6978371, -0.8635266, 2.729684;
0.3760031, 0.1452935, 2.773689;0.471014, -0.01069566, 2.791429;0.6469611, -0.2572219, 2.923142;0.3783043, -0.1367969, 2.946043;0.5827077, -0.0987146, 2.711855;0.4104051, -0.6863924, 2.956555;0.6962272, -0.6713659, 2.592842;0.6831824, -0.3061588, 2.952686;0.6796906, -0.3661391, 3.020616;0.7557377, -0.3356535, 2.931378;0.3471942, -0.5466124, 2.939962;0.6186023, -0.5335314, 2.618333;0.4360754, -0.8173748, 3.001661;0.7529256, -0.8125544, 2.747529;0.512367, -0.8177407, 3.007643;0.699127, -0.8618358, 2.724434;
0.3780099, 0.1515408, 2.773908;0.4760721, 0.001363462, 2.791193;0.6451496, -0.2539334, 2.924762;0.3786134, -0.1305994, 2.949505;0.5844499, -0.08795814, 2.710644;0.4129622, -0.681684, 2.957764;0.6927274, -0.6669845, 2.592693;0.6798984, -0.3034758, 2.95487;0.6690989, -0.3638462, 3.023331;0.7526675, -0.3331613, 2.934148;0.3428392, -0.5518872, 2.938598;0.6225241, -0.5305924, 2.618975;0.457034, -0.8134283, 2.998501;0.7553012, -0.8158017, 2.757245;0.531646, -0.8220705, 3.013287;0.7033078, -0.8601725, 2.722775;
0.388385, 0.1896406, 2.788943;0.4784204, 0.01698021, 2.791626;0.6408498, -0.2334221, 2.924995;0.3819759, -0.1193235, 2.952741;0.5851859, -0.07396524, 2.710256;0.351332, -0.6639841, 2.962467;0.6821706, -0.6106526, 2.595057;0.6735801, -0.2833993, 2.954997;0.6643117, -0.349097, 3.026421;0.7483572, -0.3213598, 2.933018;0.4391381, -0.5502045, 2.974446;0.626394, -0.52975, 2.622983;0.5303799, -0.7553197, 3.012962;0.7532799, -0.805107, 2.75209;0.5129051, -0.8298422, 3.010428;0.7100657, -0.8658043, 2.734376;
0.3963725, 0.2126063, 2.793943;0.4828469, 0.04214543, 2.794788;0.6387423, -0.2298109, 2.925324;0.3835657, -0.09911044, 2.957317;0.5870643, -0.05957495, 2.711682;0.3334141, -0.6080274, 2.948386;0.6902965, -0.6427536, 2.588731;0.6709502, -0.2813796, 2.955114;0.6606112, -0.3465906, 3.025831;0.7434425, -0.3199869, 2.93336;0.440463, -0.5520741, 2.976105;0.63274, -0.5334741, 2.622545;0.5387749, -0.7559718, 3.016073;0.7517266, -0.7973594, 2.751605;0.5135544, -0.8281778, 3.011301;0.7154225, -0.8635321, 2.738348;
0.3990002, 0.2359218, 2.800783;0.4848261, 0.06342044, 2.799951;0.6335528, -0.2144351, 2.931229;0.38027, -0.06440972, 2.971598;0.5902606, -0.03516463, 2.714684;0.3428403, -0.5849084, 2.960123;0.6838807, -0.6350318, 2.595718;0.6642863, -0.2693016, 2.960634;0.6523213, -0.3337764, 3.029651;0.735063, -0.3108699, 2.940189;0.4412009, -0.5502543, 2.976113;0.6383711, -0.5292279, 2.629323;0.5390548, -0.7553524, 3.015976;0.7497703, -0.7883524, 2.752912;0.5154519, -0.8281916, 3.011829;0.7222848, -0.858608, 2.739181;
0.4025232, 0.2445656, 2.803731;0.4905998, 0.08292807, 2.806333;0.6331666, -0.2047372, 2.935582;0.3836414, -0.05468565, 2.974035;0.5918459, -0.01324254, 2.715521;0.3113866, -0.6061282, 2.959074;0.6857371, -0.5719065, 2.596663;0.6626911, -0.2614372, 2.964674;0.6498071, -0.3258569, 3.031501;0.7313985, -0.3034356, 2.945388;0.442413, -0.5471845, 2.977206;0.641915, -0.5249276, 2.635805;0.5401776, -0.7552776, 3.01656;0.7497185, -0.7849045, 2.753194;0.5160836, -0.8276738, 3.011742;0.724229, -0.8555168, 2.738733;
0.4120484, 0.282367, 2.813722;0.4951185, 0.1073669, 2.808583;0.6390226, -0.1723272, 2.944793;0.3913468, -0.007802265, 2.96529;0.5940717, 0.009624515, 2.7193;0.314403, -0.5890156, 2.966792;0.6881654, -0.5559912, 2.597512;0.6678762, -0.2286263, 2.975366;0.6587703, -0.2818333, 3.043791;0.7314757, -0.2773365, 2.95489;0.4182637, -0.5693166, 2.970491;0.6505803, -0.5141172, 2.655943;0.5356857, -0.8287208, 3.023976;0.7504455, -0.7817229, 2.753457;0.4740427, -0.8141375, 2.981582;0.7257827, -0.8523322, 2.738764;
0.4167191, 0.3011526, 2.816584;0.5015047, 0.1383663, 2.818919;0.6282825, -0.1598875, 2.949332;0.3942013, 0.004276829, 2.96691;0.5969518, 0.04603456, 2.723075;0.3261286, -0.5301855, 2.992345;0.6928831, -0.5233554, 2.593559;0.6533097, -0.2173673, 2.97953;0.6380583, -0.2722229, 3.045876;0.7126881, -0.2667662, 2.959867;0.4134784, -0.5695705, 2.965264;0.6562508, -0.5120209, 2.663452;0.5199401, -0.8335623, 3.017106;0.7514436, -0.7804325, 2.753943;0.5078399, -0.7658418, 2.984735;0.7265959, -0.8506495, 2.738694;
0.4214266, 0.3290916, 2.826575;0.5025763, 0.1613299, 2.821989;0.6244504, -0.1432727, 2.950327;0.4002821, 0.03586019, 2.97404;0.6000696, 0.06539257, 2.728113;0.3586792, -0.5464141, 2.961473;0.6893231, -0.487749, 2.592782;0.6491635, -0.2040648, 2.979707;0.6339768, -0.2607649, 3.044408;0.7082774, -0.2557167, 2.959697;0.4197037, -0.5652494, 2.967591;0.6627391, -0.5121673, 2.672682;0.5218164, -0.8315573, 3.015252;0.7529992, -0.7788187, 2.754304;0.4905987, -0.7728798, 2.978783;0.7277151, -0.8484257, 2.738081;
0.428804, 0.378415, 2.84519;0.5075424, 0.2059844, 2.830079;0.6242883, -0.1161464, 2.953523;0.4015503, 0.07089218, 2.971811;0.6023302, 0.08736669, 2.729692;0.36033, -0.5328488, 2.955863;0.6880669, -0.4694036, 2.595491;0.6480233, -0.1800451, 2.981858;0.6316361, -0.2316514, 3.041791;0.704918, -0.2328811, 2.962335;0.4340547, -0.5464358, 2.966814;0.6677753, -0.5028113, 2.688673;0.5111632, -0.8219068, 3.009299;0.75515, -0.7761518, 2.754834;0.5698528, -0.8625703, 3.034254;0.7295964, -0.845709, 2.739684;
0.4313642, 0.3993745, 2.851169;0.5125688, 0.2371306, 2.837692;0.6157874, -0.07860094, 2.960492;0.4066062, 0.1067499, 2.968428;0.6096399, 0.123373, 2.739168;0.3561449, -0.4683024, 2.960759;0.6857277, -0.4444305, 2.592797;0.6361101, -0.1414305, 2.9884;0.6188771, -0.2061592, 3.04186;0.6890332, -0.1843048, 2.974555;0.447402, -0.5352131, 2.969099;0.671741, -0.4832919, 2.710207;0.5235014, -0.810181, 3.012734;0.7560707, -0.7740724, 2.755853;0.5028028, -0.8827491, 3.011075;0.7309825, -0.8434436, 2.739868;
0.4473113, 0.4462968, 2.870023;0.5237079, 0.2810034, 2.847432;0.6193923, -0.0628313, 2.963965;0.4108253, 0.1375879, 2.969793;0.6120268, 0.1452013, 2.742012;0.3512875, -0.4341038, 2.967804;0.6867728, -0.4201273, 2.596071;0.638835, -0.1298615, 2.990963;0.6195236, -0.1888897, 3.042586;0.6912001, -0.1761932, 2.976372;0.4582884, -0.5221995, 2.970427;0.6723887, -0.477811, 2.716094;0.5305665, -0.7974369, 3.015122;0.7575234, -0.7735171, 2.75596;0.5029654, -0.8672837, 3.009202;0.7314759, -0.8421383, 2.738987;
0.4542428, 0.4761014, 2.877839;0.5222006, 0.3076193, 2.85503;0.6200335, -0.02624001, 2.963905;0.4189153, 0.1795798, 2.977218;0.6141682, 0.1935357, 2.756285;0.3485184, -0.4160622, 2.964393;0.6704774, -0.3606799, 2.617451;0.6396842, -0.09376888, 2.988837;0.6195924, -0.1536486, 3.04142;0.6923085, -0.1485282, 2.970141;0.4755399, -0.4945495, 2.973775;0.6729415, -0.4696722, 2.722195;0.5418624, -0.7706445, 3.019178;0.7581111, -0.773452, 2.756226;0.5140573, -0.840101, 3.011602;0.7320232, -0.8419332, 2.73936;
0.463442, 0.5005883, 2.889653;0.5431699, 0.3021306, 2.872787;0.6231174, -0.02041036, 2.963346;0.4191318, 0.2011108, 2.98705;0.6211322, 0.2142175, 2.760187;0.346014, -0.3810724, 2.960325;0.674592, -0.3280794, 2.617505;0.6417329, -0.08396828, 2.985896;0.6202454, -0.1419984, 3.039452;0.6944298, -0.1423407, 2.964275;0.4825013, -0.4850706, 2.975261;0.6771304, -0.4652678, 2.731022;0.5425837, -0.7627491, 3.018426;0.7584682, -0.7733369, 2.756315;0.5181574, -0.8335473, 3.013257;0.7322868, -0.8416554, 2.739496;
0.4742235, 0.5290896, 2.900154;0.5538775, 0.3218911, 2.882714;0.6272876, 0.01166093, 2.964353;0.4222965, 0.2258695, 2.990726;0.6226876, 0.2362367, 2.763854;0.3396254, -0.3483517, 2.953348;0.6761515, -0.3175904, 2.621152;0.6421791, -0.04986973, 2.983869;0.619479, -0.118168, 3.035409;0.6921986, -0.09945708, 2.959922;0.4871131, -0.4730058, 2.976055;0.6811339, -0.4550494, 2.738854;0.5465963, -0.7545803, 3.020001;0.7584672, -0.7733067, 2.756746;0.5202942, -0.8290889, 3.012978;0.7324251, -0.8414932, 2.739729;
0.4826836, 0.5795148, 2.916671;0.5537886, 0.4115035, 2.888724;0.621211, 0.04461906, 2.962139;0.4318319, 0.2655605, 3.010894;0.6266501, 0.2677936, 2.77254;0.3415613, -0.3388529, 2.958289;0.669379, -0.2889126, 2.617485;0.6364581, -0.03110134, 2.981162;0.6064702, -0.08630241, 3.029315;0.6873635, -0.08602627, 2.955349;0.4944415, -0.4567068, 2.976059;0.6849827, -0.4453363, 2.744905;0.54731, -0.7535065, 3.020421;0.7584417, -0.772848, 2.757023;0.5203336, -0.8290337, 3.012918;0.733194, -0.8413408, 2.740549;
0.4988502, 0.5978107, 2.928902;0.5593899, 0.4259748, 2.89677;0.6199661, 0.05864009, 2.962776;0.4356591, 0.2745329, 3.012877;0.6344458, 0.2980295, 2.781797;0.3418155, -0.295275, 2.956813;0.6672977, -0.2754676, 2.617816;0.632582, -0.01364767, 2.979779;0.6022508, -0.07617323, 3.028758;0.6836092, -0.07077774, 2.950487;0.4963151, -0.4512286, 2.976218;0.6880383, -0.4332255, 2.754576;0.5484423, -0.7506975, 3.021148;0.758487, -0.7725182, 2.757461;0.5213507, -0.8288317, 3.013546;0.7336918, -0.8415858, 2.74329;
0.5092692, 0.6288657, 2.946758;0.5724566, 0.4577905, 2.915989;0.6198371, 0.0845363, 2.963577;0.4399678, 0.3022557, 3.019716;0.6409954, 0.322607, 2.790188;0.3439059, -0.2874003, 2.957678;0.6661142, -0.2527331, 2.621968;0.6300057, 0.01086121, 2.977332;0.5970882, -0.05764806, 3.027183;0.6809366, -0.04857522, 2.942699;0.4990731, -0.4457113, 2.977414;0.6899748, -0.4263371, 2.759237;0.5485611, -0.7483291, 3.021343;0.7590458, -0.7711906, 2.758035;0.5222709, -0.8292238, 3.014927;0.7342386, -0.8401496, 2.743597;
0.5075129, 0.6542493, 2.953772;0.5781631, 0.4859832, 2.925511;0.6173265, 0.1030374, 2.961925;0.4422313, 0.3189895, 3.021954;0.645451, 0.3489088, 2.799078;0.3494174, -0.261473, 2.959327;0.6678444, -0.2337724, 2.629005;0.6258045, 0.02750092, 2.973415;0.5877866, -0.03749267, 3.020211;0.6766385, -0.02958915, 2.936109;0.5015206, -0.438366, 2.977623;0.6900344, -0.4223117, 2.760928;0.5485326, -0.7460803, 3.020974;0.75905, -0.771137, 2.758076;0.5238409, -0.8288101, 3.016709;0.7342973, -0.8401177, 2.74347;
0.5340524, 0.6828049, 2.979537;0.5934477, 0.509633, 2.943576;0.6174498, 0.1177401, 2.961113;0.4489496, 0.336649, 3.022913;0.6493704, 0.3625047, 2.804541;0.351843, -0.2331497, 2.950884;0.6688082, -0.2101524, 2.638661;0.6235865, 0.04135045, 2.969585;0.5842198, -0.02511947, 3.014962;0.6724644, -0.01634113, 2.929223;0.5046868, -0.4318287, 2.977542;0.6920393, -0.4154307, 2.764045;0.5491827, -0.7440395, 3.021242;0.7587909, -0.7711356, 2.758425;0.5239974, -0.8283372, 3.016294;0.7345026, -0.8402995, 2.744064;
0.559882, 0.7042148, 3.000256;0.5984383, 0.5235971, 2.947697;0.6182912, 0.1340408, 2.959477;0.4582163, 0.3630888, 3.02738;0.6570702, 0.384169, 2.811283;0.3567549, -0.215636, 2.958;0.6673132, -0.1834965, 2.642614;0.6228187, 0.05651335, 2.965924;0.582175, -0.008404178, 3.009743;0.6706144, -0.003358027, 2.924042;0.50651, -0.4272903, 2.978048;0.6933945, -0.4103993, 2.767253;0.5529265, -0.7488713, 3.022434;0.7586578, -0.7712198, 2.758669;0.5229512, -0.8295206, 3.014647;0.7344742, -0.8403617, 2.744227;
0.5626402, 0.7132568, 3.003364;0.6035868, 0.5349373, 2.95736;0.6170123, 0.151312, 2.959676;0.4604539, 0.3756352, 3.030483;0.6638144, 0.3962242, 2.816376;0.3572272, -0.2059973, 2.957137;0.6681415, -0.1758294, 2.646641;0.6196771, 0.0758656, 2.963534;0.5755516, 0.007669822, 3.007724;0.6686565, 0.01578435, 2.917156;0.5118839, -0.4154983, 2.978474;0.6937193, -0.4045033, 2.770639;0.5537001, -0.7478822, 3.022632;0.7583227, -0.7714924, 2.75936;0.5244066, -0.8251598, 3.013788;0.7351859, -0.8404302, 2.743753;
0.5647193, 0.7299692, 3.008129;0.6193077, 0.5550646, 2.97249;0.6162659, 0.1691866, 2.960265;0.4638789, 0.3910547, 3.037822;0.6700892, 0.413561, 2.824486;0.3664217, -0.2032726, 2.960293;0.6705551, -0.1613189, 2.654061;0.6163409, 0.09347803, 2.961843;0.5711245, 0.02315474, 3.003952;0.6617815, 0.03322184, 2.913735;0.5137014, -0.4149383, 2.979258;0.6941604, -0.402696, 2.772893;0.5560409, -0.7510233, 3.023307;0.7580633, -0.7711011, 2.759602;0.5244598, -0.8265315, 3.013679;0.7353845, -0.8400604, 2.743874;
0.5925559, 0.7440497, 3.027374;0.6224446, 0.5632174, 2.977141;0.614967, 0.1788016, 2.959841;0.4684685, 0.4056801, 3.04133;0.6774818, 0.4275104, 2.830933;0.3731506, -0.1819183, 2.960997;0.6725488, -0.1499757, 2.659627;0.6138461, 0.102801, 2.960099;0.56673, 0.0335507, 3.000485;0.6587145, 0.04218383, 2.911164;0.5178173, -0.4131984, 2.980478;0.6945654, -0.4002029, 2.775671;0.5568449, -0.753047, 3.022768;0.7582673, -0.7712159, 2.760762;0.5244452, -0.8274944, 3.014009;0.7354602, -0.839399, 2.742489;
0.5916994, 0.7519935, 3.028069;0.6303897, 0.5723953, 2.98212;0.6407005, 0.1856261, 2.985741;0.4736271, 0.4163202, 3.043741;0.6840185, 0.4363863, 2.837504;0.3746732, -0.1605003, 2.967965;0.6745595, -0.1422797, 2.662207;0.6113351, 0.1133396, 2.958067;0.5624733, 0.04160264, 2.999742;0.6552942, 0.05077453, 2.905669;0.5240719, -0.4046529, 2.982394;0.6955765, -0.3956547, 2.779537;0.5595078, -0.7490776, 3.022364;0.7576653, -0.768978, 2.760754;0.5244945, -0.8274463, 3.013929;0.7358174, -0.8384542, 2.742882;
0.5897406, 0.7642823, 3.028275;0.6374007, 0.5865744, 2.992915;0.6409699, 0.193917, 2.987271;0.4757856, 0.4228582, 3.049299;0.6901277, 0.4453747, 2.842041;0.3692567, -0.1828061, 2.967702;0.6767371, -0.1331857, 2.664638;0.6098641, 0.1218537, 2.957296;0.5593137, 0.04818766, 2.998729;0.6535642, 0.05861972, 2.902541;0.5257773, -0.4048151, 2.983383;0.697391, -0.3922122, 2.783654;0.5601522, -0.7521589, 3.024021;0.7587063, -0.7659, 2.761391;0.5239915, -0.8292555, 3.014046;0.7360663, -0.8384143, 2.743405;
0.5992894, 0.7729234, 3.036098;0.6429607, 0.5939384, 3.000906;0.6408271, 0.2007396, 2.987387;0.4826548, 0.4354744, 3.056895;0.6958708, 0.4533933, 2.847288;0.3714813, -0.1790909, 2.974458;0.6812803, -0.1210771, 2.668463;0.6083588, 0.1297352, 2.956175;0.5563582, 0.05486409, 2.997669;0.6509688, 0.06674916, 2.898012;0.5288914, -0.4014933, 2.984567;0.6982321, -0.3907081, 2.785461;0.5627037, -0.7483029, 3.025954;0.7587249, -0.7660486, 2.761325;0.526672, -0.8295779, 3.017995;0.7366352, -0.8379461, 2.743269;
0.6015891, 0.7804065, 3.047975;0.6493821, 0.6021531, 3.005156;0.6397766, 0.2069682, 2.985702;0.4897673, 0.4460872, 3.063508;0.7019209, 0.4616721, 2.854444;0.3769935, -0.1744543, 2.977065;0.6838468, -0.1088435, 2.671565;0.6057671, 0.1369389, 2.953162;0.5522116, 0.06125775, 2.995325;0.6463924, 0.07358439, 2.890835;0.5336374, -0.3978141, 2.985354;0.6991268, -0.388343, 2.787453;0.5632215, -0.7478966, 3.026245;0.7594144, -0.7635153, 2.762057;0.5267482, -0.8294638, 3.017787;0.7369658, -0.8375554, 2.743088;
0.6077446, 0.7875876, 3.052755;0.661287, 0.6107405, 3.016387;0.6392149, 0.209337, 2.98528;0.4924272, 0.448565, 3.065503;0.7056687, 0.4649999, 2.857197;0.3820252, -0.1670292, 2.982311;0.6849967, -0.1040988, 2.67333;0.6040638, 0.140518, 2.951568;0.547779, 0.0659395, 2.992824;0.6438031, 0.07759915, 2.887047;0.5371779, -0.3952854, 2.986168;0.7005154, -0.3861411, 2.790049;0.5646204, -0.7476733, 3.027311;0.7604947, -0.7614069, 2.763545;0.5276613, -0.8295687, 3.019156;0.7371657, -0.8372662, 2.743058;
0.6098659, 0.789534, 3.052648;0.6659001, 0.6135811, 3.024602;0.6382511, 0.212916, 2.986098;0.4952539, 0.4495507, 3.067013;0.7083894, 0.4682063, 2.860227;0.3856388, -0.1651538, 2.979545;0.6865851, -0.09980218, 2.672769;0.60189, 0.145001, 2.951102;0.5448288, 0.06956878, 2.992268;0.6400534, 0.08180341, 2.884118;0.5394885, -0.393924, 2.987918;0.7009301, -0.3830882, 2.792782;0.5668243, -0.7478135, 3.028842;0.761734, -0.7604163, 2.764344;0.5301572, -0.823585, 3.020118;0.7370898, -0.8374032, 2.74335;
0.6248878, 0.7939032, 3.0671;0.6667655, 0.6133699, 3.024937;0.6369593, 0.2139456, 2.985291;0.5016693, 0.4506092, 3.068116;0.7134441, 0.4690687, 2.864135;0.3876404, -0.1614359, 2.980048;0.6858313, -0.1057913, 2.671767;0.5993065, 0.146841, 2.949184;0.5404676, 0.072956, 2.988675;0.6365281, 0.08412483, 2.882037;0.5420008, -0.3932787, 2.989222;0.701735, -0.3835007, 2.794015;0.5675201, -0.7474812, 3.029419;0.7625232, -0.7600522, 2.765057;0.530243, -0.8239961, 3.020397;0.7371161, -0.8374317, 2.743402;
0.6292128, 0.795959, 3.073069;0.6766811, 0.6165425, 3.030634;0.6355203, 0.2146845, 2.985005;0.5040657, 0.451219, 3.070651;0.7168274, 0.4689851, 2.86671;0.391948, -0.1548786, 2.984107;0.6884871, -0.1040175, 2.671293;0.5961431, 0.1487792, 2.948113;0.5344065, 0.07606587, 2.986492;0.6319816, 0.086363, 2.880439;0.5425709, -0.393651, 2.989904;0.7012008, -0.3746464, 2.797529;0.5686648, -0.7471112, 3.030104;0.7636003, -0.7592059, 2.765381;0.5300519, -0.8246589, 3.020153;0.7368446, -0.837572, 2.74328;
0.6339571, 0.7952379, 3.069185;0.6790496, 0.6149831, 3.03297;0.6349933, 0.2151501, 2.984432;0.5133071, 0.4557333, 3.074626;0.7206566, 0.4684863, 2.868635;0.3931573, -0.158574, 2.983564;0.6938772, -0.09486594, 2.672396;0.5942828, 0.1500097, 2.947316;0.5325154, 0.07765421, 2.985634;0.6285611, 0.0874468, 2.878547;0.5426609, -0.3934794, 2.989828;0.7018427, -0.3744456, 2.797662;0.5688253, -0.7468554, 3.030367;0.763745, -0.7586632, 2.765689;0.5303039, -0.824895, 3.020566;0.7368591, -0.8375194, 2.743349;
0.6355342, 0.7938173, 3.071456;0.6805348, 0.6132616, 3.034655;0.6345556, 0.2152195, 2.983976;0.5190905, 0.459366, 3.080833;0.7234842, 0.4689052, 2.871423;0.3961049, -0.1582439, 2.991113;0.694797, -0.09514863, 2.67297;0.5928326, 0.150506, 2.946807;0.5310318, 0.07772588, 2.985844;0.6253024, 0.08705688, 2.875365;0.5426653, -0.3934923, 2.989859;0.7024887, -0.3745944, 2.797995;0.5691904, -0.7466071, 3.030542;0.7639152, -0.7585219, 2.765548;0.5303615, -0.8253637, 3.021057;0.7369301, -0.837072, 2.742642;
0.6442147, 0.7938089, 3.083452;0.6853774, 0.6120714, 3.039452;0.633906, 0.2144723, 2.983889;0.5231922, 0.4593995, 3.08262;0.72585, 0.4664111, 2.873196;0.3971966, -0.1562183, 2.994018;0.6968743, -0.0952639, 2.673193;0.591167, 0.1500038, 2.946373;0.5293077, 0.07767196, 2.985521;0.6225969, 0.08621557, 2.874232;0.5421824, -0.3934502, 2.989607;0.7024865, -0.3746083, 2.79807;0.5693852, -0.7461687, 3.030535;0.764109, -0.7580128, 2.765623;0.5304982, -0.8255104, 3.021108;0.7367746, -0.8372076, 2.742778;
0.6436419, 0.7934592, 3.087642;0.6857739, 0.6117608, 3.040935;0.6324652, 0.214584, 2.984258;0.5251676, 0.4594567, 3.084871;0.7282317, 0.4661044, 2.875787;0.397623, -0.1545456, 2.993647;0.6976438, -0.09570186, 2.673416;0.5892215, 0.1502658, 2.946342;0.526423, 0.07767212, 2.986397;0.6200868, 0.08561039, 2.872617;0.5420309, -0.3941303, 2.989639;0.702415, -0.3748534, 2.798306;0.5707647, -0.7451345, 3.031487;0.7641523, -0.7572573, 2.766131;0.5131996, -0.7776701, 2.974998;0.7363191, -0.8376334, 2.743191;
0.6439258, 0.792546, 3.087804;0.6875405, 0.6108946, 3.04289;0.6323893, 0.2144786, 2.983978;0.5255188, 0.4575458, 3.092452;0.7295101, 0.4662668, 2.877306;0.4020882, -0.1357503, 2.997546;0.6986996, -0.09616764, 2.673794;0.5884612, 0.1504444, 2.946265;0.5250715, 0.07777176, 2.986328;0.6193554, 0.0856449, 2.872208;0.5418227, -0.3950018, 2.989591;0.7022836, -0.3751886, 2.798728;0.5713097, -0.7471536, 3.031085;0.7641809, -0.7572235, 2.766245;0.5342457, -0.8266397, 3.018157;0.7364779, -0.837568, 2.743197;
0.6456497, 0.7909737, 3.091424;0.689395, 0.6091873, 3.043882;0.6318175, 0.2136542, 2.98374;0.5260005, 0.4566047, 3.092408;0.7295294, 0.4661187, 2.87793;0.398596, -0.1584331, 2.995806;0.6988361, -0.09738865, 2.674335;0.5873759, 0.149582, 2.945657;0.5241165, 0.07722024, 2.985379;0.6183082, 0.08543949, 2.871984;0.5416494, -0.3949294, 2.989326;0.7018808, -0.3754845, 2.798841;0.5711915, -0.746013, 3.030774;0.7641057, -0.7565286, 2.766637;0.53442, -0.8269459, 3.019073;0.7367652, -0.8368611, 2.742378;
0.652756, 0.7907868, 3.092321;0.6916695, 0.6076032, 3.04665;0.631557, 0.2130873, 2.983898;0.5271783, 0.4560295, 3.091211;0.7311899, 0.4659423, 2.88024;0.39841, -0.1582907, 2.998481;0.6989539, -0.09778586, 2.674551;0.5873122, 0.1492167, 2.945345;0.5239208, 0.07639349, 2.984984;0.618112, 0.08483551, 2.870624;0.541013, -0.395245, 2.98852;0.7014839, -0.3755067, 2.798682;0.5711796, -0.7458208, 3.030777;0.7642122, -0.7566567, 2.766773;0.5343865, -0.8268173, 3.019308;0.7367263, -0.8370391, 2.742747;
0.6532322, 0.7901531, 3.090702;0.6925585, 0.6067705, 3.0476;0.631238, 0.2128457, 2.984171;0.5274681, 0.4556485, 3.091115;0.7330527, 0.4660072, 2.882412;0.39772, -0.1634368, 2.998735;0.6990286, -0.09779948, 2.674536;0.5871443, 0.1490987, 2.945304;0.5232855, 0.07595804, 2.985124;0.617793, 0.08418982, 2.869722;0.5407553, -0.3960158, 2.988218;0.7011416, -0.3771414, 2.798996;0.5711552, -0.7468182, 3.030634;0.7642928, -0.7565391, 2.766768;0.5327967, -0.8283467, 3.018667;0.7366688, -0.8372371, 2.743407;
0.6543945, 0.7900758, 3.09068;0.6934978, 0.6063983, 3.048922;0.6311046, 0.2126774, 2.984296;0.52853, 0.4553904, 3.090802;0.7341271, 0.4656041, 2.88304;0.3970533, -0.1678304, 2.997877;0.6993238, -0.09743029, 2.674741;0.5870239, 0.1490618, 2.945305;0.5229669, 0.07576419, 2.985244;0.6174998, 0.08401471, 2.86918;0.5407473, -0.395925, 2.987862;0.6999255, -0.375486, 2.799802;0.5700726, -0.7457742, 3.030546;0.7641115, -0.756653, 2.767131;0.5327274, -0.8287167, 3.019492;0.7365811, -0.8373972, 2.743202;
0.655264, 0.7897822, 3.090286;0.693947, 0.6057809, 3.049406;0.6310155, 0.2124534, 2.984376;0.5304783, 0.4545634, 3.087564;0.7349734, 0.4655373, 2.883452;0.3987115, -0.1688533, 2.997724;0.6992872, -0.1099555, 2.673076;0.5870556, 0.1489027, 2.945081;0.52307, 0.07562563, 2.98454;0.6175705, 0.08410895, 2.869173;0.5408006, -0.3962502, 2.987821;0.6996536, -0.375055, 2.799602;0.5700963, -0.7457682, 3.030615;0.7640017, -0.7566826, 2.767174;0.5329967, -0.8281794, 3.020114;0.7364922, -0.8377941, 2.743537;
0.6561309, 0.7894271, 3.090326;0.6950456, 0.605242, 3.049646;0.6310464, 0.2121992, 2.984418;0.5308729, 0.4543861, 3.087607;0.7349864, 0.4654801, 2.883489;0.4038546, -0.1368401, 2.998886;0.7019982, -0.1017415, 2.674342;0.5869914, 0.1487551, 2.945107;0.523058, 0.07555673, 2.984535;0.6174387, 0.08415429, 2.869328;0.5408784, -0.397328, 2.987885;0.6996854, -0