0.5438432, 0.7610567, 3.00252;0.5992591, 0.5792137, 2.968949;0.5473906, 0.2189561, 2.932181;0.4537827, 0.4497, 3.067044;0.6594576, 0.4435003, 2.827974;0.364162, -0.1958573, 2.985912;0.6221799, -0.1424127, 2.650563;0.5370169, 0.1469046, 2.928229;0.4800958, 0.0743688, 2.978239;0.5726495, 0.07157895, 2.859531;0.5163873, -0.4015271, 2.9983;0.6528977, -0.3537221, 2.764491;0.553454, -0.7511095, 3.045397;0.7242631, -0.7436113, 2.754623;0.5045123, -0.7786517, 3.001561;0.701746, -0.8159153, 2.735831;
0.5436949, 0.7796212, 3.002488;0.5992899, 0.5839424, 2.968823;0.5472311, 0.2193114, 2.932423;0.453538, 0.4496639, 3.067326;0.6594388, 0.4435964, 2.828226;0.3658429, -0.2020999, 2.961603;0.6204921, -0.1417809, 2.650842;0.5368788, 0.1470109, 2.928471;0.4799044, 0.0745535, 2.978387;0.572481, 0.07201165, 2.860284;0.5151833, -0.398538, 2.997873;0.6528758, -0.3540144, 2.765017;0.5536131, -0.7506514, 3.044945;0.7243697, -0.7428383, 2.754561;0.5022545, -0.7795899, 2.998917;0.7011411, -0.814254, 2.732195;
0.5428565, 0.7843727, 3.002913;0.5984378, 0.5861605, 2.968402;0.5471772, 0.2192784, 2.932761;0.4534008, 0.4495572, 3.0676;0.6595036, 0.4435998, 2.828602;0.3707221, -0.1770589, 2.965271;0.6200936, -0.1418697, 2.650986;0.5367932, 0.146721, 2.928871;0.4798518, 0.07440947, 2.978644;0.5725759, 0.07184443, 2.861122;0.5153257, -0.3983813, 2.998174;0.6527948, -0.3543103, 2.76564;0.5546632, -0.7500799, 3.046196;0.7242981, -0.7429202, 2.754885;0.5025186, -0.7795205, 2.999417;0.7011449, -0.8142346, 2.732275;
0.5398716, 0.7720671, 3.004774;0.5984286, 0.5861583, 2.968477;0.5471408, 0.219319, 2.932842;0.4533802, 0.4495159, 3.067634;0.6594581, 0.4434871, 2.828867;0.3705601, -0.1767268, 2.965107;0.6192241, -0.1418158, 2.650939;0.5367653, 0.1467358, 2.928976;0.4798332, 0.07442117, 2.978762;0.5725484, 0.07184599, 2.861216;0.5154756, -0.3981218, 2.998034;0.65274, -0.3543668, 2.765895;0.5547335, -0.7476254, 3.044281;0.7240901, -0.7429321, 2.754853;0.5030273, -0.7768294, 2.997852;0.7011507, -0.8143054, 2.732309;
0.5391802, 0.7676314, 3.002072;0.598147, 0.5863944, 2.968858;0.5470359, 0.2192083, 2.933046;0.4531009, 0.449237, 3.067699;0.6594447, 0.4433661, 2.82906;0.3701749, -0.1760345, 2.964252;0.6181662, -0.1425019, 2.650727;0.5366409, 0.1464378, 2.929173;0.4797008, 0.0740935, 2.978897;0.5725284, 0.07157112, 2.861428;0.5157008, -0.3981811, 2.997989;0.6527912, -0.3542965, 2.76633;0.5547603, -0.7474973, 3.044416;0.7238299, -0.7432802, 2.754727;0.5016399, -0.7775223, 2.996642;0.7009664, -0.8142985, 2.731874;
0.5390502, 0.7667916, 3.002756;0.5972824, 0.5860013, 2.968858;0.5466503, 0.2188371, 2.93309;0.4531705, 0.4492316, 3.067775;0.6590931, 0.4431981, 2.829264;0.3698817, -0.175048, 2.964484;0.6173973, -0.1426619, 2.650803;0.5363168, 0.1459685, 2.929239;0.4796378, 0.07384776, 2.979013;0.5721473, 0.07108594, 2.86148;0.5156925, -0.3975166, 2.99741;0.6528042, -0.3544121, 2.766508;0.5551808, -0.7473509, 3.044803;0.7241144, -0.7426751, 2.755159;0.500053, -0.7785076, 2.995292;0.7009911, -0.8143383, 2.731888;
0.5393209, 0.7662405, 3.003177;0.5971854, 0.5859509, 2.968844;0.5465394, 0.2191321, 2.932985;0.4523597, 0.4491113, 3.068807;0.6590869, 0.4431205, 2.829264;0.3698716, -0.17506, 2.964665;0.6168703, -0.1426239, 2.650938;0.5362288, 0.1463155, 2.929121;0.4795105, 0.07394118, 2.979036;0.5721548, 0.0711873, 2.861091;0.5156971, -0.3974454, 2.997221;0.6530011, -0.3546826, 2.767041;0.5554465, -0.7482246, 3.045872;0.7240649, -0.7414691, 2.754496;0.5373185, -0.8159584, 3.040134;0.7005893, -0.8136868, 2.729759;
0.5386366, 0.7636148, 3.000242;0.5970854, 0.5856577, 2.968658;0.5464814, 0.2189921, 2.932997;0.4517849, 0.4485431, 3.068664;0.6591431, 0.4430577, 2.829254;0.3698348, -0.1750034, 2.96464;0.6167458, -0.1429268, 2.650919;0.5361804, 0.1461462, 2.929163;0.4792985, 0.0735139, 2.979068;0.5722, 0.07101107, 2.861158;0.5139552, -0.3928456, 2.996247;0.6528437, -0.3547117, 2.767107;0.5539508, -0.7467687, 3.04386;0.7241851, -0.7438656, 2.754107;0.4958667, -0.7796309, 2.991565;0.7006619, -0.8153607, 2.726498;
0.5417955, 0.7707146, 3.000467;0.59611, 0.5868669, 2.967364;0.5462972, 0.2190682, 2.932797;0.4517565, 0.4485283, 3.068697;0.6590335, 0.4430329, 2.829096;0.3697815, -0.1750123, 2.964844;0.6165653, -0.1428525, 2.651119;0.536088, 0.1461159, 2.929086;0.479259, 0.07344624, 2.979106;0.5721478, 0.07091019, 2.861037;0.5139532, -0.3926924, 2.996242;0.6528587, -0.3543401, 2.767048;0.5540031, -0.7462124, 3.043643;0.7247969, -0.7430816, 2.754778;0.4966142, -0.7787212, 2.992049;0.7005637, -0.8154269, 2.726882;
0.5440764, 0.7877122, 3.004902;0.5953746, 0.5887597, 2.966923;0.5458779, 0.2195619, 2.932909;0.4516304, 0.4487244, 3.068956;0.6593841, 0.4432119, 2.829185;0.3698009, -0.1750242, 2.964837;0.6165625, -0.1426693, 2.651249;0.5357658, 0.1463709, 2.929262;0.478837, 0.07319621, 2.979232;0.5718439, 0.07227796, 2.861829;0.513935, -0.3923753, 2.996447;0.6530634, -0.3545618, 2.767367;0.5539972, -0.7462277, 3.043911;0.7247343, -0.7429042, 2.754911;0.4972298, -0.7784396, 2.992804;0.7006172, -0.8155133, 2.72799;
0.552433, 0.7978134, 3.00839;0.5952137, 0.5893325, 2.966415;0.5454314, 0.2197589, 2.933009;0.4515601, 0.4489298, 3.068993;0.659445, 0.44309, 2.829393;0.369696, -0.1751593, 2.96503;0.6165881, -0.1426853, 2.651291;0.5352376, 0.1464599, 2.929506;0.4780225, 0.07267635, 2.979637;0.5712289, 0.07284506, 2.862362;0.5124077, -0.3899556, 2.995546;0.6530002, -0.3542056, 2.767496;0.5532025, -0.7462117, 3.043767;0.7237846, -0.7440418, 2.754567;0.4969373, -0.7781714, 2.993029;0.7006204, -0.8154641, 2.728002;
0.5368339, 0.7842427, 2.998284;0.5946293, 0.5900291, 2.966231;0.5448321, 0.2200983, 2.933167;0.4517873, 0.4491845, 3.068816;0.6594911, 0.4432791, 2.829534;0.3695408, -0.1764801, 2.967364;0.6165686, -0.1426503, 2.651291;0.5346766, 0.146663, 2.929748;0.477503, 0.07230119, 2.980062;0.5705458, 0.07357207, 2.862635;0.5125828, -0.3902248, 2.995595;0.6530181, -0.354225, 2.767547;0.5542425, -0.7483729, 3.044579;0.7234867, -0.7442608, 2.75465;0.4983438, -0.7801445, 2.994148;0.70097, -0.8156325, 2.728795;
0.5365748, 0.7840294, 2.999278;0.594781, 0.5905776, 2.966128;0.544741, 0.2201466, 2.933264;0.4517318, 0.4490162, 3.068718;0.6594934, 0.4432719, 2.829492;0.3698319, -0.175926, 2.968213;0.6170571, -0.1433664, 2.651165;0.5345339, 0.1466399, 2.929909;0.4772641, 0.07195782, 2.9803;0.5703849, 0.07380598, 2.862949;0.5126753, -0.3904746, 2.995696;0.6530429, -0.354282, 2.767586;0.5542924, -0.7484617, 3.044542;0.7235386, -0.7442597, 2.754803;0.4987112, -0.7800588, 2.994382;0.7009491, -0.8155081, 2.728864;
0.5372893, 0.7743667, 2.999507;0.5949097, 0.5900977, 2.966023;0.5447166, 0.2201253, 2.933276;0.45168, 0.4488035, 3.068702;0.659596, 0.4433026, 2.829209;0.3700236, -0.1753081, 2.969399;0.6179167, -0.1437774, 2.650728;0.5344961, 0.1466205, 2.92994;0.4769815, 0.07114647, 2.980597;0.5703734, 0.07391881, 2.862935;0.5137102, -0.3927486, 2.995704;0.6530588, -0.3542832, 2.767592;0.5542966, -0.748698, 3.045137;0.7234934, -0.7440552, 2.754692;0.4978838, -0.7807552, 2.994257;0.7008461, -0.8151764, 2.728387;
0.5391266, 0.7696613, 3.002589;0.594982, 0.5889202, 2.966379;0.5446307, 0.2200631, 2.93342;0.4517556, 0.4488604, 3.0688;0.659341, 0.4428006, 2.828911;0.3699813, -0.1751432, 2.969293;0.618732, -0.1435794, 2.650968;0.5343952, 0.1466002, 2.930101;0.4768787, 0.07049541, 2.98109;0.5701841, 0.07400716, 2.862952;0.5139216, -0.3930736, 2.995658;0.6531065, -0.3547777, 2.7675;0.5543001, -0.748696, 3.045161;0.7240463, -0.7432717, 2.754161;0.4980982, -0.7805829, 2.994598;0.7008416, -0.8151335, 2.728368;
0.5391188, 0.7696431, 3.002614;0.5951891, 0.5890344, 2.966328;0.5446426, 0.2200359, 2.933416;0.4516692, 0.4484666, 3.068629;0.6593392, 0.4427959, 2.828918;0.3702736, -0.1751539, 2.969846;0.6188469, -0.1439185, 2.650788;0.534398, 0.1465313, 2.930097;0.4769174, 0.07019427, 2.980857;0.570221, 0.07415071, 2.863037;0.5147355, -0.3937298, 2.995955;0.6530885, -0.3547949, 2.767527;0.5546952, -0.7489004, 3.045851;0.7235214, -0.74335, 2.754242;0.4987958, -0.7806219, 2.995525;0.7008169, -0.8150204, 2.728213;
0.5397878, 0.7681761, 3.002029;0.5950083, 0.588069, 2.96667;0.5446208, 0.2200098, 2.933433;0.4516829, 0.4484625, 3.068639;0.6593535, 0.4427344, 2.828897;0.3704581, -0.1752177, 2.969598;0.6196023, -0.1441285, 2.650329;0.5343899, 0.1465293, 2.930111;0.4769125, 0.06986871, 2.980882;0.5702022, 0.07424979, 2.862904;0.5149974, -0.3940074, 2.995653;0.6530771, -0.3546328, 2.767388;0.5547429, -0.7487914, 3.045857;0.7234967, -0.7430024, 2.754346;0.4991316, -0.7803399, 2.995791;0.7008238, -0.815001, 2.728075;
0.5510167, 0.7958098, 3.011333;0.5953088, 0.5894583, 2.966226;0.5445787, 0.2200212, 2.933428;0.4517101, 0.448445, 3.068578;0.6593595, 0.4427255, 2.828893;0.3710774, -0.1759718, 2.969135;0.6198226, -0.1441791, 2.650203;0.5343018, 0.1464697, 2.93013;0.4768386, 0.06979183, 2.98082;0.5700853, 0.07450044, 2.863182;0.5150343, -0.3939016, 2.995764;0.6532047, -0.3548815, 2.767326;0.55516, -0.7494169, 3.046233;0.7242649, -0.7419379, 2.755093;0.4997746, -0.7808478, 2.996366;0.7008651, -0.8149962, 2.728392;
0.5435394, 0.7632331, 3.003345;0.5955924, 0.5882061, 2.96719;0.5446647, 0.2197084, 2.933686;0.4518937, 0.4478555, 3.068198;0.6594822, 0.4427547, 2.829049;0.3710745, -0.1760394, 2.969106;0.6201261, -0.1448074, 2.650363;0.5343795, 0.1462162, 2.930349;0.4772953, 0.06838511, 2.980919;0.5700827, 0.07446157, 2.863325;0.5153679, -0.3945643, 2.995911;0.6532244, -0.3549218, 2.767429;0.5571969, -0.7513762, 3.050884;0.7243213, -0.7419023, 2.755151;0.5016902, -0.7828645, 3.000839;0.7007156, -0.8147846, 2.728578;
0.5428769, 0.7623359, 3.003617;0.595625, 0.5868305, 2.967975;0.5448733, 0.2190471, 2.932904;0.4518954, 0.4477005, 3.06822;0.6590366, 0.4419791, 2.828595;0.3712035, -0.1759494, 2.969268;0.620347, -0.1451615, 2.650134;0.5346869, 0.1455053, 2.929102;0.4778419, 0.06666227, 2.978954;0.5706213, 0.07453696, 2.860924;0.5147385, -0.3934953, 2.9951;0.6530699, -0.3554949, 2.76719;0.5571969, -0.7513484, 3.050792;0.7242593, -0.7424231, 2.755471;0.5395466, -0.8176158, 3.049006;0.7007146, -0.8147669, 2.728715;
0.5419145, 0.7715971, 3.00506;0.5957955, 0.5879145, 2.967611;0.544813, 0.2191137, 2.933002;0.452224, 0.4476206, 3.068366;0.6591632, 0.4420791, 2.828522;0.3712462, -0.1758786, 2.969705;0.6213326, -0.1477895, 2.65;0.5345776, 0.1455107, 2.929313;0.4777358, 0.06675836, 2.979249;0.5704137, 0.07476819, 2.861544;0.5145004, -0.3929405, 2.995373;0.6531516, -0.3555062, 2.767204;0.5567805, -0.7499212, 3.049613;0.7243811, -0.7423517, 2.75534;0.5016395, -0.7811025, 3.000161;0.7009269, -0.8151725, 2.729168;
0.549444, 0.7944821, 3.009345;0.5962394, 0.5889193, 2.967643;0.5447691, 0.2190794, 2.93311;0.45266, 0.447298, 3.069293;0.6591784, 0.4420987, 2.828526;0.3714764, -0.1757659, 2.970506;0.6213628, -0.1483596, 2.650035;0.5344453, 0.1453226, 2.929535;0.477682, 0.06674594, 2.979324;0.5701622, 0.07487261, 2.862248;0.5148447, -0.3933169, 2.995305;0.6531001, -0.355363, 2.767125;0.5566012, -0.7503026, 3.048542;0.7242284, -0.7425068, 2.755213;0.5007823, -0.7817834, 2.998789;0.7008412, -0.8149096, 2.729003;
0.5428699, 0.7721664, 3.010253;0.596603, 0.5882818, 2.96872;0.5448799, 0.2189852, 2.933383;0.4523329, 0.4470741, 3.069972;0.6591461, 0.4420123, 2.828642;0.371536, -0.175801, 2.970341;0.621483, -0.1483687, 2.650097;0.5345293, 0.1452638, 2.92975;0.4778914, 0.06646403, 2.979486;0.5701707, 0.07485075, 2.862401;0.5148914, -0.3932923, 2.995285;0.6532502, -0.3554913, 2.767201;0.5571353, -0.7505019, 3.048964;0.7243358, -0.7419738, 2.75546;0.5011165, -0.7820534, 2.999079;0.7008238, -0.8148724, 2.729054;
0.5402424, 0.7659532, 3.007628;0.5965084, 0.587076, 2.968865;0.5449019, 0.2188927, 2.933477;0.4522893, 0.4468423, 3.070304;0.6591609, 0.4420025, 2.828646;0.3715514, -0.1757339, 2.970267;0.6216829, -0.1479095, 2.649982;0.5345567, 0.1452298, 2.929839;0.4779115, 0.06625503, 2.979748;0.5701953, 0.07483567, 2.862416;0.5154268, -0.3952735, 2.996037;0.653276, -0.3554491, 2.767245;0.5571527, -0.7500962, 3.048688;0.7245896, -0.7415314, 2.755449;0.5009634, -0.7817214, 2.998715;0.7002999, -0.8141736, 2.727902;
0.5368651, 0.7632219, 3.007344;0.5960189, 0.5872406, 2.968788;0.5448892, 0.218905, 2.933507;0.452632, 0.4467507, 3.071215;0.6593046, 0.4420789, 2.828604;0.3715628, -0.1756515, 2.970283;0.6223689, -0.1471164, 2.650152;0.5345739, 0.1452374, 2.929895;0.4779604, 0.06628606, 2.979817;0.5703239, 0.07492328, 2.862564;0.5156589, -0.3949379, 2.99583;0.6534373, -0.355783, 2.767376;0.5568392, -0.7494134, 3.047911;0.7247488, -0.7408644, 2.755828;0.5008001, -0.7810441, 2.998281;0.7002885, -0.8139721, 2.727872;
0.5371386, 0.7630413, 3.00734;0.5962164, 0.5869696, 2.969258;0.5448871, 0.2185917, 2.933848;0.4526619, 0.446719, 3.071273;0.6593061, 0.4420866, 2.828611;0.3715727, -0.1754971, 2.970716;0.6219468, -0.1463659, 2.650547;0.5345446, 0.1449096, 2.930222;0.477863, 0.06593298, 2.980227;0.5703185, 0.07477514, 2.862704;0.5157602, -0.3949663, 2.995444;0.6535059, -0.3559098, 2.767381;0.5586841, -0.7499279, 3.050415;0.7249892, -0.7395164, 2.756318;0.5447203, -0.8170314, 3.043855;0.7002531, -0.8138008, 2.727691;
0.5372024, 0.7631029, 3.007746;0.5960881, 0.5869299, 2.969604;0.5448619, 0.2184777, 2.934058;0.4527194, 0.4466121, 3.071506;0.6594427, 0.4421128, 2.82874;0.3716249, -0.1752336, 2.970995;0.621632, -0.1461378, 2.650809;0.5345403, 0.1447819, 2.930415;0.4778282, 0.06567633, 2.980514;0.5703566, 0.07472112, 2.862774;0.5159425, -0.3953974, 2.995483;0.6534845, -0.3560378, 2.767348;0.55837, -0.7497561, 3.049711;0.7250132, -0.7394778, 2.756442;0.5025664, -0.7812388, 3.000316;0.7003635, -0.8135385, 2.727721;
0.5373923, 0.7626771, 3.008354;0.5959204, 0.586634, 2.969656;0.544642, 0.2180668, 2.934551;0.452979, 0.4465064, 3.072029;0.6597646, 0.441815, 2.828846;0.3715009, -0.1744386, 2.970244;0.6212434, -0.1460755, 2.651102;0.5343143, 0.1443368, 2.931042;0.4775835, 0.06540522, 2.981086;0.570217, 0.07431986, 2.863628;0.5158227, -0.3954073, 2.995266;0.6535181, -0.3560782, 2.767367;0.5569425, -0.7485718, 3.048258;0.7250444, -0.7394565, 2.756526;0.5012929, -0.7799635, 2.999061;0.7003234, -0.8136007, 2.728249;
0.5377574, 0.762099, 3.00896;0.5959051, 0.5868647, 2.969819;0.5446907, 0.2181211, 2.934598;0.4523263, 0.4438498, 3.071917;0.6600731, 0.4425084, 2.829178;0.3713585, -0.1743608, 2.969958;0.6212915, -0.1459195, 2.650991;0.5343746, 0.1443745, 2.931077;0.4775911, 0.06524266, 2.981297;0.5704409, 0.07436048, 2.863482;0.5158402, -0.3954393, 2.995273;0.6536582, -0.3562911, 2.767273;0.5575178, -0.7488266, 3.048195;0.7247535, -0.739542, 2.755666;0.5018819, -0.7802433, 2.998885;0.7002819, -0.8138348, 2.728486;
0.5368245, 0.7610599, 3.008877;0.5962426, 0.5870197, 2.969869;0.5447349, 0.2181769, 2.934788;0.4526077, 0.4438298, 3.072333;0.6604639, 0.442733, 2.829296;0.3717278, -0.1738962, 2.970191;0.6212667, -0.145815, 2.650901;0.5343834, 0.1444225, 2.931314;0.4774917, 0.06518044, 2.981779;0.5704305, 0.07438032, 2.863592;0.5160871, -0.3956366, 2.995276;0.6536572, -0.3562662, 2.767237;0.5569991, -0.7482578, 3.047271;0.7246287, -0.739906, 2.755338;0.5014381, -0.7796164, 2.998075;0.7002751, -0.8140794, 2.728891;
0.5373637, 0.7613767, 3.009274;0.5957423, 0.5867611, 2.972504;0.5447644, 0.2182672, 2.935653;0.4529201, 0.4441822, 3.072864;0.6604934, 0.4426625, 2.829338;0.3711296, -0.1733083, 2.966686;0.6214647, -0.1454591, 2.650885;0.5344684, 0.1445393, 2.93194;0.4776562, 0.06517211, 2.982376;0.5704746, 0.07443181, 2.863773;0.5144442, -0.3929204, 2.994995;0.6537213, -0.3564564, 2.767244;0.5563304, -0.7478555, 3.046207;0.7246071, -0.7400119, 2.755427;0.5008172, -0.7791221, 2.997187;0.7011386, -0.8138177, 2.73004;
0.5370136, 0.7598691, 3.013407;0.5956936, 0.5866858, 2.972577;0.5447173, 0.2179526, 2.935846;0.4530447, 0.4446058, 3.073348;0.6602917, 0.4428192, 2.829696;0.3710518, -0.1731248, 2.966512;0.6215739, -0.1452532, 2.650959;0.5344357, 0.144168, 2.932141;0.4776442, 0.06482702, 2.982581;0.5704814, 0.07429341, 2.863882;0.5145705, -0.3931359, 2.994975;0.6538535, -0.3566035, 2.767265;0.556258, -0.7480406, 3.045583;0.7243524, -0.7403163, 2.755424;0.5008236, -0.7792453, 2.99672;0.7011811, -0.813854, 2.730115;
0.5374961, 0.7603918, 3.013038;0.5954142, 0.587779, 2.972265;0.5446945, 0.2181047, 2.936026;0.4533038, 0.445014, 3.073602;0.6606225, 0.4427792, 2.829471;0.3710601, -0.1731849, 2.967023;0.6217535, -0.1454957, 2.651206;0.5344391, 0.1442595, 2.932379;0.4776918, 0.06501, 2.982751;0.5705523, 0.0744634, 2.864593;0.5147781, -0.3933607, 2.994968;0.6539688, -0.3555543, 2.767025;0.5565287, -0.7474951, 3.045993;0.7243103, -0.7400383, 2.75575;0.5012264, -0.778635, 2.997303;0.7007183, -0.8131086, 2.728638;
0.5482808, 0.7901101, 3.018452;0.5943912, 0.5895042, 2.97279;0.5446671, 0.2186141, 2.936281;0.4533477, 0.4459787, 3.074333;0.6605269, 0.4430239, 2.829662;0.3710221, -0.1734678, 2.967301;0.6222027, -0.1451361, 2.651369;0.5345134, 0.1446213, 2.932584;0.4778672, 0.06515618, 2.983029;0.5706809, 0.07478111, 2.864609;0.5147302, -0.3929868, 2.995143;0.6540058, -0.3554272, 2.767095;0.5568538, -0.7475012, 3.04672;0.7243245, -0.7400417, 2.755681;0.5016404, -0.7785929, 2.998212;0.7005892, -0.8131183, 2.728308;
0.5464298, 0.7710081, 3.015007;0.5943453, 0.5882208, 2.97462;0.5446534, 0.218701, 2.936872;0.4533715, 0.4462155, 3.075137;0.6607587, 0.4430383, 2.829649;0.3713146, -0.1740009, 2.969505;0.6222025, -0.1451185, 2.651368;0.5345233, 0.1448199, 2.933049;0.4777982, 0.06516121, 2.98352;0.570697, 0.0747928, 2.864659;0.514864, -0.393294, 2.995195;0.654019, -0.3554331, 2.767115;0.556504, -0.7481739, 3.046344;0.7241169, -0.7395549, 2.755396;0.500913, -0.7794178, 2.997597;0.7005988, -0.8126245, 2.727551;
0.5416003, 0.7685074, 3.016574;0.5938217, 0.5886457, 2.974452;0.5443862, 0.2188695, 2.937433;0.4533687, 0.4464033, 3.075871;0.6607141, 0.443192, 2.829856;0.3713198, -0.1737517, 2.970151;0.6222279, -0.1451278, 2.651333;0.534304, 0.1449503, 2.9338;0.4776648, 0.06548133, 2.984344;0.5705569, 0.07498091, 2.865839;0.5150323, -0.393683, 2.99522;0.6540435, -0.3552574, 2.767151;0.5561936, -0.7484416, 3.045362;0.7240798, -0.7395993, 2.755524;0.500683, -0.7796391, 2.996802;0.7009964, -0.8121325, 2.728215;
0.5402719, 0.7654871, 3.021009;0.5943151, 0.587814, 2.975857;0.5444676, 0.2189124, 2.937462;0.4530627, 0.4464679, 3.076807;0.660611, 0.4430557, 2.830243;0.3713262, -0.1739136, 2.970142;0.6221355, -0.1447116, 2.651604;0.5344095, 0.1450651, 2.933744;0.4776787, 0.06546431, 2.98433;0.5708674, 0.0751593, 2.865011;0.5151228, -0.3937769, 2.995173;0.654166, -0.3551444, 2.767209;0.5562786, -0.7483684, 3.04547;0.7239277, -0.7399873, 2.755785;0.5008693, -0.779453, 2.997038;0.7011305, -0.8122475, 2.728637;
0.5389618, 0.7633606, 3.018056;0.5944482, 0.5878556, 2.975949;0.5445162, 0.2190535, 2.937783;0.4528994, 0.4460184, 3.076707;0.6607273, 0.4430549, 2.830215;0.3717729, -0.1747522, 2.972161;0.622126, -0.1441541, 2.651539;0.5344367, 0.1452294, 2.934062;0.4775297, 0.0654024, 2.985019;0.5708804, 0.07515112, 2.86503;0.515497, -0.3942072, 2.995298;0.6541743, -0.3550886, 2.76722;0.5552955, -0.748044, 3.044929;0.7238629, -0.7400144, 2.755688;0.4999426, -0.7791119, 2.996493;0.7010071, -0.8125623, 2.728755;
0.5385587, 0.7621738, 3.017764;0.594478, 0.5878975, 2.975082;0.5445355, 0.2190071, 2.937792;0.4527622, 0.445064, 3.076383;0.6606998, 0.4429293, 2.830117;0.371868, -0.1746721, 2.972264;0.6220015, -0.1442827, 2.651276;0.5344716, 0.1451506, 2.934117;0.4775923, 0.0650766, 2.985283;0.5709282, 0.07508061, 2.865083;0.5154616, -0.3941777, 2.99519;0.6546574, -0.3550309, 2.767339;0.5555242, -0.7479315, 3.045133;0.7238493, -0.7399867, 2.755745;0.5001155, -0.7790558, 2.996629;0.7010484, -0.8125017, 2.728887;
0.5386749, 0.7622215, 3.017779;0.5945176, 0.5879626, 2.975354;0.5445734, 0.2190032, 2.937885;0.4526578, 0.4452045, 3.076423;0.6603686, 0.4433759, 2.830555;0.37273, -0.1756635, 2.972661;0.621904, -0.1441138, 2.651365;0.5345064, 0.1451436, 2.934167;0.4776169, 0.06508477, 2.985305;0.5709692, 0.07507578, 2.865095;0.5154604, -0.3942571, 2.995155;0.6546751, -0.3549186, 2.767407;0.5555029, -0.7478804, 3.045117;0.7240776, -0.7399151, 2.755901;0.499817, -0.7791584, 2.996362;0.7011994, -0.8122353, 2.72874;
0.5374519, 0.7604256, 3.019212;0.5956777, 0.5870748, 2.979254;0.5452407, 0.2182761, 2.939508;0.452718, 0.445187, 3.076343;0.6598153, 0.4438703, 2.839176;0.3735492, -0.1763328, 2.974019;0.6227273, -0.1473423, 2.66116;0.5350906, 0.1444885, 2.935371;0.4781266, 0.06461868, 2.985967;0.5714855, 0.07494433, 2.866085;0.5163646, -0.3951637, 2.996006;0.658254, -0.3557837, 2.775648;0.5560479, -0.7486745, 3.045536;0.7280253, -0.7389754, 2.766155;0.5008574, -0.7800149, 2.995627;0.6728348, -0.7703159, 2.716246;
0.5339127, 0.7584579, 3.018839;0.5956073, 0.5867025, 2.979448;0.5457755, 0.2179278, 2.940063;0.4523464, 0.4445872, 3.076381;0.6607896, 0.444403, 2.842548;0.3737729, -0.1764867, 2.973482;0.6228352, -0.1476772, 2.663116;0.5358263, 0.1441486, 2.935994;0.4785593, 0.06447512, 2.986141;0.5732849, 0.07479428, 2.867616;0.5162746, -0.3951044, 2.995966;0.662262, -0.3607621, 2.782878;0.5561958, -0.7485284, 3.045593;0.7298679, -0.7410628, 2.769269;0.5012273, -0.7800207, 2.994935;0.6748995, -0.7725551, 2.718611;
0.5321205, 0.7603821, 3.018779;0.5958842, 0.5913676, 2.980338;0.5463375, 0.218103, 2.940564;0.4519997, 0.4444133, 3.076038;0.6626279, 0.4464367, 2.845794;0.3737869, -0.1762997, 2.975025;0.6230191, -0.1481051, 2.664588;0.536523, 0.1439752, 2.936515;0.4790447, 0.06455538, 2.98596;0.575531, 0.07558584, 2.87037;0.5164863, -0.3954219, 2.996206;0.6624784, -0.3609799, 2.785262;0.5560644, -0.74825, 3.045497;0.7320216, -0.7397366, 2.771899;0.5014384, -0.7798883, 2.993989;0.711456, -0.8131995, 2.762224;
0.5309395, 0.7589929, 3.018248;0.5956528, 0.5909815, 2.98075;0.5468108, 0.2180783, 2.941861;0.4516713, 0.44505, 3.076272;0.6618292, 0.4465719, 2.846158;0.3735516, -0.1762591, 2.970631;0.6231444, -0.1478944, 2.664969;0.5371961, 0.1439744, 2.937986;0.4800381, 0.06489151, 2.987197;0.5760868, 0.07581154, 2.871997;0.5166963, -0.3953605, 2.996248;0.6625859, -0.3607115, 2.785607;0.5561603, -0.7476345, 3.045837;0.7321738, -0.739241, 2.77254;0.5015207, -0.779308, 2.994377;0.6775342, -0.7709146, 2.721079;
0.5302156, 0.7595205, 3.017214;0.5946957, 0.5910819, 2.98143;0.5469735, 0.2176917, 2.942982;0.4510936, 0.4449999, 3.074425;0.6615186, 0.4467226, 2.846089;0.3733238, -0.1748099, 2.970291;0.6231242, -0.1478585, 2.664845;0.5375983, 0.1433583, 2.939246;0.4805526, 0.0648504, 2.98772;0.5767449, 0.07547602, 2.874209;0.5169926, -0.3954116, 2.996557;0.6630424, -0.3615485, 2.786516;0.5561221, -0.7476045, 3.045796;0.7321173, -0.7417045, 2.774;0.5014853, -0.7794484, 2.993895;0.7124627, -0.8122184, 2.762869;
0.5281165, 0.759644, 3.014016;0.5931026, 0.5906791, 2.982449;0.5474675, 0.2173757, 2.943671;0.4505785, 0.445277, 3.07404;0.6600144, 0.4472904, 2.845224;0.3728927, -0.1752729, 2.973778;0.6230598, -0.1477541, 2.664154;0.5385316, 0.1429193, 2.939982;0.4823203, 0.06479303, 2.9881;0.5779382, 0.07537226, 2.875242;0.5173227, -0.3953062, 2.996801;0.6640791, -0.3633712, 2.788727;0.5561548, -0.7473584, 3.04583;0.7321968, -0.74211, 2.774243;0.5410172, -0.8148658, 3.03642;0.7090107, -0.8159066, 2.755369;
0.5257832, 0.7593975, 3.012635;0.5905896, 0.5901972, 2.981985;0.5483655, 0.2172345, 2.943605;0.4472128, 0.4447007, 3.072334;0.6574491, 0.4474277, 2.842836;0.3695086, -0.1743022, 2.974559;0.6222004, -0.1478913, 2.662467;0.5405464, 0.1427103, 2.939837;0.4853498, 0.06466167, 2.987436;0.5818574, 0.07585375, 2.875318;0.5180734, -0.3952523, 2.997324;0.6645064, -0.363404, 2.789979;0.5562233, -0.7472795, 3.045514;0.7320545, -0.7410887, 2.774245;0.5409516, -0.8150356, 3.036082;0.6768435, -0.7733563, 2.722181;
0.5221748, 0.7585142, 3.011493;0.5887474, 0.5900635, 2.981797;0.5500994, 0.2166146, 2.942629;0.444137, 0.4432358, 3.07008;0.6524222, 0.4475017, 2.841162;0.3663031, -0.1736899, 2.975756;0.6202024, -0.1482909, 2.659941;0.5436294, 0.1417506, 2.93823;0.4910153, 0.06408148, 2.983783;0.585158, 0.07609091, 2.874271;0.5183919, -0.3952475, 2.997657;0.6646929, -0.3620559, 2.791661;0.5561558, -0.7472485, 3.04547;0.7356718, -0.7382916, 2.778277;0.5005484, -0.7797423, 2.993475;0.7167035, -0.8068014, 2.771817;
0.5127536, 0.7563925, 3.008804;0.5825269, 0.5887803, 2.98086;0.5511457, 0.2165729, 2.942373;0.4411754, 0.4403208, 3.068129;0.6488568, 0.4474833, 2.839224;0.3631445, -0.1744541, 2.974388;0.6163873, -0.1497105, 2.657073;0.5459759, 0.1418702, 2.937905;0.4949348, 0.06383839, 2.983675;0.5887584, 0.07678046, 2.873631;0.5193349, -0.3953379, 2.998422;0.6657144, -0.3614985, 2.791995;0.5561811, -0.7472402, 3.045415;0.7365192, -0.7374049, 2.777853;0.5002998, -0.7801013, 2.993462;0.7164429, -0.8078852, 2.771555;
0.5078718, 0.7562123, 3.004938;0.5752766, 0.5873809, 2.976028;0.5518151, 0.216373, 2.94204;0.4393096, 0.4412782, 3.067904;0.6436454, 0.4476618, 2.837173;0.352236, -0.1965012, 2.967774;0.612599, -0.1521342, 2.653409;0.547555, 0.1416893, 2.937796;0.4981353, 0.06385411, 2.983739;0.5909149, 0.07728496, 2.874214;0.5215382, -0.3966955, 3.000505;0.6682357, -0.36392, 2.793106;0.5563327, -0.7476694, 3.046145;0.7367742, -0.7395889, 2.778521;0.5001625, -0.7808583, 2.995117;0.7115271, -0.8138835, 2.760041;
0.5029809, 0.7654328, 3.007806;0.5676941, 0.5887973, 2.972302;0.5528343, 0.2161569, 2.941879;0.4367764, 0.4400731, 3.063986;0.6395679, 0.4478904, 2.836447;0.350491, -0.175192, 2.962823;0.6097394, -0.151596, 2.649355;0.5503424, 0.1412136, 2.938145;0.5035487, 0.06342001, 2.984967;0.5949466, 0.07752943, 2.875391;0.5229356, -0.398151, 3.001976;0.6698402, -0.3653919, 2.793054;0.5562665, -0.7476052, 3.04617;0.7369552, -0.7395212, 2.778657;0.500206, -0.7814061, 2.994965;0.711768, -0.8132677, 2.76372;
0.4869408, 0.7528438, 2.99746;0.5595996, 0.5846072, 2.968803;0.5543308, 0.2148252, 2.941766;0.4287429, 0.4314031, 3.057257;0.6276859, 0.4415103, 2.831684;0.3375753, -0.1925096, 2.972792;0.6058405, -0.1511427, 2.644277;0.5536398, 0.1396758, 2.938698;0.510001, 0.06106767, 2.986416;0.5987699, 0.07676183, 2.876574;0.5244323, -0.3982233, 3.002864;0.6698437, -0.3624101, 2.794831;0.5562704, -0.7474664, 3.046092;0.7375312, -0.7373982, 2.777968;0.4999403, -0.7819792, 2.99521;0.7139308, -0.8083542, 2.765479;
0.4799539, 0.7482631, 2.990252;0.5515398, 0.5789655, 2.963853;0.5563905, 0.2120139, 2.943095;0.4251296, 0.4261434, 3.052444;0.6234148, 0.4385673, 2.829332;0.3314191, -0.1937159, 2.956683;0.6030145, -0.1520771, 2.639855;0.5578832, 0.1366134, 2.94188;0.5166096, 0.05791364, 2.99164;0.6047586, 0.07364888, 2.881747;0.5251019, -0.3992336, 3.003642;0.6701604, -0.3627128, 2.794283;0.5536175, -0.7463146, 3.044855;0.7359534, -0.7393727, 2.777061;0.4976013, -0.781787, 2.993849;0.7115872, -0.8080807, 2.762702;
0.4655303, 0.7359883, 2.973851;0.5425881, 0.5724581, 2.957895;0.5593074, 0.2072502, 2.944638;0.4217185, 0.4233748, 3.048964;0.6160443, 0.4318033, 2.823722;0.333182, -0.1837424, 2.958068;0.5976492, -0.1558278, 2.628231;0.5631888, 0.1317647, 2.945202;0.5240238, 0.05489928, 2.995548;0.6115974, 0.06856277, 2.887635;0.5265954, -0.4004905, 3.004812;0.6698024, -0.3747854, 2.795939;0.5531145, -0.745181, 3.043893;0.7330911, -0.7433971, 2.776762;0.4966693, -0.7819237, 2.99387;0.7114587, -0.809975, 2.758753;
0.4523618, 0.7251073, 2.960651;0.5263826, 0.5575345, 2.94819;0.5638874, 0.1961663, 2.950015;0.4172315, 0.4155806, 3.041282;0.60706, 0.4222841, 2.818604;0.3193614, -0.2176132, 2.94893;0.593558, -0.1696771, 2.621105;0.5717543, 0.1206819, 2.954206;0.5416675, 0.04446505, 3.005303;0.6197271, 0.05684406, 2.903905;0.527028, -0.4027919, 3.005718;0.6622415, -0.3764986, 2.800741;0.552056, -0.7445062, 3.043065;0.7303382, -0.7436114, 2.774971;0.4961387, -0.783699, 2.994014;0.7128657, -0.811766, 2.762446;
0.4337878, 0.7050627, 2.940072;0.5188523, 0.5452209, 2.937414;0.5687192, 0.1793167, 2.952312;0.4103384, 0.3968748, 3.035171;0.5952344, 0.4112474, 2.810381;0.3154523, -0.2300755, 2.949471;0.5864958, -0.1888532, 2.611631;0.5789465, 0.1045326, 2.958962;0.5511743, 0.03119656, 3.009095;0.6251019, 0.04562806, 2.911193;0.5231704, -0.4113334, 3.007344;0.6617223, -0.3860837, 2.794597;0.5500255, -0.744051, 3.041698;0.7279208, -0.7453666, 2.773371;0.4940367, -0.785117, 2.993938;0.7083139, -0.8126515, 2.758551;
0.4223019, 0.6852643, 2.927601;0.5023564, 0.5173245, 2.918745;0.5768479, 0.1599789, 2.949931;0.4022053, 0.3770491, 3.028371;0.5888436, 0.3966963, 2.802222;0.3096732, -0.2452862, 2.958022;0.5839475, -0.2006914, 2.604994;0.5913211, 0.08610429, 2.958774;0.5649732, 0.01420817, 3.009811;0.6425888, 0.03090503, 2.914015;0.519051, -0.4228444, 3.009243;0.6606664, -0.3863949, 2.794139;0.5497595, -0.7443058, 3.041356;0.7261869, -0.7450894, 2.77163;0.4957102, -0.7883004, 2.994462;0.6721375, -0.789084, 2.724735;
0.4077535, 0.6675322, 2.920292;0.491941, 0.4996175, 2.905603;0.5821581, 0.1461677, 2.947848;0.3961186, 0.3557504, 3.02366;0.5787132, 0.3784877, 2.795071;0.3056778, -0.2685462, 2.956557;0.5834081, -0.2082121, 2.603378;0.5995648, 0.07360526, 2.958803;0.5768459, 0.0006555635, 3.011941;0.6522371, 0.02240635, 2.915476;0.5173105, -0.4286982, 3.010708;0.6568819, -0.3905987, 2.798008;0.5487763, -0.744932, 3.040849;0.7254842, -0.745317, 2.770813;0.4955062, -0.7910087, 2.995533;0.7089386, -0.8131003, 2.75669;
0.3995025, 0.6486809, 2.911171;0.4765483, 0.4621798, 2.887972;0.5887918, 0.1267015, 2.948115;0.3816299, 0.3292219, 3.019989;0.5667223, 0.3370179, 2.781242;0.3037756, -0.2942082, 2.961818;0.5692997, -0.290643, 2.589068;0.6098937, 0.05678818, 2.962102;0.589132, -0.01270907, 3.017049;0.6678001, 0.005609016, 2.922517;0.5145673, -0.4334653, 3.01035;0.6567305, -0.4140081, 2.769583;0.5464615, -0.7454605, 3.04038;0.7251703, -0.7453068, 2.770456;0.4942484, -0.7951602, 2.998204;0.6729572, -0.7950065, 2.72828;
0.38644, 0.5952915, 2.894154;0.4719884, 0.4388288, 2.881376;0.5964584, 0.1063523, 2.952182;0.3738441, 0.295213, 3.014193;0.5652664, 0.3160705, 2.77892;0.2977506, -0.3221941, 2.964246;0.5693624, -0.2984191, 2.589454;0.6209648, 0.03847905, 2.969307;0.6042799, -0.02922594, 3.025031;0.6806095, -0.01093136, 2.934572;0.5086094, -0.4363681, 3.008927;0.6578784, -0.4299553, 2.765452;0.546478, -0.7467862, 3.040416;0.7243361, -0.7455022, 2.768901;0.4970851, -0.7985162, 2.996988;0.6749433, -0.7972322, 2.725473;
0.3767979, 0.5633792, 2.879757;0.4586574, 0.3958907, 2.875073;0.6066887, 0.07002002, 2.940828;0.3708013, 0.277977, 3.010275;0.5613704, 0.2942266, 2.775209;0.2962258, -0.3518938, 2.966569;0.570491, -0.3080652, 2.588332;0.6360695, 0.004101956, 2.9573;0.6189395, -0.05824606, 3.01066;0.6950505, -0.03058816, 2.924516;0.5002035, -0.4447569, 3.008144;0.6579984, -0.4353757, 2.762018;0.5455112, -0.7530015, 3.042159;0.7227268, -0.7456319, 2.767088;0.4972622, -0.8065792, 3.000157;0.6744776, -0.7992097, 2.725086;
0.3648915, 0.5117723, 2.855899;0.453043, 0.3667313, 2.869643;0.6078007, 0.02303616, 2.959583;0.3629918, 0.2143553, 3.009136;0.5573348, 0.2564294, 2.769894;0.2906119, -0.4148829, 2.962391;0.5680785, -0.3099813, 2.588218;0.6390743, -0.04403012, 2.981349;0.6267982, -0.1011465, 3.02954;0.6979656, -0.08620485, 2.957397;0.4934371, -0.459608, 3.007754;0.6551667, -0.4471393, 2.751941;0.5407892, -0.766862, 3.041677;0.7220881, -0.7540514, 2.766384;0.4950838, -0.8217746, 2.998255;0.7085674, -0.8231718, 2.756911;
0.3533346, 0.5019821, 2.855736;0.4464073, 0.3457663, 2.862051;0.6073076, 0.01823333, 2.958402;0.3609256, 0.196201, 3.00442;0.5523931, 0.2353097, 2.769734;0.2909601, -0.4249438, 2.963919;0.5675812, -0.3113802, 2.588072;0.6390035, -0.047907, 2.980628;0.6277442, -0.1062702, 3.029763;0.6979666, -0.08980913, 2.956598;0.4913785, -0.4628743, 3.008326;0.652191, -0.4553269, 2.737417;0.5437038, -0.7682347, 3.043882;0.7218156, -0.7586477, 2.765708;0.5224118, -0.8321878, 3.065831;0.7083846, -0.8269166, 2.752141;
0.3252955, 0.4654709, 2.842357;0.4309785, 0.3028253, 2.846345;0.6099727, 6.694021E-05, 2.953754;0.3564836, 0.1718738, 2.998627;0.5448676, 0.1997234, 2.762619;0.2856894, -0.483842, 2.947644;0.5657583, -0.4039912, 2.588899;0.6439458, -0.06249718, 2.97763;0.6372564, -0.1227775, 3.029629;0.7035886, -0.1015166, 2.953638;0.4861637, -0.4727229, 3.008316;0.6468157, -0.4579167, 2.727627;0.5429162, -0.7765468, 3.043914;0.7216769, -0.7571961, 2.765981;0.5227981, -0.8443487, 3.050037;0.6787457, -0.8169639, 2.726489;
0.3138877, 0.4283731, 2.833723;0.4296682, 0.2749732, 2.845517;0.6129219, -0.02158328, 2.951389;0.3584792, 0.1119693, 2.993454;0.5451688, 0.1712013, 2.758454;0.2805858, -0.5139052, 2.935842;0.5855227, -0.4488987, 2.601648;0.6485742, -0.08080042, 2.975791;0.6441109, -0.1457257, 3.029669;0.710361, -0.1145765, 2.952125;0.4757731, -0.4871384, 3.009401;0.6396891, -0.4827378, 2.714413;0.5452867, -0.7873642, 3.045057;0.7241374, -0.7743305, 2.769285;0.5152758, -0.8399469, 3.081749;0.7110973, -0.8427548, 2.756637;
0.3072356, 0.3777784, 2.830985;0.4216104, 0.2233803, 2.834732;0.6092511, -0.04758568, 2.949759;0.3552148, 0.1043822, 2.992722;0.5426344, 0.1428502, 2.753704;0.2919488, -0.5359803, 2.93852;0.5870687, -0.4682457, 2.601283;0.6462908, -0.1024253, 2.975592;0.644421, -0.1631014, 3.033136;0.7107369, -0.140691, 2.952369;0.4718187, -0.5017392, 3.012451;0.6423689, -0.4949811, 2.71978;0.5470811, -0.7997679, 3.047276;0.7268761, -0.7861779, 2.77241;0.5095658, -0.8597258, 3.042313;0.6978199, -0.8381709, 2.733947;
0.3055156, 0.3572616, 2.822482;0.4199284, 0.2091708, 2.830674;0.6115537, -0.07136685, 2.951213;0.3496462, 0.07636257, 2.992557;0.5393169, 0.1067671, 2.750947;0.287721, -0.552392, 2.931342;0.587967, -0.4680474, 2.600536;0.6499674, -0.1279427, 2.978945;0.6484499, -0.1857118, 3.040826;0.7171224, -0.1668489, 2.955138;0.4638156, -0.5169948, 3.01139;0.640317, -0.4940089, 2.718549;0.5380829, -0.8142391, 3.046983;0.7265496, -0.7835841, 2.771972;0.5077198, -0.8438538, 2.990029;0.6948842, -0.8429052, 2.749146;
0.2960384, 0.3214927, 2.820166;0.414818, 0.1771248, 2.826323;0.6117396, -0.09908014, 2.950413;0.3484802, 0.02169089, 2.985897;0.5384814, 0.09022413, 2.754319;0.2893068, -0.5871775, 2.927939;0.6053149, -0.5773144, 2.585452;0.6510377, -0.1542776, 2.978675;0.650452, -0.2163344, 3.044023;0.7201599, -0.1909624, 2.953614;0.4498844, -0.5371492, 3.009718;0.6459454, -0.4966899, 2.728301;0.5248326, -0.8334125, 3.045398;0.7203193, -0.7942501, 2.758343;0.5221872, -0.8331575, 3.116216;0.6654962, -0.8301982, 2.785258;
0.2918377, 0.2902941, 2.817341;0.4127159, 0.1406799, 2.82711;0.609425, -0.1385826, 2.945602;0.3433942, 0.003352627, 2.982559;0.5370727, 0.06015678, 2.755902;0.2905551, -0.5811521, 2.938008;0.6067934, -0.5828186, 2.585222;0.6487501, -0.1945684, 2.972687;0.6494576, -0.2591305, 3.029723;0.7151932, -0.2217675, 2.952161;0.4684522, -0.5249481, 3.010149;0.6415738, -0.5178773, 2.714621;0.5355651, -0.7498453, 3.036742;0.7192336, -0.812646, 2.750095;0.5202689, -0.815635, 3.058504;0.6833593, -0.8753675, 2.708273;
0.2912057, 0.2557974, 2.816445;0.4123519, 0.1197466, 2.826001;0.6096206, -0.1481048, 2.944568;0.3408856, -0.007981607, 2.978748;0.5365317, 0.03649577, 2.752367;0.2935986, -0.574167, 2.94631;0.6190427, -0.5953198, 2.586557;0.6490117, -0.2022402, 2.971735;0.6502418, -0.2634894, 3.029858;0.715319, -0.2354082, 2.95008;0.4670793, -0.5266799, 3.009444;0.6156453, -0.5013997, 2.687445;0.5352615, -0.7550879, 3.037133;0.718226, -0.7640396, 2.761599;0.5214019, -0.8154799, 3.074475;0.7086751, -0.8344413, 2.762682;
0.2887643, 0.2461272, 2.814466;0.4086858, 0.09251748, 2.826304;0.607244, -0.153344, 2.944384;0.3342904, -0.01973922, 2.97582;0.5339351, 0.01499923, 2.750959;0.3025462, -0.5633735, 2.94927;0.6206731, -0.612635, 2.587332;0.6471097, -0.2049868, 2.971536;0.6493706, -0.2667087, 3.033583;0.715199, -0.2412498, 2.948151;0.453654, -0.5207701, 3.001294;0.6118797, -0.5010195, 2.681654;0.5356524, -0.7577813, 3.036534;0.7191405, -0.7669648, 2.760413;0.5205866, -0.8238859, 3.081795;0.7084549, -0.8371682, 2.763989;
0.2888104, 0.235558, 2.812148;0.4053539, 0.0741097, 2.825311;0.6057255, -0.1711297, 2.945753;0.3318858, -0.02434753, 2.974902;0.5308147, -0.001569067, 2.7513;0.2998117, -0.5868208, 2.949443;0.6321692, -0.6082905, 2.591063;0.6459519, -0.2198992, 2.973169;0.6490231, -0.2742247, 3.034303;0.7136335, -0.2519859, 2.950435;0.4507412, -0.5215843, 3.001509;0.6162397, -0.513163, 2.684099;0.5354983, -0.7587321, 3.035744;0.7185156, -0.7788264, 2.755775;0.5204039, -0.8177019, 3.075921;0.7068014, -0.8478847, 2.768463;
0.2849006, 0.2067993, 2.811464;0.4045211, 0.05449095, 2.821323;0.6033919, -0.1787435, 2.944291;0.3121837, -0.03953515, 2.976263;0.5306489, -0.02255329, 2.749691;0.3082368, -0.6709078, 2.97062;0.6391916, -0.5883697, 2.599388;0.6434358, -0.2260677, 2.972072;0.6464887, -0.2829467, 3.03531;0.7133365, -0.2595202, 2.949929;0.4366448, -0.5235137, 2.997821;0.6112972, -0.5129454, 2.678458;0.5340046, -0.760319, 3.034799;0.7144502, -0.7789389, 2.751673;0.5226612, -0.8295699, 3.047433;0.6914135, -0.8437362, 2.732842;
0.2766736, 0.1688828, 2.804865;0.4006363, 0.03638455, 2.817362;0.6030356, -0.1973896, 2.941407;0.3377303, -0.1469994, 2.987568;0.5295093, -0.04203391, 2.748653;0.3090607, -0.6716377, 2.973019;0.6413093, -0.6105325, 2.599376;0.6436148, -0.2440672, 2.969607;0.6498474, -0.3206293, 3.041378;0.716944, -0.2703564, 2.945524;0.4408656, -0.5445173, 2.992874;0.5770054, -0.5046531, 2.673634;0.5332673, -0.7629907, 3.033778;0.6902986, -0.7660679, 2.7557;0.5229896, -0.8324115, 3.047098;0.6917816, -0.8026484, 2.694365;
0.2784018, 0.1669752, 2.803868;0.4012048, 0.02475882, 2.814105;0.6081277, -0.2167774, 2.941571;0.3361759, -0.146932, 2.986459;0.5282393, -0.05396078, 2.746131;0.3127955, -0.6999671, 2.972965;0.6339015, -0.6010696, 2.617587;0.649852, -0.2655413, 2.970737;0.6535131, -0.3300282, 3.038638;0.720574, -0.2860124, 2.948669;0.4347923, -0.5387908, 2.985673;0.5701258, -0.5010853, 2.666047;0.5336068, -0.7633363, 3.03358;0.6880985, -0.7608531, 2.755599;0.5236821, -0.8331551, 3.045722;0.6890353, -0.8037637, 2.692914;
0.2799302, 0.1634814, 2.803542;0.4008164, 0.01308333, 2.811201;0.6094069, -0.2185697, 2.941411;0.3345895, -0.1501184, 2.983654;0.5267342, -0.06602419, 2.744864;0.3106299, -0.695024, 2.974724;0.6339689, -0.6104796, 2.617779;0.6511009, -0.2664215, 2.970729;0.6566763, -0.3308684, 3.038843;0.7215785, -0.2868315, 2.948528;0.3601799, -0.550202, 2.953968;0.5784709, -0.5207185, 2.677849;0.4760632, -0.8196305, 3.021354;0.6549422, -0.8047256, 2.55782;0.4467613, -0.8872368, 2.980367;0.6635599, -0.7366925, 2.536998;
0.2806215, 0.1434475, 2.799704;0.3999154, -0.00242695, 2.813139;0.6083396, -0.2355162, 2.939228;0.333993, -0.1549355, 2.980754;0.5273786, -0.07670776, 2.745559;0.3095278, -0.7069724, 2.981934;0.6423239, -0.6507971, 2.610258;0.6500617, -0.2820362, 2.967896;0.656211, -0.3476844, 3.033923;0.720832, -0.3038536, 2.945551;0.4382338, -0.5483592, 2.977496;0.5527421, -0.523386, 2.677364;0.531597, -0.7635714, 3.031779;0.6275612, -0.8065501, 2.555058;0.4859484, -0.818698, 3.032363;0.5977581, -0.8738635, 2.514175;
0.2792999, 0.1274782, 2.798767;0.4001658, -0.01612228, 2.810029;0.6085148, -0.235672, 2.938924;0.3323971, -0.1607716, 2.976475;0.5281283, -0.0855644, 2.745576;0.3100988, -0.7066782, 2.98248;0.642456, -0.6712195, 2.603365;0.650274, -0.2818179, 2.967626;0.6589176, -0.3462764, 3.036775;0.7223529, -0.3038962, 2.94409;0.4429015, -0.5226279, 2.979508;0.5516627, -0.5176103, 2.672763;0.5326273, -0.7639793, 3.031633;0.6281201, -0.7992487, 2.548647;0.4852068, -0.8174999, 3.032501;0.5998757, -0.8674471, 2.508282;
0.2797428, 0.1278012, 2.799807;0.3973657, -0.02174475, 2.807509;0.6036012, -0.2444278, 2.934863;0.3302261, -0.166258, 2.974154;0.5270643, -0.09391599, 2.745278;0.3119132, -0.7112188, 2.984504;0.6480364, -0.6728271, 2.600719;0.6452564, -0.2895378, 2.963771;0.6531436, -0.3562818, 3.035863;0.7192523, -0.3130098, 2.938293;0.4159167, -0.5437555, 2.962594;0.5198069, -0.5046645, 2.670351;0.536484, -0.7898186, 3.036458;0.5972347, -0.7854172, 2.545452;0.4426083, -0.7853218, 3.057278;0.5685049, -0.8534896, 2.504855;
0.2816171, 0.1207408, 2.799829;0.3974907, -0.02601679, 2.806525;0.5383908, -0.3160151, 2.947326;0.3289138, -0.1701498, 2.971697;0.5295429, -0.09911233, 2.744762;0.3173524, -0.7195961, 2.983074;0.6447596, -0.6784469, 2.609201;0.5665112, -0.3719774, 2.979328;0.5389963, -0.4461187, 3.048614;0.6469998, -0.403259, 2.960571;0.4263476, -0.5528967, 2.969607;0.5163329, -0.4821878, 2.603528;0.4866172, -0.7439595, 3.028768;0.5935517, -0.76244, 2.478637;0.4498228, -0.804762, 2.983351;0.5567573, -0.8232425, 2.433221;
0.2806386, 0.1095294, 2.796376;0.398544, -0.03213148, 2.80552;0.5384166, -0.3151479, 2.948163;0.3276445, -0.1712541, 2.970478;0.5284302, -0.1066132, 2.742826;0.3119021, -0.7135479, 2.987049;0.6489679, -0.6820267, 2.6067;0.5664377, -0.3702882, 2.980751;0.5391077, -0.4427448, 3.051074;0.6465761, -0.4012459, 2.962416;0.4270409, -0.5534794, 2.972279;0.5148704, -0.4806775, 2.605946;0.4876061, -0.7442874, 3.030283;0.5919406, -0.760452, 2.481203;0.4666067, -0.8107067, 3.047284;0.5550053, -0.8218334, 2.436656;
0.2804907, 0.1042174, 2.793002;0.3985428, -0.03598157, 2.804435;0.5369462, -0.312875, 2.949049;0.3266054, -0.1737055, 2.967739;0.5276107, -0.1107381, 2.743118;0.3112283, -0.7168868, 2.98788;0.6493985, -0.6827175, 2.613411;0.5641514, -0.3663831, 2.982195;0.5359583, -0.4369814, 3.058048;0.6457037, -0.3998851, 2.962435;0.4187652, -0.5469798, 2.977591;0.5192745, -0.4795025, 2.604117;0.5430671, -0.7643609, 3.029261;0.596257, -0.7588896, 2.479444;0.4741511, -0.7813268, 3.040112;0.5599476, -0.8208229, 2.434937;
0.2806015, 0.104257, 2.792761;0.3986723, -0.03823341, 2.803703;0.5376644, -0.3131487, 2.949663;0.3269086, -0.1813858, 2.967424;0.5276872, -0.112896, 2.743738;0.3109976, -0.7192563, 2.9865;0.6421866, -0.7362342, 2.601269;0.5652518, -0.3667413, 2.983087;0.5368438, -0.4375422, 3.05811;0.6470258, -0.3990247, 2.963948;0.4191517, -0.5471491, 2.977587;0.5158793, -0.5031367, 2.614126;0.5420325, -0.7510614, 3.025762;0.5927441, -0.7820937, 2.489533;0.4721411, -0.8095627, 3.060131;0.5572438, -0.8444279, 2.444491;
0.2808189, 0.1027695, 2.791262;0.398635, -0.04018605, 2.803491;0.5382535, -0.3139443, 2.950087;0.3264537, -0.1815237, 2.965935;0.5276904, -0.1156968, 2.744065;0.3111798, -0.7261394, 2.985751;0.6515132, -0.7306943, 2.608135;0.5660857, -0.3677126, 2.983569;0.5376976, -0.4382887, 3.057697;0.647382, -0.3992532, 2.964368;0.4207188, -0.5481907, 2.977228;0.5150299, -0.5075796, 2.616438;0.5361946, -0.7523662, 3.023745;0.5917774, -0.7861606, 2.492018;0.5172313, -0.8206546, 3.035938;0.5564446, -0.8485706, 2.447135;
0.2803841, 0.105686, 2.792399;0.397458, -0.0401187, 2.802774;0.5430195, -0.305425, 2.95073;0.3256595, -0.1830125, 2.965841;0.5267824, -0.1160807, 2.744176;0.3220755, -0.7343027, 2.977181;0.6517012, -0.7307379, 2.607788;0.5737344, -0.3560617, 2.984523;0.5503597, -0.4232558, 3.061244;0.657113, -0.3844548, 2.963165;0.4357491, -0.4706513, 2.980872;0.5096126, -0.5010271, 2.624563;0.5122644, -0.7147653, 3.009878;0.5862585, -0.7792729, 2.500306;0.4598055, -0.7770138, 3.015845;0.5523121, -0.8430032, 2.455967;
0.2809097, 0.1042911, 2.791873;0.398191, -0.04134051, 2.802659;0.5425585, -0.306188, 2.9495;0.3247963, -0.1824453, 2.965163;0.5268662, -0.116711, 2.74331;0.3236054, -0.7365319, 2.977611;0.6529505, -0.719821, 2.609747;0.5723267, -0.3576328, 2.982272;0.546754, -0.426385, 3.056513;0.6545161, -0.3875355, 2.960237;0.4289249, -0.4912219, 2.974719;0.5180685, -0.5009954, 2.615839;0.4742716, -0.7163732, 3.02205;0.5945975, -0.7788382, 2.491772;0.4399844, -0.7798455, 2.977616;0.5603102, -0.8423105, 2.447339;
0.2823339, 0.1053448, 2.793328;0.398196, -0.04147383, 2.802839;0.5403843, -0.3088712, 2.950831;0.3244279, -0.1820127, 2.964972;0.5268, -0.1172365, 2.743312;0.323791, -0.7349744, 2.977701;0.6560978, -0.7171952, 2.61366;0.5686601, -0.3621817, 2.984119;0.5405716, -0.4320763, 3.056558;0.6493319, -0.3929978, 2.964144;0.4108625, -0.5490383, 2.977544;0.5204968, -0.4970656, 2.613739;0.539855, -0.7679101, 3.024127;0.5969297, -0.7745641, 2.489833;0.4704919, -0.7870413, 3.023236;0.5622565, -0.837647, 2.445278;
0.2831616, 0.1046646, 2.793563;0.3985418, -0.04189292, 2.803133;0.5396665, -0.3088909, 2.950036;0.3253821, -0.1881769, 2.967258;0.5268013, -0.1176106, 2.743395;0.3248799, -0.734665, 2.97789;0.6561718, -0.7135543, 2.613628;0.56742, -0.3621093, 2.982712;0.5399711, -0.4331371, 3.056175;0.6480408, -0.3935482, 2.961873;0.4148008, -0.5504537, 2.976582;0.5263284, -0.4911649, 2.606966;0.5343823, -0.7631632, 3.02339;0.6026699, -0.7683414, 2.483214;0.4677795, -0.7902102, 3.02321;0.5681366, -0.8311852, 2.438377;
0.2842619, 0.1060113, 2.795848;0.3989138, -0.04177805, 2.803188;0.5396602, -0.3089949, 2.949969;0.3239892, -0.1919455, 2.971678;0.5270255, -0.1176879, 2.743487;0.311987, -0.7191308, 2.972311;0.6534214, -0.7380364, 2.609348;0.5673878, -0.3623047, 2.98265;0.5396852, -0.434669, 3.05584;0.6481095, -0.3935817, 2.962087;0.416043, -0.550465, 2.976724;0.5345436, -0.4844825, 2.602633;0.5332307, -0.7624162, 3.024641;0.6107954, -0.7613393, 2.479032;0.4684289, -0.7934875, 3.027709;0.5762326, -0.8241757, 2.434105;
0.2851046, 0.1064372, 2.796787;0.3995391, -0.0411908, 2.803698;0.5393717, -0.3089212, 2.949537;0.3235499, -0.1874882, 2.971803;0.5269735, -0.1176638, 2.743425;0.3114273, -0.7172632, 2.971798;0.6570472, -0.7366713, 2.600351;0.5668558, -0.3623029, 2.981906;0.5392343, -0.4346775, 3.055197;0.6471758, -0.3939708, 2.960766;0.4182362, -0.5450451, 2.974515;0.5405428, -0.4857329, 2.599476;0.5330149, -0.7586777, 3.023604;0.6167084, -0.7622789, 2.476026;0.4713711, -0.795678, 3.027137;0.6429307, -0.788767, 2.566;
0.2889625, 0.1140799, 2.80143;0.3997659, -0.03881647, 2.80555;0.5401276, -0.3060093, 2.948961;0.3230228, -0.1848227, 2.972106;0.527106, -0.1168695, 2.743809;0.3107887, -0.711982, 2.971782;0.6575556, -0.7283239, 2.604034;0.567908, -0.3591035, 2.980819;0.5407515, -0.4307338, 3.054074;0.6487197, -0.3908313, 2.958889;0.4182629, -0.5460612, 2.97478;0.541613, -0.4961656, 2.601647;0.531835, -0.7595329, 3.023511;0.6176754, -0.7723389, 2.478376;0.4713482, -0.7987754, 3.0275;0.6453075, -0.7953301, 2.569221;
0.2909498, 0.1153776, 2.80253;0.4008729, -0.03662217, 2.807747;0.5377938, -0.3059831, 2.948882;0.3226345, -0.1796429, 2.971277;0.5273043, -0.1152396, 2.744051;0.3093711, -0.7127405, 2.972281;0.6558955, -0.7180371, 2.607214;0.5641925, -0.3596235, 2.980309;0.5360363, -0.4320941, 3.053287;0.6435846, -0.3932632, 2.958347;0.413228, -0.5619632, 2.978734;0.5434125, -0.4956646, 2.598181;0.532542, -0.7629392, 3.026556;0.6193643, -0.771437, 2.475084;0.4696768, -0.7988802, 3.025989;0.5829226, -0.8338842, 2.430022;
0.3032817, 0.1261962, 2.803395;0.4055786, -0.02972464, 2.810164;0.5359267, -0.3064713, 2.947054;0.3233682, -0.1757914, 2.969878;0.5293438, -0.1105875, 2.744075;0.3094463, -0.712759, 2.972375;0.6543304, -0.7134756, 2.602808;0.5605825, -0.3616093, 2.976899;0.5305097, -0.4353386, 3.047087;0.6377184, -0.3982618, 2.954055;0.4134638, -0.5632935, 2.978986;0.5384175, -0.4951369, 2.592084;0.5318946, -0.762601, 3.026517;0.6142561, -0.7704993, 2.469163;0.4724758, -0.8043275, 3.028162;0.5766919, -0.8317406, 2.422918;
0.3011428, 0.1441988, 2.805771;0.4108452, -0.01338098, 2.80838;0.5301426, -0.2978078, 2.941386;0.3229948, -0.1703801, 2.971484;0.5303811, -0.1029296, 2.742482;0.3062159, -0.704785, 2.977489;0.6566362, -0.700922, 2.603799;0.5533427, -0.353899, 2.970724;0.5247692, -0.4302437, 3.044063;0.6309983, -0.395375, 2.948037;0.4147196, -0.5622315, 2.979656;0.540253, -0.5062929, 2.58794;0.5301225, -0.7615794, 3.026955;0.6159751, -0.7812331, 2.465197;0.5198485, -0.8334352, 3.033276;0.5768051, -0.8411624, 2.418059;
0.3059623, 0.1530809, 2.806867;0.4132813, -0.005351473, 2.810249;0.6065498, -0.2433828, 2.935661;0.328052, -0.165684, 2.968906;0.5306223, -0.09715776, 2.743305;0.3152201, -0.6977873, 2.965338;0.6459975, -0.6247992, 2.595417;0.6445171, -0.2932517, 2.963532;0.6442034, -0.3554848, 3.026286;0.712317, -0.31966, 2.941323;0.4232236, -0.5482121, 2.974261;0.543755, -0.5172327, 2.658347;0.504243, -0.7517581, 3.026227;0.6193468, -0.7917002, 2.535803;0.4726874, -0.8188206, 2.98314;0.5877912, -0.8587627, 2.492716;
0.3132545, 0.1600503, 2.80782;0.416154, 0.003618668, 2.813909;0.6043281, -0.238425, 2.935803;0.3272976, -0.1594184, 2.970888;0.5337211, -0.08673656, 2.742791;0.2996576, -0.6904052, 2.962348;0.6591004, -0.6859377, 2.60724;0.6413102, -0.2872193, 2.963336;0.6423967, -0.3531052, 3.027915;0.7119266, -0.3177088, 2.940918;0.4283133, -0.529918, 2.972461;0.5450268, -0.5063027, 2.650501;0.5018374, -0.7503327, 3.025897;0.62048, -0.7802678, 2.528159;0.4698007, -0.8168823, 2.98171;0.5884433, -0.8468173, 2.483972;
0.32564, 0.1772143, 2.809247;0.421411, 0.01745396, 2.816293;0.6019031, -0.2255073, 2.936164;0.3214532, -0.1075272, 2.971328;0.5397738, -0.07349984, 2.744784;0.3004279, -0.697592, 2.982545;0.6462523, -0.6298711, 2.613321;0.6376334, -0.2736791, 2.963419;0.6369429, -0.3375946, 3.031975;0.7112076, -0.3114858, 2.94018;0.345754, -0.5610538, 2.945498;0.5715085, -0.5318925, 2.658334;0.4281723, -0.8327753, 3.013712;0.7011022, -0.7711667, 2.731667;0.3927823, -0.899352, 2.972029;0.6983885, -0.8433957, 2.743428;
0.3350674, 0.1989674, 2.81375;0.4241113, 0.0309172, 2.817111;0.6064475, -0.2149977, 2.937967;0.3275753, -0.1008448, 2.969799;0.5419191, -0.06285021, 2.745743;0.3047237, -0.659305, 2.988077;0.6589679, -0.6804458, 2.598212;0.6426706, -0.2639312, 2.965416;0.6426872, -0.3251107, 3.033542;0.7158575, -0.2992712, 2.942295;0.4339522, -0.5109013, 2.969836;0.574605, -0.5244076, 2.666176;0.5023227, -0.7446845, 3.025057;0.6743894, -0.8060843, 2.637476;0.4671522, -0.8111985, 2.982974;0.6392189, -0.8725984, 2.595393;
0.3373962, 0.2075092, 2.815515;0.4262036, 0.04855612, 2.826041;0.6064656, -0.2051583, 2.939758;0.3253766, -0.06451099, 2.971724;0.5456651, -0.03982093, 2.747711;0.3077225, -0.6427852, 2.996559;0.650622, -0.6215599, 2.601274;0.6425176, -0.2554406, 2.966249;0.6419485, -0.3166939, 3.03192;0.7150785, -0.2921602, 2.943413;0.4343553, -0.5109007, 2.970062;0.5766525, -0.5212874, 2.670262;0.5158372, -0.7473904, 3.025856;0.7103684, -0.7799287, 2.758917;0.4787139, -0.8129255, 2.983719;0.6993695, -0.8479356, 2.733705;
0.352033, 0.2517878, 2.825374;0.4335975, 0.07056246, 2.829601;0.6044723, -0.1942657, 2.938747;0.3337297, -0.03943422, 2.973818;0.5456593, -0.024931, 2.747966;0.3124945, -0.6185987, 3.007641;0.650539, -0.5953909, 2.607038;0.6392781, -0.2461019, 2.96444;0.6373339, -0.3064835, 3.029024;0.709959, -0.2855956, 2.940642;0.4494026, -0.5274897, 2.985616;0.58406, -0.5226371, 2.669245;0.5148636, -0.7464964, 3.026634;0.7110053, -0.7772759, 2.758367;0.4746009, -0.8104273, 2.985359;0.7004055, -0.8455652, 2.734298;
0.3515683, 0.2572933, 2.824277;0.437409, 0.09423734, 2.836155;0.600865, -0.1864101, 2.936367;0.3351069, -0.03126474, 2.971968;0.5448377, -0.0034105, 2.749278;0.3119026, -0.6122865, 3.006774;0.6428853, -0.5707679, 2.610282;0.6343106, -0.2400987, 2.960636;0.6309986, -0.3015209, 3.021541;0.7007605, -0.2802694, 2.935674;0.4504421, -0.5288248, 2.98752;0.5891221, -0.5262197, 2.666057;0.51453, -0.7457377, 3.027566;0.7093481, -0.7715358, 2.756551;0.4735752, -0.8073006, 2.983319;0.6959092, -0.8405686, 2.736094;
0.3549992, 0.3028173, 2.827948;0.4389514, 0.1172404, 2.834567;0.6002313, -0.155824, 2.941925;0.3390065, -0.006914654, 2.973933;0.5501392, 0.03869243, 2.75067;0.3105606, -0.5963081, 2.993936;0.6336118, -0.5647606, 2.60031;0.6326486, -0.2115385, 2.966771;0.6277515, -0.2756828, 3.028479;0.699999, -0.255537, 2.942627;0.4522493, -0.5294735, 2.988989;0.6004046, -0.5134901, 2.680978;0.5234677, -0.7529794, 3.02997;0.7106498, -0.7669255, 2.75699;0.4845872, -0.8149595, 2.984357;0.6971832, -0.8358358, 2.735991;
0.3550621, 0.3123366, 2.827922;0.4406612, 0.1480983, 2.838511;0.610314, -0.1143642, 2.951104;0.3467251, 0.01706634, 2.979661;0.5523968, 0.04992636, 2.751454;0.3363368, -0.5922529, 3.00902;0.6370485, -0.5317256, 2.601082;0.6448386, -0.1656278, 2.977365;0.6391515, -0.2288041, 3.040747;0.7156473, -0.2034663, 2.953776;0.4441149, -0.5422953, 2.99069;0.623215, -0.4941171, 2.713638;0.5306288, -0.8151928, 3.041059;0.7132989, -0.7674264, 2.75824;0.5208611, -0.8405869, 3.109006;0.6965016, -0.8345163, 2.734284;
0.3691365, 0.3445373, 2.834284;0.4475533, 0.173347, 2.839963;0.6109489, -0.11381, 2.949965;0.3489878, 0.0399044, 2.986017;0.5557824, 0.07241591, 2.755218;0.3317137, -0.5603238, 2.990179;0.6357827, -0.5063669, 2.592284;0.6452475, -0.1664962, 2.975548;0.6398672, -0.2296681, 3.03348;0.7143265, -0.2051935, 2.952517;0.445084, -0.5438896, 2.995779;0.6288008, -0.4968898, 2.717979;0.5309829, -0.8176934, 3.04115;0.7149657, -0.7716129, 2.759425;0.5389171, -0.7487012, 3.017853;0.6947704, -0.8378738, 2.735608;
0.3779077, 0.3862899, 2.840938;0.4513669, 0.2114436, 2.847198;0.5998895, -0.09650195, 2.96126;0.3523403, 0.08718994, 2.990836;0.5585898, 0.1012728, 2.759919;0.3075315, -0.4939735, 2.98763;0.6444936, -0.4715536, 2.607855;0.6308369, -0.1553192, 2.987343;0.6154752, -0.2103551, 3.046816;0.6925966, -0.1990021, 2.969065;0.4563367, -0.5426205, 2.999599;0.6300508, -0.4978738, 2.71919;0.5258585, -0.8220728, 3.038109;0.7197006, -0.7702303, 2.762947;0.5491533, -0.7533136, 3.027866;0.6969435, -0.837566, 2.744963;
0.38241, 0.4074637, 2.845184;0.4576202, 0.2347359, 2.852536;0.5978796, -0.0460332, 2.970267;0.3568429, 0.1016556, 2.990846;0.5630093, 0.1265843, 2.764;0.3108792, -0.4712353, 3.006344;0.6515688, -0.4402439, 2.616341;0.6254029, -0.104156, 2.996682;0.6127739, -0.1692247, 3.059483;0.6909093, -0.1567396, 2.973351;0.473649, -0.5088668, 3.003002;0.6367642, -0.4964501, 2.723754;0.5340196, -0.790549, 3.038136;0.7203019, -0.7711666, 2.763124;0.5257068, -0.8618091, 3.022727;0.6978049, -0.8376004, 2.741562;
0.3892894, 0.4547122, 2.861627;0.4636549, 0.2846773, 2.861569;0.6005505, -0.038471, 2.971417;0.3570809, 0.14698, 3.001482;0.565892, 0.1627184, 2.768373;0.3130451, -0.4663485, 3.012703;0.6499897, -0.4173903, 2.607074;0.6277891, -0.09939735, 2.997366;0.6148863, -0.1616766, 3.057188;0.6928941, -0.1464648, 2.975802;0.4763931, -0.5017731, 3.005532;0.6407022, -0.4900271, 2.726937;0.5374063, -0.7832366, 3.038267;0.719049, -0.7665574, 2.762444;0.523641, -0.8549168, 3.029985;0.7006314, -0.83534, 2.744393;
0.3926466, 0.4758144, 2.870324;0.4689942, 0.3153504, 2.866478;0.6026245, -0.02041217, 2.976397;0.360989, 0.1717498, 3.005033;0.566296, 0.1798286, 2.774126;0.3562558, -0.3942116, 3.008817;0.6494298, -0.4073745, 2.608413;0.6292297, -0.08733028, 3.001338;0.6145505, -0.1456938, 3.058081;0.6911871, -0.1349399, 2.980138;0.4772301, -0.4856938, 3.005299;0.6456994, -0.4750593, 2.731143;0.530581, -0.7693481, 3.032537;0.716411, -0.7567238, 2.760131;0.4829446, -0.8262931, 2.988158;0.7034015, -0.8276768, 2.745925;
0.4015577, 0.5018824, 2.884503;0.4754629, 0.3360342, 2.872418;0.6033412, -0.003639254, 2.978918;0.3713357, 0.2064878, 3.005742;0.5711119, 0.2117798, 2.784961;0.3486001, -0.3826244, 3.01036;0.64369, -0.3511672, 2.614346;0.6290405, -0.07135232, 3.003491;0.6135867, -0.1253232, 3.060194;0.6886316, -0.1258045, 2.980192;0.4838921, -0.4676396, 3.006366;0.6503457, -0.4618365, 2.742604;0.533635, -0.7517642, 3.032543;0.7172129, -0.7557964, 2.760167;0.4855978, -0.8078799, 2.987418;0.7030666, -0.8275489, 2.752106;
0.4060113, 0.5204129, 2.891395;0.5079045, 0.3256397, 2.898271;0.6008891, 0.02180937, 2.980119;0.3767937, 0.2320483, 3.010034;0.5768958, 0.2374507, 2.787857;0.3497249, -0.3374034, 3.015297;0.6459203, -0.3276369, 2.618443;0.6186349, -0.03000695, 3.000233;0.6023504, -0.08960319, 3.058712;0.6748891, -0.09648103, 2.972668;0.4900044, -0.4530392, 3.007394;0.6559724, -0.4559373, 2.745474;0.5347024, -0.7465864, 3.033221;0.7177907, -0.7550414, 2.760283;0.4848105, -0.7999292, 2.986671;0.7029752, -0.8267444, 2.752599;
0.4488824, 0.5493727, 2.918646;0.5111384, 0.3337531, 2.901624;0.6013159, 0.02634309, 2.981046;0.3898049, 0.2613662, 3.012314;0.5813534, 0.2683119, 2.79367;0.3489315, -0.334332, 3.013509;0.6520486, -0.2974714, 2.62338;0.6187493, -0.0294395, 3.000412;0.6017874, -0.0868041, 3.058002;0.6740203, -0.09368471, 2.972816;0.4917116, -0.4463181, 3.006943;0.6586144, -0.4416537, 2.749036;0.5341918, -0.7448908, 3.032862;0.7189897, -0.7518582, 2.759736;0.4832416, -0.7975381, 2.986435;0.6680396, -0.8045055, 2.713309;
0.4380929, 0.6060189, 2.922144;0.5064307, 0.4406095, 2.907342;0.5908727, 0.08963631, 2.976355;0.3906724, 0.3003066, 3.017911;0.5900428, 0.2980346, 2.799527;0.3491146, -0.311806, 3.016494;0.6536273, -0.2751404, 2.627585;0.6077611, 0.01944168, 2.993486;0.5845924, -0.04705821, 3.045097;0.6611626, -0.03807734, 2.963548;0.4936563, -0.4397616, 3.005581;0.6614866, -0.4308062, 2.753765;0.5340173, -0.743421, 3.032803;0.7200009, -0.7530667, 2.761643;0.4816908, -0.7928127, 2.984209;0.706641, -0.8238649, 2.745643;
0.4579508, 0.6437582, 2.940891;0.5260673, 0.4297644, 2.924262;0.591257, 0.09279241, 2.976972;0.3951843, 0.3151068, 3.020807;0.5960482, 0.3247035, 2.80473;0.3665641, -0.2725503, 3.021873;0.6564364, -0.2617236, 2.630102;0.6065152, 0.02590476, 2.9929;0.5811283, -0.03877451, 3.043185;0.6590264, -0.03250797, 2.961794;0.4969589, -0.4336883, 3.004896;0.664997, -0.4166547, 2.760092;0.5345147, -0.7427616, 3.033168;0.7204528, -0.7498667, 2.7601;0.4820113, -0.7899252, 2.982501;0.6679493, -0.7970303, 2.709433;
0.4620543, 0.6551003, 2.94957;0.5400649, 0.4449721, 2.939207;0.5933666, 0.106311, 2.976889;0.4040496, 0.3335355, 3.02373;0.6029378, 0.3433181, 2.809338;0.3658823, -0.2632986, 3.02058;0.6646623, -0.2216164, 2.6421;0.6058117, 0.04010422, 2.989421;0.5776631, -0.02591271, 3.037973;0.656557, -0.01835359, 2.954083;0.4973686, -0.4299354, 3.003041;0.6649364, -0.4120724, 2.761654;0.5340911, -0.7418465, 3.03352;0.721535, -0.7503206, 2.760396;0.4805634, -0.7865444, 2.982109;0.7063698, -0.8207999, 2.745366;
0.4710112, 0.6741641, 2.956574;0.5431946, 0.5213243, 2.946162;0.5836256, 0.1637734, 2.970313;0.4105785, 0.3767871, 3.038894;0.6110591, 0.3639596, 2.817283;0.3616567, -0.2274714, 3.017393;0.6681441, -0.2130335, 2.647589;0.5917118, 0.09226321, 2.978473;0.5553498, 0.01731509, 3.037971;0.6446094, 0.02310822, 2.925226;0.4990435, -0.4258927, 3.002494;0.6650437, -0.409957, 2.763409;0.5353668, -0.7408848, 3.033822;0.7224098, -0.750097, 2.760401;0.4795114, -0.7830303, 2.982563;0.7081402, -0.8209618, 2.745899;
0.482057, 0.6885411, 2.966044;0.5516956, 0.5325687, 2.953972;0.5838849, 0.1662081, 2.970121;0.414383, 0.3795199, 3.03673;0.615944, 0.3785025, 2.822897;0.3681234, -0.2203758, 3.019448;0.6735241, -0.1973139, 2.652796;0.5913903, 0.09412622, 2.977707;0.5540972, 0.02130456, 3.035002;0.6430941, 0.02607703, 2.924106;0.4993559, -0.4226107, 3.002116;0.6656004, -0.4063061, 2.766025;0.5360689, -0.7409254, 3.034125;0.7239965, -0.7528587, 2.76352;0.4811404, -0.7817845, 2.981107;0.7071949, -0.8243961, 2.749335;
0.490965, 0.6999713, 2.972733;0.5590162, 0.5439564, 2.95923;0.5839254, 0.1762342, 2.96829;0.4182698, 0.3858387, 3.037598;0.6299946, 0.3993218, 2.829628;0.3719875, -0.1942626, 3.021282;0.6828721, -0.1792409, 2.658587;0.5897046, 0.1038632, 2.97411;0.5491888, 0.02974831, 3.029032;0.640977, 0.03768359, 2.919401;0.5002611, -0.4159243, 2.999866;0.6664249, -0.3985471, 2.770572;0.5361686, -0.7409379, 3.034256;0.7254944, -0.7519976, 2.763682;0.483129, -0.7805647, 2.978677;0.7077423, -0.8212776, 2.745666;
0.5251468, 0.7341727, 3.007814;0.5692792, 0.5567797, 2.967589;0.5833644, 0.1844185, 2.966787;0.4311461, 0.4098944, 3.036889;0.6336455, 0.4074556, 2.832379;0.3681158, -0.2105372, 3.022721;0.6836139, -0.1740583, 2.658905;0.5872506, 0.1117174, 2.970804;0.5446859, 0.03842436, 3.02284;0.635819, 0.04744273, 2.914767;0.5014174, -0.4107814, 2.998752;0.666054, -0.3890873, 2.773122;0.5369106, -0.740825, 3.034106;0.7262136, -0.7534205, 2.764175;0.482636, -0.7790756, 2.978996;0.7058488, -0.8216152, 2.746441;
0.5307276, 0.7413827, 3.011679;0.5844196, 0.5743137, 2.973713;0.5969858, 0.19394, 2.979229;0.4345414, 0.4158523, 3.039156;0.6433653, 0.4273748, 2.83822;0.3695754, -0.1984693, 3.02201;0.6862217, -0.1602923, 2.662881;0.5834218, 0.121045, 2.966213;0.5373731, 0.04596932, 3.017511;0.6301826, 0.05689296, 2.907743;0.504329, -0.4072466, 2.997742;0.6659151, -0.3876289, 2.77448;0.5372537, -0.741083, 3.034324;0.7270088, -0.7531587, 2.763949;0.4838841, -0.7777444, 2.977544;0.7056471, -0.8209186, 2.746325;
0.5343529, 0.74781, 3.012015;0.5909353, 0.5821853, 2.979022;0.5961521, 0.1993678, 2.978256;0.4375782, 0.4260092, 3.045641;0.6470343, 0.4327308, 2.840801;0.3771452, -0.1648586, 3.020336;0.6888059, -0.1520197, 2.666761;0.5798682, 0.1266829, 2.963248;0.5293628, 0.05370067, 3.010978;0.6259286, 0.06251283, 2.904719;0.5050027, -0.4056751, 2.997207;0.6653088, -0.3830663, 2.775831;0.5388436, -0.7423564, 3.035121;0.7269425, -0.7563885, 2.765722;0.4847138, -0.7782806, 2.978412;0.7036592, -0.8231478, 2.746384;
0.5583314, 0.7674594, 3.029418;0.5973877, 0.5889659, 2.984826;0.5948715, 0.2037278, 2.977443;0.4409848, 0.431153, 3.047446;0.6556125, 0.4410536, 2.844331;0.3786829, -0.1524349, 3.020136;0.689816, -0.1446161, 2.668995;0.5752119, 0.1319204, 2.958844;0.5207618, 0.05947384, 3.003451;0.6205171, 0.06841341, 2.899543;0.5067327, -0.4038238, 2.996793;0.6655307, -0.3832342, 2.776329;0.5408133, -0.7428792, 3.036187;0.7270162, -0.7556452, 2.766519;0.487366, -0.7778747, 2.978483;0.7069735, -0.8241031, 2.750201;
0.5630813, 0.7733003, 3.030388;0.6075971, 0.5985894, 2.996109;0.5944301, 0.2108973, 2.977622;0.4508628, 0.4437675, 3.051838;0.6635597, 0.4519998, 2.850464;0.3759539, -0.1812391, 3.027802;0.6878058, -0.1538701, 2.669672;0.5706705, 0.1403643, 2.955017;0.5158414, 0.06475974, 3.001275;0.61306, 0.07623488, 2.88993;0.5093759, -0.3994396, 2.99519;0.6662781, -0.380916, 2.778708;0.5415146, -0.7429025, 3.036495;0.728928, -0.7524689, 2.767365;0.4876826, -0.7769681, 2.978397;0.7070175, -0.8201226, 2.74965;
0.568184, 0.776405, 3.030072;0.6125736, 0.6022345, 3.00011;0.5951546, 0.2146575, 2.976528;0.4523547, 0.4460154, 3.052476;0.6700957, 0.4577627, 2.852695;0.3761677, -0.1790141, 3.026585;0.6877642, -0.1455389, 2.671299;0.568705, 0.1451619, 2.95001;0.5112997, 0.06965174, 2.993466;0.611042, 0.08076073, 2.884111;0.5128316, -0.3971142, 2.995169;0.6672069, -0.3758308, 2.782802;0.5438422, -0.7430595, 3.037353;0.7303538, -0.7479783, 2.767616;0.4905805, -0.7767118, 2.978311;0.6770921, -0.7816305, 2.708574;
0.5738787, 0.7740088, 3.029716;0.6184139, 0.6080261, 3.006973;0.5956599, 0.2157885, 2.976865;0.4578945, 0.4529386, 3.054938;0.6703181, 0.4600713, 2.853504;0.3769169, -0.1771908, 3.027335;0.6856714, -0.1430667, 2.669845;0.5663194, 0.1469446, 2.948097;0.5087456, 0.07195576, 2.990979;0.6061678, 0.0834921, 2.880887;0.5152261, -0.3967097, 2.995711;0.6673689, -0.37493, 2.784118;0.5472341, -0.7444987, 3.0393;0.7327434, -0.7429218, 2.770483;0.4929931, -0.7778774, 2.980818;0.6785023, -0.7763004, 2.712001;
0.5803431, 0.7762368, 3.035089;0.6229196, 0.6120725, 3.011316;0.5942396, 0.2176923, 2.974928;0.4603261, 0.4566941, 3.055895;0.671797, 0.4625055, 2.854449;0.3762024, -0.1759031, 3.0316;0.6857331, -0.1142803, 2.672544;0.5634516, 0.1491605, 2.944671;0.5045034, 0.0750895, 2.985618;0.6023318, 0.08628622, 2.876882;0.5169891, -0.3963516, 2.996108;0.6685445, -0.3728968, 2.787017;0.5495925, -0.7438792, 3.040341;0.7362629, -0.7375222, 2.772139;0.4952971, -0.776957, 2.98196;0.7172529, -0.8082341, 2.767511;
0.5818996, 0.77676, 3.038736;0.6261737, 0.6142465, 3.014547;0.5931906, 0.218701, 2.972647;0.4616075, 0.4582713, 3.057099;0.6728283, 0.4634325, 2.855474;0.3771771, -0.1602933, 3.03391;0.6841539, -0.1128105, 2.672899;0.5612816, 0.1503254, 2.940744;0.5016817, 0.0761016, 2.980722;0.5993189, 0.08779874, 2.871565;0.5234916, -0.3966801, 2.997641;0.6703097, -0.3722847, 2.790122;0.5504181, -0.7438361, 3.040708;0.736593, -0.7374265, 2.772431;0.4961235, -0.7767216, 2.982382;0.6822984, -0.770312, 2.714104;
0.5879477, 0.7763172, 3.043846;0.6312754, 0.6153426, 3.019517;0.5925719, 0.2199635, 2.971411;0.4655066, 0.4626105, 3.062082;0.6735171, 0.4641671, 2.856304;0.3771511, -0.1642389, 3.034214;0.682303, -0.1122352, 2.671639;0.5594482, 0.1522526, 2.939097;0.5000508, 0.07705641, 2.9798;0.595107, 0.08973056, 2.866985;0.5242032, -0.3963076, 2.997839;0.6705565, -0.3732511, 2.791102;0.5509497, -0.7440811, 3.0407;0.7367064, -0.7378972, 2.772729;0.4958525, -0.7768571, 2.983196;0.7121015, -0.8161213, 2.7609;
0.5897496, 0.7767292, 3.045275;0.631811, 0.6151456, 3.020478;0.5915903, 0.220255, 2.969978;0.4661746, 0.4618617, 3.063494;0.6743813, 0.4651441, 2.857448;0.3772778, -0.1681152, 3.036895;0.6816302, -0.1118949, 2.67083;0.5577943, 0.1525891, 2.936829;0.4979161, 0.07721331, 2.976622;0.5934399, 0.09027992, 2.864846;0.5245327, -0.3964209, 2.998039;0.6708527, -0.3731278, 2.791682;0.5530614, -0.7459601, 3.042733;0.7373827, -0.7366651, 2.773658;0.4979259, -0.7786819, 2.985366;0.7130193, -0.8137571, 2.762285;
0.6033211, 0.7904139, 3.058749;0.6326629, 0.6160163, 3.021107;0.590448, 0.2212119, 2.968119;0.4677084, 0.464406, 3.069913;0.6745763, 0.4651367, 2.857987;0.3776528, -0.1688314, 3.040305;0.6799389, -0.1114923, 2.668959;0.5557306, 0.1534467, 2.93485;0.4956616, 0.07803986, 2.974568;0.5908762, 0.09120647, 2.862663;0.5251193, -0.3958353, 2.99791;0.6706729, -0.372366, 2.791715;0.5531492, -0.7460328, 3.04283;0.7393588, -0.7353922, 2.776807;0.4972793, -0.7787175, 2.986377;0.716544, -0.808841, 2.764621;
0.6037104, 0.7857611, 3.058944;0.6341136, 0.6159282, 3.022296;0.5894827, 0.2203593, 2.966875;0.4686308, 0.4642444, 3.069252;0.6742954, 0.4649327, 2.858384;0.3784153, -0.1701542, 3.037408;0.6781149, -0.1110044, 2.666786;0.5540203, 0.1521307, 2.932861;0.4943125, 0.077333, 2.97263;0.5885171, 0.09028406, 2.860658;0.5252383, -0.3960427, 2.997892;0.6705102, -0.3719851, 2.79185;0.5548283, -0.7471761, 3.044608;0.7392079, -0.7352782, 2.776873;0.499039, -0.7798074, 2.988256;0.7147177, -0.8094057, 2.762369;
0.6025983, 0.7813272, 3.059031;0.6357229, 0.6159019, 3.023232;0.5888001, 0.2187637, 2.965145;0.4704323, 0.4626734, 3.066651;0.6726873, 0.464878, 2.85937;0.3772765, -0.1708132, 3.039723;0.6752381, -0.1087358, 2.665383;0.5528129, 0.1498336, 2.930451;0.4937472, 0.07607701, 2.970604;0.5866278, 0.08863764, 2.858282;0.5252607, -0.3960129, 2.997841;0.6701973, -0.3716589, 2.791944;0.5549329, -0.7475807, 3.043738;0.7366065, -0.7381395, 2.775307;0.4991598, -0.7801811, 2.987524;0.7105969, -0.815908, 2.754834;
0.6023047, 0.780917, 3.060329;0.6364278, 0.615896, 3.02433;0.5875309, 0.2177171, 2.963681;0.4726981, 0.4639503, 3.064068;0.6725811, 0.4648031, 2.859648;0.3769799, -0.1707798, 3.037564;0.6712361, -0.1127711, 2.663079;0.5511563, 0.1485811, 2.928382;0.4922498, 0.07545314, 2.967795;0.5846706, 0.08807331, 2.856531;0.5251827, -0.3963081, 2.997686;0.6699362, -0.3711405, 2.791915;0.555053, -0.7475517, 3.043759;0.736532, -0.737951, 2.775588;0.4993524, -0.7802094, 2.987334;0.7175388, -0.8088905, 2.763196;
0.6021727, 0.7805939, 3.060125;0.6378049, 0.6157154, 3.025358;0.5871447, 0.2173368, 2.963081;0.4740003, 0.4656377, 3.062591;0.6728789, 0.4647546, 2.860293;0.3790116, -0.168393, 3.039816;0.6712731, -0.1116837, 2.662851;0.5507433, 0.1483015, 2.927541;0.4917024, 0.0751457, 2.966658;0.5839069, 0.08771646, 2.855274;0.5250686, -0.3963035, 2.99753;0.6693849, -0.3709435, 2.792152;0.5550187, -0.7473672, 3.043901;0.7365584, -0.737615, 2.775573;0.4996812, -0.7799766, 2.987323;0.7152552, -0.8096591, 2.761747;
0.6031023, 0.7757499, 3.060912;0.6355522, 0.575983, 3.019229;0.586283, 0.2150927, 2.960639;0.4741507, 0.4656276, 3.061963;0.6729377, 0.4651549, 2.860764;0.379402, -0.1692949, 3.045437;0.670514, -0.1111328, 2.661794;0.5503732, 0.1483546, 2.925968;0.4911514, 0.07533112, 2.963991;0.5834248, 0.08817053, 2.853837;0.5248425, -0.3962246, 2.997421;0.6684307, -0.3698272, 2.79191;0.5548437, -0.7476377, 3.044505;0.7353173, -0.7378299, 2.774768;0.4996052, -0.7803789, 2.98774;0.7178441, -0.8076822, 2.7637;
0.602702, 0.7740552, 3.061414;0.6402302, 0.6082312, 3.02402;0.5859155, 0.2150116, 2.959998;0.4749877, 0.4663832, 3.060033;0.6725737, 0.4649556, 2.860861;0.3799371, -0.1693698, 3.047207;0.6693624, -0.1106668, 2.661899;0.5497978, 0.1476251, 2.924825;0.4909076, 0.07473142, 2.96307;0.5824949, 0.08763491, 2.852685;0.5243149, -0.3960741, 2.996445;0.6673071, -0.3694482, 2.791532;0.5553653, -0.7485741, 3.045134;0.7351794, -0.7380553, 2.775116;0.5002061, -0.7813171, 2.988121;0.7167946, -0.8080433, 2.765895;
0.6029043, 0.7729459, 3.0612;0.6348084, 0.5605174, 3.010998;0.5848941, 0.2104496, 2.957962;0.474829, 0.4650043, 3.059687;0.6713175, 0.4643739, 2.860608;0.3782561, -0.1709375, 3.039553;0.6661921, -0.1139671, 2.660447;0.5492857, 0.1462812, 2.924096;0.4907378, 0.07374105, 2.962222;0.581634, 0.08679055, 2.852527;0.5238259, -0.3962707, 2.996054;0.6660007, -0.3687134, 2.791899;0.5556467, -0.7480468, 3.045237;0.7346603, -0.7377786, 2.774806;0.5004079, -0.7807785, 2.988508;0.7150267, -0.8084108, 2.764801;
0.5996482, 0.7805017, 3.062557;0.6450992, 0.617569, 3.030074;0.5849089, 0.2105769, 2.957652;0.4746371, 0.4639599, 3.06008;0.6706508, 0.4642191, 2.861138;0.3818955, -0.1374716, 3.032562;0.6657568, -0.1134265, 2.660401;0.5491052, 0.1460216, 2.923407;0.4905737, 0.07334067, 2.96143;0.5812767, 0.08672364, 2.851557;0.5236266, -0.3962495, 2.996017;0.6636251, -0.3658096, 2.792287;0.555198, -0.7476368, 3.044781;0.7337094, -0.737995, 2.774676;0.499911, -0.7804036, 2.988193;0.7134238, -0.8100727, 2.765202;
0.5996161, 0.7808802, 3.06295;0.6449724, 0.6176816, 3.03005;0.5844375, 0.2110396, 2.957806;0.4761901, 0.4663242, 3.056319;0.6700814, 0.4642484, 2.861426;0.3819196, -0.1375245, 3.032804;0.665019, -0.1153683, 2.659269;0.548667, 0.1459886, 2.923264;0.4903339, 0.07348837, 2.961394;0.5804288, 0.08670881, 2.85132;0.5232828, -0.3966074, 2.996008;0.6635588, -0.3668139, 2.79181;0.5550791, -0.7476752, 3.044628;0.7333696, -0.740