0.5775284, 0.816345, 3.032435;0.6446024, 0.6013665, 3.012665;0.5831701, 0.2291083, 2.945883;0.4892385, 0.4408766, 3.082634;0.7095851, 0.4551111, 2.862395;0.3993429, -0.1615061, 2.974823;0.6850671, -0.1188501, 2.678244;0.5708837, 0.1546566, 2.936055;0.5096829, 0.08102331, 2.974929;0.6088388, 0.08742885, 2.868471;0.5429766, -0.3981327, 2.9937;0.699517, -0.3819647, 2.80513;0.5691763, -0.7483653, 3.034852;0.7637016, -0.7543508, 2.767642;0.5267563, -0.8292491, 3.021388;0.7407206, -0.8363753, 2.743392;
0.5776854, 0.8158267, 3.032508;0.6446086, 0.6012651, 3.012538;0.5831764, 0.2291133, 2.945866;0.4900154, 0.4413176, 3.081913;0.7095942, 0.4551203, 2.86238;0.3995043, -0.1589126, 2.972631;0.6852533, -0.1179759, 2.678392;0.5708929, 0.154671, 2.936042;0.5097504, 0.08104799, 2.975013;0.6088075, 0.08740292, 2.868364;0.5435829, -0.397332, 2.994308;0.6994759, -0.3819484, 2.805129;0.5697185, -0.7449597, 3.034309;0.7637719, -0.7540888, 2.767645;0.5147189, -0.7763662, 2.979567;0.7399479, -0.836603, 2.743565;
0.5771038, 0.8184094, 3.032733;0.6444185, 0.6009004, 3.012727;0.5832622, 0.228675, 2.94592;0.4900303, 0.4412495, 3.082108;0.7095689, 0.4551179, 2.862645;0.3977943, -0.168967, 2.968681;0.6821948, -0.1408606, 2.670384;0.5710467, 0.1541976, 2.936068;0.5100411, 0.08024141, 2.975204;0.6090182, 0.0865112, 2.867793;0.5435248, -0.3973977, 2.994682;0.6995913, -0.3811268, 2.805265;0.5696679, -0.7450231, 3.034656;0.7637172, -0.7540532, 2.767757;0.5335711, -0.8295045, 3.031185;0.739603, -0.8366943, 2.743675;
0.5766467, 0.8196913, 3.032495;0.6444384, 0.6009539, 3.012551;0.5832861, 0.2286542, 2.9459;0.4905894, 0.4421495, 3.081572;0.7095789, 0.4551644, 2.862627;0.3977017, -0.1692457, 2.9695;0.6818354, -0.1409342, 2.670027;0.5710743, 0.1541673, 2.93606;0.5101313, 0.08020361, 2.975303;0.6090206, 0.086339, 2.867692;0.5435143, -0.3973829, 2.994704;0.6996453, -0.3813214, 2.80529;0.5698632, -0.7441888, 3.035816;0.7639309, -0.753968, 2.767893;0.5139738, -0.7761253, 2.980117;0.73887, -0.8369601, 2.743893;
0.5754349, 0.8205128, 3.031568;0.6440342, 0.6013199, 3.012028;0.5831751, 0.2287193, 2.945792;0.49117, 0.4423026, 3.080487;0.709476, 0.4552602, 2.862639;0.3978083, -0.1701081, 2.970354;0.6809031, -0.1409047, 2.669516;0.5709933, 0.1542063, 2.935983;0.5101212, 0.0802573, 2.975285;0.6088067, 0.08643562, 2.867633;0.5437402, -0.3973621, 2.994772;0.6994811, -0.3798384, 2.806026;0.5698929, -0.7438786, 3.035872;0.7644823, -0.7501281, 2.768867;0.5146491, -0.7754815, 2.980708;0.7381831, -0.8352418, 2.745995;
0.5758034, 0.8201023, 3.031357;0.6438349, 0.6004516, 3.01202;0.583127, 0.2285684, 2.945822;0.4919201, 0.4419402, 3.078264;0.7094522, 0.4552501, 2.862631;0.3980333, -0.1701487, 2.971457;0.6802682, -0.1413692, 2.669671;0.5709619, 0.1541226, 2.936013;0.510148, 0.08020314, 2.975339;0.6087176, 0.08638602, 2.867668;0.5437152, -0.3979768, 2.99493;0.6994608, -0.3799077, 2.805951;0.5697726, -0.744232, 3.036136;0.7645316, -0.7504373, 2.768852;0.5435963, -0.8203264, 3.025218;0.7380807, -0.8356071, 2.746067;
0.5763091, 0.8201294, 3.031671;0.6433928, 0.6000472, 3.011676;0.5831248, 0.2285635, 2.945768;0.4924101, 0.4430003, 3.078297;0.7093108, 0.4552565, 2.862568;0.3981474, -0.1702304, 2.971821;0.6799916, -0.1415984, 2.670091;0.5709727, 0.154127, 2.93597;0.5103908, 0.08035794, 2.975543;0.6086992, 0.0863371, 2.867601;0.54332, -0.3975114, 2.994674;0.6998237, -0.3806567, 2.80568;0.5697228, -0.7441263, 3.036134;0.7645667, -0.7505358, 2.768813;0.5147681, -0.7756323, 2.981023;0.7376509, -0.8360369, 2.745738;
0.5756621, 0.8196783, 3.030315;0.643284, 0.5999326, 3.011634;0.5831304, 0.2285578, 2.94572;0.4929439, 0.443306, 3.07681;0.7092843, 0.4552649, 2.862583;0.3987338, -0.1700384, 2.973349;0.6791652, -0.1420495, 2.670225;0.5709921, 0.1541299, 2.935916;0.5105121, 0.08038633, 2.975534;0.6086984, 0.08631316, 2.867475;0.5433089, -0.3984337, 2.994231;0.6995936, -0.3804233, 2.805923;0.5698899, -0.7450962, 3.037059;0.7647727, -0.7513807, 2.768621;0.5442303, -0.8125521, 3.022231;0.7374173, -0.8364003, 2.746055;
0.5754582, 0.8190278, 3.029603;0.6433854, 0.5994884, 3.011346;0.5830552, 0.2283431, 2.945782;0.4929536, 0.4433107, 3.076795;0.7091873, 0.4552913, 2.862421;0.3986868, -0.1702449, 2.973374;0.6783798, -0.1418799, 2.669246;0.570894, 0.1539367, 2.936041;0.5104017, 0.08009714, 2.975898;0.6084402, 0.08600021, 2.867568;0.5432372, -0.4003904, 2.99434;0.6989598, -0.3794301, 2.805593;0.5699326, -0.7450379, 3.037115;0.7649208, -0.7524951, 2.768314;0.5381112, -0.8196409, 3.025278;0.7373801, -0.8365755, 2.747523;
0.5751709, 0.8189088, 3.030128;0.6435849, 0.5995159, 3.010617;0.5828832, 0.2282832, 2.945727;0.4939049, 0.4436866, 3.07527;0.7090647, 0.4552467, 2.862424;0.3988182, -0.1703564, 2.973538;0.6779245, -0.1419617, 2.66944;0.5706059, 0.1538531, 2.936079;0.5101073, 0.07976793, 2.976268;0.6076317, 0.08624281, 2.867629;0.5430807, -0.4000633, 2.994256;0.6993748, -0.3801474, 2.805395;0.5698745, -0.7451381, 3.037253;0.7650233, -0.7524002, 2.768259;0.5366684, -0.8214095, 3.025298;0.737951, -0.836683, 2.747671;
0.5749565, 0.8186766, 3.029665;0.6433842, 0.5994844, 3.011003;0.5826475, 0.228577, 2.94607;0.4938419, 0.4434699, 3.075119;0.7089436, 0.4553692, 2.862402;0.3988567, -0.1695246, 2.974952;0.6776507, -0.1421133, 2.669572;0.570358, 0.1542686, 2.936464;0.5098345, 0.07956199, 2.977356;0.607284, 0.08651763, 2.867439;0.5429945, -0.3996144, 2.994161;0.699232, -0.3801874, 2.805206;0.5701511, -0.7445883, 3.036965;0.7649373, -0.7521247, 2.768234;0.5442704, -0.8168241, 3.026452;0.7372757, -0.8368826, 2.747564;
0.5745502, 0.81889, 3.029521;0.6432574, 0.5998635, 3.010596;0.5823474, 0.2288303, 2.946256;0.4937524, 0.4443748, 3.074952;0.7088344, 0.4558749, 2.862121;0.3988243, -0.1691938, 2.97531;0.6772473, -0.141633, 2.669759;0.5699729, 0.1545617, 2.936847;0.5094494, 0.07956389, 2.977966;0.606665, 0.08721647, 2.86803;0.5427517, -0.3993389, 2.994107;0.6989381, -0.3799402, 2.804771;0.5699717, -0.7441171, 3.037106;0.764746, -0.7523311, 2.768139;0.5490827, -0.8122014, 3.029944;0.7374977, -0.8368188, 2.747164;
0.574306, 0.8187727, 3.029677;0.6428362, 0.5997731, 3.010554;0.5820157, 0.2286923, 2.946235;0.4937076, 0.4443661, 3.074949;0.7084202, 0.4557479, 2.862052;0.3986963, -0.1688811, 2.976356;0.6772597, -0.1417221, 2.669895;0.5696871, 0.1544269, 2.936835;0.509277, 0.07933236, 2.977942;0.6063413, 0.08730384, 2.868027;0.5430639, -0.3986323, 2.994115;0.6986672, -0.3797337, 2.804814;0.570017, -0.7440738, 3.03704;0.7645329, -0.7526673, 2.768024;0.5508265, -0.8124751, 3.030252;0.7373554, -0.837341, 2.747583;
0.5735747, 0.8186272, 3.029461;0.6428514, 0.5999665, 3.010341;0.5818959, 0.229005, 2.946129;0.4933392, 0.4449844, 3.075432;0.7081214, 0.4564806, 2.86199;0.3991346, -0.1683518, 2.978463;0.6765164, -0.1412907, 2.670077;0.5695462, 0.1547819, 2.936756;0.509224, 0.07933944, 2.97795;0.6060438, 0.08792704, 2.867685;0.5428598, -0.3980406, 2.993821;0.6986736, -0.3795545, 2.80481;0.5700411, -0.7441062, 3.037054;0.764569, -0.7524467, 2.768494;0.5386799, -0.8214101, 3.027415;0.7373322, -0.8374049, 2.74774;
0.5734218, 0.8192374, 3.029697;0.6429393, 0.6005374, 3.008908;0.5818955, 0.2289706, 2.94557;0.491935, 0.4452027, 3.074765;0.7079231, 0.4564338, 2.861808;0.3991596, -0.1681479, 2.978612;0.6760127, -0.1398577, 2.670238;0.5695516, 0.1546844, 2.936318;0.5091635, 0.07893839, 2.977202;0.6061097, 0.08800331, 2.86756;0.5429167, -0.3981235, 2.993892;0.6981149, -0.378807, 2.804456;0.5697865, -0.744314, 3.037004;0.7646391, -0.7525288, 2.768848;0.5364901, -0.8232982, 3.027495;0.7371842, -0.8377161, 2.748073;
0.5741599, 0.8197324, 3.030281;0.6431166, 0.6008483, 3.009013;0.5817655, 0.2290232, 2.945597;0.491696, 0.4451962, 3.07501;0.7067295, 0.4569619, 2.861531;0.3995769, -0.1671825, 2.985082;0.675644, -0.1396584, 2.670254;0.5693437, 0.1547127, 2.93635;0.5089182, 0.07882012, 2.977397;0.6056349, 0.08813368, 2.867405;0.5423864, -0.3969235, 2.993364;0.6980234, -0.3789229, 2.804289;0.5695172, -0.7426642, 3.036679;0.7645271, -0.7519885, 2.768851;0.5443665, -0.8188422, 3.029103;0.7368996, -0.8382517, 2.748284;
0.5742664, 0.8195803, 3.030329;0.6429912, 0.6005278, 3.008112;0.5815068, 0.2290349, 2.945259;0.4901989, 0.4441771, 3.075715;0.7060887, 0.4566897, 2.861223;0.3995065, -0.1671474, 2.985567;0.675189, -0.1396879, 2.670239;0.5690829, 0.1547608, 2.936091;0.5085445, 0.07853766, 2.977264;0.6053215, 0.08828025, 2.866967;0.5423635, -0.3969916, 2.99314;0.6970711, -0.3781816, 2.804088;0.5695423, -0.7441192, 3.037582;0.7646076, -0.752142, 2.768934;0.5386349, -0.8242189, 3.030815;0.7368209, -0.8382565, 2.748221;
0.5741023, 0.8195575, 3.030449;0.6426967, 0.6003881, 3.007275;0.5814627, 0.2290617, 2.944969;0.4895071, 0.4446113, 3.075872;0.7055135, 0.4567708, 2.86103;0.3995267, -0.1671675, 2.986708;0.6748485, -0.1393734, 2.670307;0.5690755, 0.1548001, 2.93589;0.5085773, 0.07840738, 2.977107;0.605344, 0.088424, 2.866766;0.5421251, -0.3969036, 2.993173;0.6971435, -0.378166, 2.803725;0.569426, -0.7443628, 3.03754;0.7645068, -0.7522523, 2.768803;0.5368156, -0.8226114, 3.031395;0.7355723, -0.8385213, 2.746784;
0.5743001, 0.8196731, 3.030812;0.6424878, 0.6003294, 3.006905;0.5813141, 0.2291027, 2.944934;0.4889883, 0.4446703, 3.075922;0.7051259, 0.4569241, 2.861115;0.3994926, -0.1671702, 2.986695;0.6742974, -0.1394892, 2.669784;0.5689309, 0.1548561, 2.935902;0.5083772, 0.07830732, 2.97724;0.6052204, 0.0884994, 2.866763;0.5421181, -0.3969064, 2.993158;0.6968385, -0.3783456, 2.803531;0.5693623, -0.7443411, 3.037435;0.7640805, -0.7520456, 2.768632;0.5355765, -0.8239213, 3.030303;0.735686, -0.8389573, 2.747525;
0.5756071, 0.8203855, 3.034466;0.6425218, 0.6003565, 3.006867;0.5811591, 0.2289714, 2.944911;0.487975, 0.4448854, 3.076111;0.7047248, 0.4565681, 2.860928;0.3994242, -0.1671539, 2.986732;0.6734473, -0.1389293, 2.669615;0.5687019, 0.1546529, 2.935897;0.5080319, 0.07807482, 2.977106;0.6050657, 0.088425, 2.866936;0.541527, -0.3957881, 2.992396;0.696889, -0.378531, 2.803489;0.5690686, -0.7438423, 3.03735;0.7641919, -0.7525686, 2.768316;0.5412295, -0.8178944, 3.027548;0.7356916, -0.8389562, 2.747539;
0.5746265, 0.8201008, 3.03431;0.6424972, 0.6003469, 3.006701;0.5811156, 0.228995, 2.944857;0.487457, 0.4447538, 3.07618;0.7048809, 0.456673, 2.86089;0.3993155, -0.1670098, 2.986561;0.6732023, -0.1388568, 2.669718;0.5686657, 0.1546801, 2.935865;0.5078583, 0.07797676, 2.977051;0.6050784, 0.08844043, 2.866923;0.5412121, -0.3950317, 2.992352;0.6968663, -0.3783086, 2.803624;0.5692908, -0.7432244, 3.037153;0.7639722, -0.7504705, 2.768706;0.5482483, -0.8123559, 3.030183;0.7346438, -0.8356032, 2.74649;
0.5740115, 0.819563, 3.035449;0.6420312, 0.5999473, 3.006723;0.5809628, 0.2288937, 2.944856;0.4867494, 0.4444915, 3.076037;0.7046472, 0.4564543, 2.86092;0.3992919, -0.1667375, 2.987499;0.6729009, -0.1375155, 2.670466;0.5685707, 0.1546215, 2.935873;0.5076747, 0.0776539, 2.977095;0.6050452, 0.08840415, 2.866907;0.5408602, -0.394911, 2.992085;0.6957724, -0.3771836, 2.803936;0.5694869, -0.7444619, 3.038002;0.7638536, -0.7505644, 2.768584;0.537764, -0.8202979, 3.028017;0.7346224, -0.8359907, 2.746428;
0.5744717, 0.8188848, 3.035063;0.6422979, 0.5994021, 3.007016;0.5809183, 0.2288297, 2.944859;0.4862279, 0.4444743, 3.075813;0.7045373, 0.4562779, 2.860734;0.3991606, -0.1667199, 2.987617;0.6727056, -0.1385462, 2.669786;0.5685067, 0.1545846, 2.935861;0.5074507, 0.07747095, 2.977036;0.6049925, 0.08836856, 2.866859;0.5408216, -0.395307, 2.9923;0.6955719, -0.3768164, 2.80394;0.5694941, -0.7445337, 3.037965;0.7639439, -0.7507757, 2.768218;0.5347955, -0.8225511, 3.026174;0.7346305, -0.8362012, 2.745578;
0.574356, 0.8188792, 3.035172;0.6426113, 0.5995465, 3.006415;0.5808322, 0.2287406, 2.94471;0.4887814, 0.447115, 3.073829;0.7044562, 0.4561872, 2.860743;0.3986528, -0.1663553, 2.985777;0.6722124, -0.1380633, 2.67008;0.5683715, 0.1544639, 2.935746;0.5074431, 0.07745837, 2.977027;0.6046742, 0.08831795, 2.86675;0.5407488, -0.3952785, 2.99223;0.6955482, -0.3772807, 2.803577;0.569322, -0.7439415, 3.037814;0.7637407, -0.7504723, 2.768044;0.5403766, -0.8166852, 3.023179;0.7345694, -0.8371897, 2.746174;
0.5744448, 0.8188013, 3.035265;0.6425609, 0.5994725, 3.006567;0.5807799, 0.2287324, 2.944685;0.4879284, 0.4472935, 3.074703;0.7044696, 0.4561161, 2.860728;0.3984657, -0.1661324, 2.985863;0.6719792, -0.1381589, 2.670018;0.5683085, 0.1544679, 2.935693;0.507288, 0.07738141, 2.976825;0.6046591, 0.08834259, 2.866722;0.5407357, -0.3952886, 2.992255;0.6953992, -0.3773735, 2.803616;0.5691282, -0.7443413, 3.037479;0.7635903, -0.750966, 2.767833;0.5346408, -0.821446, 3.023177;0.7347426, -0.8384513, 2.746838;
0.5744886, 0.818427, 3.033616;0.6424559, 0.5992082, 3.006511;0.580648, 0.2286222, 2.944627;0.4878984, 0.4472933, 3.074722;0.7044572, 0.4560918, 2.86072;0.3982522, -0.1661664, 2.983536;0.6718849, -0.1381582, 2.670079;0.5681848, 0.1543915, 2.935646;0.507155, 0.07722522, 2.976808;0.6045382, 0.08827813, 2.86664;0.5409451, -0.3960816, 2.99289;0.6953862, -0.3773998, 2.803609;0.5688524, -0.7445378, 3.037319;0.7635841, -0.7509763, 2.767856;0.5340889, -0.8208982, 3.023415;0.7348681, -0.838493, 2.747044;
0.5756817, 0.8186859, 3.033824;0.6424001, 0.5991058, 3.006471;0.5803933, 0.2284157, 2.944356;0.4876958, 0.4472767, 3.07485;0.7044635, 0.455843, 2.860693;0.3982574, -0.1661043, 2.983333;0.6717638, -0.1381326, 2.670254;0.5678915, 0.1541795, 2.935329;0.5067094, 0.07701694, 2.976352;0.6044102, 0.08817522, 2.866443;0.540894, -0.3962361, 2.992837;0.6955134, -0.3794171, 2.803007;0.5687105, -0.7449439, 3.037235;0.763514, -0.750909, 2.767878;0.5336753, -0.8218533, 3.023969;0.7346939, -0.8388756, 2.747077;
0.5747741, 0.8182999, 3.032511;0.642301, 0.5990997, 3.006551;0.5801433, 0.2282612, 2.944335;0.4878186, 0.446825, 3.074872;0.7042873, 0.4556585, 2.860561;0.3981262, -0.1664289, 2.979519;0.6716809, -0.1380845, 2.670285;0.5676083, 0.1539894, 2.935287;0.5065496, 0.07687114, 2.976374;0.6040578, 0.08803255, 2.866318;0.5406761, -0.3961138, 2.992717;0.6950418, -0.3789, 2.802972;0.5689042, -0.7452804, 3.037797;0.7638154, -0.7507101, 2.768036;0.5332895, -0.8224226, 3.024296;0.7347847, -0.8388494, 2.747083;
0.5728337, 0.8175544, 3.02931;0.6420649, 0.5991491, 3.00635;0.5799838, 0.2284354, 2.944282;0.4869753, 0.4464485, 3.075332;0.7048023, 0.4556549, 2.860744;0.3981761, -0.1663048, 2.978818;0.6716514, -0.1381328, 2.670434;0.5674589, 0.1542067, 2.935266;0.5062053, 0.0769303, 2.976429;0.6040577, 0.08805143, 2.866284;0.5406576, -0.3961519, 2.9927;0.6951872, -0.3794411, 2.802906;0.5688889, -0.7454991, 3.037776;0.7638091, -0.7509938, 2.767907;0.5325043, -0.823077, 3.024105;0.7349101, -0.838888, 2.746508;
0.5726634, 0.8173518, 3.029069;0.642226, 0.599147, 3.007015;0.579718, 0.2284035, 2.944455;0.4873931, 0.4467005, 3.075372;0.7047804, 0.4555641, 2.860724;0.3981317, -0.1663329, 2.978579;0.6718791, -0.137731, 2.67076;0.5670891, 0.1541722, 2.93541;0.5058194, 0.07695054, 2.976703;0.6034536, 0.08794658, 2.86622;0.5398576, -0.3950721, 2.99195;0.6952332, -0.3794387, 2.802926;0.5688809, -0.745095, 3.037612;0.7637311, -0.7502626, 2.768551;0.5496764, -0.8156613, 3.030188;0.734615, -0.8368977, 2.747657;
0.5722607, 0.8170665, 3.028676;0.6424354, 0.5991112, 3.007134;0.5796024, 0.2284272, 2.944515;0.4873366, 0.4465899, 3.07566;0.7048022, 0.4555091, 2.860667;0.3983212, -0.1663782, 2.979009;0.671888, -0.1376592, 2.671092;0.5668731, 0.1542225, 2.935489;0.5054109, 0.07693714, 2.976911;0.6031915, 0.08796349, 2.866206;0.5397456, -0.3950512, 2.991879;0.6950417, -0.3792256, 2.803014;0.5688297, -0.7450812, 3.037463;0.7635789, -0.750878, 2.768362;0.5425695, -0.8171708, 3.022273;0.7346799, -0.8375062, 2.74757;
0.5716643, 0.8166659, 3.026742;0.6424049, 0.5990997, 3.007131;0.5793946, 0.2282863, 2.944414;0.487572, 0.4466687, 3.0756;0.7047769, 0.4555013, 2.860697;0.3983947, -0.1662997, 2.976839;0.6719438, -0.1374422, 2.671294;0.5666339, 0.1540511, 2.935361;0.5053017, 0.07687305, 2.976779;0.6029537, 0.0879361, 2.866154;0.5399088, -0.395532, 2.992218;0.6949174, -0.3791226, 2.802932;0.5685654, -0.7454666, 3.037271;0.7635329, -0.7510309, 2.76829;0.5361285, -0.8227856, 3.024429;0.7344443, -0.8377609, 2.746758;
0.5706376, 0.8162844, 3.027502;0.6424624, 0.5991132, 3.00723;0.5793517, 0.2282433, 2.944319;0.4879248, 0.4458384, 3.075266;0.7049596, 0.4555175, 2.860842;0.3983785, -0.1662876, 2.976834;0.671468, -0.1381611, 2.672076;0.5665592, 0.1539831, 2.935182;0.5052058, 0.07667667, 2.976563;0.6028286, 0.08788399, 2.865731;0.5398011, -0.3955822, 2.992092;0.6948304, -0.3797903, 2.802733;0.568602, -0.7453197, 3.037186;0.7633368, -0.751579, 2.767902;0.5467999, -0.814647, 3.026275;0.7344092, -0.8378586, 2.746799;
0.5680438, 0.8146085, 3.024209;0.6428655, 0.599043, 3.008195;0.5793364, 0.228221, 2.94434;0.4889596, 0.4443629, 3.074322;0.7050248, 0.4553908, 2.860901;0.3978038, -0.1665338, 2.974311;0.6710648, -0.1387069, 2.672415;0.5665256, 0.1539565, 2.935173;0.5051717, 0.07649984, 2.976614;0.6025717, 0.08781828, 2.865326;0.5400089, -0.3962019, 2.991999;0.6940694, -0.3783537, 2.802677;0.5686283, -0.745339, 3.037217;0.7639433, -0.7502658, 2.768188;0.537792, -0.8244082, 3.031148;0.7343153, -0.8358701, 2.74687;
0.5655156, 0.8140001, 3.026261;0.6427917, 0.5990437, 3.008165;0.5792499, 0.2280637, 2.944269;0.4888867, 0.4440263, 3.074525;0.7049942, 0.4552442, 2.860922;0.3977982, -0.1662794, 2.974124;0.6714678, -0.1367112, 2.672664;0.5664436, 0.1537553, 2.935084;0.5051402, 0.07625781, 2.976477;0.6025488, 0.08777347, 2.865321;0.5400516, -0.3962547, 2.992022;0.6945882, -0.379279, 2.802928;0.5686453, -0.7451973, 3.037114;0.7639626, -0.7506098, 2.768106;0.5473371, -0.8177714, 3.031984;0.734275, -0.8364182, 2.746977;
0.5651716, 0.8138133, 3.026081;0.642744, 0.5989773, 3.008213;0.5789443, 0.2277757, 2.944394;0.4890916, 0.4438465, 3.07444;0.7049705, 0.4552311, 2.860987;0.3977549, -0.1662837, 2.974201;0.6712537, -0.1366293, 2.672698;0.5660805, 0.1534251, 2.935216;0.5049456, 0.07614717, 2.976558;0.6021439, 0.08756269, 2.865559;0.5400335, -0.3962659, 2.991999;0.6948698, -0.3790798, 2.802778;0.5687792, -0.7446441, 3.036605;0.763678, -0.7507814, 2.767888;0.5124378, -0.7770427, 2.979708;0.7351687, -0.8362934, 2.746009;
0.5637552, 0.8132097, 3.026692;0.6424268, 0.5987068, 3.008237;0.5788232, 0.2277745, 2.944462;0.4892211, 0.4439097, 3.074278;0.7052802, 0.4554431, 2.861229;0.3978384, -0.1667333, 2.973818;0.6707864, -0.1368348, 2.672634;0.5659814, 0.1534601, 2.93529;0.5048416, 0.07614397, 2.976668;0.6020879, 0.08759995, 2.865609;0.5401902, -0.3962596, 2.992079;0.6943043, -0.3784585, 2.802509;0.5686542, -0.744115, 3.035751;0.7636321, -0.751007, 2.767857;0.5124561, -0.7764704, 2.97886;0.7352206, -0.8363954, 2.745844;
0.5713106, 0.8165511, 3.030037;0.6428574, 0.5993872, 3.010111;0.5786751, 0.2277929, 2.944642;0.4893239, 0.4444356, 3.074718;0.7052375, 0.4554495, 2.861221;0.3980864, -0.1662417, 2.974308;0.6702857, -0.136617, 2.672683;0.5657961, 0.153446, 2.93537;0.5047049, 0.07620525, 2.976647;0.601763, 0.08767642, 2.865717;0.5401509, -0.3958183, 2.992227;0.694282, -0.3786393, 2.802547;0.5680344, -0.7439291, 3.035087;0.7636243, -0.7511165, 2.767804;0.511844, -0.7762361, 2.978318;0.7351889, -0.8366117, 2.745945;
0.5685081, 0.8156661, 3.030193;0.6428884, 0.5994492, 3.010279;0.5786835, 0.2277749, 2.944657;0.4898934, 0.444684, 3.073554;0.7052108, 0.4554447, 2.861269;0.3980775, -0.1662504, 2.974396;0.6693159, -0.1364157, 2.672737;0.5658101, 0.1534061, 2.935361;0.5047925, 0.07615864, 2.97662;0.6017482, 0.0876419, 2.865662;0.5401273, -0.3955904, 2.992208;0.6943018, -0.3785824, 2.802531;0.5683781, -0.7433922, 3.034917;0.7640221, -0.7465436, 2.767782;0.5123186, -0.7756737, 2.978096;0.7349817, -0.8352317, 2.74598;
0.5694386, 0.8160042, 3.030315;0.6428296, 0.5994343, 3.010349;0.5787197, 0.2278572, 2.94463;0.4899096, 0.4446717, 3.073546;0.7052589, 0.4554326, 2.861232;0.3975756, -0.1674995, 2.972884;0.6678765, -0.1368231, 2.672889;0.5658885, 0.1535496, 2.935282;0.5048466, 0.07617602, 2.976592;0.601922, 0.08788583, 2.865328;0.540212, -0.3953618, 2.992309;0.6936095, -0.3772632, 2.801918;0.5685043, -0.7432101, 3.03537;0.7639779, -0.7471491, 2.767779;0.5125144, -0.7754512, 2.97862;0.7351202, -0.8354679, 2.746097;
0.56936, 0.815893, 3.029702;0.6427041, 0.5993899, 3.010558;0.5787371, 0.2277809, 2.944596;0.4902444, 0.4445272, 3.073338;0.7053006, 0.4553083, 2.86134;0.398478, -0.1652485, 2.97375;0.6678906, -0.136812, 2.672897;0.5659412, 0.1534251, 2.935165;0.50506, 0.07601438, 2.976326;0.6019631, 0.08784667, 2.86522;0.5403019, -0.3947569, 2.991715;0.6935606, -0.3768559, 2.801582;0.5683799, -0.7427949, 3.03507;0.7638974, -0.7479081, 2.767837;0.5124525, -0.7750003, 2.97838;0.7351686, -0.8357077, 2.745996;
0.5691725, 0.8156386, 3.029392;0.6427943, 0.5993357, 3.011222;0.5787509, 0.2277069, 2.944604;0.4909002, 0.4435119, 3.071435;0.7055349, 0.4557176, 2.86131;0.3984597, -0.1652984, 2.973875;0.6672827, -0.1369867, 2.672724;0.565955, 0.1533165, 2.935107;0.505098, 0.07581969, 2.976227;0.6019772, 0.08777938, 2.865031;0.5406769, -0.3973703, 2.992252;0.6935127, -0.3768159, 2.801606;0.5684294, -0.7456044, 3.034371;0.7640868, -0.7485152, 2.768109;0.5294683, -0.8364248, 3.027634;0.7354174, -0.8359843, 2.746288;
0.5681912, 0.8157262, 3.029783;0.6427312, 0.5996857, 3.011168;0.5788078, 0.2274472, 2.944541;0.4916273, 0.4433537, 3.071055;0.7055472, 0.4557435, 2.861314;0.3984649, -0.1652914, 2.973833;0.6661407, -0.1372481, 2.67262;0.5660657, 0.152797, 2.93498;0.5054176, 0.07566821, 2.975893;0.6020592, 0.08766568, 2.865205;0.5406828, -0.3974009, 2.992268;0.6935527, -0.3768089, 2.801599;0.5684014, -0.7455812, 3.034387;0.7640959, -0.749449, 2.768403;0.5290037, -0.8355471, 3.027828;0.735414, -0.836052, 2.74623;
0.5678049, 0.815835, 3.028641;0.642772, 0.6001595, 3.012041;0.5787724, 0.2275049, 2.944563;0.4910883, 0.4441105, 3.073459;0.705142, 0.4556465, 2.861474;0.3984878, -0.1651834, 2.973839;0.6658986, -0.1372958, 2.672753;0.5660118, 0.1528574, 2.934945;0.5053983, 0.07571017, 2.975816;0.6018968, 0.08783071, 2.865045;0.5407501, -0.398243, 2.992336;0.6937494, -0.3771907, 2.801912;0.5684057, -0.7466063, 3.034421;0.7641619, -0.7494827, 2.768598;0.5289863, -0.83561, 3.027709;0.7353591, -0.8362927, 2.746094;
0.5675709, 0.8157326, 3.028181;0.642674, 0.6001105, 3.01175;0.5788285, 0.2274728, 2.944409;0.4910557, 0.4441295, 3.073349;0.7051327, 0.4556673, 2.861436;0.3985711, -0.1654789, 2.97397;0.665598, -0.1370438, 2.672729;0.5660983, 0.1528309, 2.934767;0.5055624, 0.07553966, 2.975623;0.6020113, 0.08785789, 2.864816;0.5406187, -0.3981478, 2.992258;0.6935457, -0.3759085, 2.801906;0.5683548, -0.7464854, 3.035216;0.7641602, -0.749478, 2.768609;0.5289509, -0.8350303, 3.027776;0.7359271, -0.8361919, 2.746028;
0.56814, 0.8154696, 3.027934;0.6421425, 0.5994704, 3.011598;0.5787642, 0.2273708, 2.944342;0.4905837, 0.4436282, 3.073131;0.7051225, 0.4556547, 2.861303;0.3984275, -0.1652829, 2.974115;0.6655512, -0.1370952, 2.672648;0.5660685, 0.1527776, 2.934699;0.5055107, 0.07534884, 2.975508;0.602029, 0.08778913, 2.864691;0.5406839, -0.3982356, 2.992241;0.6935524, -0.3759164, 2.801893;0.5682054, -0.746563, 3.035082;0.7640114, -0.7498094, 2.768602;0.5288132, -0.8343861, 3.028527;0.7366603, -0.8360003, 2.745059;
0.5684396, 0.815913, 3.028086;0.6423587, 0.5998896, 3.011925;0.5787711, 0.2273374, 2.944372;0.490706, 0.4432776, 3.072484;0.7050045, 0.4556589, 2.861294;0.3976725, -0.1641053, 2.979422;0.6655102, -0.1371115, 2.67264;0.5660648, 0.1526951, 2.934709;0.5055414, 0.07529669, 2.975507;0.6020111, 0.08776929, 2.864706;0.5406309, -0.3979514, 2.992148;0.6937611, -0.376527, 2.802466;0.5682973, -0.746182, 3.035101;0.7624204, -0.7557878, 2.767024;0.5287924, -0.8339223, 3.028285;0.7368351, -0.8363562, 2.744929;
0.5669397, 0.8154225, 3.028334;0.642382, 0.5998875, 3.012139;0.5787749, 0.2273232, 2.944415;0.4892033, 0.4431306, 3.074096;0.7045376, 0.4555254, 2.861324;0.3974794, -0.1650791, 2.98201;0.6644322, -0.1377041, 2.671395;0.566066, 0.152688, 2.934727;0.5055377, 0.07527123, 2.975516;0.6020173, 0.08776303, 2.864718;0.5404817, -0.3979115, 2.992124;0.6941204, -0.3772173, 2.803063;0.5682745, -0.7460894, 3.035428;0.7625178, -0.7556747, 2.76729;0.5289205, -0.8335946, 3.027918;0.7368838, -0.8363838, 2.745072;
0.5665321, 0.8160179, 3.030785;0.6420419, 0.6001429, 3.011775;0.5787526, 0.2272951, 2.944292;0.4887077, 0.443638, 3.074311;0.7044139, 0.455536, 2.861297;0.3970473, -0.1653773, 2.984443;0.6633129, -0.1377262, 2.669971;0.5660725, 0.1526311, 2.934586;0.5055892, 0.07526979, 2.97511;0.6020669, 0.08777243, 2.864733;0.5404693, -0.3978761, 2.992068;0.6940352, -0.3775836, 2.802927;0.5684798, -0.7461254, 3.036318;0.7629243, -0.7546056, 2.76751;0.5283794, -0.8328962, 3.027545;0.7371841, -0.8368186, 2.746112;
0.564607, 0.8149093, 3.02966;0.6416079, 0.5996277, 3.011444;0.5785737, 0.2270871, 2.944281;0.4883689, 0.4438899, 3.07425;0.704352, 0.4555465, 2.861073;0.3951348, -0.1653666, 2.982456;0.6613396, -0.1375884, 2.667494;0.5659316, 0.1524727, 2.934594;0.5054402, 0.07518978, 2.975058;0.6020002, 0.08760626, 2.864887;0.5399727, -0.3977346, 2.991794;0.6940345, -0.3776199, 2.802959;0.5684828, -0.7454035, 3.036104;0.7630748, -0.7537117, 2.767929;0.5283754, -0.8323994, 3.026726;0.7372365, -0.8378608, 2.747216;
0.564742, 0.815474, 3.027849;0.6402029, 0.5995995, 3.009307;0.5785547, 0.2270652, 2.943951;0.4873918, 0.4444141, 3.074796;0.7042949, 0.4556328, 2.861048;0.3931329, -0.1651074, 2.980102;0.6602594, -0.1388589, 2.665032;0.5659994, 0.15246, 2.934382;0.5055788, 0.07521514, 2.974552;0.6022655, 0.08766714, 2.864968;0.5400599, -0.3977924, 2.99174;0.694169, -0.3785991, 2.803004;0.5688243, -0.7468678, 3.036803;0.7633172, -0.7531216, 2.76829;0.5280618, -0.8315576, 3.026043;0.7377436, -0.8383041, 2.748716;
0.5642357, 0.816198, 3.028056;0.6401331, 0.6003857, 3.008858;0.5785995, 0.2270217, 2.943405;0.4866878, 0.444671, 3.073678;0.7033292, 0.4562555, 2.860318;0.3888017, -0.1654848, 2.976429;0.6595023, -0.1391191, 2.663482;0.5660976, 0.1522774, 2.933736;0.5058028, 0.0753393, 2.973469;0.6024086, 0.08764715, 2.864806;0.5401229, -0.3977386, 2.991668;0.6941752, -0.378632, 2.802969;0.5687221, -0.7467604, 3.036689;0.7633517, -0.7530515, 2.768297;0.5284828, -0.8313779, 3.026496;0.737192, -0.8382924, 2.748487;
0.5646368, 0.8157507, 3.02824;0.6394382, 0.5993968, 3.007554;0.5785815, 0.2270667, 2.943251;0.4859111, 0.4450398, 3.074211;0.7031381, 0.4562482, 2.860003;0.3864938, -0.1657313, 2.976988;0.6584745, -0.1391963, 2.662389;0.5661277, 0.152392, 2.933638;0.5058069, 0.07538956, 2.973435;0.6025357, 0.08771747, 2.864762;0.5400755, -0.3975803, 2.991573;0.6941571, -0.3786409, 2.802937;0.5686057, -0.7462807, 3.036402;0.7633414, -0.7534192, 2.768252;0.5285471, -0.831159, 3.026057;0.7368287, -0.838784, 2.748676;
0.5625579, 0.8158816, 3.028351;0.6384504, 0.5998087, 3.006748;0.5785714, 0.2271993, 2.94309;0.4843618, 0.4452279, 3.07514;0.7020831, 0.4567948, 2.859771;0.3837205, -0.1655938, 2.973975;0.6575306, -0.1387167, 2.661406;0.5662071, 0.1525247, 2.933533;0.5059291, 0.07543959, 2.973357;0.6028228, 0.08795877, 2.864758;0.5399532, -0.3973887, 2.991514;0.694189, -0.3786333, 2.802892;0.5680365, -0.7460986, 3.036149;0.7631867, -0.753377, 2.768048;0.5284443, -0.8308295, 3.025839;0.7361737, -0.8391454, 2.74809;
0.5585919, 0.816901, 3.029642;0.6347516, 0.6004736, 3.002859;0.5783284, 0.2274345, 2.942667;0.4829695, 0.4454101, 3.076407;0.7003264, 0.4566806, 2.858885;0.3808796, -0.1628506, 2.981563;0.6564506, -0.1386728, 2.659571;0.5661963, 0.1526857, 2.933392;0.5060409, 0.07553411, 2.973338;0.6029007, 0.0880342, 2.864757;0.5399519, -0.3977144, 2.991596;0.6948977, -0.3788917, 2.802979;0.5660446, -0.7489201, 3.033958;0.7631518, -0.7533404, 2.768034;0.5281979, -0.8313353, 3.024944;0.736173, -0.8390236, 2.747624;
0.5583596, 0.8156663, 3.02882;0.6332333, 0.5986952, 3.000273;0.5784969, 0.2270913, 2.942041;0.481889, 0.4451235, 3.076233;0.698205, 0.4565606, 2.858078;0.3805632, -0.1628415, 2.981846;0.6548069, -0.1386334, 2.657785;0.5665919, 0.1524785, 2.933015;0.506885, 0.07518693, 2.973027;0.6035988, 0.08794086, 2.864664;0.539613, -0.396956, 2.991177;0.6944166, -0.3797259, 2.802195;0.5659634, -0.748591, 3.033906;0.7635558, -0.7538465, 2.768353;0.5282655, -0.8308917, 3.024703;0.7359657, -0.8395408, 2.748211;
0.557765, 0.8164363, 3.028616;0.630828, 0.5987551, 2.997874;0.5788615, 0.2270808, 2.941389;0.4800541, 0.4450488, 3.07118;0.6963514, 0.4587035, 2.856687;0.3714954, -0.1615734, 2.970949;0.6530457, -0.1382399, 2.655031;0.5675353, 0.1524993, 2.932475;0.5087851, 0.07550999, 2.972398;0.6056922, 0.08817501, 2.864751;0.5396916, -0.396719, 2.991283;0.6943909, -0.3794305, 2.801875;0.5659689, -0.7485973, 3.03382;0.7635695, -0.7538188, 2.768291;0.5282454, -0.830834, 3.024624;0.7356808, -0.8397763, 2.748261;
0.5528814, 0.8148773, 3.02142;0.6284639, 0.5985833, 2.997474;0.5789353, 0.227047, 2.941315;0.4772463, 0.4453274, 3.068296;0.6954765, 0.4582031, 2.855137;0.3656123, -0.1616261, 2.960094;0.6510323, -0.137857, 2.652414;0.5680513, 0.1524483, 2.932452;0.5095526, 0.075555, 2.97241;0.6075735, 0.08770096, 2.865232;0.539493, -0.3967274, 2.991127;0.6942304, -0.3795283, 2.801765;0.5659548, -0.7485892, 3.033484;0.7635614, -0.753848, 2.768324;0.5282699, -0.8307499, 3.024597;0.7357889, -0.8398895, 2.748334;
0.5511529, 0.8164842, 3.018028;0.6221848, 0.5988284, 2.995639;0.5789095, 0.2269473, 2.941259;0.4757832, 0.4460489, 3.06761;0.6916054, 0.4575409, 2.851219;0.3597758, -0.1596254, 2.954541;0.6495051, -0.1380789, 2.650005;0.5684034, 0.1522251, 2.932544;0.5107428, 0.07561847, 2.972594;0.6088214, 0.08735465, 2.866281;0.5393782, -0.3966164, 2.991053;0.6934636, -0.3796751, 2.800867;0.5660616, -0.7487727, 3.032953;0.7635186, -0.7540845, 2.7685;0.5285857, -0.83054, 3.024657;0.7358189, -0.8399388, 2.748332;
0.541909, 0.8116605, 3.013479;0.6150941, 0.5946862, 2.990329;0.5790561, 0.2263079, 2.941195;0.465507, 0.4436697, 3.065871;0.6854408, 0.4555348, 2.848979;0.3585926, -0.1602395, 2.956956;0.6465462, -0.1397125, 2.642919;0.5695446, 0.1514511, 2.9331;0.5128264, 0.07468267, 2.973554;0.6121116, 0.08611743, 2.868812;0.5388729, -0.3965282, 2.990888;0.6933929, -0.3798009, 2.800839;0.5652629, -0.7481688, 3.031465;0.763461, -0.7542477, 2.768423;0.5286369, -0.8298867, 3.024481;0.7353791, -0.8399034, 2.746858;
0.5342898, 0.8088459, 3.006693;0.6101178, 0.5930725, 2.986101;0.5797103, 0.2247774, 2.941325;0.4613877, 0.4436372, 3.063933;0.6804994, 0.4524375, 2.844877;0.3558246, -0.1650071, 2.954113;0.6442584, -0.1422776, 2.63687;0.5720148, 0.1493329, 2.934422;0.517047, 0.07284566, 2.975026;0.6165758, 0.0837129, 2.873207;0.5378011, -0.398209, 2.990873;0.6924853, -0.3822474, 2.799906;0.5653003, -0.7509127, 3.030912;0.7631408, -0.7543095, 2.768143;0.5284188, -0.8321103, 3.025043;0.7352505, -0.8401163, 2.746551;
0.5315431, 0.8022951, 3.004669;0.5963187, 0.584918, 2.972703;0.5809302, 0.2195524, 2.940965;0.4578216, 0.4417572, 3.059969;0.6698856, 0.4473497, 2.839383;0.3543755, -0.1675021, 2.952028;0.6411361, -0.1476301, 2.629817;0.5758673, 0.1438194, 2.936033;0.524287, 0.06812204, 2.977968;0.6213148, 0.0794609, 2.877092;0.5362926, -0.3992236, 2.990933;0.6922951, -0.3840394, 2.798161;0.5642951, -0.7496179, 3.029208;0.7630645, -0.7542119, 2.767947;0.5282995, -0.8315348, 3.024195;0.7356606, -0.8360949, 2.746169;
0.5054473, 0.7891477, 2.987058;0.5878255, 0.5786948, 2.966165;0.5810645, 0.2141125, 2.942359;0.44776, 0.4288435, 3.055058;0.6621844, 0.439595, 2.832008;0.3424977, -0.1839515, 2.947439;0.6362194, -0.154708, 2.620958;0.5780253, 0.1385748, 2.939609;0.527464, 0.06441187, 2.98274;0.6260409, 0.07254007, 2.88411;0.5348865, -0.3994725, 2.991002;0.6917226, -0.3841447, 2.794874;0.5642507, -0.7492571, 3.02898;0.7621204, -0.7535247, 2.767089;0.5282795, -0.8313511, 3.024239;0.7349708, -0.8337933, 2.744726;
0.5031024, 0.7822123, 2.979781;0.5797615, 0.5698963, 2.961544;0.5824432, 0.2065972, 2.944654;0.441512, 0.4169303, 3.047232;0.6524373, 0.4286252, 2.823466;0.3393105, -0.1922818, 2.95232;0.6333941, -0.1717377, 2.611625;0.5818889, 0.1315212, 2.943998;0.5349872, 0.05687785, 2.99026;0.6307424, 0.06558707, 2.889158;0.5326465, -0.4026242, 2.991096;0.6913357, -0.3856679, 2.79177;0.5637867, -0.751883, 3.026287;0.7600814, -0.7613922, 2.765944;0.5258858, -0.8322792, 3.020606;0.735457, -0.8342986, 2.743865;
0.4953686, 0.7639815, 2.964068;0.567874, 0.5526794, 2.946381;0.5838251, 0.1923539, 2.946678;0.4354889, 0.4003514, 3.034936;0.6427815, 0.410059, 2.813836;0.3355261, -0.2331655, 2.957315;0.6334811, -0.1812372, 2.609904;0.5859951, 0.1180361, 2.949235;0.5412821, 0.04631674, 2.997064;0.6360655, 0.0520311, 2.897539;0.5311778, -0.4039383, 2.990935;0.6914346, -0.3923503, 2.78832;0.5634521, -0.7508346, 3.025799;0.7596639, -0.7617399, 2.765825;0.5258852, -0.8318954, 3.021411;0.7355627, -0.8351752, 2.743424;
0.4597906, 0.7299808, 2.934073;0.5479366, 0.5293279, 2.930286;0.5855656, 0.1812989, 2.945793;0.4260243, 0.3882912, 3.032686;0.631207, 0.3928679, 2.807937;0.3319305, -0.2385747, 2.948248;0.6304919, -0.1965652, 2.601558;0.5906471, 0.1088687, 2.950441;0.5502594, 0.03605608, 3.001191;0.6432916, 0.04297547, 2.899878;0.5272718, -0.4101355, 2.991379;0.6922398, -0.3983494, 2.786584;0.5620483, -0.7492877, 3.025097;0.7588435, -0.7620004, 2.765559;0.526058, -0.8311978, 3.020947;0.7350062, -0.8369868, 2.744571;
0.4603201, 0.7061027, 2.933736;0.5316271, 0.4982946, 2.914114;0.5860209, 0.1458585, 2.948652;0.4178954, 0.3627822, 3.022781;0.6235631, 0.3760054, 2.801164;0.3304395, -0.246553, 2.946125;0.632692, -0.2092318, 2.599419;0.596399, 0.07460848, 2.958657;0.5595335, 0.005000175, 3.011601;0.6516985, 0.01664074, 2.913116;0.5261018, -0.411721, 2.991106;0.6918728, -0.4049267, 2.783774;0.5565449, -0.7447613, 3.023424;0.7587411, -0.7620865, 2.765263;0.5258209, -0.8305475, 3.019814;0.7356319, -0.8364604, 2.743656;
0.4415042, 0.6843718, 2.915836;0.5259005, 0.4847768, 2.904983;0.5880382, 0.1347456, 2.949738;0.4110736, 0.3442981, 3.017052;0.6121111, 0.3533942, 2.793858;0.3173965, -0.2971304, 2.93437;0.6292107, -0.2621819, 2.592777;0.6001168, 0.06343947, 2.961751;0.5664035, -0.008994162, 3.01832;0.6569279, 0.004598828, 2.918152;0.5217868, -0.4244617, 2.99315;0.6908594, -0.4098922, 2.777071;0.5555713, -0.7430462, 3.023707;0.7581363, -0.7640531, 2.764706;0.525, -0.8299232, 3.018957;0.7353658, -0.836955, 2.743835;
0.4386096, 0.6513238, 2.910483;0.5111028, 0.4471193, 2.887112;0.5943058, 0.104539, 2.946981;0.4009797, 0.2928543, 3.010336;0.6054689, 0.330354, 2.787758;0.3170361, -0.3043968, 2.932846;0.634723, -0.2871768, 2.585221;0.6102981, 0.03477535, 2.961788;0.5787181, -0.03299765, 3.017657;0.6695551, -0.02050319, 2.922839;0.5182586, -0.4330677, 2.995288;0.6921561, -0.4163936, 2.770536;0.5556051, -0.7436569, 3.025173;0.7568319, -0.7640667, 2.763361;0.524906, -0.8298452, 3.018988;0.7351243, -0.837949, 2.744065;
0.4301929, 0.6280504, 2.902464;0.5046715, 0.4264545, 2.882312;0.5955812, 0.08742819, 2.950486;0.3978384, 0.2837686, 3.006689;0.5940177, 0.2872155, 2.779467;0.3193086, -0.3451342, 2.931032;0.6403193, -0.2992767, 2.586657;0.6133188, 0.01885329, 2.967181;0.5860825, -0.05062648, 3.02601;0.6730264, -0.03727514, 2.930032;0.5138071, -0.4440609, 2.995009;0.6843735, -0.4233191, 2.755963;0.5553244, -0.7441649, 3.025187;0.7560245, -0.76562, 2.762233;0.5254003, -0.8298407, 3.020192;0.7350312, -0.8378962, 2.743081;
0.4188799, 0.5907742, 2.890487;0.493844, 0.3911518, 2.87381;0.6004592, 0.06705035, 2.949435;0.3924763, 0.252946, 3.00091;0.5937953, 0.2656958, 2.775444;0.3199577, -0.3788181, 2.927782;0.6464052, -0.3205998, 2.589868;0.6208018, 0.0008035447, 2.967463;0.59825, -0.06941285, 3.02636;0.6808236, -0.05116216, 2.931885;0.5040553, -0.4574082, 2.995594;0.6774162, -0.4295929, 2.741946;0.5511817, -0.7593538, 3.025482;0.7545586, -0.7648023, 2.761558;0.5260753, -0.8297076, 3.021486;0.7345133, -0.8384199, 2.743246;
0.4029422, 0.5516968, 2.861759;0.4874582, 0.3607008, 2.862017;0.6085624, 0.03968857, 2.943624;0.3901336, 0.2234305, 2.995826;0.5891773, 0.2365487, 2.768298;0.3177481, -0.3981004, 2.930101;0.6582272, -0.369891, 2.582764;0.6323665, -0.02501619, 2.963193;0.6120009, -0.09339639, 3.022313;0.6937653, -0.07038234, 2.929692;0.492882, -0.4739335, 2.994438;0.6747199, -0.437456, 2.734781;0.5547228, -0.751139, 3.026435;0.7543035, -0.766475, 2.761891;0.5256489, -0.8302199, 3.0204;0.7341021, -0.8387678, 2.743291;
0.397137, 0.5207676, 2.853526;0.4834734, 0.3325685, 2.855688;0.5999749, 0.01757878, 2.94714;0.3827853, 0.1922398, 2.987969;0.5877972, 0.2106217, 2.763761;0.310892, -0.4352932, 2.937401;0.6621463, -0.4036859, 2.580091;0.6231816, -0.04584597, 2.968671;0.5984571, -0.1126877, 3.030624;0.6883518, -0.09570009, 2.936919;0.4859726, -0.4941425, 2.991898;0.6684412, -0.4485303, 2.720962;0.5462989, -0.7922047, 3.025225;0.75352, -0.7679504, 2.76161;0.5110933, -0.8575781, 3.017772;0.7345932, -0.837781, 2.741668;
0.3864186, 0.4661142, 2.833544;0.4752873, 0.2842091, 2.849251;0.6026505, -0.03672019, 2.964047;0.3815207, 0.1557921, 2.98086;0.5837169, 0.1774269, 2.756839;0.3210571, -0.4695716, 2.932916;0.6658998, -0.4578543, 2.568183;0.6281319, -0.1008542, 2.990513;0.6128544, -0.1578138, 3.046505;0.686547, -0.1524641, 2.970347;0.4678733, -0.5247356, 2.984733;0.6660558, -0.4624178, 2.708217;0.5362322, -0.8194774, 3.023103;0.7532468, -0.769264, 2.761724;0.4852921, -0.8729635, 3.01317;0.7344109, -0.8386013, 2.741928;
0.3876892, 0.4560589, 2.834829;0.4721088, 0.2717891, 2.845941;0.6030962, -0.04047605, 2.962806;0.3753129, 0.1215442, 2.983365;0.5779196, 0.1565241, 2.753643;0.3283518, -0.5017537, 2.927299;0.6624647, -0.4721949, 2.581022;0.6288992, -0.1036076, 2.989527;0.613739, -0.1613506, 3.046578;0.6885529, -0.1551363, 2.968654;0.4607412, -0.523726, 2.983258;0.6644989, -0.4649164, 2.708204;0.5354642, -0.8161609, 3.022864;0.7530541, -0.7703096, 2.761983;0.492212, -0.8763251, 3.015776;0.7339178, -0.8393062, 2.741636;
0.376326, 0.4012831, 2.829021;0.4641704, 0.2179131, 2.833959;0.5960834, -0.09052439, 2.962818;0.371541, 0.08542654, 2.9838;0.5753788, 0.118585, 2.74545;0.2914784, -0.5112535, 2.918362;0.6597512, -0.5094578, 2.582488;0.6225824, -0.1513327, 2.992042;0.6087216, -0.2076408, 3.053116;0.6829165, -0.2034605, 2.973037;0.4245635, -0.5518606, 2.975932;0.6575064, -0.4964346, 2.694387;0.5160902, -0.8389097, 3.015553;0.7530992, -0.7706685, 2.762021;0.4708359, -0.8991653, 2.971169;0.7337805, -0.8396266, 2.742078;
0.3667744, 0.3837008, 2.821344;0.4628798, 0.2071107, 2.831144;0.5956999, -0.09379986, 2.962031;0.3702125, 0.0702465, 2.979603;0.5777953, 0.1067599, 2.744527;0.3032544, -0.4773701, 2.937492;0.6626553, -0.5203469, 2.584356;0.6222679, -0.1540136, 2.991479;0.6085542, -0.2125217, 3.054125;0.6834531, -0.2067076, 2.972172;0.4188621, -0.5525297, 2.976669;0.6578282, -0.4984535, 2.693659;0.5240388, -0.8334681, 3.019454;0.752629, -0.7771456, 2.756976;0.4803412, -0.8942329, 2.974484;0.7312818, -0.8463728, 2.740842;
0.3638107, 0.3479388, 2.816745;0.4568894, 0.1707085, 2.826517;0.6092923, -0.114161, 2.952478;0.3714254, 0.02841944, 2.977682;0.5756489, 0.0768702, 2.74153;0.2919435, -0.494504, 2.939776;0.6643659, -0.5380634, 2.589023;0.6402521, -0.1730116, 2.980552;0.6359031, -0.2392614, 3.047154;0.7088766, -0.2231361, 2.955194;0.4087955, -0.5557632, 2.977237;0.6471236, -0.5065765, 2.675011;0.5225583, -0.8318902, 3.023364;0.7526937, -0.7709273, 2.761761;0.5330975, -0.758921, 3.015912;0.7330802, -0.839709, 2.742383;
0.3598492, 0.3254922, 2.812014;0.4549777, 0.1499515, 2.82054;0.6121743, -0.1264963, 2.949132;0.3689559, 0.02093924, 2.975797;0.5731813, 0.06342879, 2.740187;0.2962689, -0.4987723, 2.937947;0.6849715, -0.5841945, 2.590605;0.6433381, -0.1823441, 2.978111;0.6381732, -0.2459044, 3.046115;0.7108976, -0.2283059, 2.954222;0.4130723, -0.5630689, 2.97758;0.6485975, -0.5093445, 2.672828;0.5379313, -0.8320496, 3.029579;0.7524137, -0.7712446, 2.761834;0.4751139, -0.8071898, 2.99944;0.7330232, -0.840118, 2.743049;
0.360603, 0.303487, 2.80818;0.4514688, 0.1203305, 2.814019;0.6125072, -0.1457544, 2.946708;0.3637105, -0.004632194, 2.971292;0.5689147, 0.02860942, 2.736951;0.2938951, -0.5178882, 2.941022;0.6832923, -0.584029, 2.59155;0.6443956, -0.1992145, 2.976496;0.6399463, -0.2622372, 3.04684;0.7128043, -0.2443526, 2.953622;0.4428622, -0.5314721, 2.984896;0.6449004, -0.5147657, 2.663899;0.4851954, -0.7128575, 3.008602;0.7518238, -0.7760032, 2.76342;0.4452296, -0.7780762, 2.966917;0.731673, -0.84387, 2.741726;
0.3520496, 0.2800613, 2.80326;0.4469644, 0.1067782, 2.814288;0.6154147, -0.1547724, 2.94713;0.3607503, -0.01097649, 2.970786;0.5663433, 0.01901842, 2.738584;0.3269934, -0.5727314, 2.934899;0.6817379, -0.5918579, 2.595609;0.6488007, -0.207805, 2.97707;0.6455794, -0.2689394, 3.046707;0.7167121, -0.2501771, 2.954829;0.4450854, -0.5333434, 2.983545;0.6440631, -0.515391, 2.662323;0.5489783, -0.7899255, 3.020927;0.7519883, -0.7778215, 2.763767;0.5044151, -0.8491105, 3.022301;0.7315542, -0.8451927, 2.740654;
0.3567535, 0.2591375, 2.799993;0.444818, 0.0806249, 2.810546;0.6200014, -0.1708072, 2.948449;0.3657796, -0.05710474, 2.965363;0.5613446, -0.007028538, 2.734335;0.3297059, -0.5741771, 2.937764;0.6882115, -0.6561565, 2.574826;0.6545652, -0.2218472, 2.979218;0.6540983, -0.2821103, 3.049932;0.7216094, -0.2605797, 2.957344;0.4492403, -0.5347867, 2.981487;0.6422117, -0.5167766, 2.659273;0.4975419, -0.726099, 3.015683;0.7495154, -0.7894999, 2.764652;0.4611277, -0.7935417, 2.974332;0.7279273, -0.8544058, 2.736351;
0.355737, 0.2498615, 2.798398;0.4421753, 0.0662109, 2.808644;0.6236111, -0.1800856, 2.947169;0.3660647, -0.06518854, 2.963733;0.5617486, -0.02805708, 2.735944;0.299278, -0.5797696, 2.981349;0.6856446, -0.6547185, 2.592624;0.659448, -0.2301056, 2.978148;0.6587757, -0.2885438, 3.049348;0.7282525, -0.26737, 2.955946;0.4474288, -0.529707, 2.978609;0.6278223, -0.5060011, 2.65037;0.5427774, -0.7806638, 3.019371;0.7452843, -0.7985436, 2.753424;0.5109614, -0.8475003, 3.021744;0.7249641, -0.8676239, 2.736103;
0.3240511, 0.2008201, 2.790024;0.4380858, 0.04195617, 2.800958;0.6233884, -0.1893438, 2.943345;0.3588656, -0.1024199, 2.962709;0.5614831, -0.04178801, 2.734415;0.3419433, -0.5891599, 2.916177;0.6510431, -0.6369445, 2.642409;0.6598247, -0.2366933, 2.975126;0.6595114, -0.2965628, 3.048537;0.7313484, -0.2727322, 2.952565;0.3850574, -0.5598294, 2.952516;0.6249926, -0.5149051, 2.653085;0.5475192, -0.7877809, 3.021463;0.7423642, -0.8252013, 2.748474;0.5014867, -0.8458025, 3.018771;0.7227618, -0.8896348, 2.779407;
0.317733, 0.1795622, 2.793648;0.4364498, 0.02438634, 2.802084;0.6254966, -0.2083444, 2.942224;0.3634828, -0.1031757, 2.961551;0.5620372, -0.05759958, 2.734471;0.2707675, -0.6007304, 2.981759;0.6435248, -0.6338378, 2.669641;0.6630236, -0.2548369, 2.973675;0.6640751, -0.3120069, 3.047685;0.7352018, -0.2890357, 2.95078;0.377019, -0.5602348, 2.951051;0.6251251, -0.5282553, 2.651135;0.4900508, -0.830941, 3.006772;0.6915938, -0.8212479, 2.570397;0.4564648, -0.9010886, 2.966973;0.7144767, -0.8334247, 2.667466;
0.3118771, 0.1653271, 2.788472;0.4341768, 0.01595587, 2.802185;0.6260831, -0.2228405, 2.94347;0.3626701, -0.1039932, 2.961061;0.5604811, -0.06850915, 2.735553;0.2860338, -0.6719027, 2.973555;0.6439775, -0.6363915, 2.678444;0.6645489, -0.2709491, 2.975255;0.6650277, -0.3254837, 3.045262;0.7352829, -0.3018924, 2.954193;0.4447269, -0.5214868, 2.967245;0.6501526, -0.5007049, 2.713991;0.5449138, -0.7747122, 3.019056;0.7061797, -0.7416621, 2.638457;0.4983266, -0.8325552, 3.019514;0.7110052, -0.8208345, 2.70015;
0.311471, 0.1570295, 2.790007;0.4329722, 0.006950323, 2.800648;0.6258186, -0.2280845, 2.942564;0.3626933, -0.1058592, 2.960235;0.5601133, -0.07449131, 2.735401;0.2872875, -0.6761868, 2.975977;0.6421269, -0.6395426, 2.687846;0.6644003, -0.2753623, 2.974447;0.6650047, -0.3298931, 3.044268;0.7349515, -0.3064537, 2.953521;0.3720587, -0.5684056, 2.94563;0.5963503, -0.498014, 2.632849;0.4810268, -0.8393512, 3.003455;0.6630847, -0.7894528, 2.548101;0.446099, -0.9099877, 2.965298;0.6918713, -0.8121885, 2.641866;
0.3147535, 0.1482829, 2.791084;0.4330164, -0.004557934, 2.798529;0.6250409, -0.2341666, 2.940089;0.361895, -0.1076623, 2.960003;0.5584797, -0.08373302, 2.732962;0.2952392, -0.6772706, 2.974963;0.6409338, -0.6389808, 2.687927;0.663522, -0.2804527, 2.971964;0.6647531, -0.3342012, 3.042486;0.7338487, -0.3130939, 2.950467;0.3690688, -0.5682303, 2.94392;0.593995, -0.4993849, 2.627979;0.4755699, -0.8407586, 2.999109;0.6696879, -0.7918766, 2.565165;0.4400307, -0.911899, 2.962485;0.6965352, -0.8173267, 2.658807;
0.3145384, 0.1442723, 2.796407;0.4327291, -0.009465723, 2.798282;0.6253508, -0.2344091, 2.939837;0.3617879, -0.1101993, 2.959237;0.5581866, -0.08707707, 2.732613;0.2919377, -0.6858591, 2.97545;0.6911104, -0.7202636, 2.610014;0.6639048, -0.2804236, 2.971674;0.6659487, -0.3336302, 3.042567;0.7344316, -0.3130497, 2.949928;0.4456624, -0.5404404, 2.965546;0.5944012, -0.4994218, 2.628325;0.5438949, -0.7788537, 3.017493;0.6703456, -0.7915723, 2.565575;0.4829275, -0.8201357, 3.006572;0.696847, -0.8171862, 2.659293;
0.3140347, 0.143754, 2.800709;0.4327387, -0.00995307, 2.798056;0.6254696, -0.2345007, 2.939233;0.3615865, -0.1115174, 2.95883;0.5568731, -0.08979727, 2.731348;0.2922264, -0.6869076, 2.97548;0.6368212, -0.6516785, 2.691962;0.6640639, -0.2803164, 2.970893;0.6663303, -0.3332877, 3.042265;0.7346596, -0.31322, 2.948219;0.4451544, -0.5410746, 2.965221;0.5931546, -0.4998641, 2.628229;0.5429888, -0.7720369, 3.01591;0.6693238, -0.7916536, 2.565541;0.4851628, -0.8182007, 3.007536;0.6959782, -0.8180705, 2.659038;
0.3147005, 0.1410458, 2.793468;0.4326572, -0.01029148, 2.79812;0.624665, -0.2363032, 2.938206;0.3608554, -0.1123384, 2.958582;0.5560843, -0.09080342, 2.730363;0.302438, -0.6763651, 2.962676;0.6367831, -0.6515881, 2.691809;0.6630518, -0.2822745, 2.969512;0.6651248, -0.3358304, 3.040323;0.7334161, -0.3150763, 2.946915;0.4443048, -0.5435513, 2.964973;0.5930306, -0.4998198, 2.62606;0.4858458, -0.7402233, 3.01215;0.6692683, -0.7911518, 2.563317;0.4499831, -0.8117188, 2.976141;0.6950369, -0.8189678, 2.656795;
0.3148002, 0.1413398, 2.79169;0.4325975, -0.008908606, 2.797236;0.6240058, -0.2385124, 2.937043;0.3598562, -0.1118623, 2.957963;0.5546211, -0.09057106, 2.728698;0.3044031, -0.6739143, 2.960607;0.6376489, -0.6508775, 2.684938;0.6621058, -0.2857354, 2.968133;0.663098, -0.3400463, 3.036989;0.7315171, -0.3181877, 2.946254;0.3518339, -0.547321, 2.933437;0.5935854, -0.5002655, 2.622846;0.5372559, -0.7671237, 3.009521;0.7197333, -0.7930415, 2.71272;0.4920011, -0.8262528, 3.005064;0.6832654, -0.8641833, 2.676524;
0.3172807, 0.1482079, 2.793728;0.4322316, -0.003854984, 2.797714;0.6236805, -0.2397682, 2.936307;0.3598739, -0.1118192, 2.957824;0.5531341, -0.08929355, 2.728242;0.3118305, -0.6601409, 2.954243;0.6237971, -0.5906143, 2.659175;0.6616614, -0.2882656, 2.966955;0.6616014, -0.3431745, 3.032563;0.7298074, -0.3198006, 2.945624;0.433913, -0.5267012, 2.958764;0.5937259, -0.500339, 2.621337;0.4815935, -0.7351411, 3.011279;0.7196002, -0.7929593, 2.712754;0.4445054, -0.8055756, 2.974656;0.6825121, -0.8633938, 2.676131;
0.3178762, 0.1508587, 2.792563;0.434153, 0.001073263, 2.797947;0.6239396, -0.2397956, 2.936112;0.3597803, -0.109938, 2.957246;0.5535337, -0.08561404, 2.727741;0.3113544, -0.6599618, 2.954173;0.682353, -0.7392034, 2.615729;0.6619325, -0.288445, 2.966744;0.661723, -0.3432114, 3.031546;0.7298073, -0.3198251, 2.945593;0.3577981, -0.5616521, 2.935533;0.5941564, -0.4990281, 2.621225;0.4219719, -0.8386639, 3.011463;0.7445436, -0.8153362, 2.761089;0.384703, -0.9084755, 2.97428;0.709112, -0.8703712, 2.725883;
0.3233272, 0.1639408, 2.798261;0.4348571, 0.009724872, 2.798192;0.6244258, -0.2394488, 2.935758;0.3596702, -0.1099898, 2.9573;0.5556173, -0.07909929, 2.727478;0.3028643, -0.6339072, 2.953175;0.6663719, -0.6950306, 2.584362;0.6624391, -0.2884493, 2.966382;0.6620319, -0.343608, 3.030526;0.7301933, -0.3196312, 2.945501;0.4209305, -0.6116099, 2.990504;0.594517, -0.4981119, 2.621469;0.5420396, -0.7687107, 3.016052;0.7507194, -0.8129487, 2.76402;0.498693, -0.8284781, 3.007332;0.7102291, -0.8658507, 2.73102;
0.3263726, 0.1711393, 2.792176;0.4379089, 0.01938947, 2.798331;0.6245679, -0.230479, 2.933168;0.3598055, -0.1090393, 2.957822;0.5567827, -0.07196185, 2.726593;0.3084617, -0.6336707, 2.948647;0.6698244, -0.6991719, 2.58504;0.6619948, -0.280147, 2.963469;0.6617872, -0.3395393, 3.030249;0.7308623, -0.3140014, 2.942174;0.4753197, -0.6300887, 2.99437;0.5945767, -0.4994681, 2.623357;0.5108288, -0.7448651, 3.008694;0.7504744, -0.8067192, 2.762568;0.4738211, -0.8135167, 2.969025;0.71424, -0.8641539, 2.732237;
0.3282944, 0.1895253, 2.797273;0.4468408, 0.04335452, 2.801411;0.6265018, -0.2189262, 2.932517;0.3688912, -0.08729052, 2.955719;0.5599138, -0.05620836, 2.727035;0.3498273, -0.5710768, 2.891001;0.656211, -0.6497148, 2.595345;0.6629605, -0.2706816, 2.962425;0.6629559, -0.3298883, 3.030797;0.7310664, -0.3082669, 2.9401;0.4469288, -0.5496847, 2.977979;0.6126196, -0.5174333, 2.6302;0.5088279, -0.7410606, 3.008203;0.7481205, -0.7985966, 2.759003;0.4693928, -0.808104, 2.968532;0.718428, -0.8625255, 2.735774;
0.356745, 0.2210707, 2.807542;0.4494541, 0.05569945, 2.803288;0.6253328, -0.2096417, 2.930444;0.367979, -0.07665497, 2.958319;0.5632643, -0.03983584, 2.724254;0.3165883, -0.5700551, 2.942789;0.6683865, -0.6296758, 2.599139;0.6609148, -0.2621501, 2.959552;0.6599485, -0.3216552, 3.027066;0.7285072, -0.3008673, 2.936755;0.4468729, -0.5498073, 2.978089;0.6209521, -0.5278225, 2.63696;0.5456939, -0.7752387, 3.018413;0.7486044, -0.7964802, 2.760132;0.5062747, -0.8381443, 3.016958;0.7190767, -0.8611467, 2.738697;
0.3817714, 0.2693467, 2.81451;0.4546051, 0.07597125, 2.804254;0.620531, -0.1965843, 2.933213;0.3638256, -0.05365504, 2.9663;0.5663438, -0.02121976, 2.728226;0.3151597, -0.5544866, 2.943902;0.6695027, -0.5946134, 2.59382;0.6540982, -0.250136, 2.962576;0.6511343, -0.3112675, 3.031368;0.7221036, -0.2926086, 2.939666;0.4467774, -0.5496913, 2.97874;0.6284605, -0.5273593, 2.642352;0.5431672, -0.7618515, 3.021575;0.7465795, -0.7830529, 2.757236;0.5131801, -0.8294197, 3.01705;0.7257792, -0.8523923, 2.741598;
0.3824416, 0.2762317, 2.815858;0.4620639, 0.1039164, 2.806944;0.620478, -0.1831004, 2.936596;0.364188, -0.02407165, 2.96492;0.5681961, 0.0003193379, 2.730162;0.3135921, -0.5377382, 2.943388;0.6674159, -0.5894876, 2.594218;0.6529394, -0.2395894, 2.965796;0.6485974, -0.2998192, 3.033349;0.718688, -0.2830227, 2.943927;0.4441539, -0.5436711, 2.978216;0.6409004, -0.5249044, 2.648796;0.5434504, -0.7610131, 3.021733;0.7471533, -0.7815912, 2.757985;0.5138348, -0.828521, 3.016973;0.7262562, -0.8505636, 2.741762;
0.3855992, 0.2948341, 2.818404;0.4639929, 0.1195558, 2.810282;0.621742, -0.1572834, 2.941072;0.366651, -0.002128639, 2.965169;0.570656, 0.04070736, 2.728248;0.3143182, -0.5223198, 2.943254;0.6613156, -0.5559775, 2.601069;0.6534086, -0.2127591, 2.97051;0.6476623, -0.2729033, 3.037084;0.7183641, -0.2567364, 2.949177;0.4201964, -0.5711668, 2.9739;0.6520948, -0.5186983, 2.670413;0.5375485, -0.8340856, 3.030159;0.7485532, -0.7770113, 2.756806;0.4826631, -0.802862, 2.992164;0.7284569, -0.846229, 2.741441;
0.3940847, 0.3441855, 2.825564;0.4727097, 0.1622513, 2.813367;0.6222373, -0.1391452, 2.942737;0.3690505, 0.02659629, 2.970025;0.5726826, 0.05404616, 2.730088;0.3483551, -0.5582563, 2.936868;0.6582936, -0.5359911, 2.597633;0.6528662, -0.1980613, 2.972025;0.6454194, -0.2575703, 3.037534;0.716691, -0.2439864, 2.950897;0.4151318, -0.5528976, 2.974444;0.6585333, -0.5151547, 2.680501;0.5227247, -0.8219579, 3.0223;0.749846, -0.7758093, 2.757079;0.4811319, -0.8367876, 2.963497;0.7288846, -0.8447284, 2.742302;
0.3980447, 0.3572108, 2.829118;0.4728424, 0.180543, 2.816991;0.6217671, -0.1067017, 2.946068;0.3705524, 0.05234264, 2.968082;0.5740184, 0.08569084, 2.734245;0.3513791, -0.5416438, 2.932877;0.6637254, -0.4948708, 2.589571;0.6516631, -0.1645255, 2.975115;0.6417601, -0.2204932, 3.036062;0.7140204, -0.2074467, 2.956362;0.4357425, -0.5334551, 2.979039;0.6678033, -0.4996155, 2.703031;0.5349456, -0.8058199, 3.02467;0.7503166, -0.7755156, 2.75757;0.4911335, -0.8611172, 3.004455;0.7298517, -0.8441971, 2.74176;
0.4080976, 0.4076167, 2.837989;0.479667, 0.2315092, 2.826582;0.6087449, -0.0903912, 2.956119;0.3793231, 0.1038462, 2.966334;0.5762769, 0.1082784, 2.73495;0.3517681, -0.4973116, 2.936617;0.6709816, -0.4415017, 2.59586;0.6346559, -0.1513449, 2.986243;0.6145122, -0.1997665, 3.047193;0.692884, -0.1996663, 2.968666;0.4485857, -0.5329441, 2.976316;0.6701791, -0.4978619, 2.707685;0.5343413, -0.8091261, 3.022625;0.7507464, -0.7749153, 2.758607;0.4867634, -0.8633049, 3.009765;0.7302523, -0.8432971, 2.742227;
0.4138214, 0.4271334, 2.84473;0.4811076, 0.2511359, 2.832218;0.6048712, -0.07189558, 2.961244;0.3810157, 0.1220316, 2.968152;0.5796385, 0.1406843, 2.740888;0.3593785, -0.4644041, 2.931376;0.673207, -0.4386072, 2.597003;0.6301804, -0.1368044, 2.990321;0.6114044, -0.1897895, 3.047629;0.6879593, -0.1863386, 2.973176;0.4596702, -0.5286725, 2.975787;0.672919, -0.48066, 2.726042;0.52768, -0.8102601, 3.018407;0.7508724, -0.7748129, 2.758847;0.4963782, -0.8763309, 3.018618;0.7303795, -0.8430862, 2.7426;
0.4123336, 0.4667547, 2.850962;0.4929141, 0.2984176, 2.845428;0.6077058, -0.03947917, 2.966435;0.3870091, 0.164234, 2.96791;0.5836957, 0.1612226, 2.742131;0.3617266, -0.4329132, 2.941173;0.6616502, -0.4004799, 2.601174;0.6311762, -0.1064681, 2.994373;0.612974, -0.1592179, 3.049697;0.6867763, -0.1607243, 2.975845;0.4713023, -0.5019102, 2.97902;0.6762958, -0.4747612, 2.738937;0.5378116, -0.7835897, 3.021045;0.7511633, -0.7744389, 2.758662;0.5101761, -0.8509929, 3.016467;0.7314138, -0.842773, 2.742283;
0.4196711, 0.50092, 2.855381;0.4970558, 0.332569, 2.853421;0.6091983, -0.02491327, 2.969732;0.3901779, 0.1876774, 2.973506;0.5861623, 0.2068519, 2.753855;0.3473317, -0.3984727, 2.934526;0.6608807, -0.3707747, 2.610573;0.6320189, -0.09543846, 2.996758;0.6133829, -0.1487723, 3.047963;0.6853979, -0.1429569, 2.980912;0.4756872, -0.4927287, 2.979686;0.6777393, -0.4623947, 2.741979;0.5389641, -0.7750112, 3.020828;0.7518027, -0.773954, 2.758903;0.5151359, -0.8438189, 3.017927;0.7317336, -0.8420756, 2.742551;
0.4233749, 0.528266, 2.866661;0.5054814, 0.3611243, 2.860873;0.6045252, 0.006143893, 2.96613;0.3920312, 0.219226, 2.990183;0.5881991, 0.2236601, 2.756725;0.3471592, -0.374508, 2.937748;0.6549946, -0.3200558, 2.610007;0.6242419, -0.06414936, 2.990532;0.6034755, -0.1170222, 3.045432;0.6782647, -0.1268949, 2.969596;0.4851336, -0.4680788, 2.982057;0.6814397, -0.4537506, 2.750573;0.5474598, -0.7529482, 3.023661;0.7518744, -0.7736189, 2.759066;0.5219392, -0.8264912, 3.01876;0.7325455, -0.8419068, 2.74298;
0.4422305, 0.5282123, 2.883171;0.5354774, 0.327784, 2.887333;0.6071991, 0.01465367, 2.968171;0.3982574, 0.23814, 2.988026;0.595539, 0.2546724, 2.762628;0.3490302, -0.3369598, 2.936318;0.6561579, -0.312483, 2.60524;0.6251937, -0.04631961, 2.990837;0.6064984, -0.1035932, 3.042255;0.6731598, -0.1016055, 2.970662;0.4889933, -0.4607117, 2.984533;0.6847931, -0.4448661, 2.75595;0.5479687, -0.7522413, 3.023753;0.7516805, -0.7733975, 2.758839;0.522229, -0.8267862, 3.018711;0.7324911, -0.8417463, 2.743301;
0.4577424, 0.6006845, 2.907403;0.5274032, 0.4247432, 2.880764;0.6007175, 0.05596658, 2.958528;0.4006301, 0.264794, 2.99161;0.5949844, 0.275682, 2.766334;0.3497544, -0.3287436, 2.936194;0.6546599, -0.2895814, 2.608307;0.6174822, -0.0223184, 2.980306;0.5880698, -0.07110877, 3.033607;0.6693592, -0.08651646, 2.951105;0.4953659, -0.4543494, 2.985215;0.6879177, -0.4390149, 2.761488;0.5496042, -0.7560288, 3.024298;0.7515446, -0.7731997, 2.759053;0.5226117, -0.8277059, 3.018737;0.7330484, -0.8415691, 2.743245;
0.4674664, 0.617099, 2.914855;0.5308821, 0.4387081, 2.889103;0.5970645, 0.07561718, 2.959382;0.4030089, 0.2800142, 2.996039;0.6031017, 0.3087089, 2.774093;0.3517464, -0.30989, 2.93802;0.6502826, -0.2755732, 2.608629;0.6095833, 0.00620075, 2.977162;0.5817834, -0.06010448, 3.030561;0.6607968, -0.04922594, 2.944674;0.500213, -0.4477685, 2.985965;0.6925197, -0.4343309, 2.770519;0.5489202, -0.751067, 3.024195;0.7513908, -0.7728724, 2.759127;0.5181054, -0.8292415, 3.017576;0.7336192, -0.8417571, 2.745171;
0.4734249, 0.6389299, 2.920718;0.5363673, 0.4608926, 2.901116;0.593928, 0.09790048, 2.956297;0.4057274, 0.310627, 2.999468;0.6101849, 0.331491, 2.777164;0.354857, -0.2866255, 2.941078;0.6510594, -0.2595149, 2.613697;0.6054568, 0.02576082, 2.971262;0.5677025, -0.03575796, 3.021271;0.6610787, -0.03210187, 2.936398;0.5051649, -0.438377, 2.988528;0.6958084, -0.4286045, 2.775819;0.5489114, -0.7506925, 3.024012;0.7519636, -0.7717, 2.759429;0.5190833, -0.8284836, 3.017218;0.7338619, -0.8404416, 2.745077;
0.5068303, 0.6804426, 2.948636;0.549997, 0.4953044, 2.915719;0.5914721, 0.1144427, 2.95414;0.4135838, 0.3369038, 3.007627;0.6128972, 0.3530044, 2.78986;0.3514742, -0.2604256, 2.941612;0.6547989, -0.2301242, 2.616989;0.6008189, 0.04056861, 2.966573;0.5610139, -0.02052082, 3.015629;0.6549693, -0.01818334, 2.9285;0.5080592, -0.4357009, 2.989947;0.6976336, -0.421154, 2.778823;0.5492792, -0.7490228, 3.024371;0.7522133, -0.7716216, 2.759804;0.5204433, -0.8274595, 3.017713;0.7335393, -0.8409982, 2.745226;
0.5027705, 0.692777, 2.949717;0.5562816, 0.510752, 2.924466;0.5916513, 0.1298319, 2.954441;0.4175039, 0.3510972, 3.010633;0.6205291, 0.3687411, 2.792698;0.3523709, -0.244721, 2.945104;0.6530474, -0.2191882, 2.619487;0.5993912, 0.05423137, 2.964713;0.5581509, -0.00966968, 3.013402;0.6533644, -0.006884756, 2.924521;0.5115108, -0.4316473, 2.990467;0.7010511, -0.4152896, 2.783887;0.549291, -0.7482833, 3.025048;0.7527132, -0.7708407, 2.760072;0.52048, -0.8277443, 3.017801;0.733412, -0.8413026, 2.745145;
0.5148084, 0.7219158, 2.970044;0.5665315, 0.53859, 2.934901;0.5912863, 0.1577606, 2.952392;0.4225087, 0.36136, 3.010772;0.6271624, 0.3902931, 2.800651;0.3524051, -0.2361862, 2.944657;0.6587421, -0.1898986, 2.624534;0.5964772, 0.08247299, 2.959566;0.5539354, 0.01450777, 3.008747;0.6483183, 0.01806556, 2.914434;0.5168089, -0.4270271, 2.991329;0.7029598, -0.4078497, 2.78836;0.550877, -0.7480584, 3.024865;0.7538449, -0.7714373, 2.760011;0.5205692, -0.8277656, 3.017833;0.7343014, -0.8403946, 2.745084;
0.5304383, 0.7317539, 2.981702;0.5731449, 0.5458216, 2.942228;0.5928773, 0.1604223, 2.952334;0.429625, 0.3816224, 3.015071;0.6332644, 0.4001711, 2.804203;0.3549574, -0.211214, 2.9453;0.6599525, -0.1816086, 2.630155;0.597504, 0.08442274, 2.958812;0.5551085, 0.01684321, 3.007075;0.6486614, 0.01967623, 2.913076;0.5235472, -0.4175908, 2.993456;0.7056926, -0.4021662, 2.792587;0.552196, -0.7482412, 3.024903;0.7542254, -0.771452, 2.760446;0.5207933, -0.8279896, 3.018088;0.7348663, -0.8396253, 2.744754;
0.5560558, 0.7405559, 2.996276;0.5760422, 0.5508006, 2.946735;0.5951164, 0.1722572, 2.954999;0.4315215, 0.3888637, 3.018495;0.6441979, 0.4184276, 2.811803;0.3541827, -0.2043142, 2.941843;0.6636617, -0.1647913, 2.639204;0.5965124, 0.09740998, 2.957654;0.5528994, 0.02877085, 3.002851;0.6466091, 0.0335321, 2.911946;0.5249018, -0.4163215, 2.993631;0.7073573, -0.3998747, 2.794954;0.5556383, -0.7516246, 3.024579;0.7545886, -0.7715189, 2.761021;0.5205113, -0.8300191, 3.017253;0.734898, -0.8397309, 2.744732;
0.5731106, 0.7546111, 3.013576;0.5887958, 0.5647749, 2.956099;0.5973343, 0.1816544, 2.955486;0.4390774, 0.411123, 3.025744;0.6480012, 0.4283534, 2.818121;0.350168, -0.2058591, 2.940825;0.6637716, -0.1552579, 2.645017;0.5964236, 0.1061874, 2.956036;0.5515058, 0.03649487, 3.000466;0.6450244, 0.04452053, 2.908337;0.5280442, -0.4086266, 2.992044;0.7082653, -0.3939287, 2.796818;0.5566821, -0.7514468, 3.024791;0.7580363, -0.7609295, 2.763602;0.5218067, -0.8301707, 3.018342;0.7345577, -0.8390481, 2.745007;
0.5755329, 0.7678327, 3.016196;0.6006756, 0.5783476, 2.965743;0.6003173, 0.1911031, 2.956309;0.4414877, 0.4206447, 3.030694;0.6540309, 0.4373655, 2.82074;0.3564292, -0.1782534, 2.950201;0.6640394, -0.1468739, 2.647523;0.5961019, 0.1152657, 2.953509;0.5483322, 0.04482996, 2.997208;0.6444405, 0.0529428, 2.903395;0.5317817, -0.4064651, 2.993363;0.708626, -0.3918272, 2.798217;0.5574257, -0.7503553, 3.025049;0.7581863, -0.7600692, 2.763803;0.5235545, -0.8269577, 3.018456;0.7345306, -0.8390009, 2.744988;
0.5913691, 0.7771883, 3.026989;0.6054468, 0.5868766, 2.968988;0.6041483, 0.1984919, 2.957446;0.444394, 0.4257761, 3.034039;0.6649941, 0.4478874, 2.825143;0.3571522, -0.1651326, 2.952508;0.663839, -0.1390655, 2.649509;0.5973386, 0.1220044, 2.951724;0.5481632, 0.04937445, 2.994792;0.6455407, 0.05897592, 2.900893;0.5373256, -0.401736, 2.994031;0.7097209, -0.3888395, 2.800269;0.5595256, -0.7498887, 3.026251;0.7586957, -0.7590766, 2.763616;0.5242046, -0.8257209, 3.018861;0.7344415, -0.838966, 2.744711;
0.5939658, 0.7833281, 3.029728;0.6109751, 0.5927885, 2.974865;0.6079209, 0.2052109, 2.957986;0.4490646, 0.4367251, 3.041846;0.6723809, 0.4549449, 2.830335;0.3588241, -0.1537252, 2.952465;0.6637758, -0.1345989, 2.651542;0.5980119, 0.1299794, 2.947995;0.5459969, 0.05768262, 2.989393;0.6470729, 0.0671542, 2.894518;0.540853, -0.3997525, 2.994651;0.7110173, -0.3856936, 2.803537;0.5609127, -0.7493352, 3.027662;0.7594306, -0.7591466, 2.764164;0.5247558, -0.8263845, 3.019405;0.7346816, -0.8396696, 2.745374;
0.6045118, 0.7881486, 3.043335;0.6191874, 0.5977056, 2.982738;0.6105025, 0.2106259, 2.959769;0.4609826, 0.4484688, 3.041285;0.6863097, 0.4667701, 2.841626;0.3601992, -0.1513919, 2.951961;0.6644042, -0.1189061, 2.655411;0.5967487, 0.1371375, 2.944736;0.542606, 0.0642847, 2.985964;0.6448383, 0.07395178, 2.887514;0.5432268, -0.397456, 2.99589;0.7115781, -0.3836239, 2.805265;0.56216, -0.7487673, 3.028648;0.7605643, -0.7582157, 2.76492;0.5248539, -0.8265724, 3.019592;0.7349631, -0.8394822, 2.745413;
0.6248692, 0.7937373, 3.051345;0.6273822, 0.6025674, 2.990613;0.6138146, 0.2163672, 2.961785;0.4658015, 0.4542186, 3.044852;0.6904526, 0.4696147, 2.844191;0.3652726, -0.1477421, 2.953662;0.6662818, -0.1115923, 2.657114;0.5963462, 0.1440323, 2.942758;0.5413037, 0.0700786, 2.983302;0.6429999, 0.07932521, 2.883847;0.5457186, -0.3957845, 2.99765;0.7126842, -0.3819369, 2.807239;0.5653387, -0.7477021, 3.030966;0.7630838, -0.7581761, 2.765887;0.5270687, -0.8229431, 3.021207;0.7350255, -0.8394355, 2.745467;
0.6426957, 0.8103358, 3.069262;0.6472313, 0.6190839, 3.007763;0.6184129, 0.2219913, 2.964164;0.472109, 0.4607882, 3.047084;0.6990279, 0.4758162, 2.850063;0.3695408, -0.1414452, 2.953996;0.6680335, -0.1086529, 2.658671;0.5972236, 0.149714, 2.941044;0.5406299, 0.07596911, 2.980108;0.6426474, 0.08484757, 2.880344;0.5482918, -0.3941476, 2.99994;0.7145613, -0.3818322, 2.80999;0.566115, -0.7468806, 3.031513;0.7649381, -0.7563457, 2.768009;0.5280011, -0.8213953, 3.021538;0.735312, -0.8390658, 2.745373;
0.6453846, 0.8117052, 3.069269;0.648913, 0.6198269, 3.012151;0.6201047, 0.2230894, 2.96661;0.4732757, 0.4610377, 3.049264;0.7030659, 0.4774398, 2.85421;0.3705572, -0.1392463, 2.952917;0.6693822, -0.1066294, 2.660934;0.5964926, 0.1518316, 2.940177;0.5382556, 0.07823525, 2.977975;0.6413095, 0.08702025, 2.877942;0.5500112, -0.391919, 3.001466;0.7176633, -0.3800316, 2.814063;0.5672963, -0.7461691, 3.03197;0.7677415, -0.754276, 2.770139;0.528077, -0.8219888, 3.021535;0.7353732, -0.8390067, 2.745418;
0.6483891, 0.8119214, 3.070962;0.6505318, 0.6198341, 3.013773;0.6216751, 0.2233513, 2.96783;0.479142, 0.4643664, 3.052616;0.7081249, 0.4784092, 2.85798;0.3714375, -0.136747, 2.954761;0.6709709, -0.1082597, 2.661203;0.59558, 0.1533009, 2.938155;0.5362192, 0.07993504, 2.974503;0.639182, 0.08874701, 2.874159;0.5513577, -0.3912739, 3.002461;0.7188352, -0.3811257, 2.815737;0.5675749, -0.7462284, 3.032637;0.7684586, -0.7540981, 2.770153;0.5281612, -0.8230723, 3.02221;0.7358987, -0.8384464, 2.745083;
0.6586263, 0.8125109, 3.078957;0.6555651, 0.6204672, 3.01919;0.6226204, 0.2237833, 2.969444;0.4841529, 0.4669536, 3.058554;0.7174927, 0.4792484, 2.863002;0.373382, -0.1335799, 2.958618;0.6753817, -0.113843, 2.663769;0.5941725, 0.1551797, 2.936964;0.5324697, 0.08238012, 2.972015;0.6372777, 0.09014164, 2.872027;0.5514616, -0.3913163, 3.002345;0.7189893, -0.3813039, 2.815999;0.5677235, -0.7459304, 3.032699;0.7687265, -0.7540932, 2.770221;0.5280548, -0.8238221, 3.022435;0.7359379, -0.8380595, 2.744821;
0.6637061, 0.8136369, 3.079839;0.6644889, 0.6208042, 3.027794;0.6236506, 0.222635, 2.971005;0.4867911, 0.4666984, 3.061193;0.7220719, 0.4766782, 2.865258;0.3738872, -0.1323385, 2.959397;0.6805015, -0.1001217, 2.667845;0.5932207, 0.1554326, 2.936379;0.5296268, 0.08269858, 2.970184;0.6354175, 0.09030679, 2.870683;0.550999, -0.3925408, 3.002046;0.7183095, -0.3771225, 2.815356;0.5689874, -0.7471759, 3.032905;0.7692361, -0.7500722, 2.770052;0.5282194, -0.8263413, 3.021312;0.7359819, -0.8354972, 2.744524;
0.6640738, 0.8138832, 3.081868;0.6679507, 0.6207993, 3.031847;0.624332, 0.2231653, 2.973204;0.4904481, 0.4670066, 3.066851;0.7231627, 0.4780864, 2.869535;0.3702746, -0.1531907, 2.960455;0.6851422, -0.09777195, 2.670161;0.5912716, 0.1569688, 2.936809;0.5268497, 0.0840921, 2.971228;0.6315805, 0.09146959, 2.869405;0.5502792, -0.3927916, 3.00203;0.7177168, -0.3777245, 2.815447;0.5693406, -0.7465971, 3.032915;0.7692303, -0.7508171, 2.769997;0.5283148, -0.8264632, 3.021338;0.7371559, -0.8350102, 2.743309;
0.6756489, 0.814101, 3.090171;0.6726822, 0.620983, 3.036964;0.6254258, 0.2223269, 2.974644;0.4942225, 0.4671209, 3.071157;0.723223, 0.4775899, 2.871257;0.3716062, -0.1519618, 2.964959;0.688748, -0.09821011, 2.670909;0.5901858, 0.1568951, 2.93703;0.5258356, 0.08403034, 2.97151;0.6284157, 0.09116872, 2.868772;0.5499887, -0.3930818, 3.00218;0.7167045, -0.3778796, 2.815367;0.5693846, -0.7462753, 3.032835;0.7692303, 