0.5380852, 0.788114, 3.013039;0.6403753, 0.5874008, 3.009656;0.5820898, 0.222909, 2.946049;0.4917368, 0.4380148, 3.091426;0.7091551, 0.4471355, 2.863342;0.3961684, -0.1555218, 2.961844;0.6753344, -0.1467656, 2.673719;0.5704327, 0.1500106, 2.93681;0.5096878, 0.07400538, 2.980638;0.6075261, 0.0781097, 2.863531;0.543752, -0.4005917, 2.995475;0.6977643, -0.3814727, 2.802925;0.5687821, -0.7469319, 3.035246;0.7622918, -0.7522312, 2.767704;0.5233536, -0.8274798, 3.010953;0.7344964, -0.8406686, 2.745553;
0.5383939, 0.7883369, 3.013165;0.6403689, 0.5874337, 3.009326;0.5820579, 0.2229214, 2.945962;0.4917526, 0.4381236, 3.091241;0.7093586, 0.4472236, 2.863353;0.3961416, -0.1555137, 2.961837;0.6753774, -0.1467257, 2.673769;0.5703991, 0.1500214, 2.936738;0.5095914, 0.07405507, 2.98052;0.6075037, 0.07813436, 2.863518;0.5439067, -0.4012146, 2.995623;0.6975689, -0.3814611, 2.802931;0.5687858, -0.7489551, 3.035495;0.7625591, -0.751944, 2.767494;0.5244389, -0.8298348, 3.01494;0.7344014, -0.840454, 2.745349;
0.5383331, 0.7885079, 3.013123;0.6404848, 0.5876566, 3.009475;0.5820682, 0.2229123, 2.945993;0.4916311, 0.4379666, 3.091351;0.7092375, 0.4472261, 2.863426;0.396392, -0.155534, 2.962503;0.6757251, -0.1465404, 2.674832;0.5704067, 0.1499822, 2.936744;0.5096107, 0.07400975, 2.980445;0.6075056, 0.07813865, 2.863567;0.5439174, -0.4012107, 2.995655;0.6977082, -0.3815322, 2.803525;0.5693308, -0.7493094, 3.035934;0.7626294, -0.7519009, 2.76752;0.5245686, -0.8298649, 3.015052;0.7343092, -0.8402853, 2.745071;
0.5383578, 0.7893566, 3.013357;0.640146, 0.5880542, 3.008744;0.5819932, 0.2231969, 2.945748;0.4913888, 0.4376607, 3.090471;0.7093248, 0.4473533, 2.863352;0.3957177, -0.1553127, 2.96039;0.6758699, -0.146331, 2.675223;0.5703601, 0.1502568, 2.936551;0.5095424, 0.07421312, 2.980214;0.607565, 0.07867102, 2.863581;0.5439653, -0.4016003, 2.995729;0.6977718, -0.3813273, 2.803417;0.5692696, -0.7494332, 3.035975;0.7627099, -0.7519051, 2.767501;0.5246155, -0.8302568, 3.015301;0.7344358, -0.8405126, 2.745962;
0.5386889, 0.7890911, 3.01385;0.640359, 0.587432, 3.006763;0.5821382, 0.2233265, 2.945265;0.491359, 0.4376979, 3.090388;0.7097169, 0.4476532, 2.863649;0.3959785, -0.1560716, 2.959911;0.6763512, -0.1465681, 2.675854;0.5704959, 0.1504435, 2.936208;0.5095912, 0.07438187, 2.979846;0.6077679, 0.07887417, 2.863445;0.5439124, -0.401449, 2.995691;0.6977223, -0.381374, 2.80337;0.5692851, -0.7493774, 3.036042;0.7627242, -0.751905, 2.767457;0.5249102, -0.830248, 3.017093;0.7343951, -0.8404725, 2.745871;
0.5393949, 0.7903552, 3.014386;0.640632, 0.5883449, 3.006379;0.5818786, 0.2238611, 2.945238;0.4913728, 0.4376087, 3.090237;0.7093675, 0.4477566, 2.864061;0.3961633, -0.1560244, 2.958029;0.6770694, -0.1466166, 2.676768;0.5701182, 0.150984, 2.936271;0.5092054, 0.0749797, 2.979964;0.6069971, 0.07990279, 2.863876;0.5444726, -0.401268, 2.996475;0.6977575, -0.3813939, 2.803255;0.5691642, -0.7494429, 3.035936;0.7628841, -0.7518435, 2.767418;0.5252883, -0.8301814, 3.018093;0.7344092, -0.8403871, 2.745858;
0.5400544, 0.7906912, 3.018086;0.6406744, 0.5883712, 3.006479;0.5817423, 0.2240829, 2.945457;0.4913167, 0.4375632, 3.090358;0.7096643, 0.4480261, 2.864237;0.3956274, -0.1557611, 2.956415;0.6802852, -0.1351842, 2.682935;0.5699162, 0.151278, 2.936556;0.5088637, 0.07522405, 2.980158;0.6068301, 0.0803687, 2.864426;0.5444636, -0.4012774, 2.996456;0.6974453, -0.3818174, 2.803077;0.5691506, -0.7493595, 3.035891;0.7628357, -0.7519595, 2.767405;0.5271055, -0.8287696, 3.017991;0.7345657, -0.840054, 2.745499;
0.5408054, 0.7903998, 3.01685;0.6401613, 0.5879602, 3.006012;0.5816796, 0.2240951, 2.945378;0.4912428, 0.4376971, 3.090569;0.7096694, 0.4479789, 2.864267;0.3960948, -0.1566265, 2.958628;0.6810654, -0.1346019, 2.684554;0.5698889, 0.1513114, 2.936519;0.5088471, 0.07524535, 2.980163;0.606837, 0.0803185, 2.864349;0.5443894, -0.401275, 2.996479;0.6969053, -0.3808114, 2.803323;0.5691925, -0.7492769, 3.036091;0.7628182, -0.7519478, 2.767414;0.5284671, -0.8281655, 3.020247;0.7344503, -0.8399966, 2.745625;
0.5546255, 0.7811114, 3.024012;0.6404395, 0.5888124, 3.006057;0.5813895, 0.225293, 2.945732;0.49051, 0.4368444, 3.092465;0.7095938, 0.4481241, 2.864429;0.3968847, -0.1580936, 2.961759;0.6818033, -0.1343527, 2.685047;0.5694607, 0.1526337, 2.936997;0.5082081, 0.07608858, 2.980811;0.6064092, 0.08155876, 2.864683;0.5443524, -0.4013933, 2.996274;0.6965193, -0.3798014, 2.803084;0.5696214, -0.7484699, 3.036607;0.762841, -0.7519365, 2.767362;0.5307579, -0.8294158, 3.026954;0.7344493, -0.8399539, 2.745567;
0.558388, 0.7713688, 3.024776;0.64057, 0.5888142, 3.005547;0.5812157, 0.2252823, 2.94584;0.4904962, 0.4369472, 3.09307;0.7097806, 0.448169, 2.864459;0.3978345, -0.1590846, 2.962007;0.6822758, -0.1323812, 2.685528;0.5691439, 0.1526103, 2.937302;0.5076073, 0.07567212, 2.981164;0.6058758, 0.08238535, 2.866001;0.5441678, -0.402621, 2.996298;0.69664, -0.380155, 2.803188;0.5693737, -0.7512511, 3.037449;0.7627091, -0.7526587, 2.766983;0.5253773, -0.83499, 3.02828;0.7344658, -0.8401971, 2.746342;
0.5613467, 0.7647683, 3.025591;0.6404564, 0.5886367, 3.005559;0.5806569, 0.2251566, 2.946332;0.4902662, 0.4369333, 3.093621;0.7098199, 0.4481183, 2.864473;0.3987725, -0.1597735, 2.962545;0.6802726, -0.1456299, 2.680089;0.568461, 0.1525101, 2.937974;0.5065962, 0.07492435, 2.982011;0.6051507, 0.08267165, 2.866884;0.544259, -0.4031517, 2.996409;0.6967036, -0.380107, 2.803458;0.5689655, -0.7518332, 3.037299;0.7627313, -0.7526662, 2.767006;0.5254132, -0.834575, 3.027293;0.7343829, -0.8402761, 2.746365;
0.5662054, 0.761761, 3.023687;0.6408484, 0.5897436, 3.005296;0.5803508, 0.2253306, 2.946608;0.49055, 0.4370055, 3.093426;0.7097843, 0.4482081, 2.864637;0.4004256, -0.1600369, 2.962949;0.683738, -0.1329323, 2.687277;0.567989, 0.152595, 2.938404;0.5060829, 0.07484423, 2.982715;0.6043768, 0.08296654, 2.867425;0.5441626, -0.4030672, 2.996336;0.696758, -0.3801559, 2.803475;0.5686773, -0.7500935, 3.036146;0.7625284, -0.7531435, 2.766923;0.5258108, -0.8343076, 3.027499;0.734389, -0.840333, 2.746354;
0.5672691, 0.7577597, 3.024036;0.6408122, 0.5897667, 3.005303;0.580048, 0.2257999, 2.9469;0.4906702, 0.4371718, 3.093565;0.7101198, 0.4483061, 2.864957;0.4009251, -0.160247, 2.962404;0.6840791, -0.1335715, 2.687293;0.5676491, 0.1531821, 2.938782;0.505689, 0.0748392, 2.98333;0.6040758, 0.08344759, 2.867441;0.5440759, -0.4030225, 2.996309;0.6972075, -0.3804796, 2.803462;0.5690703, -0.7496988, 3.036538;0.7627271, -0.7532201, 2.767107;0.5262597, -0.8331906, 3.026809;0.7343595, -0.8402746, 2.746341;
0.5685726, 0.7550293, 3.022262;0.6413729, 0.5910255, 3.006821;0.5800195, 0.2261476, 2.947251;0.4905845, 0.4371502, 3.093654;0.7103723, 0.4485039, 2.865377;0.4031231, -0.1589094, 2.965246;0.6847785, -0.1330611, 2.687173;0.5675983, 0.1533976, 2.938985;0.5056221, 0.07484515, 2.983359;0.6041038, 0.08414432, 2.867746;0.5437799, -0.4028323, 2.996129;0.6973037, -0.3806794, 2.803472;0.5691105, -0.7494262, 3.036819;0.7628565, -0.7531464, 2.767135;0.5273721, -0.8287024, 3.026715;0.734403, -0.8403636, 2.746461;
0.5675304, 0.7582148, 3.022013;0.641629, 0.5923772, 3.007087;0.5800085, 0.2262937, 2.947306;0.490696, 0.4374452, 3.093975;0.7104985, 0.4487513, 2.865498;0.404173, -0.1590752, 2.967501;0.6821514, -0.1455665, 2.680421;0.5675869, 0.1534373, 2.939022;0.5056198, 0.07483749, 2.983318;0.6040894, 0.08460938, 2.867918;0.5437803, -0.4035126, 2.996179;0.6969767, -0.3808666, 2.803351;0.5688993, -0.7523661, 3.036993;0.7629791, -0.7529841, 2.767248;0.5268574, -0.8303801, 3.025073;0.7343916, -0.8404281, 2.746457;
0.5688648, 0.755704, 3.022903;0.6417257, 0.5923237, 3.00698;0.5800204, 0.2262935, 2.947329;0.491048, 0.4380264, 3.094046;0.7105379, 0.44896, 2.865595;0.4044181, -0.1592978, 2.96756;0.6849449, -0.1322598, 2.686107;0.5675989, 0.1534335, 2.939054;0.505649, 0.07482413, 2.983322;0.6041481, 0.0848566, 2.86816;0.5437405, -0.4035014, 2.996147;0.6966858, -0.3802357, 2.803193;0.5686535, -0.7520678, 3.037318;0.7630029, -0.7528774, 2.767303;0.5271213, -0.830559, 3.025824;0.7347084, -0.8398077, 2.746373;
0.5698838, 0.7538574, 3.026885;0.6416016, 0.5921349, 3.007005;0.579951, 0.2262007, 2.947401;0.4910297, 0.4380869, 3.093338;0.7103618, 0.4488918, 2.865667;0.4044988, -0.1593835, 2.967924;0.6855373, -0.1328276, 2.685891;0.5675371, 0.1533314, 2.939128;0.505637, 0.0746654, 2.983328;0.6040936, 0.08489189, 2.868274;0.5436069, -0.4028377, 2.996159;0.6970447, -0.3809315, 2.803166;0.5682939, -0.7514325, 3.037082;0.7640304, -0.750946, 2.768533;0.5274756, -0.8298291, 3.025162;0.7354038, -0.8396025, 2.747406;
0.5701686, 0.7560997, 3.02646;0.6417994, 0.5925965, 3.007382;0.5800226, 0.2262749, 2.9475;0.491677, 0.4389074, 3.092252;0.7103236, 0.4488841, 2.86568;0.4043097, -0.1595048, 2.968469;0.6861306, -0.1323239, 2.685527;0.5675895, 0.1533533, 2.939188;0.5058212, 0.07454266, 2.983512;0.6041217, 0.08494467, 2.868218;0.5436427, -0.4032151, 2.996571;0.6969562, -0.3807948, 2.803126;0.5681511, -0.7516568, 3.036306;0.7636967, -0.7541456, 2.768406;0.5274987, -0.8303793, 3.024988;0.7356265, -0.8397016, 2.747658;
0.5712714, 0.7604021, 3.029811;0.6413954, 0.5943035, 3.006399;0.5799299, 0.2264787, 2.947455;0.4921824, 0.4397984, 3.091458;0.7103435, 0.448891, 2.865722;0.4049241, -0.1596921, 2.97003;0.6864035, -0.1317334, 2.685667;0.5675443, 0.1534142, 2.93919;0.5058179, 0.07455826, 2.983518;0.6040545, 0.08519429, 2.868306;0.5436599, -0.4032884, 2.996585;0.6969386, -0.3809225, 2.803124;0.5684087, -0.7514998, 3.036252;0.7643343, -0.754564, 2.769199;0.5271875, -0.8313531, 3.024657;0.7363204, -0.8395296, 2.748719;
0.5837166, 0.7925177, 3.038582;0.6417114, 0.5958723, 3.004539;0.5798661, 0.2265679, 2.94718;0.4927779, 0.440472, 3.090969;0.7103834, 0.4490785, 2.865765;0.4046261, -0.1598016, 2.970494;0.6869415, -0.1314628, 2.684967;0.567474, 0.1533832, 2.939032;0.5057843, 0.07482088, 2.982998;0.603991, 0.0854863, 2.868509;0.543619, -0.4032426, 2.996773;0.6969382, -0.3809372, 2.803207;0.5684652, -0.7515674, 3.036259;0.7643576, -0.7544764, 2.769223;0.5269787, -0.8316486, 3.02397;0.7363406, -0.8394993, 2.748696;
0.5830251, 0.7767836, 3.032919;0.6422782, 0.5958163, 3.004883;0.5798695, 0.2265439, 2.947248;0.4934747, 0.441028, 3.091367;0.7104127, 0.4490714, 2.865815;0.4044287, -0.1599884, 2.970798;0.6864589, -0.1438366, 2.680336;0.5674391, 0.1533198, 2.939111;0.5057787, 0.0748616, 2.982988;0.6038229, 0.08562142, 2.868948;0.5436048, -0.4034561, 2.996624;0.6965659, -0.3806013, 2.80297;0.5687829, -0.7504636, 3.036353;0.7644643, -0.7545213, 2.76919;0.5270808, -0.831812, 3.024711;0.7362098, -0.8392898, 2.748178;
0.5820524, 0.7709454, 3.031401;0.6433336, 0.5952888, 3.004777;0.5801268, 0.2265033, 2.94719;0.4938207, 0.44146, 3.091153;0.7103639, 0.4488229, 2.865763;0.4044721, -0.1602959, 2.97095;0.6868428, -0.1320967, 2.685375;0.567606, 0.1532831, 2.939072;0.5061017, 0.07492891, 2.982786;0.6038964, 0.08569761, 2.869004;0.5436, -0.4034443, 2.996555;0.6973357, -0.3819713, 2.80321;0.5686107, -0.7498312, 3.03611;0.7645429, -0.7542536, 2.769215;0.5285889, -0.8318532, 3.027502;0.7359915, -0.8389155, 2.747295;
0.5836323, 0.7694717, 3.03093;0.6437585, 0.595397, 3.004731;0.5801556, 0.2263879, 2.947128;0.4948501, 0.4431331, 3.09115;0.7103761, 0.4488582, 2.865728;0.4046375, -0.1606903, 2.971443;0.6867281, -0.131737, 2.685448;0.5675773, 0.1530335, 2.938971;0.5061141, 0.07482579, 2.982628;0.6038639, 0.08568934, 2.869034;0.5436662, -0.4035222, 2.996683;0.6973382, -0.3819393, 2.803098;0.5681191, -0.7508661, 3.035994;0.7645433, -0.7543198, 2.769182;0.5283318, -0.8327208, 3.027333;0.7359464, -0.8394346, 2.747879;
0.5852798, 0.7687867, 3.031091;0.6443431, 0.5949848, 3.004768;0.5801785, 0.2263728, 2.947142;0.4949455, 0.4433161, 3.09123;0.7106502, 0.4488999, 2.865701;0.4046431, -0.1606827, 2.971608;0.6858906, -0.1437171, 2.680472;0.5675778, 0.153027, 2.938985;0.5060715, 0.07492269, 2.982527;0.6038634, 0.08579421, 2.869272;0.5437503, -0.4034799, 2.996684;0.6971583, -0.3817759, 2.803202;0.568448, -0.7512323, 3.036031;0.7645996, -0.7543758, 2.769123;0.5276469, -0.8320107, 3.024353;0.7359324, -0.839151, 2.746835;
0.5860823, 0.768622, 3.031894;0.6443599, 0.5948792, 3.004443;0.5801507, 0.2263215, 2.947098;0.4951686, 0.4433562, 3.093059;0.7106575, 0.4487943, 2.86577;0.4048094, -0.1606461, 2.972035;0.6864784, -0.130411, 2.683915;0.5675318, 0.1529582, 2.938967;0.5060484, 0.07508433, 2.982228;0.6037621, 0.08588419, 2.86962;0.5437612, -0.4033057, 2.996711;0.6969758, -0.3816608, 2.803195;0.5684005, -0.7509468, 3.035892;0.7646725, -0.7538316, 2.769332;0.5276341, -0.8316442, 3.023976;0.7360953, -0.8391823, 2.747104;
0.5872406, 0.7689261, 3.032505;0.6445055, 0.5954666, 3.005018;0.5801001, 0.2263664, 2.947195;0.4952406, 0.4433721, 3.093155;0.7108111, 0.4488732, 2.865976;0.4045746, -0.1605462, 2.971916;0.6851791, -0.14374, 2.680106;0.5674513, 0.1529507, 2.939044;0.5059178, 0.07533092, 2.982151;0.6036289, 0.08607817, 2.870099;0.5435691, -0.4028391, 2.99658;0.6958151, -0.3803527, 2.803385;0.5683178, -0.7501355, 3.035644;0.7645777, -0.7540358, 2.768952;0.5265493, -0.8312789, 3.021456;0.7360157, -0.8395029, 2.747462;
0.5880179, 0.7677957, 3.032382;0.6446182, 0.5949914, 3.004826;0.5801594, 0.2263237, 2.947159;0.4953108, 0.4434113, 3.093298;0.710803, 0.4488559, 2.865974;0.4045896, -0.1607814, 2.973079;0.6848929, -0.1432653, 2.680348;0.567494, 0.1529267, 2.939025;0.5060139, 0.07533696, 2.982091;0.6036482, 0.08608852, 2.870107;0.5435368, -0.4029115, 2.996507;0.6959029, -0.3802152, 2.803499;0.5685, -0.7489757, 3.03657;0.7642111, -0.7561399, 2.768179;0.5265829, -0.8309851, 3.021656;0.7361054, -0.8393051, 2.747408;
0.5904611, 0.7676446, 3.030486;0.6453702, 0.5959283, 3.005429;0.5802413, 0.2265272, 2.947282;0.4953375, 0.4434852, 3.093107;0.7107765, 0.4488424, 2.86599;0.4043505, -0.1606579, 2.973158;0.6849185, -0.1431446, 2.6804;0.5675063, 0.1530216, 2.939099;0.5060346, 0.07540735, 2.982164;0.6035923, 0.08624136, 2.870141;0.543553, -0.4025357, 2.996513;0.6959369, -0.380437, 2.803423;0.5682846, -0.7484497, 3.036603;0.7640205, -0.7554407, 2.767859;0.527481, -0.830346, 3.022294;0.736118, -0.8393554, 2.747416;
0.5924322, 0.7691278, 3.030781;0.6483029, 0.5960801, 3.009135;0.5803202, 0.2265166, 2.94751;0.4956591, 0.4436639, 3.091889;0.7107056, 0.4486935, 2.865962;0.4039295, -0.1605941, 2.972749;0.6847518, -0.1432188, 2.680487;0.5674778, 0.1529981, 2.939163;0.5059618, 0.07546228, 2.982198;0.6034291, 0.086221, 2.870102;0.543572, -0.4026372, 2.996479;0.6960553, -0.3805327, 2.803432;0.5682712, -0.7484821, 3.036705;0.7641037, -0.7556197, 2.767871;0.5282559, -0.8324203, 3.027982;0.7360937, -0.839375, 2.747426;
0.5932921, 0.7685848, 3.029959;0.647311, 0.5954688, 3.008595;0.5803105, 0.2265217, 2.94751;0.4957215, 0.443535, 3.090956;0.7108529, 0.4486883, 2.866077;0.4034006, -0.1607377, 2.972692;0.6844761, -0.1420722, 2.681575;0.5674748, 0.1530118, 2.939164;0.5059633, 0.07552762, 2.982157;0.6034477, 0.08623831, 2.870101;0.5435348, -0.4026616, 2.996487;0.6960241, -0.3805535, 2.80348;0.5676705, -0.7487795, 3.037321;0.7643409, -0.7549421, 2.768164;0.5282356, -0.8324406, 3.028474;0.7364579, -0.8391916, 2.747621;
0.5932704, 0.7685193, 3.029947;0.6473522, 0.5958061, 3.00841;0.5803015, 0.2266431, 2.947474;0.4955208, 0.4436215, 3.090024;0.7109751, 0.4486416, 2.866104;0.4029132, -0.1611287, 2.971101;0.684373, -0.1419755, 2.681734;0.5674353, 0.153094, 2.939128;0.5058164, 0.07570629, 2.98207;0.6034293, 0.08627398, 2.870059;0.543555, -0.402438, 2.99659;0.6961172, -0.3805369, 2.803487;0.567541, -0.7486887, 3.037067;0.7643214, -0.7549321, 2.768162;0.5284083, -0.8320521, 3.028692;0.7364575, -0.8391852, 2.747626;
0.5933391, 0.7673812, 3.030097;0.6474081, 0.5957834, 3.008477;0.5803007, 0.2266316, 2.94748;0.4959419, 0.443556, 3.088319;0.7109417, 0.4486066, 2.866078;0.4027712, -0.1612454, 2.970362;0.6843466, -0.1420146, 2.681689;0.5674091, 0.1530615, 2.939115;0.505801, 0.07569816, 2.982064;0.6033354, 0.08627123, 2.869955;0.5434242, -0.4022938, 2.996434;0.6961225, -0.380743, 2.803459;0.567681, -0.7484996, 3.037119;0.7643684, -0.7550165, 2.768301;0.5284122, -0.8319986, 3.028784;0.7366027, -0.8392421, 2.748002;
0.5932573, 0.7668285, 3.029525;0.647555, 0.5962434, 3.008311;0.5803088, 0.226735, 2.947435;0.4956754, 0.4433661, 3.086449;0.7110336, 0.4486393, 2.866027;0.4015289, -0.1604876, 2.963386;0.6842618, -0.1419389, 2.681577;0.5673833, 0.1531189, 2.93907;0.5057155, 0.07579125, 2.981979;0.6033101, 0.08632623, 2.869888;0.5431685, -0.4027834, 2.996423;0.6959638, -0.3805814, 2.803216;0.5672287, -0.7504004, 3.037425;0.7641912, -0.7547224, 2.768173;0.5276999, -0.8327343, 3.027889;0.7365745, -0.8392062, 2.748023;
0.5948095, 0.7714267, 3.027839;0.6476451, 0.5973922, 3.008848;0.5802784, 0.2267785, 2.94743;0.4955482, 0.4431373, 3.085505;0.710842, 0.4488317, 2.866088;0.4015123, -0.1604907, 2.963397;0.6842292, -0.1419062, 2.681153;0.5673065, 0.1531129, 2.939015;0.5056108, 0.07585427, 2.981875;0.6031945, 0.08638807, 2.869755;0.5431641, -0.4028206, 2.996447;0.6963202, -0.3815522, 2.802756;0.5671689, -0.7515377, 3.036938;0.7642217, -0.7543913, 2.768141;0.5273186, -0.8340945, 3.026099;0.7363054, -0.8394188, 2.748065;
0.5957296, 0.7696669, 3.028593;0.647175, 0.597046, 3.009165;0.5802228, 0.2269329, 2.9474;0.4958221, 0.4428785, 3.084522;0.7109839, 0.4489517, 2.866076;0.4007646, -0.1602512, 2.961886;0.6835818, -0.1403821, 2.680022;0.5672424, 0.153371, 2.938888;0.5055732, 0.07597867, 2.981807;0.6030959, 0.08668085, 2.869152;0.5430838, -0.4028188, 2.996263;0.6963612, -0.3815153, 2.802604;0.5669127, -0.750144, 3.036122;0.764107, -0.754329, 2.768077;0.5274364, -0.8339626, 3.026401;0.7360495, -0.8396877, 2.748307;
0.5952162, 0.7683734, 3.027797;0.6472129, 0.5973285, 3.008001;0.5801975, 0.2272075, 2.946966;0.4963731, 0.4435332, 3.084119;0.711182, 0.4490483, 2.865874;0.400531, -0.1601976, 2.961398;0.6828179, -0.1398089, 2.679488;0.5671704, 0.1536003, 2.938511;0.5055164, 0.07628712, 2.981449;0.6029771, 0.08692846, 2.86881;0.5430879, -0.4025928, 2.996242;0.6963535, -0.3815159, 2.802613;0.5672579, -0.74976, 3.036838;0.7641962, -0.7542096, 2.768119;0.5276588, -0.833345, 3.026865;0.7359597, -0.8395865, 2.748212;
0.5958706, 0.7681291, 3.028589;0.6471264, 0.5972268, 3.008033;0.5799708, 0.2269714, 2.946956;0.4964268, 0.4436697, 3.084129;0.7101154, 0.4486038, 2.865544;0.3990917, -0.1662423, 2.959223;0.6826432, -0.1396448, 2.679136;0.5668339, 0.1532519, 2.938457;0.5054232, 0.0762718, 2.981377;0.6025418, 0.08680355, 2.86889;0.5432916, -0.4035891, 2.996535;0.6962962, -0.3814717, 2.802569;0.5675551, -0.7525366, 3.036709;0.7640329, -0.7538778, 2.767992;0.5276626, -0.8335214, 3.026573;0.7358305, -0.8396354, 2.747805;
0.5962497, 0.7659588, 3.028635;0.6468132, 0.5967045, 3.00797;0.5799712, 0.2269271, 2.946895;0.4965124, 0.4437536, 3.083788;0.7101144, 0.4487076, 2.865549;0.3970249, -0.174197, 2.954322;0.6825743, -0.1396348, 2.679055;0.5668479, 0.1532215, 2.938362;0.5055184, 0.07622509, 2.981158;0.6025404, 0.08682592, 2.868789;0.5432451, -0.4033396, 2.996364;0.6962994, -0.3816857, 2.802621;0.5675992, -0.7516756, 3.036332;0.7640231, -0.7538868, 2.76796;0.5274213, -0.8328713, 3.026105;0.7355763, -0.839343, 2.747394;
0.5958506, 0.7667162, 3.02897;0.6468383, 0.5978596, 3.006979;0.5798913, 0.2270822, 2.946728;0.4967282, 0.4441748, 3.084369;0.710626, 0.449187, 2.865725;0.39775, -0.1705192, 2.953609;0.6823134, -0.1394183, 2.678351;0.5667555, 0.1532827, 2.938254;0.5052137, 0.07695149, 2.98059;0.6024998, 0.08691267, 2.868909;0.5432361, -0.4032311, 2.996322;0.6961262, -0.381145, 2.802903;0.5675678, -0.7515165, 3.036306;0.7637985, -0.7534348, 2.767761;0.5282208, -0.8266265, 3.024955;0.7354016, -0.8393303, 2.747349;
0.5958513, 0.7670997, 3.029148;0.6466733, 0.5978471, 3.007286;0.5798364, 0.2270154, 2.946744;0.4968424, 0.4442598, 3.083704;0.7099624, 0.4491623, 2.86574;0.3979373, -0.1685329, 2.954258;0.6819685, -0.1394659, 2.677897;0.5666757, 0.1531575, 2.938227;0.5052252, 0.07687125, 2.980597;0.6023329, 0.08684219, 2.868796;0.5432573, -0.40334, 2.99643;0.6961411, -0.3814107, 2.802976;0.567891, -0.7521769, 3.036036;0.7638059, -0.7529099, 2.767513;0.5275429, -0.8298481, 3.024951;0.7352287, -0.8395975, 2.747329;
0.5965268, 0.7669802, 3.028081;0.646672, 0.5978248, 3.007201;0.5798762, 0.2269923, 2.946471;0.4967649, 0.444438, 3.083284;0.7099584, 0.4491654, 2.86574;0.3948845, -0.1877465, 2.951646;0.6819281, -0.1396364, 2.677781;0.5667116, 0.1531086, 2.937888;0.5053859, 0.07688668, 2.979841;0.6023486, 0.08690821, 2.868717;0.543251, -0.4033405, 2.996441;0.6958184, -0.3814088, 2.802958;0.567716, -0.7520807, 3.036125;0.7639714, -0.7530829, 2.767928;0.5274656, -0.8298006, 3.024953;0.7354804, -0.8395113, 2.747597;
0.5944552, 0.7722679, 3.031074;0.6450891, 0.6020922, 3.007396;0.5797256, 0.2275083, 2.946253;0.4968994, 0.4447429, 3.083183;0.7101071, 0.4497526, 2.865717;0.3970065, -0.1787145, 2.953309;0.6817732, -0.1398578, 2.677456;0.5666477, 0.153313, 2.937686;0.5054752, 0.07744662, 2.979362;0.6023593, 0.08710703, 2.868669;0.5431212, -0.4026861, 2.996274;0.6958796, -0.3814439, 2.803074;0.5677335, -0.7521048, 3.036219;0.7638943, -0.7531651, 2.767823;0.5276067, -0.8293698, 3.024618;0.7355325, -0.8395772, 2.747786;
0.5945367, 0.7715683, 3.031326;0.6451099, 0.600665, 3.008434;0.5796471, 0.2272993, 2.946364;0.4967068, 0.4446299, 3.082967;0.7096862, 0.4499525, 2.865738;0.3976051, -0.1725709, 2.955933;0.6818693, -0.1400222, 2.677835;0.5665601, 0.1531336, 2.937728;0.5054139, 0.07722986, 2.979436;0.6022229, 0.08694151, 2.868596;0.5430946, -0.402251, 2.99639;0.6956798, -0.3811545, 2.803037;0.5674394, -0.7505953, 3.035983;0.7638521, -0.7532744, 2.768142;0.5277959, -0.8296451, 3.025173;0.735691, -0.8403248, 2.749611;
0.5936701, 0.7707224, 3.031925;0.6449969, 0.5991372, 3.007758;0.5796057, 0.2272411, 2.946343;0.4957391, 0.4446834, 3.084193;0.7091659, 0.4496039, 2.865469;0.4000223, -0.1611572, 2.960789;0.6816933, -0.1395072, 2.678214;0.5665283, 0.1531171, 2.937727;0.5053709, 0.07717837, 2.979436;0.6021959, 0.0869573, 2.868619;0.5432444, -0.402441, 2.996484;0.69585, -0.3819507, 2.802854;0.5674266, -0.7508076, 3.035953;0.7640119, -0.7533128, 2.768288;0.5275984, -0.8301863, 3.025056;0.7360089, -0.8399222, 2.749609;
0.5920143, 0.7703221, 3.028881;0.6449132, 0.5989106, 3.007871;0.5794359, 0.2269074, 2.94653;0.4954567, 0.443622, 3.083477;0.7086669, 0.4494592, 2.865311;0.3996422, -0.1614466, 2.962409;0.6817487, -0.1375802, 2.679212;0.5663312, 0.1527222, 2.937922;0.5053743, 0.07676605, 2.979609;0.6017604, 0.08656103, 2.86895;0.5431603, -0.4020346, 2.996255;0.6958917, -0.3819735, 2.80291;0.5674827, -0.7502174, 3.035854;0.7639984, -0.753153, 2.768603;0.5285172, -0.8292882, 3.024168;0.7361392, -0.8399616, 2.74985;
0.5906681, 0.7707592, 3.028337;0.644582, 0.5990089, 3.00794;0.5792871, 0.2269783, 2.946487;0.4956173, 0.4439771, 3.083922;0.7086056, 0.4496523, 2.865172;0.3995664, -0.1615363, 2.962312;0.6816858, -0.1394798, 2.678354;0.5662058, 0.1527781, 2.937855;0.5053213, 0.07680615, 2.979582;0.601638, 0.08666994, 2.868844;0.5430471, -0.4017554, 2.996223;0.695971, -0.3819766, 2.802696;0.5681706, -0.7496488, 3.036825;0.7641033, -0.7532206, 2.768635;0.5285066, -0.8292187, 3.024084;0.7362663, -0.8399217, 2.749703;
0.5905859, 0.7714509, 3.028368;0.6445718, 0.5990096, 3.007954;0.5792801, 0.2269947, 2.946459;0.4955247, 0.4439547, 3.083876;0.708573, 0.4497514, 2.865118;0.3995657, -0.1616322, 2.962406;0.6818427, -0.1397223, 2.678427;0.5662018, 0.1527941, 2.937799;0.5053208, 0.07676523, 2.979558;0.6016531, 0.08670991, 2.868682;0.5430069, -0.4015719, 2.996218;0.6958694, -0.3820404, 2.802597;0.5683242, -0.749331, 3.036779;0.764077, -0.7531843, 2.768574;0.5282366, -0.8295229, 3.024531;0.7365217, -0.8402727, 2.749987;
0.591409, 0.7725238, 3.030339;0.6445135, 0.5988864, 3.007969;0.5788279, 0.2268783, 2.946503;0.4955629, 0.4441046, 3.083778;0.7081709, 0.4498176, 2.86536;0.3992785, -0.1617487, 2.962539;0.6818444, -0.1396829, 2.678422;0.565612, 0.152665, 2.937838;0.5047252, 0.07678642, 2.979799;0.600804, 0.08643715, 2.868557;0.5430748, -0.400935, 2.996195;0.695913, -0.3819391, 2.802617;0.5682962, -0.7488465, 3.036592;0.7640747, -0.7531567, 2.768494;0.5283623, -0.829475, 3.024782;0.7364085, -0.8403696, 2.749799;
0.5907356, 0.772464, 3.031055;0.6442624, 0.5983042, 3.008207;0.5788761, 0.2267085, 2.946444;0.4951852, 0.4422839, 3.080737;0.7080376, 0.4499553, 2.865226;0.3990184, -0.16152, 2.961343;0.6816188, -0.1395245, 2.678274;0.5657127, 0.1524927, 2.937717;0.5049427, 0.07632139, 2.979695;0.6010109, 0.08628798, 2.868195;0.543076, -0.4009097, 2.996176;0.6954541, -0.381465, 2.802392;0.5683877, -0.7485676, 3.03673;0.7640876, -0.753073, 2.768574;0.5290921, -0.8263547, 3.026215;0.7366507, -0.8399249, 2.749865;
0.6017413, 0.7915717, 3.036032;0.6429205, 0.6001322, 3.008356;0.5787175, 0.2268363, 2.946331;0.4956557, 0.443811, 3.080422;0.7076789, 0.4502264, 2.865089;0.399067, -0.1615025, 2.961345;0.6816006, -0.1395751, 2.6782;0.5656331, 0.1525156, 2.937592;0.5050617, 0.07672459, 2.97929;0.6009782, 0.08637141, 2.868202;0.5431352, -0.4008411, 2.99631;0.6954424, -0.3815045, 2.802376;0.5677745, -0.7500733, 3.036176;0.7640401, -0.7532072, 2.768397;0.528907, -0.8265907, 3.026181;0.7363935, -0.8401408, 2.749726;
0.5928582, 0.7741974, 3.033013;0.642894, 0.6001961, 3.008392;0.5786561, 0.2269107, 2.946315;0.4955507, 0.4443574, 3.08066;0.7073824, 0.4504578, 2.865029;0.399797, -0.1610956, 2.963231;0.6813042, -0.1396396, 2.677806;0.5655804, 0.152571, 2.93756;0.5050337, 0.07675124, 2.979307;0.6009194, 0.08645788, 2.868094;0.5431187, -0.4008463, 2.996256;0.6951824, -0.3814491, 2.802264;0.5677812, -0.7499406, 3.036133;0.76441, -0.7533432, 2.76872;0.5289472, -0.8267183, 3.026227;0.7362829, -0.8404135, 2.749538;
0.5928054, 0.7749853, 3.032395;0.642944, 0.6005106, 3.008908;0.5787416, 0.2270104, 2.946266;0.4957458, 0.444903, 3.079631;0.7071582, 0.4507427, 2.865037;0.3998035, -0.1610012, 2.963377;0.6810043, -0.1396227, 2.677564;0.565722, 0.1526629, 2.937402;0.5053153, 0.07675368, 2.979148;0.6011209, 0.08673584, 2.867654;0.5430666, -0.4009041, 2.99627;0.694401, -0.3804781, 2.802045;0.5678383, -0.749223, 3.036955;0.7644628, -0.7533202, 2.768773;0.5288886, -0.8268493, 3.026294;0.7360199, -0.8406115, 2.749893;
0.5874428, 0.7758628, 3.038862;0.6420775, 0.6014443, 3.007354;0.5786179, 0.2272305, 2.945713;0.4955505, 0.4448863, 3.079903;0.706854, 0.450966, 2.865007;0.3998172, -0.1610339, 2.963857;0.6803782, -0.1403887, 2.676894;0.5656938, 0.1527687, 2.93696;0.505416, 0.07672962, 2.978749;0.6011678, 0.0870612, 2.86742;0.5430592, -0.4009036, 2.996274;0.6942654, -0.3803431, 2.801929;0.5678201, -0.7491549, 3.036859;0.7642931, -0.7532876, 2.768754;0.5288776, -0.8269016, 3.026342;0.7360073, -0.8401386, 2.749273;
0.5866934, 0.7775872, 3.038831;0.6415951, 0.602631, 3.00704;0.5784264, 0.2274076, 2.945716;0.4955552, 0.4451211, 3.080006;0.7067034, 0.4512418, 2.865091;0.3998129, -0.1609292, 2.964516;0.6800634, -0.1405945, 2.676714;0.565571, 0.1528261, 2.93698;0.505333, 0.07678228, 2.978848;0.6010773, 0.08712208, 2.867465;0.5428062, -0.4020497, 2.996575;0.6942512, -0.3803806, 2.801867;0.5679928, -0.7506409, 3.036478;0.7640002, -0.7531962, 2.768436;0.527753, -0.8295, 3.026004;0.7353534, -0.8403314, 2.74805;
0.5848335, 0.7761758, 3.03545;0.6399878, 0.600904, 3.006264;0.5783243, 0.2272314, 2.945656;0.4950715, 0.445109, 3.079681;0.7062837, 0.4511789, 2.864678;0.3998001, -0.1609062, 2.964487;0.6794674, -0.1400902, 2.67645;0.5655624, 0.1527308, 2.936966;0.5054125, 0.07654516, 2.978883;0.6011245, 0.08702702, 2.86747;0.5428287, -0.402415, 2.996712;0.6939388, -0.3804415, 2.801406;0.5678815, -0.7511495, 3.036627;0.7640408, -0.753194, 2.768626;0.5274705, -0.8299783, 3.025287;0.7353708, -0.8403224, 2.748062;
0.583851, 0.7762815, 3.035272;0.6392156, 0.6004971, 3.006029;0.5782646, 0.2272395, 2.945585;0.4909179, 0.444185, 3.080532;0.7057189, 0.4515383, 2.864303;0.3997585, -0.1607653, 2.964437;0.6789584, -0.1398489, 2.676245;0.5655636, 0.1527535, 2.936913;0.5053864, 0.07646261, 2.978695;0.6012964, 0.0870747, 2.867487;0.5428389, -0.4023654, 2.996707;0.6936976, -0.3802355, 2.801392;0.5680169, -0.7500041, 3.036838;0.7635261, -0.7530217, 2.76813;0.5280559, -0.8296714, 3.025179;0.7353701, -0.84034, 2.748074;
0.5836322, 0.7765731, 3.033891;0.6391968, 0.6004065, 3.006145;0.5782459, 0.227289, 2.945716;0.4908708, 0.4442148, 3.080417;0.7055398, 0.4514138, 2.863814;0.3997626, -0.1604959, 2.964662;0.6771925, -0.1397824, 2.675577;0.5655721, 0.1528288, 2.937065;0.50538, 0.07634882, 2.979254;0.6013108, 0.08706424, 2.8675;0.5427138, -0.4024379, 2.996515;0.6932631, -0.3792475, 2.800999;0.5682695, -0.7481758, 3.038252;0.763451, -0.7530218, 2.768182;0.5280688, -0.8296348, 3.025166;0.7354354, -0.8402786, 2.748182;
0.5821323, 0.7751805, 3.028492;0.6379005, 0.5989966, 3.005522;0.5781367, 0.2273123, 2.945754;0.4893668, 0.444429, 3.08045;0.7048355, 0.4512399, 2.863007;0.3994954, -0.1595741, 2.964406;0.6753806, -0.1393423, 2.674442;0.5655243, 0.1529206, 2.937146;0.5052946, 0.07630342, 2.979455;0.6013436, 0.08706419, 2.867538;0.5427737, -0.4022376, 2.996473;0.6918539, -0.377445, 2.800249;0.5680003, -0.7482257, 3.037811;0.7634465, -0.7528335, 2.768333;0.5281672, -0.8295015, 3.025797;0.7355173, -0.8401394, 2.747945;
0.5787141, 0.7726956, 3.024782;0.6363261, 0.5967322, 3.003078;0.5781741, 0.2269841, 2.945546;0.48759, 0.4440664, 3.080133;0.7030909, 0.4511738, 2.861193;0.3978897, -0.1592774, 2.967605;0.6726441, -0.1401246, 2.672414;0.5656963, 0.1527193, 2.937082;0.5056417, 0.07587094, 2.979365;0.6019055, 0.0868611, 2.867787;0.542743, -0.4020129, 2.996442;0.6914247, -0.3769386, 2.80023;0.5678735, -0.7478575, 3.037376;0.7634221, -0.7528802, 2.768388;0.528153, -0.8296142, 3.025968;0.7354777, -0.840144, 2.747916;
0.5770767, 0.7721479, 3.024593;0.635596, 0.5958729, 3.001916;0.5785152, 0.2267271, 2.945207;0.4868056, 0.444819, 3.080068;0.7025785, 0.4510647, 2.860273;0.3951701, -0.161531, 2.963869;0.6707178, -0.1401271, 2.671191;0.5663881, 0.1525109, 2.936815;0.5066568, 0.07544376, 2.979062;0.6033301, 0.08653513, 2.867763;0.5427337, -0.4021474, 2.996437;0.6911312, -0.3768662, 2.799456;0.5675552, -0.750791, 3.036953;0.7635133, -0.7529584, 2.768433;0.5281327, -0.8298104, 3.026122;0.7354611, -0.840176, 2.747775;
0.5694767, 0.7669363, 3.019178;0.6312447, 0.5927333, 2.996737;0.579097, 0.2261262, 2.944533;0.4840102, 0.4437785, 3.077446;0.7005709, 0.4511161, 2.859574;0.3920133, -0.1605921, 2.963091;0.6669708, -0.1408645, 2.667276;0.5677147, 0.1520109, 2.936423;0.5091286, 0.07428244, 2.978845;0.6058834, 0.08611821, 2.867935;0.5429999, -0.402044, 2.996549;0.6907141, -0.3775675, 2.798638;0.5677107, -0.7508043, 3.03695;0.7635571, -0.7532633, 2.768545;0.5287597, -0.830403, 3.028154;0.7355512, -0.8402315, 2.747918;
0.5586915, 0.7603729, 3.009888;0.6308229, 0.5923689, 2.996264;0.5797671, 0.2256387, 2.944537;0.4821701, 0.4433245, 3.077132;0.698473, 0.4510071, 2.857875;0.387495, -0.1614329, 2.961545;0.664016, -0.1426237, 2.665186;0.5690961, 0.1514607, 2.936774;0.5110239, 0.07372777, 2.979122;0.6082953, 0.0857378, 2.869538;0.5432611, -0.4016255, 2.996522;0.6902717, -0.3777956, 2.797947;0.5676849, -0.7507234, 3.036947;0.7637402, -0.7535418, 2.768469;0.5286092, -0.8301459, 3.027812;0.7355218, -0.8402293, 2.747904;
0.5565487, 0.7572178, 3.00757;0.6240056, 0.5881907, 2.994458;0.5811326, 0.2237206, 2.945004;0.4793451, 0.4421501, 3.077204;0.6945848, 0.4489057, 2.854471;0.3840788, -0.1633072, 2.962016;0.662032, -0.1428136, 2.663565;0.5723336, 0.1492827, 2.938027;0.516234, 0.07190353, 2.980078;0.6141488, 0.08339421, 2.873421;0.543264, -0.4016028, 2.99642;0.6897656, -0.3801246, 2.796589;0.567628, -0.7507675, 3.037163;0.7638605, -0.7536227, 2.768576;0.5287704, -0.8300266, 3.028162;0.7344672, -0.8394887, 2.745887;
0.5489054, 0.7548715, 3.003139;0.6165208, 0.5861257, 2.992112;0.5820898, 0.2224859, 2.945772;0.4760644, 0.4408842, 3.073971;0.6902378, 0.4475583, 2.85077;0.3797632, -0.1665797, 2.957926;0.6546847, -0.1466092, 2.657208;0.5750129, 0.1478619, 2.939815;0.5210629, 0.07067641, 2.982365;0.6183844, 0.08242369, 2.877031;0.5434789, -0.4007209, 2.996272;0.6886783, -0.3827145, 2.796021;0.5674863, -0.7504299, 3.036653;0.7623402, -0.7544346, 2.767372;0.5287867, -0.8299695, 3.028259;0.7344064, -0.8397434, 2.745741;
0.5442809, 0.7531518, 2.998003;0.6111562, 0.5847971, 2.985986;0.5830193, 0.2208516, 2.946281;0.4706334, 0.4391392, 3.068939;0.6862232, 0.4444425, 2.847023;0.3633076, -0.1688775, 2.94689;0.6498429, -0.150098, 2.65269;0.5772085, 0.1459538, 2.941456;0.5239061, 0.06936029, 2.984871;0.6222594, 0.07933938, 2.880394;0.5433004, -0.4010942, 2.996074;0.6883028, -0.3840691, 2.794627;0.5673238, -0.7519962, 3.035726;0.7623065, -0.7545912, 2.767211;0.5276098, -0.8313227, 3.024726;0.7343134, -0.8398461, 2.74589;
0.5250468, 0.7392024, 2.979726;0.6028477, 0.5792495, 2.977408;0.584655, 0.2173794, 2.947641;0.4625258, 0.4317669, 3.067108;0.6792436, 0.4381933, 2.839677;0.3587947, -0.1722271, 2.943614;0.6412703, -0.1584145, 2.640316;0.5807939, 0.142362, 2.944749;0.5292397, 0.066006, 2.989882;0.6280536, 0.07434516, 2.88636;0.5432345, -0.4012434, 2.996149;0.6873505, -0.3866249, 2.792309;0.5673258, -0.7519603, 3.03562;0.7598262, -0.7613896, 2.766315;0.5276201, -0.8309993, 3.024554;0.7342301, -0.8399428, 2.745841;
0.5041407, 0.7225034, 2.958511;0.5915846, 0.5669001, 2.970578;0.5865624, 0.2114688, 2.951486;0.4544328, 0.4226075, 3.063094;0.6743468, 0.4312289, 2.834694;0.3527157, -0.1770069, 2.941468;0.6316856, -0.1714656, 2.628076;0.5850571, 0.1373173, 2.951077;0.5359368, 0.06072265, 2.999229;0.6348184, 0.06728946, 2.895223;0.5415455, -0.4032186, 2.995856;0.6877309, -0.3880598, 2.791188;0.5672709, -0.7520178, 3.035471;0.7595505, -0.761494, 2.766131;0.5274975, -0.8310215, 3.025447;0.734146, -0.84003, 2.74581;
0.4991423, 0.7156561, 2.95083;0.5852472, 0.5579581, 2.961676;0.5904872, 0.2011453, 2.951498;0.4517415, 0.4128792, 3.052605;0.6651003, 0.4191733, 2.826471;0.3437148, -0.1852042, 2.941738;0.6287253, -0.1815552, 2.622848;0.5912545, 0.1277513, 2.95274;0.5444365, 0.05390614, 3.000644;0.6402719, 0.06081227, 2.89834;0.5386324, -0.4034588, 2.99482;0.6880684, -0.3903004, 2.789438;0.5652244, -0.7509464, 3.033375;0.7589793, -0.7621615, 2.765563;0.5266246, -0.8306812, 3.024823;0.7338361, -0.8400421, 2.744974;
0.4870452, 0.6980317, 2.938836;0.5735155, 0.5379795, 2.946113;0.5926091, 0.1923387, 2.951682;0.4437369, 0.3935111, 3.041948;0.6578777, 0.4065843, 2.819632;0.3340185, -0.2021539, 2.938971;0.6273453, -0.1993512, 2.617344;0.5951003, 0.1206184, 2.954742;0.5515991, 0.04466592, 3.005636;0.6461046, 0.05305766, 2.901658;0.5367289, -0.4080202, 2.994682;0.6876613, -0.3935709, 2.786393;0.5645233, -0.7503889, 3.03105;0.7588235, -0.764375, 2.764539;0.526549, -0.8306093, 3.024539;0.7338833, -0.8402448, 2.745081;
0.4762718, 0.6913475, 2.926798;0.5678614, 0.5282421, 2.940004;0.5955656, 0.1759372, 2.952492;0.4392771, 0.3827536, 3.039469;0.6508561, 0.3919939, 2.811745;0.3191022, -0.2221551, 2.93321;0.6276258, -0.2099443, 2.609797;0.6008909, 0.1041345, 2.958104;0.5594566, 0.02822741, 3.010688;0.6534003, 0.03990676, 2.906833;0.5340578, -0.4160378, 2.995145;0.688108, -0.4033977, 2.784646;0.5623707, -0.7540191, 3.028263;0.7585979, -0.7654228, 2.763918;0.5252625, -0.8322776, 3.022953;0.733705, -0.8404506, 2.744883;
0.4512776, 0.6390947, 2.900322;0.5436667, 0.4822322, 2.921809;0.5986416, 0.1533072, 2.955181;0.4320774, 0.3607805, 3.029991;0.645845, 0.3704755, 2.801301;0.3099198, -0.2459573, 2.930762;0.6213371, -0.259544, 2.591172;0.607723, 0.08493929, 2.963807;0.5698746, 0.009978552, 3.01931;0.6660475, 0.01863391, 2.916966;0.5329557, -0.416209, 2.995044;0.6894163, -0.4106765, 2.780307;0.5623518, -0.7536453, 3.027876;0.7584223, -0.7655252, 2.763377;0.5253038, -0.8318985, 3.022854;0.7335147, -0.8406106, 2.744977;
0.4453894, 0.6362714, 2.896011;0.5390456, 0.4765671, 2.91421;0.6027645, 0.1346605, 2.952301;0.4260381, 0.3373878, 3.02106;0.6397715, 0.3526115, 2.797753;0.2986206, -0.2766986, 2.936244;0.6276501, -0.2673302, 2.593405;0.6156131, 0.0644021, 2.963327;0.5793647, -0.007847734, 3.0196;0.6747918, 0.005351895, 2.918737;0.5313728, -0.4184667, 2.995867;0.6914306, -0.4180066, 2.775861;0.5622087, -0.7523822, 3.027501;0.7584106, -0.7659138, 2.763039;0.5251581, -0.831642, 3.022677;0.7333923, -0.8406386, 2.745101;
0.4366612, 0.6327022, 2.883881;0.5226489, 0.4509792, 2.891927;0.6037439, 0.1148819, 2.953732;0.4227337, 0.3160793, 3.017984;0.6304913, 0.3301587, 2.791635;0.2979003, -0.2862738, 2.934505;0.6280817, -0.2958465, 2.592563;0.6190958, 0.04561084, 2.968314;0.5860143, -0.02251012, 3.025549;0.6799204, -0.01438719, 2.928812;0.5288805, -0.4228086, 2.995804;0.6941891, -0.4256108, 2.773235;0.5607149, -0.7514918, 3.027192;0.7570882, -0.7657253, 2.762152;0.5250025, -0.8312975, 3.022342;0.7329229, -0.8402991, 2.74315;
0.4181148, 0.5629848, 2.85203;0.5168461, 0.4125289, 2.883653;0.6102484, 0.08514012, 2.954013;0.4121969, 0.2785888, 3.011424;0.6212527, 0.2952569, 2.782385;0.2982764, -0.3152324, 2.937036;0.6255854, -0.3114779, 2.588685;0.6281737, 0.0194627, 2.970948;0.5977632, -0.04671175, 3.027534;0.6902953, -0.03390121, 2.935067;0.5225677, -0.4430481, 2.995274;0.6919046, -0.4313294, 2.752454;0.5606897, -0.7514346, 3.027087;0.7567254, -0.7664359, 2.761654;0.5250142, -0.8308883, 3.022171;0.7328603, -0.8403557, 2.742833;
0.4153586, 0.5633473, 2.849315;0.5111696, 0.4000282, 2.875643;0.6086379, 0.07565658, 2.951616;0.4070299, 0.2651486, 3.004879;0.6171998, 0.2799334, 2.780599;0.2926949, -0.3454522, 2.935914;0.6309978, -0.330599, 2.587018;0.6275068, 0.01058624, 2.969665;0.5982338, -0.05699413, 3.027467;0.6907932, -0.04267914, 2.934861;0.5185423, -0.4518735, 2.996156;0.686972, -0.4299397, 2.739944;0.5599667, -0.7509644, 3.027458;0.7563829, -0.7668203, 2.761507;0.5255642, -0.8307145, 3.024135;0.7329602, -0.8412031, 2.74551;
0.4019976, 0.5019076, 2.829305;0.5010583, 0.3485669, 2.864157;0.6190553, 0.04714103, 2.948134;0.3970186, 0.2101533, 2.995525;0.6180415, 0.2435622, 2.76942;0.2883486, -0.3697597, 2.930518;0.6433422, -0.3842809, 2.58678;0.641757, -0.01486379, 2.9678;0.6194182, -0.08988241, 3.026551;0.7108721, -0.0644064, 2.936282;0.5103001, -0.4770019, 2.994591;0.6797029, -0.4376343, 2.727404;0.5590611, -0.7552495, 3.028061;0.7557069, -0.7673334, 2.760472;0.5247073, -0.8309954, 3.021791;0.7326756, -0.8413496, 2.745038;
0.3988388, 0.5081236, 2.828366;0.4939331, 0.3393364, 2.859836;0.618075, 0.03467225, 2.944723;0.3948406, 0.2020872, 2.993523;0.6093775, 0.2315659, 2.76915;0.2918673, -0.3973921, 2.933124;0.6495789, -0.4087298, 2.580576;0.6424702, -0.02669331, 2.964972;0.6200429, -0.09400329, 3.025651;0.7122177, -0.07653861, 2.932772;0.5088861, -0.4800599, 2.995549;0.6739192, -0.440217, 2.718714;0.5503708, -0.7813172, 3.027745;0.7553917, -0.767687, 2.76047;0.5151104, -0.8495541, 3.019826;0.7325184, -0.8413948, 2.745197;
0.3852355, 0.4805593, 2.817372;0.4881662, 0.304778, 2.841369;0.6208149, 0.006558999, 2.938927;0.3915211, 0.1818414, 2.984441;0.6029465, 0.1955719, 2.76226;0.2907453, -0.4238256, 2.92875;0.6507244, -0.416392, 2.586044;0.6469597, -0.05353548, 2.961394;0.6241532, -0.120745, 3.022126;0.7162067, -0.09175485, 2.931862;0.4969382, -0.5012451, 2.991634;0.6710123, -0.4480479, 2.711186;0.5453508, -0.8000845, 3.028522;0.7552148, -0.7684091, 2.76125;0.5029749, -0.8630347, 3.014857;0.7324899, -0.841591, 2.745795;
0.3783775, 0.469913, 2.813004;0.4769118, 0.2816324, 2.83664;0.6143877, -0.02699861, 2.953019;0.3852727, 0.1305, 2.977162;0.5982316, 0.178285, 2.757753;0.2929205, -0.4741913, 2.930009;0.6567527, -0.4714097, 2.577276;0.6419539, -0.09009919, 2.981029;0.6266395, -0.1455736, 3.035844;0.7052338, -0.1412367, 2.964855;0.4876929, -0.5199206, 2.989316;0.6711615, -0.4574157, 2.707084;0.5408037, -0.817166, 3.027949;0.7548677, -0.7687321, 2.7612;0.4839014, -0.8645619, 3.006855;0.7325333, -0.8416962, 2.745791;
0.3618797, 0.4087531, 2.804573;0.470657, 0.2509296, 2.830301;0.6103619, -0.05117007, 2.959069;0.3846504, 0.1190341, 2.975585;0.5981609, 0.1531659, 2.751431;0.2932457, -0.4902464, 2.929331;0.6533894, -0.4962335, 2.573683;0.6383579, -0.1116311, 2.988162;0.6227165, -0.1719798, 3.048151;0.7027438, -0.1612343, 2.971647;0.4745943, -0.5396834, 2.982928;0.6650541, -0.4617033, 2.696643;0.5342397, -0.8345696, 3.024492;0.7544275, -0.7677531, 2.760836;0.4646995, -0.8034134, 3.014148;0.7323968, -0.841753, 2.745482;
0.3607222, 0.4052482, 2.803046;0.4646287, 0.2235373, 2.826477;0.6098905, -0.07976513, 2.959291;0.3852291, 0.08492225, 2.97216;0.5947297, 0.1285077, 2.748052;0.2892584, -0.5204629, 2.920839;0.6414813, -0.5259721, 2.572935;0.6389667, -0.1406131, 2.989293;0.6270392, -0.1953877, 3.047959;0.7006804, -0.1882618, 2.973764;0.4615668, -0.5543716, 2.980675;0.6636692, -0.4750019, 2.684882;0.5364851, -0.8438259, 3.027986;0.7540229, -0.7679288, 2.761038;0.4861348, -0.7902338, 3.005842;0.7325717, -0.8418179, 2.745621;
0.354976, 0.3314229, 2.788499;0.4655315, 0.1834117, 2.824802;0.6225434, -0.08850317, 2.956235;0.3838273, 0.05234556, 2.970938;0.5937974, 0.09479796, 2.740782;0.279631, -0.5581193, 2.921566;0.6411371, -0.5396515, 2.565858;0.6546724, -0.1462123, 2.985698;0.651627, -0.2064219, 3.046163;0.7223752, -0.1904381, 2.968109;0.4560629, -0.5496217, 2.981582;0.6585383, -0.4999075, 2.685374;0.5336717, -0.8378485, 3.028689;0.7555568, -0.7723835, 2.762726;0.4793483, -0.796303, 2.993969;0.7317572, -0.8429112, 2.744233;
0.3493782, 0.3174993, 2.784535;0.4653393, 0.1671734, 2.819809;0.628967, -0.1015404, 2.955067;0.3849613, 0.03695219, 2.969713;0.5933136, 0.08127829, 2.739726;0.2967274, -0.5675337, 2.939261;0.6514311, -0.5638757, 2.570959;0.6612789, -0.1559533, 2.9854;0.6571164, -0.2161441, 3.048727;0.7286457, -0.1973068, 2.967616;0.4526201, -0.5531162, 2.982384;0.6597674, -0.4962919, 2.690669;0.5429561, -0.8361449, 3.032705;0.7540198, -0.7713925, 2.761903;0.4773058, -0.8159763, 2.998806;0.7319509, -0.8425765, 2.744249;
0.342834, 0.2900324, 2.785704;0.4623813, 0.1422019, 2.81758;0.631696, -0.1290062, 2.950783;0.375525, 0.008316664, 2.972195;0.5905819, 0.05806286, 2.73795;0.303525, -0.5878703, 2.937953;0.6594142, -0.5873476, 2.570222;0.6654804, -0.1831279, 2.980861;0.6628507, -0.2467307, 3.046299;0.7339052, -0.2253115, 2.962366;0.4756221, -0.5173057, 2.987129;0.6562081, -0.5068421, 2.679419;0.5531005, -0.756601, 3.027557;0.7496074, -0.7820354, 2.749546;0.522488, -0.8293582, 3.020582;0.7282604, -0.8553152, 2.744869;
0.3403313, 0.2741217, 2.780716;0.4607528, 0.1219708, 2.81428;0.6314839, -0.1411408, 2.947662;0.3777288, -0.000738719, 2.967392;0.5894257, 0.0460337, 2.734409;0.3250462, -0.5529785, 2.944153;0.6631806, -0.5902686, 2.571153;0.6655174, -0.1940197, 2.977798;0.6630855, -0.2553026, 3.044433;0.7341579, -0.2357781, 2.958891;0.4760598, -0.5183637, 2.987281;0.6540246, -0.5082013, 2.668426;0.552929, -0.7572098, 3.027335;0.7524799, -0.7711672, 2.759784;0.522054, -0.8286313, 3.020286;0.72962, -0.8418905, 2.742361;
0.3398095, 0.2734748, 2.781464;0.4550732, 0.1054219, 2.812128;0.6303645, -0.153999, 2.946833;0.3737857, -0.01068024, 2.964366;0.5818643, 0.01786049, 2.739958;0.3081295, -0.6394913, 2.936648;0.6648261, -0.5981957, 2.570937;0.6652154, -0.2060514, 2.977188;0.6629844, -0.2647892, 3.044375;0.7342818, -0.2463147, 2.957893;0.4780457, -0.5438957, 2.987448;0.6519226, -0.5122579, 2.662747;0.5522711, -0.758369, 3.026334;0.7484773, -0.7771217, 2.755502;0.5218425, -0.8286521, 3.020883;0.7278961, -0.8490843, 2.741324;
0.3394877, 0.2636601, 2.780646;0.4503654, 0.0883626, 2.806679;0.6299847, -0.157336, 2.94693;0.3729784, -0.03559136, 2.962313;0.5809201, 0.004382794, 2.740199;0.3432185, -0.6204087, 2.976602;0.6618894, -0.6704006, 2.575863;0.665215, -0.2079836, 2.977629;0.6628978, -0.2667423, 3.046527;0.7350429, -0.2476426, 2.957975;0.4201579, -0.5708238, 2.964323;0.6510292, -0.5132071, 2.663797;0.5219597, -0.8448182, 3.024981;0.7493882, -0.784475, 2.756456;0.5208331, -0.7716148, 3.004548;0.7255808, -0.854632, 2.739465;
0.3282816, 0.2012545, 2.772478;0.4510518, 0.06556778, 2.80802;0.6315514, -0.1752744, 2.945847;0.3788777, -0.07409135, 2.958193;0.5778221, -0.01539664, 2.73864;0.3442889, -0.6308446, 2.957941;0.6642219, -0.674745, 2.574283;0.6672335, -0.2233651, 2.976637;0.6651689, -0.2830753, 3.046613;0.7377241, -0.2576461, 2.956314;0.462226, -0.5157948, 2.974764;0.6492472, -0.517431, 2.659223;0.5500872, -0.7686253, 3.024661;0.7470411, -0.792031, 2.75015;0.5181776, -0.8373727, 3.0186;0.7284539, -0.8657525, 2.749242;
0.3282676, 0.200453, 2.772975;0.4475113, 0.05241887, 2.806389;0.6317283, -0.188186, 2.946212;0.3794614, -0.08114412, 2.957993;0.5771122, -0.02436648, 2.738829;0.3222353, -0.6498246, 2.956752;0.6643489, -0.6746838, 2.574363;0.668358, -0.2364877, 2.97751;0.6667498, -0.2941265, 3.046431;0.7384053, -0.2676681, 2.957607;0.3945532, -0.5672671, 2.954036;0.6477885, -0.5206753, 2.656122;0.4916978, -0.8437788, 3.010242;0.7476994, -0.7983931, 2.752821;0.4580583, -0.9143482, 2.966716;0.7255463, -0.8709992, 2.748121;
0.3256218, 0.1879807, 2.771674;0.4466165, 0.04130118, 2.804773;0.6340914, -0.1909421, 2.945024;0.3792484, -0.0930055, 2.956442;0.5750346, -0.03541462, 2.738114;0.3160605, -0.6617695, 2.954895;0.6694051, -0.6256214, 2.58742;0.6713258, -0.2384342, 2.976315;0.6716806, -0.2971418, 3.045905;0.7430689, -0.2692272, 2.955815;0.393606, -0.5627714, 2.951823;0.646126, -0.5223808, 2.657499;0.4905533, -0.8387525, 3.009266;0.7477952, -0.8007596, 2.753526;0.4578999, -0.9101504, 2.966296;0.7233623, -0.8726776, 2.749254;
0.3258056, 0.1851593, 2.770463;0.4450185, 0.03375139, 2.80361;0.6331288, -0.1939993, 2.944848;0.3781351, -0.09988059, 2.956101;0.5741997, -0.04154205, 2.737939;0.3432301, -0.5639838, 2.951009;0.6678101, -0.6734167, 2.576664;0.6706108, -0.2404043, 2.976286;0.6708509, -0.2993102, 3.047302;0.7429827, -0.2715194, 2.95546;0.3918104, -0.5636301, 2.955534;0.6466552, -0.5252442, 2.658377;0.4984939, -0.8358318, 3.012794;0.7480555, -0.8016815, 2.756338;0.4665408, -0.9077107, 2.970053;0.7235857, -0.8730987, 2.746789;
0.3267491, 0.1786237, 2.771344;0.444488, 0.02871441, 2.803834;0.6333678, -0.1970533, 2.94351;0.377171, -0.09965108, 2.956391;0.5738786, -0.05028113, 2.735818;0.3439979, -0.5678788, 2.952184;0.6688768, -0.6728871, 2.578954;0.6709874, -0.24283, 2.974823;0.6719259, -0.3011538, 3.046785;0.7441152, -0.2757485, 2.952881;0.3847903, -0.5533973, 2.947988;0.6455374, -0.5279933, 2.656167;0.4876022, -0.8267065, 3.005883;0.7481685, -0.8021798, 2.757416;0.4545841, -0.8989393, 2.964521;0.7239318, -0.873357, 2.745593;
0.3255727, 0.1751936, 2.772236;0.4436871, 0.02625443, 2.803123;0.6339987, -0.1986163, 2.94327;0.3764392, -0.1012024, 2.955935;0.5735707, -0.05198893, 2.736072;0.3304391, -0.6314853, 2.953579;0.6666552, -0.6431281, 2.583168;0.6718765, -0.2441621, 2.974658;0.6732852, -0.3025022, 3.046903;0.7450962, -0.2765397, 2.952865;0.3899495, -0.5587341, 2.950393;0.6448565, -0.5290418, 2.657904;0.5512375, -0.7849146, 3.020368;0.7496732, -0.8044096, 2.761578;0.5020056, -0.842557, 3.013301;0.7224802, -0.8726778, 2.741668;
0.3247904, 0.1737885, 2.772208;0.4434989, 0.02409956, 2.801268;0.6341789, -0.1997573, 2.942973;0.3763278, -0.1012007, 2.955705;0.5737076, -0.05428263, 2.735632;0.3582712, -0.6501538, 2.948751;0.6673006, -0.6724892, 2.58211;0.6721141, -0.2450481, 2.974555;0.6736199, -0.3028411, 3.047057;0.7453156, -0.2775921, 2.952954;0.4615203, -0.5566611, 2.975994;0.6419976, -0.5299109, 2.659674;0.547955, -0.7747436, 3.021172;0.750385, -0.8041204, 2.762094;0.5074103, -0.8389594, 3.015538;0.7219146, -0.8711206, 2.73974;
0.3240528, 0.1730412, 2.773277;0.4430166, 0.02282567, 2.800699;0.6349646, -0.2023472, 2.942935;0.3745161, -0.1044093, 2.955152;0.5740219, -0.05720385, 2.73481;0.3093075, -0.6694056, 2.939025;0.666638, -0.6740501, 2.582492;0.6733057, -0.2478523, 2.974712;0.674875, -0.3051724, 3.046694;0.7459531, -0.2790079, 2.953486;0.4605593, -0.526363, 2.969182;0.6431406, -0.5311787, 2.660762;0.5475026, -0.7717626, 3.02087;0.7500078, -0.8038952, 2.761914;0.5080891, -0.8366166, 3.014411;0.7225103, -0.8710456, 2.738765;
0.3240468, 0.1727429, 2.773253;0.4423527, 0.02193331, 2.800045;0.6345617, -0.2027747, 2.942246;0.3699508, -0.1063983, 2.955163;0.5735326, -0.05835928, 2.734407;0.2938936, -0.6040363, 2.928116;0.6658216, -0.6716427, 2.583672;0.6729637, -0.2481361, 2.974047;0.674679, -0.3056545, 3.046399;0.7460644, -0.2793178, 2.952972;0.3978315, -0.5663398, 2.950173;0.6459407, -0.5418544, 2.669903;0.4960122, -0.8401906, 3.008862;0.7501445, -0.8017755, 2.763121;0.4638332, -0.9128848, 2.967475;0.7238939, -0.8691047, 2.739009;
0.3224118, 0.1677339, 2.777013;0.4410344, 0.01962196, 2.799892;0.6326216, -0.202577, 2.941764;0.3679652, -0.1047333, 2.955139;0.5735569, -0.05990533, 2.733459;0.2958039, -0.6040229, 2.933967;0.6637784, -0.6514191, 2.585558;0.6705893, -0.247318, 2.973442;0.672805, -0.3050707, 3.047637;0.7456427, -0.2794663, 2.95249;0.4554949, -0.5215868, 2.971122;0.6462326, -0.5446501, 2.672589;0.5477291, -0.7671864, 3.020468;0.7504333, -0.8008262, 2.763544;0.5110935, -0.8337702, 3.014925;0.7243961, -0.8681635, 2.739171;
0.322746, 0.1705464, 2.775305;0.4402821, 0.01978497, 2.79931;0.6342683, -0.2051116, 2.942274;0.3663931, -0.1019212, 2.953127;0.5717534, -0.06059375, 2.733289;0.2860858, -0.6042709, 2.931503;0.6639495, -0.6739257, 2.585117;0.6735747, -0.2511831, 2.974531;0.6755934, -0.306306, 3.044192;0.7452607, -0.280995, 2.954992;0.4554337, -0.5262551, 2.972824;0.6472759, -0.5453154, 2.674528;0.5482674, -0.7672302, 3.020396;0.7534437, -0.7987216, 2.767879;0.5110456, -0.8335162, 3.014925;0.7251681, -0.8634256, 2.739189;
0.321777, 0.1692213, 2.774194;0.4402051, 0.01997522, 2.799013;0.6329845, -0.2046876, 2.941083;0.363966, -0.1061364, 2.953612;0.5709026, -0.06116432, 2.733094;0.3045795, -0.6695237, 2.941926;0.6613358, -0.6581649, 2.585427;0.6716215, -0.2504243, 2.972891;0.6744138, -0.3066085, 3.044321;0.7443442, -0.2812451, 2.952735;0.4557705, -0.5259117, 2.972396;0.646759, -0.5468869, 2.674302;0.5474179, -0.7662133, 3.020298;0.7536006, -0.7987165, 2.767961;0.5115224, -0.8332664, 3.014942;0.7251291, -0.8622276, 2.736832;
0.3226517, 0.1681546, 2.773488;0.440084, 0.01987095, 2.798721;0.6328576, -0.2047137, 2.940263;0.3681025, -0.1328295, 2.951831;0.5709496, -0.06132502, 2.732835;0.3043064, -0.6686445, 2.941425;0.66005, -0.6534687, 2.585138;0.6714868, -0.2503119, 2.971907;0.6742071, -0.3080052, 3.043912;0.7452962, -0.2806254, 2.951067;0.4689936, -0.5587118, 2.982756;0.6464871, -0.5470476, 2.674692;0.5480174, -0.7649124, 3.020631;0.749244, -0.7979558, 2.763192;0.5118124, -0.8318129, 3.015056;0.7258176, -0.865816, 2.737429;
0.3214547, 0.1737645, 2.777653;0.4384916, 0.02352498, 2.796907;0.632614, -0.204028, 2.939706;0.3644233, -0.1187406, 2.951535;0.5695919, -0.06046171, 2.732333;0.303135, -0.6679392, 2.941036;0.662078, -0.661353, 2.585121;0.6713526, -0.2498191, 2.97148;0.6739953, -0.3075971, 3.043554;0.7451661, -0.2802646, 2.950721;0.4611756, -0.540648, 2.977316;0.6459844, -0.5469437, 2.675511;0.5481882, -0.7646326, 3.020788;0.7489769, -0.7978964, 2.762993;0.5130592, -0.8321034, 3.014854;0.7259707, -0.8658065, 2.736907;
0.3219772, 0.1742806, 2.778923;0.4386237, 0.02466004, 2.796223;0.6332641, -0.2044012, 2.939386;0.361428, -0.1117188, 2.95246;0.5687168, -0.05922396, 2.731902;0.3037775, -0.664257, 2.944663;0.661877, -0.6706204, 2.582011;0.672318, -0.250558, 2.971184;0.6745814, -0.3084362, 3.03945;0.7451765, -0.2799796, 2.951279;0.4911573, -0.6295574, 2.995315;0.646024, -0.5471197, 2.677157;0.5484625, -0.7644777, 3.02131;0.7489831, -0.7979303, 2.762918;0.5132017, -0.8319397, 3.015709;0.7255715, -0.8653862, 2.735947;
0.3224863, 0.1736851, 2.77826;0.4387844, 0.0262572, 2.797837;0.6328827, -0.203655, 2.938662;0.3646631, -0.1056475, 2.951263;0.568328, -0.05803232, 2.730923;0.3032037, -0.6619624, 2.95704;0.6612616, -0.6687785, 2.581644;0.6717009, -0.2496531, 2.969898;0.6742799, -0.3078382, 3.03891;0.7443684, -0.279766, 2.949153;0.4026627, -0.5722623, 2.956259;0.6371419, -0.539355, 2.671582;0.5081906, -0.8402398, 3.017103;0.7489863, -0.7978877, 2.762866;0.4754617, -0.9126841, 2.9753;0.7255053, -0.8651924, 2.735534;
0.323658, 0.1749824, 2.7793;0.4395367, 0.0336188, 2.798863;0.6317965, -0.2008312, 2.937295;0.3638485, -0.1041809, 2.951623;0.5661502, -0.05526561, 2.729027;0.3036384, -0.6578118, 2.959658;0.6561881, -0.6414285, 2.578545;0.6703246, -0.2472832, 2.968234;0.6733588, -0.3063864, 3.03828;0.7429846, -0.2787975, 2.947223;0.4884484, -0.6298463, 2.99508;0.6376376, -0.5412103, 2.672328;0.5484741, -0.7648041, 3.021578;0.7454122, -0.7915046, 2.756774;0.5149052, -0.8333195, 3.018363;0.7281368, -0.8642085, 2.741049;
0.3265802, 0.1829048, 2.782602;0.4405214, 0.04229618, 2.802641;0.6302071, -0.1974359, 2.936522;0.3635716, -0.08675521, 2.954435;0.5634316, -0.04847295, 2.727725;0.31107, -0.6527105, 2.960455;0.6594664, -0.6409422, 2.585921;0.6683075, -0.2444771, 2.96689;0.670759, -0.3029193, 3.036847;0.740377, -0.2774608, 2.94514;0.4912786, -0.631927, 2.999091;0.6325786, -0.5356359, 2.667696;0.5485339, -0.7648448, 3.021607;0.7455871, -0.7902526, 2.760028;0.5149758, -0.8333501, 3.017748;0.7284781, -0.862068, 2.740436;
0.3314467, 0.1989653, 2.786221;0.4421638, 0.05694712, 2.803117;0.6304377, -0.1903041, 2.936655;0.3634087, -0.0706878, 2.953632;0.5642539, -0.03148104, 2.728045;0.3094576, -0.6491268, 2.959721;0.6559601, -0.6351274, 2.585523;0.6682959, -0.2391298, 2.966894;0.6697569, -0.296621, 3.035989;0.739759, -0.2732854, 2.945315;0.4631493, -0.5431006, 2.979375;0.6331447, -0.5308423, 2.667634;0.5493154, -0.7646433, 3.022113;0.7465932, -0.7897198, 2.762159;0.5159598, -0.833314, 3.01933;0.7273977, -0.8609763, 2.742409;
0.3356182, 0.2079757, 2.789265;0.44464, 0.07507946, 2.803473;0.6283394, -0.1819484, 2.937619;0.3623329, -0.06337786, 2.954386;0.5647473, -0.02491228, 2.727452;0.3069928, -0.6140146, 2.970518;0.653928, -0.629908, 2.583138;0.6656084, -0.232492, 2.967845;0.6660686, -0.2905765, 3.036358;0.736472, -0.2687049, 2.946782;0.4643372, -0.5425026, 2.979577;0.6385982, -0.5294563, 2.669726;0.5483657, -0.7629406, 3.021991;0.746356, -0.7878677, 2.760543;0.5166148, -0.8323958, 3.019198;0.7260366, -0.8588338, 2.740773;
0.359971, 0.2711095, 2.787997;0.4489066, 0.08754937, 2.805729;0.6266904, -0.1738614, 2.938121;0.3625744, -0.05059905, 2.958311;0.5679352, -0.001516891, 2.728701;0.3075143, -0.605803, 2.968202;0.6520911, -0.5994484, 2.585714;0.6628603, -0.225401, 2.968073;0.6628507, -0.2856575, 3.03661;0.7334968, -0.2640308, 2.947066;0.4642093, -0.5411044, 2.979176;0.6391453, -0.526175, 2.671026;0.5478799, -0.7624821, 3.022071;0.746529, -0.7839361, 2.760464;0.5167397, -0.8322278, 3.019043;0.7269833, -0.8555716, 2.742307;
0.3629447, 0.2776018, 2.790541;0.4529557, 0.1043257, 2.805262;0.6235372, -0.1604517, 2.936006;0.3578178, -0.02354695, 2.961643;0.5703719, 0.01217219, 2.727423;0.3080475, -0.6034278, 2.965507;0.6487768, -0.5809817, 2.588994;0.6580716, -0.2128367, 2.96559;0.6555492, -0.2733278, 3.033339;0.7284985, -0.2545549, 2.945344;0.4635027, -0.5382516, 2.979822;0.6134596, -0.4935313, 2.656724;0.5472872, -0.7616636, 3.022115;0.7469969, -0.7822465, 2.760472;0.5064629, -0.8314853, 3.025267;0.7272316, -0.8537858, 2.742842;
0.3679134, 0.3036906, 2.796721;0.4566998, 0.1355393, 2.81008;0.6213691, -0.1454703, 2.936596;0.3598331, -0.0003975728, 2.962488;0.5748258, 0.03967513, 2.728448;0.3058442, -0.5951794, 2.959135;0.6543651, -0.5487401, 2.585436;0.6550282, -0.2006988, 2.965597;0.6509081, -0.2626145, 3.031867;0.7243929, -0.2435745, 2.94554;0.4378502, -0.5760612, 2.97541;0.6624008, -0.5258719, 2.682888;0.5385877, -0.8442192, 3.030857;0.7478979, -0.7938071, 2.754641;0.4716828, -0.8120554, 3.013963;0.7217883, -0.8643383, 2.742815;
0.3775569, 0.3705459, 2.810845;0.4572596, 0.1689099, 2.808564;0.6137124, -0.122617, 2.940066;0.3616629, 0.03758131, 2.966095;0.5749916, 0.06157102, 2.732294;0.2924029, -0.5668606, 2.923941;0.6469054, -0.5416951, 2.588039;0.6455448, -0.1803104, 2.969662;0.6392235, -0.2427246, 3.035691;0.7126552, -0.2265905, 2.950517;0.432225, -0.5590947, 2.976194;0.6650754, -0.514679, 2.692242;0.5269074, -0.8312054, 3.023855;0.7502112, -0.7836957, 2.759907;0.4661077, -0.7892476, 3.041608;0.7260692, -0.8538969, 2.743746;
0.3781342, 0.3677021, 2.810753;0.4617557, 0.179246, 2.813455;0.6162933, -0.1079873, 2.941027;0.3648095, 0.0449575, 2.96688;0.578613, 0.07831414, 2.734648;0.2925346, -0.5382449, 2.922064;0.6440971, -0.5093029, 2.586656;0.6473773, -0.1651939, 2.969782;0.6389802, -0.2244206, 3.032813;0.7136866, -0.2095084, 2.950601;0.4419321, -0.5473401, 2.980186;0.6718007, -0.5098799, 2.704512;0.5333982, -0.8206593, 3.025603;0.7523765, -0.7837384, 2.760102;0.4637414, -0.8503765, 3.021599;0.726067, -0.8530359, 2.744075;
0.3906096, 0.4263121, 2.826087;0.4662667, 0.2284641, 2.824089;0.6027224, -0.08301109, 2.952444;0.3705779, 0.08567993, 2.970489;0.5771947, 0.1054543, 2.736848;0.3198314, -0.4989794, 2.951765;0.6461896, -0.4619957, 2.585675;0.6303402, -0.1432342, 2.981856;0.6111149, -0.1952017, 3.046067;0.694902, -0.1929369, 2.962132;0.4526892, -0.5363568, 2.980077;0.669709, -0.505156, 2.703362;0.5393275, -0.81095, 3.024757;0.7520428, -0.778242, 2.75815;0.4805478, -0.8586654, 3.024607;0.7280911, -0.8489249, 2.745419;
0.4000829, 0.4442703, 2.828365;0.4713781, 0.2500669, 2.827548;0.6024557, -0.06528214, 2.954221;0.3752595, 0.1188417, 2.970556;0.5800821, 0.1303449, 2.740234;0.3095411, -0.4679894, 2.964169;0.6496964, -0.4486951, 2.592468;0.6290359, -0.1284211, 2.983042;0.6110204, -0.1840006, 3.044374;0.6915383, -0.1792143, 2.963904;0.4631043, -0.5293757, 2.979499;0.6684949, -0.4884636, 2.708823;0.5298606, -0.8101717, 3.019727;0.7514153, -0.7754257, 2.757195;0.4936156, -0.8737833, 3.038472;0.7295886, -0.846643, 2.74442;
0.4035627, 0.4565386, 2.834323;0.4794578, 0.2853751, 2.837285;0.6022483, -0.0412937, 2.955253;0.381678, 0.1573052, 2.969649;0.5839413, 0.152279, 2.744632;0.3069763, -0.4104197, 2.968151;0.6454673, -0.4288057, 2.593976;0.6272976, -0.1059651, 2.982657;0.6108848, -0.1620639, 3.043088;0.687645, -0.1636425, 2.96196;0.4723486, -0.5112189, 2.982515;0.6699371, -0.4775773, 2.712432;0.5373861, -0.792127, 3.022381;0.7516931, -0.7753555, 2.757069;0.5049224, -0.8601595, 3.025446;0.7300617, -0.8465205, 2.744447;
0.4152049, 0.4885906, 2.847072;0.4889207, 0.3147314, 2.846813;0.6003757, -0.02433481, 2.957328;0.3856057, 0.1747267, 2.971629;0.5879988, 0.186445, 2.752673;0.3054862, -0.4049021, 2.965026;0.6271657, -0.3892598, 2.586501;0.6236101, -0.09120266, 2.983454;0.6057642, -0.1467192, 3.041194;0.6805001, -0.1471526, 2.962287;0.4793695, -0.5002688, 2.984361;0.6707329, -0.4696108, 2.71788;0.5369934, -0.7831551, 3.021341;0.7521235, -0.7749237, 2.757313;0.5109154, -0.8536719, 3.025958;0.7304485, -0.8458892, 2.744348;
0.4180501, 0.4940381, 2.849481;0.4966738, 0.3394652, 2.857174;0.6028974, 0.003155977, 2.961238;0.3883599, 0.2167151, 2.98594;0.5903289, 0.2036477, 2.755717;0.3104358, -0.3689941, 2.959747;0.6275775, -0.3793226, 2.581844;0.6243695, -0.06430213, 2.985559;0.6062031, -0.1187043, 3.043547;0.6798378, -0.1288243, 2.961416;0.4890387, -0.475045, 2.988588;0.6693983, -0.4636562, 2.720789;0.5446785, -0.75822, 3.024786;0.7523114, -0.775028, 2.757336;0.4921714, -0.8136652, 2.979743;0.7305386, -0.8458634, 2.743655;
0.4344162, 0.5314104, 2.881627;0.5022511, 0.365833, 2.860813;0.6027024, 0.02033453, 2.959728;0.3912294, 0.2252366, 2.987521;0.5916215, 0.2349654, 2.762665;0.3055069, -0.3500467, 2.963111;0.6307718, -0.3087885, 2.599308;0.623149, -0.04823706, 2.98316;0.6024528, -0.10319, 3.041056;0.6786281, -0.1072778, 2.95592;0.494502, -0.4664617, 2.991884;0.6745492, -0.4618801, 2.728975;0.545595, -0.7517758, 3.025326;0.7525277, -0.7749363, 2.757396;0.4941976, -0.80584, 2.9777;0.7307082, -0.8455817, 2.743527;
0.443728, 0.5665886, 2.892063;0.5118107, 0.4041217, 2.876925;0.6001377, 0.05031931, 2.959791;0.4013707, 0.2664386, 2.994391;0.5945269, 0.2611742, 2.76685;0.3105538, -0.330129, 2.960578;0.6284125, -0.2996131, 2.597662;0.618254, -0.01948632, 2.980355;0.5964155, -0.07956962, 3.035357;0.6711873, -0.07815692, 2.951884;0.4982403, -0.4577525, 2.993259;0.677466, -0.4467278, 2.739028;0.5472799, -0.7531326, 3.025938;0.7540411, -0.7750216, 2.757224;0.4925694, -0.8045565, 2.979357;0.7308137, -0.845138, 2.743622;
0.4512443, 0.6178891, 2.907028;0.5162767, 0.422041, 2.881495;0.6027146, 0.07364647, 2.953139;0.4021081, 0.2715444, 2.996312;0.6011065, 0.2918111, 2.773806;0.3095415, -0.3027624, 2.955162;0.6246852, -0.2931495, 2.596942;0.6200767, 0.004525054, 2.970608;0.5930966, -0.06233054, 3.026385;0.6784317, -0.04433249, 2.934538;0.500627, -0.4543454, 2.992284;0.6790534, -0.4373236, 2.745525;0.5475568, -0.7530526, 3.026108;0.7542293, -0.7750053, 2.757269;0.5282498, -0.8269246, 3.025179;0.7308181, -0.8448959, 2.743456;
0.4560681, 0.6201842, 2.907068;0.5316674, 0.4550499, 2.895042;0.6025564, 0.08941145, 2.951222;0.4087603, 0.2922085, 2.998393;0.6073709, 0.3162244, 2.779677;0.3103855, -0.2690856, 2.960064;0.6184434, -0.257551, 2.592541;0.6179914, 0.01816408, 2.966911;0.5858017, -0.04611172, 3.020934;0.6766944, -0.03598018, 2.930325;0.5040477, -0.449941, 2.991803;0.6839356, -0.4271808, 2.76001;0.5485923, -0.7535307, 3.026983;0.7549456, -0.7744103, 2.757177;0.5271028, -0.8281225, 3.025127;0.7309155, -0.8440856, 2.743912;
0.4688355, 0.6344662, 2.912223;0.5375165, 0.4670845, 2.905071;0.5998642, 0.105083, 2.95234;0.4154848, 0.3358648, 3.00828;0.6108579, 0.3365258, 2.785543;0.3099215, -0.2627296, 2.958834;0.6188654, -0.243645, 2.59391;0.6128095, 0.03386153, 2.965662;0.5785023, -0.03106711, 3.017984;0.6691473, -0.0212111, 2.92695;0.5078814, -0.4447899, 2.991997;0.683377, -0.4236715, 2.76302;0.5505239, -0.7523135, 3.029457;0.7560948, -0.7743138, 2.756453;0.5271159, -0.8281489, 3.025108;0.7312175, -0.8433749, 2.74214;
0.4822437, 0.6543713, 2.925897;0.5486771, 0.4875451, 2.917075;0.5977187, 0.1273947, 2.951624;0.4166827, 0.3433514, 3.010447;0.6238948, 0.3511484, 2.78962;0.306718, -0.2281135, 2.95511;0.620909, -0.2143668, 2.599632;0.6077263, 0.05662794, 2.962165;0.5687743, -0.01036198, 3.014478;0.6655242, -0.00730568, 2.920822;0.5103262, -0.4403774, 2.992536;0.6836396, -0.4179921, 2.7666;0.5511882, -0.7509556, 3.029968;0.7574427, -0.7696841, 2.757399;0.5265984, -0.8286656, 3.025197;0.7325212, -0.8403882, 2.7417;
0.4911831, 0.6799325, 2.940369;0.5669873, 0.5223951, 2.928178;0.6005898, 0.1441936, 2.950045;0.4234348, 0.3734625, 3.021921;0.6270493, 0.3628502, 2.794328;0.3087878, -0.2141645, 2.9474;0.6162235, -0.1952494, 2.597018;0.6085868, 0.06999169, 2.959042;0.5681713, 0.005564501, 3.010301;0.6639305, 0.007267457, 2.914118;0.5169408, -0.428117, 2.990973;0.6832141, -0.4123479, 2.768979;0.5536221, -0.751075, 3.030403;0.758443, -0.7702342, 2.75795;0.5254965, -0.8291129, 3.024721;0.7326899, -0.840385, 2.741652;
0.5112696, 0.7071457, 2.961007;0.5700816, 0.5296804, 2.932599;0.5993046, 0.1630713, 2.951198;0.4253649, 0.3752443, 3.022041;0.6385447, 0.3859161, 2.803942;0.3098793, -0.1908204, 2.947476;0.6148825, -0.1856845, 2.598161;0.6051984, 0.09066631, 2.958339;0.5624257, 0.02208311, 3.009567;0.6598184, 0.02493679, 2.910741;0.5198833, -0.4235328, 2.990605;0.6829175, -0.408103, 2.771576;0.5536658, -0.7510789, 3.030401;0.7586554, -0.7702218, 2.757911;0.5256933, -0.8289983, 3.02498;0.7327628, -0.8403107, 2.740447;
0.5161959, 0.7174277, 2.967569;0.5830781, 0.5510011, 2.949115;0.597814, 0.1761745, 2.952492;0.4334585, 0.3939947, 3.028513;0.6460732, 0.4031555, 2.810131;0.3050334, -0.1981245, 2.943922;0.6165142, -0.172235, 2.60508;0.6017419, 0.1027774, 2.957684;0.5566035, 0.03469309, 3.00685;0.653931, 0.03730971, 2.908423;0.5223373, -0.4189884, 2.99161;0.6828818, -0.4041739, 2.773828;0.5542585, -0.7495768, 3.030694;0.759281, -0.7691568, 2.758201;0.4982771, -0.7884219, 2.975252;0.7328943, -0.8402172, 2.740497;
0.5277653, 0.7232394, 2.97872;0.586632, 0.5554066, 2.952178;0.5967432, 0.1825462, 2.952644;0.4363387, 0.4001805, 3.032437;0.6515407, 0.4136884, 2.816284;0.3066755, -0.1817601, 2.947752;0.6166082, -0.1609105, 2.608192;0.5993132, 0.1091863, 2.956812;0.5523211, 0.04087314, 3.004704;0.6505909, 0.04387513, 2.906839;0.5243946, -0.4092345, 2.989806;0.6831005, -0.402674, 2.775084;0.5547805, -0.7471682, 3.031007;0.7594663, -0.7692692, 2.758481;0.4992777, -0.785401, 2.974844;0.7329494, -0.8402326, 2.740569;
0.5311264, 0.7277561, 2.980163;0.5908363, 0.5634118, 2.960338;0.5937418, 0.1940165, 2.954495;0.4410244, 0.4166937, 3.04041;0.6571003, 0.421173, 2.81963;0.3118205, -0.1553749, 2.95009;0.6171614, -0.1478887, 2.612602;0.5944122, 0.1212519, 2.957078;0.5461371, 0.05042365, 3.00329;0.6441467, 0.05600012, 2.905881;0.5259896, -0.4074143, 2.989963;0.6829468, -0.3960522, 2.777459;0.5565405, -0.7485551, 3.031084;0.7610517, -0.7663878, 2.759304;0.500311, -0.7858645, 2.975176;0.7329147, -0.840746, 2.741522;
0.5347463, 0.7358282, 2.987211;0.596583, 0.5685334, 2.964557;0.5928985, 0.1998641, 2.9539;0.4423308, 0.4217224, 3.043053;0.6629303, 0.4298617, 2.823329;0.3130896, -0.148409, 2.945123;0.615705, -0.1407163, 2.617874;0.5922992, 0.1274076, 2.955441;0.5421208, 0.05596875, 3.000827;0.6414084, 0.06124994, 2.903121;0.5274733, -0.4036503, 2.989288;0.6850227, -0.3926854, 2.780122;0.5578513, -0.7492902, 3.030919;0.7613581, -0.7646059, 2.758962;0.5334072, -0.8233396, 3.02603;0.732913, -0.8407314, 2.741515;
0.5492237, 0.7463871, 2.992145;0.6136594, 0.5801076, 2.975037;0.6187545, 0.2017709, 2.978459;0.4476451, 0.4302783, 3.03967;0.6712796, 0.4389932, 2.825942;0.3136062, -0.1433351, 2.944383;0.6201668, -0.1263297, 2.628534;0.5921414, 0.1318454, 2.953181;0.5396727, 0.06090925, 2.996485;0.6404447, 0.06678131, 2.899524;0.5284538, -0.4022872, 2.989021;0.6859593, -0.3920178, 2.781531;0.5584158, -0.749762, 3.030821;0.7618357, -0.7636336, 2.759109;0.5310485, -0.8256708, 3.026194;0.7328905, -0.8406935, 2.741446;
0.5512141, 0.7481089, 2.993073;0.6162014, 0.5829976, 2.976855;0.6189243, 0.2065657, 2.977864;0.4519774, 0.4371201, 3.043289;0.6765611, 0.4446853, 2.827445;0.3170739, -0.1364852, 2.943043;0.6191168, -0.1131834, 2.626956;0.590765, 0.1370948, 2.951348;0.537327, 0.06484114, 2.994353;0.6378154, 0.07121521, 2.896431;0.530067, -0.3993738, 2.989356;0.6867901, -0.3890822, 2.782983;0.5588434, -0.7495987, 3.030614;0.7618986, -0.7635857, 2.759098;0.5313455, -0.8273492, 3.029022;0.733029, -0.8405339, 2.741534;
0.5581157, 0.7523406, 2.99982;0.6205412, 0.5879331, 2.978961;0.619225, 0.2092977, 2.97742;0.4526635, 0.4380526, 3.043767;0.6824057, 0.4492719, 2.83;0.3198299, -0.1340684, 2.944247;0.6171974, -0.111547, 2.625211;0.5900607, 0.140065, 2.949216;0.5351608, 0.06695177, 2.991465;0.6366618, 0.07354647, 2.893392;0.531459, -0.3988428, 2.989669;0.68959, -0.3858789, 2.785884;0.5593706, -0.7498857, 3.030964;0.7623788, -0.7615625, 2.760395;0.5300223, -0.828438, 3.028645;0.7332764, -0.8403417, 2.741703;
0.563054, 0.7563329, 3.003254;0.6271808, 0.5940912, 2.985423;0.6201611, 0.2138148, 2.976276;0.4564276, 0.4430185, 3.048388;0.6854675, 0.4516553, 2.832004;0.3229877, -0.133151, 2.945699;0.6199448, -0.1052689, 2.631697;0.5883796, 0.1461902, 2.945407;0.5313261, 0.07231031, 2.987133;0.633621, 0.07988338, 2.88557;0.5335876, -0.3977916, 2.990275;0.6929781, -0.3844046, 2.788988;0.5607507, -0.7495582, 3.031126;0.7628598, -0.7609011, 2.760846;0.5300157, -0.8286098, 3.028697;0.7333601, -0.8404211, 2.742422;
0.5823666, 0.802878, 3.015891;0.6293999, 0.6003046, 2.988547;0.6197656, 0.2172287, 2.974649;0.4620005, 0.4531213, 3.055273;0.6906991, 0.45629, 2.837388;0.3254567, -0.1295311, 2.947888;0.6243469, -0.09579895, 2.639284;0.5860581, 0.14997, 2.941568;0.5269635, 0.077241, 2.980578;0.6309639, 0.08392613, 2.881417;0.535688, -0.3971179, 2.991829;0.6971093, -0.3833394, 2.792287;0.5623716, -0.7496406, 3.033144;0.7641978, -0.7599844, 2.761451;0.5300314, -0.8292203, 3.029152;0.7337887, -0.8399451, 2.742558;
0.5820851, 0.7816775, 3.017374;0.6346383, 0.6022192, 2.993551;0.6200342, 0.2174342, 2.974195;0.4645576, 0.4549276, 3.055463;0.6924883, 0.4581925, 2.840262;0.3283612, -0.1307627, 2.948273;0.6247562, -0.0939159, 2.63943;0.584736, 0.1513389, 2.938753;0.5250285, 0.07845269, 2.977252;0.6279501, 0.08577809, 2.87602;0.5407819, -0.3933479, 2.996583;0.7029514, -0.3795685, 2.795194;0.5644529, -0.7470059, 3.035504;0.764748, -0.759595, 2.762051;0.5094132, -0.7801723, 2.976339;0.7342443, -0.839194, 2.743079;
0.5836029, 0.7747852, 3.017367;0.6360041, 0.6027808, 2.996028;0.619652, 0.2188831, 2.973548;0.4671408, 0.4568614, 3.055722;0.6980934, 0.4633554, 2.843692;0.334274, -0.1320375, 2.953885;0.6258155, -0.09212483, 2.639847;0.5832766, 0.1538398, 2.935822;0.5230117, 0.07984438, 2.974175;0.6258881, 0.08829344, 2.871269;0.5422523, -0.3936286, 2.998526;0.704924, -0.3790284, 2.796928;0.5648108, -0.7469054, 3.036188;0.7654173, -0.7591613, 2.762642;0.5323514, -0.8284541, 3.036648;0.7343053, -0.8390115, 2.742942;
0.5847878, 0.77453, 3.0208;0.6396587, 0.6037459, 2.999118;0.6198172, 0.2194413, 2.97268;0.4698748, 0.4595883, 3.060573;0.6996189, 0.4637142, 2.845821;0.3341471, -0.1347218, 2.956622;0.6286981, -0.08982322, 2.640486;0.5817492, 0.1553136, 2.933647;0.5204327, 0.08141546, 2.970577;0.6235464, 0.09003963, 2.868833;0.5440958, -0.393364, 3.001036;0.7066166, -0.378375, 2.798219;0.565367, -0.7460678, 3.03676;0.7683278, -0.7564338, 2.764093;0.5104855, -0.7788386, 2.977241;0.7344164, -0.8388171, 2.742992;
0.5865088, 0.7744331, 3.021518;0.641956, 0.6054425, 3.001708;0.6194733, 0.2198323, 2.971983;0.4713059, 0.460169, 3.061086;0.7005954, 0.4648679, 2.849132;0.3406811, -0.1379093, 2.959348;0.6306649, -0.08807698, 2.641688;0.5803265, 0.1562049, 2.931368;0.5187563, 0.08209042, 2.96778;0.6211849, 0.09146179, 2.86574;0.5443478, -0.3933359, 3.001365;0.7073246, -0.3782434, 2.798469;0.5659182, -0.7459911, 3.037286;0.7686023, -0.7565585, 2.764211;0.5304422, -0.8265947, 3.026326;0.7347829, -0.8386658, 2.743594;
0.5882778, 0.7712098, 3.033428;0.6454816, 0.6053249, 3.003892;0.6198996, 0.2191021, 2.971726;0.4740588, 0.4594304, 3.061305;0.7007551, 0.4644915, 2.849911;0.3519364, -0.1403587, 2.964257;0.6337449, -0.09085767, 2.643245;0.5796154, 0.1557593, 2.930163;0.5182166, 0.08156456, 2.966877;0.6189405, 0.09047696, 2.863117;0.5450589, -0.3930883, 3.001647;0.707566, -0.3780652, 2.79856;0.5664721, -0.7462692, 3.038002;0.7687188, -0.7561452, 2.764383;0.5300769, -0.8278085, 3.027274;0.7349429, -0.8383545, 2.743615;
0.5919958, 0.7724092, 3.035144;0.6489233, 0.6064582, 3.008744;0.6195053, 0.2184463, 2.970607;0.4756661, 0.4592927, 3.061906;0.7008057, 0.4644645, 2.850057;0.3592633, -0.1408258, 2.975666;0.638352, -0.09192502, 2.644792;0.578321, 0.1553892, 2.928097;0.5165955, 0.08126175, 2.963945;0.616932, 0.09074643, 2.860477;0.5451273, -0.3929895, 3.001668;0.7075624, -0.3780655, 2.798592;0.5664222, -0.7463417, 3.037956;0.768962, -0.7559885, 2.764953;0.5295813, -0.8282033, 3.027216;0.7350156, -0.837772, 2.742769;
0.5929824, 0.7719777, 3.035277;0.6512331, 0.6066154, 3.012346;0.6192335, 0.2180242, 2.970253;0.4777147, 0.4588741, 3.061378;0.7011049, 0.4646053, 2.85066;0.3716077, -0.1486555, 2.984787;0.6414437, -0.09414781, 2.645943;0.577565, 0.1552627, 2.927416;0.5157462, 0.08085575, 2.963408;0.6152404, 0.09081296, 2.858531;0.5451531, -0.3928854, 3.00152;0.7076907, -0.3783726, 2.798438;0.5674621, -0.7448999, 3.038339;0.7687631, -0.7556947, 2.765439;0.542164, -0.8195999, 3.027803;0.735438, -0.837424, 2.743112;
0.5985805, 0.7734264, 3.034805;0.6542577, 0.6071913, 3.013795;0.619285, 0.2177124, 2.969629;0.4807951, 0.4588308, 3.062184;0.7020682, 0.4651369, 2.851646;0.37175, -0.1461458, 2.982057;0.6440526, -0.0944866, 2.646744;0.5771651, 0.155078, 2.926628;0.5152588, 0.08042627, 2.962877;0.614208, 0.09073393, 2.856804;0.5453646, -0.3933769, 3.001627;0.7079431, -0.3792993, 2.797907;0.5671692, -0.7454893, 3.038398;0.7694376, -0.755487, 2.765821;0.5352864, -0.8259583, 3.03235;0.7355053, -0.8374295, 2.743311;
0.6041297, 0.7759777, 3.036397;0.6544193, 0.6075922, 3.01327;0.6185304, 0.2178114, 2.967818;0.4831321, 0.4583021, 3.064028;0.7021232, 0.4652231, 2.852669;0.3718396, -0.1469415, 2.982584;0.6467296, -0.09495251, 2.648381;0.5757849, 0.155047, 2.924948;0.514271, 0.08038732, 2.96172;0.6123112, 0.09102612, 2.855125;0.5453766, -0.3934145, 3.00165;0.7078893, -0.3792433, 2.797888;0.5670714, -0.7456837, 3.038292;0.7700275, -0.7549967, 2.766493;0.532841, -0.8273032, 3.031002;0.7355783, -0.8373008, 2.743343;
0.6061641, 0.776254, 3.038137;0.65562, 0.6071723, 3.012496;0.6181515, 0.2169359, 2.966351;0.4868031, 0.4582036, 3.063658;0.7020763, 0.4649528, 2.852951;0.3717459, -0.1479713, 2.982197;0.6485465, -0.09559416, 2.650287;0.5746973, 0.1539915, 2.923555;0.513623, 0.0799593, 2.960852;0.6105856, 0.09042047, 2.853933;0.5454034, -0.3935722, 3.00168;0.7078753, -0.3791895, 2.797916;0.5668582, -0.7460806, 3.038323;0.7701488, -0.7547446, 2.766741;0.5315979, -0.8282742, 3.030773;0.7355828, -0.8378993, 2.744449;
0.6092777, 0.7777367, 3.041407;0.6572917, 0.6078305, 3.013243;0.6181438, 0.2165, 2.965931;0.4886957, 0.4576417, 3.063615;0.7024758, 0.4646571, 2.853213;0.3803748, -0.1200242, 2.986897;0.6498082, -0.09573505, 2.650895;0.574352, 0.1533635, 2.923016;0.5132983, 0.07952397, 2.960096;0.6101344, 0.09019271, 2.853701;0.5454746, -0.3937041, 3.001274;0.7078464, -0.3792489, 2.797937;0.5665316, -0.7460145, 3.037877;0.7701677, -0.7546268, 2.766751;0.5310873, -0.8287379, 3.030613;0.735873, -0.8374417, 2.743698;
0.6091553, 0.7790588, 3.042294;0.6595083, 0.6097249, 3.015314;0.6179318, 0.216159, 2.965676;0.4911658, 0.4578838, 3.063043;0.7031088, 0.4655747, 2.855086;0.3803039, -0.1191747, 2.986753;0.6507667, -0.09578925, 2.651321;0.5738392, 0.152986, 2.922424;0.5128119, 0.0794333, 2.95908;0.609332, 0.0904004, 2.853336;0.5454648, -0.3938225, 3.001427;0.7066566, -0.3783121, 2.798217;0.5664394, -0.7461333, 3.037871;0.770252, -0.7545853, 2.766746;0.5292417, -0.8297316, 3.029665;0.7358669, -0.8374298, 2.743714;
0.6076032, 0.7793034, 3.042932;0.6613694, 0.6109385, 3.017268;0.6178632, 0.2160267, 2.965586;0.4931202, 0.4585468, 3.064079;0.703612, 0.4659238, 2.855818;0.3740468, -0.1524947, 2.985355;0.6521592, -0.09503618, 2.650506;0.573416, 0.1530212, 2.922452;0.5123915, 0.07952704, 2.959114;0.6081008, 0.09055923, 2.85316;0.5454792, -0.3941486, 3.001441;0.7065524, -0.3785874, 2.798022;0.5668142, -0.7463215, 3.03818;0.7702891, -0.7542708, 2.766887;0.5292445, -0.8297873, 3.029744;0.7359923, -0.8370327, 2.743315;
0.6073716, 0.7793046, 3.04424;0.6616208, 0.6107242, 3.016551;0.6177074, 0.2156302, 2.964868;0.494653, 0.4579516, 3.064269;0.7044019, 0.4659251, 2.856581;0.3805689, -0.1166483, 2.989913;0.6536187, -0.09478994, 2.651822;0.5730999, 0.1525188, 2.921792;0.5121234, 0.07920852, 2.958549;0.6077951, 0.09033024, 2.85277;0.5456525, -0.3944089, 3.001537;0.7061899, -0.3786126, 2.797906;0.5668331, -0.7463543, 3.038139;0.7707073, -0.7541189, 2.767841;0.529088, -0.8302907, 3.030084;0.7360575, -0.8367953, 2.743098;
0.6093773, 0.7796772, 3.047712;0.6636261, 0.6106535, 3.016402;0.6176872, 0.2152932, 2.964731;0.4956044, 0.4576595, 3.063968;0.7053781, 0.4652365, 2.856523;0.3805339, -0.116134, 2.989707;0.6560877, -0.09411476, 2.651977;0.5729464, 0.1521583, 2.921612;0.5118515, 0.07909919, 2.958319;0.6076033, 0.0901201, 2.852751;0.5457447, -0.3943945, 3.00148;0.7062633, -0.3788885, 2.797765;0.5672569, -0.7461246, 3.037349;0.7707736, -0.753484, 2.767509;0.5227717, -0.8326719, 3.029974;0.7360244, -0.8367572, 2.743117;
0.610442, 0.7782675, 3.048224;0.6648824, 0.6090275, 3.015347;0.6176867, 0.2151947, 2.964783;0.4968133, 0.4570719, 3.063508;0.707682, 0.4648438, 2.856098;0.3810916, -0.1176352, 2.988844;0.658064, -0.0953277, 2.653031;0.5729561, 0.1521584, 2.92165;0.5117277, 0.07900341, 2.958585;0.6075981, 0.08996254, 2.852643;0.5457919, -0.394564, 3.001476;0.7059283, -0.378942, 2.797579;0.5672161, -0.746291, 3.037458;0.770408, -0.7543783, 2.76743;0.523123, -0.8326244, 3.029767;0.7360504, -0.8367571, 2.742998;
0.6101875, 0.7780127, 3.047362;0.6648564, 0.608656, 3.014524;0.6176947, 0.2152283, 2.964773;0.4974492, 0.4568572, 3.064008;0.7086933, 0.4642318, 2.856081;0.3728469, -0.1518448, 2.989549;0.6595752, -0.09453966, 2.652642;0.5729515, 0.1521599, 2.921683;0.511639, 0.07898423, 2.958711;0.6075756, 0.08989256, 2.852643;0.5461349, -0.3951621, 3.001322;0.7058913, -0.3789546, 2.797565;0.5672215, -0.7463669, 3.037445;0.7703515, -0.7542514, 2.767563;0.5217084, -0.8330634, 3.029784;0.7362174, -0.8365524, 2.743123;
0.6104949, 0.7770344, 3.045948;0.6684166, 0.608732, 3.01598;0.6178473, 0.21489, 2.964766;0.5002764, 0.4569786, 3.062591;0.7097871, 0.4640744, 2.856065;0.373443, -0.1521373, 2.988948;0.6611019, -0.0954331, 2.652035;0.5729644, 0.1521383, 2.921726;0.5115716, 0.07901958, 2.958824;0.6075079, 0.08982143, 2.852609;0.5460734, -0.3947049, 3.00097;0.7061757, -0.3796899, 2.797742;0.5671261, -0.7463765, 3.037406;0.7703038, -0.7538483, 2.767522;0.5217493, -0.8331195, 3.029522;0.7362671, -0.8364947, 2.743152;
0.6087105, 0.7761758, 3.044914;0.6685873, 0.608404, 3.015461;0.6180013, 0.2145937, 2.964714;0.5007368, 0.4556583, 3.063636;0.7099478, 0.4637235, 2.85644;0.3735426, -0.1524717, 2.989168;0.6641037, -0.09566021, 2.652558;0.5729056, 0.1517396, 2.921899;0.5114025, 0.07872988, 2.959163;0.6073822, 0.08937526, 2.852839;0.5460216, -0.3949514, 3.000862;0.7060636, -0.3796606, 2.797673;0.5672368, -0.746514, 3.037214;0.7701221, -0.7537559, 2.767587;0.5223095, -0.8326938, 3.028133;0.7362407, -0.8364831, 2.743208;
0.6094978, 0.7765206, 3.045326;0.6689648, 0.6083832, 3.015515;0.618108, 0.2145736, 2.964726;0.5020949, 0.4559155, 3.064287;0.7110491, 0.4646704, 2.857254;0.3732842, -0.1532123, 2.991199;0.6660416, -0.09490519, 2.652701;0.5729181, 0.1517423, 2.921947;0.5113976, 0.07877395, 2.959248;0.6073586, 0.08941079, 2.852895;0.5460517, -0.3951444, 3.000983;0.7065555, -0.3807003, 2.797875;0.5671632, -0.7466344, 3.037183;0.7700934, -0.7535539, 2.767771;0.5226874, -0.8327609, 3.028248;0.7362535, -0.8364873, 2.743557;
0.6099136, 0.7763844, 3.045782;0.6703488, 0.6084163, 3.016157;0.618459, 0.2145022, 2.9647