0.5813749, 0.762236, 3.02778;0.6251191, 0.5867903, 2.988547;0.5730501, 0.2245751, 2.932632;0.4752859, 0.4391573, 3.063535;0.6993806, 0.4477902, 2.842708;0.3952017, -0.1766334, 2.967077;0.6386772, -0.1414274, 2.6511;0.5626363, 0.1521321, 2.924892;0.5015938, 0.07630465, 2.968249;0.6024364, 0.08018946, 2.855105;0.5352439, -0.3935103, 2.984434;0.6786746, -0.3532098, 2.774406;0.5727008, -0.7371047, 3.037037;0.7569037, -0.7268941, 2.760066;0.5587851, -0.8026227, 3.028206;0.7057159, -0.7572148, 2.707362;
0.5813529, 0.7622695, 3.027779;0.6258989, 0.5882068, 2.986532;0.5732596, 0.2247051, 2.932224;0.4752668, 0.4392566, 3.063697;0.6993795, 0.4478528, 2.84268;0.3931147, -0.1769019, 2.955612;0.6415028, -0.1214607, 2.659711;0.5627789, 0.1521573, 2.924652;0.5017327, 0.076386, 2.968002;0.6025244, 0.08023558, 2.855083;0.5353251, -0.3934833, 2.984431;0.6782783, -0.3522024, 2.774139;0.5725973, -0.7373782, 3.036634;0.7571601, -0.7263328, 2.759799;0.5590845, -0.8009971, 3.028227;0.7074606, -0.7557828, 2.708661;
0.5802408, 0.7623023, 3.027735;0.6264613, 0.5890475, 2.987628;0.5732096, 0.2249451, 2.932312;0.4758922, 0.4401381, 3.064726;0.7000391, 0.4497354, 2.843066;0.3929506, -0.1787668, 2.9566;0.6410743, -0.1227445, 2.659533;0.5626809, 0.1523305, 2.924659;0.5015863, 0.07663649, 2.967853;0.6022626, 0.08092525, 2.855438;0.5353665, -0.3935687, 2.984339;0.6784413, -0.3529287, 2.773905;0.5722306, -0.7378841, 3.035839;0.7567101, -0.7265566, 2.758858;0.5581067, -0.8040215, 3.027061;0.707441, -0.7556733, 2.708374;
0.578519, 0.7653856, 3.030942;0.6255804, 0.5909311, 2.988766;0.5730527, 0.2230182, 2.932828;0.4752412, 0.4391905, 3.06566;0.6997035, 0.450148, 2.843837;0.3905005, -0.1879872, 2.952973;0.6402083, -0.1347153, 2.653364;0.5626172, 0.1485241, 2.924994;0.5017959, 0.07159378, 2.967845;0.6025628, 0.07835522, 2.856076;0.5354449, -0.3940903, 2.98496;0.6789956, -0.3545831, 2.774789;0.572059, -0.738247, 3.036047;0.7570205, -0.728476, 2.759128;0.5582118, -0.8047847, 3.027481;0.7081114, -0.7573854, 2.709072;
0.5770985, 0.7826101, 3.035468;0.6255494, 0.5920556, 2.98888;0.5730392, 0.2234252, 2.93285;0.4749202, 0.4392127, 3.065479;0.6997225, 0.4502789, 2.843771;0.3907896, -0.1865115, 2.953598;0.6413738, -0.1289835, 2.655785;0.562597, 0.1489906, 2.925023;0.5016517, 0.07253581, 2.967543;0.6027241, 0.07921609, 2.856636;0.5355296, -0.3939659, 2.984947;0.679599, -0.3565921, 2.774981;0.5720525, -0.7380234, 3.036338;0.7565491, -0.7303843, 2.757733;0.5576555, -0.8038481, 3.027767;0.7080685, -0.7590682, 2.708023;
0.5772507, 0.7822642, 3.035297;0.6251706, 0.5924423, 2.988979;0.5729113, 0.2236624, 2.932806;0.4748513, 0.4389748, 3.06517;0.6993453, 0.450005, 2.843743;0.3900193, -0.1901091, 2.952584;0.6414406, -0.1283045, 2.656455;0.5624791, 0.1493082, 2.924959;0.5016325, 0.0734755, 2.967157;0.6025674, 0.07974323, 2.856811;0.5352104, -0.3931725, 2.984537;0.6800077, -0.3571248, 2.775237;0.572047, -0.7381243, 3.036318;0.7560137, -0.7330487, 2.755638;0.5578662, -0.8044201, 3.027975;0.7074378, -0.7617896, 2.705833;
0.5725941, 0.7732455, 3.029835;0.6248178, 0.5925516, 2.988767;0.5728628, 0.2238273, 2.932724;0.4748792, 0.4391209, 3.064816;0.6992294, 0.4501247, 2.843646;0.3894271, -0.1911558, 2.952679;0.6413824, -0.1273395, 2.658152;0.5624647, 0.1495727, 2.92488;0.5017185, 0.07388593, 2.967042;0.6025696, 0.07994972, 2.856793;0.5352496, -0.3926937, 2.984412;0.6795292, -0.356091, 2.775286;0.5720395, -0.7380614, 3.036288;0.7563622, -0.7313989, 2.755326;0.5582491, -0.8033886, 3.027777;0.7060437, -0.7611845, 2.703705;
0.5709756, 0.7675471, 3.028222;0.6239461, 0.5913476, 2.989491;0.5728104, 0.2238872, 2.932776;0.4748567, 0.4391093, 3.064834;0.6991805, 0.4500532, 2.843532;0.3892615, -0.1909242, 2.952471;0.6415889, -0.1269789, 2.658281;0.5624312, 0.149822, 2.924933;0.5017158, 0.07412594, 2.967095;0.6025717, 0.08002998, 2.856753;0.5351535, -0.3923978, 2.984129;0.6804204, -0.3570228, 2.775445;0.5720372, -0.7381422, 3.036379;0.7558196, -0.7333605, 2.754564;0.5215816, -0.7679959, 2.984651;0.737734, -0.8197604, 2.737472;
0.571655, 0.7652702, 3.025733;0.6236877, 0.5910921, 2.989697;0.5725934, 0.2243203, 2.933058;0.4748622, 0.4391166, 3.064768;0.6988799, 0.449839, 2.843404;0.3896053, -0.1897205, 2.952668;0.6420233, -0.1250766, 2.658931;0.5621994, 0.150629, 2.92531;0.5016141, 0.07542475, 2.967462;0.6022496, 0.08082117, 2.857238;0.5351434, -0.3922026, 2.983726;0.6804886, -0.3580409, 2.775497;0.5711749, -0.7387581, 3.035136;0.7555664, -0.7339041, 2.754043;0.5206422, -0.7686367, 2.983398;0.7373699, -0.8202606, 2.736456;
0.5713552, 0.7654807, 3.025742;0.6227031, 0.5921823, 2.990119;0.5722715, 0.2247004, 2.933136;0.4744281, 0.4387844, 3.064969;0.6985867, 0.4501245, 2.843191;0.3895103, -0.1891002, 2.951628;0.641563, -0.1263257, 2.658788;0.5619741, 0.1509509, 2.925336;0.5015144, 0.07538272, 2.967415;0.6019992, 0.08213319, 2.857401;0.5353206, -0.3925536, 2.984048;0.6799726, -0.3560806, 2.775291;0.5703955, -0.7384122, 3.03475;0.7550092, -0.7323078, 2.753515;0.5197079, -0.7683613, 2.982959;0.7351574, -0.8187409, 2.737187;
0.5707198, 0.7656883, 3.023792;0.622386, 0.5922842, 2.990223;0.5721335, 0.2246543, 2.933186;0.4742222, 0.438752, 3.06474;0.6983696, 0.4501142, 2.843172;0.3889988, -0.1896824, 2.950826;0.6394724, -0.1404637, 2.651983;0.5618795, 0.1509044, 2.925368;0.5014261, 0.07533677, 2.967304;0.6019352, 0.08237742, 2.857803;0.5352806, -0.3924817, 2.984012;0.6800026, -0.355991, 2.775318;0.5705848, -0.7386186, 3.034583;0.7549459, -0.7313827, 2.753452;0.5199509, -0.768551, 2.982803;0.704312, -0.7613152, 2.701671;
0.5709965, 0.7653247, 3.023414;0.621942, 0.5915348, 2.989877;0.5719206, 0.2246343, 2.933218;0.4741042, 0.4389002, 3.065424;0.6982252, 0.4499777, 2.842871;0.3888616, -0.1900801, 2.949957;0.6420249, -0.127424, 2.660975;0.5616768, 0.1509687, 2.925433;0.5012181, 0.07521661, 2.96735;0.6016806, 0.0826944, 2.857985;0.5352516, -0.3929148, 2.98395;0.6798341, -0.3558525, 2.775442;0.5704821, -0.7385263, 3.034654;0.7550033, -0.7310925, 2.753742;0.5198907, -0.7683812, 2.983126;0.7044119, -0.7609474, 2.702214;
0.5708812, 0.7653731, 3.023292;0.6211121, 0.591503, 2.990061;0.571636, 0.225028, 2.933357;0.4734888, 0.4380524, 3.065091;0.698163, 0.4499882, 2.84269;0.3887616, -0.1895813, 2.948838;0.6420361, -0.1262153, 2.660906;0.5614698, 0.1515241, 2.925577;0.5010518, 0.07512762, 2.967599;0.6016279, 0.08317801, 2.85776;0.535275, -0.3929191, 2.983909;0.6798381, -0.3560253, 2.77535;0.5704994, -0.738714, 3.034767;0.7552171, -0.7312352, 2.753958;0.5200321, -0.7685292, 2.983264;0.7047498, -0.7610504, 2.702456;
0.5712858, 0.7643572, 3.021837;0.6200471, 0.5900142, 2.990086;0.571137, 0.2249368, 2.933603;0.4731018, 0.4382549, 3.065234;0.6979727, 0.4498131, 2.842366;0.388621, -0.188761, 2.948906;0.6424656, -0.1266862, 2.65939;0.5610372, 0.1516015, 2.925848;0.5005134, 0.07501917, 2.967867;0.6013479, 0.08331592, 2.85804;0.5351126, -0.3928455, 2.983632;0.6798363, -0.356544, 2.775809;0.5712637, -0.7385429, 3.035927;0.7548621, -0.7330103, 2.753686;0.5209754, -0.7682489, 2.98464;0.7045739, -0.7627162, 2.702399;
0.5699098, 0.7603132, 3.020248;0.6191651, 0.5888461, 2.989501;0.5702528, 0.225279, 2.934053;0.4728781, 0.4394224, 3.0662;0.6976606, 0.449659, 2.842077;0.388749, -0.1880809, 2.949095;0.6423197, -0.1263283, 2.659388;0.5600005, 0.152378, 2.926601;0.4992016, 0.07496329, 2.96967;0.6003489, 0.08376569, 2.858187;0.5349656, -0.3927876, 2.983642;0.6797594, -0.3564636, 2.775676;0.5706317, -0.7376466, 3.033599;0.7547959, -0.7333837, 2.753557;0.5204217, -0.7672574, 2.982598;0.7045859, -0.7629945, 2.702557;
0.5680866, 0.7647578, 3.021617;0.6176385, 0.5901011, 2.989192;0.5697721, 0.225742, 2.934283;0.4722968, 0.4395467, 3.066038;0.6976082, 0.4495533, 2.841856;0.3886587, -0.1885739, 2.948858;0.639968, -0.1406408, 2.6524;0.559702, 0.1527554, 2.926857;0.4990278, 0.07506828, 2.969812;0.6002306, 0.08406638, 2.858523;0.5350221, -0.3930951, 2.983731;0.6799144, -0.3567821, 2.775768;0.570654, -0.7376919, 3.033671;0.7548019, -0.7342164, 2.753696;0.5206739, -0.7672328, 2.982778;0.7048218, -0.7637572, 2.702804;
0.5678404, 0.7638385, 3.021288;0.6176394, 0.5896009, 2.989369;0.5693309, 0.226174, 2.934857;0.4718533, 0.4396976, 3.065906;0.6974875, 0.449432, 2.841603;0.3885826, -0.1880801, 2.94854;0.6398734, -0.1406835, 2.652129;0.5591403, 0.1535531, 2.927621;0.4982225, 0.07534883, 2.97095;0.59978, 0.08439749, 2.85877;0.5346608, -0.3928369, 2.983598;0.6798195, -0.3569023, 2.775572;0.570395, -0.7378443, 3.033533;0.7547191, -0.7351068, 2.753187;0.5205853, -0.7672963, 2.982751;0.7049094, -0.7645588, 2.702404;
0.5675027, 0.7637479, 3.020291;0.6169681, 0.5889335, 2.989706;0.5688572, 0.2260941, 2.935027;0.4715662, 0.4401977, 3.066277;0.6963323, 0.4491842, 2.841072;0.3881649, -0.1911348, 2.948891;0.6393678, -0.1408439, 2.651945;0.5587788, 0.1535475, 2.927729;0.4980558, 0.07539957, 2.970902;0.5992506, 0.08474349, 2.859154;0.5347064, -0.3929349, 2.983663;0.6792097, -0.3553882, 2.775499;0.5698485, -0.7384258, 3.033282;0.7554096, -0.7327415, 2.753513;0.5192106, -0.7682694, 2.982003;0.7047716, -0.7625851, 2.702234;
0.570421, 0.7761289, 3.021502;0.6160951, 0.5893207, 2.990013;0.5684453, 0.226418, 2.935089;0.471043, 0.4403608, 3.065859;0.6961079, 0.4492923, 2.840715;0.3879519, -0.19164, 2.949171;0.6394399, -0.1411511, 2.651633;0.5584998, 0.1538349, 2.927736;0.4979073, 0.07549463, 2.970821;0.5990322, 0.08515445, 2.859183;0.5346523, -0.3930627, 2.983435;0.6794027, -0.3561531, 2.775507;0.5700252, -0.7384638, 3.033159;0.7554821, -0.7328706, 2.753599;0.5188131, -0.768675, 2.981212;0.70427, -0.7630818, 2.701652;
0.5698774, 0.7743229, 3.020973;0.6158326, 0.5896212, 2.989817;0.5682885, 0.2262901, 2.934986;0.4711872, 0.4405741, 3.064951;0.6951284, 0.4493113, 2.840469;0.3877617, -0.1920559, 2.948763;0.6392288, -0.1414549, 2.651475;0.5583607, 0.153614, 2.927616;0.4979448, 0.07541347, 2.970588;0.5988966, 0.08519787, 2.859257;0.5345128, -0.3930584, 2.983443;0.6789812, -0.3556985, 2.775266;0.5700462, -0.738934, 3.033687;0.7554988, -0.7327567, 2.753736;0.518211, -0.7694921, 2.981204;0.7036636, -0.7633149, 2.701252;
0.5683237, 0.773334, 3.021554;0.6153558, 0.5896475, 2.990114;0.5679979, 0.2262756, 2.935029;0.4705564, 0.4401771, 3.064528;0.6949726, 0.449316, 2.840467;0.3876711, -0.1924238, 2.94876;0.6390744, -0.1416179, 2.65121;0.5581521, 0.1535967, 2.927613;0.4977281, 0.07530838, 2.970485;0.5987668, 0.0852633, 2.859266;0.5345135, -0.3930915, 2.983453;0.6791261, -0.3561047, 2.775245;0.570237, -0.7388987, 3.033625;0.756025, -0.7335889, 2.754492;0.5179462, -0.7697753, 2.980499;0.7037341, -0.7644656, 2.701366;
0.5682995, 0.7735271, 3.021608;0.6149649, 0.5899401, 2.990199;0.5676414, 0.2263042, 2.935124;0.4700372, 0.4403529, 3.064624;0.6947942, 0.449238, 2.840336;0.3874288, -0.1940342, 2.948538;0.6389866, -0.1414565, 2.65109;0.5578515, 0.153582, 2.92769;0.4973992, 0.07540771, 2.970381;0.5985238, 0.08535824, 2.859611;0.5345126, -0.3930894, 2.98343;0.6790708, -0.3561275, 2.775158;0.5702091, -0.7388376, 3.033565;0.7566221, -0.734107, 2.755376;0.5174264, -0.7700204, 2.979892;0.7038393, -0.7652898, 2.701703;
0.5673025, 0.7692502, 3.019811;0.6139756, 0.5892139, 2.990049;0.5670891, 0.2261598, 2.935225;0.4701113, 0.4407, 3.065016;0.694267, 0.44905, 2.839986;0.3872137, -0.1947263, 2.948644;0.6386503, -0.1406222, 2.650637;0.5574147, 0.1535162, 2.927802;0.497219, 0.075349, 2.970464;0.5979589, 0.08540601, 2.85976;0.5345115, -0.393092, 2.983412;0.6788647, -0.3559994, 2.775047;0.5700271, -0.7388423, 3.033506;0.7559241, -0.7335064, 2.754416;0.5166277, -0.7703221, 2.979488;0.7025247, -0.7649863, 2.700398;
0.5661055, 0.7699038, 3.021522;0.613162, 0.5901736, 2.989427;0.5664929, 0.2262178, 2.935033;0.4690497, 0.440089, 3.065246;0.6936967, 0.4490821, 2.839773;0.3861512, -0.1959424, 2.948633;0.6383171, -0.1409882, 2.650682;0.5568708, 0.1534638, 2.927652;0.4966866, 0.07528657, 2.97012;0.5975302, 0.08554204, 2.859898;0.5343763, -0.3929268, 2.98353;0.6787999, -0.3558883, 2.775019;0.5702066, -0.7385488, 3.034007;0.7559811, -0.734714, 2.754247;0.5169996, -0.7699242, 2.980214;0.7027741, -0.7660894, 2.700454;
0.5651901, 0.7697727, 3.021357;0.6128384, 0.5903426, 2.988841;0.5660809, 0.2262143, 2.935066;0.4683002, 0.4405837, 3.066083;0.6925938, 0.4490433, 2.839663;0.3890491, -0.174885, 2.954854;0.6382515, -0.1410864, 2.650575;0.5564255, 0.1534275, 2.927787;0.4963722, 0.07531018, 2.970201;0.596885, 0.08573986, 2.860484;0.5342553, -0.3927404, 2.983547;0.6787762, -0.3562729, 2.775042;0.5702411, -0.7385175, 3.034177;0.7558697, -0.7351065, 2.754084;0.5171198, -0.7697803, 2.980736;0.7027484, -0.7663693, 2.700643;
0.5637954, 0.7655012, 3.021489;0.6123109, 0.5895625, 2.988927;0.565891, 0.2261523, 2.935043;0.4681579, 0.4407223, 3.0657;0.6924785, 0.4488893, 2.839482;0.3890277, -0.174753, 2.954831;0.6377794, -0.1418951, 2.650555;0.5562947, 0.1534235, 2.927757;0.496251, 0.07519952, 2.970173;0.5967587, 0.08575051, 2.860374;0.5339912, -0.3926747, 2.983524;0.678853, -0.3563002, 2.775019;0.570588, -0.7387502, 3.034778;0.7582079, -0.7297741, 2.757092;0.5176213, -0.7699433, 2.98142;0.7377021, -0.8181141, 2.744145;
0.5627874, 0.7639418, 3.020402;0.6122852, 0.5893425, 2.988585;0.5656183, 0.2259921, 2.93503;0.4669455, 0.4404881, 3.065587;0.6919695, 0.4488286, 2.839393;0.3889594, -0.174423, 2.955059;0.637809, -0.1419348, 2.650547;0.5559776, 0.1532643, 2.927802;0.4958108, 0.07509762, 2.970117;0.5964887, 0.08565637, 2.860658;0.5325138, -0.3906319, 2.98345;0.6790779, -0.357435, 2.775166;0.5704715, -0.7387552, 3.03464;0.7565185, -0.7327366, 2.755416;0.5177332, -0.769859, 2.981352;0.7037802, -0.7638404, 2.702128;
0.5627553, 0.7651312, 3.020867;0.6123014, 0.5897409, 2.988719;0.5654728, 0.2260055, 2.935052;0.4666478, 0.440615, 3.065706;0.6917636, 0.4488752, 2.839306;0.3882421, -0.1735968, 2.954824;0.6377508, -0.1417913, 2.65033;0.5558035, 0.1532336, 2.927813;0.4955547, 0.07523141, 2.969896;0.5962886, 0.08578213, 2.860969;0.532204, -0.3909497, 2.983446;0.6788189, -0.3568679, 2.775155;0.5707023, -0.7381686, 3.03464;0.7560049, -0.7337423, 2.755177;0.5180648, -0.7692041, 2.981475;0.7340422, -0.821327, 2.738604;
0.562203, 0.7659209, 3.020432;0.6109681, 0.5919387, 2.98707;0.5648664, 0.2258493, 2.934898;0.4665717, 0.4407184, 3.065777;0.6906505, 0.4488387, 2.839704;0.3882463, -0.1735874, 2.954901;0.6376656, -0.1415673, 2.650157;0.5551938, 0.1528202, 2.927771;0.4953464, 0.07516522, 2.969757;0.595637, 0.08576142, 2.861588;0.5322775, -0.3910136, 2.983398;0.6786702, -0.3567097, 2.774996;0.5704575, -0.7378187, 3.034574;0.7560297, -0.7340031, 2.75499;0.5178683, -0.7688379, 2.981612;0.7345742, -0.8214415, 2.738857;
0.5635834, 0.7867763, 3.025526;0.6107084, 0.5926453, 2.986573;0.5646514, 0.2259398, 2.934637;0.4661568, 0.4406822, 3.065567;0.6903799, 0.4491761, 2.839568;0.3881865, -0.1736414, 2.954823;0.6374224, -0.1419333, 2.65;0.5550306, 0.1528254, 2.927562;0.4950916, 0.07523413, 2.969412;0.5956222, 0.08580482, 2.86154;0.5323337, -0.3912012, 2.983458;0.6786556, -0.3567784, 2.774999;0.5702655, -0.7381138, 3.033805;0.7553382, -0.735881, 2.75413;0.5178273, -0.769062, 2.980969;0.7354119, -0.8213676, 2.739337;
0.564204, 0.7736664, 3.018543;0.6108769, 0.5924317, 2.986973;0.5646138, 0.2259785, 2.93467;0.4659197, 0.4409713, 3.065963;0.6898286, 0.4494119, 2.839578;0.388234, -0.1737418, 2.954834;0.6373781, -0.1418975, 2.649994;0.5549843, 0.152884, 2.927579;0.4950596, 0.07529113, 2.969424;0.5955521, 0.0858852, 2.861511;0.5321092, -0.3911936, 2.98315;0.6786653, -0.3566608, 2.774989;0.5708215, -0.7376791, 3.033199;0.7552328, -0.736481, 2.754071;0.5183884, -0.7685679, 2.980527;0.7349552, -0.821503, 2.738871;
0.5639039, 0.7682308, 3.018264;0.6104814, 0.5894922, 2.987019;0.5643448, 0.2256241, 2.934623;0.4658312, 0.4409063, 3.066026;0.6895509, 0.4493687, 2.839419;0.3877545, -0.1739626, 2.954473;0.6371325, -0.1420292, 2.650045;0.5547899, 0.1527207, 2.927539;0.4948668, 0.07503398, 2.969388;0.5953491, 0.08577838, 2.861408;0.5316951, -0.3916536, 2.983573;0.6786052, -0.3568064, 2.774979;0.5712253, -0.7369224, 3.033602;0.7551821, -0.7366951, 2.753995;0.518801, -0.7677665, 2.981037;0.7341808, -0.8214039, 2.737703;
0.5658292, 0.7821079, 3.021968;0.6101092, 0.5902343, 2.986776;0.5642032, 0.2259065, 2.934482;0.465519, 0.4410304, 3.066032;0.6894211, 0.4495886, 2.839389;0.3876902, -0.173721, 2.954653;0.6368431, -0.1417351, 2.649955;0.5547057, 0.1529453, 2.92742;0.4948014, 0.07522411, 2.969236;0.5953623, 0.08602582, 2.861339;0.5312063, -0.3915194, 2.983139;0.6782976, -0.3562716, 2.775249;0.5713398, -0.7370458, 3.033571;0.7553332, -0.7354442, 2.754461;0.5189751, -0.767873, 2.981036;0.7335494, -0.8203012, 2.739313;
0.5653324, 0.7739609, 3.018706;0.6100499, 0.5897381, 2.987198;0.5640336, 0.2258091, 2.934623;0.4654093, 0.441213, 3.065732;0.689339, 0.4496043, 2.839378;0.386846, -0.1738089, 2.953635;0.635891, -0.1425051, 2.649984;0.554548, 0.1529008, 2.927527;0.494624, 0.07519415, 2.969362;0.5952505, 0.08597592, 2.861369;0.5313236, -0.3914064, 2.982968;0.6785738, -0.3577698, 2.775368;0.5711494, -0.7370421, 3.032949;0.7553844, -0.7415054, 2.75474;0.5188873, -0.767822, 2.980435;0.7350551, -0.8223337, 2.734334;
0.563942, 0.7745956, 3.020011;0.6101682, 0.5921092, 2.986462;0.5638408, 0.2261499, 2.934427;0.465338, 0.4413977, 3.06567;0.6894612, 0.4497082, 2.83922;0.387058, -0.1737333, 2.952501;0.6358325, -0.1426167, 2.649937;0.5543754, 0.1530792, 2.927389;0.494316, 0.07556204, 2.969074;0.5951822, 0.08609598, 2.86137;0.5314293, -0.3914233, 2.982937;0.6784739, -0.3576375, 2.775222;0.5710531, -0.7364591, 3.033739;0.7554359, -0.7411886, 2.754582;0.5188615, -0.7672228, 2.981266;0.7352957, -0.8222082, 2.734554;
0.5639023, 0.7719709, 3.020189;0.6102974, 0.5905268, 2.986031;0.5638385, 0.2261348, 2.934408;0.4650388, 0.4413781, 3.065944;0.6893984, 0.4495721, 2.839084;0.3868753, -0.1736222, 2.952233;0.6358306, -0.1426475, 2.649865;0.5543741, 0.1530914, 2.927379;0.4943089, 0.0755524, 2.969071;0.595187, 0.08610385, 2.861357;0.5315067, -0.3913426, 2.982722;0.6785356, -0.3577809, 2.775273;0.5710559, -0.7364362, 3.03374;0.7551924, -0.7412913, 2.754339;0.5189483, -0.7671387, 2.981382;0.7361952, -0.8216335, 2.735547;
0.5635057, 0.7713224, 3.019692;0.6104117, 0.5905703, 2.986006;0.5638154, 0.2260991, 2.934277;0.4647054, 0.4411244, 3.065978;0.6894315, 0.4494874, 2.838595;0.3869283, -0.1731731, 2.95171;0.6357843, -0.1433327, 2.649687;0.5543255, 0.153042, 2.927214;0.4941497, 0.07541895, 2.968689;0.5951859, 0.0861131, 2.861298;0.531508, -0.3912672, 2.982611;0.6785364, -0.3582353, 2.774995;0.5710491, -0.7364268, 3.033745;0.7551312, -0.7411258, 2.754325;0.5190136, -0.7670693, 2.981505;0.7030957, -0.7717682, 2.702084;
0.563509, 0.7748611, 3.02145;0.6102078, 0.5907436, 2.985937;0.5638015, 0.2260827, 2.934168;0.4645373, 0.4406411, 3.064363;0.6894894, 0.4495988, 2.838538;0.3868902, -0.1744139, 2.949956;0.6361078, -0.1433772, 2.649823;0.5543439, 0.1530052, 2.92709;0.494219, 0.07528676, 2.968443;0.5952732, 0.08614828, 2.861224;0.5317876, -0.3912176, 2.982782;0.6785181, -0.3580454, 2.774655;0.5705123, -0.7365774, 3.033944;0.7553157, -0.7415593, 2.754462;0.5187514, -0.7671632, 2.981614;0.7035548, -0.7721452, 2.702132;
0.5632886, 0.7747073, 3.020215;0.6098583, 0.5907805, 2.985847;0.5637212, 0.2260877, 2.934091;0.4644649, 0.4406842, 3.064187;0.6894583, 0.4496419, 2.838474;0.3866113, -0.1740817, 2.949632;0.6359547, -0.1436679, 2.649902;0.5543041, 0.1530122, 2.92703;0.4942091, 0.07529407, 2.968367;0.5952724, 0.08616036, 2.861205;0.5317146, -0.3914382, 2.982676;0.6791362, -0.3584777, 2.774924;0.5709339, -0.7369877, 3.035118;0.7549726, -0.7416798, 2.754253;0.5192846, -0.7675238, 2.982866;0.7033233, -0.772216, 2.702;
0.5650558, 0.7816957, 3.024351;0.6097446, 0.5914851, 2.985716;0.5636442, 0.2263658, 2.934139;0.4648594, 0.4417856, 3.064375;0.6896136, 0.4497691, 2.83846;0.3868162, -0.17403, 2.949807;0.6359206, -0.1436723, 2.649881;0.5542441, 0.1532535, 2.927112;0.4942049, 0.07550696, 2.968446;0.5952146, 0.08647928, 2.861417;0.5318128, -0.3916589, 2.982731;0.6790991, -0.3576105, 2.774746;0.5707406, -0.7372419, 3.03494;0.7551726, -0.7372168, 2.754267;0.5191359, -0.7677492, 2.982767;0.7035678, -0.7677242, 2.702094;
0.565145, 0.7741629, 3.019598;0.6101626, 0.590647, 2.986102;0.5636554, 0.2263486, 2.934139;0.4647887, 0.4416538, 3.064201;0.6894751, 0.4496678, 2.838361;0.3870234, -0.1746783, 2.949753;0.6359271, -0.1435956, 2.649824;0.5542459, 0.1532558, 2.927103;0.4942041, 0.075496, 2.968461;0.5952126, 0.08648097, 2.861343;0.5320663, -0.391799, 2.982432;0.6790455, -0.3576095, 2.77477;0.570635, -0.7372708, 3.034868;0.7549104, -0.7381855, 2.754236;0.5190876, -0.7677248, 2.982755;0.7033629, -0.7686394, 2.702123;
0.5633447, 0.7686143, 3.016058;0.6109427, 0.5907029, 2.986945;0.5637071, 0.2263253, 2.934163;0.4648993, 0.44177, 3.064214;0.6891157, 0.4498128, 2.8385;0.3869219, -0.1748231, 2.949766;0.6363952, -0.143928, 2.650155;0.5542628, 0.153243, 2.927096;0.494252, 0.07548397, 2.968467;0.5951931, 0.08648791, 2.861265;0.5322384, -0.3919075, 2.982378;0.6788937, -0.3577701, 2.774679;0.570845, -0.7379457, 3.035026;0.7548223, -0.7384528, 2.754301;0.5192978, -0.7683483, 2.982997;0.7032751, -0.7688555, 2.702272;
0.5618674, 0.764537, 3.015925;0.6112362, 0.589237, 2.987453;0.5638267, 0.2261835, 2.934455;0.4648187, 0.4416775, 3.064081;0.6908129, 0.449118, 2.841544;0.3870527, -0.1747567, 2.949955;0.6385753, -0.1453967, 2.656607;0.5543705, 0.1532295, 2.927374;0.4942223, 0.07538567, 2.968709;0.595447, 0.08639684, 2.861565;0.5323301, -0.3918525, 2.982409;0.680739, -0.356864, 2.782371;0.5708644, -0.7378439, 3.034997;0.7588651, -0.7328773, 2.763995;0.5199763, -0.7681698, 2.98246;0.7079769, -0.7632032, 2.711459;
0.561786, 0.772715, 3.017679;0.6111728, 0.5893477, 2.987133;0.563969, 0.2262333, 2.934525;0.4641249, 0.4405525, 3.063444;0.6931676, 0.4492083, 2.844823;0.3843256, -0.195805, 2.947054;0.6389887, -0.1455786, 2.659789;0.5546141, 0.153317, 2.92755;0.4942455, 0.07538268, 2.968713;0.5965933, 0.08665244, 2.862583;0.5330811, -0.3916748, 2.982833;0.6818545, -0.3567168, 2.785485;0.5709469, -0.7377691, 3.035132;0.759783, -0.7308601, 2.767064;0.5208961, -0.7680424, 2.98193;0.7097322, -0.7611333, 2.713861;
0.5620239, 0.7702737, 3.015684;0.6111477, 0.589282, 2.987452;0.5641375, 0.226315, 2.934666;0.4640415, 0.4406647, 3.063513;0.693835, 0.449679, 2.846114;0.3843466, -0.1952643, 2.947239;0.6403162, -0.1447719, 2.66238;0.5548361, 0.1534603, 2.92767;0.4943328, 0.07543971, 2.968669;0.5971124, 0.08694346, 2.86287;0.5331454, -0.3918948, 2.982587;0.6819603, -0.3571952, 2.786543;0.5707285, -0.7378321, 3.034831;0.7605564, -0.7307031, 2.768638;0.5209712, -0.7680534, 2.981499;0.7107991, -0.7609244, 2.715307;
0.562335, 0.7696433, 3.015353;0.6115669, 0.5896362, 2.988105;0.5996407, 0.2156659, 2.971812;0.4638652, 0.4409082, 3.06366;0.6939399, 0.4498771, 2.846453;0.3834032, -0.1945819, 2.945049;0.6401849, -0.1453351, 2.663631;0.5550751, 0.1536573, 2.927879;0.4943954, 0.07549088, 2.968671;0.5975284, 0.08740945, 2.863254;0.5335116, -0.3922839, 2.982729;0.6819452, -0.3571528, 2.787567;0.5707633, -0.7379137, 3.03545;0.7608635, -0.730587, 2.769468;0.5211548, -0.7680672, 2.982165;0.711255, -0.7607405, 2.716183;
0.561054, 0.7706921, 3.014046;0.6112345, 0.5903758, 2.987394;0.5998274, 0.2158609, 2.971617;0.4633582, 0.440864, 3.064245;0.6939019, 0.4504691, 2.847552;0.3812296, -0.1946578, 2.944072;0.6402952, -0.1454577, 2.663975;0.555425, 0.1537065, 2.927598;0.4948426, 0.0754981, 2.968009;0.5982412, 0.08772558, 2.86322;0.5337937, -0.392463, 2.982697;0.6822438, -0.3567193, 2.788557;0.5708349, -0.7378772, 3.035446;0.7607855, -0.7314044, 2.770076;0.5210975, -0.7681862, 2.981832;0.7110481, -0.7617134, 2.716461;
0.560183, 0.7757598, 3.014031;0.610908, 0.5908129, 2.986885;0.6001793, 0.2159913, 2.971449;0.4631559, 0.4410718, 3.064823;0.6938865, 0.4506409, 2.847766;0.3746746, -0.1930245, 2.94054;0.6397188, -0.1448521, 2.66348;0.5559375, 0.153688, 2.927426;0.4959434, 0.07544098, 2.96732;0.5987598, 0.08778989, 2.863379;0.5338448, -0.3924423, 2.98245;0.6823215, -0.3571356, 2.788901;0.5702484, -0.7379613, 3.034072;0.7607543, -0.7315742, 2.770304;0.5205729, -0.7682441, 2.980564;0.7110788, -0.761857, 2.716796;
0.5568497, 0.7761273, 3.013303;0.6081526, 0.592282, 2.984174;0.6005419, 0.2166281, 2.971318;0.4616805, 0.4410594, 3.064911;0.6930966, 0.4509258, 2.847972;0.3694184, -0.1938241, 2.940057;0.6385821, -0.1410865, 2.659928;0.5567398, 0.1537753, 2.927239;0.4971733, 0.07533888, 2.966976;0.6005751, 0.08830882, 2.863792;0.5336785, -0.3925927, 2.982282;0.6823537, -0.3578134, 2.789354;0.5702109, -0.7380632, 3.034198;0.7615289, -0.7297413, 2.771142;0.5207332, -0.7684008, 2.980722;0.7120512, -0.7600789, 2.717666;
0.5486717, 0.7650647, 3.007309;0.6071184, 0.5905707, 2.983621;0.6010187, 0.2165464, 2.97155;0.4609106, 0.4410103, 3.064614;0.6928938, 0.450784, 2.847905;0.3542289, -0.1937409, 2.935992;0.6333967, -0.1449288, 2.649917;0.5577265, 0.1535625, 2.927601;0.4981719, 0.0752011, 2.967292;0.60247, 0.0878709, 2.864735;0.5332739, -0.3926612, 2.981684;0.6822364, -0.3585943, 2.78929;0.5692655, -0.7381632, 3.033409;0.7613053, -0.7296791, 2.771168;0.5196853, -0.7686733, 2.979624;0.7117251, -0.7601892, 2.717383;
0.5470464, 0.7646133, 3.006357;0.6050877, 0.5904177, 2.981179;0.601936, 0.2167848, 2.971547;0.4594412, 0.441569, 3.064288;0.690134, 0.4500505, 2.846942;0.3433433, -0.1926893, 2.928233;0.6277456, -0.1423253, 2.641373;0.5593006, 0.1530794, 2.928104;0.5005545, 0.07502135, 2.967954;0.6051798, 0.08764711, 2.866591;0.5326942, -0.3931043, 2.980951;0.6814033, -0.3622077, 2.789365;0.5688355, -0.7381089, 3.03243;0.7614201, -0.730017, 2.771622;0.5189084, -0.7688801, 2.978627;0.711493, -0.7607883, 2.71782;
0.5379162, 0.7669891, 3.000046;0.6027921, 0.5919299, 2.978109;0.6048597, 0.21617, 2.971938;0.4587997, 0.4415712, 3.064365;0.6859449, 0.4487686, 2.845266;0.3292646, -0.1882763, 2.926442;0.6250449, -0.1368591, 2.636717;0.5636576, 0.1501049, 2.929998;0.5070929, 0.07308024, 2.970337;0.6106179, 0.08519061, 2.870921;0.5323804, -0.3937243, 2.980014;0.6804742, -0.3642337, 2.789122;0.568372, -0.7388175, 3.032235;0.760049, -0.7337037, 2.771943;0.5177551, -0.7700148, 2.978854;0.7094321, -0.764901, 2.718562;
0.5316156, 0.7658178, 2.996742;0.5954381, 0.5913408, 2.972172;0.6064075, 0.2161431, 2.972419;0.4546086, 0.438131, 3.061917;0.6827793, 0.4474939, 2.842572;0.3211083, -0.1869796, 2.927093;0.6194627, -0.1391677, 2.626658;0.5665078, 0.1481443, 2.931147;0.5109672, 0.07181255, 2.971336;0.6155705, 0.08324308, 2.874604;0.5304784, -0.3957701, 2.977287;0.6804426, -0.3663818, 2.788375;0.567926, -0.7394307, 3.031771;0.7587695, -0.7354946, 2.77116;0.5173054, -0.7712185, 2.978281;0.7081488, -0.7672825, 2.71767;
0.5258433, 0.7577142, 2.990313;0.5871122, 0.5821784, 2.966223;0.6097956, 0.2136191, 2.973729;0.448862, 0.4341045, 3.059343;0.674512, 0.4424252, 2.837384;0.3126422, -0.1799871, 2.920125;0.6084882, -0.1518362, 2.607221;0.5719775, 0.1438606, 2.934916;0.5192366, 0.0683405, 2.976242;0.6229436, 0.07875989, 2.880958;0.5267999, -0.3984241, 2.975332;0.6789812, -0.3675282, 2.788419;0.5677227, -0.7397282, 3.031599;0.7573435, -0.7375298, 2.769902;0.516586, -0.772398, 2.978685;0.7062067, -0.7701995, 2.716988;
0.5111108, 0.7412731, 2.974849;0.5786779, 0.5713617, 2.960067;0.6130801, 0.2089921, 2.975928;0.4438955, 0.4251946, 3.051338;0.6645532, 0.4346558, 2.831498;0.3044949, -0.1787062, 2.920214;0.6065695, -0.1563203, 2.601401;0.5766575, 0.1380735, 2.938773;0.527735, 0.06228258, 2.982618;0.6273639, 0.07386105, 2.885228;0.5262464, -0.398983, 2.975484;0.6769966, -0.3707683, 2.785176;0.5661929, -0.740993, 3.02963;0.7559452, -0.7386431, 2.76971;0.5148325, -0.7746744, 2.977127;0.7045848, -0.7723245, 2.717207;
0.4982409, 0.7220056, 2.959031;0.5697207, 0.5597498, 2.952345;0.6142394, 0.2038564, 2.976319;0.4377025, 0.4104257, 3.041159;0.6596054, 0.4239959, 2.823105;0.2974932, -0.1888965, 2.91907;0.5987874, -0.1689255, 2.587879;0.582155, 0.1313925, 2.942605;0.5349016, 0.05716675, 2.987445;0.6357226, 0.06499207, 2.891719;0.5244603, -0.4000385, 2.974835;0.6780502, -0.3803392, 2.77786;0.5593957, -0.7375257, 3.025002;0.755311, -0.7408813, 2.769069;0.5086268, -0.7724591, 2.972333;0.7045421, -0.7758147, 2.716401;
0.4851585, 0.7069154, 2.944295;0.5562018, 0.5380886, 2.941338;0.6188575, 0.1918185, 2.976794;0.4331679, 0.395503, 3.033597;0.6495463, 0.4075688, 2.815445;0.2829486, -0.2040423, 2.915525;0.5963188, -0.1899348, 2.583124;0.5892421, 0.1182492, 2.945418;0.5455452, 0.04556081, 2.991768;0.6433295, 0.05423232, 2.89563;0.5223213, -0.4013204, 2.974506;0.6792403, -0.3840296, 2.774229;0.5578106, -0.7366792, 3.023947;0.7550709, -0.7512006, 2.76982;0.5069333, -0.7735484, 2.972309;0.7041936, -0.7880698, 2.718181;
0.4652245, 0.6773855, 2.926166;0.5371182, 0.5032167, 2.914555;0.6242144, 0.1705757, 2.973326;0.425429, 0.3719879, 3.024404;0.6385021, 0.3872426, 2.80406;0.2800803, -0.2193226, 2.913165;0.5975744, -0.2040951, 2.576813;0.5990419, 0.09395336, 2.946436;0.5612736, 0.01935278, 2.996934;0.6555555, 0.03386966, 2.899557;0.5207247, -0.4045856, 2.975456;0.6803597, -0.3912038, 2.771353;0.5565245, -0.7352854, 3.023014;0.7543921, -0.7504121, 2.769561;0.5064225, -0.7757635, 2.972973;0.7042901, -0.7908902, 2.719519;
0.4571345, 0.6590647, 2.919179;0.5324484, 0.4940671, 2.908795;0.6283955, 0.1564452, 2.97288;0.4196369, 0.3563762, 3.021545;0.631274, 0.3721974, 2.797909;0.2740162, -0.2438421, 2.908328;0.6000187, -0.2050142, 2.574242;0.6060551, 0.07772298, 2.948814;0.5704004, 0.004678967, 3.000926;0.6648161, 0.01886298, 2.904469;0.5168676, -0.4136244, 2.97618;0.6831183, -0.3972582, 2.768228;0.5559617, -0.7342235, 3.022707;0.7536337, -0.7506803, 2.769352;0.5057818, -0.7760054, 2.973487;0.7034538, -0.7924621, 2.720132;
0.4472098, 0.6369802, 2.905576;0.5105268, 0.4605142, 2.887079;0.6300769, 0.1423164, 2.972067;0.4088519, 0.3278621, 3.0155;0.6212548, 0.35467, 2.78966;0.2737873, -0.2708704, 2.90704;0.6035923, -0.214718, 2.573301;0.6120762, 0.06094166, 2.951147;0.5793936, -0.01037049, 3.003898;0.6729935, 0.005790721, 2.910807;0.5163865, -0.4156301, 2.97688;0.6856787, -0.4143873, 2.76262;0.5558444, -0.734073, 3.022719;0.7525898, -0.7508637, 2.768166;0.5077636, -0.7796835, 2.974524;0.704509, -0.7964742, 2.71997;
0.4312278, 0.5961586, 2.886414;0.5111043, 0.4397534, 2.880274;0.6415927, 0.1118207, 2.968694;0.4045198, 0.2980709, 3.008351;0.612662, 0.312015, 2.778379;0.2686807, -0.2966177, 2.894259;0.5917407, -0.2853634, 2.558599;0.6265605, 0.02955634, 2.951729;0.5971082, -0.03933463, 3.004864;0.6887428, -0.02074052, 2.9154;0.515195, -0.4211008, 2.977807;0.6878767, -0.425438, 2.757606;0.55531, -0.7334954, 3.022691;0.7517022, -0.7503659, 2.767266;0.5063678, -0.7804756, 2.976376;0.7027601, -0.797346, 2.720951;
0.426976, 0.590623, 2.880566;0.4992636, 0.407424, 2.874885;0.6422587, 0.1032772, 2.966929;0.4002166, 0.2625575, 3.005748;0.6059492, 0.2944216, 2.773795;0.269322, -0.3200502, 2.894041;0.5952721, -0.3130659, 2.547306;0.6295872, 0.02103782, 2.950401;0.6025993, -0.04769867, 3.002947;0.692243, -0.02701757, 2.915027;0.513378, -0.4274295, 2.978744;0.6926336, -0.4431081, 2.753722;0.5547065, -0.733531, 3.022471;0.7511917, -0.7503172, 2.765837;0.5072646, -0.7825881, 2.976434;0.7037497, -0.7993743, 2.7198;
0.4052888, 0.5322378, 2.854748;0.4960192, 0.3766542, 2.866828;0.6535832, 0.07435659, 2.958336;0.3978825, 0.2480859, 3.003694;0.6004075, 0.2637148, 2.768669;0.2703308, -0.347338, 2.903158;0.5985867, -0.3251928, 2.546223;0.6443763, -0.007793785, 2.943772;0.6214812, -0.07477126, 2.997139;0.7095596, -0.05247925, 2.908689;0.5074026, -0.447403, 2.979777;0.6922292, -0.4456105, 2.750021;0.5544419, -0.7336746, 3.022579;0.752598, -0.7542253, 2.765966;0.5064148, -0.784423, 2.978747;0.7045709, -0.8049737, 2.722133;
0.3973479, 0.5110396, 2.847025;0.4879568, 0.3488405, 2.862151;0.6603656, 0.05668083, 2.959729;0.3943523, 0.196762, 2.99056;0.5949964, 0.2455742, 2.763462;0.2618595, -0.3856795, 2.886769;0.5989005, -0.3595965, 2.54021;0.6577005, -0.02714626, 2.944439;0.6372966, -0.09327349, 2.998482;0.7244352, -0.06673769, 2.909384;0.5054584, -0.4597283, 2.984873;0.6914707, -0.4877322, 2.732557;0.5486252, -0.7605763, 3.024158;0.7579624, -0.784458, 2.77113;0.5043738, -0.8131619, 2.978272;0.713711, -0.8370436, 2.725244;
0.3908609, 0.4935955, 2.840042;0.4819345, 0.3232731, 2.847855;0.6553143, 0.01490797, 2.988167;0.3913845, 0.1808327, 2.987287;0.5938204, 0.2166767, 2.75754;0.2637763, -0.4040399, 2.893781;0.586856, -0.3928659, 2.527756;0.6537086, -0.07244351, 2.983963;0.6394656, -0.1305402, 3.036629;0.714588, -0.118683, 2.965251;0.4944885, -0.4887654, 2.98243;0.685414, -0.4714349, 2.712459;0.5395549, -0.7888217, 3.020831;0.7531719, -0.763267, 2.766527;0.5824726, -0.8440425, 3.02859;0.709964, -0.8186791, 2.722757;
0.3836337, 0.4420734, 2.825878;0.4754435, 0.2898408, 2.844711;0.6538699, 0.003260631, 2.988292;0.3882157, 0.1390148, 2.983762;0.5921376, 0.1888698, 2.751493;0.2692906, -0.4167787, 2.895856;0.6077254, -0.4301424, 2.542924;0.6543261, -0.0841758, 2.983766;0.6421738, -0.1426893, 3.03568;0.7143623, -0.1288818, 2.965762;0.488781, -0.4965736, 2.983109;0.6811444, -0.4806679, 2.702911;0.5415993, -0.7939523, 3.024096;0.7551911, -0.7668463, 2.767805;0.5878024, -0.8467023, 3.020768;0.7142928, -0.8236104, 2.723915;
0.3817666, 0.4326661, 2.822951;0.4680347, 0.2561873, 2.834574;0.6522124, -0.02625684, 2.987956;0.3890476, 0.1236197, 2.980841;0.5908197, 0.1650433, 2.748047;0.2737732, -0.46165, 2.893429;0.6089545, -0.465596, 2.544925;0.6541591, -0.1133507, 2.986314;0.6422272, -0.1666826, 3.037737;0.7149568, -0.1555817, 2.970656;0.4811105, -0.51605, 2.984494;0.6753209, -0.4718022, 2.691767;0.5451799, -0.8095286, 3.028934;0.7525884, -0.7539757, 2.763367;0.6070995, -0.800828, 2.997266;0.7120583, -0.812092, 2.721186;
0.3783195, 0.425412, 2.821165;0.4658664, 0.2439271, 2.830148;0.6487518, -0.03437694, 2.98691;0.3889711, 0.1039825, 2.977319;0.5880886, 0.143099, 2.744321;0.2780753, -0.5028017, 2.893059;0.6128901, -0.491882, 2.548726;0.6503977, -0.1214334, 2.986423;0.6385851, -0.1767873, 3.042272;0.7107286, -0.1681, 2.968849;0.4786215, -0.525023, 2.983168;0.6753253, -0.477751, 2.69065;0.5452954, -0.8165931, 3.02942;0.753877, -0.7577897, 2.76468;0.583077, -0.7665502, 2.998463;0.7133321, -0.8161807, 2.72327;
0.3723597, 0.3646371, 2.811889;0.4671585, 0.2059558, 2.823343;0.6577248, -0.05358376, 2.981307;0.3840034, 0.06287605, 2.976067;0.5842454, 0.1056572, 2.738687;0.2926741, -0.524274, 2.904385;0.6170139, -0.4869321, 2.552723;0.6618708, -0.1398151, 2.981773;0.6557217, -0.1980338, 3.040646;0.7235024, -0.1835861, 2.962775;0.4709324, -0.5330215, 2.982849;0.6730454, -0.4780253, 2.689111;0.5399075, -0.8233169, 3.028649;0.7533131, -0.7563626, 2.76403;0.5010265, -0.8832535, 2.988271;0.7144321, -0.8162991, 2.723653;
0.3657369, 0.3491356, 2.808756;0.4645998, 0.1855317, 2.81837;0.6577649, -0.06663131, 2.978731;0.3829049, 0.05486139, 2.978949;0.5853925, 0.09583992, 2.738938;0.2935971, -0.5257109, 2.908425;0.6251322, -0.5561144, 2.560171;0.6629317, -0.1515936, 2.980283;0.6570248, -0.2089596, 3.041775;0.7264466, -0.195471, 2.960789;0.4662699, -0.5393512, 2.981449;0.6677465, -0.4853693, 2.68197;0.5388029, -0.8276527, 3.028658;0.7525659, -0.7589657, 2.76362;0.5004738, -0.8885855, 2.988906;0.7142368, -0.8198985, 2.723867;
0.3554848, 0.3105176, 2.800622;0.4647772, 0.156015, 2.816373;0.6591628, -0.104033, 2.973568;0.3873298, 0.02272978, 2.977948;0.5857337, 0.07352339, 2.738881;0.2995968, -0.544267, 2.925372;0.6283392, -0.5623141, 2.556459;0.6649327, -0.189516, 2.973763;0.6600078, -0.2492498, 3.037842;0.7292922, -0.2321648, 2.952178;0.4841135, -0.5247632, 2.990254;0.6633989, -0.4985727, 2.670282;0.5503901, -0.7473438, 3.023588;0.7481869, -0.7724462, 2.749065;0.5119625, -0.8077314, 2.982782;0.7315172, -0.8257411, 2.791332;
0.3577915, 0.2989441, 2.800972;0.4644273, 0.1342352, 2.811321;0.6603318, -0.1114088, 2.972381;0.3877433, -0.004480736, 2.975987;0.5855727, 0.05391476, 2.735451;0.3031943, -0.5598559, 2.926739;0.6300083, -0.572908, 2.557279;0.6675223, -0.1963013, 2.973131;0.6637661, -0.2579088, 3.038395;0.73265, -0.237572, 2.951795;0.4819207, -0.5272526, 2.988467;0.6691455, -0.5166355, 2.683557;0.5497496, -0.7480077, 3.023482;0.7509642, -0.7944049, 2.751895;0.5129678, -0.8096818, 2.982754;0.7332876, -0.8161386, 2.816232;
0.3569388, 0.2905107, 2.798098;0.4617606, 0.1114354, 2.811983;0.6603628, -0.1232976, 2.971081;0.3864861, -0.01542713, 2.973187;0.5826154, 0.02748994, 2.733382;0.305495, -0.6250501, 2.935032;0.6382095, -0.5734835, 2.568163;0.6675639, -0.2067076, 2.973345;0.6644533, -0.2680512, 3.040184;0.7340504, -0.2473965, 2.951756;0.4803371, -0.528387, 2.986738;0.6559744, -0.5129811, 2.674361;0.549795, -0.7490489, 3.023051;0.7406945, -0.7913542, 2.73618;0.5123703, -0.8118144, 2.984326;0.7510518, -0.8130263, 2.802246;
0.3458685, 0.2172057, 2.789703;0.463659, 0.09657582, 2.80998;0.6605644, -0.1374528, 2.971152;0.3896704, -0.02677882, 2.967087;0.5815704, 0.01650318, 2.733636;0.30508, -0.6300082, 2.935344;0.6413354, -0.6276485, 2.556645;0.6678684, -0.2204399, 2.973743;0.6648208, -0.2794442, 3.042643;0.734759, -0.2622898, 2.951348;0.4774141, -0.5280796, 2.984077;0.6470177, -0.5174574, 2.667841;0.5502939, -0.7503072, 3.022528;0.7371624, -0.7936573, 2.729121;0.5131645, -0.8132257, 2.983591;0.7511759, -0.8110279, 2.795856;
0.3450488, 0.2089538, 2.786874;0.4605059, 0.06925358, 2.808017;0.6586546, -0.1411577, 2.976287;0.3852659, -0.07513596, 2.969077;0.5795823, -0.01241427, 2.730932;0.3072744, -0.6346787, 2.934784;0.6559474, -0.597183, 2.563461;0.6692116, -0.2241788, 2.9795;0.6668965, -0.2846703, 3.058139;0.7393837, -0.2655996, 2.957033;0.4689947, -0.5197191, 2.976583;0.6455173, -0.5127562, 2.668937;0.5505474, -0.7513926, 3.022372;0.745886, -0.7715073, 2.755304;0.5172993, -0.8162959, 2.982904;0.7126378, -0.8364106, 2.715835;
0.3419179, 0.1925045, 2.783325;0.4585777, 0.05406898, 2.803312;0.6591642, -0.1527565, 2.974513;0.3861938, -0.08300394, 2.964984;0.5811564, -0.02896841, 2.729465;0.3334005, -0.6346622, 2.94185;0.6621003, -0.6635882, 2.565981;0.6704075, -0.2337816, 2.979309;0.6679486, -0.2917153, 3.058059;0.7419454, -0.2733301, 2.956318;0.4593721, -0.5239272, 2.970884;0.6330041, -0.5089672, 2.664599;0.549806, -0.7531896, 3.0213;0.74352, -0.7717766, 2.757963;0.5167753, -0.8190014, 2.982886;0.7104893, -0.8375884, 2.719549;
0.3437238, 0.1748678, 2.77933;0.4594571, 0.0335523, 2.798025;0.6766772, -0.1811865, 2.96578;0.3887699, -0.09235568, 2.955563;0.5833206, -0.04307541, 2.731395;0.3128479, -0.6654633, 2.941649;0.6630809, -0.6669315, 2.565785;0.6934195, -0.2642107, 2.969501;0.6922416, -0.3214975, 3.035974;0.7582982, -0.2882455, 2.950057;0.4560826, -0.5456569, 2.972352;0.6264762, -0.509379, 2.657158;0.549783, -0.7533485, 3.019803;0.7434633, -0.7714925, 2.758148;0.5173144, -0.8193166, 2.980954;0.7109948, -0.8374606, 2.7193;
0.3455467, 0.1615956, 2.779722;0.4591878, 0.01449978, 2.792727;0.6742887, -0.1858752, 2.963544;0.3871842, -0.09805962, 2.953584;0.5875385, -0.06481566, 2.728097;0.3143051, -0.6888166, 2.952371;0.665386, -0.6966815, 2.569221;0.6903321, -0.2683693, 2.969459;0.6898956, -0.3238167, 3.037314;0.7560666, -0.2983869, 2.949553;0.3823259, -0.534882, 2.957047;0.6218926, -0.4938173, 2.64008;0.5079309, -0.7972309, 3.012011;0.7453688, -0.7584453, 2.758296;0.5781499, -0.7935933, 3.020992;0.7049533, -0.749817, 2.671754;
0.3444655, 0.1417134, 2.77448;0.4597642, -0.006145416, 2.793471;0.6735034, -0.1910467, 2.960059;0.3871665, -0.1019575, 2.950651;0.5875773, -0.07648307, 2.725173;0.2997863, -0.7405724, 2.953713;0.6693093, -0.7014219, 2.571182;0.689325, -0.2719272, 2.967342;0.6900162, -0.3251325, 3.037173;0.7567395, -0.3056074, 2.94502;0.4055793, -0.5631927, 2.949025;0.6234949, -0.5095783, 2.641759;0.5200045, -0.8252708, 3.018775;0.7474924, -0.7715425, 2.760057;0.487495, -0.8938234, 2.983775;0.7066022, -0.7778929, 2.673336;
0.3437315, 0.1252415, 2.768855;0.46012, -0.0150183, 2.79252;0.6702862, -0.1999619, 2.961576;0.3863984, -0.1657549, 2.945745;0.5870302, -0.08446255, 2.72516;0.2998226, -0.7416812, 2.952619;0.6719098, -0.707965, 2.569539;0.6904205, -0.2783168, 2.963768;0.6926728, -0.337544, 3.03424;0.7597725, -0.3085302, 2.941988;0.4597943, -0.5542468, 2.965741;0.6107748, -0.4982386, 2.637486;0.5502629, -0.7585706, 3.017709;0.6696506, -0.7847611, 2.537149;0.5528334, -0.8296188, 3.019596;0.6435307, -0.8523115, 2.495251;
0.3447865, 0.1180184, 2.766691;0.4619654, -0.02510678, 2.790553;0.6735548, -0.213631, 2.954105;0.3862042, -0.166212, 2.945845;0.5855425, -0.09975194, 2.723793;0.3034637, -0.7330734, 2.952177;0.6793451, -0.7135285, 2.570029;0.6914928, -0.292085, 2.956084;0.6943517, -0.3505362, 3.028982;0.762471, -0.322008, 2.932014;0.4595913, -0.5573734, 2.965835;0.6021212, -0.5003173, 2.626433;0.551246, -0.7603408, 3.017359;0.6613975, -0.7864137, 2.526659;0.5530917, -0.8315133, 3.018555;0.6327085, -0.8538718, 2.486111;
0.3457027, 0.1092833, 2.763181;0.4628717, -0.03313631, 2.790573;0.6743432, -0.2243037, 2.952018;0.3858403, -0.1676008, 2.944299;0.5860026, -0.1048544, 2.723242;0.3007468, -0.7427927, 2.951604;0.6823763, -0.7160091, 2.569816;0.6915817, -0.3028417, 2.953503;0.6930058, -0.3619687, 3.022611;0.762036, -0.3283326, 2.931045;0.3534869, -0.591834, 3.034162;0.599246, -0.498262, 2.622372;0.5686777, -0.8015974, 3.019553;0.656987, -0.7811821, 2.511038;0.4988672, -0.7898366, 3.011264;0.6275886, -0.8484129, 2.470447;
0.3468447, 0.107403, 2.762283;0.4633611, -0.0379901, 2.788542;0.6735949, -0.2330071, 2.949399;0.3853945, -0.1707083, 2.943323;0.585389, -0.1107398, 2.721951;0.3021412, -0.7471631, 2.952926;0.6853008, -0.7118874, 2.569408;0.6897587, -0.3120061, 2.950829;0.6914883, -0.3717473, 3.020672;0.7599918, -0.3415045, 2.928079;0.3531739, -0.5916492, 3.033817;0.5945035, -0.4985125, 2.614353;0.5768423, -0.7919567, 3.017577;0.6514799, -0.7807525, 2.501426;0.5085197, -0.8125491, 3.016701;0.6212253, -0.8477258, 2.46083;
0.3472826, 0.1052932, 2.761286;0.4631229, -0.04298412, 2.78833;0.6721271, -0.2332953, 2.94993;0.3858027, -0.1869905, 2.944175;0.5851561, -0.1126499, 2.721455;0.3006726, -0.7489774, 2.952841;0.6860312, -0.7153481, 2.571269;0.6895308, -0.3120658, 2.950533;0.6912301, -0.3726008, 3.020834;0.7602302, -0.3411931, 2.927724;0.4510242, -0.5705546, 2.967036;0.5944811, -0.4979119, 2.61408;0.5512527, -0.76869, 3.016504;0.651461, -0.7791138, 2.499156;0.5551299, -0.8400139, 3.017961;0.6228883, -0.8461958, 2.457343;
0.3481464, 0.1044913, 2.760461;0.463675, -0.04452751, 2.78686;0.6728333, -0.2324731, 2.949481;0.3864433, -0.1817781, 2.940165;0.5863001, -0.1149966, 2.721133;0.3003928, -0.7497812, 2.951371;0.6870733, -0.7175702, 2.57146;0.6905729, -0.3108524, 2.95086;0.6928828, -0.3692617, 3.021665;0.761788, -0.3388719, 2.928669;0.4512304, -0.5699506, 2.966536;0.5954247, -0.4819674, 2.609343;0.5529438, -0.783398, 3.020418;0.6531422, -0.766303, 2.507028;0.5242966, -0.8509288, 2.979234;0.678865, -0.7881847, 2.597687;
0.350069, 0.102765, 2.757927;0.4634325, -0.04745274, 2.787235;0.6734961, -0.23206, 2.950035;0.3853045, -0.1862586, 2.941621;0.5870793, -0.1169797, 2.719767;0.295234, -0.7544963, 2.945663;0.684824, -0.7036729, 2.5794;0.6921151, -0.3100926, 2.951755;0.6943349, -0.3688335, 3.021999;0.7651167, -0.335267, 2.931431;0.3753039, -0.5661967, 2.98728;0.5961113, -0.4824449, 2.616103;0.5500432, -0.8029316, 3.01563;0.6562588, -0.7654103, 2.511952;0.5219966, -0.8706661, 2.974633;0.6800058, -0.7886387, 2.602331;
0.3492087, 0.09876879, 2.757125;0.4635857, -0.04884918, 2.787483;0.6732816, -0.2317734, 2.950123;0.38383, -0.1888288, 2.941916;0.5867692, -0.1184552, 2.719159;0.2959908, -0.7540428, 2.945395;0.6853253, -0.7069296, 2.579175;0.6919567, -0.3094583, 2.951907;0.6938102, -0.3684933, 3.022953;0.7655489, -0.3341108, 2.931224;0.3678604, -0.5530182, 2.98525;0.5963125, -0.4837533, 2.617772;0.5492686, -0.7844787, 3.012816;0.6582983, -0.7656249, 2.512327;0.5215285, -0.8521784, 2.971875;0.6799598, -0.7886678, 2.602721;
0.3546983, 0.09981314, 2.754643;0.4637564, -0.04919761, 2.787559;0.6726308, -0.2334691, 2.94971;0.3841263, -0.1894276, 2.941525;0.5868403, -0.1188689, 2.719087;0.2979079, -0.7682055, 2.938352;0.6831645, -0.7336096, 2.570986;0.690633, -0.311316, 2.951012;0.6918176, -0.371758, 3.02248;0.764002, -0.3374916, 2.929142;0.4256669, -0.6263971, 2.990658;0.6092178, -0.5097179, 2.620525;0.5391276, -0.7458831, 3.006274;0.676643, -0.7884563, 2.510342;0.5580691, -0.8131282, 3.02067;0.6486458, -0.8560049, 2.469165;
0.3565228, 0.100359, 2.754152;0.4642789, -0.04968874, 2.787356;0.6726457, -0.2338712, 2.949032;0.3835837, -0.1903674, 2.942347;0.587439, -0.1205555, 2.71853;0.325746, -0.7544828, 2.943361;0.6838068, -0.733035, 2.571355;0.6903309, -0.3116617, 2.950215;0.6917214, -0.3722875, 3.022126;0.7638059, -0.3384571, 2.92777;0.4521727, -0.5850188, 2.969848;0.6068774, -0.5022906, 2.616208;0.5412906, -0.7464583, 3.006772;0.6755137, -0.779938, 2.504905;0.5130668, -0.8140469, 2.96565;0.6472899, -0.8475266, 2.463783;
0.3561863, 0.09950404, 2.75385;0.4649143, -0.05027948, 2.786987;0.6728381, -0.234279, 2.948932;0.3832704, -0.1908236, 2.942602;0.5879458, -0.1214629, 2.71874;0.3380997, -0.7480255, 2.935298;0.6840045, -0.7319717, 2.571434;0.6904559, -0.3119857, 2.950144;0.6919474, -0.3729368, 3.022488;0.7641673, -0.3390854, 2.92766;0.4313174, -0.5768713, 2.972421;0.6022764, -0.499581, 2.617599;0.5415017, -0.7463788, 3.006617;0.6715367, -0.7765539, 2.50603;0.5132703, -0.8140467, 2.965468;0.6433052, -0.8442217, 2.464881;
0.3586252, 0.09924662, 2.754467;0.4664743, -0.05095257, 2.78693;0.6144813, -0.3002015, 2.953259;0.3832096, -0.1911676, 2.943078;0.5883995, -0.1231816, 2.718478;0.3389843, -0.7472726, 2.933397;0.6850246, -0.7289734, 2.572239;0.6113298, -0.3807071, 2.951701;0.5735313, -0.4494664, 3.023946;0.6941884, -0.4186834, 2.928751;0.4323377, -0.5705881, 2.969634;0.6094508, -0.48026, 2.556224;0.5427445, -0.7465896, 3.006517;0.6789093, -0.7567171, 2.444687;0.5054032, -0.8063071, 2.960457;0.6415681, -0.8164346, 2.398626;
0.3597116, 0.09876657, 2.755033;0.4671175, -0.05138594, 2.786465;0.6763481, -0.2414993, 2.94857;0.3797122, -0.1926152, 2.944237;0.5885321, -0.1244677, 2.71845;0.3382489, -0.7468183, 2.934775;0.6852424, -0.7284824, 2.572721;0.6928703, -0.3190537, 2.950083;0.6933764, -0.3809131, 3.020694;0.7662506, -0.3455258, 2.930329;0.4530599, -0.6022091, 2.975241;0.5998487, -0.4938298, 2.617064;0.5439372, -0.7469591, 3.007157;0.6692886, -0.7699352, 2.505633;0.5151747, -0.8144118, 2.965698;0.6405261, -0.8373878, 2.464175;
0.3645829, 0.1006058, 2.758607;0.4683146, -0.05183654, 2.787284;0.6682135, -0.2667213, 2.947142;0.3801563, -0.1923486, 2.944005;0.5892701, -0.1272497, 2.71819;0.33939, -0.7455365, 2.934773;0.6854654, -0.7284546, 2.572762;0.6767317, -0.3515883, 2.945017;0.6654768, -0.4235778, 3.003993;0.7467955, -0.3798891, 2.927677;0.5169343, -0.6721463, 3.013744;0.5959219, -0.5021019, 2.594994;0.5450895, -0.7497687, 3.009544;0.6657057, -0.7780252, 2.483404;0.5123708, -0.814252, 2.966106;0.6329871, -0.8425084, 2.439966;
0.3647084, 0.09908774, 2.763093;0.470175, -0.05222935, 2.786492;0.671679, -0.2566116, 2.947675;0.3812418, -0.1849478, 2.942032;0.5897321, -0.12928, 2.717763;0.3401252, -0.7469386, 2.93531;0.6857623, -0.7265089, 2.572928;0.6855618, -0.3332279, 2.949797;0.6888551, -0.3780003, 3.023625;0.7544608, -0.3656666, 2.929592;0.4255959, -0.573397, 2.976926;0.5991505, -0.4985885, 2.604005;0.5134597, -0.7382485, 3.004382;0.6689794, -0.7739835, 2.492505;0.4819196, -0.8047572, 2.963043;0.6374392, -0.8404922, 2.451167;
0.3819018, 0.126716, 2.771178;0.4710618, -0.05218582, 2.785765;0.6752587, -0.2485168, 2.950608;0.3820526, -0.1814376, 2.941654;0.5898893, -0.1296559, 2.718362;0.3464068, -0.7402759, 2.939731;0.6864182, -0.7248924, 2.574234;0.6899889, -0.3256521, 2.954333;0.6901693, -0.3760831, 3.025065;0.7599757, -0.3549097, 2.935744;0.440781, -0.5688155, 2.96536;0.6011414, -0.5024816, 2.619238;0.5397425, -0.7466313, 3.006356;0.6710155, -0.7774159, 2.507808;0.5088961, -0.8142025, 2.966081;0.6401691, -0.8449872, 2.467534;
0.3788108, 0.1175456, 2.767446;0.4720869, -0.05227675, 2.786274;0.676968, -0.2442898, 2.952741;0.3815398, -0.1829197, 2.942889;0.5902191, -0.1299871, 2.718478;0.3459194, -0.7401661, 2.940875;0.686933, -0.7236109, 2.57426;0.6920847, -0.3216206, 2.956536;0.6909761, -0.3752953, 3.025353;0.7629313, -0.3474367, 2.939828;0.4429856, -0.5692145, 2.964772;0.603551, -0.5029742, 2.628222;0.5425788, -0.7463464, 3.00646;0.6733785, -0.7775009, 2.516932;0.5122672, -0.8143702, 2.966398;0.643067, -0.8455247, 2.47687;
0.3730282, 0.1087149, 2.770704;0.4735088, -0.05168986, 2.78798;0.6776896, -0.2410273, 2.953794;0.3818632, -0.1835313, 2.943596;0.5905769, -0.1296009, 2.718774;0.3462189, -0.7424333, 2.943842;0.6870133, -0.7232164, 2.574119;0.6927853, -0.3183784, 2.957196;0.6915032, -0.3742674, 3.026375;0.7643449, -0.3447152, 2.939373;0.4466375, -0.5685751, 2.964223;0.6044992, -0.5044031, 2.6308;0.5436906, -0.7475212, 3.00691;0.6742557, -0.7785523, 2.519667;0.5135335, -0.8156741, 2.966815;0.6440986, -0.8467052, 2.479572;
0.3749178, 0.112706, 2.772637;0.4751761, -0.04868231, 2.78842;0.6778717, -0.2386715, 2.955197;0.3819719, -0.1828927, 2.944205;0.593807, -0.1248519, 2.721482;0.321904, -0.7005538, 2.950826;0.6879113, -0.7215346, 2.574626;0.6933001, -0.3163029, 2.957851;0.6914868, -0.3737398, 3.0272;0.7657369, -0.3427808, 2.939653;0.4552303, -0.6221375, 2.983377;0.6014812, -0.4961577, 2.630657;0.5447455, -0.7463573, 3.006701;0.6711736, -0.7698649, 2.519692;0.5152749, -0.81432, 2.965644;0.641703, -0.8378276, 2.478636;
0.3756267, 0.1136271, 2.772636;0.4755487, -0.04474531, 2.790518;0.6795127, -0.2359363, 2.956659;0.3844633, -0.1781764, 2.944891;0.5951818, -0.1215998, 2.722683;0.3461912, -0.7287126, 2.95611;0.6868106, -0.7207856, 2.574011;0.6949247, -0.3139328, 2.959203;0.6928826, -0.371785, 3.028234;0.7672423, -0.3408239, 2.940486;0.4696821, -0.6145651, 2.98436;0.602972, -0.4907025, 2.630295;0.5469734, -0.7502017, 3.008581;0.6725784, -0.7639549, 2.519499;0.5171888, -0.8181558, 2.967604;0.6427938, -0.831909, 2.478522;
0.3842658, 0.1415255, 2.78409;0.4815036, -0.02538159, 2.788402;0.6811556, -0.2306396, 2.958494;0.3841298, -0.1723476, 2.949464;0.598543, -0.1094964, 2.723454;0.3347402, -0.736644, 2.955894;0.6822765, -0.7160496, 2.56926;0.6956753, -0.3095162, 2.960315;0.6930543, -0.3692387, 3.029009;0.7676948, -0.3376921, 2.941886;0.4453149, -0.5630764, 2.976038;0.6070998, -0.495339, 2.634363;0.5468971, -0.7506795, 3.010116;0.6766312, -0.7682348, 2.523706;0.5165227, -0.8174775, 2.967838;0.6878707, -0.7757899, 2.62015;
0.3855523, 0.1558344, 2.787823;0.4808745, -0.004846897, 2.796084;0.6796349, -0.2078502, 2.963347;0.3894195, -0.1381604, 2.950023;0.5978527, -0.09376451, 2.724787;0.3241065, -0.6651784, 2.955669;0.6742188, -0.672109, 2.578347;0.6918297, -0.2878138, 2.96646;0.6858711, -0.3498217, 3.035365;0.766476, -0.3180155, 2.947537;0.3741539, -0.5379327, 2.957491;0.6170509, -0.4961676, 2.646591;0.4978606, -0.7943306, 3.002945;0.6865219, -0.768788, 2.536043;0.5678931, -0.7959208, 3.019223;0.6920071, -0.7770164, 2.632839;
0.3972614, 0.1859895, 2.79654;0.4831633, 0.008565925, 2.796576;0.6771832, -0.197075, 2.963922;0.388368, -0.1291462, 2.954268;0.6002432, -0.08240119, 2.72604;0.3328676, -0.5896222, 2.957061;0.6660026, -0.6673784, 2.573914;0.6881588, -0.2765809, 2.966745;0.6803041, -0.3402856, 3.038497;0.7652739, -0.3104222, 2.94714;0.3788007, -0.5409245, 2.953602;0.6198223, -0.4961439, 2.649744;0.4898289, -0.8021779, 3.001004;0.6892238, -0.768474, 2.539312;0.4567859, -0.8687115, 2.960322;0.7135113, -0.7890499, 2.631365;
0.3992781, 0.1981658, 2.798881;0.489173, 0.03411381, 2.803298;0.6827472, -0.1789617, 2.968629;0.389159, -0.09839954, 2.961522;0.6017991, -0.06287321, 2.727566;0.3396797, -0.5693744, 2.947269;0.6426203, -0.6518836, 2.572152;0.6916741, -0.2594432, 2.972023;0.6829299, -0.3237687, 3.043607;0.7688486, -0.2929201, 2.952683;0.4139324, -0.5684226, 2.969502;0.628801, -0.4889121, 2.660174;0.5188009, -0.8322201, 3.015657;0.738478, -0.7641777, 2.746754;0.4833816, -0.8982536, 2.975988;0.7030587, -0.8302112, 2.707084;
0.4060826, 0.2316863, 2.803279;0.4910093, 0.05160942, 2.808254;0.6777002, -0.1722268, 2.974756;0.3875927, -0.06738248, 2.970381;0.6062618, -0.03962086, 2.727819;0.330961, -0.5702869, 2.950717;0.6683293, -0.613662, 2.586038;0.6832821, -0.2528104, 2.979127;0.6707944, -0.3153998, 3.049571;0.75753, -0.2885233, 2.962787;0.4622109, -0.5270281, 2.981586;0.6328274, -0.4750278, 2.657568;0.5483647, -0.7533941, 3.016268;0.7382239, -0.7632507, 2.746263;0.5108132, -0.8184819, 2.976763;0.7006724, -0.8283385, 2.706758;
0.4097697, 0.2478451, 2.807182;0.4931249, 0.08440658, 2.815061;0.6719641, -0.1605915, 2.979795;0.3902338, -0.05272614, 2.97517;0.6068361, -0.0173933, 2.731099;0.3541655, -0.6044852, 2.956582;0.6651337, -0.5699069, 2.586967;0.675648, -0.2423404, 2.982307;0.6623412, -0.3070162, 3.051335;0.7498009, -0.2814348, 2.965401;0.4650719, -0.5272598, 2.983996;0.6450943, -0.482883, 2.663007;0.5493553, -0.7544441, 3.018256;0.738946, -0.7629468, 2.74698;0.5101293, -0.8174638, 2.976838;0.69972, -0.8259666, 2.705562;
0.412983, 0.3008085, 2.822827;0.4941667, 0.1081966, 2.818192;0.6705846, -0.1458653, 2.982333;0.3968748, -0.005079153, 2.976967;0.6084408, 0.0268153, 2.736192;0.3404921, -0.6242341, 2.94226;0.6640948, -0.5691549, 2.585857;0.6727022, -0.229665, 2.984391;0.6581113, -0.2933627, 3.049345;0.74348, -0.2670018, 2.969016;0.4665594, -0.5250563, 2.986959;0.6516823, -0.4790019, 2.67046;0.5493502, -0.7545223, 3.018819;0.743247, -0.7530242, 2.749165;0.5087958, -0.8166796, 2.97723;0.7026926, -0.8151814, 2.707576;
0.4127116, 0.3029017, 2.822397;0.4966482, 0.1364571, 2.82421;0.6679606, -0.1114253, 2.994614;0.3972282, 0.004449043, 2.978137;0.6070373, 0.04013493, 2.740155;0.3517042, -0.5658765, 2.951678;0.65774, -0.5435578, 2.589998;0.6690748, -0.194768, 2.997838;0.6560249, -0.2468393, 3.064195;0.7354091, -0.2418664, 2.980369;0.4560335, -0.5466352, 2.984396;0.6646365, -0.4697153, 2.688798;0.5387576, -0.819351, 3.019875;0.7466513, -0.7465699, 2.750404;0.4990101, -0.8820415, 2.978085;0.7069039, -0.8092603, 2.708614;
0.4152045, 0.3506193, 2.837201;0.4964336, 0.1642487, 2.834277;0.6678852, -0.08932763, 2.999683;0.3967651, 0.04884009, 2.985117;0.6109418, 0.06722389, 2.743476;0.3560879, -0.5526213, 2.949626;0.6602484, -0.5256984, 2.593361;0.667389, -0.1729732, 3.002813;0.6552561, -0.2292503, 3.067359;0.7327054, -0.2218948, 2.985977;0.4646665, -0.5349227, 2.989617;0.6951783, -0.4784809, 2.714365;0.5422544, -0.8095979, 3.020771;0.7496938, -0.7583066, 2.747164;0.5003537, -0.8716772, 2.979946;0.707793, -0.8203859, 2.706339;
0.4205733, 0.3931447, 2.852551;0.4993959, 0.2095219, 2.842228;0.6944264, -0.03933421, 2.997217;0.401548, 0.06388074, 2.983608;0.6070375, 0.1029462, 2.750673;0.34168, -0.5073177, 2.947009;0.6740658, -0.4750443, 2.592005;0.7009047, -0.1237354, 2.997019;0.6937047, -0.1821803, 3.056436;0.7663155, -0.1621678, 2.978361;0.4910455, -0.5015039, 2.996624;0.7009364, -0.4771605, 2.723815;0.556211, -0.7792727, 3.025753;0.7559806, -0.7563192, 2.756794;0.5369096, -0.8443917, 3.000152;0.7169027, -0.8195434, 2.714752;
0.4238572, 0.4126307, 2.863157;0.5031466, 0.2350871, 2.848314;0.6782775, -0.03293031, 3.005613;0.4084514, 0.1078675, 2.983283;0.6114656, 0.1364149, 2.758492;0.3608634, -0.4617689, 2.950958;0.6774668, -0.4354356, 2.609859;0.6757344, -0.1166621, 3.006471;0.6562766, -0.1694209, 3.068726;0.736379, -0.1637587, 2.988904;0.4975314, -0.4936381, 3.000227;0.7032936, -0.4749586, 2.728859;0.5457032, -0.7760358, 3.020111;0.7569048, -0.7547926, 2.757503;0.5039754, -0.836843, 2.976921;0.715177, -0.8155998, 2.714313;
0.4349201, 0.4620928, 2.881327;0.5088474, 0.285886, 2.863278;0.6757594, -0.02413814, 3.009651;0.4066248, 0.1485589, 2.982664;0.6131996, 0.1647034, 2.762477;0.3600574, -0.4380756, 2.947373;0.6779574, -0.4041137, 2.620592;0.6726154, -0.1101254, 3.007502;0.6542236, -0.1629124, 3.066766;0.7331316, -0.1591164, 2.98934;0.5011704, -0.4895957, 2.999919;0.7085513, -0.4699915, 2.736127;0.5435874, -0.7724366, 3.019834;0.76007, -0.750723, 2.759514;0.4988582, -0.8297244, 2.974718;0.7153409, -0.8080108, 2.714398;
0.4395948, 0.473462, 2.885312;0.5168412, 0.3186751, 2.865554;0.6718334, -0.00430657, 3.013748;0.4120627, 0.1771465, 2.987799;0.6157344, 0.2080535, 2.778;0.3668959, -0.3991595, 2.958369;0.6790635, -0.3537125, 2.62646;0.6679598, -0.09402616, 3.00863;0.6489921, -0.1533814, 3.063482;0.7265247, -0.1369936, 2.991424;0.5022602, -0.4824025, 2.99668;0.7093108, -0.4640477, 2.742493;0.5516431, -0.743183, 3.02166;0.7590982, -0.7458929, 2.758501;0.5078528, -0.7986853, 2.973866;0.7153079, -0.8013952, 2.710707;
0.4525691, 0.5245897, 2.902491;0.5237057, 0.3601276, 2.879459;0.6679925, 0.03468677, 3.011951;0.4223681, 0.2253949, 3.000459;0.6203296, 0.2316242, 2.782208;0.3660495, -0.3764912, 2.961616;0.6815208, -0.3232933, 2.634266;0.6572095, -0.05198359, 3.00529;0.6366811, -0.1151975, 3.057159;0.7157422, -0.1053789, 2.985163;0.5204862, -0.4574519, 3.003726;0.7111421, -0.4373005, 2.755521;0.5523036, -0.7422605, 3.022112;0.7580567, -0.7281259, 2.758315;0.5039428, -0.7956222, 2.976695;0.7096959, -0.7814875, 2.712898;
0.4682229, 0.5539898, 2.916545;0.548826, 0.3490671, 2.900519;0.6702901, 0.03782089, 3.012547;0.4251791, 0.2454199, 3.010124;0.623905, 0.2587342, 2.787971;0.3718558, -0.3191847, 2.95781;0.6802617, -0.3093727, 2.637625;0.6569802, -0.04248988, 3.002872;0.6349826, -0.1045553, 3.055232;0.7139326, -0.09542257, 2.97859;0.5271512, -0.4491116, 3.00342;0.711516, -0.4312947, 2.758834;0.552907, -0.7410795, 3.022249;0.7582424, -0.7280793, 2.758472;0.5032574, -0.7918255, 2.9756;0.7085928, -0.7788253, 2.711823;
0.4902222, 0.5996461, 2.938265;0.5526706, 0.437441, 2.908491;0.6657501, 0.09237225, 3.018453;0.4299435, 0.2834763, 3.021173;0.6299793, 0.295457, 2.796646;0.373371, -0.297777, 2.962625;0.678531, -0.2779132, 2.640852;0.6469399, 0.006917767, 3.00596;0.6202954, -0.06899525, 3.054039;0.7010879, -0.0383736, 2.980729;0.5346093, -0.4331875, 3.003606;0.7140126, -0.4188163, 2.764866;0.5535482, -0.7396635, 3.022786;0.7578966, -0.7292935, 2.758728;0.5022396, -0.7879983, 2.975158;0.706588, -0.7776283, 2.711099;
0.5066131, 0.6262233, 2.952176;0.5581619, 0.4564063, 2.920208;0.6647443, 0.1014003, 3.018714;0.4351016, 0.3022113, 3.023076;0.6363087, 0.3308091, 2.809933;0.3819513, -0.2635636, 2.973047;0.6805907, -0.2406039, 2.644385;0.6461765, 0.01728689, 3.002541;0.6174313, -0.03944435, 3.048808;0.6998786, -0.03617726, 2.97604;0.5351832, -0.4265036, 3.001733;0.7141517, -0.4111085, 2.771245;0.5559081, -0.7389967, 3.023095;0.7582372, -0.7307984, 2.759332;0.5059602, -0.7856017, 2.972697;0.7082893, -0.7774034, 2.708934;
0.5158668, 0.6543633, 2.967828;0.5789947, 0.5012185, 2.944125;0.6606928, 0.1358955, 3.019191;0.4420387, 0.3499222, 3.034131;0.6440568, 0.353139, 2.816453;0.380308, -0.2437743, 2.974652;0.6819773, -0.2330147, 2.650455;0.6352645, 0.0550806, 2.998771;0.6043183, -0.01539297, 3.04686;0.6869118, -0.007746293, 2.964772;0.5359331, -0.4241136, 3.001413;0.7138085, -0.4043291, 2.774531;0.5568078, -0.7380041, 3.024149;0.758105, -0.7320298, 2.760239;0.5037254, -0.7807038, 2.973783;0.7050226, -0.7747295, 2.709873;
0.546664, 0.7025909, 3.002199;0.5846473, 0.5194824, 2.951612;0.6592788, 0.1565142, 3.018727;0.4466086, 0.3608788, 3.03293;0.6522253, 0.3770883, 2.827522;0.3806637, -0.2223937, 2.985453;0.6847565, -0.1983656, 2.65608;0.6336144, 0.07718251, 2.994251;0.5974522, 0.009859613, 3.044761;0.6850894, 0.01426757, 2.952078;0.53678, -0.4197845, 3.000476;0.7137296, -0.3947433, 2.779081;0.5575408, -0.7371654, 3.023975;0.759069, -0.7325075, 2.761508;0.5061152, -0.7787271, 2.970804;0.7076433, -0.7740692, 2.708338;
0.5538076, 0.7079885, 3.00371;0.592634, 0.533793, 2.955917;0.6594735, 0.1656601, 3.015398;0.4533684, 0.3810078, 3.036168;0.6589584, 0.3896303, 2.831189;0.380652, -0.2158503, 2.982486;0.6854095, -0.1674179, 2.660449;0.6322173, 0.0875328, 2.989421;0.593637, 0.01869223, 3.039842;0.6834363, 0.02492163, 2.944721;0.5372257, -0.4170125, 2.999231;0.7126836, -0.387374, 2.781709;0.557897, -0.7367933, 3.024369;0.759757, -0.7327332, 2.762175;0.5059807, -0.7771426, 2.971004;0.7078408, -0.7730825, 2.708811;
0.5728755, 0.7239174, 3.014591;0.6087139, 0.5553356, 2.970006;0.6543319, 0.1810514, 3.008825;0.4575681, 0.3926666, 3.042779;0.6745732, 0.4143569, 2.841421;0.3800071, -0.1987639, 2.988508;0.6837928, -0.1604395, 2.663236;0.6281418, 0.1071027, 2.981274;0.5858642, 0.03740057, 3.024576;0.6765496, 0.04472363, 2.936457;0.5375924, -0.412891, 2.996906;0.712107, -0.3835607, 2.784308;0.5581875, -0.7364702, 3.024809;0.7598662, -0.7329433, 2.762661;0.5074173, -0.7743056, 2.968802;0.709096, -0.7707788, 2.706654;
0.580492, 0.7295481, 3.016313;0.6158404, 0.5647913, 2.978088;0.6515483, 0.1889118, 3.004156;0.4643614, 0.4025639, 3.045906;0.6857152, 0.428328, 2.848399;0.3804232, -0.1913328, 2.981957;0.6821065, -0.1513328, 2.66747;0.6262146, 0.1161522, 2.975996;0.5813168, 0.04454932, 3.017897;0.6744534, 0.05475118, 2.928396;0.5385309, -0.4083985, 2.995668;0.7112373, -0.382648, 2.78521;0.5592511, -0.7362813, 3.02468;0.7598391, -0.7331598, 2.76302;0.5091379, -0.7728662, 2.967487;0.709726, -0.7697447, 2.705827;
0.5937609, 0.7396345, 3.022897;0.6256841, 0.5744724, 2.983359;0.6506635, 0.1959917, 3.00069;0.4704216, 0.4122857, 3.050747;0.6964284, 0.4364946, 2.853204;0.3788385, -0.1794004, 2.980611;0.6803094, -0.1406789, 2.671544;0.6250679, 0.1238416, 2.972218;0.5783105, 0.04886825, 3.014769;0.6729497, 0.06058937, 2.922381;0.5388151, -0.4035635, 2.994036;0.7087026, -0.3792311, 2.787208;0.5596113, -0.7363964, 3.025059;0.7598264, -0.733108, 2.763171;0.5097604, -0.7719671, 2.967237;0.7099755, -0.7686787, 2.705349;
0.6100073, 0.764591, 3.04821;0.635588, 0.5942943, 3.002353;0.6485363, 0.2050031, 3.000272;0.4757861, 0.4240952, 3.058248;0.7020365, 0.4485261, 2.860155;0.3793623, -0.1717831, 2.984322;0.6788113, -0.1351543, 2.674857;0.6201164, 0.134411, 2.968693;0.5699967, 0.05793255, 3.01005;0.6659586, 0.0716233, 2.913539;0.5388846, -0.4028355, 2.993651;0.7066709, -0.3750119, 2.788371;0.5603284, -0.7368408, 3.025661;0.7598475, -0.7331816, 2.764012;0.5098438, -0.7708764, 2.967668;0.709363, -0.7672172, 2.706019;
0.6162536, 0.7659792, 3.052467;0.6396892, 0.5986346, 3.006984;0.6474926, 0.2079108, 3.001003;0.4781899, 0.4290127, 3.059722;0.7062182, 0.4522066, 2.862974;0.3804684, -0.1698119, 2.983183;0.6757635, -0.1227968, 2.674581;0.6173084, 0.1378406, 2.967369;0.5636324, 0.0620284, 3.007483;0.6631405, 0.07437988, 2.911016;0.5399662, -0.400359, 2.992621;0.7065553, -0.3746389, 2.789031;0.5605729, -0.7364526, 3.025105;0.7596952, -0.7328978, 2.764071;0.5103967, -0.7699988, 2.966722;0.7095191, -0.766444, 2.705688;
0.6189605, 0.766547, 3.055194;0.6449882, 0.6005836, 3.008456;0.6481021, 0.2116564, 2.998886;0.4824489, 0.4347141, 3.063093;0.7138128, 0.4556958, 2.865687;0.3820932, -0.1688575, 2.990619;0.6785606, -0.1069536, 2.676842;0.6162091, 0.1429093, 2.962745;0.5607443, 0.06554946, 3.002875;0.6617607, 0.07888568, 2.903166;0.5420073, -0.3960003, 2.991417;0.7062396, -0.3728193, 2.790539;0.5613927, -0.7370691, 3.025143;0.7600041, -0.7326868, 2.764841;0.5114762, -0.7701599, 2.966435;0.7100877, -0.7657776, 2.706133;
0.633435, 0.7845571, 3.065168;0.656976, 0.6087592, 3.016683;0.6465996, 0.2174699, 2.998199;0.4857942, 0.4401431, 3.06463;0.7216066, 0.4621045, 2.86997;0.3835919, -0.1617475, 2.993663;0.6810529, -0.09758388, 2.678521;0.6123697, 0.1507656, 2.959503;0.5526596, 0.07556817, 2.996497;0.6569259, 0.08566092, 2.899168;0.5435024, -0.3940643, 2.992154;0.7049169, -0.3668819, 2.793913;0.5648178, -0.7388126, 3.027955;0.760785, -0.7308288, 2.76533;0.515568, -0.7711546, 2.96844;0.7115352, -0.7631707, 2.705816;
0.6341087, 0.7861916, 3.066626;0.6668324, 0.6172221, 3.02449;0.6466436, 0.2238746, 2.998289;0.494943, 0.4534231, 3.072785;0.7255685, 0.4663659, 2.874197;0.3965613, -0.1222772, 3.000945;0.6805961, -0.09463961, 2.677999;0.6097414, 0.1579266, 2.958465;0.5494929, 0.08062135, 2.996183;0.6519775, 0.0930386, 2.89517;0.5438387, -0.3937308, 2.992297;0.7049741, -0.3649655, 2.795517;0.5665605, -0.7387733, 3.029057;0.7620305, -0.729632, 2.766827;0.5163354, -0.7707193, 2.97032;0.7118054, -0.761578, 2.70809;
0.6383313, 0.7852764, 3.069072;0.6699091, 0.6190091, 3.027308;0.646547, 0.2248833, 2.998516;0.4978336, 0.4562533, 3.074599;0.7288688, 0.4679692, 2.876978;0.3998206, -0.1180829, 2.999866;0.6807995, -0.09424708, 2.677768;0.6086622, 0.15952, 2.95754;0.5476397, 0.08224937, 2.995117;0.6501062, 0.09464457, 2.893027;0.546714, -0.390489, 2.995184;0.7054964, -0.363151, 2.797998;0.5677243, -0.738959, 3.029775;0.7629501, -0.7302989, 2.768601;0.5176187, -0.7708421, 2.970722;0.7128444, -0.7621821, 2.709548;
0.6496538, 0.7884024, 3.07637;0.6764623, 0.6211599, 3.033251;0.6459321, 0.2247251, 2.998366;0.501421, 0.4575379, 3.074099;0.7335662, 0.4694317, 2.878907;0.3997657, -0.1194888, 3.000088;0.6827071, -0.09299263, 2.67723;0.6065526, 0.1606805, 2.955496;0.5428019, 0.0855782, 2.990454;0.647161, 0.09597806, 2.890416;0.5474023, -0.3903594, 2.996287;0.7061081, -0.3632471, 2.799775;0.5697819, -0.7390183, 3.031443;0.7629887, -0.7304134, 2.769083;0.5200115, -0.7707845, 2.971862;0.7132184, -0.7621796, 2.709503;
0.6496008, 0.7885398, 3.076624;0.6772542, 0.6207562, 3.033759;0.6445642, 0.225218, 2.997734;0.5038436, 0.4582312, 3.075382;0.7355739, 0.4690973, 2.880513;0.3936986, -0.1588595, 2.992903;0.6841767, -0.09280764, 2.676439;0.6033893, 0.1619377, 2.953588;0.5390468, 0.08674204, 2.988461;0.6426208, 0.09773376, 2.887686;0.5480093, -0.390188, 2.997296;0.7066707, -0.363627, 2.801512;0.5702934, -0.7390853, 3.032041;0.7629696, -0.7301969, 2.769312;0.5204712, -0.7708613, 2.972329;0.7131474, -0.7619729, 2.7096;
0.6515055, 0.7864019, 3.076882;0.679232, 0.6192193, 3.035305;0.6436703, 0.2246101, 2.997952;0.5060022, 0.4576845, 3.075759;0.7391966, 0.4670398, 2.881814;0.4037282, -0.1246045, 2.994027;0.6874339, -0.09352312, 2.675814;0.6014997, 0.1616551, 2.952888;0.536373, 0.08668198, 2.987647;0.6400165, 0.09678477, 2.88653;0.5479718, -0.3904778, 2.997992;0.705939, -0.3623426, 2.802304;0.5704171, -0.7393005, 3.032073;0.7644989, -0.7284372, 2.770477;0.5209069, -0.7710926, 2.971939;0.7149888, -0.7602292, 2.710343;
0.6543676, 0.7835789, 3.078626;0.6810259, 0.6174617, 3.037284;0.6426741, 0.2234632, 2.997724;0.5092599, 0.4577362, 3.075231;0.7397058, 0.4662786, 2.882762;0.3988872, -0.1579367, 2.987657;0.6905773, -0.09314563, 2.675466;0.5992923, 0.160699, 2.951894;0.5344703, 0.08652927, 2.986578;0.636957, 0.09594267, 2.88542;0.5474923, -0.390083, 2.997351;0.7052152, -0.3617082, 2.802263;0.5705634, -0.7397481, 3.033047;0.7644606, -0.7283069, 2.770485;0.5208898, -0.7715839, 2.9729;0.7147869, -0.7601427, 2.710337;
0.6552635, 0.7800748, 3.078679;0.6823314, 0.6161943, 3.038873;0.6415628, 0.2223208, 2.99737;0.5124821, 0.4562619, 3.074651;0.7403359, 0.4653979, 2.883962;0.4048522, -0.1286928, 2.994195;0.6928075, -0.096315, 2.674476;0.5971843, 0.1597829, 2.95085;0.532487, 0.08579916, 2.986214;0.6328581, 0.09372325, 2.881964;0.5473918, -0.3901826, 2.997296;0.7041515, -0.3618577, 2.802217;0.5704975, -0.739556, 3.033117;0.7643772, -0.7282394, 2.770739;0.5206527, -0.7714514, 2.972973;0.7145324, -0.7601347, 2.710595;
0.6558049, 0.7783182, 3.079543;0.6844956, 0.6150776, 3.041491;0.6408737, 0.2214251, 2.997013;0.5145081, 0.4569751, 3.076139;0.7410944, 0.4641462, 2.885476;0.4050818, -0.1302383, 2.997359;0.6945425, -0.09856723, 2.674396;0.5956978, 0.1593583, 2.949737;0.530656, 0.08541507, 2.98531;0.6306503, 0.09296119, 2.879384;0.5470874, -0.3897869, 2.997012;0.7036388, -0.3648062, 2.802733;0.5706278, -0.739844, 3.033171;0.7643803, -0.7279608, 2.770724;0.520674, -0.7718194, 2.972995;0.7144265, -0.7599362, 2.710548;
0.6559716, 0.7772193, 3.081964;0.6856171, 0.6143707, 3.042461;0.6398011, 0.2202626, 2.996898;0.5161128, 0.4571641, 3.079397;0.7403547, 0.4629909, 2.886297;0.4049595, -0.1315874, 2.997741;0.6953042, -0.09928373, 2.674562;0.5934457, 0.1583485, 2.949594;0.5276697, 0.08374248, 2.986623;0.6268555, 0.09095252, 2.877326;0.546857, -0.3897873, 2.996936;0.7011187, -0.36675, 2.802985;0.5710906, -0.7395282, 3.032517;0.7650558, -0.7269509, 2.771496;0.5206301, -0.7715015, 2.97294;0.7145953, -0.7589243, 2.711919;
0.6567068, 0.7777008, 3.084121;0.6865481, 0.6141428, 3.042958;0.6394019, 0.2198323, 2.996335;0.5184671, 0.4572994, 3.079996;0.7402904, 0.4627485, 2.886818;0.4053307, -0.1320124, 2.997714;0.6960894, -0.09973212, 2.675268;0.5923958, 0.1582147, 2.948705;0.5270265, 0.08382756, 2.985971;0.6254853, 0.09127498, 2.876278;0.5466331, -0.3898865, 2.996627;0.699267, -0.3675158, 2.803126;0.5710669, -0.7393574, 3.032682;0.765129, -0.7275908, 2.772301;0.5202426, -0.771411, 2.973294;0.7143047, -0.7596444, 2.712913;
0.6582012, 0.7771726, 3.085986;0.6873393, 0.6132949, 3.044359;0.6388222, 0.2190909, 2.996111;0.5203481, 0.4570244, 3.079525;0.7401173, 0.4620774, 2.887572;0.405485, -0.1331228, 2.999198;0.6974796, -0.1018391, 2.675897;0.5914406, 0.157796, 2.948089;0.5264317, 0.08394313, 2.984728;0.624482, 0.09171619, 2.876263;0.5461196, -0.3896698, 2.995912;0.6984525, -0.3682706, 2.802707;0.5711987, -0.7391288, 3.032739;0.7647625, -0.7281302, 2.772694;0.5202556, -0.7712663, 2.973337;0.7138193, -0.7602677, 2.713291;
0.6564401, 0.7759946, 3.087945;0.6876615, 0.6128356, 3.044785;0.638308, 0.2187964, 2.996127;0.520467, 0.4572777, 3.081;0.7397636, 0.4619254, 2.887927;0.4059938, -0.1355363, 2.999183;0.6974351, -0.1022498, 2.675537;0.5905268, 0.1577932, 2.948014;0.5250919, 0.08336207, 2.985342;0.6229788, 0.09151099, 2.875054;0.5457004, -0.3899807, 2.995513;0.6974673, -0.3686411, 2.802577;0.5715452, -0.7393516, 3.032621;0.7647619, -0.7282265, 2.772736;0.520