0.5883231, 0.7851803, 3.025655;0.6258718, 0.6015469, 2.979521;0.5722983, 0.234518, 2.924992;0.467401, 0.4494764, 3.051523;0.6950264, 0.4628636, 2.83569;0.3923451, -0.1658435, 2.977806;0.6895848, -0.1354263, 2.660362;0.5615836, 0.1611122, 2.917567;0.4995647, 0.08408751, 2.960677;0.6019961, 0.09011178, 2.848848;0.5410877, -0.3966872, 2.985577;0.6978458, -0.376862, 2.797734;0.5651574, -0.7419693, 3.028206;0.7609953, -0.7532648, 2.766394;0.5255161, -0.8276592, 3.019596;0.7009944, -0.7886945, 2.703128;
0.5878564, 0.7852259, 3.024109;0.6259552, 0.6019961, 2.980134;0.5724928, 0.2333771, 2.925337;0.4672671, 0.4496539, 3.05212;0.6946605, 0.4630837, 2.836476;0.3918382, -0.1650072, 2.975121;0.6898512, -0.1353828, 2.661041;0.5618527, 0.159134, 2.917756;0.5000077, 0.08223141, 2.960856;0.6022625, 0.08825819, 2.849106;0.5410057, -0.3965079, 2.986376;0.6982859, -0.3777954, 2.798822;0.5658557, -0.7420026, 3.028817;0.7609465, -0.7533594, 2.767061;0.5255167, -0.8276628, 3.019994;0.7365508, -0.8417858, 2.753117;
0.5861637, 0.7818584, 3.022254;0.6258782, 0.6026554, 2.979955;0.5726364, 0.2328938, 2.925075;0.4669848, 0.4498051, 3.052525;0.6943326, 0.4640171, 2.837198;0.3918975, -0.1649012, 2.975132;0.6901149, -0.1354555, 2.661013;0.5620733, 0.1583466, 2.917406;0.5003532, 0.08132137, 2.960158;0.6025077, 0.08791871, 2.849124;0.5409048, -0.3966283, 2.986401;0.6982077, -0.3781931, 2.798875;0.5660887, -0.7432609, 3.029156;0.7609454, -0.7525181, 2.767476;0.5263311, -0.8281063, 3.017137;0.7365676, -0.8417545, 2.753143;
0.5868121, 0.7895693, 3.022455;0.6260774, 0.6034627, 2.979368;0.572484, 0.2335587, 2.92479;0.4665084, 0.4511093, 3.052124;0.6943265, 0.4640388, 2.837083;0.3914437, -0.1649672, 2.974347;0.690907, -0.1358037, 2.661363;0.5618159, 0.1591654, 2.917202;0.4997673, 0.08322793, 2.959653;0.6022695, 0.08884458, 2.849493;0.5410205, -0.3973593, 2.986686;0.6982249, -0.3782435, 2.798645;0.5662026, -0.7464437, 3.029674;0.761192, -0.7522438, 2.767398;0.526044, -0.8299667, 3.01701;0.7364765, -0.8417488, 2.752706;
0.5859115, 0.78618, 3.020948;0.6254131, 0.602492, 2.979532;0.5723509, 0.2315295, 2.924541;0.4664429, 0.4513744, 3.051313;0.6941994, 0.4638937, 2.837512;0.3915417, -0.1648966, 2.973887;0.690976, -0.1358496, 2.661407;0.5618232, 0.1570054, 2.916904;0.5000384, 0.08138233, 2.959235;0.6024496, 0.08647946, 2.849254;0.5403321, -0.3974796, 2.986461;0.6983303, -0.3785057, 2.799078;0.5663047, -0.7478437, 3.029883;0.76116, -0.7522974, 2.76748;0.5256202, -0.831518, 3.018606;0.7362439, -0.8418696, 2.752625;
0.5864464, 0.7868393, 3.020946;0.6250112, 0.6021382, 2.979538;0.5720866, 0.2323114, 2.924571;0.4663711, 0.4513547, 3.051203;0.6939253, 0.4640367, 2.83724;0.3913228, -0.1649124, 2.973653;0.6910375, -0.1358362, 2.661238;0.5615238, 0.1583979, 2.917027;0.4998649, 0.08246543, 2.959307;0.6020919, 0.08805098, 2.849293;0.5402104, -0.3973858, 2.986114;0.6982552, -0.3776813, 2.798642;0.566319, -0.7474029, 3.030733;0.7619087, -0.7459292, 2.767126;0.526463, -0.8312237, 3.021106;0.7351397, -0.8353915, 2.750545;
0.586395, 0.7859746, 3.02019;0.6253574, 0.6026723, 2.979559;0.5720216, 0.2329364, 2.924519;0.4661083, 0.4518646, 3.051728;0.6938531, 0.4640195, 2.837156;0.3904417, -0.1650037, 2.972996;0.6912189, -0.135901, 2.660761;0.5613688, 0.1590636, 2.916964;0.4995641, 0.08349113, 2.959153;0.6018894, 0.08864811, 2.849321;0.5401094, -0.397036, 2.985716;0.6981806, -0.377635, 2.798561;0.5665749, -0.7474927, 3.030849;0.7617881, -0.7469957, 2.766618;0.5277265, -0.8262446, 3.021775;0.7348846, -0.8361714, 2.749502;
0.5866141, 0.7857822, 3.019883;0.6252897, 0.6026101, 2.979724;0.571879, 0.2337148, 2.924598;0.4660752, 0.4519813, 3.052022;0.6929471, 0.4641433, 2.837172;0.3904304, -0.1648335, 2.970864;0.6911094, -0.1361355, 2.660273;0.5611905, 0.1601883, 2.917017;0.4995363, 0.08426036, 2.959508;0.6014755, 0.08948871, 2.848773;0.5397114, -0.39636, 2.985242;0.6981385, -0.3776281, 2.798421;0.5666093, -0.7468346, 3.030433;0.7612703, -0.7482262, 2.765854;0.5274089, -0.8265361, 3.021336;0.734771, -0.8367133, 2.748821;
0.586778, 0.7870285, 3.021371;0.6249387, 0.6025001, 2.979655;0.5715086, 0.2341667, 2.924639;0.465784, 0.451932, 3.053334;0.692473, 0.4642283, 2.837103;0.3899599, -0.1649752, 2.967079;0.6913091, -0.1362888, 2.659832;0.5607951, 0.1607934, 2.917099;0.4992355, 0.08462477, 2.959793;0.601011, 0.08996634, 2.848602;0.5393449, -0.3960176, 2.984971;0.6980379, -0.3773127, 2.798498;0.5663811, -0.7459071, 3.030125;0.7617017, -0.748154, 2.766258;0.5270874, -0.8268898, 3.021231;0.7346958, -0.8370188, 2.74831;
0.5864681, 0.7872158, 3.021564;0.6251676, 0.6027427, 2.979491;0.5713564, 0.2342015, 2.924587;0.4657611, 0.4520364, 3.053226;0.6924272, 0.4642023, 2.836986;0.3899049, -0.1647024, 2.966825;0.6917166, -0.1364606, 2.658626;0.560505, 0.1607835, 2.917075;0.4986244, 0.08426365, 2.959891;0.6005115, 0.09035498, 2.848645;0.5393357, -0.3962183, 2.984923;0.6980036, -0.3773352, 2.798815;0.5662776, -0.7453385, 3.030138;0.7616576, -0.7492675, 2.766562;0.5271683, -0.8269219, 3.021081;0.7372993, -0.8376394, 2.749352;
0.5872309, 0.7834495, 3.019167;0.6251357, 0.6024972, 2.979413;0.5712888, 0.2341041, 2.924471;0.4654547, 0.4518004, 3.051919;0.6921763, 0.4643182, 2.836586;0.3898092, -0.1643207, 2.966552;0.6916932, -0.1364877, 2.658626;0.560431, 0.1606848, 2.916946;0.4984749, 0.08375771, 2.959595;0.6004463, 0.09054016, 2.848546;0.5393448, -0.3961772, 2.984904;0.6975411, -0.3761747, 2.798947;0.5662748, -0.7453336, 3.030118;0.7618192, -0.7482961, 2.767133;0.5271128, -0.826966, 3.020912;0.7382836, -0.8335225, 2.749713;
0.5883019, 0.7874361, 3.023058;0.6247863, 0.6026737, 2.97933;0.570708, 0.2343685, 2.924492;0.4657283, 0.4519668, 3.051426;0.6922233, 0.4644602, 2.83647;0.3893331, -0.1641003, 2.96574;0.6917796, -0.1296186, 2.659274;0.5598234, 0.1609318, 2.916994;0.4979101, 0.08375435, 2.959834;0.5996914, 0.09091045, 2.848426;0.5392775, -0.3958739, 2.984712;0.697532, -0.3758548, 2.798885;0.5661337, -0.7449417, 3.029842;0.7622067, -0.746877, 2.76822;0.5269118, -0.8270068, 3.02036;0.7383016, -0.8319255, 2.749429;
0.5884238, 0.7873813, 3.022941;0.6247697, 0.6026398, 2.979417;0.5706579, 0.2343102, 2.924407;0.4657827, 0.4522469, 3.051347;0.6918922, 0.4643541, 2.836435;0.3889371, -0.1630898, 2.965632;0.6888195, -0.1468869, 2.655079;0.5597524, 0.1608344, 2.916844;0.4978796, 0.08359297, 2.959586;0.5996081, 0.09101695, 2.848285;0.5392864, -0.3959127, 2.984588;0.6982422, -0.377707, 2.798622;0.5661756, -0.7449099, 3.029837;0.7617698, -0.7472096, 2.76799;0.5271973, -0.8273824, 3.021012;0.7374396, -0.8333703, 2.748951;
0.5874135, 0.785094, 3.021818;0.6244808, 0.6023977, 2.979452;0.5703371, 0.2345242, 2.924351;0.4658199, 0.4523282, 3.051232;0.6918812, 0.4642262, 2.836355;0.3889445, -0.1630147, 2.9654;0.6913802, -0.1316537, 2.658397;0.5593948, 0.1611577, 2.916767;0.4976014, 0.08360649, 2.959638;0.5990954, 0.09152453, 2.847876;0.5393039, -0.3959008, 2.984281;0.6970921, -0.3756926, 2.798714;0.5662915, -0.744414, 3.029979;0.7617981, -0.7472529, 2.767882;0.5272, -0.8274028, 3.020992;0.7372261, -0.8341774, 2.748185;
0.587288, 0.7850146, 3.021297;0.6240758, 0.6023429, 2.979305;0.5701076, 0.2346693, 2.924205;0.4656495, 0.452396, 3.051489;0.6916162, 0.4642573, 2.836064;0.3876582, -0.1619507, 2.96131;0.6915416, -0.1323148, 2.658173;0.5592028, 0.1613189, 2.916624;0.4974972, 0.08355936, 2.959574;0.5988417, 0.0919847, 2.847588;0.5392619, -0.3961839, 2.983984;0.6971005, -0.3757474, 2.798486;0.5665181, -0.7444376, 3.030133;0.7622478, -0.7477036, 2.768733;0.5271825, -0.8273996, 3.020982;0.7372584, -0.8344319, 2.748264;
0.5861184, 0.7795812, 3.016715;0.6242192, 0.6021038, 2.978989;0.5701481, 0.2346112, 2.924113;0.4655302, 0.4523721, 3.051647;0.6912149, 0.4643497, 2.835941;0.3876115, -0.1615129, 2.961442;0.6914219, -0.1325791, 2.658041;0.5592367, 0.1612728, 2.916572;0.4976871, 0.08308749, 2.959454;0.5987811, 0.09202206, 2.847507;0.5391681, -0.3967055, 2.983926;0.6970319, -0.3760074, 2.798595;0.5666742, -0.7463585, 3.030026;0.761972, -0.747968, 2.768765;0.5266574, -0.8288963, 3.020344;0.7367052, -0.8353894, 2.747348;
0.5865802, 0.7786787, 3.015182;0.624248, 0.6017668, 2.978888;0.5701027, 0.2346044, 2.924058;0.4655185, 0.4523265, 3.051607;0.691153, 0.464419, 2.835862;0.3873411, -0.1616683, 2.961492;0.6916005, -0.1335968, 2.65752;0.5591739, 0.1612867, 2.916516;0.4975059, 0.08295944, 2.959526;0.5986765, 0.09209938, 2.847348;0.5391575, -0.396778, 2.983871;0.6971946, -0.3758932, 2.798888;0.5665601, -0.7462732, 3.029938;0.7619895, -0.7479095, 2.768674;0.5267859, -0.8288825, 3.020382;0.7367816, -0.8356222, 2.747731;
0.5864161, 0.7786499, 3.015224;0.6246718, 0.6019438, 2.978675;0.5700915, 0.2346133, 2.924011;0.4653818, 0.4522898, 3.051481;0.6911171, 0.4643935, 2.835821;0.3872729, -0.1618532, 2.9613;0.6915302, -0.1337214, 2.657485;0.559132, 0.1612885, 2.916469;0.4972976, 0.08285261, 2.959567;0.5986213, 0.09212389, 2.847274;0.5391763, -0.3968302, 2.98385;0.6973199, -0.3759507, 2.798794;0.5667965, -0.7462672, 3.030543;0.7619503, -0.7486733, 2.768778;0.52669, -0.8288372, 3.020189;0.7368816, -0.8362277, 2.747813;
0.586411, 0.7786319, 3.01371;0.6247795, 0.601856, 2.978744;0.5702187, 0.2342783, 2.923874;0.4654479, 0.4522439, 3.050403;0.6910163, 0.464426, 2.835832;0.3872743, -0.1617976, 2.961128;0.6914688, -0.1340484, 2.657633;0.559268, 0.1608516, 2.916269;0.4976813, 0.08218539, 2.959015;0.5986378, 0.09209172, 2.847326;0.5386133, -0.3999187, 2.983556;0.6972495, -0.3761216, 2.798918;0.5676741, -0.749703, 3.030855;0.7619417, -0.7487168, 2.768521;0.5270468, -0.8310917, 3.019882;0.7366028, -0.8372941, 2.748706;
0.5863841, 0.7785039, 3.013694;0.6248485, 0.6016588, 2.978765;0.5700885, 0.2342627, 2.923855;0.4651917, 0.4520824, 3.050446;0.6910825, 0.4642337, 2.83599;0.3871817, -0.1617203, 2.960399;0.6913503, -0.1342131, 2.657588;0.5590599, 0.1608612, 2.916249;0.4970905, 0.08206605, 2.95907;0.5985031, 0.0921075, 2.847269;0.5386524, -0.399749, 2.983548;0.6965445, -0.3752217, 2.798697;0.5676031, -0.7495071, 3.031001;0.7624703, -0.7494449, 2.768741;0.527015, -0.8309644, 3.01995;0.7365004, -0.8373168, 2.748664;
0.585832, 0.7803661, 3.015575;0.6247735, 0.6019565, 2.978318;0.56998, 0.234347, 2.923616;0.4648799, 0.4520406, 3.051329;0.691091, 0.4641748, 2.835789;0.3869829, -0.1614857, 2.95978;0.691654, -0.1348363, 2.65698;0.5589573, 0.1609095, 2.916053;0.4969514, 0.08203816, 2.958899;0.5984637, 0.0922104, 2.847134;0.5386004, -0.3995239, 2.983314;0.6970774, -0.3761198, 2.798903;0.5674171, -0.7485499, 3.030928;0.7623082, -0.7504752, 2.768865;0.5269617, -0.8308292, 3.019897;0.7371976, -0.8374835, 2.749052;
0.5870554, 0.7802769, 3.0153;0.6249551, 0.6022618, 2.978349;0.5698113, 0.2345913, 2.923538;0.4651812, 0.4525841, 3.051346;0.6910327, 0.4640482, 2.835644;0.3871974, -0.1613613, 2.960483;0.6916099, -0.1348455, 2.656962;0.5587028, 0.1611641, 2.915954;0.4967097, 0.08221453, 2.958917;0.59799, 0.09262193, 2.846844;0.538703, -0.399521, 2.983372;0.6971957, -0.376782, 2.798777;0.5674102, -0.748661, 3.030761;0.7622861, -0.7504879, 2.768874;0.5267563, -0.8313097, 3.019657;0.7378275, -0.8374816, 2.748559;
0.5874413, 0.7880796, 3.018028;0.6245151, 0.602675, 2.978227;0.5694488, 0.2349174, 2.923496;0.4651189, 0.452607, 3.051498;0.6910862, 0.463972, 2.835632;0.3871388, -0.1613721, 2.959907;0.6915963, -0.1349785, 2.656664;0.5583708, 0.1614565, 2.915935;0.4962865, 0.08252332, 2.958939;0.59782, 0.09285517, 2.846858;0.5387144, -0.3992531, 2.98337;0.6968257, -0.3771168, 2.798691;0.5672768, -0.7471436, 3.030557;0.7620506, -0.7503462, 2.768627;0.5264699, -0.830854, 3.019225;0.7377305, -0.8374572, 2.747947;
0.5875039, 0.7898015, 3.020342;0.6248958, 0.6034226, 2.978191;0.5694176, 0.2349806, 2.923377;0.4647825, 0.4523848, 3.051284;0.6910888, 0.4639832, 2.835604;0.3870523, -0.1615804, 2.959343;0.6912717, -0.1352616, 2.656163;0.558301, 0.1614687, 2.91579;0.4960624, 0.08256615, 2.958612;0.597808, 0.09290006, 2.846816;0.5386631, -0.399064, 2.983335;0.6969016, -0.3772794, 2.798796;0.5674582, -0.7469779, 3.031029;0.7618309, -0.7505792, 2.76856;0.5268933, -0.8303895, 3.019384;0.7377466, -0.8376173, 2.747893;
0.5841005, 0.7804843, 3.017179;0.6251405, 0.6034967, 2.978354;0.5694956, 0.2349329, 2.923415;0.4647966, 0.4523165, 3.051395;0.6911123, 0.4640321, 2.835678;0.3871329, -0.1614166, 2.959368;0.6912032, -0.13537, 2.656323;0.5583743, 0.1613855, 2.915812;0.4963106, 0.08215854, 2.958514;0.5978146, 0.09289781, 2.846882;0.5384138, -0.3987316, 2.98322;0.6968536, -0.3771239, 2.798377;0.567543, -0.7471914, 3.030979;0.7618497, -0.7508308, 2.768706;0.5265777, -0.8309152, 3.019594;0.7381836, -0.837781, 2.747929;
0.5850843, 0.7812212, 3.017276;0.6252378, 0.6036186, 2.978617;0.5694807, 0.2354548, 2.923396;0.4646484, 0.4522779, 3.051653;0.6912448, 0.4642313, 2.835751;0.3870238, -0.1611257, 2.959309;0.691215, -0.1353431, 2.656319;0.5583254, 0.1620317, 2.915722;0.4962112, 0.0825681, 2.95828;0.5977805, 0.09402911, 2.846858;0.5384429, -0.3985595, 2.983136;0.6965208, -0.3766307, 2.797953;0.567199, -0.746994, 3.031023;0.761497, -0.7478186, 2.768604;0.5281152, -0.8263016, 3.020108;0.7372555, -0.8360733, 2.748715;
0.585207, 0.78142, 3.017504;0.6254359, 0.6036664, 2.978549;0.5694607, 0.2354989, 2.923311;0.4646375, 0.4522495, 3.051666;0.6912772, 0.4643936, 2.835745;0.3867161, -0.1611809, 2.957261;0.6911305, -0.1352817, 2.65646;0.5582701, 0.1620737, 2.915626;0.4960891, 0.08259811, 2.958192;0.5977172, 0.0941108, 2.84674;0.5385022, -0.3980766, 2.982961;0.696509, -0.3770348, 2.798199;0.5672237, -0.7469108, 3.030854;0.7608813, -0.7491256, 2.768171;0.5275674, -0.8283659, 3.023194;0.7376035, -0.8373207, 2.749672;
0.5848578, 0.7792415, 3.015244;0.6254193, 0.6035082, 2.978601;0.5694014, 0.2354884, 2.923311;0.4646881, 0.4525051, 3.051827;0.6912302, 0.4642921, 2.835709;0.3868431, -0.1615682, 2.957248;0.6906992, -0.1352832, 2.656563;0.5581908, 0.1620726, 2.915625;0.4959872, 0.08259001, 2.958228;0.5976217, 0.09413702, 2.846718;0.5384195, -0.3979346, 2.982912;0.6960817, -0.3764764, 2.798505;0.5672616, -0.7462458, 3.03092;0.7609007, -0.7491014, 2.768108;0.527553, -0.8283979, 3.023146;0.7371291, -0.8377322, 2.748904;
0.5868787, 0.7819359, 3.018816;0.6254686, 0.6034952, 2.97859;0.5693115, 0.2355368, 2.923311;0.4645156, 0.4525633, 3.052095;0.6911784, 0.4641536, 2.835678;0.3868717, -0.1615724, 2.957444;0.690878, -0.1354438, 2.656602;0.5580328, 0.1621418, 2.915636;0.4956869, 0.08256315, 2.958356;0.5974105, 0.09420309, 2.846656;0.5384768, -0.3978008, 2.983001;0.6960455, -0.3765135, 2.798459;0.5672364, -0.7462494, 3.030902;0.7612981, -0.7489898, 2.768348;0.5276543, -0.828909, 3.024441;0.7374229, -0.838027, 2.749446;
0.5867184, 0.7824188, 3.019295;0.6255705, 0.6035563, 2.978667;0.5693193, 0.2355634, 2.923305;0.4646432, 0.452666, 3.051976;0.6912456, 0.4646527, 2.835704;0.3867204, -0.1612447, 2.957514;0.6908345, -0.1356136, 2.656848;0.558034, 0.1621602, 2.915626;0.4956884, 0.08256593, 2.958353;0.5974026, 0.09426799, 2.846618;0.5382782, -0.3983697, 2.98278;0.6961129, -0.3769624, 2.798136;0.5676261, -0.7505343, 3.032432;0.7613198, -0.7489918, 2.768267;0.5276484, -0.8307192, 3.024654;0.737439, -0.8383251, 2.74917;
0.5867457, 0.7831465, 3.019652;0.6256346, 0.6035391, 2.978595;0.569297, 0.2356893, 2.923211;0.4648736, 0.4527184, 3.052798;0.6912713, 0.4646485, 2.835684;0.3869511, -0.1611659, 2.95774;0.6909062, -0.1357169, 2.657287;0.5579879, 0.1623215, 2.915528;0.4956447, 0.08262813, 2.958338;0.5973214, 0.09445889, 2.846406;0.5383392, -0.3981908, 2.982743;0.6960357, -0.3771415, 2.798257;0.5677099, -0.7499044, 3.03251;0.7611648, -0.7498332, 2.76853;0.5275068, -0.8307804, 3.024945;0.7374995, -0.8380378, 2.748453;
0.586003, 0.7850775, 3.020325;0.6255879, 0.6040491, 2.978744;0.5694446, 0.2355799, 2.922999;0.4647905, 0.4508897, 3.051659;0.6913019, 0.4647063, 2.835755;0.3869106, -0.161262, 2.957974;0.6913363, -0.1360764, 2.657193;0.5582443, 0.1620106, 2.915137;0.4966468, 0.08226251, 2.95632;0.5975054, 0.094586, 2.846587;0.5382904, -0.3981494, 2.982785;0.6967793, -0.3780516, 2.797854;0.5676652, -0.7486053, 3.032073;0.7611552, -0.7500181, 2.76869;0.5275052, -0.8307537, 3.024904;0.7377382, -0.8385458, 2.748922;
0.5855581, 0.7825891, 3.017973;0.6255461, 0.6036548, 2.979041;0.5693938, 0.2355895, 2.923021;0.4647073, 0.4509972, 3.051843;0.6912568, 0.4647357, 2.835814;0.3869407, -0.1612336, 2.957959;0.6912588, -0.1362434, 2.657248;0.5581719, 0.1620523, 2.915154;0.4964368, 0.0822903, 2.9565;0.5974315, 0.09461305, 2.846522;0.5382189, -0.397155, 2.982569;0.6965921, -0.3790848, 2.797312;0.5671805, -0.7478158, 3.031433;0.7612009, -0.750255, 2.768735;0.5272914, -0.8307916, 3.024688;0.738307, -0.8382286, 2.748686;
0.586467, 0.7810585, 3.01718;0.6252814, 0.6023706, 2.979514;0.5693657, 0.2355281, 2.923009;0.464928, 0.4510028, 3.051214;0.6912156, 0.464985, 2.835817;0.387121, -0.1612723, 2.958004;0.6911488, -0.1301295, 2.658457;0.5581589, 0.1620408, 2.915135;0.49641, 0.08223404, 2.956546;0.5973899, 0.09459666, 2.84631;0.5382573, -0.3969627, 2.9826;0.6962684, -0.3796872, 2.797154;0.567154, -0.7477886, 3.031453;0.7610852, -0.7502655, 2.768589;0.5272194, -0.8308302, 3.024855;0.7380498, -0.8381334, 2.748175;
0.5868143, 0.7813717, 3.017416;0.6252615, 0.6025605, 2.979508;0.5693689, 0.2356352, 2.922872;0.4648448, 0.4509792, 3.051051;0.6912763, 0.4653686, 2.835875;0.3871077, -0.1613242, 2.957788;0.6920273, -0.1318088, 2.658377;0.5581685, 0.1621486, 2.914963;0.4964379, 0.08257038, 2.955941;0.59749, 0.09507237, 2.846396;0.5381158, -0.3967127, 2.982747;0.6960999, -0.3778031, 2.797427;0.5678019, -0.747153, 3.031722;0.7614209, -0.7442141, 2.767324;0.5272624, -0.8308809, 3.025011;0.7366705, -0.8353837, 2.747956;
0.5877551, 0.7809603, 3.017134;0.6252683, 0.6025595, 2.979553;0.5693312, 0.2354017, 2.922804;0.4649447, 0.4510949, 3.050863;0.6910318, 0.4650948, 2.835722;0.3870765, -0.161029, 2.957442;0.6919291, -0.1320593, 2.658571;0.5581123, 0.1618238, 2.914846;0.4964336, 0.08245519, 2.955889;0.5974452, 0.09494001, 2.84637;0.5382512, -0.3964542, 2.982805;0.6961968, -0.3775212, 2.797599;0.5675456, -0.7459923, 3.030579;0.7616604, -0.7433736, 2.767189;0.5279338, -0.8261839, 3.023474;0.735938, -0.8344393, 2.748307;
0.5843679, 0.7781367, 3.014782;0.6260313, 0.6044949, 2.979418;0.5693623, 0.2356942, 2.922714;0.4648426, 0.4510584, 3.051265;0.6908989, 0.4650196, 2.835812;0.3869203, -0.1614427, 2.958443;0.6918432, -0.1326567, 2.65846;0.5580984, 0.1619851, 2.914775;0.49636, 0.08255315, 2.956008;0.5974087, 0.09504285, 2.846138;0.5382246, -0.3962743, 2.982684;0.6960896, -0.3774187, 2.797509;0.5676202, -0.7460161, 3.030697;0.7616783, -0.7434186, 2.767169;0.5278493, -0.8266242, 3.023898;0.7358619, -0.8354062, 2.748276;
0.5847372, 0.7782031, 3.014914;0.6262634, 0.604364, 2.979373;0.5694164, 0.2356269, 2.922567;0.4648116, 0.45109, 3.051239;0.6908788, 0.4650353, 2.835802;0.3869521, -0.1615117, 2.958493;0.6918104, -0.1343308, 2.658721;0.5581229, 0.1619196, 2.914605;0.4963291, 0.0825085, 2.955931;0.597446, 0.09498061, 2.845916;0.5383145, -0.3963083, 2.982697;0.6965743, -0.3784359, 2.797551;0.5675157, -0.7459354, 3.030644;0.7616528, -0.7457092, 2.767506;0.5276132, -0.8277166, 3.024926;0.7362807, -0.836304, 2.748423;
0.585308, 0.7771333, 3.013876;0.6264184, 0.6040585, 2.979411;0.5693938, 0.2356476, 2.922544;0.4654993, 0.4515907, 3.050044;0.6908261, 0.4652537, 2.835774;0.3870118, -0.161523, 2.958554;0.6915896, -0.1345745, 2.658716;0.5580545, 0.1619957, 2.914561;0.4962262, 0.08257489, 2.956055;0.597173, 0.0950423, 2.845562;0.538093, -0.3960253, 2.982382;0.6964217, -0.3783976, 2.797548;0.5674775, -0.7451445, 3.030773;0.7617291, -0.746636, 2.767396;0.527468, -0.8281888, 3.025212;0.7369935, -0.836135, 2.747565;
0.5848948, 0.7759905, 3.012127;0.6264271, 0.6038967, 2.979147;0.5693208, 0.2356243, 2.922328;0.4646415, 0.4512669, 3.051557;0.6907858, 0.4651558, 2.835761;0.3869349, -0.1615323, 2.958389;0.6915489, -0.1350566, 2.658241;0.5579617, 0.1619935, 2.914355;0.4960169, 0.08251257, 2.955929;0.5971345, 0.09500118, 2.845338;0.5380535, -0.3959843, 2.982467;0.6956861, -0.3763994, 2.797396;0.5671979, -0.7454827, 3.030904;0.7628283, -0.7429435, 2.768248;0.5274109, -0.8284244, 3.025234;0.7374297, -0.8325794, 2.747077;
0.5849363, 0.7750803, 3.012379;0.626596, 0.6038215, 2.979349;0.5693557, 0.2355919, 2.922285;0.4645132, 0.4514622, 3.051414;0.6906086, 0.464947, 2.835791;0.3868506, -0.1613545, 2.958455;0.6911519, -0.1364146, 2.65771;0.5579896, 0.1619536, 2.914268;0.4960219, 0.08245286, 2.955877;0.5971681, 0.09495743, 2.845149;0.5380334, -0.3960198, 2.982434;0.6957135, -0.3767922, 2.797425;0.5669964, -0.7452167, 3.030798;0.7622883, -0.7459025, 2.768256;0.5266001, -0.8285465, 3.023503;0.7365478, -0.8342743, 2.746603;
0.5834156, 0.7733396, 3.011239;0.6264387, 0.6036856, 2.979258;0.5694399, 0.2354361, 2.922084;0.4650615, 0.4516373, 3.050087;0.6906176, 0.4650499, 2.835685;0.3865719, -0.1614963, 2.95781;0.6911033, -0.1356288, 2.657779;0.5581306, 0.1617825, 2.914034;0.4968339, 0.08243474, 2.954684;0.5972087, 0.09503454, 2.84532;0.5379949, -0.3958881, 2.982304;0.6955392, -0.3762767, 2.797259;0.5659459, -0.7430144, 3.030347;0.7622471, -0.7464771, 2.768269;0.5268961, -0.8288149, 3.023855;0.7363505, -0.8345152, 2.746355;
0.5830956, 0.7736979, 3.012458;0.6262864, 0.6036115, 2.979218;0.569443, 0.2354729, 2.922124;0.4645523, 0.4514687, 3.050426;0.6903648, 0.464494, 2.834938;0.3862059, -0.1609081, 2.957886;0.6899496, -0.1352385, 2.657279;0.5581533, 0.1618589, 2.914098;0.4968571, 0.08228187, 2.955164;0.5972267, 0.09495903, 2.845249;0.5381157, -0.3952502, 2.98242;0.6956843, -0.3765036, 2.797473;0.5660567, -0.7416617, 3.03056;0.7623898, -0.7466339, 2.768341;0.5414869, -0.8183789, 3.024758;0.7353424, -0.8351796, 2.744895;
0.5849954, 0.7771487, 3.014346;0.6262684, 0.603595, 2.979187;0.5696643, 0.2353593, 2.921787;0.4645343, 0.4515845, 3.050308;0.690443, 0.4644401, 2.834899;0.383613, -0.1596989, 2.956355;0.6892289, -0.1358705, 2.657247;0.5584592, 0.1617138, 2.913672;0.4970812, 0.08213596, 2.954795;0.5977365, 0.09481206, 2.844813;0.5383618, -0.3949358, 2.982367;0.6962889, -0.3770227, 2.797484;0.5659468, -0.7413999, 3.029899;0.7624373, -0.7469382, 2.768209;0.5350425, -0.8244383, 3.024269;0.736027, -0.8357422, 2.744613;
0.5819741, 0.7729983, 3.012473;0.624853, 0.6030082, 2.979212;0.5696466, 0.2351168, 2.921874;0.4642712, 0.4514062, 3.050759;0.6900406, 0.4640829, 2.834642;0.3828552, -0.1598239, 2.956951;0.6874478, -0.1348824, 2.657287;0.5585505, 0.1614511, 2.913787;0.4974519, 0.08158528, 2.955112;0.5979021, 0.09442133, 2.844947;0.538533, -0.3954168, 2.982706;0.6963016, -0.376873, 2.797481;0.5670003, -0.7422463, 3.031875;0.7628587, -0.7437578, 2.768164;0.5344428, -0.8249321, 3.024715;0.7349583, -0.8346201, 2.746966;
0.579753, 0.7775304, 3.013925;0.6242023, 0.6029541, 2.978979;0.569711, 0.2349023, 2.921881;0.4637779, 0.4514949, 3.050419;0.6899153, 0.4635937, 2.83447;0.3815523, -0.1598123, 2.957278;0.683625, -0.1349801, 2.6553;0.5587489, 0.161136, 2.913829;0.4977478, 0.0813037, 2.955151;0.5983769, 0.09374097, 2.845225;0.5386052, -0.396162, 2.983312;0.6970286, -0.377522, 2.797818;0.5671906, -0.7451007, 3.032453;0.7629907, -0.7443792, 2.767943;0.5321581, -0.826573, 3.02236;0.7346909, -0.8352862, 2.746486;
0.5794618, 0.7770512, 3.011793;0.6219437, 0.601164, 2.979549;0.569795, 0.2345873, 2.921806;0.4630672, 0.4513753, 3.050031;0.6892412, 0.4634762, 2.833995;0.3810329, -0.1594706, 2.957493;0.6740667, -0.1369229, 2.647889;0.5590388, 0.1608621, 2.913696;0.4981616, 0.08103568, 2.955065;0.599215, 0.0931838, 2.844801;0.5387254, -0.3959484, 2.983299;0.6972625, -0.3774116, 2.798132;0.5672747, -0.7449248, 3.032313;0.7624556, -0.7460794, 2.767695;0.5314188, -0.8267574, 3.022414;0.7346779, -0.8361623, 2.746819;
0.5785068, 0.7783834, 3.009246;0.619324, 0.6010357, 2.978005;0.5698019, 0.2345782, 2.921793;0.4624611, 0.4526222, 3.050677;0.6873815, 0.4639277, 2.833138;0.3801273, -0.1594354, 2.957556;0.6704868, -0.1367755, 2.643428;0.559216, 0.1608547, 2.913732;0.4989981, 0.08103639, 2.955705;0.5995879, 0.09299634, 2.844757;0.5390894, -0.3972499, 2.983157;0.6973251, -0.377443, 2.798153;0.5670393, -0.7478942, 3.032563;0.7625328, -0.7465683, 2.767456;0.5302455, -0.8292748, 3.022919;0.7346486, -0.8367881, 2.74708;
0.5740545, 0.7739258, 3.005693;0.6175289, 0.6005995, 2.975111;0.5700613, 0.2344257, 2.921453;0.4614886, 0.4529909, 3.049304;0.6867597, 0.4637352, 2.831968;0.3791298, -0.1593759, 2.959355;0.6621795, -0.1369393, 2.629432;0.5598263, 0.1607215, 2.91353;0.4998592, 0.0809578, 2.955722;0.6008592, 0.09261671, 2.844758;0.5397161, -0.3973718, 2.983393;0.6981288, -0.378398, 2.798166;0.5665772, -0.7476192, 3.031837;0.7624752, -0.7471371, 2.767507;0.5281017, -0.8289345, 3.020479;0.7347211, -0.8369931, 2.747131;
0.5681682, 0.7721579, 3.001351;0.6148958, 0.5995896, 2.973475;0.5702932, 0.2339543, 2.921547;0.4593431, 0.4528619, 3.047741;0.6846347, 0.4614847, 2.828921;0.3733558, -0.1600918, 2.954919;0.6569983, -0.1364276, 2.620603;0.5606598, 0.1600828, 2.913995;0.5012102, 0.08047807, 2.956389;0.6028244, 0.09156103, 2.846367;0.5397223, -0.3977912, 2.983775;0.6983259, -0.3785534, 2.797945;0.5667668, -0.7482459, 3.031682;0.7626443, -0.7478868, 2.767632;0.5276231, -0.8303705, 3.020721;0.7358243, -0.8366583, 2.746782;
0.5625831, 0.7712758, 2.995273;0.6057824, 0.5948108, 2.967135;0.570433, 0.2334676, 2.921396;0.4571461, 0.4526621, 3.047199;0.6817808, 0.4594697, 2.826155;0.3686994, -0.1594751, 2.949009;0.6534403, -0.137168, 2.615538;0.5615083, 0.1596594, 2.914213;0.5034456, 0.07971102, 2.957516;0.6048601, 0.09066208, 2.847039;0.5396301, -0.3977028, 2.983775;0.6982875, -0.3786225, 2.79778;0.5664588, -0.7480053, 3.031433;0.7627199, -0.7482277, 2.76755;0.5276217, -0.830272, 3.020845;0.7364906, -0.8357553, 2.745166;
0.5528396, 0.7596527, 2.988878;0.6026261, 0.5930521, 2.96447;0.5716439, 0.2300977, 2.921543;0.4499948, 0.4466466, 3.041285;0.6763656, 0.4548991, 2.820836;0.3620446, -0.162954, 2.944436;0.6517663, -0.138153, 2.613261;0.5645262, 0.1556787, 2.915493;0.5070626, 0.07683175, 2.959059;0.6105281, 0.08590275, 2.850734;0.5395232, -0.3992062, 2.983958;0.6983775, -0.3788851, 2.797426;0.5648498, -0.7509042, 3.029996;0.7609288, -0.7559942, 2.768409;0.5271336, -0.8312033, 3.020818;0.7371976, -0.8357008, 2.744479;
0.542253, 0.7519744, 2.978615;0.5983168, 0.5918553, 2.959168;0.5730294, 0.2273106, 2.921557;0.4478451, 0.4458191, 3.040054;0.6714588, 0.4506679, 2.816359;0.3588919, -0.1675144, 2.942513;0.6498794, -0.1389377, 2.611475;0.5675475, 0.1523419, 2.916677;0.5122568, 0.0738394, 2.960811;0.6143186, 0.08304901, 2.853929;0.5384558, -0.4000095, 2.983858;0.6980151, -0.3790464, 2.79618;0.5647457, -0.7519809, 3.029039;0.7598759, -0.7580566, 2.76863;0.5266339, -0.8319423, 3.020858;0.7374128, -0.8358861, 2.744649;
0.5316566, 0.7456595, 2.971756;0.5885428, 0.5843027, 2.950747;0.5751541, 0.221964, 2.921246;0.4410833, 0.4376717, 3.034414;0.6650909, 0.4450242, 2.811981;0.3568846, -0.1732273, 2.937693;0.6481419, -0.1443132, 2.609965;0.5717872, 0.1471569, 2.917722;0.5192934, 0.0687882, 2.962039;0.6199196, 0.07913687, 2.85744;0.5368975, -0.4000005, 2.983701;0.6968613, -0.3794862, 2.794055;0.5641948, -0.7510042, 3.028586;0.7592304, -0.7605805, 2.767909;0.526695, -0.8315248, 3.021039;0.737315, -0.8365463, 2.744819;
0.5167283, 0.7381445, 2.95602;0.5804098, 0.5793438, 2.944654;0.5754184, 0.2155691, 2.92285;0.4375632, 0.4323031, 3.029974;0.6531364, 0.4337265, 2.804053;0.3538346, -0.1893126, 2.936554;0.6483516, -0.1533902, 2.610954;0.5737412, 0.1406092, 2.921242;0.5238335, 0.06379956, 2.96684;0.6219828, 0.07270968, 2.863403;0.5350883, -0.4009958, 2.984102;0.6966697, -0.3830212, 2.791849;0.5629731, -0.7492585, 3.026941;0.7591976, -0.7619413, 2.767784;0.5269905, -0.8310866, 3.021194;0.7374905, -0.8370534, 2.746221;
0.5057226, 0.7253711, 2.947356;0.5685946, 0.5628781, 2.930664;0.5761194, 0.2065104, 2.924506;0.4276269, 0.4187613, 3.024961;0.6463681, 0.4209517, 2.797312;0.3536521, -0.1931431, 2.935339;0.6470195, -0.1696613, 2.605461;0.5763228, 0.1327004, 2.925261;0.5287468, 0.05653978, 2.97264;0.6262413, 0.06306472, 2.871401;0.5319116, -0.404945, 2.984779;0.6967112, -0.3895918, 2.789682;0.5627909, -0.7488564, 3.026639;0.7581445, -0.7644329, 2.768298;0.5263932, -0.8302956, 3.020248;0.7382439, -0.836987, 2.746175;
0.4807085, 0.7065361, 2.925701;0.5468671, 0.5307365, 2.905401;0.5771987, 0.1895304, 2.924961;0.4216375, 0.3961474, 3.0113;0.6354635, 0.4035489, 2.788408;0.3515713, -0.2347733, 2.932433;0.6476597, -0.1816216, 2.605681;0.5808315, 0.1182848, 2.929573;0.5374568, 0.04407873, 2.981802;0.6333805, 0.04796551, 2.878181;0.5300388, -0.4085993, 2.986415;0.6960199, -0.3923857, 2.787377;0.5627163, -0.7501515, 3.02606;0.7574672, -0.765147, 2.767622;0.5261269, -0.8310909, 3.02053;0.7378626, -0.8376798, 2.745807;
0.4665942, 0.6794658, 2.912488;0.542357, 0.5243418, 2.900311;0.578979, 0.1657228, 2.927132;0.4170298, 0.3869034, 3.010972;0.6241979, 0.3861612, 2.783734;0.347409, -0.241391, 2.932733;0.6456082, -0.202519, 2.602708;0.5864918, 0.09203343, 2.936194;0.5474877, 0.01855931, 2.989834;0.63863, 0.03314684, 2.88768;0.5262892, -0.4127648, 2.985521;0.6962432, -0.3982749, 2.784859;0.5621486, -0.7539044, 3.026595;0.7564197, -0.7629615, 2.766154;0.5259628, -0.8315396, 3.020657;0.7378286, -0.8372272, 2.746171;
0.4608142, 0.6697465, 2.907151;0.5316373, 0.4938794, 2.892201;0.5828236, 0.1421295, 2.92957;0.4078216, 0.3506651, 3.001887;0.6145328, 0.363553, 2.778234;0.3430208, -0.2658005, 2.928632;0.6406783, -0.253554, 2.592898;0.5925388, 0.07114951, 2.940179;0.558212, -0.002905302, 2.99406;0.6457353, 0.01135343, 2.896356;0.522572, -0.4200182, 2.984994;0.6928415, -0.4034559, 2.778266;0.5621153, -0.7526007, 3.02731;0.7565323, -0.763411, 2.765237;0.5260249, -0.8310154, 3.02084;0.7367447, -0.8381678, 2.746212;
0.4438773, 0.6179483, 2.888491;0.5186965, 0.459226, 2.880827;0.5855254, 0.1201347, 2.933031;0.3969778, 0.3153172, 2.994388;0.6067026, 0.3293503, 2.769089;0.3303393, -0.3045307, 2.91991;0.6437799, -0.26592, 2.594759;0.5980692, 0.05057991, 2.946261;0.5637916, -0.02180402, 3.003439;0.6571938, -0.01058045, 2.904816;0.5200129, -0.4280295, 2.988151;0.6909465, -0.4131464, 2.772997;0.5618496, -0.752233, 3.027342;0.7573514, -0.7645233, 2.764637;0.5211912, -0.8335027, 3.026911;0.7365746, -0.8381345, 2.746066;
0.4388534, 0.6115888, 2.882802;0.5121364, 0.4399348, 2.875757;0.5904331, 0.09512286, 2.935861;0.396424, 0.2893548, 2.989697;0.6001386, 0.3085272, 2.765806;0.3304206, -0.3111661, 2.922224;0.6461635, -0.2943783, 2.591867;0.6061828, 0.02550413, 2.951387;0.5751092, -0.04347913, 3.01058;0.665829, -0.0325987, 2.910786;0.5156183, -0.4425769, 2.989881;0.6874362, -0.4191743, 2.763511;0.5611157, -0.7520919, 3.027325;0.7574062, -0.7653562, 2.764319;0.521253, -0.8328471, 3.026059;0.7355084, -0.8390177, 2.747091;
0.4230933, 0.5752994, 2.856278;0.5001147, 0.4005134, 2.861591;0.5905662, 0.07639703, 2.935048;0.3910182, 0.2675342, 2.983294;0.5947404, 0.2762833, 2.759394;0.3287565, -0.3442291, 2.923999;0.6500213, -0.3146336, 2.599519;0.6077088, 0.01016822, 2.952165;0.5780294, -0.05806831, 3.01219;0.6688251, -0.04621315, 2.913712;0.5092936, -0.4547984, 2.988736;0.6788561, -0.4290294, 2.743968;0.5605631, -0.7518699, 3.027512;0.7573838, -0.7664191, 2.764152;0.5224133, -0.8315157, 3.023604;0.735374, -0.8388985, 2.746621;
0.4148584, 0.5465325, 2.850046;0.4969765, 0.3718339, 2.855486;0.5985557, 0.04769703, 2.933751;0.3886678, 0.2309338, 2.982825;0.5955551, 0.2500455, 2.754463;0.3119883, -0.3762821, 2.922031;0.6494817, -0.3158835, 2.599674;0.6186113, -0.01729634, 2.952638;0.5912656, -0.08521085, 3.014484;0.6834502, -0.07146175, 2.916135;0.495047, -0.4752445, 2.985964;0.6771066, -0.4358823, 2.732398;0.558905, -0.750587, 3.027034;0.7574898, -0.7676765, 2.764365;0.5227573, -0.830686, 3.021731;0.7349452, -0.8397028, 2.746613;
0.4037985, 0.4993948, 2.837363;0.4887228, 0.3407118, 2.84772;0.5985504, 0.03398052, 2.934178;0.3866622, 0.2013605, 2.977114;0.5918301, 0.224452, 2.751325;0.3101141, -0.407911, 2.929685;0.6583522, -0.3890381, 2.589997;0.6197019, -0.02859729, 2.954124;0.5926487, -0.09275224, 3.016078;0.6857961, -0.08168653, 2.919119;0.4898418, -0.4802259, 2.983914;0.6735462, -0.4391702, 2.722139;0.5490221, -0.7769163, 3.02524;0.7570405, -0.7688386, 2.763757;0.5151109, -0.8463555, 3.020603;0.7346895, -0.8401431, 2.743524;
0.3955972, 0.4730114, 2.82673;0.4817717, 0.3076072, 2.839748;0.6018566, -0.01467215, 2.94733;0.3844987, 0.18005, 2.97164;0.589295, 0.1935199, 2.746523;0.3115113, -0.443187, 2.931239;0.6657881, -0.4069169, 2.585557;0.6261507, -0.07780793, 2.972629;0.61226, -0.1387048, 3.030503;0.6846544, -0.1328517, 2.951576;0.4690526, -0.5102361, 2.977623;0.6690173, -0.461327, 2.709587;0.5381442, -0.8034512, 3.022327;0.7555378, -0.7691906, 2.763476;0.5001616, -0.8707671, 3.022516;0.7329174, -0.8402417, 2.743124;
0.3900431, 0.4640415, 2.822951;0.4761413, 0.2861641, 2.82964;0.6077873, -0.0344789, 2.946447;0.3827838, 0.1316266, 2.973254;0.5867043, 0.1721658, 2.745222;0.3094449, -0.4627407, 2.930363;0.6682684, -0.4288034, 2.589461;0.6346909, -0.09993497, 2.973269;0.6196859, -0.157359, 3.030497;0.6928546, -0.1479137, 2.952801;0.4585908, -0.5198656, 2.974903;0.6677703, -0.4694931, 2.704031;0.5326468, -0.8108754, 3.021465;0.755129, -0.7697707, 2.763729;0.4976961, -0.8796324, 3.023895;0.733117, -0.8413856, 2.745242;
0.3803553, 0.4197403, 2.813527;0.4718882, 0.2532483, 2.823169;0.6067843, -0.04747176, 2.944932;0.3827637, 0.1144026, 2.971595;0.586315, 0.1377757, 2.737442;0.3443046, -0.4834281, 2.925848;0.6522839, -0.4228953, 2.604166;0.6338866, -0.1089183, 2.972425;0.6188955, -0.1702223, 3.03357;0.695107, -0.1606468, 2.950225;0.4488793, -0.5265788, 2.970782;0.6626685, -0.4821417, 2.703626;0.5264373, -0.8156821, 3.01889;0.7539831, -0.7704448, 2.763047;0.5073082, -0.8887536, 3.034037;0.7335716, -0.8433487, 2.748792;
0.3756539, 0.3812363, 2.808222;0.468375, 0.2161998, 2.81852;0.6006685, -0.09845336, 2.944166;0.3721536, 0.07206194, 2.972627;0.5825332, 0.1091471, 2.732941;0.357019, -0.5513287, 2.919582;0.6702676, -0.5022357, 2.622894;0.6272358, -0.1602382, 2.972903;0.6135802, -0.2201537, 3.035402;0.6890963, -0.2124275, 2.953023;0.4682034, -0.4783284, 2.975152;0.6610417, -0.51126, 2.679584;0.5487456, -0.7495111, 3.023115;0.7532777, -0.7702664, 2.762542;0.5225318, -0.8296319, 3.021724;0.7319229, -0.8430051, 2.749603;
0.3704263, 0.3546067, 2.808653;0.4647638, 0.1896224, 2.817252;0.5988811, -0.1059457, 2.942567;0.3738502, 0.05501122, 2.97096;0.5826187, 0.09470633, 2.731406;0.3543637, -0.5327188, 2.940749;0.6452512, -0.4586076, 2.602026;0.625625, -0.1661263, 2.971253;0.6119715, -0.2263005, 3.035373;0.6883868, -0.219455, 2.949935;0.4134101, -0.5623751, 2.957774;0.6619965, -0.518208, 2.677997;0.5128328, -0.8413011, 3.013154;0.7541957, -0.7937292, 2.751146;0.467524, -0.9041233, 2.96675;0.721687, -0.8631992, 2.748401;
0.3683281, 0.3250087, 2.801795;0.4630734, 0.1648537, 2.812986;0.6164461, -0.1232089, 2.935563;0.3734143, 0.04387451, 2.969236;0.5815222, 0.07040388, 2.728136;0.3405391, -0.5371935, 2.949475;0.6458412, -0.4800868, 2.602099;0.648497, -0.1820571, 2.963096;0.6480501, -0.2474415, 3.027263;0.7136593, -0.230042, 2.940404;0.4505777, -0.5191387, 2.972089;0.6588333, -0.5258611, 2.670984;0.5189555, -0.7300086, 3.008019;0.7509867, -0.8000445, 2.745195;0.4739347, -0.7947266, 2.964113;0.7189375, -0.8693625, 2.752351;
0.3588337, 0.2956055, 2.793033;0.4607536, 0.1400503, 2.808608;0.6197878, -0.1384816, 2.93259;0.3766012, -0.009972798, 2.959416;0.5785614, 0.05170814, 2.723598;0.3659229, -0.5931305, 2.924013;0.6872342, -0.6139963, 2.585198;0.6517563, -0.1944509, 2.96072;0.6494778, -0.2592807, 3.026558;0.7171621, -0.2384912, 2.938241;0.4503236, -0.5268579, 2.970165;0.6548374, -0.528065, 2.664843;0.5394908, -0.7462503, 3.014689;0.7477488, -0.8014554, 2.738371;0.5228195, -0.8267447, 3.017221;0.7207325, -0.8702929, 2.758159;
0.3548863, 0.2822639, 2.788327;0.4571175, 0.1170109, 2.808133;0.6188002, -0.1532669, 2.931616;0.3740776, -0.01091258, 2.959367;0.5716318, 0.01618714, 2.722506;0.3931973, -0.5507503, 2.934376;0.6930966, -0.5562971, 2.595204;0.651104, -0.2075554, 2.959752;0.6482038, -0.2702061, 3.027358;0.7178113, -0.2525214, 2.936201;0.4514041, -0.530775, 2.969515;0.648738, -0.5325398, 2.65556;0.5402915, -0.7478023, 3.015123;0.7498122, -0.7735485, 2.758175;0.5204614, -0.8213266, 3.009645;0.7298968, -0.8464769, 2.747504;
0.3552822, 0.2615824, 2.783723;0.4551706, 0.09400903, 2.803435;0.6203104, -0.1669459, 2.928746;0.3776034, -0.04560057, 2.960075;0.5711291, 0.008487321, 2.722313;0.3753856, -0.6437098, 2.935952;0.6825336, -0.6294057, 2.599546;0.6531035, -0.2195112, 2.957205;0.6514776, -0.2844555, 3.028422;0.7212626, -0.2634159, 2.931993;0.4562571, -0.5338492, 2.965112;0.6426653, -0.5366951, 2.648404;0.5168873, -0.7404939, 3.008787;0.747974, -0.7783136, 2.754704;0.4765563, -0.8076606, 2.965322;0.7280632, -0.8514236, 2.747081;
0.3363784, 0.226631, 2.768279;0.4503636, 0.07578468, 2.800683;0.6222132, -0.1862491, 2.927254;0.376548, -0.05489575, 2.957124;0.5681784, -0.02181503, 2.719249;0.3755978, -0.6429752, 2.93602;0.6871062, -0.666584, 2.587003;0.6565275, -0.2388848, 2.955997;0.6557826, -0.2996727, 3.026574;0.7237886, -0.2782804, 2.931489;0.4560955, -0.5358069, 2.961106;0.6347573, -0.5384781, 2.639692;0.5352625, -0.7551481, 3.009963;0.74573, -0.8023583, 2.759703;0.5171826, -0.8291577, 3.008985;0.7174587, -0.8701032, 2.739292;
0.3303496, 0.1879196, 2.77527;0.4476415, 0.05190449, 2.795093;0.6248859, -0.2028231, 2.923881;0.3767598, -0.07542521, 2.953728;0.567258, -0.03281825, 2.720083;0.378651, -0.6579007, 2.946271;0.6549028, -0.5699913, 2.647358;0.6600856, -0.2540845, 2.953004;0.6608267, -0.3162839, 3.023042;0.7272382, -0.2905885, 2.929048;0.4531268, -0.5359944, 2.956016;0.6273026, -0.5413277, 2.63355;0.4833682, -0.7375067, 3.005466;0.7465068, -0.804618, 2.754649;0.4437582, -0.8062289, 2.964175;0.7162341, -0.8737947, 2.745945;
0.3249466, 0.1679462, 2.775052;0.4453344, 0.03214551, 2.794347;0.6241501, -0.2096509, 2.922216;0.3725224, -0.08797435, 2.955071;0.5647013, -0.05239663, 2.718506;0.3861096, -0.662418, 2.944516;0.6108663, -0.5995702, 2.682691;0.6596459, -0.258972, 2.951389;0.6616326, -0.3205657, 3.023342;0.7280493, -0.2984345, 2.925755;0.4580095, -0.5429343, 2.953121;0.6234792, -0.5449163, 2.629297;0.4824379, -0.737521, 3.004546;0.7474136, -0.807218, 2.75235;0.4432504, -0.8072258, 2.965008;0.7103657, -0.8733605, 2.75092;
0.3243361, 0.1599345, 2.772284;0.444864, 0.02022383, 2.793032;0.6273248, -0.2214819, 2.921893;0.3677109, -0.09268518, 2.954767;0.5660776, -0.06584051, 2.718345;0.3788871, -0.6884886, 2.951565;0.6305347, -0.6512678, 2.699262;0.6636035, -0.2700608, 2.951189;0.6661692, -0.3290364, 3.022313;0.7315881, -0.306812, 2.926782;0.4545537, -0.5416575, 2.950842;0.6201727, -0.5448556, 2.626843;0.5414364, -0.7529311, 3.008053;0.7475023, -0.8103248, 2.748849;0.5160376, -0.8243621, 3.010172;0.7066228, -0.8739396, 2.754681;
0.3225417, 0.1354386, 2.765687;0.4421366, -0.007028529, 2.795546;0.6261888, -0.2377512, 2.919843;0.3500303, -0.159233, 2.961957;0.5668907, -0.07702395, 2.715293;0.3827575, -0.7154092, 2.956164;0.6263589, -0.645498, 2.705863;0.6628326, -0.284337, 2.948459;0.6656222, -0.3568209, 3.018188;0.7345033, -0.3158621, 2.925641;0.46069, -0.5463506, 2.949685;0.6171781, -0.5462918, 2.621898;0.5443162, -0.7659198, 3.009161;0.7488584, -0.8126255, 2.745353;0.5085813, -0.8328754, 3.008858;0.6936847, -0.8522629, 2.711517;
0.3212049, 0.1272197, 2.764139;0.442407, -0.01341151, 2.79399;0.630218, -0.24522, 2.919922;0.3807637, -0.1690549, 2.937315;0.5670919, -0.09164424, 2.716036;0.3911502, -0.7165161, 2.947754;0.6289371, -0.6417177, 2.697214;0.6678489, -0.2919284, 2.948784;0.6697779, -0.3590944, 3.018569;0.7379864, -0.3204888, 2.925499;0.4607289, -0.5500651, 2.949714;0.6176183, -0.5515292, 2.623713;0.5435262, -0.7667024, 3.009591;0.7512512, -0.8217743, 2.742264;0.4989688, -0.8280826, 3.006274;0.6872934, -0.8444946, 2.708248;
0.3215708, 0.1211376, 2.760969;0.4419596, -0.02136404, 2.793031;0.6301386, -0.2456611, 2.92004;0.3661425, -0.1625767, 2.94435;0.5660579, -0.09841308, 2.714745;0.3917568, -0.7140898, 2.936451;0.6283671, -0.6405884, 2.696894;0.6677978, -0.2919891, 2.948852;0.6705446, -0.3574072, 3.021384;0.7386225, -0.3213048, 2.925465;0.4562922, -0.5550646, 2.950013;0.6199546, -0.5598785, 2.6299;0.5455403, -0.7713321, 3.01086;0.7527835, -0.8311294, 2.742397;0.4956718, -0.8283398, 3.005285;0.6874644, -0.8269042, 2.703882;
0.3212589, 0.1152707, 2.759619;0.440432, -0.02953445, 2.792141;0.6298785, -0.2601472, 2.918273;0.3769775, -0.1723339, 2.935064;0.5630305, -0.1037077, 2.714865;0.3921227, -0.7137199, 2.935648;0.6277349, -0.6437442, 2.694366;0.6678766, -0.3063763, 2.946971;0.672313, -0.367276, 3.021257;0.73866, -0.3399778, 2.920107;0.4533376, -0.5585764, 2.951401;0.5744816, -0.5049582, 2.596364;0.5421287, -0.7579802, 3.006593;0.7323941, -0.7795823, 2.739001;0.4990276, -0.820328, 3.005659;0.7119928, -0.8228223, 2.68018;
0.3214201, 0.1113157, 2.761351;0.4402611, -0.03168539, 2.79059;0.6292237, -0.2608789, 2.918029;0.3654215, -0.167945, 2.940431;0.5622193, -0.1070619, 2.714239;0.3869415, -0.7182787, 2.936903;0.668115, -0.7347357, 2.647775;0.6671048, -0.3069676, 2.946865;0.6718318, -0.3677893, 3.021516;0.7381773, -0.3410006, 2.920325;0.4516699, -0.5569589, 2.950825;0.5763115, -0.5045961, 2.594873;0.5419447, -0.755218, 3.005476;0.7334965, -0.7796611, 2.738053;0.4949976, -0.8144667, 3.002661;0.7077059, -0.8269378, 2.68493;
0.3190389, 0.1065152, 2.765617;0.4399519, -0.03415811, 2.790351;0.6284671, -0.265463, 2.916924;0.3678857, -0.1686398, 2.937094;0.5620698, -0.1091506, 2.714036;0.3850061, -0.7202047, 2.936757;0.6749139, -0.7345578, 2.639684;0.6662197, -0.3119056, 2.945568;0.6713154, -0.3720692, 3.020437;0.7370811, -0.3466303, 2.918468;0.4471102, -0.554827, 2.947211;0.5752028, -0.5055544, 2.590875;0.5424977, -0.7558341, 3.00651;0.7340274, -0.7804569, 2.737925;0.4853048, -0.8176099, 3.011466;0.7056624, -0.8323734, 2.690942;
0.3194759, 0.1045422, 2.765529;0.4414647, -0.03504504, 2.788162;0.629339, -0.2641394, 2.916122;0.3650563, -0.1679483, 2.938654;0.5618717, -0.1104752, 2.713139;0.3822959, -0.7266334, 2.938463;0.7003312, -0.7606041, 2.610024;0.6671396, -0.3098683, 2.944898;0.6719873, -0.3695159, 3.019348;0.7384632, -0.3419014, 2.918473;0.4464422, -0.5621745, 2.950949;0.5769872, -0.5059293, 2.593568;0.5406272, -0.7651826, 3.012224;0.7347883, -0.7801124, 2.73809;0.4847257, -0.8157172, 3.009943;0.7031237, -0.8398251, 2.704688;
0.3194778, 0.1043902, 2.76816;0.4412515, -0.03536169, 2.788164;0.6267395, -0.2658717, 2.914717;0.3623419, -0.1707516, 2.941636;0.5616006, -0.1113575, 2.712142;0.3890098, -0.7222074, 2.932158;0.7000105, -0.7729334, 2.609597;0.6635969, -0.312092, 2.942979;0.6674041, -0.3746462, 3.018213;0.7357973, -0.345366, 2.915915;0.4474508, -0.6108032, 2.962434;0.5758979, -0.5068109, 2.589064;0.5302462, -0.7576892, 3.003977;0.7353585, -0.7796292, 2.738454;0.4841348, -0.8170295, 3.008159;0.7067707, -0.8491685, 2.734986;
0.3236101, 0.1060075, 2.766325;0.441612, -0.03483556, 2.788639;0.6278082, -0.2673447, 2.91537;0.368803, -0.1722788, 2.936501;0.5623491, -0.1119079, 2.711542;0.3966807, -0.7036532, 2.940651;0.7022116, -0.768892, 2.612036;0.6650887, -0.3144206, 2.943875;0.6684653, -0.3759357, 3.018106;0.7366446, -0.3478525, 2.917173;0.4463955, -0.5608877, 2.950914;0.5760989, -0.5054069, 2.588905;0.5325096, -0.7538478, 3.002809;0.7356782, -0.7795885, 2.738615;0.4904197, -0.81595, 3.00696;0.7087677, -0.8496782, 2.73566;
0.3242437, 0.1057952, 2.767884;0.443532, -0.03200518, 2.789564;0.6277058, -0.2669518, 2.915634;0.3611476, -0.1672874, 2.943683;0.5625243, -0.1116643, 2.711108;0.3932762, -0.7040204, 2.94911;0.7012305, -0.7653943, 2.60868;0.6648007, -0.3140994, 2.944167;0.6678185, -0.3757785, 3.017907;0.7362299, -0.3474512, 2.918598;0.4470832, -0.5593799, 2.950843;0.5771081, -0.5047246, 2.58965;0.5330915, -0.7549195, 3.003009;0.7356641, -0.7795498, 2.738518;0.4908262, -0.8167261, 3.007381;0.7150148, -0.8516035, 2.735797;
0.3280722, 0.1145039, 2.776065;0.4459631, -0.02335732, 2.789414;0.6285353, -0.2652928, 2.916128;0.3618002, -0.167521, 2.943828;0.5630155, -0.1088749, 2.710804;0.3571153, -0.7040108, 2.947379;0.694017, -0.6894531, 2.623531;0.6653869, -0.3131055, 2.94466;0.6679567, -0.3754605, 3.017762;0.7367647, -0.346047, 2.919885;0.4451076, -0.558773, 2.952389;0.5787915, -0.5046511, 2.591154;0.538054, -0.7668697, 3.007604;0.7363983, -0.7796273, 2.738837;0.4833648, -0.8182459, 3.0095;0.7043082, -0.7381163, 2.65189;
0.3290955, 0.118892, 2.777358;0.4482303, -0.01842744, 2.789764;0.6277211, -0.2620038, 2.917195;0.3579901, -0.1643576, 2.94997;0.5651495, -0.1030723, 2.709213;0.3488848, -0.6907309, 2.951112;0.6909404, -0.6844098, 2.620791;0.6639466, -0.310102, 2.945941;0.6652644, -0.3738954, 3.018278;0.7358174, -0.3427423, 2.922484;0.3529177, -0.6228722, 3.004472;0.5835956, -0.525432, 2.604754;0.5892479, -0.8036964, 3.014997;0.7349199, -0.7980542, 2.740092;0.493459, -0.8345827, 3.029557;0.7096615, -0.7434025, 2.658136;
0.3557625, 0.1627519, 2.772556;0.4511629, -0.005233008, 2.788782;0.6303694, -0.2542122, 2.916966;0.3588104, -0.1593554, 2.951427;0.5677587, -0.09566131, 2.709208;0.3558733, -0.681599, 2.951416;0.6935835, -0.6845384, 2.607375;0.6663058, -0.3036821, 2.945871;0.6670761, -0.3697264, 3.017852;0.738319, -0.3376227, 2.922902;0.4868371, -0.6422776, 2.988689;0.5943437, -0.5340972, 2.610667;0.5020015, -0.7484519, 3.006803;0.734297, -0.7987585, 2.739266;0.4662208, -0.8166451, 2.963259;0.6997404, -0.8645032, 2.727511;
0.3560961, 0.1639258, 2.772177;0.4584064, 0.01406956, 2.790875;0.6293321, -0.2483157, 2.918181;0.3647268, -0.1544326, 2.952168;0.5706145, -0.08247558, 2.709941;0.3871819, -0.6512446, 2.890674;0.6940655, -0.693055, 2.606802;0.6644665, -0.2993509, 2.946997;0.6640002, -0.3665809, 3.019352;0.7369099, -0.3355882, 2.923541;0.4868197, -0.6415614, 2.988244;0.5999396, -0.5362411, 2.611728;0.5021284, -0.7483476, 3.006924;0.6906011, -0.8184028, 2.626178;0.4653136, -0.8148744, 2.961978;0.6537863, -0.8849295, 2.581232;
0.3569295, 0.1672645, 2.773859;0.4611981, 0.02733647, 2.791004;0.6270058, -0.2386895, 2.919907;0.3768881, -0.09865262, 2.949878;0.5724012, -0.07040741, 2.710279;0.3562081, -0.6570691, 2.953373;0.6882524, -0.6907353, 2.600924;0.6609322, -0.2911149, 2.948961;0.657715, -0.3536585, 3.021021;0.7313725, -0.330254, 2.925592;0.4516771, -0.6301137, 2.99977;0.6067637, -0.537034, 2.613419;0.5037236, -0.7437081, 3.006623;0.7299351, -0.7699534, 2.721872;0.4617011, -0.8100899, 2.966621;0.7225621, -0.8440998, 2.729851;
0.3762285, 0.2278349, 2.794026;0.4674224, 0.04957322, 2.797935;0.6252631, -0.2169233, 2.92712;0.37919, -0.0837177, 2.949442;0.5780687, -0.05115132, 2.710068;0.3560826, -0.6608565, 2.950556;0.69082, -0.6773334, 2.597089;0.6571366, -0.2700373, 2.956272;0.6528717, -0.3326364, 3.029371;0.7271565, -0.3173534, 2.931347;0.4426225, -0.554566, 2.976203;0.6153347, -0.5341969, 2.622313;0.5326362, -0.754394, 3.01427;0.7335339, -0.7708025, 2.734733;0.5147467, -0.8271046, 3.01808;0.7214344, -0.8444911, 2.728027;
0.3768834, 0.2291081, 2.793157;0.4702085, 0.06971563, 2.801818;0.6250678, -0.2120783, 2.928178;0.3797722, -0.06684114, 2.95105;0.5807305, -0.02914596, 2.713233;0.3649213, -0.6106489, 2.957436;0.7048747, -0.5495244, 2.609745;0.6566575, -0.2670357, 2.956986;0.6517229, -0.3291651, 3.028368;0.7244837, -0.3122562, 2.933365;0.4403254, -0.5507883, 2.975569;0.622223, -0.5328132, 2.62479;0.5347696, -0.754943, 3.015627;0.7379287, -0.7713981, 2.740358;0.514064, -0.8267821, 3.014548;0.7252318, -0.8447749, 2.733622;
0.3833087, 0.2486256, 2.800187;0.4764513, 0.08796589, 2.803998;0.6249226, -0.1888083, 2.932949;0.3809399, -0.01368656, 2.950925;0.5840604, -0.007015827, 2.714491;0.3238431, -0.6208411, 2.960498;0.6930374, -0.5415898, 2.61431;0.6546913, -0.2442927, 2.962074;0.6460955, -0.3020044, 3.033049;0.7215393, -0.2939656, 2.938375;0.4410684, -0.5497, 2.976267;0.6276791, -0.5264292, 2.637295;0.5353975, -0.7531846, 3.015792;0.739786, -0.7715439, 2.743562;0.5145475, -0.8247808, 3.014241;0.7255356, -0.8441602, 2.734237;
0.3882429, 0.2816048, 2.806664;0.4791704, 0.1115337, 2.807626;0.6248477, -0.176529, 2.934467;0.3814847, -0.007991785, 2.954729;0.5893298, 0.009141523, 2.717979;0.3369961, -0.5762519, 2.948796;0.6864477, -0.5353329, 2.616777;0.6542101, -0.2336805, 2.963297;0.6453764, -0.2940875, 3.033613;0.7206331, -0.284533, 2.939583;0.4427761, -0.5459798, 2.976002;0.6421121, -0.5344089, 2.649757;0.5372015, -0.7534288, 3.015809;0.7438045, -0.7706344, 2.748499;0.5151923, -0.8245099, 3.014817;0.7261928, -0.8418198, 2.735835;
0.3977178, 0.305321, 2.811733;0.4870758, 0.1427413, 2.810284;0.6135322, -0.1568274, 2.938505;0.3822007, 0.008782141, 2.961686;0.5922801, 0.0450601, 2.720697;0.3379605, -0.5403717, 2.958668;0.6850544, -0.5295376, 2.618934;0.6385949, -0.2149736, 2.967789;0.6208258, -0.2732074, 3.039863;0.7044264, -0.2706794, 2.943633;0.4502528, -0.538261, 2.977138;0.647042, -0.5309182, 2.659454;0.5384705, -0.7540444, 3.016623;0.7459489, -0.7717828, 2.751322;0.5164027, -0.8249308, 3.015995;0.7276304, -0.842562, 2.7384;
0.4027607, 0.3294014, 2.814392;0.4910429, 0.1642545, 2.814716;0.61246, -0.1439492, 2.942071;0.3853365, 0.03403566, 2.965024;0.5961311, 0.05666272, 2.723103;0.3622395, -0.53003, 2.981372;0.6828446, -0.4739457, 2.617208;0.6370174, -0.2050623, 2.97084;0.6194052, -0.2657334, 3.041574;0.7019796, -0.2620557, 2.946834;0.4527132, -0.5332038, 2.976463;0.6514857, -0.5273314, 2.667441;0.5384825, -0.7540231, 3.016583;0.7467176, -0.7717201, 2.753009;0.5182683, -0.8252965, 3.017232;0.7284904, -0.842158, 2.739037;
0.4103287, 0.3652798, 2.823973;0.4965615, 0.191193, 2.816427;0.6103607, -0.1260239, 2.942966;0.3884154, 0.0782362, 2.966546;0.5991857, 0.07570221, 2.725591;0.3629646, -0.5447248, 2.941064;0.6821297, -0.4572846, 2.617451;0.6336067, -0.1890181, 2.971638;0.6136559, -0.2433191, 3.03933;0.6961277, -0.247602, 2.948182;0.4277491, -0.5663159, 2.962917;0.6563542, -0.5200182, 2.675525;0.5199481, -0.8348848, 3.016449;0.7470075, -0.7711607, 2.753498;0.5117046, -0.7614952, 3.020162;0.7291434, -0.8414393, 2.739022;
0.4200337, 0.3942515, 2.833342;0.5065601, 0.2286652, 2.829412;0.6096795, -0.100607, 2.944121;0.3905298, 0.09239553, 2.966103;0.6035615, 0.0983468, 2.72956;0.365627, -0.48623, 2.939841;0.689459, -0.4441557, 2.616826;0.6309749, -0.1657243, 2.971004;0.6088233, -0.2196779, 3.033845;0.6913065, -0.225884, 2.947551;0.4369913, -0.5508025, 2.965688;0.6578169, -0.5083308, 2.686331;0.5206994, -0.822472, 3.016179;0.7477816, -0.7711403, 2.754397;0.4606166, -0.8610844, 3.034787;0.730135, -0.8413886, 2.740224;
0.4236487, 0.4216318, 2.841105;0.508935, 0.2534471, 2.825291;0.6138396, -0.07907876, 2.942866;0.3977426, 0.1150147, 2.963212;0.6096803, 0.1221115, 2.734928;0.3638649, -0.4655794, 2.945699;0.6903008, -0.4421306, 2.616557;0.6349278, -0.145766, 2.969928;0.6127016, -0.2016752, 3.032137;0.694328, -0.2055198, 2.946447;0.4458818, -0.5345553, 2.965219;0.6569592, -0.4947979, 2.695218;0.5190479, -0.8093848, 3.013577;0.7487788, -0.7716023, 2.755346;0.4709222, -0.8647461, 2.967396;0.7304438, -0.8413857, 2.740423;
0.4324515, 0.4431718, 2.848822;0.5133106, 0.2751608, 2.837521;0.6085311, -0.06310354, 2.949107;0.3994552, 0.1413026, 2.963001;0.6117914, 0.14996, 2.74147;0.366792, -0.4427028, 2.947532;0.6916299, -0.4292863, 2.619549;0.6277398, -0.1301091, 2.975262;0.6048046, -0.1884749, 3.033528;0.6844026, -0.1887955, 2.954517;0.452194, -0.5267057, 2.964867;0.6597012, -0.4801224, 2.705746;0.5232118, -0.801515, 3.013861;0.7494233, -0.7718446, 2.756419;0.4751236, -0.8553209, 2.966102;0.7310038, -0.8412864, 2.74064;
0.4387446, 0.4610766, 2.853967;0.5188714, 0.3076949, 2.850059;0.6048638, -0.03510991, 2.952442;0.4025051, 0.1667165, 2.969688;0.6133728, 0.1709515, 2.74533;0.366883, -0.426388, 2.945664;0.6923994, -0.4194925, 2.619709;0.6223282, -0.1033936, 2.976633;0.5978394, -0.1636849, 3.032668;0.6782669, -0.1653715, 2.954754;0.4615508, -0.5083826, 2.967848;0.6625589, -0.4650312, 2.717466;0.5297781, -0.7839433, 3.015363;0.7502868, -0.7723738, 2.756558;0.5158067, -0.855763, 3.021654;0.7309901, -0.8414406, 2.740739;
0.4424484, 0.4806871, 2.86276;0.5206795, 0.3231825, 2.854294;0.6034088, -0.01600025, 2.954479;0.4057615, 0.1875425, 2.970363;0.6214029, 0.1956166, 2.75104;0.3654834, -0.4086635, 2.948475;0.6952037, -0.37204, 2.616095;0.619988, -0.08373134, 2.977959;0.5950637, -0.1500408, 3.034216;0.6763032, -0.1465786, 2.955376;0.4646249, -0.4958335, 2.968422;0.662824, -0.453391, 2.723817;0.5405012, -0.7509548, 3.019051;0.7533609, -0.7727231, 2.75736;0.5233112, -0.824636, 3.019415;0.7313958, -0.8407627, 2.741116;
0.4517824, 0.5180675, 2.88037;0.5386155, 0.3739651, 2.871125;0.6091626, 0.01149317, 2.957399;0.4145349, 0.2234938, 2.976324;0.6238143, 0.2248172, 2.758137;0.3638733, -0.3738027, 2.944831;0.6963456, -0.3372477, 2.622097;0.6237873, -0.06077401, 2.978802;0.5978382, -0.1273177, 3.03265;0.6774149, -0.1195092, 2.954735;0.4749438, -0.4759479, 2.974029;0.6664591, -0.446371, 2.729321;0.5414487, -0.7498682, 3.019252;0.7540601, -0.7724601, 2.757618;0.5235804, -0.8248152, 3.01894;0.7317689, -0.8402806, 2.741386;
0.4580737, 0.5282793, 2.886907;0.5387423, 0.3775636, 2.872022;0.6083323, 0.02272766, 2.957186;0.4196931, 0.2435642, 2.985475;0.6229148, 0.2489415, 2.76452;0.3652396, -0.332736, 2.943204;0.6939428, -0.3109109, 2.615021;0.622393, -0.04762734, 2.977791;0.595998, -0.10942, 3.028749;0.6738702, -0.1055593, 2.953701;0.4817353, -0.4609378, 2.976746;0.6692064, -0.440711, 2.734678;0.5421576, -0.7497566, 3.019811;0.7542865, -0.7725282, 2.75755;0.5237719, -0.8251089, 3.01925;0.7320678, -0.840307, 2.741502;
0.4733752, 0.5662827, 2.911007;0.5505462, 0.366799, 2.885629;0.6089466, 0.03478123, 2.9584;0.4220969, 0.2691564, 3.00117;0.6303041, 0.2700933, 2.767543;0.3648512, -0.3257673, 2.942826;0.6935846, -0.3004705, 2.619347;0.6209181, -0.02697269, 2.976861;0.5932875, -0.09401549, 3.027849;0.672081, -0.090221, 2.951273;0.4871694, -0.4494114, 2.978144;0.6713634, -0.4382986, 2.739261;0.5432612, -0.7501385, 3.020566;0.7564673, -0.7727286, 2.758141;0.523855, -0.8251662, 3.019332;0.7324462, -0.8397106, 2.741794;
0.496306, 0.6081085, 2.920215;0.5569584, 0.441129, 2.897593;0.6068104, 0.0756125, 2.957426;0.426395, 0.2870377, 3.005341;0.6411384, 0.2968053, 2.778644;0.3675466, -0.2889933, 2.943999;0.6899762, -0.2783568, 2.623819;0.6178148, -0.002572585, 2.97391;0.5877346, -0.06980617, 3.022884;0.6672524, -0.06463982, 2.945154;0.4899803, -0.4439719, 2.978898;0.6757914, -0.4311954, 2.745176;0.5463456, -0.7496364, 3.022572;0.7567816, -0.7727606, 2.758355;0.5176996, -0.8299652, 3.020967;0.7325802, -0.8395759, 2.74188;
0.4996676, 0.614353, 2.922004;0.558983, 0.4462401, 2.897957;0.6057783, 0.08487017, 2.952194;0.4301019, 0.3017017, 3.004757;0.6446517, 0.3105146, 2.781759;0.3683416, -0.2800444, 2.94631;0.6860145, -0.2657254, 2.630978;0.6148136, 0.01326965, 2.964823;0.5785576, -0.05435516, 3.015677;0.6676669, -0.04645096, 2.927808;0.4916227, -0.438394, 2.978083;0.6811171, -0.4235144, 2.75237;0.5474526, -0.7497559, 3.023446;0.757656, -0.7728583, 2.758789;0.5182599, -0.830078, 3.021085;0.733146, -0.8396922, 2.743131;
0.5090547, 0.6415954, 2.931401;0.5793417, 0.4885373, 2.917052;0.6043456, 0.1149251, 2.946904;0.4337355, 0.3328319, 3.008126;0.6536999, 0.3433094, 2.791091;0.3674521, -0.2561715, 2.947668;0.6860095, -0.2386716, 2.633976;0.6101894, 0.0420453, 2.956781;0.5646349, -0.02690467, 3.008291;0.6662182, -0.02219137, 2.914397;0.4952301, -0.4336606, 2.978665;0.6827095, -0.4180819, 2.757131;0.5498115, -0.7482645, 3.023801;0.7577562, -0.7709228, 2.758679;0.4971838, -0.7887689, 2.969398;0.7336185, -0.839027, 2.742543;
0.5309111, 0.6731039, 2.957012;0.5845106, 0.5029687, 2.922032;0.6055745, 0.1271673, 2.945832;0.4410386, 0.3543214, 3.01271;0.6596416, 0.3600881, 2.79585;0.367085, -0.2444627, 2.956245;0.6862811, -0.2120509, 2.639394;0.6103302, 0.05252346, 2.954523;0.5635043, -0.01728634, 3.005593;0.6658514, -0.01110495, 2.909906;0.4995886, -0.4290919, 2.978542;0.6840541, -0.4134679, 2.760927;0.5506688, -0.7478759, 3.024219;0.7576737, -0.7708585, 2.758745;0.518046, -0.8288788, 3.022667;0.7336106, -0.8390929, 2.742537;
0.5439199, 0.6991431, 2.973091;0.5913622, 0.5233894, 2.932376;0.6057386, 0.1445368, 2.946074;0.443429, 0.3656988, 3.016267;0.6670049, 0.3751277, 2.80164;0.3686387, -0.2120737, 2.951064;0.6863487, -0.1921226, 2.644008;0.6090512, 0.0694126, 2.95274;0.5621524, -0.004457617, 3.001705;0.6623279, 0.004229733, 2.907154;0.5032796, -0.4260575, 2.978168;0.6855886, -0.4088523, 2.764168;0.5508261, -0.7471141, 3.023911;0.7581674, -0.7712404, 2.75935;0.518732, -0.8275142, 3.021469;0.7347504, -0.8383445, 2.743059;
0.5476396, 0.7036837, 2.976311;0.6010132, 0.5394803, 2.945815;0.6106241, 0.1564179, 2.952767;0.4470612, 0.3852636, 3.023278;0.6727816, 0.3947145, 2.808767;0.367478, -0.2174745, 2.955862;0.6861752, -0.1789633, 2.647518;0.6065131, 0.08112814, 2.951422;0.5569478, 0.01014136, 2.996721;0.6580806, 0.01705034, 2.90463;0.5082196, -0.4203919, 2.978147;0.6873907, -0.406111, 2.768348;0.5510414, -0.7465737, 3.023892;0.7583016, -0.770813, 2.759948;0.5200111, -0.8271935, 3.019648;0.7348258, -0.8385379, 2.74328;
0.5598332, 0.7155745, 2.984219;0.6113612, 0.5549474, 2.95251;0.6104617, 0.1762884, 2.955063;0.449889, 0.4010566, 3.028895;0.6773027, 0.4107724, 2.817383;0.3699635, -0.206887, 2.964427;0.6868449, -0.1676701, 2.652216;0.6032388, 0.1016317, 2.951532;0.5520773, 0.0276995, 2.995732;0.6523988, 0.03577397, 2.90318;0.5160959, -0.4178628, 2.980793;0.6885863, -0.3984026, 2.773685;0.5542026, -0.7495455, 3.024174;0.7589453, -0.7682335, 2.761053;0.520808, -0.8287172, 3.018847;0.7348188, -0.8384666, 2.743231;
0.5684004, 0.7310295, 2.994755;0.6167463, 0.5664132, 2.958454;0.6114892, 0.184149, 2.955297;0.4541686, 0.4181807, 3.034441;0.6879987, 0.4258214, 2.823455;0.3733827, -0.1686271, 2.966212;0.686479, -0.1614504, 2.654831;0.6025773, 0.1092226, 2.949457;0.5496342, 0.03353317, 2.993607;0.6520035, 0.04309847, 2.898907;0.5193892, -0.4135347, 2.981184;0.6898515, -0.3955122, 2.776736;0.5570633, -0.7473477, 3.022978;0.7590065, -0.7671061, 2.761754;0.5215824, -0.8281754, 3.018444;0.7348718, -0.838465, 2.743346;
0.5781273, 0.7413803, 2.999558;0.6214687, 0.5737872, 2.962249;0.6118181, 0.1983034, 2.955745;0.4589601, 0.431729, 3.040869;0.6932667, 0.4356422, 2.827579;0.366937, -0.1909618, 2.961968;0.6870158, -0.1531469, 2.656902;0.5998882, 0.1254011, 2.947004;0.5447501, 0.04751386, 2.991071;0.6481383, 0.05905515, 2.893529;0.5230982, -0.4079736, 2.981456;0.6916822, -0.3927929, 2.780274;0.5585484, -0.7472969, 3.023198;0.7596385, -0.7654024, 2.762624;0.5221609, -0.8280588, 3.018065;0.7350597, -0.8385463, 2.743497;
0.5872105, 0.7533732, 3.009752;0.6286955, 0.5879084, 2.970253;0.6119075, 0.2062632, 2.956761;0.4626582, 0.441242, 3.042989;0.6951517, 0.4439884, 2.830896;0.3700186, -0.1713701, 2.961506;0.6884693, -0.145432, 2.658918;0.5969293, 0.133247, 2.944806;0.5391209, 0.05712758, 2.989161;0.644276, 0.06676355, 2.887914;0.5273875, -0.4040603, 2.982746;0.6934456, -0.3884361, 2.784975;0.5587408, -0.7465873, 3.022983;0.7598879, -0.7654349, 2.762787;0.523227, -0.8288236, 3.019239;0.7366852, -0.8383328, 2.74473;
0.5906771, 0.7590007, 3.016328;0.632732, 0.5913586, 2.971728;0.6129386, 0.2118831, 2.957634;0.465956, 0.4458107, 3.043496;0.700807, 0.4532382, 2.834706;0.3679942, -0.1657951, 2.962766;0.6906371, -0.1229481, 2.664902;0.5950001, 0.1398672, 2.942655;0.5354809, 0.0647876, 2.986396;0.6417676, 0.072096, 2.884939;0.5348963, -0.3976581, 2.985242;0.6967951, -0.3848405, 2.788521;0.5600892, -0.7470763, 3.023602;0.7603452, -0.7632604, 2.763376;0.524228, -0.8293636, 3.021209;0.7365372, -0.8386432, 2.744666;
0.5932956, 0.7639074, 3.018612;0.6363348, 0.5961182, 2.975877;0.6139655, 0.2177855, 2.95871;0.4695802, 0.4511068, 3.04496;0.7043356, 0.4604602, 2.838571;0.3692966, -0.1576885, 2.965404;0.6922505, -0.1209592, 2.665359;0.59298, 0.1469672, 2.94008;0.5327227, 0.07236036, 2.982327;0.6384575, 0.07970197, 2.881173;0.5377535, -0.3953833, 2.986233;0.7003733, -0.3816993, 2.793887;0.5636005, -0.7467982, 3.02738;0.7638221, -0.7591885, 2.765235;0.5261616, -0.8281085, 3.021497;0.7365042, -0.8386869, 2.744767;
0.5949795, 0.7684343, 3.021947;0.6393616, 0.6000807, 2.978899;0.6154031, 0.2202543, 2.959872;0.4725246, 0.4567481, 3.048607;0.7053348, 0.4613073, 2.839763;0.3693042, -0.1569396, 2.964383;0.6932639, -0.1271674, 2.663391;0.5916927, 0.1500315, 2.938459;0.5310918, 0.07523675, 2.98015;0.6363058, 0.08300092, 2.878708;0.5412792, -0.3940181, 2.98763;0.7031304, -0.3757458, 2.796435;0.5655174, -0.7469168, 3.029038;0.7641365, -0.7591092, 2.765146;0.5264829, -0.8280156, 3.021561;0.7365014, -0.8386425, 2.744722;
0.598057, 0.7705336, 3.023376;0.6461724, 0.6050041, 2.983716;0.6166712, 0.222247, 2.961196;0.4754347, 0.461315, 3.051605;0.7092465, 0.4642906, 2.8424;0.371784, -0.1527298, 2.962925;0.6961119, -0.1164986, 2.663825;0.5902991, 0.152945, 2.93704;0.5284837, 0.07735762, 2.979031;0.6340433, 0.08563621, 2.875035;0.5442075, -0.3927836, 2.989342;0.7043746, -0.3746579, 2.797506;0.567801, -0.7467746, 3.031421;0.765444, -0.7579509, 2.766096;0.5271041, -0.8280123, 3.021875;0.736636, -0.8385139, 2.745094;
0.600288, 0.771091, 3.025398;0.6476116, 0.604721, 2.986062;0.6175591, 0.222388, 2.962346;0.4765783, 0.462113, 3.054684;0.7099633, 0.4643034, 2.843186;0.3735983, -0.1497444, 2.963319;0.6971476, -0.1143816, 2.663642;0.5885474, 0.154152, 2.935683;0.5254946, 0.07869769, 2.977193;0.6313002, 0.08636984, 2.872005;0.5445092, -0.3926551, 2.989611;0.7065557, -0.375127, 2.798512;0.5679715, -0.7463295, 3.031046;0.7656709, -0.7566493, 2.766145;0.5272475, -0.8279172, 3.021723;0.7365425, -0.838496, 2.744798;
0.6023771, 0.7696534, 3.027152;0.6506926, 0.6047155, 2.989502;0.6187407, 0.2218904, 2.96349;0.4781492, 0.4625379, 3.057507;0.711612, 0.4636643, 2.845187;0.3733302, -0.1506639, 2.963089;0.6978677, -0.1129426, 2.662895;0.5876972, 0.1545026, 2.934515;0.5241036, 0.07880356, 2.975248;0.6295633, 0.0865744, 2.86978;0.5447216, -0.3922186, 2.989677;0.7068636, -0.373736, 2.798516;0.5680432, -0.7462885, 3.030935;0.7657397, -0.756291, 2.766139;0.5271959, -0.827989, 3.02166;0.7363996, -0.8386241, 2.744927;
0.6057327, 0.7682337, 3.02945;0.6553497, 0.6061026, 2.992669;0.6195437, 0.2212144, 2.964363;0.4797626, 0.4619764, 3.057841;0.7120124, 0.4631772, 2.846291;0.3724718, -0.1545233, 2.963081;0.6988556, -0.1123359, 2.661853;0.5861762, 0.1544833, 2.933147;0.5219936, 0.07857865, 2.973799;0.6264816, 0.08684337, 2.86687;0.5446107, -0.392229, 2.989607;0.7060875, -0.3728728, 2.798078;0.5677361, -0.7450203, 3.030927;0.765922, -0.7562048, 2.766159;0.5272073, -0.8279981, 3.021594;0.7364602, -0.8386208, 2.745028;
0.609017, 0.7684568, 3.032359;0.6577127, 0.6057796, 2.995558;0.6201518, 0.2208003, 2.965288;0.4810596, 0.4607618, 3.058791;0.713701, 0.462724, 2.848318;0.3717914, -0.157088, 2.963056;0.6992319, -0.1124448, 2.661527;0.5850371, 0.1549246, 2.9321;0.520044, 0.07901459, 2.97179;0.6249196, 0.08759832, 2.865548;0.5442322, -0.392013, 2.988901;0.7057611, -0.3729335, 2.798008;0.5679201, -0.7444258, 3.029996;0.7658179, -0.7557392, 2.766356;0.5266313, -0.8275744, 3.019671;0.7359895, -0.8392332, 2.745482;
0.6119671, 0.7691525, 3.041384;0.6595941, 0.6058705, 2.997084;0.6205316, 0.2204329, 2.966345;0.4830208, 0.4605646, 3.060243;0.7147945, 0.4626683, 2.849888;0.3717903, -0.1627467, 2.962404;0.6991291, -0.1144387, 2.660575;0.5835848, 0.1551219, 2.931839;0.5179034, 0.07895568, 2.971976;0.6225086, 0.08758286, 2.864409;0.5437167, -0.3922733, 2.98815;0.7040788, -0.3707766, 2.797831;0.5679067, -0.7444004, 3.030171;0.7657667, -0.7555895, 2.766373;0.5270763, -0.8278104, 3.020472;0.7358325, -0.8390565, 2.745346;
0.6155257, 0.7694791, 3.040948;0.6608171, 0.6052686, 2.996954;0.6209618, 0.2201165, 2.966947;0.4838685, 0.4601969, 3.06075;0.7181553, 0.4619241, 2.850968;0.3810843, -0.1321392, 2.965206;0.6997322, -0.1165033, 2.659319;0.5829564, 0.1552938, 2.930988;0.516782, 0.07884984, 2.971158;0.6217341, 0.08719116, 2.863065;0.5430506, -0.3921891, 2.987365;0.7032701, -0.3735614, 2.797837;0.5679553, -0.744368, 3.030201;0.765605, -0.7546155, 2.766838;0.5271204, -0.8278472, 3.020541;0.7358605, -0.8393134, 2.746454;
0.6208949, 0.7693806, 3.043918;0.662031, 0.6038505, 2.998749;0.6214021, 0.2196882, 2.967791;0.4845639, 0.4592747, 3.061311;0.7193705, 0.4618864, 2.852041;0.381707, -0.1326914, 2.966306;0.6991116, -0.1178461, 2.658809;0.5822903, 0.1555658, 2.930633;0.5156276, 0.07886644, 2.970906;0.6207643, 0.08709421, 2.861832;0.5423743, -0.3919427, 2.986126;0.703038, -0.3744085, 2.797717;0.56791, -0.7442637, 3.030183;0.7656348, -0.7543079, 2.766688;0.5264919, -0.8282026, 3.020222;0.7358459, -0.8393648, 2.746572;
0.6213918, 0.7701982, 3.043927;0.6641161, 0.6047707, 3.001772;0.6219041, 0.2192261, 2.968484;0.4860261, 0.4584075, 3.06222;0.7202984, 0.4626211, 2.852808;0.3824936, -0.1325081, 2.966164;0.6993106, -0.1158124, 2.659284;0.5816333, 0.1556612, 2.930326;0.5146527, 0.07894574, 2.970622;0.6197675, 0.08701631, 2.860869;0.5414401, -0.3924916, 2.985691;0.7022197, -0.3741687, 2.798064;0.5677034, -0.7442254, 3.030074;0.7657529, -0.7543243, 2.767082;0.5264848, -0.8283505, 3.020374;0.7357771, -0.8393717, 2.746571;
0.6221259, 0.7696704, 3.043861;0.6645771, 0.6039218, 3.001817;0.6224154, 0.2187695, 2.968994;0.4862918, 0.4582085, 3.06236;0.7205232, 0.4624822, 2.852998;0.3844589, -0.1325811, 2.966507;0.6997551, -0.1176319, 2.659226;0.5813337, 0.1555279, 2.929918;0.5143243, 0.0786313, 2.970139;0.6193573, 0.08681155, 2.860358;0.5414101, -0.3929836, 2.985805;0.7020359, -0.3740331, 2.798276;0.5676441, -0.7441827, 3.030119;0.7657824, -0.7543138, 2.766999;0.526478, -0.8283476, 3.020388;0.7357627, -0.8394173, 2.746752;
0.6218696, 0.7705698, 3.043818;0.6659271, 0.6049973, 3.004021;0.6229709, 0.2183353, 2.96958;0.4888699, 0.4582022, 3.062004;0.7213164, 0.4632018, 2.853593;0.3874738, -0.1316283, 2.968824;0.6999326, -0.1182238, 2.659168;0.5810302, 0.1554513, 2.929703;0.5141343, 0.0785095, 2.969781;0.6187328, 0.08695484, 2.860004;0.5409509, -0.3932931, 2.985582;0.7021166, -0.3748095, 2.798223;0.5674291, -0.7450926, 3.030505;0.7656549, -0.7525773, 2.767394;0.5262731, -0.8293272, 3.019205;0.7357301, -0.8393285, 2.746774;
0.6217371, 0.7706207, 3.04494;0.6651995, 0.6046408, 3.003492;0.6229239, 0.2180912, 2.969993;0.4898887, 0.4580054, 3.062138;0.7215929, 0.4637947, 2.853815;0.3883826, -0.1320512, 2.969278;0.700857, -0.1154684, 2.660655;0.5803669, 0.1553499, 2.929572;0.5136926, 0.07840659, 2.969891;0.6181492, 0.08687374, 2.859836;0.5409524, -0.3933555, 2.985631;0.7016054, -0.3740681, 2.798057;0.5674299, -0.7451457, 3.030411;0.7657631, -0.7527863, 2.767594;0.5263821, -0.8293327, 3.019298;0.7356542, -0.8393504, 2.746707;
0.6218999, 0.7711098, 3.04422;0.6649203, 0.6047728, 3.003256;0.6231183, 0.2178087, 2.970199;0.4908948, 0.457539, 3.063193;0.7215025, 0.4637382, 2.854551;0.3901598, -0.1333444, 2.969535;0.701054, -0.1146764, 2.660758;0.5798986, 0.1551325, 2.929271;0.5134988, 0.0783577, 2.969724;0.6177959, 0.08683698, 2.859724;0.5409921, -0.3928163, 2.985801;0.7013907, -0.374271, 2.798225;0.5680512, -0.7443208, 3.030009;0.7654424, -0.7523953, 2.767653;0.5456245, -0.8180635, 3.024699;0.7362206, -0.8389227, 2.746411;
0.6219248, 0.7715478, 3.044434;0.6652805, 0.6050592, 3.002613;0.6233693, 0.217593, 2.970634;0.4916529, 0.4572647, 3.062712;0.7210752, 0.4635788, 2.855256;0.3839595, -0.1729498, 2.968161;0.7008522, -0.1165458, 2.660234;0.5795348, 0.1549661, 2.929219;0.5132395, 0.07825826, 2.969895;0.6172141, 0.08675422, 2.859656;0.5408619, -0.3926532, 2.985582;0.7014269, -0.3742733, 2.798274;0.5680545, -0.7442686, 3.02992;0.7652739, -0.7523308, 2.767651;0.5388966, -0.8217448, 3.021958;0.7356944, -0.8388911, 2.745751;
0.6202337, 0.7715427, 3.044234;0.6652293, 0.6052548, 3.002398;0.6235625, 0.2175578, 2.970996;0.4926219, 0.4572165, 3.063883;0.7210081, 0.4636959, 2.855426;0.3838641, -0.1738905, 2.97017;0.7011946, -0.1146401, 2.660386;0.5790824, 0.1550247, 2.929326;0.5127898, 0.0782588, 2.970416;0.6165143, 0.08677047, 2.859608;0.540891, -0.3924602, 2.985441;0.7012906, -0.3740114, 2.798217;0.567938, -0.7442965, 3.029966;0.7656751, -0.7489117, 2.767774;0.5350944, -0.8248063, 3.023009;0.7347087, -0.8364595, 2.745408;
0.6193343, 0.7719885, 3.044358;0.665397, 0.6057596, 3.002453;0.6239125, 0.2174142, 2.971353;0.4917585, 0.4562033, 3.06508;0.7204334, 0.4636045, 2.855844;0.3844857, -0.1722924, 2.970375;0.701352, -0.1133541, 2.660277;0.5789317, 0.1549615, 2.929324;0.5125729, 0.07813958, 2.97049;0.6164035, 0.08671857, 2.859582;0.540964, -0.3924344, 2.985485;0.7011374, -0.3745323, 2.798175;0.5679979, -0.7441804, 3.029817;0.7658138, -0.7496803, 2.767524;0.5299707, -0.8268999, 3.023327;0.7344199, -0.8376287, 2.746644;
0.6184276, 0.7722032, 3.04514;0.6644875, 0.6057458, 3.002351;0.6236653, 0.2174249, 2.971245;0.4924862, 0.4564912, 3.065267;0.7192545, 0.4632455, 2.85593;0.391312, -0.133165, 2.971168;0.7012346, -0.1130898, 2.660257;0.5786548, 0.1548762, 2.92933;0.5125818, 0.07814843, 2.970504;0.6158741, 0.08698759, 2.859813;0.5408645, -0.3932908, 2.98563;0.7007833, -0.3741686, 2.79851;0.5688074, -0.7461891, 3.030202;0.765663, -0.7496789, 2.767573;0.5298335, -0.8289486, 3.02315;0.7342908, -0.8378911, 2.746504;
0.6183484, 0.7722881, 3.044923;0.6646582, 0.6056701, 3.001789;0.6234896, 0.2172044, 2.971101;0.492687, 0.4563176, 3.065128;0.7188873, 0.4631213, 2.855888;0.3916405, -0.1336701, 2.972011;0.7013175, -0.1123083, 2.659868;0.5783381, 0.154494, 2.929254;0.5124425, 0.077962, 2.970585;0.6155043, 0.08671643, 2.859797;0.5409773, -0.3932921, 2.985452;0.7003579, -0.3735763, 2.798279;0.5690776, -0.7462369, 3.030385;0.7657761, -0.749