0.5877531, 0.7788907, 3.03085;0.6311491, 0.6010401, 2.983548;0.5779524, 0.226967, 2.933963;0.4810645, 0.4435935, 3.066447;0.687215, 0.4527375, 2.85378;0.4013537, -0.1599517, 2.988867;0.6630806, -0.139375, 2.668794;0.567313, 0.1521524, 2.927536;0.5111909, 0.08161677, 2.969191;0.6039586, 0.08573158, 2.864436;0.5430589, -0.4090698, 2.990583;0.6898232, -0.3755097, 2.799259;0.571148, -0.7527864, 3.030261;0.7599685, -0.7579241, 2.767197;0.525126, -0.8365832, 3.021912;0.7402325, -0.8390563, 2.746348;
0.5851613, 0.7769715, 3.029893;0.6311923, 0.6007783, 2.983393;0.5779591, 0.2269757, 2.934093;0.4812061, 0.44451, 3.068475;0.6880965, 0.4531143, 2.85387;0.4007406, -0.1626048, 2.985826;0.6628574, -0.1386335, 2.669276;0.567327, 0.1521942, 2.927699;0.5110504, 0.0814463, 2.969746;0.6040437, 0.08553836, 2.864369;0.5428813, -0.408848, 2.990783;0.6895242, -0.3751334, 2.799081;0.5711507, -0.7527952, 3.030346;0.7613555, -0.7533106, 2.769541;0.5252258, -0.8364844, 3.02206;0.7390631, -0.8354843, 2.746532;
0.5845963, 0.7769287, 3.029404;0.6310769, 0.600804, 2.98352;0.5779639, 0.226986, 2.934083;0.4813733, 0.4448811, 3.068199;0.6886125, 0.4532257, 2.85388;0.399983, -0.163115, 2.982709;0.6635002, -0.1386521, 2.669251;0.5673475, 0.1522128, 2.927667;0.511052, 0.08144496, 2.969736;0.6041764, 0.08542182, 2.86413;0.5421863, -0.4051481, 2.989862;0.6896726, -0.3751287, 2.799125;0.5707883, -0.7512099, 3.031379;0.7611989, -0.7536234, 2.769322;0.5262354, -0.8335071, 3.020821;0.7389012, -0.8363594, 2.747447;
0.5856237, 0.7791633, 3.029996;0.6308876, 0.6001388, 2.984126;0.5779465, 0.2270168, 2.934146;0.4817906, 0.4463043, 3.070034;0.6896522, 0.4533033, 2.853437;0.3998221, -0.1630772, 2.982793;0.6633912, -0.1385052, 2.669298;0.5673391, 0.1523011, 2.92771;0.5109439, 0.08152042, 2.969854;0.6042079, 0.08534776, 2.864044;0.5419301, -0.4050044, 2.989733;0.6897981, -0.3753802, 2.798961;0.5708448, -0.7520693, 3.031373;0.7609773, -0.753777, 2.768787;0.5263745, -0.8337801, 3.021131;0.7384725, -0.8371378, 2.747402;
0.5859772, 0.7791818, 3.030191;0.6305496, 0.5995774, 2.984337;0.5779786, 0.2270607, 2.934089;0.482017, 0.4470771, 3.070181;0.6896936, 0.4533021, 2.853315;0.3994939, -0.1641552, 2.983091;0.6633195, -0.1384747, 2.669269;0.567446, 0.1524615, 2.927638;0.5110857, 0.08168875, 2.969886;0.6043639, 0.08527055, 2.863715;0.5419177, -0.4047772, 2.98976;0.6897911, -0.3754342, 2.798542;0.5706185, -0.750177, 3.030941;0.7612873, -0.7532082, 2.768984;0.5272313, -0.8333932, 3.023542;0.7383116, -0.8379372, 2.748611;
0.5789263, 0.7757618, 3.033123;0.6298964, 0.6000445, 2.985151;0.5778708, 0.2271605, 2.934163;0.4818584, 0.446659, 3.069797;0.6898288, 0.4535962, 2.853447;0.3989902, -0.1645381, 2.983662;0.6633253, -0.1384221, 2.669167;0.5673918, 0.1525243, 2.927639;0.5110346, 0.08168297, 2.969834;0.6043625, 0.08538585, 2.863702;0.5418154, -0.4041968, 2.989683;0.689815, -0.3754745, 2.798444;0.5707794, -0.7513328, 3.031102;0.7613214, -0.7532137, 2.76897;0.5261811, -0.8329013, 3.020909;0.7387634, -0.8384221, 2.748987;
0.5798916, 0.7752411, 3.033215;0.629835, 0.6001078, 2.985199;0.5778655, 0.2271578, 2.934186;0.4818296, 0.4466309, 3.06945;0.6897931, 0.4536003, 2.853489;0.3989478, -0.1645603, 2.983759;0.6620067, -0.1392306, 2.669621;0.567391, 0.1525189, 2.927658;0.5110396, 0.08165764, 2.969871;0.6043649, 0.08534504, 2.863695;0.5421572, -0.4039116, 2.990212;0.6894084, -0.3748651, 2.797755;0.5710541, -0.7508786, 3.03178;0.7613863, -0.753186, 2.76889;0.5281941, -0.8319848, 3.022961;0.7391393, -0.8386935, 2.749311;
0.5794321, 0.7745335, 3.032898;0.6290312, 0.6003894, 2.984846;0.5777888, 0.227278, 2.934115;0.481903, 0.4473565, 3.070061;0.6895543, 0.4537217, 2.85342;0.3988977, -0.1646307, 2.983769;0.6628997, -0.1377319, 2.669009;0.5673716, 0.1526283, 2.927598;0.5110883, 0.08173744, 2.96992;0.604335, 0.08530871, 2.86342;0.541443, -0.4026648, 2.989727;0.688669, -0.3746149, 2.797859;0.5707772, -0.7505476, 3.031742;0.7616068, -0.7529495, 2.769014;0.5282695, -0.8316374, 3.022846;0.7389621, -0.8388791, 2.74964;
0.5787246, 0.7742544, 3.031355;0.6285137, 0.6023986, 2.985008;0.5777794, 0.2275063, 2.933984;0.4817386, 0.4473591, 3.069721;0.6894609, 0.4544411, 2.853498;0.3991077, -0.1643599, 2.983897;0.6629156, -0.1378054, 2.668924;0.567403, 0.1527413, 2.927448;0.5111825, 0.08188295, 2.969525;0.6044765, 0.08559729, 2.863327;0.5412963, -0.4023955, 2.989671;0.6886871, -0.3742214, 2.797893;0.5705668, -0.7499596, 3.031918;0.7617211, -0.752961, 2.768964;0.5311816, -0.8245747, 3.025109;0.738753, -0.8390305, 2.749618;
0.5798823, 0.7759318, 3.031586;0.6279953, 0.6023442, 2.985632;0.577171, 0.2279248, 2.934763;0.4812103, 0.4473177, 3.068581;0.6891863, 0.4545438, 2.853504;0.3990997, -0.1645175, 2.983842;0.6622612, -0.1377771, 2.66849;0.5668253, 0.1532254, 2.928215;0.510375, 0.08104327, 2.971144;0.6038864, 0.0862381, 2.863501;0.5412855, -0.4024539, 2.989697;0.6886892, -0.3741322, 2.7975;0.5706042, -0.7509826, 3.032148;0.7617338, -0.7529771, 2.768975;0.5280959, -0.828748, 3.021729;0.7383897, -0.8390257, 2.748506;
0.5797234, 0.7772126, 3.032344;0.627823, 0.6029124, 2.985678;0.5771188, 0.2279604, 2.934775;0.4811238, 0.4470384, 3.068455;0.6891573, 0.4546409, 2.85346;0.3995197, -0.1639922, 2.983075;0.6620526, -0.1380046, 2.668045;0.5667884, 0.1532235, 2.928224;0.5102873, 0.08069105, 2.971054;0.6038345, 0.08648235, 2.863468;0.5412877, -0.4024505, 2.989766;0.6888813, -0.3744855, 2.797432;0.5703657, -0.7502074, 3.032229;0.7617238, -0.7527822, 2.769322;0.5283474, -0.8290476, 3.023179;0.7385088, -0.8391723, 2.74921;
0.5787085, 0.7743542, 3.030144;0.6277348, 0.602429, 2.985536;0.577009, 0.2281158, 2.934888;0.481154, 0.4471524, 3.068561;0.6894181, 0.454515, 2.853284;0.3988756, -0.1639341, 2.984194;0.6619742, -0.1379452, 2.667718;0.5666425, 0.153534, 2.928404;0.5100675, 0.08037931, 2.971444;0.6036158, 0.08700802, 2.863439;0.5412981, -0.40234, 2.989719;0.6886494, -0.3729436, 2.797419;0.5708419, -0.7520683, 3.033109;0.7617957, -0.7525988, 2.769744;0.5282738, -0.8308363, 3.023948;0.73891, -0.8389306, 2.74915;
0.5798894, 0.7803899, 3.030375;0.6277533, 0.6021823, 2.985557;0.5768006, 0.2278134, 2.93522;0.4812033, 0.4470564, 3.068389;0.6891807, 0.4541034, 2.853053;0.3986016, -0.1638782, 2.98478;0.6614533, -0.1371527, 2.667223;0.5663821, 0.1531752, 2.928825;0.5096598, 0.07898582, 2.972502;0.6033645, 0.08692662, 2.863655;0.5412652, -0.4024448, 2.989852;0.6885387, -0.3724574, 2.797212;0.5707961, -0.7520863, 3.033128;0.7618061, -0.7525719, 2.769794;0.5277137, -0.831924, 3.0236;0.7392327, -0.8382636, 2.747802;
0.5795066, 0.7767503, 3.031127;0.6277152, 0.6018528, 2.9855;0.5767035, 0.2275615, 2.935211;0.4811815, 0.4467133, 3.066837;0.6890795, 0.4538685, 2.852696;0.3983493, -0.1638929, 2.983706;0.6610935, -0.1374792, 2.667234;0.5662867, 0.1529075, 2.928811;0.5095738, 0.07852032, 2.972317;0.6033341, 0.08692624, 2.8637;0.5411893, -0.4024628, 2.989787;0.6885715, -0.3725401, 2.797275;0.5713682, -0.7521148, 3.03358;0.7618979, -0.7526174, 2.769796;0.5277389, -0.8322324, 3.023796;0.739365, -0.8381594, 2.747712;
0.5784838, 0.7753505, 3.030285;0.6279854, 0.6020134, 2.985415;0.5767276, 0.2276743, 2.935161;0.4811952, 0.4467257, 3.066526;0.6887257, 0.4541429, 2.852251;0.3984134, -0.1640321, 2.983475;0.6605486, -0.1378693, 2.666869;0.5662923, 0.1530084, 2.928755;0.5096015, 0.07836016, 2.972387;0.603175, 0.08729216, 2.86312;0.5410377, -0.4024179, 2.989752;0.6886349, -0.3726721, 2.797381;0.5706217, -0.7524545, 3.033472;0.7617197, -0.7528128, 2.769439;0.5278268, -0.832292, 3.023363;0.739889, -0.838167, 2.747075;
0.5778607, 0.774791, 3.029532;0.627985, 0.6016626, 2.985134;0.5766706, 0.2276202, 2.935183;0.481529, 0.4481846, 3.067483;0.6877248, 0.4538661, 2.851521;0.3980697, -0.1658524, 2.986692;0.660425, -0.1376766, 2.667136;0.5662327, 0.1529654, 2.928797;0.5096323, 0.07825508, 2.972433;0.6028752, 0.08743963, 2.863269;0.5409413, -0.4019391, 2.989338;0.6884714, -0.3727087, 2.797424;0.5713294, -0.7511458, 3.034013;0.7617242, -0.7530186, 2.768706;0.5301282, -0.8252592, 3.023552;0.7399968, -0.8382643, 2.747313;
0.5778942, 0.7747436, 3.030911;0.6278229, 0.601101, 2.98532;0.5766634, 0.2276209, 2.935161;0.4812579, 0.4480547, 3.067066;0.6875789, 0.4539515, 2.851467;0.398291, -0.1655473, 2.985732;0.6601359, -0.1380596, 2.666757;0.566238, 0.1530029, 2.928726;0.5096717, 0.07807645, 2.972363;0.6028887, 0.08760932, 2.862822;0.5409048, -0.4017768, 2.98897;0.6885364, -0.3728634, 2.797544;0.5714109, -0.7502672, 3.03442;0.7616883, -0.7530613, 2.768506;0.5300276, -0.8243071, 3.024131;0.7395659, -0.838572, 2.747151;
0.5778598, 0.7719846, 3.02897;0.6276595, 0.6006133, 2.984983;0.5765092, 0.2277096, 2.935118;0.4810966, 0.4479059, 3.066554;0.6874994, 0.4540043, 2.851459;0.3978727, -0.1653387, 2.986045;0.6600789, -0.1379836, 2.666518;0.5660514, 0.1531889, 2.9287;0.509464, 0.07788471, 2.972582;0.6025153, 0.08780839, 2.862428;0.5409033, -0.4017312, 2.988882;0.6885411, -0.3729393, 2.797482;0.5710648, -0.7504435, 3.033965;0.761466, -0.7530646, 2.768656;0.5293507, -0.8266208, 3.023083;0.739529, -0.8385714, 2.746843;
0.5767252, 0.7716821, 3.028455;0.6274868, 0.6005738, 2.984693;0.5762812, 0.2274691, 2.934948;0.4816591, 0.4484532, 3.06424;0.6870013, 0.4540065, 2.850906;0.3969188, -0.1652038, 2.984163;0.6594065, -0.1384269, 2.665629;0.5658247, 0.1528917, 2.928545;0.5094479, 0.07760766, 2.972344;0.6022546, 0.08783027, 2.862488;0.5410232, -0.402109, 2.989051;0.6886396, -0.3728673, 2.797354;0.5714065, -0.7506447, 3.034227;0.761503, -0.7530711, 2.768401;0.5286885, -0.829182, 3.023152;0.7395311, -0.8385268, 2.746845;
0.5778149, 0.7729135, 3.028928;0.6273142, 0.6005329, 2.98466;0.5761425, 0.2275164, 2.934875;0.4814717, 0.4481942, 3.064107;0.6868944, 0.4539908, 2.85089;0.3968073, -0.1650879, 2.983845;0.6594757, -0.1384954, 2.665302;0.5657062, 0.1529519, 2.928463;0.5093557, 0.07750426, 2.972314;0.6020854, 0.08798283, 2.862256;0.5410088, -0.402037, 2.988986;0.6887287, -0.3729587, 2.797284;0.5715988, -0.7501543, 3.034299;0.7614613, -0.7530592, 2.768321;0.5286219, -0.8291638, 3.0232;0.7395843, -0.8384836, 2.746836;
0.5749693, 0.7695892, 3.029309;0.6274994, 0.6004665, 2.984738;0.5760255, 0.2276636, 2.934926;0.481555, 0.4482841, 3.06394;0.6871662, 0.4541421, 2.850489;0.3969119, -0.1652258, 2.984036;0.6587695, -0.1381527, 2.66491;0.5654939, 0.153195, 2.928517;0.5088792, 0.07719643, 2.972866;0.6016099, 0.08806305, 2.861705;0.5410442, -0.4025065, 2.988955;0.6885685, -0.3729076, 2.796811;0.5706246, -0.750774, 3.031987;0.7614158, -0.7529348, 2.768195;0.5285265, -0.8297864, 3.023141;0.7393359, -0.8386173, 2.746698;
0.5749391, 0.7696087, 3.029336;0.6275956, 0.6004953, 2.984735;0.575963, 0.2276421, 2.934896;0.4814181, 0.448259, 3.063764;0.6862743, 0.4539889, 2.850147;0.3968479, -0.1646821, 2.982828;0.6583722, -0.1378397, 2.664583;0.5653837, 0.1531493, 2.928467;0.508774, 0.07703409, 2.972909;0.6013202, 0.08798957, 2.86145;0.5409252, -0.40198, 2.988587;0.6883494, -0.3733132, 2.796558;0.5706702, -0.7491992, 3.032092;0.7614496, -0.7529241, 2.768346;0.5309145, -0.8278544, 3.021352;0.7390397, -0.8388138, 2.746926;
0.5748172, 0.7698272, 3.028768;0.6272144, 0.6006536, 2.985061;0.5758246, 0.2275759, 2.934813;0.4808793, 0.447454, 3.062651;0.6861994, 0.4540278, 2.850122;0.3969945, -0.1647352, 2.982994;0.6574919, -0.1378224, 2.665032;0.5652589, 0.1530265, 2.928295;0.5086647, 0.07663579, 2.972638;0.6012554, 0.08790698, 2.861127;0.5407791, -0.4017991, 2.988516;0.6879585, -0.3729924, 2.796393;0.5707814, -0.7489503, 3.032272;0.761299, -0.7531643, 2.768449;0.5313374, -0.8281427, 3.02243;0.7389304, -0.8388601, 2.74757;
0.5744482, 0.768616, 3.027975;0.6272019, 0.6006315, 2.985094;0.5757316, 0.227546, 2.934779;0.4807992, 0.4478941, 3.062745;0.686143, 0.4540886, 2.85018;0.3971637, -0.1646455, 2.983614;0.6559006, -0.1393644, 2.665817;0.5651577, 0.1529935, 2.928238;0.508584, 0.07650939, 2.972558;0.6011355, 0.08791777, 2.861048;0.5407351, -0.4016864, 2.988488;0.6879451, -0.3729132, 2.796411;0.5708876, -0.7486945, 3.032222;0.7616681, -0.7533265, 2.768791;0.5311099, -0.828384, 3.023088;0.7386867, -0.8389816, 2.748005;
0.5723039, 0.7706852, 3.029228;0.6262792, 0.6009128, 2.984811;0.5752335, 0.2272088, 2.934391;0.4806007, 0.448961, 3.059002;0.6856244, 0.4540256, 2.849845;0.3970922, -0.1642294, 2.984365;0.6553969, -0.1397513, 2.66546;0.5647334, 0.1525145, 2.9278;0.5084648, 0.07618412, 2.97185;0.6009313, 0.08785631, 2.86102;0.5407064, -0.401286, 2.988358;0.687707, -0.373325, 2.796679;0.5706125, -0.7483643, 3.032074;0.7618749, -0.7534956, 2.768821;0.5306972, -0.8284038, 3.022655;0.7389213, -0.8389967, 2.748193;
0.5740582, 0.7800096, 3.030369;0.6261439, 0.6021987, 2.985445;0.5750154, 0.2271153, 2.934319;0.4803142, 0.4486851, 3.05882;0.6856484, 0.4540423, 2.849862;0.3973438, -0.1633764, 2.987087;0.657477, -0.1381899, 2.664197;0.5644094, 0.1521982, 2.927592;0.5079697, 0.07583238, 2.971182;0.6008439, 0.08781207, 2.861041;0.5406969, -0.4009916, 2.988456;0.6877492, -0.3735718, 2.796662;0.5704144, -0.7481303, 3.031786;0.7618412, -0.7535884, 2.76886;0.5304168, -0.828752, 3.022905;0.7411762, -0.8397238, 2.751066;
0.5743042, 0.7723897, 3.027377;0.6253734, 0.6008129, 2.986026;0.5749426, 0.2270608, 2.934289;0.4802299, 0.4484003, 3.058801;0.6856107, 0.4540112, 2.849787;0.3973626, -0.1636121, 2.987172;0.6563117, -0.1390729, 2.664169;0.5643802, 0.1521987, 2.927528;0.5079746, 0.07524475, 2.971297;0.6007154, 0.08753819, 2.859784;0.5403147, -0.4009912, 2.988303;0.6877985, -0.3739177, 2.796463;0.5708407, -0.7489935, 3.03205;0.7619026, -0.7535796, 2.768807;0.5299293, -0.8296944, 3.022746;0.740793, -0.8398479, 2.751109;
0.5731302, 0.7705498, 3.028175;0.6251267, 0.6006491, 2.986097;0.574811, 0.2269461, 2.934241;0.4797573, 0.4476827, 3.059371;0.685226, 0.4538956, 2.849625;0.3973047, -0.164004, 2.988418;0.6557164, -0.1395698, 2.664135;0.5642999, 0.1521052, 2.927464;0.5079372, 0.075018, 2.971274;0.6006339, 0.08743235, 2.85965;0.5401662, -0.4006765, 2.987897;0.6880437, -0.3742068, 2.796717;0.5709758, -0.7489228, 3.032115;0.7620811, -0.7534404, 2.768818;0.52986, -0.829524, 3.022764;0.7408826, -0.8398426, 2.751055;
0.5721579, 0.7710307, 3.029556;0.6249424, 0.6009999, 2.986341;0.5744111, 0.2271935, 2.934224;0.4793727, 0.4473017, 3.06053;0.6849933, 0.4541704, 2.849616;0.3973835, -0.1639107, 2.989153;0.6556954, -0.1399041, 2.663741;0.5639001, 0.1523413, 2.927385;0.5075909, 0.07485089, 2.971406;0.5999902, 0.08772549, 2.859129;0.5405528, -0.4062046, 2.989527;0.6880119, -0.37435, 2.796589;0.5728669, -0.7602745, 3.032923;0.7621888, -0.7537958, 2.768987;0.5305446, -0.8369385, 3.023966;0.7403901, -0.8398938, 2.750908;
0.5718175, 0.7725233, 3.029787;0.6243862, 0.600857, 2.985505;0.5740054, 0.2266411, 2.933848;0.4791261, 0.4469706, 3.060995;0.6837987, 0.4542385, 2.849699;0.3972072, -0.1636996, 2.989295;0.657048, -0.1383075, 2.663619;0.5635637, 0.1517185, 2.927073;0.5075065, 0.07439362, 2.971208;0.5997527, 0.08746242, 2.859105;0.5399265, -0.4045416, 2.989685;0.6878548, -0.3741863, 2.79615;0.5708795, -0.7550335, 3.032438;0.7624505, -0.7579638, 2.768612;0.5305075, -0.8349801, 3.023247;0.7393563, -0.8402945, 2.750392;
0.570563, 0.7693492, 3.028198;0.6241387, 0.6003245, 2.986008;0.5739303, 0.2266018, 2.933816;0.4787649, 0.4465036, 3.06108;0.6837901, 0.4542043, 2.849628;0.3970549, -0.1638576, 2.990136;0.6568729, -0.1385453, 2.663566;0.5635, 0.1517119, 2.926984;0.5073997, 0.07421397, 2.971073;0.5996922, 0.08739987, 2.858803;0.5399595, -0.4037311, 2.989341;0.6880129, -0.3745378, 2.795974;0.5704658, -0.7527694, 3.031732;0.7623867, -0.7576545, 2.768815;0.530107, -0.8345885, 3.023314;0.7392817, -0.8402867, 2.750297;
0.5709147, 0.769232, 3.028435;0.624319, 0.6001855, 2.986046;0.5738167, 0.2265198, 2.933647;0.4787495, 0.4464608, 3.061081;0.6838013, 0.4542107, 2.849635;0.3970014, -0.1637984, 2.990077;0.6567812, -0.1384726, 2.663508;0.5633218, 0.1516371, 2.926718;0.5070965, 0.07400203, 2.970741;0.5994942, 0.08737656, 2.858479;0.5398861, -0.4027274, 2.988939;0.6879735, -0.3741947, 2.796061;0.5699009, -0.7499042, 3.031631;0.7611634, -0.7553445, 2.768091;0.5304951, -0.8339701, 3.023566;0.7401371, -0.8360858, 2.751948;
0.5709341, 0.7669924, 3.027635;0.6242942, 0.5987735, 2.985899;0.5736735, 0.2261922, 2.933527;0.4787127, 0.4464341, 3.060868;0.6831527, 0.4538182, 2.849321;0.3966561, -0.1638568, 2.988737;0.6566137, -0.1384132, 2.663461;0.5632137, 0.1514493, 2.926611;0.507063, 0.07377825, 2.970689;0.5993027, 0.08722452, 2.858337;0.5397108, -0.4024348, 2.988567;0.6879716, -0.373854, 2.795946;0.5691965, -0.7460751, 3.03201;0.7612135, -0.753235, 2.76803;0.5318877, -0.8309528, 3.020859;0.7396103, -0.8352252, 2.752385;
0.5707204, 0.7677078, 3.027747;0.6233068, 0.5994848, 2.986344;0.5735728, 0.226199, 2.933421;0.4783365, 0.4460973, 3.060778;0.6830426, 0.4537786, 2.849266;0.396951, -0.1638787, 2.990006;0.6566152, -0.1384244, 2.663452;0.5631728, 0.1514179, 2.926429;0.5071207, 0.07376195, 2.970237;0.5993353, 0.08723801, 2.858273;0.5394995, -0.4018836, 2.988364;0.688058, -0.3741593, 2.795963;0.5692946, -0.7458789, 3.032056;0.7611617, -0.7534155, 2.768081;0.5315421, -0.8306215, 3.020996;0.7391033, -0.8360049, 2.751826;
0.5720216, 0.7719964, 3.030208;0.6232238, 0.6003441, 2.986761;0.5735283, 0.2264692, 2.933347;0.4779714, 0.4462448, 3.061114;0.6831614, 0.4540611, 2.849266;0.3967984, -0.1631898, 2.990702;0.6554093, -0.1388492, 2.664147;0.5631629, 0.1516548, 2.926289;0.5071011, 0.07386318, 2.970049;0.5994097, 0.08749327, 2.858139;0.5392751, -0.4011801, 2.987771;0.6880479, -0.3741722, 2.795995;0.5692627, -0.7457973, 3.032049;0.7613315, -0.7537178, 2.768653;0.5312992, -0.830915, 3.021728;0.7392035, -0.8370258, 2.751496;
0.5714612, 0.7720731, 3.030478;0.6229705, 0.6004621, 2.986564;0.5733978, 0.226491, 2.93336;0.4773799, 0.4456277, 3.062706;0.6830695, 0.45399, 2.849273;0.3967392, -0.1641167, 2.987756;0.655001, -0.1404118, 2.663809;0.5630794, 0.1516657, 2.926318;0.507006, 0.07372697, 2.970185;0.5993488, 0.08748596, 2.858157;0.5393375, -0.4020001, 2.988256;0.6880633, -0.374137, 2.795758;0.5689194, -0.7466844, 3.032242;0.7612439, -0.753728, 2.768618;0.5297461, -0.8327827, 3.022648;0.7390318, -0.8371378, 2.751341;
0.5706316, 0.7706125, 3.029421;0.6224946, 0.599997, 2.987291;0.5732822, 0.2264356, 2.933469;0.4771576, 0.4451376, 3.062431;0.6831737, 0.4539148, 2.849228;0.3967311, -0.1644992, 2.984858;0.6565238, -0.1385149, 2.663423;0.5630327, 0.1516495, 2.926359;0.5069107, 0.07365966, 2.970254;0.5993599, 0.08740378, 2.858146;0.5390536, -0.4017431, 2.987957;0.6880083, -0.3741629, 2.795703;0.5688394, -0.7461119, 3.031829;0.7611157, -0.753788, 2.768478;0.5299502, -0.8323118, 3.022734;0.7383828, -0.8379521, 2.750441;
0.5732207, 0.7849921, 3.035127;0.6222062, 0.6000987, 2.987222;0.573211, 0.2264332, 2.93339;0.476923, 0.4451434, 3.064529;0.6831489, 0.4539033, 2.849269;0.3963702, -0.1637653, 2.983448;0.656954, -0.1355873, 2.664644;0.5630028, 0.1516383, 2.926268;0.5069503, 0.0735563, 2.970063;0.5993618, 0.08743136, 2.858116;0.5390147, -0.4015853, 2.987828;0.6879792, -0.3741032, 2.795551;0.5691732, -0.7473105, 3.031204;0.7612167, -0.7538849, 2.768512;0.5295241, -0.8326245, 3.022291;0.7380341, -0.8385204, 2.750282;
0.5736119, 0.7851048, 3.035161;0.621614, 0.6003644, 2.98687;0.5730287, 0.2264411, 2.933252;0.4769064, 0.4451744, 3.064598;0.6832459, 0.4538544, 2.849005;0.3959852, -0.1628297, 2.980324;0.6565199, -0.1359735, 2.664423;0.562901, 0.1516249, 2.926159;0.5068877, 0.07357518, 2.969835;0.5993534, 0.08743336, 2.858129;0.5391707, -0.401435, 2.987685;0.6880195, -0.3740836, 2.795583;0.569382, -0.7470905, 3.031774;0.7605596, -0.7521284, 2.768935;0.5297369, -0.8270874, 3.021525;0.7388237, -0.8346953, 2.751384;
0.5711638, 0.778914, 3.033084;0.6213935, 0.599734, 2.987191;0.5729805, 0.2263923, 2.933203;0.4766046, 0.4445353, 3.062857;0.6834905, 0.4538269, 2.848814;0.3951115, -0.1644119, 2.978092;0.6564865, -0.1360307, 2.66441;0.5628731, 0.1516106, 2.926057;0.5068195, 0.07347774, 2.969551;0.5993907, 0.08742011, 2.858019;0.5389777, -0.4008868, 2.987409;0.6880268, -0.3752205, 2.795322;0.5691381, -0.7462515, 3.031214;0.7605121, -0.7522537, 2.768997;0.5300981, -0.8275334, 3.022179;0.738737, -0.8354915, 2.750605;
0.571952, 0.7828177, 3.033586;0.6213115, 0.5995367, 2.9863;0.5728298, 0.2262589, 2.933184;0.476801, 0.4450547, 3.062476;0.6834327, 0.4536259, 2.848568;0.3956408, -0.1657789, 2.978546;0.6543137, -0.1430001, 2.663061;0.5627238, 0.1514734, 2.926111;0.5066926, 0.07340114, 2.969699;0.5992269, 0.08725154, 2.858215;0.5388926, -0.4010026, 2.987185;0.6878871, -0.3751529, 2.795252;0.5695342, -0.7470709, 3.031332;0.7611349, -0.7530521, 2.769624;0.5300199, -0.8283091, 3.021779;0.7385244, -0.8363635, 2.750883;
0.5718027, 0.7784804, 3.030921;0.6211909, 0.5998621, 2.986022;0.5727465, 0.2262487, 2.933189;0.4766122, 0.4449293, 3.062409;0.6831934, 0.4536307, 2.848521;0.3961127, -0.1651063, 2.979017;0.6563363, -0.1360433, 2.66435;0.5626498, 0.1514375, 2.926139;0.506656, 0.07339736, 2.969729;0.599152, 0.08721794, 2.858365;0.5388916, -0.4009283, 2.987151;0.6878544, -0.3750636, 2.795283;0.5697498, -0.7469426, 3.031506;0.7611386, -0.753044, 2.769476;0.5299638, -0.8281245, 3.021617;0.7388487, -0.836278, 2.750434;
0.5716752, 0.7724364, 3.028655;0.621213, 0.5992462, 2.986045;0.5727329, 0.2262652, 2.933163;0.4763946, 0.4446915, 3.061904;0.6834794, 0.4535729, 2.848381;0.3960726, -0.1658993, 2.979632;0.6560715, -0.1362982, 2.664064;0.5626358, 0.1515302, 2.926085;0.5065746, 0.07336825, 2.96976;0.599237, 0.08718909, 2.858024;0.538996, -0.4011718, 2.987309;0.6882722, -0.3750313, 2.795427;0.5708524, -0.7490631, 3.031459;0.7610625, -0.753239, 2.76905;0.52978, -0.8289253, 3.021186;0.7377825, -0.8368481, 2.748075;
0.5714349, 0.774148, 3.029264;0.620784, 0.5994627, 2.986036;0.5727225, 0.2262533, 2.933154;0.4763528, 0.4446782, 3.061958;0.6826934, 0.4533299, 2.848107;0.3960261, -0.1658158, 2.979835;0.6560673, -0.1360915, 2.66385;0.5626504, 0.1515025, 2.926074;0.5067311, 0.07330883, 2.969765;0.5992671, 0.08719534, 2.858032;0.5391862, -0.4010969, 2.987242;0.6882694, -0.3747734, 2.79545;0.5709013, -0.748363, 3.031623;0.7611702, -0.7532172, 2.768828;0.5300892, -0.8290124, 3.022874;0.7374907, -0.8375359, 2.748294;
0.571143, 0.7708107, 3.026647;0.6197485, 0.5995766, 2.986831;0.572625, 0.2263582, 2.933268;0.4762566, 0.4446948, 3.062058;0.6825434, 0.4532814, 2.847686;0.3948094, -0.1642671, 2.984018;0.6564319, -0.137355, 2.662599;0.5626426, 0.1516024, 2.926134;0.5067778, 0.07337764, 2.969872;0.5993155, 0.08723394, 2.858018;0.5392118, -0.4010036, 2.987191;0.6883398, -0.3743778, 2.795467;0.5711495, -0.7479969, 3.03202;0.7611784, -0.7532066, 2.768908;0.5307081, -0.8289256, 3.023627;0.7394154, -0.837724, 2.74898;
0.5704931, 0.7694701, 3.025199;0.6193842, 0.5996141, 2.986767;0.5726317, 0.2263614, 2.933261;0.4760238, 0.4445083, 3.062104;0.6824446, 0.4533351, 2.847659;0.3927536, -0.1641876, 2.983036;0.6558973, -0.1390478, 2.660467;0.5627259, 0.1516156, 2.926118;0.5069931, 0.07334436, 2.969866;0.5995914, 0.08726751, 2.858009;0.5393221, -0.4001342, 2.987324;0.6881662, -0.3730731, 2.79482;0.5709521, -0.7478696, 3.031792;0.7611675, -0.7532986, 2.768901;0.5307382, -0.8289177, 3.023612;0.7387682, -0.8377804, 2.747801;
0.5699021, 0.7684435, 3.023525;0.616783, 0.5973181, 2.986145;0.5725855, 0.2259578, 2.933095;0.4756221, 0.4449283, 3.061208;0.6812549, 0.4527891, 2.846641;0.3891842, -0.1637966, 2.982565;0.6541621, -0.140357, 2.655629;0.5628879, 0.1513333, 2.925974;0.5075043, 0.07323502, 2.969647;0.5999764, 0.08685552, 2.857941;0.5391634, -0.3999189, 2.987097;0.6876584, -0.3730487, 2.795075;0.5709405, -0.7478479, 3.03182;0.7610626, -0.7534196, 2.768851;0.5300641, -0.828993, 3.023136;0.7385582, -0.8379726, 2.747547;
0.5672165, 0.7685672, 3.023292;0.6151828, 0.5980884, 2.984889;0.5726576, 0.2256186, 2.932767;0.4743305, 0.444961, 3.058878;0.6800873, 0.4526854, 2.845556;0.385976, -0.1631724, 2.985159;0.6518204, -0.141769, 2.649974;0.5632992, 0.1507604, 2.925622;0.508314, 0.07299653, 2.96908;0.6008233, 0.08642983, 2.858089;0.5386418, -0.4000788, 2.986846;0.6876638, -0.3734533, 2.795114;0.5708052, -0.7478042, 3.031752;0.7609805, -0.7534897, 2.768813;0.5309388, -0.8288265, 3.02429;0.7381096, -0.8388582, 2.747799;
0.5607049, 0.7672594, 3.016917;0.6134747, 0.5992293, 2.983513;0.5727305, 0.2254543, 2.932634;0.4729855, 0.4452285, 3.058482;0.6788985, 0.4524505, 2.843935;0.3827339, -0.1615857, 2.983302;0.6470033, -0.1441664, 2.638789;0.5636884, 0.1503796, 2.925527;0.5091115, 0.07299208, 2.968604;0.6020445, 0.0861214, 2.85903;0.5381922, -0.4010302, 2.986421;0.6870551, -0.3761526, 2.792677;0.5709969, -0.7486718, 3.030438;0.7609043, -0.7536434, 2.76897;0.5301726, -0.8310946, 3.024946;0.7382566, -0.8388336, 2.748127;
0.5519242, 0.7628248, 3.008401;0.6077875, 0.5966187, 2.980923;0.572786, 0.2251807, 2.932708;0.4700593, 0.4451307, 3.057821;0.6761641, 0.451793, 2.841202;0.3692655, -0.1611534, 2.975214;0.6446761, -0.1470809, 2.62872;0.5643026, 0.1500552, 2.925913;0.5106221, 0.07268687, 2.969261;0.6038513, 0.08549732, 2.860387;0.537505, -0.4024629, 2.986356;0.6863232, -0.3769173, 2.791704;0.5708846, -0.7486526, 3.030313;0.7608306, -0.7537389, 2.768982;0.5292578, -0.830245, 3.023199;0.7381251, -0.8389544, 2.748108;
0.5507495, 0.7640246, 3.007019;0.602434, 0.5954331, 2.974535;0.5732288, 0.2246341, 2.932843;0.4646525, 0.4447201, 3.058707;0.6733442, 0.4506421, 2.839864;0.3627123, -0.165738, 2.970942;0.6413674, -0.1486892, 2.616271;0.5661452, 0.1491793, 2.927036;0.5136229, 0.07209712, 2.970767;0.6084276, 0.08424695, 2.864549;0.5341488, -0.4030496, 2.984352;0.6842882, -0.3787726, 2.79081;0.5707878, -0.7484901, 3.030398;0.759941, -0.7577106, 2.768613;0.5292188, -0.8300852, 3.023128;0.7394965, -0.8387873, 2.749815;
0.5476865, 0.7614015, 3.004707;0.5998541, 0.5922685, 2.971409;0.5758957, 0.2205827, 2.934911;0.4606684, 0.4417714, 3.058403;0.6699529, 0.4474775, 2.837572;0.3590412, -0.1696769, 2.968227;0.6368714, -0.1510688, 2.608958;0.5712862, 0.144439, 2.931302;0.5212163, 0.06780804, 2.974981;0.6150198, 0.07939322, 2.872993;0.5319854, -0.4030394, 2.983402;0.6830005, -0.381495, 2.786824;0.5672047, -0.7479911, 3.027473;0.7590376, -0.7601599, 2.768322;0.5284052, -0.8294693, 3.021887;0.7397739, -0.8384343, 2.749656;
0.5335752, 0.7509012, 2.994995;0.5862134, 0.58127, 2.961493;0.5769329, 0.2153511, 2.935642;0.447413, 0.4243182, 3.049975;0.6564879, 0.4368478, 2.828571;0.3497624, -0.1811457, 2.963409;0.6329483, -0.1590398, 2.602873;0.5739673, 0.1397446, 2.933208;0.5255609, 0.06306402, 2.978259;0.6189319, 0.07510281, 2.875463;0.5306832, -0.4033177, 2.983051;0.6809541, -0.3838915, 2.783875;0.5662528, -0.7478796, 3.027153;0.7592465, -0.7629853, 2.767908;0.5278058, -0.8291197, 3.020938;0.7388443, -0.8393555, 2.749629;
0.5221551, 0.739391, 2.988541;0.577442, 0.5699785, 2.954589;0.5792467, 0.205279, 2.937065;0.4415452, 0.4112039, 3.045839;0.6529244, 0.4297073, 2.825009;0.3400969, -0.1940517, 2.966647;0.6290918, -0.1666163, 2.594957;0.5788269, 0.130298, 2.936491;0.5314106, 0.05613907, 2.9818;0.6272934, 0.06372713, 2.881757;0.5264618, -0.4052734, 2.98174;0.6804188, -0.3883029, 2.775266;0.5644463, -0.7481493, 3.027037;0.7589347, -0.7632773, 2.76691;0.5278428, -0.8289983, 3.020945;0.7391247, -0.8390697, 2.74901;
0.5168238, 0.7318665, 2.983984;0.5702227, 0.5587544, 2.947414;0.5819364, 0.1962745, 2.937699;0.4385473, 0.4070605, 3.043433;0.6417168, 0.4101107, 2.815474;0.3286714, -0.2263909, 2.95763;0.6256894, -0.1853784, 2.588379;0.5836515, 0.1219439, 2.938687;0.5397191, 0.04781722, 2.985757;0.6321988, 0.0572401, 2.884626;0.5179383, -0.4103283, 2.979495;0.6770445, -0.3944824, 2.766176;0.5627747, -0.7463369, 3.02593;0.7593008, -0.7652758, 2.767009;0.5274034, -0.8284935, 3.020072;0.7390577, -0.8388694, 2.747694;
0.4806434, 0.693585, 2.949496;0.5564846, 0.5343643, 2.933408;0.5847543, 0.1732276, 2.937447;0.4283163, 0.3761427, 3.031423;0.6368886, 0.3934655, 2.808416;0.3204924, -0.2308801, 2.953126;0.6241983, -0.2047526, 2.583944;0.5898193, 0.09977152, 2.941183;0.5484928, 0.02534697, 2.992513;0.6423979, 0.03207791, 2.887779;0.5145165, -0.4178849, 2.981145;0.6766784, -0.4025758, 2.762283;0.5618421, -0.7460957, 3.025913;0.7588089, -0.7666636, 2.766498;0.5273836, -0.828369, 3.020103;0.7381449, -0.8388831, 2.746455;
0.4826596, 0.6815642, 2.946067;0.5421031, 0.5043795, 2.916842;0.5857816, 0.1549975, 2.936124;0.4237319, 0.3639799, 3.023884;0.6285468, 0.3709948, 2.798938;0.3123112, -0.2466485, 2.954933;0.6221007, -0.2128175, 2.577476;0.5932389, 0.08373605, 2.942206;0.5537618, 0.01007717, 2.994952;0.6466488, 0.02214312, 2.890568;0.5112283, -0.4213315, 2.980431;0.6776648, -0.4074841, 2.758605;0.5596586, -0.7498552, 3.025852;0.7586824, -0.7673329, 2.766523;0.5273686, -0.8291538, 3.018878;0.7380743, -0.8389196, 2.746539;
0.4662564, 0.651724, 2.925618;0.5325286, 0.4867543, 2.904495;0.5900081, 0.1238344, 2.94143;0.419377, 0.3418087, 3.015375;0.622797, 0.3556737, 2.795059;0.3039918, -0.2856009, 2.942486;0.6203364, -0.2485967, 2.56673;0.6023141, 0.04862397, 2.953389;0.5714663, -0.01931034, 3.002487;0.6543775, -0.01498687, 2.917478;0.5075485, -0.4261278, 2.979323;0.674376, -0.4194613, 2.749862;0.5590708, -0.7488434, 3.025648;0.7584545, -0.7684672, 2.766721;0.5272551, -0.8288282, 3.019285;0.7388297, -0.8393088, 2.746707;
0.4564707, 0.6359603, 2.914761;0.523455, 0.4573433, 2.891618;0.5922709, 0.1139176, 2.937607;0.4146633, 0.3086945, 3.007755;0.6153423, 0.3306417, 2.785923;0.3020618, -0.297278, 2.93743;0.6205938, -0.2754557, 2.558872;0.6050538, 0.04267604, 2.950437;0.5752186, -0.02842896, 3.002034;0.659375, -0.01855896, 2.911473;0.5031868, -0.4311206, 2.977999;0.6707406, -0.4255913, 2.745995;0.5575032, -0.7525146, 3.025063;0.7582461, -0.7687066, 2.766455;0.5267754, -0.8299995, 3.019511;0.7386613, -0.839482, 2.746733;
0.4538194, 0.6162243, 2.907188;0.5152059, 0.4253649, 2.882184;0.5946288, 0.08198278, 2.933288;0.4095144, 0.2891881, 3.001748;0.6083893, 0.2938246, 2.775035;0.2951858, -0.3304338, 2.947544;0.6258968, -0.3019386, 2.56005;0.6100128, 0.01410403, 2.947139;0.5805614, -0.05225666, 3.001559;0.6669183, -0.04260885, 2.907938;0.4982592, -0.442562, 2.976764;0.6654738, -0.4423079, 2.733984;0.5553431, -0.7505661, 3.024622;0.7574716, -0.7695109, 2.766195;0.5261515, -0.8301021, 3.019881;0.7380655, -0.8403007, 2.746859;
0.442476, 0.5860252, 2.898572;0.5064633, 0.3955837, 2.86847;0.5979964, 0.06206763, 2.92861;0.3991336, 0.2415693, 2.995247;0.6044759, 0.2639766, 2.767253;0.2917967, -0.3568907, 2.938175;0.6328428, -0.326317, 2.556397;0.6157837, -0.005792534, 2.943555;0.5874065, -0.07374176, 3.001204;0.6776875, -0.0644569, 2.903202;0.4911881, -0.4600658, 2.975363;0.6584249, -0.4460895, 2.71684;0.5546441, -0.7493199, 3.024143;0.7555823, -0.7709197, 2.765752;0.5281664, -0.828339, 3.019023;0.7379093, -0.8417203, 2.74538;
0.4364511, 0.5676907, 2.885718;0.4943505, 0.3544618, 2.85697;0.6040035, 0.03899253, 2.926743;0.3972101, 0.2208644, 2.989456;0.5995188, 0.2362438, 2.760068;0.2909804, -0.3914787, 2.940964;0.6370485, -0.3764824, 2.534506;0.6247161, -0.02572148, 2.9434;0.6020181, -0.09511612, 3.001372;0.6860585, -0.07750744, 2.905666;0.4813771, -0.4736872, 2.972733;0.6518402, -0.4475338, 2.695204;0.549224, -0.7683361, 3.024811;0.7552189, -0.7719223, 2.766393;0.524169, -0.8393309, 3.017572;0.7397986, -0.8431823, 2.746278;
0.4164645, 0.4838058, 2.846745;0.4915893, 0.3152349, 2.845099;0.6000109, 0.01091611, 2.932076;0.3895735, 0.188787, 2.978642;0.5995321, 0.1921437, 2.748966;0.288052, -0.4238673, 2.932199;0.6402879, -0.4197899, 2.546137;0.6214588, -0.0504978, 2.951994;0.5959367, -0.1118388, 3.013353;0.6884916, -0.1118562, 2.919588;0.4741066, -0.4885979, 2.970505;0.6474878, -0.4550979, 2.68751;0.5431567, -0.7825863, 3.022205;0.754484, -0.773006, 2.766008;0.518865, -0.8539286, 3.018027;0.7394382, -0.8440018, 2.74526;
0.4103425, 0.4625916, 2.839737;0.4838886, 0.2844665, 2.836601;0.6050695, -0.04423319, 2.946698;0.3834006, 0.148006, 2.976594;0.5959809, 0.1645838, 2.743839;0.2874562, -0.4595429, 2.92903;0.6411264, -0.4433553, 2.541157;0.629666, -0.1085336, 2.972593;0.6124049, -0.1652975, 3.027462;0.6892006, -0.1622815, 2.953173;0.4555328, -0.5253854, 2.964846;0.645469, -0.4623818, 2.6847;0.5250024, -0.818754, 3.016328;0.7536395, -0.7731907, 2.765415;0.4766797, -0.8763341, 2.969353;0.7385088, -0.8443886, 2.745954;
0.4032736, 0.4351495, 2.830845;0.477191, 0.2417806, 2.819198;0.6049111, -0.0638369, 2.945969;0.3827991, 0.1008868, 2.970917;0.5894405, 0.1357924, 2.73773;0.2930085, -0.5019617, 2.919353;0.6401681, -0.4873258, 2.529622;0.6301035, -0.1267519, 2.973688;0.6144589, -0.1809188, 3.029614;0.688432, -0.1788589, 2.95559;0.4487243, -0.5351962, 2.963957;0.6448644, -0.4858654, 2.670269;0.5204021, -0.8276418, 3.014264;0.7526214, -0.7733659, 2.764497;0.475011, -0.8879838, 2.968114;0.7375183, -0.8446475, 2.745816;
0.3935641, 0.4090438, 2.825099;0.4703817, 0.2242223, 2.811498;0.6138622, -0.08392825, 2.938456;0.3778266, 0.0875698, 2.969;0.5836193, 0.1050903, 2.734755;0.2950041, -0.5527338, 2.931687;0.6286201, -0.5058271, 2.557679;0.6428156, -0.1463104, 2.966932;0.6357625, -0.2065855, 3.025117;0.7019767, -0.1954991, 2.948383;0.4378031, -0.5431957, 2.96329;0.6365864, -0.4884568, 2.659577;0.5178136, -0.831924, 3.016775;0.7519691, -0.7731709, 2.763788;0.4718575, -0.8934458, 2.973059;0.7375591, -0.8446453, 2.745761;
0.3830476, 0.3659838, 2.814749;0.4657867, 0.1850645, 2.801673;0.6071684, -0.108305, 2.942878;0.3722684, 0.04595944, 2.964755;0.5838923, 0.07498835, 2.728069;0.2947353, -0.5637773, 2.933014;0.6293981, -0.5096148, 2.558429;0.635593, -0.1680069, 2.973831;0.625332, -0.2244165, 3.035491;0.6958289, -0.2187812, 2.957497;0.4306584, -0.5592466, 2.958387;0.6382333, -0.4960838, 2.648944;0.5212475, -0.8425982, 3.017036;0.7518272, -0.7729689, 2.76335;0.4781613, -0.9057721, 2.973103;0.7368888, -0.8443683, 2.746083;
0.3797568, 0.3052807, 2.800189;0.4660462, 0.1342558, 2.800771;0.6182114, -0.1332409, 2.934019;0.3698218, 0.01730794, 2.961082;0.5819021, 0.05184332, 2.719078;0.2811238, -0.6067388, 2.936477;0.6343756, -0.5644569, 2.5615;0.6479345, -0.1882164, 2.964488;0.6426126, -0.2512761, 3.026688;0.7111932, -0.2331733, 2.947558;0.4613207, -0.5365129, 2.97083;0.6364297, -0.4976558, 2.654439;0.5434029, -0.7538483, 3.016281;0.7513113, -0.7753721, 2.76251;0.5267815, -0.8324882, 3.020071;0.7355374, -0.8464577, 2.745404;
0.3781806, 0.297932, 2.797409;0.4650177, 0.1211967, 2.797505;0.6202934, -0.1532263, 2.932198;0.3672311, -0.004380718, 2.954848;0.5772132, 0.01727348, 2.717299;0.2902066, -0.6099956, 2.933976;0.6353469, -0.5650671, 2.561041;0.6511347, -0.2080638, 2.962881;0.6461728, -0.2670819, 3.028182;0.7151908, -0.2536778, 2.944916;0.4602337, -0.5370827, 2.970243;0.6289522, -0.510083, 2.648864;0.5455058, -0.7572131, 3.017207;0.7499434, -0.7817354, 2.757279;0.526709, -0.8324112, 3.020029;0.7322591, -0.8525537, 2.741956;
0.375199, 0.2888462, 2.796216;0.4576904, 0.09009162, 2.794481;0.6212769, -0.1655255, 2.931356;0.3600007, -0.02814767, 2.955884;0.5728105, 0.001026887, 2.716629;0.2995732, -0.6469487, 2.928853;0.6407037, -0.5731854, 2.561344;0.6531174, -0.2179241, 2.962182;0.6496007, -0.2782764, 3.028593;0.7181602, -0.2606104, 2.944381;0.4544963, -0.5368034, 2.967052;0.6275192, -0.5121478, 2.646465;0.5460946, -0.7573664, 3.016995;0.7439656, -0.8020467, 2.749975;0.525313, -0.8322787, 3.019856;0.7246982, -0.8733324, 2.739218;
0.3624821, 0.2273137, 2.778965;0.4533145, 0.06730634, 2.792916;0.6244242, -0.1857462, 2.931297;0.3630949, -0.06675515, 2.947972;0.5694156, -0.02996543, 2.715462;0.3092855, -0.6359131, 2.932707;0.6453397, -0.5975736, 2.564541;0.6581233, -0.2365299, 2.962407;0.6567546, -0.2950442, 3.0307;0.7240687, -0.2762632, 2.943679;0.4542515, -0.5424581, 2.966027;0.6149767, -0.510582, 2.638654;0.547849, -0.7606905, 3.017495;0.7389488, -0.8007725, 2.750023;0.5245646, -0.8326873, 3.020002;0.709424, -0.7500907, 2.667751;
0.3455433, 0.1848712, 2.776408;0.4501572, 0.04374363, 2.790177;0.6230018, -0.2014963, 2.928311;0.355249, -0.08497581, 2.949315;0.5666859, -0.04597812, 2.713903;0.3081954, -0.6509444, 2.925598;0.6461686, -0.5950745, 2.562888;0.6572757, -0.2507155, 2.959446;0.6571281, -0.3128028, 3.029845;0.7256749, -0.2905286, 2.94024;0.4520484, -0.5474358, 2.964367;0.6112162, -0.5152193, 2.629761;0.5485282, -0.7603722, 3.016734;0.7385007, -0.8014399, 2.749427;0.511226, -0.8249213, 3.011306;0.7126729, -0.8636668, 2.71705;
0.3441185, 0.1799611, 2.772212;0.4419276, 0.02201937, 2.786201;0.6216914, -0.2248593, 2.921864;0.3527553, -0.1019897, 2.94725;0.5673848, -0.06508078, 2.713796;0.2990035, -0.6825839, 2.931567;0.6665515, -0.6668699, 2.556293;0.6575817, -0.2744606, 2.952414;0.6601444, -0.3360805, 3.022662;0.7266669, -0.3111422, 2.933226;0.4372492, -0.5390735, 2.956997;0.6052309, -0.5213521, 2.616256;0.5483773, -0.7600016, 3.016344;0.6686204, -0.8094562, 2.50368;0.5054945, -0.8207458, 3.008284;0.6322906, -0.8781211, 2.462358;
0.3462166, 0.1695383, 2.767439;0.4402864, 0.007307145, 2.783063;0.6210357, -0.2448884, 2.917193;0.3530027, -0.1039661, 2.945031;0.5643768, -0.07760671, 2.710305;0.3190291, -0.7326917, 2.948422;0.694969, -0.7510464, 2.566719;0.6572096, -0.295368, 2.94746;0.6597686, -0.3513075, 3.013636;0.7223668, -0.3302563, 2.929431;0.4377832, -0.5489919, 2.952983;0.600242, -0.5329415, 2.607687;0.5481147, -0.7611737, 3.015058;0.6622916, -0.8206316, 2.494587;0.499093, -0.8187076, 3.005656;0.6240923, -0.8890858, 2.454456;
0.3496357, 0.1600026, 2.769031;0.4389166, -0.01339425, 2.778934;0.6222042, -0.2572147, 2.915181;0.3560114, -0.1684302, 2.929719;0.5591198, -0.0960159, 2.709289;0.3200743, -0.7332146, 2.948128;0.7002915, -0.6799995, 2.583359;0.6587191, -0.306289, 2.945785;0.6609435, -0.3693464, 3.011835;0.7245266, -0.3365151, 2.927718;0.4371307, -0.5447773, 2.948665;0.6328091, -0.5010669, 2.686414;0.5478199, -0.7613515, 3.013561;0.6842213, -0.7441942, 2.585897;0.4811015, -0.8212501, 3.003665;0.6927899, -0.8113633, 2.655572;
0.3401368, 0.1170254, 2.75614;0.434782, -0.03649034, 2.781539;0.6206716, -0.2737275, 2.911575;0.3532529, -0.1751531, 2.93066;0.5565019, -0.1109215, 2.706264;0.3333549, -0.7498322, 2.951629;0.6998874, -0.6799728, 2.58299;0.6576968, -0.3215154, 2.941218;0.660902, -0.3862385, 3.007082;0.725939, -0.3518302, 2.922261;0.4362015, -0.5433247, 2.946239;0.5707596, -0.4986711, 2.584355;0.5472241, -0.777394, 3.012563;0.6306196, -0.7856061, 2.470359;0.4731426, -0.8136792, 3.000702;0.5977381, -0.8547604, 2.426462;
0.3300827, 0.09097791, 2.752288;0.4343238, -0.04031083, 2.780376;0.6188697, -0.2751868, 2.910567;0.3501623, -0.1854326, 2.93337;0.5541306, -0.1188049, 2.704334;0.3030919, -0.7243177, 2.935443;0.6951835, -0.6806106, 2.585451;0.6556253, -0.3225974, 2.940143;0.6557416, -0.3882708, 3.007447;0.7252783, -0.3517658, 2.920452;0.4132659, -0.5910857, 2.961243;0.5699797, -0.5018068, 2.584258;0.5467731, -0.774928, 3.011178;0.6297445, -0.7882858, 2.470459;0.460004, -0.8159875, 3.012507;0.596792, -0.8577321, 2.426692;
0.3283206, 0.08813848, 2.752281;0.4320015, -0.05382917, 2.778014;0.558278, -0.3294833, 2.912184;0.346661, -0.1880229, 2.935201;0.5535253, -0.127831, 2.702279;0.3069276, -0.7327688, 2.93365;0.6943414, -0.7671309, 2.577675;0.5839499, -0.3821894, 2.942856;0.55327, -0.4505334, 3.018574;0.6676143, -0.422626, 2.919692;0.2568753, -0.6993584, 2.996915;0.5888669, -0.4994381, 2.534524;0.5495585, -0.7758726, 3.005897;0.6485653, -0.7855984, 2.420874;0.4593792, -0.8155868, 3.010236;0.6079541, -0.8488783, 2.373978;
0.3282795, 0.08466981, 2.755513;0.4315581, -0.06076479, 2.777656;0.5581036, -0.3292236, 2.9125;0.3433479, -0.1934893, 2.93522;0.5533129, -0.1368762, 2.700114;0.3087181, -0.7533743, 2.936864;0.6919466, -0.7732745, 2.576245;0.5836536, -0.3816053, 2.943388;0.5528634, -0.4497601, 3.020066;0.6675143, -0.4222218, 2.920194;0.2574905, -0.6986693, 2.996842;0.5941461, -0.4899915, 2.53292;0.5506837, -0.7730749, 3.002974;0.6537725, -0.7758067, 2.419432;0.4595702, -0.8149776, 3.010091;0.6133105, -0.839771, 2.372982;
0.3282477, 0.07916926, 2.755567;0.4316275, -0.06512406, 2.776184;0.5632961, -0.3268102, 2.911282;0.3404066, -0.1992073, 2.935261;0.5540326, -0.1421334, 2.698235;0.3114786, -0.7589593, 2.937822;0.6919879, -0.7768932, 2.575097;0.591153, -0.377406, 2.941827;0.567657, -0.4451751, 3.01866;0.6756294, -0.416517, 2.918992;0.2777984, -0.6978825, 2.975694;0.5834526, -0.4952321, 2.538895;0.5592917, -0.7960774, 3.007532;0.6430042, -0.7806889, 2.425569;0.4587247, -0.8142766, 3.010627;0.6036379, -0.8457204, 2.379457;
0.3285953, 0.07854809, 2.755843;0.4320757, -0.06696589, 2.77483;0.5624104, -0.3312835, 2.91033;0.33915, -0.200651, 2.933888;0.553093, -0.1439937, 2.697235;0.3121037, -0.7582229, 2.936653;0.6904837, -0.777562, 2.576414;0.5891315, -0.3839658, 2.940881;0.5617106, -0.4529076, 3.014363;0.6720586, -0.4224903, 2.919282;0.267725, -0.7010336, 2.989094;0.5851061, -0.4864894, 2.535894;0.5594957, -0.7739708, 3.003237;0.6445864, -0.7716039, 2.422723;0.4642903, -0.8112741, 3.009346;0.6047637, -0.8363299, 2.37626;
0.3315744, 0.07840396, 2.754093;0.4325424, -0.06990491, 2.772302;0.5695097, -0.3194917, 2.909535;0.3382605, -0.2015471, 2.934119;0.5534186, -0.1447874, 2.696069;0.3272941, -0.7538732, 2.957038;0.6903729, -0.7760602, 2.577994;0.5990891, -0.3650754, 2.94087;0.5783605, -0.4309751, 3.019685;0.6840551, -0.3990208, 2.920154;0.2877479, -0.6803994, 2.975474;0.5891662, -0.5153926, 2.552602;0.5525752, -0.8143252, 3.009898;0.6485528, -0.8000579, 2.439629;0.4586798, -0.8135133, 3.00881;0.6108507, -0.8670374, 2.394455;
0.33012, 0.07713536, 2.752133;0.4324921, -0.07033698, 2.771807;0.5830982, -0.3024125, 2.908407;0.337824, -0.2024717, 2.934363;0.553307, -0.1454291, 2.695509;0.328434, -0.7544033, 2.957331;0.6884652, -0.7540303, 2.584802;0.6151716, -0.3454901, 2.939567;0.6055269, -0.4086528, 3.021441;0.6986083, -0.3796041, 2.917183;0.4238422, -0.5715634, 2.944883;0.625954, -0.5102884, 2.677572;0.5342396, -0.7536337, 3.000035;0.6767123, -0.7535951, 2.577099;0.472362, -0.8108208, 3.005824;0.6954371, -0.8052833, 2.650085;
0.329937, 0.07638297, 2.751817;0.4323012, -0.07043591, 2.771915;0.5900694, -0.2965885, 2.907166;0.3376434, -0.2025847, 2.934788;0.5533091, -0.1454351, 2.695357;0.3213357, -0.7498488, 2.960944;0.6880266, -0.7627811, 2.583521;0.6234097, -0.3394539, 2.937538;0.6171767, -0.4035265, 3.018514;0.7063451, -0.3727655, 2.913985;0.4416243, -0.5595772, 2.93796;0.5835991, -0.4924358, 2.556497;0.5387065, -0.7507606, 2.999592;0.6428217, -0.7763155, 2.443876;0.4731798, -0.8114212, 3.005528;0.6676681, -0.7902372, 2.542544;
0.3413809, 0.08894981, 2.751544;0.4324334, -0.06904281, 2.771982;0.5878892, -0.2976163, 2.907128;0.3380017, -0.2020643, 2.934374;0.553331, -0.143803, 2.69484;0.3209565, -0.7491335, 2.959866;0.6870062, -0.7437549, 2.585054;0.6187341, -0.3427059, 2.937541;0.6002963, -0.4117905, 3.015888;0.7012016, -0.376286, 2.914177;0.4399469, -0.5630649, 2.941091;0.585102, -0.4963909, 2.55466;0.5284692, -0.7494432, 2.998875;0.6442262, -0.7797989, 2.442244;0.4786595, -0.8101642, 3.006626;0.6688368, -0.7950947, 2.54101;
0.3551681, 0.1209616, 2.749885;0.43476, -0.06341302, 2.770977;0.6056434, -0.2917483, 2.900993;0.3387049, -0.2001058, 2.934874;0.5533444, -0.1424949, 2.694434;0.3241069, -0.7528958, 2.960823;0.6913122, -0.7367551, 2.584797;0.6420889, -0.3374539, 2.929607;0.6535175, -0.4007873, 2.99777;0.7123992, -0.3716391, 2.909154;0.3298604, -0.6071312, 2.986963;0.5787407, -0.4984577, 2.558581;0.5097072, -0.8430825, 3.012727;0.6377802, -0.7814604, 2.446326;0.4568879, -0.7902998, 2.997331;0.6665067, -0.7952986, 2.544425;
0.3556626, 0.1216003, 2.751194;0.4355414, -0.05566484, 2.772004;0.6109618, -0.2908861, 2.900752;0.3419907, -0.194464, 2.934197;0.5531175, -0.1354398, 2.693418;0.3658361, -0.7279468, 2.946781;0.6903433, -0.7350365, 2.583109;0.6477234, -0.3376949, 2.929397;0.654929, -0.400735, 2.996484;0.7158388, -0.3700687, 2.909383;0.4363794, -0.5355749, 2.937238;0.5767493, -0.4994828, 2.562099;0.53538, -0.76644, 3.004371;0.6357055, -0.7820858, 2.449996;0.4799923, -0.8188837, 3.004533;0.6635007, -0.8040649, 2.54692;
0.3580059, 0.1246399, 2.753003;0.4393326, -0.04293749, 2.775703;0.6129808, -0.2839327, 2.901432;0.3432124, -0.1909365, 2.93491;0.5555649, -0.130502, 2.693772;0.3100077, -0.7304792, 2.980994;0.6902145, -0.7347826, 2.583399;0.648831, -0.3319351, 2.929801;0.6532187, -0.3967852, 2.998192;0.718884, -0.3636702, 2.908218;0.4348618, -0.5350408, 2.937901;0.6307183, -0.5051003, 2.682616;0.5366839, -0.7654901, 3.003505;0.6814766, -0.7484069, 2.582372;0.484032, -0.8209506, 3.003982;0.7042609, -0.8021435, 2.667802;
0.3608152, 0.1292312, 2.757653;0.4415544, -0.03640366, 2.777012;0.6153778, -0.2803056, 2.903454;0.348445, -0.1829174, 2.935961;0.5585437, -0.1228255, 2.695991;0.3245898, -0.7299184, 2.966407;0.687417, -0.7266482, 2.587211;0.6508534, -0.3289307, 2.931906;0.6539781, -0.3940907, 3.000228;0.72065, -0.361288, 2.910339;0.4339912, -0.5333992, 2.937723;0.5689113, -0.520304, 2.582124;0.5371469, -0.7637742, 3.003292;0.6276941, -0.8020755, 2.470343;0.4928962, -0.8257164, 3.011007;0.5911323, -0.8713926, 2.426054;
0.365346, 0.1504041, 2.764357;0.4466428, -0.01809001, 2.778096;0.6221884, -0.2665744, 2.90755;0.3524526, -0.1335308, 2.936844;0.5607833, -0.1124686, 2.697513;0.3242242, -0.728071, 2.964364;0.6889685, -0.6817228, 2.58768;0.6575421, -0.3161795, 2.936626;0.6599932, -0.3746386, 3.002017;0.7241402, -0.3490201, 2.916999;0.4380873, -0.5443857, 2.942672;0.5917861, -0.5367291, 2.595964;0.5388318, -0.7622759, 3.003538;0.6504754, -0.8180521, 2.484349;0.4986657, -0.8272595, 3.011128;0.6796374, -0.8281332, 2.583527;
0.3658519, 0.1528674, 2.765073;0.4488218, -0.008447177, 2.779861;0.623646, -0.2620419, 2.910424;0.3534599, -0.1320954, 2.937515;0.5631158, -0.1029042, 2.700046;0.2931863, -0.6936788, 2.940041;0.688754, -0.6939223, 2.585102;0.6588239, -0.3123885, 2.939722;0.6599662, -0.3715513, 3.003703;0.7247059, -0.3449913, 2.921155;0.4384306, -0.5437254, 2.94266;0.5972588, -0.5318716, 2.597673;0.5411618, -0.7652611, 3.004996;0.7297186, -0.794169, 2.736223;0.5091942, -0.8347924, 3.011402;0.7202811, -0.8703533, 2.734111;
0.3687361, 0.1701676, 2.770834;0.4526467, 0.01007515, 2.781561;0.6198483, -0.2463372, 2.911891;0.3567074, -0.1240279, 2.938735;0.5679644, -0.0831527, 2.702257;0.2739297, -0.6871479, 2.947298;0.6881798, -0.6728436, 2.564918;0.653443, -0.297193, 2.941264;0.6530255, -0.3600074, 3.008755;0.7219479, -0.3373078, 2.921267;0.4396431, -0.5459384, 2.944929;0.6002886, -0.5307817, 2.599593;0.541338, -0.7634603, 3.0056;0.7325277, -0.7914603, 2.736716;0.5102934, -0.8333337, 3.013101;0.7212934, -0.8674598, 2.736277;
0.3791293, 0.2226801, 2.789931;0.4546635, 0.03329675, 2.782915;0.6175621, -0.2349383, 2.913773;0.3704831, -0.0864154, 2.939789;0.5692176, -0.06721431, 2.702689;0.29904, -0.6813278, 2.943441;0.6883788, -0.6653709, 2.568244;0.6505846, -0.2878288, 2.943184;0.646873, -0.3489863, 3.010821;0.718559, -0.3280024, 2.923262;0.4397857, -0.5468322, 2.947422;0.6091486, -0.5351909, 2.607089;0.5405947, -0.7583101, 3.005033;0.7364302, -0.79023, 2.739607;0.5126689, -0.8291848, 3.013453;0.7263159, -0.866172, 2.737486;
0.3795847, 0.2209722, 2.788601;0.4602489, 0.0444341, 2.786295;0.6171383, -0.2252237, 2.917003;0.3702485, -0.08480364, 2.941925;0.5708987, -0.05419526, 2.703432;0.3083812, -0.5987145, 2.933795;0.6691374, -0.6627724, 2.579485;0.6489123, -0.2786758, 2.946446;0.6452214, -0.3405628, 3.01439;0.7153157, -0.321415, 2.926164;0.4408769, -0.543826, 2.95066;0.6120448, -0.5357065, 2.612898;0.5404155, -0.7563829, 3.00523;0.7419193, -0.7828695, 2.747194;0.5141416, -0.8275214, 3.015001;0.726261, -0.8568547, 2.735904;
0.3825441, 0.2326829, 2.791673;0.4638286, 0.06812247, 2.793887;0.6195325, -0.1877689, 2.929184;0.3660634, -0.04554186, 2.957215;0.5738346, -0.03135497, 2.707807;0.3380819, -0.5936494, 2.945369;0.6694829, -0.5988708, 2.585025;0.6505863, -0.2389062, 2.959597;0.6464757, -0.2971253, 3.033288;0.7182183, -0.2890258, 2.937203;0.4079039, -0.5853286, 2.943877;0.6210285, -0.5237991, 2.638636;0.5259792, -0.8419249, 3.011282;0.7437122, -0.779562, 2.74921;0.480725, -0.7827384, 3.027785;0.7265661, -0.8528499, 2.736631;
0.3860868, 0.2577095, 2.799201;0.4674858, 0.09226111, 2.797308;0.620244, -0.1817253, 2.930196;0.3684277, -0.03377124, 2.953127;0.5777405, -0.007894665, 2.71055;0.344811, -0.5796387, 2.931363;0.6646115, -0.5881788, 2.585984;0.6510006, -0.2350527, 2.960285;0.6458418, -0.2941822, 3.032541;0.7185665, -0.2819851, 2.939049;0.4095051, -0.5843048, 2.947657;0.6245259, -0.5212741, 2.644295;0.5272655, -0.8411321, 3.013424;0.7439123, -0.7788028, 2.750131;0.4787509, -0.7824988, 3.016002;0.7266724, -0.8519179, 2.737675;
0.3983944, 0.3086895, 2.808677;0.472016, 0.118472, 2.79895;0.6111219, -0.169257, 2.935857;0.3687555, -0.01142857, 2.957599;0.5777967, 0.0314745, 2.71214;0.3340135, -0.5751145, 2.953369;0.6602588, -0.5469329, 2.584556;0.6390202, -0.2248802, 2.96684;0.6283707, -0.2828521, 3.035493;0.6988649, -0.270853, 2.95064;0.4488058, -0.5414205, 2.961976;0.6385882, -0.5228952, 2.658894;0.5413617, -0.7539607, 3.008917;0.7464225, -0.7760888, 2.752141;0.5170709, -0.8276908, 3.01541;0.7274456, -0.8484805, 2.738977;
0.3985903, 0.3173448, 2.811814;0.4739134, 0.1382493, 2.801002;0.61726, -0.1487636, 2.936918;0.3774091, 0.01734171, 2.95915;0.5792875, 0.03711047, 2.713477;0.3177254, -0.5702605, 2.944219;0.6569153, -0.5435491, 2.584519;0.6456314, -0.2065072, 2.96749;0.636229, -0.2642871, 3.03368;0.7067661, -0.2526681, 2.949735;0.4227433, -0.5715882, 2.957345;0.6548939, -0.5241359, 2.676138;0.5256364, -0.8368161, 3.013088;0.7442073, -0.7927995, 2.736449;0.4756803, -0.7832298, 3.032682;0.7222138, -0.8649747, 2.744068;
0.4013767, 0.337846, 2.817518;0.4789413, 0.1666304, 2.806324;0.615606, -0.1334177, 2.943778;0.3810183, 0.03589839, 2.960698;0.5849015, 0.06341117, 2.719976;0.3051461, -0.535601, 2.933099;0.6561173, -0.5129232, 2.590083;0.6431451, -0.1926949, 2.974636;0.6318598, -0.2486206, 3.039553;0.7037293, -0.2415628, 2.956888;0.4297618, -0.5618489, 2.959249;0.6636239, -0.5219149, 2.691822;0.5290997, -0.8283076, 3.013174;0.750298, -0.7918464, 2.74874;0.4559432, -0.8155158, 3.027742;0.7213311, -0.8609324, 2.73798;
0.412596, 0.3756104, 2.829554;0.483658, 0.1938035, 2.81752;0.6057249, -0.1130517, 2.951388;0.385483, 0.06335931, 2.961021;0.587664, 0.08211678, 2.723354;0.3595361, -0.505442, 2.941815;0.6573288, -0.4826466, 2.587808;0.6302024, -0.1734843, 2.981803;0.6122448, -0.2247657, 3.04481;0.6898978, -0.2265031, 2.963851;0.4478752, -0.5570482, 2.957729;0.6664417, -0.5133129, 2.700266;0.5272579, -0.8294677, 3.011801;0.7559695, -0.7814021, 2.75812;0.4624347, -0.8139648, 3.047376;0.7276181, -0.849129, 2.740309;
0.4143442, 0.3898465, 2.832146;0.4903741, 0.2227677, 2.824531;0.6114186, -0.08268738, 2.957047;0.388208, 0.09262941, 2.964883;0.5914052, 0.1141813, 2.729265;0.3389749, -0.4857492, 2.948115;0.655127, -0.4534248, 2.598157;0.6355068, -0.1442982, 2.986831;0.6174306, -0.1986559, 3.045842;0.6947048, -0.1935491, 2.970799;0.4620752, -0.5353256, 2.963039;0.6764421, -0.4864182, 2.715786;0.535305, -0.8093331, 3.015726;0.7553463, -0.7727221, 2.757487;0.4875084, -0.8669468, 3.024994;0.731405, -0.8426255, 2.742319;
0.4176155, 0.4297324, 2.840769;0.4906093, 0.2622955, 2.83199;0.6098695, -0.06033073, 2.957368;0.3884835, 0.1197678, 2.970221;0.5896199, 0.1384767, 2.738726;0.3483012, -0.4661866, 2.947867;0.6476193, -0.4303271, 2.600381;0.6337785, -0.1240188, 2.986181;0.6166301, -0.1789717, 3.047201;0.6927912, -0.1806241, 2.967453;0.4754069, -0.5217098, 2.968101;0.6817786, -0.4843758, 2.722835;0.5354967, -0.8000294, 3.014824;0.7566819, -0.7709131, 2.758001;0.5000237, -0.865787, 3.024379;0.7322116, -0.8404878, 2.742696;
0.4250612, 0.4584768, 2.854675;0.4982477, 0.2947847, 2.842586;0.6153592, -0.0384865, 2.958335;0.3927972, 0.1545047, 2.969889;0.5963426, 0.1655633, 2.741255;0.3275733, -0.4319686, 2.950244;0.6466298, -0.3834597, 2.597703;0.6387697, -0.1048578, 2.985434;0.6215495, -0.1597616, 3.044823;0.6968247, -0.1617743, 2.964319;0.4830543, -0.5041704, 2.972909;0.6830626, -0.4768885, 2.725602;0.5400673, -0.7832038, 3.01767;0.756964, -0.7710114, 2.758325;0.5099893, -0.8521241, 3.019786;0.7340486, -0.8410154, 2.743044;
0.4302269, 0.4773092, 2.860651;0.504822, 0.3259018, 2.849981;0.6183684, -0.02432459, 2.962222;0.3971365, 0.1880902, 2.97807;0.5975832, 0.202529, 2.752023;0.3286322, -0.377636, 2.94216;0.6439483, -0.3339208, 2.599051;0.6411957, -0.09362683, 2.988406;0.6223819, -0.1470989, 3.044522;0.698197, -0.1465578, 2.968017;0.4900044, -0.4936962, 2.975587;0.6853802, -0.4686795, 2.730652;0.541952, -0.7738631, 3.018134;0.7571, -0.7710021, 2.758729;0.5153261, -0.8441066, 3.019801;0.7342917, -0.8409109, 2.743289;
0.4401416, 0.5091941, 2.878684;0.5089578, 0.3542846, 2.860115;0.6220993, 0.01702248, 2.965816;0.401377, 0.2145941, 2.986252;0.5997145, 0.22702, 2.75712;0.329952, -0.366093, 2.947466;0.6446158, -0.3254787, 2.601154;0.6446614, -0.0505303, 2.99003;0.6266982, -0.1061601, 3.043357;0.6988439, -0.1080625, 2.96762;0.5024584, -0.4704322, 2.981441;0.6904024, -0.4596983, 2.737924;0.5479031, -0.7523373, 3.019997;0.7568687, -0.7703527, 2.758737;0.521192, -0.8289024, 3.01934;0.7354916, -0.8405282, 2.742862;
0.4448801, 0.5285938, 2.881496;0.5315573, 0.3421907, 2.87532;0.6214484, 0.02150993, 2.96631;0.4087905, 0.2428768, 2.993763;0.6026431, 0.2494452, 2.762692;0.3364967, -0.3456727, 2.9503;0.641087, -0.301666, 2.603597;0.6408541, -0.04095489, 2.989258;0.6221213, -0.0969644, 3.041689;0.6922725, -0.09673606, 2.966825;0.5131354, -0.4531799, 2.985145;0.6970066, -0.4430549, 2.750686;0.5483581, -0.747332, 3.019815;0.7570142, -0.770108, 2.759013;0.5211706, -0.8288867, 3.019338;0.735846, -0.8400633, 2.742277;
0.4613337, 0.5718446, 2.895846;0.5304396, 0.4171926, 2.880327;0.6201476, 0.05724048, 2.967474;0.4134519, 0.2636022, 2.999447;0.6061767, 0.2713672, 2.769333;0.3384142, -0.3256634, 2.953135;0.6426581, -0.2906373, 2.605595;0.6387705, -0.01770857, 2.988759;0.6174185, -0.07677826, 3.040595;0.6903474, -0.07210232, 2.963676;0.5139894, -0.449132, 2.98528;0.7013651, -0.4397876, 2.75977;0.5487972, -0.7469641, 3.020422;0.7570097, -0.7700829, 2.759071;0.5215235, -0.8285913, 3.019141;0.7358427, -0.8399637, 2.742368;
0.4737175, 0.6012231, 2.909731;0.5369052, 0.4367934, 2.886632;0.6187569, 0.07319416, 2.966622;0.4182677, 0.2848719, 3.005439;0.6112658, 0.2997159, 2.775131;0.3417582, -0.2951132, 2.949004;0.6462852, -0.2653731, 2.610854;0.6352346, 0.001745923, 2.986087;0.6114621, -0.05914675, 3.037935;0.6865537, -0.0554671, 2.958419;0.5189993, -0.4421962, 2.987461;0.7039766, -0.4298576, 2.766576;0.5512285, -0.7492049, 3.020825;0.7573982, -0.7697893, 2.759624;0.521576, -0.8297693, 3.018682;0.7368547, -0.8394986, 2.741817;
0.4832426, 0.6263058, 2.921583;0.5388073, 0.4537999, 2.898575;0.6176431, 0.08799423, 2.964295;0.4222281, 0.2935521, 3.008883;0.6178663, 0.3273532, 2.783923;0.348275, -0.2778187, 2.959084;0.6518759, -0.2365004, 2.622894;0.6335075, 0.01599104, 2.981184;0.6088631, -0.04849995, 3.033243;0.685328, -0.04199229, 2.949454;0.5233285, -0.4364675, 2.987706;0.7061384, -0.4212939, 2.77172;0.5539246, -0.7507955, 3.020751;0.7583345, -0.7697005, 2.760725;0.5216907, -0.8306931, 3.018948;0.7371598, -0.8387533, 2.741475;
0.4914308, 0.6173603, 2.926771;0.5666262, 0.401031, 2.921295;0.6170148, 0.09194042, 2.963793;0.4346187, 0.3429512, 3.009396;0.6285127, 0.3497306, 2.790489;0.3541597, -0.2535697, 2.97009;0.6552861, -0.2185898, 2.633825;0.6288053, 0.03073567, 2.977204;0.60403, -0.03258262, 3.02526;0.6775472, -0.03150519, 2.945652;0.5258715, -0.4328982, 2.988605;0.7076237, -0.4146702, 2.775516;0.5549126, -0.7495565, 3.020933;0.7584492, -0.7694854, 2.76161;0.522646, -0.8292711, 3.019428;0.7375524, -0.8382965, 2.74148;
0.5171324, 0.6358293, 2.947067;0.5746462, 0.4114656, 2.927732;0.6178678, 0.1111755, 2.961635;0.4363608, 0.3513756, 3.015442;0.6346731, 0.364628, 2.79378;0.3623173, -0.2308218, 2.970304;0.6570479, -0.1921619, 2.641986;0.6267604, 0.0527389, 2.971748;0.6005714, -0.01101968, 3.01587;0.6718887, -0.01288409, 2.938609;0.5305464, -0.4188667, 2.990363;0.7098702, -0.408745, 2.780584;0.5583563, -0.7486538, 3.022025;0.7592081, -0.7676381, 2.762567;0.5226836, -0.8278331, 3.018407;0.7377305, -0.8373468, 2.741894;
0.5210888, 0.6484222, 2.955833;0.5824452, 0.4240095, 2.934634;0.6167862, 0.1308224, 2.957607;0.4393078, 0.3631877, 3.017067;0.6401113, 0.3790981, 2.800735;0.3653933, -0.211841, 2.973106;0.6621081, -0.180277, 2.648685;0.6234288, 0.07340524, 2.965111;0.5959765, 0.006246224, 3.007715;0.6657857, 0.007847149, 2.928326;0.5309557, -0.4191315, 2.990658;0.7100948, -0.4074782, 2.781301;0.5588201, -0.7512223, 3.022105;0.7603812, -0.7663749, 2.763685;0.522531, -0.8288472, 3.017665;0.7377459, -0.8373411, 2.741811;
0.5335739, 0.662473, 2.962282;0.5909847, 0.4360715, 2.940451;0.6172538, 0.1379599, 2.955908;0.4455396, 0.3787768, 3.023413;0.6560917, 0.4032523, 2.810122;0.369053, -0.196105, 2.974059;0.6620753, -0.165563, 2.653215;0.6229395, 0.07955134, 2.962581;0.5936424, 0.01218723, 3.002543;0.6648208, 0.0143845, 2.925642;0.5327361, -0.4178555, 2.990873;0.7109459, -0.4017833, 2.784325;0.5607063, -0.7537494, 3.023339;0.7618978, -0.7651055, 2.763739;0.5227044, -0.8316944, 3.018259;0.7383302, -0.8367344, 2.741348;
0.5482418, 0.6745895, 2.976071;0.5971506, 0.4445996, 2.946054;0.6172477, 0.1563948, 2.956536;0.4489389, 0.3920595, 3.029473;0.6609429, 0.4128277, 2.816497;0.3707493, -0.2106724, 2.981238;0.6650206, -0.1525474, 2.661466;0.6210466, 0.09977229, 2.961768;0.5895801, 0.02856766, 2.999172;0.6614552, 0.03573486, 2.924616;0.5351671, -0.4102605, 2.989518;0.7117954, -0.3993696, 2.78594;0.5622346, -0.7493681, 3.024649;0.7625235, -0.7657031, 2.764;0.5241462, -0.8277079, 3.017602;0.7383325, -0.8368009, 2.741392;
0.5527962, 0.6905881, 2.979802;0.6042461, 0.4602829, 2.950895;0.6192216, 0.1637026, 2.958704;0.4533281, 0.4050647, 3.03808;0.6702603, 0.4259293, 2.821941;0.3773897, -0.1788728, 2.987899;0.6674438, -0.1435271, 2.664762;0.618851, 0.1056147, 2.96004;0.5837014, 0.0362083, 2.995769;0.6594794, 0.04058734, 2.922419;0.5377131, -0.4075168, 2.989652;0.7124997, -0.396714, 2.78804;0.5635519, -0.7476282, 3.0262;0.7633356, -0.7658985, 2.763956;0.5237321, -0.8274859, 3.018222;0.7385558, -0.8363983, 2.741283;
0.5686314, 0.705225, 3.002119;0.6111831, 0.4718015, 2.955464;0.6189395, 0.1674325, 2.957473;0.4597974, 0.4141918, 3.03934;0.676791, 0.4357831, 2.826726;0.3791364, -0.1617371, 2.986498;0.6715786, -0.1326082, 2.669073;0.616946, 0.1086907, 2.957233;0.5787662, 0.04137462, 2.989455;0.6563642, 0.045344, 2.91867;0.5400308, -0.4069725, 2.989634;0.7126679, -0.3918455, 2.79058;0.5644919, -0.7487725, 3.02677;0.7633212, -0.7665157, 2.763919;0.5238226, -0.8289816, 3.017888;0.738847, -0.8358184, 2.740754;
0.5576299, 0.7656912, 3.003726;0.6214152, 0.5980693, 2.971725;0.6125058, 0.2116087, 2.9535;0.4690862, 0.4297241, 3.044466;0.68348, 0.4445372, 2.83077;0.3774561, -0.1688136, 2.992132;0.674679, -0.1185173, 2.672189;0.6097642, 0.1272803, 2.951594;0.5629423, 0.05684265, 2.99087;0.6530322, 0.0665737, 2.900397;0.5423995, -0.403071, 2.989809;0.7115368, -0.3891696, 2.79204;0.5648736, -0.7473847, 3.026584;0.7636456, -0.7666097, 2.763861;0.5251944, -0.8264889, 3.019038;0.7387328, -0.8358652, 2.740656;
0.5665131, 0.778037, 3.004102;0.624059, 0.6000177, 2.973366;0.6143339, 0.2145976, 2.955871;0.471747, 0.4350086, 3.047132;0.6973563, 0.4553534, 2.840985;0.3784983, -0.1688934, 2.993059;0.6781641, -0.1088208, 2.673872;0.6067981, 0.1371956, 2.949384;0.5559462, 0.062941, 2.99139;0.6522431, 0.0725804, 2.895147;0.5441685, -0.400443, 2.990516;0.7090003, -0.3819984, 2.794313;0.5664625, -0.7470845, 3.028545;0.7651256, -0.7628987, 2.764157;0.5259198, -0.8266987, 3.019667;0.7387726, -0.8361139, 2.741264;
0.5744861, 0.7764473, 3.003696;0.6317958, 0.6031638, 2.981456;0.6160896, 0.2175503, 2.958339;0.4749784, 0.4424809, 3.054217;0.7051709, 0.4609799, 2.846196;0.3841214, -0.1630462, 2.992166;0.6787568, -0.1138199, 2.672149;0.6036074, 0.1433029, 2.946897;0.5482422, 0.06895263, 2.987885;0.6492597, 0.07748086, 2.890247;0.5456186, -0.3997157, 2.99102;0.7095425, -0.378426, 2.795804;0.5673665, -0.7465389, 3.02948;0.766181, -0.75941, 2.764441;0.5265575, -0.8272831, 3.019794;0.7388078, -0.836253, 2.742385;
0.5759063, 0.7742512, 3.005557;0.6384577, 0.604102, 2.984264;0.6178755, 0.2193635, 2.960487;0.4789672, 0.4475026, 3.057763;0.7086506, 0.4616479, 2.847615;0.3869874, -0.1594911, 2.991423;0.6784545, -0.1126793, 2.672159;0.6010199, 0.1468697, 2.945297;0.54286, 0.07221841, 2.986923;0.6459069, 0.08046542, 2.886123;0.5489949, -0.3959771, 2.992518;0.7098232, -0.3772253, 2.796876;0.5674619, -0.7463909, 3.029543;0.7672083, -0.7581874, 2.765248;0.527203, -0.8275806, 3.021286;0.7388058, -0.8362819, 2.742925;
0.5776282, 0.7751087, 3.007249;0.6410413, 0.6063907, 2.985779;0.6187443, 0.2222846, 2.961356;0.4833632, 0.4504583, 3.060966;0.7140104, 0.4636967, 2.852007;0.3880383, -0.1602944, 2.990721;0.6845142, -0.09458154, 2.676741;0.5983829, 0.1507618, 2.942498;0.5388685, 0.07603081, 2.983393;0.6427068, 0.08474921, 2.882303;0.5507236, -0.3945375, 2.994002;0.7105227, -0.3764238, 2.797985;0.5687554, -0.7457753, 3.031533;0.768313, -0.7567851, 2.766222;0.5275197, -0.8274125, 3.021224;0.7388669, -0.836294, 2.74306;
0.5794937, 0.7706066, 3.005721;0.6439731, 0.6045985, 2.986338;0.6195459, 0.2217569, 2.962989;0.4865409, 0.4512496, 3.063321;0.7199674, 0.4620781, 2.854999;0.3908654, -0.1611971, 2.989446;0.6857661, -0.09350668, 2.676674;0.5959145, 0.1510709, 2.941121;0.5340134, 0.07628894, 2.981838;0.6396068, 0.0841347, 2.879939;0.551183, -0.3940434, 2.994141;0.710563, -0.3760687, 2.798432;0.569518, -0.7454972, 3.032537;0.7684004, -0.756739, 2.766268;0.5299963, -0.8231202, 3.021331;0.7386395, -0.8364602, 2.742573;
0.5801505, 0.7617404, 3.000639;0.6513878, 0.5988603, 2.987504;0.6206825, 0.2208262, 2.964261;0.4919208, 0.4491526, 3.070444;0.7239768, 0.4609095, 2.857581;0.3908915, -0.1622664, 2.988972;0.6882786, -0.09015354, 2.676992;0.5934762, 0.1514437, 2.940205;0.5295771, 0.07597496, 2.981679;0.6351388, 0.08369637, 2.876958;0.5509264, -0.3938635, 2.994186;0.7105007, -0.3746753, 2.799047;0.5694089, -0.745276, 3.032689;0.7688568, -0.7555062, 2.766708;0.5298117, -0.8236803, 3.021444;0.7384616, -0.8370507, 2.743535;
0.5794477, 0.7625905, 2.999511;0.6529139, 0.5969826, 2.987891;0.6214851, 0.2204762, 2.965667;0.4936386, 0.448082, 3.073202;0.7287607, 0.4595027, 2.860214;0.3989477, -0.13051, 2.995969;0.6905472, -0.08772894, 2.676487;0.5920836, 0.1521867, 2.939417;0.5273685, 0.07637483, 2.980998;0.6338153, 0.08391833, 2.875762;0.5507616, -0.3939057, 2.994125;0.7102186, -0.3742244, 2.798978;0.5694953, -0.7453104, 3.03266;0.7685895, -0.7553539, 2.766587;0.5297771, -0.8238746, 3.020713;0.7382893, -0.8374236, 2.744145;
0.5803848, 0.7611555, 2.996729;0.654381, 0.5939428, 2.988191;0.6224148, 0.2202349, 2.967189;0.4962464, 0.4477747, 3.079457;0.7354401, 0.4592778, 2.864381;0.3949634, -0.1670711, 2.99567;0.6926806, -0.08594875, 2.675948;0.5911526, 0.1531543, 2.939191;0.5258904, 0.07678727, 2.980737;0.6331058, 0.08454701, 2.875515;0.5496975, -0.3942055, 2.993114;0.7097515, -0.3736232, 2.798706;0.5690737, -0.7472093, 3.032008;0.7680953, -0.7547873, 2.766514;0.5288386, -0.8258983, 3.019869;0.7387963, -0.8369925, 2.743511;
0.5764525, 0.7676014, 2.991526;0.6550696, 0.5923691, 2.987692;0.6222245, 0.2208695, 2.9665;0.4996504, 0.4474717, 3.091734;0.7375188, 0.4583998, 2.86632;0.3944675, -0.1684024, 2.996289;0.6952379, -0.08471534, 2.675314;0.5899619, 0.1545761, 2.939178;0.5244651, 0.07714465, 2.981397;0.6317102, 0.08545764, 2.874885;0.5492263, -0.3943087, 2.992471;0.7093342, -0.3733168, 2.798509;0.5691168, -0.7470487, 3.03197;0.7681112, -0.7544961, 2.766934;0.5290979, -0.8261519, 3.020218;0.7388126, -0.8369385, 2.743749;
0.5776197, 0.7672129, 2.988427;0.6547166, 0.5875424, 2.988528;0.6215534, 0.2205497, 2.966608;0.5029648, 0.4466837, 3.101533;0.7394849, 0.457085, 2.869134;0.3947098, -0.1704446, 2.996398;0.6973635, -0.08466677, 2.674476;0.5888039, 0.1547184, 2.939818;0.5227444, 0.07654127, 2.983014;0.6302597, 0.08516249, 2.874964;0.5481769, -0.3952177, 2.992037;0.7086159, -0.3737426, 2.797892;0.5697148, -0.7466925, 3.033413;0.7681479, -0.7545215, 2.766877;0.5287355, -0.8264157, 3.020031;0.7393022, -0.8366479, 2.744189;
0.5742697, 0.7640343, 2.985002;0.6577327, 0.5856807, 2.991449;0.6213825, 0.2201667, 2.966887;0.5031491, 0.4442791, 3.104482;0.7410289, 0.4567291, 2.871361;0.396029, -0.170967, 2.997324;0.6994888, -0.08383352, 2.674032;0.5885404, 0.1547253, 2.940085;0.522134, 0.07633567, 2.983256;0.6299268, 0.08517644, 2.875096;0.5479518, -0.39515, 2.991986;0.7077487, -0.3732513, 2.79761;0.5696905, -0.746564, 3.03362;0.7679808, -0.7543776, 2.76686;0.5255283, -0.8294964, 3.02445;0.7389571, -0.8369168, 2.74362;
0.5617111, 0.717046, 2.989589;0.6587381, 0.5796363, 2.994276;0.6211467, 0.2197652, 2.967603;0.503829, 0.4432395, 3.107928;0.7431063, 0.4555124, 2.872393;0.4030783, -0.1308969, 3.002625;0.7009285, -0.08300427, 2.674707;0.5882087, 0.1550147, 2.940846;0.5212213, 0.07597997, 2.984675;0.6297208, 0.08510056, 2.875119;0.5471051, -0.3954018, 2.99127;0.7073404, -0.373549, 2.797399;0.5703049, -0.7464166, 3.03426;0.7680556, -0.7545912, 2.766918;0.5273204, -0.8264047, 3.024189;0.738919, -0.8367474, 2.74342;
0.562929, 0.7150439, 2.989607;0.659891, 0.5779322, 2.996105;0.6211631, 0.2195737, 2.96904;0.5055978, 0.4411147, 3.111707;0.7450554, 0.4553362, 2.873747;0.3959091, -0.1731281, 2.997947;0.7024278, -0.08206955, 2.674433;0.5879418, 0.1553558, 2.942396;0.5204958, 0.07545924, 2.987289;0.629407, 0.08498836, 2.875408;0.5468127, -0.3956257, 2.990933;0.7070405, -0.3738838, 2.797383;0.5705792, -0.746197, 3.034199;0.768113, -0.7544388, 2.766881;0.5276016, -0.8268138, 3.023625;0.7385889, -0.8367623, 2.742908;
0.5689156, 0.7221123, 2.985774;0.6605182, 0.5764863, 2.997704;0.6211693, 0.2191937, 2.969968;0.5062962, 0.441559, 3.113436;0.7454554, 0.4550395, 2.874135;0.3963042, -0.1728302, 2.998643;0.7038825, -0.08165312, 2.675468;0.5878289, 0.1553413, 2.943212;0.5204014, 0.07529795, 2.987846;0.6291319, 0.08494221, 2.875889;0.5463046, -0.395464, 2.99009;0.707038, -0.3742065, 2.797213;0.5708425, -0.7461393, 3.034133;0.7681564, -0.7547169, 2.767208;0.5284269, -0.8269032, 3.023665;0.7385867, -0.8367605, 2.742944;
0.5718161, 0.7118917, 2.986892;0.6616135, 0.5726629, 3.000884;0.621267, 0.2184233, 2.971339;0.5070201, 0.441465, 3.116041;0.747983, 0.4532078, 2.875922;0.4043435, -0.1318408, 3.004405;0.704639, -0.08256378, 2.67532;0.5879263, 0.1552451, 2.9442;0.5202543, 0.07497597, 2.988714;0.6291309, 0.08454804, 2.876228;0.5458328, -0.3953757, 2.989889;0.7069811, -0.3744344, 2.79712;0.5709588, -0.7458276, 3.033682;0.7681277, -0.7546233, 2.767127;0.5285867, -0.8269117, 3.023646;0.7385208, -0.8366156, 2.742699;
0.5662518, 0.7505155, 2.993394;0.6615912, 0.5727307, 3.001153;0.6213081, 0.2185549, 2.971859;0.5071226, 0.4408569, 3.117106;0.7480248, 0.4534941, 2.876603;0.404628, -0.1319863, 3.005421;0.7061497, -0.08290662, 2.675884;0.5879319, 0.1554891, 2.94476;0.5203001, 0.0748952, 2.989386;0.62907, 0.08458551, 2.876326;0.5458568, -0.3954047, 2.989875;0.7069677, -0.374426, 2.797039;0.5708672, -0.7454768, 3.033333;0.7682196, -0.7547361, 2.7671;0.5290585, -0.8271387, 3.023394;0.7389447, -0.8362036, 2.742541;
0.5695407, 0.7059581, 2.983624;0.6613631, 0.5692623, 3.00125;0.6216097, 0.2177011, 2.971892;0.5075114, 0.4399802, 3.116785;0.7486041, 0.4532768, 2.876752;0.4049007, -0.1320782, 3.005983;0.7066321, -0.08345041, 2.675702;0.5882294, 0.1551082, 2.94473;0.5205972, 0.07448817, 2.989137;0.6294903, 0.08414968, 2.87625;0.5457621, -0.3953201, 2.989796;0.7069196, -0.3746459, 2.79705;0.5710629, -0.7457697, 3.033513;0.7680547, -0.7548165, 2.767102;0.5290944, -0.8274271, 3.023654;0.7389008, -0.8362713, 2.742457;
0.5605792, 0.7375311, 2.990236;0.6611577, 0.5697345, 3.001312;0.6216841, 0.2179086, 2.972331;0.5079312, 0.4391354, 3.119698;0.7486902, 0.4532836, 2.877035;0.4050164, -0.1321476, 3.00693;0.7066151, -0.08345506, 2.67568;0.5881917, 0.1553382, 2.945439;0.5206244, 0.07430623, 2.99036;0.6294019, 0.08416823, 2.876504;0.545683, -0.3949652, 2.989398;0.7071798, -0.3753843, 2.79702;0.5710177, -0.7455609, 3.033467;0.7681598, -0.7547925, 2.767079;0.5288631, -0.8271237, 3.021821;0.7392855, -0.8361086, 2.742646;
0.5600123, 0.7397715, 2.989823;0.6615028, 0.5705855, 3.001464;0.6217231, 0.2181019, 2.972653;0.5081269, 0.439335, 3.119474;0.7486269, 0.453537, 2.877365;0.4052126, -0.1316494, 3.006931;0.707687, -0.08373848, 2.676211;0.5882128, 0.1555389, 2.945767;0.5206987, 0.07442464, 2.99079;0.6292949, 0.08424703, 2.876643;0.5456725, -0.3949712, 2.989379;0.7069488, -0.3753366, 2.796888;0.5711523, -0.745774, 3.033064;0.7682685, -0.7551395, 2.767287;0.5245133, -0.8311354, 3.025939;0.7391349, -0.8362547, 2.742968;
0.5608243, 0.7405726, 2.988001;0.6614644, 0.5712513, 3.001049;0.621751, 0.2181577, 2.972649;0.5081585, 0.4392411, 3.11967;0.7490367, 0.4539668, 2.87754;0.3974856, -0.1775092, 3.001651;0.7087203, -0.08270708, 2.676525;0.5882571, 0.1555583, 2.945754;0.5207509, 0.07441971, 2.990729;0.6293865, 0.0842977, 2.876695;0.5455639, -0.3949801, 2.989155;0.7066718, -0.3762227, 2.79656;0.5711988, -0.7458093, 3.033208;0.7681871, -0.7552254, 2.767387;0.5282877, -0.8272416, 3.019776;0.7390784, -0.8362334, 2.742912;
0.5597699, 0.7416085, 2.988191;0.6616606, 0.5714443, 3.001335;0.6218994, 0.2185863, 2.973129;0.5087225, 0.438949, 3.120734;0.749347, 0.4542504, 2.878308;0.3985522, -0.17608, 3.003998;0.7090105, -0.08237133, 2.676543;0.5883565, 0.1561405, 2.946306;0.5208466, 0.07457978, 2.991439;0.6293005, 0.08452131, 2.876768;0.5457903, -0.3948705, 2.989145;0.7066728, -0.3764672, 2.796495;0.5711896, -0.7458038, 3.033187;0.7679915, -0.75494