0.6263074, 0.7868464, 3.052062;0.6505127, 0.592868, 3.003341;0.5872055, 0.2326803, 2.947437;0.4989953, 0.4466075, 3.084013;0.7217917, 0.4527594, 2.867037;0.4082642, -0.1603412, 2.990205;0.6980349, -0.1237781, 2.684686;0.5745441, 0.1606428, 2.9397;0.5114313, 0.08538826, 2.983748;0.6116897, 0.08815664, 2.869083;0.5388559, -0.3993339, 2.99;0.703712, -0.3827559, 2.809011;0.570475, -0.7461741, 3.034967;0.7636063, -0.7563296, 2.768911;0.5262829, -0.8296895, 3.020226;0.737655, -0.8378148, 2.7431;
0.6247283, 0.7892984, 3.050722;0.6511563, 0.5941448, 3.003334;0.5872514, 0.2327944, 2.947233;0.4988874, 0.4464817, 3.084982;0.7219545, 0.452964, 2.866861;0.4014748, -0.1674335, 2.978507;0.6977755, -0.1403451, 2.672219;0.574555, 0.1606872, 2.939485;0.5113831, 0.085702, 2.982934;0.6117779, 0.08855216, 2.869146;0.5394577, -0.3992249, 2.990463;0.7028388, -0.3825259, 2.807653;0.5704384, -0.7461764, 3.034549;0.7636268, -0.7561684, 2.768774;0.5273563, -0.8294523, 3.021021;0.7374471, -0.8384974, 2.743699;
0.6236771, 0.7889891, 3.048673;0.6521165, 0.5974871, 3.007524;0.58721, 0.2328838, 2.947638;0.4991815, 0.4461845, 3.084248;0.721986, 0.4534927, 2.86731;0.4011405, -0.1700507, 2.977927;0.6977394, -0.1402834, 2.672395;0.5745053, 0.1606739, 2.939778;0.5113218, 0.08566581, 2.983138;0.6116388, 0.08870842, 2.869439;0.5394453, -0.3994494, 2.990673;0.7031014, -0.3832992, 2.807875;0.5697454, -0.7481464, 3.033784;0.7633164, -0.7555713, 2.768536;0.5261547, -0.830583, 3.019614;0.7362049, -0.8388915, 2.742715;
0.6193889, 0.7817075, 3.045623;0.6524894, 0.5976662, 3.009319;0.5871978, 0.2328822, 2.948012;0.4992091, 0.4464861, 3.084172;0.7221787, 0.4537097, 2.867401;0.4012571, -0.1701291, 2.978;0.697735, -0.1400764, 2.672514;0.5744749, 0.1606439, 2.940043;0.5112424, 0.08563508, 2.98334;0.6116151, 0.08868992, 2.869665;0.5394338, -0.3994701, 2.990952;0.7033569, -0.3841709, 2.807455;0.5691011, -0.7477049, 3.033613;0.7632129, -0.7553537, 2.768687;0.5271428, -0.8312407, 3.023067;0.7360546, -0.8388041, 2.743234;
0.6195149, 0.7837247, 3.044991;0.6530051, 0.5985955, 3.010288;0.5870435, 0.2330701, 2.948484;0.4989998, 0.4461853, 3.084489;0.7221518, 0.4538177, 2.867468;0.4011319, -0.1701701, 2.978194;0.6978031, -0.1399717, 2.672548;0.574235, 0.1606906, 2.940387;0.5108703, 0.08560114, 2.983601;0.6112808, 0.08891363, 2.870036;0.5397021, -0.3998995, 2.991463;0.7030588, -0.38462, 2.807203;0.5689436, -0.7480412, 3.03357;0.7631707, -0.755208, 2.768775;0.5269844, -0.8315881, 3.022349;0.7360438, -0.8388296, 2.743315;
0.6118782, 0.7728273, 3.038946;0.6530014, 0.598538, 3.010395;0.5869562, 0.2329922, 2.948641;0.4988278, 0.4462895, 3.084366;0.7210554, 0.4539962, 2.867199;0.4012077, -0.1702052, 2.97825;0.697825, -0.139913, 2.672582;0.5740678, 0.160537, 2.940521;0.5108073, 0.08555909, 2.983703;0.6109828, 0.08883538, 2.870192;0.5396015, -0.3991494, 2.991046;0.7030435, -0.3845917, 2.807075;0.568894, -0.7474698, 3.033746;0.7632841, -0.7550821, 2.768863;0.5270794, -0.8311149, 3.022134;0.7357796, -0.8386819, 2.743778;
0.6075442, 0.765766, 3.036114;0.6522472, 0.5977041, 3.011643;0.586631, 0.2327046, 2.948969;0.4987167, 0.4460882, 3.084776;0.7209385, 0.4542126, 2.86696;0.4011798, -0.170213, 2.978299;0.6974642, -0.1393102, 2.672781;0.5737451, 0.1602341, 2.940694;0.510539, 0.08532242, 2.983589;0.6107581, 0.08881309, 2.870405;0.5396406, -0.3991378, 2.991112;0.7026733, -0.3844422, 2.806737;0.5686759, -0.747654, 3.033717;0.7632916, -0.7550436, 2.768898;0.5268927, -0.830602, 3.021504;0.7357618, -0.839393, 2.745513;
0.60702, 0.7690345, 3.036022;0.6524361, 0.5982093, 3.011858;0.5866113, 0.2326749, 2.949018;0.4981943, 0.4457197, 3.085004;0.7208887, 0.4543607, 2.867007;0.4019516, -0.1707197, 2.978956;0.6977807, -0.1389346, 2.672825;0.5736442, 0.1600366, 2.940598;0.5102637, 0.08491307, 2.983118;0.6107224, 0.08878893, 2.870412;0.5401654, -0.4008206, 2.99179;0.7027925, -0.3849116, 2.806743;0.568905, -0.7480633, 3.034196;0.7624149, -0.7545717, 2.768033;0.5268973, -0.8311026, 3.021263;0.7354782, -0.8396572, 2.745598;
0.6043643, 0.7721843, 3.037163;0.6525574, 0.5984108, 3.012739;0.5865452, 0.2325583, 2.949205;0.4980149, 0.4452903, 3.084628;0.720291, 0.4543587, 2.866966;0.4022232, -0.171068, 2.979206;0.6977531, -0.1382376, 2.672999;0.573517, 0.1598049, 2.940703;0.510206, 0.08471662, 2.98315;0.6105363, 0.08870357, 2.870447;0.5404149, -0.400574, 2.99193;0.7027894, -0.3848528, 2.806774;0.5687482, -0.7481133, 3.034294;0.7615867, -0.757966, 2.76721;0.5270969, -0.8312047, 3.021728;0.7364525, -0.8391832, 2.745435;
0.6039482, 0.7754138, 3.036259;0.6526889, 0.598655, 3.012866;0.5863408, 0.2324591, 2.949351;0.497905, 0.4452028, 3.084251;0.7199138, 0.454248, 2.866794;0.4023315, -0.1712159, 2.979388;0.6979893, -0.1376271, 2.673033;0.573137, 0.1595427, 2.940832;0.5099048, 0.08461071, 2.983092;0.6099863, 0.08887916, 2.870902;0.5404814, -0.4005786, 2.991941;0.7022339, -0.3840672, 2.806322;0.5686945, -0.7481315, 3.034419;0.7622017, -0.757084, 2.767684;0.527129, -0.8312294, 3.022468;0.7360588, -0.8394141, 2.745727;
0.6028928, 0.7766885, 3.036483;0.6514095, 0.596952, 3.011437;0.5859687, 0.2323053, 2.949419;0.4977201, 0.4452981, 3.083864;0.7197832, 0.4546597, 2.866696;0.4028729, -0.1715053, 2.980095;0.6977156, -0.1375499, 2.67303;0.5728095, 0.1594698, 2.940955;0.5095887, 0.0844689, 2.983186;0.6096263, 0.08905611, 2.871245;0.5404372, -0.4004752, 2.991783;0.7021627, -0.3838224, 2.806297;0.5687928, -0.7480084, 3.034794;0.7622279, -0.7570069, 2.767746;0.5280528, -0.8266549, 3.022324;0.737568, -0.8388236, 2.747409;
0.6019724, 0.7789456, 3.036535;0.6513593, 0.5969819, 3.011478;0.5857412, 0.2320698, 2.949451;0.4969987, 0.4436464, 3.081351;0.7182187, 0.4544941, 2.86643;0.4028009, -0.1715084, 2.979465;0.6983168, -0.1374925, 2.672549;0.5725176, 0.159106, 2.940938;0.5093866, 0.08378195, 2.98325;0.6092499, 0.08898533, 2.871113;0.5405387, -0.4012544, 2.992149;0.7021963, -0.383787, 2.806241;0.567839, -0.7498447, 3.033027;0.7623237, -0.7567493, 2.767806;0.5268859, -0.8299021, 3.02308;0.7373224, -0.838938, 2.747178;
0.6123226, 0.7798091, 3.040301;0.6514368, 0.59869, 3.01122;0.5857068, 0.2321469, 2.949378;0.4964765, 0.4433811, 3.080421;0.7182671, 0.4546276, 2.866076;0.4032841, -0.171828, 2.97995;0.6984739, -0.1367354, 2.672756;0.5724792, 0.1591085, 2.940848;0.5092666, 0.08379119, 2.9829;0.6092747, 0.08911145, 2.871122;0.5403551, -0.4004091, 2.991602;0.7021121, -0.3837233, 2.806281;0.5681325, -0.747646, 3.033448;0.7626061, -0.7562175, 2.767742;0.5266093, -0.8294749, 3.022153;0.7373136, -0.8391928, 2.747432;
0.6137624, 0.7782617, 3.042387;0.6510525, 0.5987005, 3.011029;0.5855083, 0.2321766, 2.949385;0.4963332, 0.4430625, 3.079905;0.717914, 0.455053, 2.866094;0.4035119, -0.1721334, 2.980309;0.6983014, -0.1363901, 2.672939;0.572316, 0.159124, 2.940859;0.5091284, 0.08365922, 2.98301;0.6090543, 0.08923433, 2.871044;0.5407577, -0.4025161, 2.992301;0.702444, -0.3839709, 2.805781;0.5673021, -0.7564619, 3.034013;0.7625803, -0.7560797, 2.768158;0.5262084, -0.834703, 3.021166;0.7372974, -0.8391901, 2.747427;
0.6139652, 0.7784562, 3.042757;0.6505964, 0.5987542, 3.010273;0.5852055, 0.2322221, 2.949445;0.4964548, 0.4433, 3.079072;0.7175134, 0.4560285, 2.865479;0.4029653, -0.1717145, 2.979677;0.6972097, -0.1334338, 2.674577;0.571995, 0.1591541, 2.941003;0.5089203, 0.08361392, 2.983248;0.608524, 0.08949256, 2.871356;0.5407482, -0.4024215, 2.99221;0.7021959, -0.3834586, 2.80523;0.5675205, -0.7546614, 3.033741;0.7626565, -0.7560712, 2.768282;0.5266383, -0.8341011, 3.022666;0.7372438, -0.839283, 2.747583;
0.6138635, 0.7791973, 3.042418;0.6502006, 0.5990599, 3.010033;0.5849636, 0.2322338, 2.949449;0.4962148, 0.4434001, 3.078836;0.7172657, 0.4560889, 2.865251;0.4048251, -0.1732039, 2.98279;0.6971743, -0.1347759, 2.672122;0.5717742, 0.1591125, 2.941021;0.5087665, 0.08360887, 2.983234;0.6083546, 0.08957911, 2.871502;0.5407641, -0.4023548, 2.99212;0.7017813, -0.382868, 2.804983;0.5686222, -0.7541134, 3.034396;0.7626618, -0.7559682, 2.768141;0.5270271, -0.8330112, 3.020983;0.7369258, -0.8392743, 2.747164;
0.6155394, 0.7878453, 3.045033;0.649464, 0.6005147, 3.009032;0.5846735, 0.2321367, 2.949321;0.496356, 0.4436262, 3.078906;0.7169954, 0.4562877, 2.865321;0.4043905, -0.1729988, 2.981786;0.6963806, -0.1345594, 2.672378;0.5714562, 0.1588131, 2.940918;0.5086832, 0.08358362, 2.983083;0.6081056, 0.08961235, 2.871779;0.5407654, -0.4023985, 2.992047;0.7019279, -0.3830375, 2.804901;0.5686726, -0.7540461, 3.034245;0.7625462, -0.7562321, 2.768008;0.5269198, -0.8331432, 3.020758;0.7365377, -0.839193, 2.746619;
0.6061982, 0.7739056, 3.041556;0.6491439, 0.6003674, 3.008894;0.5844312, 0.2320208, 2.94927;0.4963809, 0.4437704, 3.078901;0.7151924, 0.4560418, 2.864577;0.4038503, -0.1723741, 2.981248;0.6962104, -0.1353781, 2.672318;0.5712484, 0.1586788, 2.940879;0.5086704, 0.08347777, 2.983091;0.6077344, 0.08972284, 2.871754;0.5407172, -0.4014181, 2.991253;0.7020118, -0.3832329, 2.804724;0.5685384, -0.7523316, 3.035082;0.7626683, -0.756031, 2.768204;0.5273579, -0.828522, 3.021773;0.7365353, -0.8392409, 2.746614;
0.6114025, 0.7812245, 3.04185;0.6487741, 0.601414, 3.008366;0.5840581, 0.2323562, 2.94926;0.4955519, 0.4452538, 3.078979;0.7151023, 0.4560781, 2.864494;0.403744, -0.1723519, 2.980808;0.6958281, -0.1341155, 2.672254;0.570913, 0.158889, 2.940924;0.5083177, 0.08370278, 2.983082;0.6074093, 0.09012059, 2.872074;0.5405105, -0.4007746, 2.990993;0.7020621, -0.3832459, 2.804702;0.5681086, -0.7506673, 3.034034;0.7624847, -0.7558075, 2.767875;0.5272536, -0.8285774, 3.021731;0.7361722, -0.8394196, 2.746528;
0.6086192, 0.776019, 3.041962;0.6482086, 0.6011862, 3.006703;0.5837391, 0.2323308, 2.949136;0.4952875, 0.4460694, 3.078742;0.7135296, 0.4553848, 2.864158;0.4030971, -0.1713558, 2.97857;0.695622, -0.1339026, 2.672575;0.5706221, 0.1588531, 2.940923;0.5081635, 0.08364637, 2.983235;0.6069617, 0.09015588, 2.872136;0.5399383, -0.3988045, 2.990498;0.7019235, -0.383186, 2.804557;0.5686236, -0.749683, 3.034201;0.7624856, -0.7558223, 2.76789;0.5272323, -0.8286163, 3.021823;0.7360759, -0.8396204, 2.746652;
0.6059012, 0.7764617, 3.038117;0.6481816, 0.6012284, 3.006708;0.5833994, 0.2324083, 2.949214;0.4950589, 0.4461313, 3.07889;0.713578, 0.455397, 2.864001;0.4026817, -0.1712095, 2.97794;0.6954428, -0.1337005, 2.672624;0.5702109, 0.1589034, 2.94104;0.5076005, 0.08379308, 2.983318;0.6066094, 0.09020951, 2.872394;0.5401133, -0.3990089, 2.990589;0.7017828, -0.3831186, 2.804191;0.5681388, -0.7490909, 3.033867;0.7624498, -0.7558479, 2.7679;0.5272729, -0.8286051, 3.021801;0.7359117, -0.8392353, 2.74575;
0.605338, 0.777335, 3.036823;0.647813, 0.6007239, 3.005679;0.5831795, 0.2320075, 2.948662;0.4952562, 0.4463317, 3.078585;0.7134746, 0.4552573, 2.863662;0.4022226, -0.1713357, 2.97696;0.6951083, -0.1335544, 2.672659;0.5700431, 0.1584948, 2.940589;0.5076376, 0.08339462, 2.982814;0.606517, 0.09015134, 2.872307;0.5401955, -0.3990416, 2.990703;0.7016525, -0.3827592, 2.803865;0.5680653, -0.7489619, 3.03386;0.7622412, -0.7554688, 2.767766;0.5274312, -0.828759, 3.022118;0.7359223, -0.8392286, 2.745769;
0.6033425, 0.7779753, 3.035689;0.6477979, 0.6005626, 3.005541;0.5825293, 0.2313409, 2.948696;0.4952516, 0.4465721, 3.077426;0.7126524, 0.4551226, 2.863266;0.4021564, -0.1714705, 2.977268;0.6949022, -0.134228, 2.672369;0.5691838, 0.1576115, 2.940727;0.5072818, 0.08316422, 2.982787;0.6053585, 0.08968489, 2.873111;0.5402597, -0.3994259, 2.990753;0.7011112, -0.3828903, 2.803468;0.5679166, -0.7496101, 3.03379;0.7621363, -0.7553461, 2.767723;0.5271608, -0.8299239, 3.021899;0.7358413, -0.8394885, 2.746308;
0.6019653, 0.7799219, 3.033764;0.6476963, 0.6016494, 3.005312;0.5822344, 0.2313876, 2.948651;0.4950573, 0.447256, 3.078044;0.7116449, 0.4547058, 2.862735;0.4021133, -0.1714714, 2.977348;0.6949545, -0.1333601, 2.672343;0.5688347, 0.1575398, 2.940704;0.5070601, 0.08323517, 2.982733;0.6049016, 0.08980426, 2.873303;0.5403163, -0.3995536, 2.990829;0.7010086, -0.3833431, 2.803219;0.5673147, -0.7485026, 3.03395;0.7619629, -0.755044, 2.767806;0.5274676, -0.8301603, 3.023532;0.7359246, -0.8395539, 2.746411;
0.602907, 0.7816156, 3.034337;0.6479601, 0.6018658, 3.005209;0.5821587, 0.2313945, 2.948596;0.4946904, 0.4463375, 3.076782;0.7117223, 0.4548201, 2.86225;0.4020723, -0.1716031, 2.978132;0.6949893, -0.1331672, 2.672143;0.5687012, 0.1575114, 2.94064;0.5067469, 0.08325522, 2.982573;0.6048224, 0.08983694, 2.873316;0.5403433, -0.3994382, 2.991065;0.7005056, -0.3821395, 2.802965;0.5673152, -0.7485028, 3.033946;0.7618014, -0.7552354, 2.767579;0.526787, -0.8299403, 3.023023;0.7355096, -0.8395587, 2.746164;
0.602153, 0.7820668, 3.033841;0.6478341, 0.601313, 3.004699;0.5819871, 0.2311908, 2.948457;0.4951388, 0.4467346, 3.075755;0.7115055, 0.4550384, 2.862204;0.4018643, -0.1714168, 2.977651;0.6945626, -0.1327441, 2.67224;0.5685512, 0.1573394, 2.940557;0.5067046, 0.08314876, 2.982543;0.6046488, 0.08982114, 2.873301;0.5403067, -0.3997462, 2.991268;0.6996252, -0.3812465, 2.802974;0.5674176, -0.7496439, 3.03364;0.7615952, -0.7548984, 2.767358;0.5262812, -0.8315369, 3.023165;0.7354017, -0.8393784, 2.745708;
0.6025517, 0.7835546, 3.033836;0.6477, 0.6015486, 3.004523;0.5820126, 0.2313653, 2.948272;0.4952487, 0.4466989, 3.075638;0.7117552, 0.4551458, 2.861974;0.4018036, -0.1715921, 2.978151;0.6945157, -0.1327727, 2.672219;0.5686237, 0.15749, 2.940383;0.5068401, 0.08318249, 2.982357;0.6047552, 0.09006281, 2.873121;0.5403216, -0.3998889, 2.991273;0.6995442, -0.3811034, 2.802925;0.5674736, -0.7498298, 3.03366;0.7616815, -0.754636, 2.767255;0.5262811, -0.8318775, 3.022975;0.7353716, -0.8393947, 2.74574;
0.6019873, 0.7847449, 3.035749;0.6473424, 0.6016089, 3.004787;0.5818794, 0.2313644, 2.948209;0.4940284, 0.4472403, 3.078785;0.7114762, 0.4551907, 2.861822;0.4015871, -0.1711583, 2.978194;0.6939989, -0.132604, 2.672164;0.5685195, 0.1574734, 2.940285;0.5067116, 0.08322374, 2.981791;0.6046954, 0.0902743, 2.873198;0.5404736, -0.3996257, 2.991335;0.6995424, -0.3810731, 2.802918;0.5674498, -0.7494171, 3.033522;0.7615714, -0.7545484, 2.76736;0.5267752, -0.8307589, 3.022108;0.7352934, -0.8396661, 2.746284;
0.602625, 0.7860262, 3.039926;0.6470548, 0.6014086, 3.003854;0.5815716, 0.2307755, 2.947737;0.4941617, 0.4469687, 3.078381;0.7110527, 0.4550453, 2.861547;0.401621, -0.1711915, 2.978189;0.6925014, -0.133102, 2.67217;0.5682284, 0.1567631, 2.939888;0.5066399, 0.08272019, 2.9814;0.6045501, 0.0901456, 2.873206;0.5402887, -0.3990499, 2.991316;0.6995252, -0.3808353, 2.803016;0.5673653, -0.7493152, 3.033413;0.7617506, -0.754217, 2.767148;0.5266789, -0.8307174, 3.02207;0.7350051, -0.8395641, 2.745624;
0.6011277, 0.7862484, 3.036495;0.6471601, 0.6012225, 3.00416;0.5815736, 0.2307479, 2.947748;0.4942293, 0.4472784, 3.078272;0.7109272, 0.4546399, 2.861228;0.4016671, -0.171006, 2.978984;0.6914008, -0.1328369, 2.672276;0.5682315, 0.1567312, 2.939876;0.5066691, 0.082677, 2.981344;0.604526, 0.09010056, 2.873163;0.5405834, -0.3987298, 2.991607;0.6995399, -0.3808834, 2.803008;0.5677403, -0.7492204, 3.033478;0.7617612, -0.7542063, 2.76721;0.5271156, -0.8305313, 3.023263;0.7352893, -0.8397145, 2.746361;
0.6002676, 0.7867253, 3.036613;0.647077, 0.6010135, 3.005065;0.5815905, 0.2306964, 2.947752;0.4942765, 0.446913, 3.078268;0.7108535, 0.454677, 2.86128;0.4015161, -0.1711447, 2.978907;0.6903946, -0.1330679, 2.672278;0.5682796, 0.1566492, 2.939809;0.5068208, 0.08243509, 2.981173;0.6045836, 0.0900636, 2.872945;0.5404531, -0.3993199, 2.991621;0.6996926, -0.3809854, 2.803037;0.568332, -0.7497367, 3.03299;0.7619544, -0.7541006, 2.767029;0.5267532, -0.8313525, 3.022417;0.7352078, -0.8397869, 2.746262;
0.6007907, 0.7877373, 3.036948;0.6472578, 0.6010542, 3.005238;0.5815414, 0.2306957, 2.947773;0.4952237, 0.4464634, 3.076637;0.7108579, 0.4547291, 2.861267;0.4011118, -0.17123, 2.979414;0.6897324, -0.133819, 2.672033;0.5681915, 0.1566427, 2.939821;0.5067198, 0.0824284, 2.98127;0.6043028, 0.09002288, 2.872817;0.5404912, -0.3992675, 2.991453;0.6996883, -0.3809695, 2.803022;0.5682718, -0.7493044, 3.033617;0.7619213, -0.7539131, 2.767032;0.5267714, -0.8312493, 3.022333;0.735189, -0.839804, 2.746265;
0.6031709, 0.7893815, 3.038161;0.6474156, 0.6012581, 3.005237;0.5815611, 0.23068, 2.947736;0.4953665, 0.4464231, 3.076511;0.7106256, 0.4549715, 2.861124;0.4010295, -0.1711774, 2.9793;0.688324, -0.1387113, 2.671071;0.5682142, 0.1565932, 2.939758;0.5068066, 0.08245873, 2.981173;0.6043028, 0.09002332, 2.872809;0.5405827, -0.3994403, 2.991581;0.6997482, -0.381033, 2.802997;0.5682285, -0.7489686, 3.033863;0.7616693, -0.7534552, 2.766703;0.5269083, -0.8311366, 3.022962;0.7349383, -0.8398477, 2.746044;
0.6033176, 0.790042, 3.039909;0.6479009, 0.6011398, 3.005744;0.5816802, 0.2305455, 2.947744;0.4953923, 0.446, 3.076447;0.7105046, 0.4553722, 2.861285;0.400953, -0.1710502, 2.979349;0.6875513, -0.1403098, 2.670957;0.5683261, 0.1564314, 2.939711;0.5069535, 0.08230072, 2.981061;0.6043558, 0.08997945, 2.872781;0.5405807, -0.3992958, 2.991491;0.6997511, -0.3807177, 2.803221;0.5682812, -0.7488645, 3.034221;0.761884, -0.753361, 2.766712;0.5269511, -0.8310359, 3.023087;0.7348757, -0.8399879, 2.746287;
0.6021867, 0.7905901, 3.038876;0.6479172, 0.6012348, 3.005751;0.5817378, 0.2306003, 2.9477;0.4954815, 0.4458798, 3.07645;0.7116475, 0.4554459, 2.86104;0.4009033, -0.1711713, 2.979199;0.6874841, -0.1380485, 2.671949;0.5684057, 0.156484, 2.939644;0.5069948, 0.08230269, 2.980965;0.604534, 0.09003545, 2.872708;0.5406179, -0.3993074, 2.991625;0.700175, -0.381386, 2.803243;0.5690315, -0.7489364, 3.035609;0.7618433, -0.7533482, 2.766706;0.5271437, -0.8306889, 3.023283;0.7361971, -0.8394415, 2.745693;
0.6017807, 0.7911984, 3.039193;0.647866, 0.6011651, 3.005647;0.5817226, 0.2305184, 2.947684;0.4956233, 0.4456993, 3.076725;0.7115623, 0.4554131, 2.861001;0.4009035, -0.1711346, 2.979434;0.6872984, -0.1369925, 2.672424;0.5683993, 0.1563937, 2.939639;0.5070406, 0.08222277, 2.980941;0.6045206, 0.09003081, 2.872751;0.5408316, -0.3992788, 2.991755;0.7002055, -0.3813854, 2.803202;0.5689077, -0.7488562, 3.035315;0.7619224, -0.752671, 2.766551;0.5271873, -0.8305137, 3.023384;0.7365116, -0.839564, 2.746451;
0.6025729, 0.7926137, 3.040614;0.6474162, 0.6015133, 3.005841;0.5815196, 0.2306024, 2.947861;0.4957282, 0.4454254, 3.077426;0.7112595, 0.4554267, 2.861308;0.400911, -0.1713116, 2.979348;0.6868891, -0.1354671, 2.672771;0.5682395, 0.1564417, 2.939805;0.5069609, 0.08230734, 2.981173;0.6043338, 0.09009371, 2.872917;0.5408084, -0.399283, 2.991802;0.7001787, -0.3813763, 2.803244;0.5690032, -0.7488354, 3.035144;0.761979, -0.752816, 2.766545;0.5272251, -0.830687, 3.023851;0.7361511, -0.8396193, 2.746019;
0.6009859, 0.7925401, 3.039917;0.6475748, 0.6011797, 3.005827;0.5815032, 0.2306686, 2.948052;0.4954433, 0.4440576, 3.080123;0.7112402, 0.4554272, 2.861389;0.4009029, -0.1712844, 2.979351;0.6870415, -0.1317332, 2.674054;0.5681915, 0.1566079, 2.940102;0.5068025, 0.08213722, 2.982072;0.6042579, 0.09009495, 2.872951;0.5405451, -0.3991407, 2.991629;0.6999582, -0.3811523, 2.803337;0.5692617, -0.7480873, 3.036091;0.76197, -0.7528288, 2.766565;0.5274606, -0.8306434, 3.02472;0.7361534, -0.8396204, 2.746031;
0.6001746, 0.7931585, 3.041873;0.6476504, 0.6012688, 3.005907;0.5815075, 0.2306667, 2.948061;0.4959806, 0.4440666, 3.08102;0.7108309, 0.4555548, 2.861884;0.4011501, -0.1712507, 2.978254;0.6869463, -0.1294654, 2.67512;0.5681956, 0.1566, 2.940107;0.5069079, 0.08218608, 2.982039;0.6042266, 0.09011764, 2.872977;0.5403975, -0.3987693, 2.991522;0.70005, -0.3810929, 2.8034;0.5691822, -0.7481446, 3.036007;0.7620099, -0.7573534, 2.766691;0.5286768, -0.8255914, 3.02459;0.7363303, -0.8395644, 2.746401;
0.5996362, 0.7927411, 3.041725;0.6471784, 0.6002603, 3.006114;0.5814754, 0.2306075, 2.948207;0.4960898, 0.4443015, 3.08093;0.7107733, 0.455599, 2.862113;0.4011611, -0.1712342, 2.978249;0.6862279, -0.1299759, 2.675284;0.5681962, 0.1565998, 2.94025;0.507001, 0.08209205, 2.982302;0.6042014, 0.0901051, 2.873031;0.5403829, -0.3988902, 2.991452;0.7004474, -0.3818613, 2.803849;0.569596, -0.7491756, 3.034567;0.7622343, -0.7598145, 2.767232;0.5277746, -0.8281618, 3.023262;0.7362258, -0.8401632, 2.747362;
0.5994968, 0.7935085, 3.04156;0.6472164, 0.6005229, 3.006099;0.581479, 0.2306849, 2.948315;0.4960431, 0.4437107, 3.082261;0.710351, 0.4556428, 2.862571;0.4012058, -0.1713669, 2.978412;0.6857328, -0.1308919, 2.675394;0.5682025, 0.1566622, 2.940381;0.5070863, 0.0821289, 2.982517;0.6041447, 0.09020545, 2.873174;0.5406094, -0.3989111, 2.991524;0.7005274, -0.3823272, 2.803832;0.5694378, -0.7488191, 3.034882;0.7625988, -0.7586563, 2.768005;0.5276741, -0.8280899, 3.023097;0.7363502, -0.8401881, 2.747762;
0.5969666, 0.7916532, 3.039163;0.6462013, 0.5985932, 3.006634;0.5813426, 0.230549, 2.948452;0.4959131, 0.443122, 3.084785;0.7097673, 0.4551972, 2.862566;0.401805, -0.1715945, 2.979328;0.6862056, -0.1319695, 2.674061;0.5681441, 0.1566402, 2.940459;0.5070889, 0.0819886, 2.982714;0.6040446, 0.09017827, 2.873141;0.5404716, -0.3987468, 2.991763;0.7005629, -0.3825758, 2.804039;0.5695924, -0.7488552, 3.034876;0.7626004, -0.7586498, 2.768005;0.5273787, -0.8278822, 3.02243;0.7361446, -0.840057, 2.747144;
0.5957156, 0.790966, 3.03818;0.6472222, 0.5980985, 3.008478;0.5815434, 0.2302094, 2.948705;0.4958555, 0.4431928, 3.084384;0.7095848, 0.4550058, 2.862553;0.4019132, -0.1717115, 2.979407;0.6861387, -0.1320334, 2.674205;0.5682843, 0.1563628, 2.940558;0.5072588, 0.08169889, 2.98269;0.6040863, 0.09008405, 2.873141;0.5408846, -0.3996241, 2.992159;0.7004312, -0.3826278, 2.803995;0.5695648, -0.7496008, 3.035603;0.7625669, -0.758609, 2.768091;0.5273173, -0.8293734, 3.02236;0.7361969, -0.8398756, 2.747047;
0.5951059, 0.7924597, 3.037753;0.6468377, 0.5991303, 3.008539;0.581551, 0.2304766, 2.948944;0.49577, 0.4432515, 3.084225;0.7103274, 0.4559931, 2.86251;0.4041458, -0.1724262, 2.984173;0.6859043, -0.1332281, 2.673939;0.5683452, 0.1565801, 2.940801;0.50729, 0.08180592, 2.98284;0.6042486, 0.09020978, 2.87341;0.5409184, -0.3995987, 2.992081;0.7003273, -0.382646, 2.804044;0.5694149, -0.7494953, 3.035482;0.7625001, -0.7573765, 2.767833;0.5273578, -0.8290409, 3.022117;0.7353294, -0.8398973, 2.745777;
0.5951907, 0.7944232, 3.038383;0.6470395, 0.6005602, 3.008968;0.5814888, 0.2305895, 2.949118;0.4959473, 0.4433973, 3.084144;0.7103784, 0.4561074, 2.862751;0.4041182, -0.1726681, 2.983802;0.6858908, -0.1328616, 2.674265;0.568278, 0.1566116, 2.940933;0.5072528, 0.08188199, 2.982924;0.6041347, 0.09030019, 2.873627;0.5411072, -0.4002175, 2.992586;0.7004819, -0.3835365, 2.803958;0.568767, -0.7505552, 3.034762;0.7618319, -0.7593551, 2.768522;0.5270488, -0.8304236, 3.021581;0.7353958, -0.840081, 2.74633;
0.5947874, 0.7945378, 3.038282;0.6469766, 0.6002303, 3.008761;0.5814959, 0.2305948, 2.949142;0.4960308, 0.4435901, 3.084444;0.7104549, 0.4558984, 2.862685;0.4043318, -0.1729772, 2.983875;0.6852797, -0.1355104, 2.673564;0.5683016, 0.1566483, 2.940984;0.5072924, 0.08187331, 2.983022;0.6041381, 0.0903014, 2.873633;0.5412626, -0.4004788, 2.992724;0.7004997, -0.3835354, 2.803977;0.5688384, -0.7509283, 3.035162;0.7618728, -0.7593285, 2.768583;0.5266443, -0.831076, 3.020977;0.7361926, -0.8397598, 2.745612;
0.595966, 0.7959778, 3.03786;0.6472687, 0.6009881, 3.0094;0.5816685, 0.2306151, 2.94916;0.4962931, 0.4437941, 3.08439;0.71047, 0.4558862, 2.862753;0.4047835, -0.1729674, 2.984141;0.6850439, -0.1351669, 2.673517;0.5685199, 0.1566057, 2.940928;0.5078517, 0.08193143, 2.982615;0.6043363, 0.09038164, 2.873643;0.5412683, -0.4004706, 2.992737;0.7008866, -0.3834859, 2.803754;0.5686331, -0.7513772, 3.034535;0.7617176, -0.7576509, 2.768432;0.5261098, -0.8317694, 3.019917;0.736613, -0.8390686, 2.744197;
0.5935407, 0.795065, 3.034144;0.6471232, 0.6004952, 3.009441;0.5816989, 0.2305537, 2.949172;0.4962752, 0.4437951, 3.084385;0.7101518, 0.4555897, 2.86273;0.4049584, -0.1730446, 2.983199;0.6849307, -0.1341322, 2.673645;0.5685642, 0.1565689, 2.940928;0.5079718, 0.08176307, 2.982687;0.6044023, 0.09026816, 2.873457;0.5412695, -0.4005478, 2.992799;0.7009149, -0.3825113, 2.803673;0.5684097, -0.7514922, 3.034396;0.762471, -0.7568102, 2.768673;0.5261863, -0.8323376, 3.019429;0.7364673, -0.8390892, 2.74427;
0.5934965, 0.7955707, 3.034304;0.6466346, 0.6002803, 3.008203;0.5817105, 0.230549, 2.949112;0.4962456, 0.4436785, 3.084353;0.710147, 0.4554931, 2.862707;0.4049404, -0.1730605, 2.982549;0.6847572, -0.135375, 2.673374;0.5685927, 0.1565716, 2.940905;0.5080207, 0.08176679, 2.982666;0.6044569, 0.09027959, 2.873471;0.5408682, -0.3998804, 2.992511;0.7010827, -0.3826717, 2.803463;0.5683467, -0.7500378, 3.034115;0.7624747, -0.7568032, 2.768572;0.5268062, -0.831862, 3.020333;0.7364298, -0.8390543, 2.744447;
0.5931541, 0.7959738, 3.034135;0.646583, 0.6003023, 3.008096;0.5816543, 0.2305262, 2.949178;0.496372, 0.4435384, 3.085865;0.7099397, 0.4553746, 2.862812;0.4050534, -0.1730079, 2.982446;0.6849916, -0.1353288, 2.67355;0.5685275, 0.1565346, 2.94102;0.5079929, 0.0817925, 2.982804;0.604324, 0.09026295, 2.873715;0.5408721, -0.3997584, 2.992529;0.7011479, -0.3825774, 2.80339;0.5684955, -0.7487772, 3.03353;0.7630178, -0.7554885, 2.768718;0.5271626, -0.8312165, 3.02078;0.7361646, -0.8391497, 2.744652;
0.5925601, 0.7963404, 3.034496;0.646489, 0.6003293, 3.008111;0.58166, 0.2305014, 2.949173;0.4963754, 0.4437024, 3.085113;0.7098965, 0.4553723, 2.862817;0.4041673, -0.1731766, 2.980291;0.6849651, -0.135131, 2.67352;0.5685565, 0.1564876, 2.941007;0.5080714, 0.08172938, 2.982757;0.6043584, 0.09026476, 2.873718;0.5414523, -0.399707, 2.992469;0.7012416, -0.3827884, 2.803467;0.5686447, -0.7489502, 3.035181;0.7630199, -0.7554826, 2.768566;0.5279032, -0.8303718, 3.020739;0.736051, -0.8394042, 2.744993;
0.5903245, 0.7960933, 3.032442;0.6464536, 0.600429, 3.007954;0.5816605, 0.2305022, 2.949171;0.4964273, 0.443119, 3.083852;0.709932, 0.4553647, 2.862823;0.4034754, -0.1726331, 2.978767;0.6848853, -0.1350176, 2.673647;0.56856, 0.156487, 2.941007;0.5080771, 0.08169347, 2.982795;0.6043695, 0.0902627, 2.873711;0.5411773, -0.3995448, 2.992432;0.701292, -0.3828544, 2.803544;0.5683287, -0.7487286, 3.035074;0.7629131, -0.7554498, 2.768528;0.5278388, -0.8302977, 3.020754;0.7361142, -0.8390363, 2.744798;
0.5897235, 0.7962365, 3.032196;0.6462698, 0.6002767, 3.007777;0.5816249, 0.2303093, 2.949273;0.4965072, 0.4428068, 3.083666;0.7098469, 0.4552824, 2.862756;0.402806, -0.1720601, 2.977605;0.6847088, -0.135071, 2.673435;0.5685578, 0.1562566, 2.941172;0.5081468, 0.08155729, 2.982938;0.6043608, 0.09007263, 2.874024;0.5415948, -0.3999566, 2.992902;0.7014592, -0.3826593, 2.803594;0.5681437, -0.7495509, 3.034701;0.7633191, -0.7546676, 2.76846;0.5276752, -0.8311424, 3.020641;0.7357199, -0.839059, 2.744486;
0.5894808, 0.796656, 3.033133;0.6459482, 0.6001736, 3.007657;0.5816602, 0.2302277, 2.949328;0.4963782, 0.4422714, 3.081668;0.7096505, 0.4551009, 2.862642;0.4026035, -0.1722577, 2.977425;0.6838344, -0.1347528, 2.672254;0.5686684, 0.1561437, 2.941269;0.5084782, 0.08125968, 2.983247;0.6044896, 0.08990584, 2.874061;0.5414093, -0.4001875, 2.992355;0.7016286, -0.3815057, 2.80364;0.5683194, -0.749695, 3.035055;0.7633734, -0.7547097, 2.768461;0.5274885, -0.8321119, 3.021258;0.7358519, -0.8391408, 2.745664;
0.589541, 0.7970583, 3.032306;0.6460132, 0.6002015, 3.007116;0.5818534, 0.2300998, 2.94921;0.495039, 0.4431719, 3.082381;0.709354, 0.4548183, 2.862024;0.40255, -0.172186, 2.977377;0.6818659, -0.1349624, 2.670231;0.5689219, 0.1559798, 2.941185;0.5087566, 0.08119097, 2.982954;0.6049318, 0.08969308, 2.874287;0.5414376, -0.4000951, 2.992298;0.7015478, -0.381121, 2.803643;0.5685021, -0.7493189, 3.035083;0.7634157, -0.7546166, 2.768474;0.5278376, -0.8314709, 3.022195;0.735608, -0.8392665, 2.745343;
0.5883082, 0.7983623, 3.032762;0.6457128, 0.6012098, 3.005686;0.5821804, 0.2301337, 2.948919;0.4929459, 0.4426212, 3.082409;0.7091888, 0.4548528, 2.861881;0.4016971, -0.1712323, 2.97652;0.678292, -0.1377172, 2.667152;0.5693961, 0.1559244, 2.940952;0.509095, 0.08091639, 2.98279;0.6059937, 0.08951099, 2.874033;0.5404735, -0.3969412, 2.992471;0.7018805, -0.3811862, 2.80413;0.5684631, -0.7492526, 3.034813;0.7635372, -0.7547313, 2.768383;0.5277338, -0.8313902, 3.022233;0.736875, -0.8386204, 2.745861;
0.5877846, 0.7976246, 3.031422;0.644342, 0.5998753, 3.004674;0.5827715, 0.2298148, 2.948706;0.4916373, 0.4432692, 3.080258;0.7090685, 0.4549566, 2.861112;0.4006918, -0.169747, 2.974974;0.6760505, -0.1377079, 2.665592;0.5705286, 0.1556256, 2.940785;0.5104549, 0.08066921, 2.9824;0.6082155, 0.08886601, 2.874235;0.5404417, -0.3968162, 2.992441;0.7019, -0.3812207, 2.80414;0.5681755, -0.7489437, 3.034528;0.7635662, -0.7545041, 2.768415;0.5277441, -0.8312263, 3.022459;0.7368699, -0.8384687, 2.745527;
0.5915745, 0.8007536, 3.02813;0.6407415, 0.6007755, 3.002506;0.5830767, 0.2298561, 2.948617;0.4892529, 0.4450634, 3.077413;0.7085378, 0.4555216, 2.860212;0.3994486, -0.1692907, 2.974536;0.673708, -0.1381564, 2.662872;0.5714941, 0.1556507, 2.940831;0.5119646, 0.08080497, 2.982239;0.610522, 0.08880839, 2.875163;0.5404449, -0.3968115, 2.992387;0.7019553, -0.3804211, 2.804119;0.56819, -0.7489111, 3.034589;0.763742, -0.7542987, 2.768567;0.527707, -0.8312159, 3.022594;0.736813, -0.8384758, 2.74558;
0.590827, 0.7965211, 3.02659;0.6377758, 0.5975301, 2.997915;0.5838614, 0.2293497, 2.948432;0.4875118, 0.4451907, 3.076857;0.7075497, 0.4553363, 2.858878;0.3916517, -0.1692054, 2.970318;0.6714367, -0.1392636, 2.660228;0.5730391, 0.1551871, 2.941099;0.5139574, 0.08022312, 2.982438;0.6133524, 0.088441, 2.87683;0.5402646, -0.3971792, 2.992057;0.7017336, -0.3809439, 2.803561;0.5665638, -0.7508608, 3.033632;0.7636921, -0.7542815, 2.76853;0.5275991, -0.8314803, 3.022183;0.7367185, -0.8385719, 2.745735;
0.5852514, 0.7916026, 3.022076;0.632885, 0.5941973, 2.991252;0.5849728, 0.2271462, 2.947664;0.4858295, 0.4448963, 3.073927;0.7022116, 0.4535056, 2.854311;0.3881396, -0.1693169, 2.969542;0.6671339, -0.1409185, 2.657424;0.5751126, 0.1527844, 2.941111;0.5172399, 0.07812358, 2.982847;0.6158223, 0.08659095, 2.877981;0.5401576, -0.3969277, 2.991732;0.7000327, -0.3807127, 2.802253;0.5662919, -0.7507574, 3.03337;0.7636538, -0.7546211, 2.76854;0.5275883, -0.8314375, 3.022675;0.7376177, -0.8377992, 2.745627;
0.5755947, 0.7890871, 3.020529;0.6275326, 0.5923804, 2.988448;0.5860441, 0.2259861, 2.948216;0.4796051, 0.4455183, 3.067218;0.6965734, 0.4524583, 2.850114;0.3845382, -0.1691733, 2.967115;0.6639467, -0.1426971, 2.654809;0.5778881, 0.1512681, 2.942867;0.5227484, 0.07633086, 2.985091;0.6200767, 0.08515329, 2.882365;0.538713, -0.3970286, 2.991066;0.6984253, -0.3824835, 2.800657;0.565483, -0.7499546, 3.031665;0.7631872, -0.7547699, 2.768253;0.5268079, -0.8303539, 3.020534;0.7365321, -0.8380281, 2.745318;
0.5576448, 0.784621, 3.011002;0.6167037, 0.5898817, 2.982951;0.5866, 0.2242595, 2.94858;0.4716029, 0.4426473, 3.063226;0.690538, 0.4477641, 2.846512;0.3747445, -0.1769966, 2.950125;0.6612059, -0.1397499, 2.651074;0.5798047, 0.1491878, 2.944183;0.5260057, 0.07426712, 2.985991;0.6236364, 0.08321627, 2.886489;0.5373207, -0.3975474, 2.990476;0.6970364, -0.3848422, 2.797502;0.5651222, -0.7499442, 3.030723;0.7623781, -0.7557315, 2.767624;0.5261383, -0.8304757, 3.020529;0.736714, -0.8380363, 2.74484;
0.5505505, 0.7769185, 3.004534;0.6045029, 0.5801772, 2.972777;0.587359, 0.2206204, 2.949162;0.4651939, 0.4387025, 3.061138;0.6810597, 0.4409068, 2.840139;0.373947, -0.1783153, 2.950301;0.6579382, -0.1535433, 2.64479;0.5822626, 0.1459131, 2.946283;0.5308696, 0.07025453, 2.989943;0.6274888, 0.07952961, 2.890095;0.5353389, -0.398168, 2.989659;0.6941156, -0.3857063, 2.794003;0.5642993, -0.7490081, 3.028412;0.761806, -0.7559674, 2.767037;0.5259994, -0.8301387, 3.019922;0.7360745, -0.8387194, 2.744656;
0.537362, 0.7679493, 2.98745;0.5954427, 0.5731621, 2.968335;0.5889738, 0.2084316, 2.951699;0.4523445, 0.4190458, 3.055468;0.6670108, 0.4292393, 2.834366;0.366502, -0.1886262, 2.94702;0.6571776, -0.1604758, 2.640294;0.5872294, 0.1331772, 2.951427;0.5391108, 0.05871996, 2.996063;0.6337963, 0.06758782, 2.897697;0.5333478, -0.4009855, 2.990463;0.6919776, -0.3843731, 2.788806;0.5631199, -0.7538486, 3.026913;0.7586805, -0.7627147, 2.765328;0.523923, -0.8313028, 3.017166;0.7363299, -0.8386165, 2.744826;
0.523061, 0.7543436, 2.975798;0.5836492, 0.5602025, 2.958179;0.5901535, 0.2013654, 2.951526;0.4449438, 0.405832, 3.047533;0.659373, 0.4187902, 2.825855;0.3556989, -0.2116018, 2.949164;0.6555324, -0.1791644, 2.632967;0.5900923, 0.1273702, 2.952546;0.5440356, 0.05295095, 2.998265;0.6382097, 0.0608563, 2.900097;0.5319512, -0.4023852, 2.990395;0.6905689, -0.3848818, 2.78574;0.5616663, -0.7513651, 3.025857;0.7589806, -0.7635493, 2.764683;0.5241082, -0.8310752, 3.017579;0.735975, -0.8388578, 2.744617;
0.5159913, 0.7307308, 2.965573;0.5660899, 0.5340403, 2.939818;0.5916318, 0.1763967, 2.951591;0.4391299, 0.3953164, 3.042303;0.647318, 0.3953613, 2.812479;0.3543497, -0.2282443, 2.946154;0.6556185, -0.1868977, 2.629675;0.5957416, 0.1033065, 2.956477;0.5522151, 0.03341811, 3.005233;0.6473225, 0.03688488, 2.907114;0.5291508, -0.4085947, 2.990839;0.6883007, -0.3869534, 2.781209;0.5613536, -0.7503015, 3.02585;0.7582024, -0.7645435, 2.763863;0.524837, -0.8302421, 3.018418;0.7350141, -0.8391722, 2.74317;
0.4753875, 0.6992433, 2.941244;0.5517782, 0.5120751, 2.925347;0.5916595, 0.1626626, 2.95156;0.4296767, 0.3705596, 3.030081;0.6373007, 0.3755113, 2.801038;0.3421656, -0.2525888, 2.940362;0.6551483, -0.1951983, 2.630017;0.5981342, 0.09114526, 2.958804;0.5590795, 0.0167306, 3.011595;0.650535, 0.02785298, 2.910613;0.5245159, -0.4172469, 2.989959;0.6874478, -0.3899991, 2.778319;0.5605019, -0.7519937, 3.027112;0.7576979, -0.7651697, 2.763274;0.5246339, -0.8303471, 3.017178;0.7348285, -0.8395704, 2.743481;
0.4773067, 0.6830307, 2.938784;0.5410176, 0.4912391, 2.913569;0.5922394, 0.139365, 2.952886;0.4210396, 0.3508797, 3.019922;0.6287678, 0.3615776, 2.795355;0.338131, -0.2766649, 2.9362;0.652657, -0.2638919, 2.613194;0.6019473, 0.06786771, 2.963714;0.5638983, 0.0007672082, 3.015117;0.6566257, 0.009229382, 2.921358;0.5197515, -0.4258865, 2.990726;0.6863667, -0.4004587, 2.775667;0.5605527, -0.7518207, 3.026968;0.7573203, -0.7656919, 2.762241;0.5244783, -0.8302295, 3.017894;0.7344016, -0.839815, 2.743212;
0.459087, 0.644013, 2.911037;0.5253279, 0.4551888, 2.894611;0.5939679, 0.1135239, 2.95052;0.4145763, 0.3101102, 3.009901;0.6148811, 0.3348887, 2.788764;0.3322803, -0.3120882, 2.940161;0.6515247, -0.2705719, 2.608062;0.6066655, 0.04406924, 2.964162;0.5731097, -0.02646651, 3.017726;0.6623263, -0.008140462, 2.924602;0.5182967, -0.4309374, 2.992176;0.6867921, -0.4064361, 2.771849;0.5583667, -0.7502065, 3.027021;0.7567491, -0.7660546, 2.761908;0.5242933, -0.8297155, 3.017609;0.7339972, -0.8400247, 2.743422;
0.4496225, 0.6188432, 2.902291;0.5178351, 0.4317075, 2.88539;0.5952277, 0.09107692, 2.952892;0.4049727, 0.2857594, 3.003667;0.6073295, 0.3023271, 2.780669;0.3300079, -0.3238307, 2.937872;0.6620515, -0.3055351, 2.610681;0.6102813, 0.02211115, 2.969438;0.5781131, -0.04509764, 3.02512;0.6702627, -0.03742294, 2.934896;0.5147194, -0.4453119, 2.991999;0.6858675, -0.4121528, 2.766111;0.5579424, -0.750258, 3.027718;0.7557651, -0.7662674, 2.761667;0.5242487, -0.8295581, 3.017541;0.7339321, -0.8400067, 2.743321;
0.4403179, 0.5829521, 2.893284;0.5044138, 0.3948853, 2.87413;0.59694, 0.06335883, 2.950437;0.4032448, 0.2643902, 2.99844;0.6017911, 0.2753772, 2.774118;0.3255264, -0.3646672, 2.932074;0.6635122, -0.3119747, 2.608137;0.6147206, -0.003552572, 2.968703;0.5857964, -0.07084797, 3.026809;0.6746072, -0.05400468, 2.933972;0.5063348, -0.4673203, 2.991265;0.6793572, -0.4283065, 2.748058;0.5570515, -0.7507837, 3.028222;0.7551852, -0.7662813, 2.760703;0.5243847, -0.8293984, 3.017957;0.7336829, -0.8401549, 2.743496;
0.423447, 0.5537407, 2.874226;0.5008977, 0.3736302, 2.866037;0.6054798, 0.04588167, 2.946686;0.3968892, 0.2267541, 2.992523;0.5980786, 0.2414825, 2.765454;0.3288364, -0.3953161, 2.926884;0.6691279, -0.3574848, 2.60112;0.6263775, -0.02063979, 2.965931;0.6021553, -0.08630364, 3.026565;0.6913296, -0.07903811, 2.930283;0.4985824, -0.4762506, 2.990146;0.6772499, -0.4409922, 2.736976;0.5563697, -0.7495724, 3.028264;0.7540364, -0.7670201, 2.759853;0.5243424, -0.8291352, 3.017578;0.7331679, -0.8400894, 2.742419;
0.4089946, 0.5087121, 2.848559;0.4920352, 0.3371309, 2.860268;0.6052545, 0.02983692, 2.946228;0.3903787, 0.2066981, 2.991455;0.5925335, 0.2201093, 2.760277;0.3094293, -0.4314788, 2.941837;0.6716334, -0.3951053, 2.592784;0.6271555, -0.03281038, 2.966275;0.604326, -0.1002926, 3.02685;0.6915972, -0.08416051, 2.931793;0.4933358, -0.4874612, 2.989379;0.6759409, -0.4414957, 2.730963;0.5541621, -0.7527317, 3.028428;0.7532741, -0.7661153, 2.759013;0.5240201, -0.8293409, 3.016635;0.7330889, -0.8400555, 2.742318;
0.4090909, 0.4862136, 2.845262;0.483118, 0.3027493, 2.844297;0.6032848, -0.01991563, 2.958276;0.3868452, 0.1775828, 2.980794;0.5906031, 0.1908736, 2.753085;0.3043787, -0.455039, 2.938741;0.6725488, -0.4147641, 2.599205;0.6275553, -0.08353455, 2.984973;0.6115613, -0.1367621, 3.04339;0.6863442, -0.1405817, 2.963243;0.4802456, -0.5145988, 2.985724;0.6732062, -0.4697767, 2.718048;0.5408624, -0.8113583, 3.026599;0.7532529, -0.7667128, 2.758886;0.4911764, -0.8640349, 3.002199;0.7343159, -0.8395719, 2.742492;
0.4025163, 0.4600407, 2.839959;0.477268, 0.2817009, 2.834454;0.6018153, -0.03217449, 2.955947;0.3832075, 0.1390739, 2.977684;0.5848445, 0.1600437, 2.747683;0.3034292, -0.4718114, 2.936907;0.677344, -0.4502236, 2.590438;0.6265448, -0.0953676, 2.983429;0.6108668, -0.1511097, 3.042518;0.6855332, -0.1499856, 2.962604;0.4739207, -0.5256962, 2.984288;0.6744168, -0.4732642, 2.71095;0.5397809, -0.8204159, 3.026727;0.7526833, -0.7663762, 2.75859;0.4785256, -0.8541351, 2.996152;0.7353503, -0.8390061, 2.742827;
0.4002993, 0.4394781, 2.835338;0.4706081, 0.2465542, 2.83103;0.6008173, -0.05404478, 2.954433;0.3740147, 0.1087336, 2.980379;0.5815945, 0.139817, 2.7438;0.3068629, -0.4905037, 2.934757;0.6774039, -0.4766511, 2.591054;0.6265097, -0.1144964, 2.982412;0.6111881, -0.172261, 3.043024;0.6876655, -0.1677849, 2.962083;0.4639097, -0.5412852, 2.98081;0.6744806, -0.4834045, 2.702132;0.53132, -0.8351315, 3.023234;0.7523923, -0.7673845, 2.758908;0.4740373, -0.7959656, 2.991755;0.7349766, -0.8400735, 2.744102;
0.3894477, 0.3936496, 2.825899;0.468069, 0.2190219, 2.824432;0.6149647, -0.07088438, 2.951369;0.3711854, 0.092163, 2.975529;0.5786799, 0.1146676, 2.738875;0.3582321, -0.561004, 2.927223;0.6788653, -0.5181541, 2.594041;0.6450939, -0.1304085, 2.979896;0.6396117, -0.1913819, 3.041504;0.7070866, -0.1786868, 2.960378;0.4527423, -0.5412476, 2.981454;0.6741015, -0.488367, 2.696286;0.5262073, -0.8329769, 3.024399;0.7526112, -0.7680131, 2.759104;0.4875037, -0.7931929, 2.972362;0.734888, -0.8404562, 2.744057;
0.3814701, 0.3572069, 2.821866;0.4622174, 0.1835854, 2.817498;0.6173319, -0.09170721, 2.947048;0.3706511, 0.05240566, 2.971499;0.5786167, 0.09006234, 2.734698;0.3630442, -0.5634845, 2.935817;0.682289, -0.4872691, 2.610907;0.6480116, -0.1470941, 2.976382;0.6427231, -0.2082023, 3.041729;0.7129502, -0.1960193, 2.955606;0.4370846, -0.545596, 2.977193;0.6681734, -0.4902554, 2.676677;0.5244223, -0.8319684, 3.024185;0.7529597, -0.769103, 2.759295;0.5058743, -0.7841338, 2.968173;0.734225, -0.8412282, 2.744584;
0.379336, 0.3350615, 2.819354;0.4617959, 0.1616819, 2.815147;0.6192851, -0.1179276, 2.940211;0.3680153, 0.0357511, 2.970445;0.5760028, 0.06971961, 2.732193;0.3634112, -0.5798781, 2.954905;0.675485, -0.5130935, 2.613286;0.6507424, -0.1738485, 2.968621;0.6467889, -0.2351078, 3.035812;0.7163141, -0.221835, 2.946556;0.4251302, -0.5615703, 2.974291;0.6676689, -0.5151956, 2.668675;0.5216023, -0.8430383, 3.026295;0.748544, -0.7969124, 2.7357;0.5240704, -0.7743247, 2.994314;0.7248859, -0.8670011, 2.752382;
0.3753659, 0.3080335, 2.810947;0.4619145, 0.1367199, 2.809135;0.6209186, -0.1287392, 2.93662;0.3663439, 0.009169878, 2.967156;0.5755647, 0.05276331, 2.729529;0.37435, -0.5850453, 2.952806;0.6791052, -0.5190676, 2.610966;0.6525207, -0.1825719, 2.965477;0.648899, -0.2458527, 3.034113;0.7195575, -0.229061, 2.943192;0.4574214, -0.5096452, 2.981564;0.6651368, -0.5192021, 2.664164;0.5117596, -0.7240318, 3.016733;0.7522264, -0.7712008, 2.759937;0.4713953, -0.7902122, 2.972631;0.7331257, -0.8430774, 2.745249;
0.3736584, 0.295691, 2.809169;0.4588629, 0.1217509, 2.806461;0.6215206, -0.1559868, 2.935626;0.3672205, -0.009124393, 2.963124;0.5669, 0.009007897, 2.725692;0.3952295, -0.639792, 2.973329;0.6282799, -0.533545, 2.667324;0.6542584, -0.2117438, 2.965059;0.6511961, -0.2680978, 3.033383;0.7192024, -0.2554245, 2.942653;0.4579951, -0.5189852, 2.981022;0.6621668, -0.530326, 2.649657;0.503435, -0.7215756, 3.013878;0.7498372, -0.7735161, 2.757719;0.4595498, -0.7874709, 2.973075;0.7321035, -0.8462204, 2.746267;
0.3715436, 0.2666199, 2.802231;0.457458, 0.09727995, 2.80216;0.6249049, -0.1634884, 2.934581;0.3675274, -0.04248079, 2.963606;0.5673133, -0.001888283, 2.726619;0.3906347, -0.6429406, 2.977052;0.6163884, -0.5688639, 2.664978;0.6579554, -0.2171843, 2.96433;0.6565396, -0.2765225, 3.033602;0.7240613, -0.2598315, 2.94174;0.4597639, -0.526059, 2.979047;0.6592149, -0.5314438, 2.64848;0.5450988, -0.7692516, 3.018814;0.7467438, -0.7792092, 2.755219;0.5154919, -0.8386958, 3.01964;0.7307651, -0.8524047, 2.7459;
0.3726216, 0.2631739, 2.803253;0.4554628, 0.08082357, 2.799474;0.6243626, -0.1787952, 2.930907;0.3662803, -0.04875197, 2.962229;0.5666748, -0.01968964, 2.724423;0.4161716, -0.6167542, 2.957603;0.6162789, -0.5709387, 2.664849;0.6579383, -0.2306386, 2.960775;0.6568, -0.2894632, 3.031117;0.7247702, -0.2734995, 2.937638;0.4598628, -0.5274, 2.97741;0.651992, -0.5368331, 2.639786;0.4859065, -0.7189461, 3.012496;0.7410136, -0.7826078, 2.741019;0.4450465, -0.7865305, 2.971928;0.7310593, -0.8569751, 2.749131;
0.3601785, 0.221078, 2.793103;0.4520965, 0.05904832, 2.796933;0.6282107, -0.1888955, 2.930285;0.375298, -0.08811731, 2.950165;0.5649447, -0.03977333, 2.721781;0.4172144, -0.6117265, 2.952504;0.6337678, -0.5881156, 2.65962;0.6629633, -0.2394757, 2.96034;0.6627156, -0.2970633, 3.031177;0.7291381, -0.2786499, 2.936847;0.4647276, -0.5585576, 2.975412;0.6496386, -0.5377383, 2.637954;0.485424, -0.7212206, 3.013083;0.7328386, -0.7810193, 2.725034;0.4479094, -0.7900334, 2.971408;0.695324, -0.8498322, 2.683359;
0.3507639, 0.1948025, 2.788098;0.4479808, 0.03761816, 2.795239;0.630451, -0.2029986, 2.928284;0.3732226, -0.09009083, 2.951102;0.5679454, -0.05108732, 2.721744;0.403172, -0.672778, 2.967581;0.633922, -0.6049953, 2.66213;0.6663588, -0.251626, 2.958372;0.669014, -0.3099845, 3.030026;0.7345498, -0.2912027, 2.934897;0.4940946, -0.6320608, 2.990795;0.6637242, -0.4888405, 2.694607;0.4860604, -0.7247292, 3.011966;0.7149492, -0.755979, 2.671673;0.5185106, -0.8215141, 3.018201;0.730674, -0.8314685, 2.738854;
0.3502657, 0.1848802, 2.788166;0.4472336, 0.02686925, 2.790704;0.6338472, -0.2138242, 2.926806;0.3710034, -0.09296316, 2.951297;0.5686231, -0.06296621, 2.720721;0.4535321, -0.6124238, 2.924587;0.6381386, -0.6071824, 2.659425;0.6709149, -0.262371, 2.957474;0.6738665, -0.3172221, 3.027824;0.737173, -0.2981503, 2.935362;0.4944737, -0.6320114, 2.989965;0.6624052, -0.4901887, 2.695;0.4850714, -0.7254743, 3.012021;0.7166353, -0.7496938, 2.662634;0.5182768, -0.8222833, 3.017323;0.7294793, -0.8246835, 2.731295;
0.3489478, 0.1747909, 2.78891;0.445634, 0.01684872, 2.790015;0.6343357, -0.221002, 2.925411;0.3676291, -0.0960281, 2.951249;0.5674393, -0.07042612, 2.720406;0.4083278, -0.6260922, 2.97459;0.6472991, -0.6333243, 2.671301;0.6718265, -0.2688213, 2.955984;0.6755579, -0.3230474, 3.026122;0.7383463, -0.3046861, 2.933727;0.4307991, -0.6330431, 3.004628;0.6616359, -0.4914891, 2.696013;0.4818873, -0.7325271, 3.012976;0.7164013, -0.7504484, 2.663324;0.4443944, -0.8037506, 2.974434;0.7273452, -0.8255366, 2.732421;
0.3497556, 0.173782, 2.788727;0.44407, 0.01481234, 2.789314;0.6346406, -0.2215823, 2.925657;0.3643934, -0.0973658, 2.951988;0.567091, -0.07581966, 2.721341;0.3926256, -0.6645732, 3.002227;0.6792549, -0.6405591, 2.632012;0.6724797, -0.2693455, 2.956428;0.6762993, -0.32296, 3.026079;0.7388444, -0.3048676, 2.93455;0.425851, -0.6140817, 3.00667;0.6598221, -0.4912341, 2.696833;0.5471086, -0.7562343, 3.016954;0.7156358, -0.7172294, 2.630122;0.5068814, -0.8207263, 3.015158;0.7237945, -0.7922568, 2.700019;
0.3485783, 0.1708535, 2.78795;0.4423333, 0.01114642, 2.788403;0.6332638, -0.2258449, 2.926348;0.3624769, -0.09922746, 2.952645;0.5667605, -0.07805095, 2.721483;0.3925044, -0.6650515, 3.002247;0.7083682, -0.6930799, 2.6262;0.6712856, -0.2735077, 2.957417;0.6752374, -0.3259639, 3.025689;0.7371573, -0.3083575, 2.936876;0.4621885, -0.64631, 3.000933;0.6590633, -0.496344, 2.698728;0.4888123, -0.7356344, 3.010408;0.7171999, -0.7221607, 2.630494;0.4513907, -0.8076112, 2.972142;0.7249004, -0.7983163, 2.699639;
0.3385449, 0.1545102, 2.77573;0.4422241, 0.007398468, 2.79043;0.6317948, -0.2287583, 2.926665;0.3612594, -0.1001528, 2.952847;0.5667496, -0.08000462, 2.720848;0.3932904, -0.6688901, 3.003246;0.676584, -0.6615678, 2.639078;0.669601, -0.2762529, 2.95743;0.6732296, -0.3295403, 3.02651;0.7360339, -0.3123104, 2.936217;0.4577895, -0.5614085, 2.969748;0.6034763, -0.5031257, 2.608418;0.4870238, -0.7414666, 3.012593;0.7145282, -0.7546488, 2.681016;0.4493774, -0.8133842, 2.9743;0.6768818, -0.8265664, 2.642724;
0.3394769, 0.1549315, 2.778288;0.4419137, 0.006536674, 2.790067;0.6331497, -0.2269245, 2.92767;0.3605877, -0.1007213, 2.952854;0.5671113, -0.08128093, 2.721461;0.3931318, -0.6732785, 3.004422;0.7039849, -0.6902092, 2.587726;0.6719422, -0.2728567, 2.95919;0.6771839, -0.3238861, 3.029477;0.7396457, -0.3071859, 2.938757;0.455895, -0.5597966, 2.968515;0.6322075, -0.5421744, 2.632751;0.4864288, -0.7409006, 3.012769;0.7296775, -0.7947509, 2.681915;0.4494372, -0.8133122, 2.974898;0.7293513, -0.8466432, 2.746535;
0.3389873, 0.1546031, 2.780057;0.4420166, 0.006556153, 2.78981;0.6346428, -0.2261314, 2.927799;0.3600002, -0.1011268, 2.953572;0.5669794, -0.08149467, 2.721611;0.3967527, -0.676778, 3.000928;0.7061827, -0.7023571, 2.576699;0.6736968, -0.271996, 2.959373;0.6794006, -0.3228746, 3.029438;0.7408965, -0.3061969, 2.938878;0.3741115, -0.5516529, 2.938192;0.6327499, -0.5416804, 2.63441;0.4243857, -0.8337557, 3.009735;0.7296891, -0.7956538, 2.681396;0.387605, -0.9062893, 2.972016;0.7326177, -0.8448557, 2.748222;
0.3409702, 0.155826, 2.781242;0.4424168, 0.006895996, 2.789838;0.6357601, -0.2248322, 2.929029;0.3599208, -0.1011049, 2.95372;0.566765, -0.08133014, 2.721804;0.3961957, -0.6764212, 3.0009;0.6821923, -0.6272815, 2.576405;0.6747833, -0.2706936, 2.960725;0.6800389, -0.3215398, 3.030025;0.741653, -0.3042754, 2.940789;0.4725305, -0.6295742, 2.980008;0.6380633, -0.5442178, 2.63886;0.4917982, -0.7422893, 3.014989;0.7550292, -0.8134492, 2.761512;0.5112829, -0.8196685, 3.01543;0.7131644, -0.8722808, 2.737123;
0.3457938, 0.1614993, 2.784143;0.4433554, 0.009858496, 2.790531;0.6350167, -0.2222835, 2.92827;0.3602731, -0.1058917, 2.954919;0.5668245, -0.0799442, 2.721374;0.3998105, -0.6761899, 2.996248;0.7026011, -0.6742562, 2.571276;0.6735849, -0.2681921, 2.959538;0.6795328, -0.3212563, 3.03018;0.7416116, -0.3029642, 2.938747;0.4727689, -0.6217054, 2.978725;0.6379306, -0.5445899, 2.638961;0.4948761, -0.741147, 3.014057;0.7110226, -0.8341713, 2.660153;0.4585379, -0.8135357, 2.97568;0.7337512, -0.8442489, 2.749417;
0.3492107, 0.1678266, 2.78308;0.4468303, 0.01690088, 2.789855;0.6356077, -0.2133351, 2.928886;0.3599063, -0.1060848, 2.955296;0.5671105, -0.0760574, 2.721531;0.3769867, -0.6511685, 2.993219;0.7048382, -0.6829836, 2.57358;0.6734504, -0.2591222, 2.960295;0.6784596, -0.3155689, 3.032911;0.7436538, -0.2953, 2.939157;0.4496058, -0.5681546, 2.978693;0.6401216, -0.5414872, 2.643955;0.503965, -0.7442679, 3.015924;0.7178238, -0.8252694, 2.685071;0.4681849, -0.8165209, 2.9771;0.7356329, -0.8458997, 2.756086;
0.3713156, 0.2062469, 2.795954;0.4508784, 0.02948141, 2.793234;0.634174, -0.210341, 2.929319;0.3629227, -0.09519453, 2.95425;0.5671269, -0.06713477, 2.720383;0.3734892, -0.6464587, 3.000919;0.700554, -0.641012, 2.573138;0.6714482, -0.2569959, 2.96042;0.6743856, -0.3133592, 3.033856;0.7423993, -0.294539, 2.938717;0.4527895, -0.5670174, 2.978187;0.6423341, -0.5382106, 2.640939;0.504473, -0.7392619, 3.015954;0.7385926, -0.7764152, 2.740396;0.4669886, -0.8102613, 2.976719;0.7330151, -0.851543, 2.750096;
0.3791989, 0.2300535, 2.800848;0.4544515, 0.04658267, 2.795712;0.6336981, -0.2004226, 2.930912;0.3643389, -0.07530448, 2.954649;0.570127, -0.05492175, 2.720457;0.3675847, -0.6354531, 3.002588;0.6373827, -0.5972362, 2.635214;0.6702152, -0.2492331, 2.961589;0.6713052, -0.3049656, 3.035142;0.7413888, -0.289535, 2.939091;0.4508848, -0.5634573, 2.979257;0.643218, -0.5314261, 2.64003;0.5350029, -0.749966, 3.022399;0.742249, -0.779225, 2.750785;0.5139251, -0.8225492, 3.016667;0.7316678, -0.8542135, 2.747589;
0.38018, 0.2331194, 2.802063;0.4596967, 0.06075176, 2.799366;0.6349916, -0.1891129, 2.930945;0.364154, -0.05969701, 2.961454;0.5715991, -0.04102141, 2.720819;0.3753696, -0.6261338, 2.987506;0.7136372, -0.597347, 2.606197;0.6705369, -0.2388401, 2.96092;0.6706859, -0.2972721, 3.034905;0.7419455, -0.2811804, 2.937302;0.4496143, -0.5540156, 2.981214;0.6458154, -0.5308132, 2.645176;0.5375147, -0.7529368, 3.021988;0.7431949, -0.7787463, 2.752006;0.5414474, -0.8286565, 3.023817;0.7312024, -0.8534288, 2.746439;
0.3906115, 0.2579602, 2.805402;0.4672161, 0.08329234, 2.804283;0.6311457, -0.1852581, 2.933315;0.3615338, -0.02046318, 2.961356;0.5742629, -0.01684989, 2.723998;0.3772399, -0.6074815, 2.985485;0.712715, -0.5869972, 2.604379;0.6645755, -0.2363517, 2.963374;0.6612174, -0.2942394, 3.035136;0.730735, -0.2803609, 2.94237;0.4485682, -0.5471835, 2.981398;0.6513227, -0.5287281, 2.645043;0.5381629, -0.7522269, 3.021434;0.7442566, -0.7782604, 2.752463;0.5304399, -0.8274994, 3.020031;0.7307989, -0.8523448, 2.744849;
0.3931869, 0.2732485, 2.810598;0.4714122, 0.09993429, 2.804605;0.6280162, -0.1798643, 2.935416;0.3617218, -0.01713157, 2.962782;0.5766776, 0.000365356, 2.723149;0.3986379, -0.6396397, 2.959715;0.6972069, -0.5573459, 2.60344;0.6604033, -0.2331506, 2.965382;0.6543067, -0.2909969, 3.035105;0.725623, -0.2779905, 2.945415;0.4501911, -0.5432527, 2.982059;0.6550986, -0.5267286, 2.647164;0.5146089, -0.7244266, 3.011914;0.7448133, -0.7767851, 2.752441;0.471691, -0.7899626, 2.969698;0.730106, -0.8505601, 2.744537;
0.4047811, 0.3019202, 2.82029;0.4740475, 0.118277, 2.80709;0.6278097, -0.154997, 2.9376;0.3673589, -0.0001444346, 2.963074;0.5832441, 0.03478131, 2.724773;0.3649186, -0.5909932, 2.967722;0.6916171, -0.5479096, 2.608733;0.658866, -0.2105127, 2.96706;0.6514084, -0.2720744, 3.035384;0.725625, -0.256658, 2.94656;0.4233814, -0.5772954, 2.976794;0.6604573, -0.5191941, 2.660657;0.5356078, -0.8421825, 3.030737;0.746195, -0.7759241, 2.753325;0.503607, -0.7866068, 2.99084;0.7309811, -0.8493653, 2.744416;
0.4072562, 0.3182406, 2.822995;0.4835419, 0.1517081, 2.813181;0.6286094, -0.1421038, 2.940379;0.3790351, 0.03315181, 2.96433;0.5848645, 0.04342582, 2.726112;0.3653045, -0.5457917, 2.959516;0.6923486, -0.5567628, 2.589;0.658537, -0.1996747, 2.969451;0.6497875, -0.2587714, 3.037158;0.7240274, -0.2479691, 2.948137;0.4246386, -0.5643289, 2.97285;0.6653392, -0.5157264, 2.666913;0.5238396, -0.834691, 3.023907;0.7487475, -0.7738512, 2.753966;0.5443043, -0.7684717, 2.994199;0.7311093, -0.8465226, 2.744264;
0.4123856, 0.3467582, 2.828701;0.4821898, 0.1668336, 2.81903;0.6269854, -0.1285618, 2.942786;0.3825314, 0.04884345, 2.964781;0.585761, 0.07660296, 2.733691;0.3627412, -0.5526595, 2.949794;0.696191, -0.4949915, 2.611727;0.6564708, -0.187514, 2.971047;0.6465389, -0.2453257, 3.036198;0.7202827, -0.2348267, 2.949307;0.4307755, -0.5564396, 2.970266;0.6712038, -0.5125884, 2.677545;0.5240458, -0.8280828, 3.022333;0.7495204, -0.7718251, 2.75432;0.5615435, -0.7900802, 2.969241;0.7317745, -0.8441566, 2.743263;
0.4202785, 0.3764223, 2.839646;0.4890329, 0.2077024, 2.83108;0.6070231, -0.1038418, 2.955437;0.38396, 0.07569028, 2.96542;0.5859543, 0.09005217, 2.735574;0.3650855, -0.5044183, 2.936144;0.6942255, -0.4806669, 2.605861;0.629268, -0.1638444, 2.984797;0.6066469, -0.2139731, 3.048013;0.6877286, -0.2172205, 2.964524;0.4429617, -0.5517099, 2.9665;0.6797677, -0.5002605, 2.695174;0.5288076, -0.8251176, 3.019111;0.7523158, -0.7718548, 2.755079;0.4610065, -0.8456978, 2.993974;0.7317048, -0.843178, 2.743222;
0.4243208, 0.3894927, 2.845862;0.490788, 0.2211985, 2.835673;0.6047136, -0.09552519, 2.956846;0.3870277, 0.09640607, 2.967264;0.5890467, 0.1103475, 2.740102;0.3655881, -0.4870763, 2.941293;0.6968131, -0.4583883, 2.604924;0.6271822, -0.1580319, 2.985229;0.6056361, -0.2094194, 3.047494;0.6858191, -0.2137015, 2.964314;0.4470109, -0.5480514, 2.96346;0.6794152, -0.4960297, 2.695463;0.5247958, -0.8235459, 3.015569;0.7540262, -0.7713864, 2.755349;0.489318, -0.8817304, 3.047083;0.732211, -0.8422416, 2.743481;
0.4257075, 0.4309493, 2.859868;0.4977326, 0.2647336, 2.843702;0.6071452, -0.07208335, 2.959074;0.3891443, 0.1221451, 2.969882;0.5935625, 0.1360898, 2.747381;0.3616062, -0.4644102, 2.944793;0.6970127, -0.4151843, 2.598311;0.6291003, -0.1388853, 2.986122;0.6078643, -0.1920543, 3.04546;0.6870528, -0.1957447, 2.964729;0.4553773, -0.5335767, 2.966717;0.6807915, -0.4847146, 2.704759;0.5254672, -0.812083, 3.013964;0.754615, -0.7695913, 2.756052;0.508646, -0.8845216, 3.023654;0.7329434, -0.8402676, 2.743426;
0.4383886, 0.4566523, 2.865907;0.5066596, 0.2898435, 2.853297;0.6081215, -0.05021284, 2.961853;0.3893212, 0.1535844, 2.975691;0.5936583, 0.1559439, 2.751218;0.3658826, -0.4417315, 2.947585;0.6995656, -0.4061284, 2.601374;0.6286596, -0.1180161, 2.987348;0.6076187, -0.1728079, 3.04555;0.6848078, -0.1793503, 2.964245;0.4648316, -0.5181413, 2.970073;0.6835981, -0.4758368, 2.714698;0.5319374, -0.7973768, 3.016011;0.756319, -0.7693233, 2.756214;0.5087036, -0.8686026, 3.015685;0.7337037, -0.8395126, 2.742984;
0.441499, 0.479921, 2.872272;0.5116932, 0.3146072, 2.860736;0.6124596, -0.02688513, 2.964847;0.3960306, 0.1765622, 2.983049;0.5961103, 0.1781011, 2.754892;0.3650519, -0.4138354, 2.939611;0.7016782, -0.3927028, 2.603962;0.6326764, -0.09522523, 2.98923;0.612148, -0.1585626, 3.045094;0.6872169, -0.1468407, 2.967048;0.4710792, -0.5041486, 2.972342;0.6834451, -0.4539317, 2.732974;0.533505, -0.7848865, 3.015428;0.7565969, -0.7693037, 2.756271;0.513908, -0.8570658, 3.01804;0.7338756, -0.8393483, 2.742921;
0.4485705, 0.5043901, 2.885427;0.5159612, 0.3367407, 2.862954;0.6180772, -0.0064458, 2.967699;0.399659, 0.1956798, 2.986231;0.5959501, 0.2127723, 2.767492;0.3628878, -0.391611, 2.939058;0.7011014, -0.3342864, 2.610672;0.6385176, -0.07507201, 2.992104;0.6193809, -0.1390814, 3.045756;0.6919545, -0.1248892, 2.971245;0.4811936, -0.4855039, 2.976217;0.685004, -0.4490485, 2.740978;0.5473697, -0.7519606, 3.021016;0.7569364, -0.7690778, 2.756539;0.5223012, -0.8300898, 3.017789;0.7341297, -0.8390195, 2.743254;
0.4525891, 0.5307807, 2.889652;0.5220973, 0.3649434, 2.870677;0.6143462, 0.005967619, 2.964925;0.4079885, 0.2367253, 2.995532;0.600333, 0.225906, 2.769629;0.3587697, -0.3741965, 2.940432;0.6992043, -0.3322508, 2.607959;0.6332781, -0.06407595, 2.987771;0.6108614, -0.1198459, 3.039645;0.6858783, -0.1198484, 2.964867;0.4866158, -0.4717723, 2.978166;0.6851603, -0.4387143, 2.746649;0.5474566, -0.7514364, 3.021015;0.7576171, -0.7694843, 2.756807;0.522043, -0.8300799, 3.017311;0.7340782, -0.8390637, 2.743348;
0.4809548, 0.5617689, 2.911345;0.5291952, 0.3877775, 2.880578;0.6088564, 0.03547484, 2.961992;0.4098483, 0.2411007, 2.999762;0.6101251, 0.2525149, 2.772166;0.3673279, -0.3376627, 2.937637;0.6975003, -0.3116418, 2.615744;0.6245615, -0.03419742, 2.981494;0.6001192, -0.09955682, 3.034319;0.6772014, -0.09020295, 2.953703;0.4946007, -0.4575857, 2.979118;0.686157, -0.4365357, 2.75099;0.549457, -0.751138, 3.023144;0.7577495, -0.7694454, 2.756912;0.5238699, -0.8296867, 3.020154;0.7341771, -0.8388774, 2.743202;
0.4938298, 0.5818214, 2.917111;0.5373991, 0.407138, 2.889107;0.6078666, 0.04644752, 2.961655;0.4150316, 0.2659897, 3.003961;0.6129433, 0.2678093, 2.776208;0.3669957, -0.3234451, 2.940644;0.6938118, -0.2778277, 2.62471;0.6224519, -0.02462232, 2.980067;0.5956444, -0.08707675, 3.030761;0.6739193, -0.08076961, 2.951518;0.4986109, -0.4516881, 2.97845;0.6897519, -0.4317319, 2.755831;0.5499602, -0.7512984, 3.023428;0.7572594, -0.7695831, 2.757095;0.5237454, -0.8297646, 3.020064;0.7340884, -0.8390384, 2.743239;
0.4932313, 0.6085124, 2.918842;0.5502885, 0.4381153, 2.897012;0.6077152, 0.06757798, 2.958438;0.4185765, 0.2834699, 3.008999;0.6215194, 0.3009385, 2.780264;0.3679532, -0.2959602, 2.938914;0.6905108, -0.2708416, 2.626799;0.6200023, -0.005496752, 2.974817;0.5887439, -0.06774531, 3.022703;0.6712165, -0.06086448, 2.944671;0.5007699, -0.4477472, 2.977865;0.6916146, -0.4260937, 2.76019;0.5511976, -0.7509242, 3.023714;0.7574706, -0.7694776, 2.757127;0.5237461, -0.8296787, 3.020007;0.7339106, -0.8387331, 2.743308;
0.5108981, 0.6253201, 2.933851;0.5535473, 0.4498468, 2.904259;0.604108, 0.085555, 2.953702;0.4208536, 0.2984686, 3.011465;0.6244436, 0.3125547, 2.785596;0.3697757, -0.2876326, 2.942222;0.6861132, -0.2535073, 2.626873;0.6139437, 0.01431458, 2.966362;0.5758482, -0.05066064, 3.017273;0.6690051, -0.04180577, 2.92736;0.5027076, -0.4445787, 2.978193;0.6931924, -0.4226203, 2.764255;0.5509195, -0.74977, 3.023432;0.7576011, -0.7693971, 2.757261;0.5245005, -0.8262119, 3.018749;0.734156, -0.8385949, 2.743387;
0.5081598, 0.6545765, 2.932449;0.5641967, 0.4847218, 2.920023;0.6029548, 0.1052311, 2.951351;0.4230423, 0.3306583, 3.015003;0.6306322, 0.3302746, 2.791746;0.3671684, -0.2588039, 2.945159;0.6797936, -0.2360092, 2.626688;0.6114188, 0.03074124, 2.962034;0.5706761, -0.0368709, 3.012475;0.6669338, -0.02777637, 2.920965;0.5051797, -0.4401194, 2.978863;0.6971956, -0.4187699, 2.768963;0.5510229, -0.7494028, 3.023602;0.7579812, -0.7693086, 2.75784;0.5245177, -0.8262595, 3.01871;0.7345905, -0.8381852, 2.742722;
0.5517207, 0.684045, 2.97755;0.5755082, 0.5044832, 2.926599;0.6023459, 0.1242412, 2.948019;0.4319502, 0.3566238, 3.020129;0.6392008, 0.3593832, 2.798575;0.3710062, -0.2460819, 2.955079;0.673426, -0.2270249, 2.629648;0.6081668, 0.04932367, 2.95615;0.5647621, -0.01767987, 3.005299;0.6613116, -0.01039088, 2.911692;0.5075157, -0.4314268, 2.978671;0.6991249, -0.4129302, 2.771221;0.5508602, -0.7491488, 3.023792;0.7579668, -0.7690159, 2.757693;0.5249567, -0.8257645, 3.019135;0.7344978, -0.8382609, 2.742683;
0.5580119, 0.6945449, 2.980295;0.5802838, 0.5143414, 2.935274;0.6020198, 0.1373573, 2.949245;0.4337479, 0.3656142, 3.02336;0.644349, 0.3689497, 2.801361;0.3571998, -0.217463, 2.947103;0.6753137, -0.2005005, 2.64029;0.6065964, 0.06273171, 2.955702;0.5620803, -0.006911342, 3.004749;0.6596184, -0.001415112, 2.909192;0.5100762, -0.4246638, 2.978968;0.6991794, -0.4117537, 2.772212;0.552453, -0.7517295, 3.024423;0.7579351, -0.7687502, 2.757969;0.5246198, -0.826737, 3.017711;0.7341422, -0.8385018, 2.742641;
0.5669476, 0.7140496, 2.985679;0.589663, 0.5336256, 2.945107;0.6035147, 0.16273, 2.947712;0.4364097, 0.380857, 3.028774;0.6553117, 0.3865944, 2.806928;0.3552916, -0.2109766, 2.942698;0.6719084, -0.1879936, 2.643664;0.6062679, 0.08938188, 2.951511;0.5617013, 0.01677643, 2.996287;0.6559812, 0.02369381, 2.904727;0.5113547, -0.4214811, 2.97877;0.7003898, -0.4083673, 2.774372;0.5532902, -0.7523509, 3.024244;0.7588401, -0.7687075, 2.759848;0.5248848, -0.8281226, 3.017593;0.7339854, -0.8393391, 2.743728;
0.5796255, 0.7267839, 2.992963;0.5940746, 0.5458813, 2.948522;0.6112878, 0.165056, 2.9555;0.4396772, 0.3958089, 3.035272;0.660273, 0.407317, 2.816316;0.3612399, -0.1976491, 2.954737;0.6682349, -0.1800127, 2.645237;0.6057184, 0.09062023, 2.951006;0.5598537, 0.0200199, 2.993753;0.6549963, 0.02645217, 2.904622;0.5158692, -0.4154208, 2.980188;0.7002809, -0.3998632, 2.778;0.5536293, -0.7504839, 3.024055;0.7587278, -0.7682451, 2.759951;0.524942, -0.8280806, 3.017544;0.7340308, -0.8393769, 2.743834;
0.5797971, 0.7336853, 2.992723;0.5990654, 0.5530107, 2.954314;0.6109856, 0.1782579, 2.956156;0.4423284, 0.4017268, 3.039827;0.6630049, 0.4141714, 2.819931;0.3604458, -0.1886984, 2.953851;0.6687607, -0.167154, 2.65057;0.6031697, 0.1047172, 2.949623;0.5559233, 0.03229505, 2.991972;0.6513789, 0.04137268, 2.901128;0.5204878, -0.4103884, 2.982311;0.6993359, -0.3986919, 2.780189;0.5541575, -0.7496694, 3.02396;0.7582101, -0.7687001, 2.759985;0.5251607, -0.8278079, 3.01728;0.7341185, -0.839476, 2.743909;
0.5900166, 0.74554, 3.007045;0.6081471, 0.5645521, 2.961728;0.612036, 0.1803682, 2.956883;0.446519, 0.409463, 3.040772;0.6670903, 0.4227555, 2.823354;0.3584673, -0.1740138, 2.956892;0.6676574, -0.1600529, 2.652247;0.6025862, 0.1063559, 2.948745;0.5541756, 0.03441478, 2.990231;0.6502795, 0.04398069, 2.899484;0.5210174, -0.4096698, 2.982536;0.6977358, -0.3938347, 2.782432;0.5541877, -0.7486298, 3.022817;0.7582651, -0.7686959, 2.76004;0.5251709, -0.8278224, 3.017182;0.7340147, -0.8396813, 2.744311;
0.5897918, 0.7523481, 3.006807;0.6117854, 0.5715489, 2.968336;0.6112403, 0.1896468, 2.958705;0.4560868, 0.4267029, 3.042589;0.6731866, 0.4307848, 2.827755;0.3519333, -0.1933142, 2.952938;0.6683983, -0.1504525, 2.653954;0.5984344, 0.1161037, 2.947337;0.5484701, 0.04468676, 2.987566;0.6441682, 0.05412992, 2.896427;0.523302, -0.4071512, 2.982612;0.6963575, -0.3926293, 2.783389;0.5580775, -0.7453123, 3.022626;0.7578508, -0.7662767, 2.760864;0.5251917, -0.8277118, 3.017202;0.7340872, -0.8398564, 2.744125;
0.5906869, 0.7605711, 3.00882;0.6202029, 0.5806718, 2.972768;0.6129377, 0.1940472, 2.960227;0.458676, 0.4320516, 3.044806;0.6787785, 0.4390261, 2.833389;0.3555941, -0.1620627, 2.954289;0.6673832, -0.1456393, 2.655425;0.5974789, 0.1202295, 2.946247;0.5461753, 0.04938842, 2.985839;0.642766, 0.05739336, 2.894917;0.5243269, -0.4065282, 2.982632;0.6958526, -0.3907992, 2.784235;0.5601143, -0.7517138, 3.022851;0.7573831, -0.7665409, 2.761113;0.5239766, -0.8295518, 3.014904;0.7344466, -0.8394526, 2.743639;
0.6044713, 0.7657651, 3.021155;0.6241123, 0.5843185, 2.973805;0.6139582, 0.2000836, 2.960352;0.4603457, 0.436964, 3.046073;0.6845447, 0.4429074, 2.834912;0.3555089, -0.1529979, 2.953631;0.6670101, -0.1390027, 2.655229;0.5952798, 0.1273686, 2.943258;0.5417153, 0.05597157, 2.982013;0.6402679, 0.06309146, 2.891248;0.5262256, -0.4033973, 2.981986;0.6949544, -0.3898854, 2.784226;0.5606199, -0.7510822, 3.023134;0.757394, -0.7665695, 2.761879;0.5250878, -0.826521, 3.015575;0.7354726, -0.8398061, 2.745638;
0.6051218, 0.7673353, 3.020827;0.626307, 0.5857705, 2.975862;0.615457, 0.2045607, 2.96157;0.4613996, 0.4385031, 3.046019;0.6928315, 0.44811, 2.837487;0.350312, -0.1705104, 2.956429;0.6680607, -0.1355683, 2.657827;0.5944967, 0.1331966, 2.941183;0.5390843, 0.06067315, 2.979642;0.640025, 0.06778227, 2.887821;0.5277248, -0.401479, 2.982863;0.6947091, -0.3896949, 2.784696;0.560771, -0.7503889, 3.023186;0.7581224, -0.7647899, 2.763042;0.5253159, -0.8268389, 3.016463;0.7355117, -0.8394018, 2.745055;
0.6050539, 0.7688763, 3.019878;0.6302878, 0.5875697, 2.979078;0.6166434, 0.2067593, 2.962728;0.4628278, 0.4413794, 3.047025;0.6952827, 0.4509624, 2.839653;0.3495385, -0.1695092, 2.957408;0.6687236, -0.1330336, 2.65828;0.5930133, 0.1365834, 2.93938;0.5362072, 0.06352715, 2.977608;0.6378441, 0.07132791, 2.883968;0.5286548, -0.400656, 2.982844;0.6944718, -0.3894717, 2.785044;0.56094, -0.7502264, 3.023467;0.758302, -0.7620606, 2.764394;0.5253706, -0.8268185, 3.016425;0.7360124, -0.8393342, 2.745411;
0.6074722, 0.7734399, 3.020804;0.6349871, 0.5922694, 2.98266;0.6172243, 0.2105649, 2.963158;0.4645664, 0.4446974, 3.048166;0.6996932, 0.4559962, 2.842057;0.3539325, -0.1692278, 2.959869;0.6708516, -0.131002, 2.658762;0.5910518, 0.1412842, 2.936907;0.532438, 0.06762342, 2.974315;0.6354343, 0.07629275, 2.880134;0.5312901, -0.3990988, 2.983887;0.6939247, -0.3888155, 2.785626;0.5610601, -0.749832, 3.02387;0.7580977, -0.7614477, 2.764258;0.5257641, -0.8269385, 3.01746;0.7360086, -0.8393258, 2.745394;
0.6089353, 0.7754742, 3.020676;0.6392378, 0.594594, 2.985206;0.6178117, 0.2119415, 2.962787;0.4674281, 0.4472052, 3.049674;0.701231, 0.4572249, 2.842812;0.3569089, -0.1602432, 2.961857;0.671937, -0.12965, 2.658622;0.588876, 0.1437722, 2.933747;0.5282671, 0.0708457, 2.970138;0.6323406, 0.07914309, 2.874987;0.5341876, -0.3980956, 2.984333;0.6943539, -0.388532, 2.786975;0.5618494, -0.7496708, 3.024833;0.7580185, -0.7607875, 2.764183;0.526162, -0.8272318, 3.018149;0.7359967, -0.839336, 2.74539;
0.6124843, 0.7816637, 3.024421;0.6471757, 0.6013687, 2.989524;0.6175573, 0.2145116, 2.961214;0.4710324, 0.4499847, 3.051046;0.7042162, 0.4613332, 2.847932;0.3615626, -0.1595432, 2.96202;0.6745125, -0.1223944, 2.659601;0.5858644, 0.1474296, 2.929082;0.5235649, 0.0756804, 2.963367;0.6277453, 0.08400568, 2.869272;0.5354854, -0.3979379, 2.984987;0.6955608, -0.3872912, 2.788689;0.5626471, -0.7485747, 3.02555;0.7578704, -0.7600038, 2.764208;0.5277623, -0.8280645, 3.020274;0.7364816, -0.8398221, 2.746047;
0.6142867, 0.7828754, 3.02448;0.6491941, 0.6024307, 2.990442;0.6173825, 0.2161278, 2.961037;0.4761391, 0.4544862, 3.051209;0.7084665, 0.4641243, 2.849976;0.3618157, -0.1597638, 2.961513;0.6802896, -0.105841, 2.661563;0.5837021, 0.1497939, 2.92697;0.5207922, 0.0775082, 2.962051;0.6248767, 0.08575517, 2.865635;0.5379615, -0.3982503, 2.986567;0.6968318, -0.3836843, 2.79106;0.5650313, -0.7496122, 3.02759;0.7585077, -0.7583295, 2.764834;0.5272411, -0.8290163, 3.018807;0.7364599, -0.8398047, 2.746065;
0.615907, 0.7836683, 3.02454;0.652227, 0.6034523, 2.993814;0.6178172, 0.2160553, 2.96134;0.4783894, 0.4561298, 3.053364;0.7095985, 0.4641401, 2.851264;0.3645263, -0.1599388, 2.962843;0.6810257, -0.1049233, 2.661901;0.582293, 0.1505159, 2.925484;0.5189813, 0.07843018, 2.959542;0.6226208, 0.08679509, 2.863976;0.5390383, -0.3975194, 2.987576;0.6977441, -0.3843254, 2.792482;0.5660375, -0.7482364, 3.028572;0.7591748, -0.7571107, 2.765259;0.5274729, -0.8284117, 3.018315;0.7364114, -0.8395411, 2.745959;
0.6207505, 0.7866334, 3.031787;0.6543907, 0.6054735, 2.996697;0.6178949, 0.2168565, 2.961322;0.4814269, 0.4579514, 3.056102;0.7109456, 0.4650901, 2.852534;0.3654927, -0.1605596, 2.963717;0.681976, -0.1042216, 2.662006;0.58063, 0.1519496, 2.924004;0.5170587, 0.07996865, 2.95792;0.6201972, 0.08847363, 2.861712;0.5393388, -0.3976087, 2.987806;0.6984816, -0.3841396, 2.793748;0.5663792, -0.7492793, 3.028499;0.7597768, -0.7568338, 2.765128;0.5268352, -0.8297607, 3.01771;0.7360418, -0.8398237, 2.746257;
0.6211386, 0.7870132, 3.033182;0.6561896, 0.6059296, 2.998572;0.6182145, 0.2167684, 2.961693;0.4833962, 0.4584888, 3.056821;0.7118012, 0.4652179, 2.853432;0.3662816, -0.1633074, 2.965821;0.6838348, -0.1003316, 2.662843;0.5795479, 0.1524503, 2.923038;0.5161847, 0.08008806, 2.957216;0.6177766, 0.0889736, 2.859464;0.5396283, -0.3974314, 2.98758;0.6992796, -0.3843721, 2.794194;0.5667161, -0.7485349, 3.02897;0.7600572, -0.7559777, 2.764979;0.5265754, -0.8299609, 3.018073;0.736335, -0.8396817, 2.745981;
0.6283759, 0.7880903, 3.039315;0.6578501, 0.6057773, 3.003972;0.6175849, 0.2166184, 2.962438;0.4847865, 0.4581555, 3.057884;0.715551, 0.4658036, 2.855213;0.3671409, -0.1640592, 2.965332;0.6842149, -0.1005377, 2.663172;0.5776591, 0.1532766, 2.922218;0.5128913, 0.08039811, 2.956528;0.6154234, 0.08918896, 2.856654;0.5395426, -0.397583, 2.98744;0.6992179, -0.3840408, 2.794466;0.5669158, -0.750652, 3.029642;0.7600605, -0.7557136, 2.764977;0.5263215, -0.8303811, 3.018343;0.7358642, -0.8397705, 2.746502;
0.6364335, 0.7902089, 3.042934;0.6608628, 0.6069674, 3.008409;0.61769, 0.2159234, 2.96309;0.4876496, 0.4557573, 3.05605;0.717549, 0.4665394, 2.856999;0.3677487, -0.1651276, 2.962413;0.6850626, -0.09988277, 2.663229;0.5766544, 0.1531378, 2.921528;0.5113291, 0.08052965, 2.955119;0.6144978, 0.08930148, 2.856059;0.5392636, -0.3963331, 2.985819;0.6991918, -0.3839439, 2.794527;0.5674182, -0.7486156, 3.029739;0.7599509, -0.7557265, 2.764997;0.5269189, -0.8300831, 3.01902;0.7365772, -0.8393456, 2.747013;
0.636928, 0.7910052, 3.046377;0.661954, 0.6075701, 3.009882;0.6175826, 0.2157619, 2.963637;0.48891, 0.4554238, 3.056031;0.719265, 0.4670682, 2.858233;0.3783317, -0.1321176, 2.964531;0.6851608, -0.1002633, 2.663157;0.5756165, 0.1533621, 2.92094;0.5098808, 0.08106969, 2.954182;0.6133937, 0.08950399, 2.855398;0.5391998, -0.3958854, 2.985414;0.6983477, -0.383862, 2.794573;0.5672029, -0.7482284, 3.029769;0.7600387, -0.7551413, 2.765011;0.527981, -0.8259324, 3.019624;0.7365121, -0.8394172, 2.746945;
0.6347989, 0.7906153, 3.047828;0.6618953, 0.6072433, 3.010206;0.6170252, 0.2150358, 2.963788;0.488672, 0.4538192, 3.056685;0.7191108, 0.4665422, 2.859156;0.3797099, -0.1390148, 2.967573;0.6830418, -0.1063632, 2.661517;0.5741516, 0.1527581, 2.920127;0.5082291, 0.08049677, 2.9529;0.6123037, 0.08935363, 2.854993;0.5392145, -0.3960659, 2.985101;0.6976493, -0.3836524, 2.794616;0.5673919, -0.7482713, 3.030051;0.7597618, -0.7548984, 2.765351;0.528232, -0.8269287, 3.021481;0.7365035, -0.8399488, 2.747422;
0.6343992, 0.7905959, 3.049593;0.6634771, 0.6073011, 3.01098;0.6171672, 0.2146831, 2.964114;0.489605, 0.4533864, 3.056197;0.7195471, 0.4666102, 2.859627;0.375257, -0.1706696, 2.968729;0.6830682, -0.1055193, 2.661507;0.5734858, 0.1527576, 2.919623;0.507349, 0.08071098, 2.95208;0.611389, 0.08965941, 2.854584;0.5389034, -0.3953983, 2.984269;0.6962126, -0.3825758, 2.794739;0.5665222, -0.7468179, 3.029682;0.75976, -0.754898, 2.765419;0.5281333, -0.8273019, 3.021362;0.7367249, -0.8406605, 2.749855;
0.6377716, 0.7911969, 3.056719;0.6649953, 0.6074409, 3.011059;0.6172626, 0.2144564, 2.964454;0.4902934, 0.4532725, 3.056775;0.720813, 0.466718, 2.860678;0.3755621, -0.1709201, 2.969607;0.682167, -0.1079995, 2.660464;0.5729398, 0.152828, 2.919285;0.5064237, 0.08100566, 2.951448;0.610752, 0.08982494, 2.85446;0.5388961, -0.3954377, 2.984288;0.6953331, -0.3824295, 2.794836;0.5660745, -0.7467101, 3.029627;0.7598364, -0.7547479, 2.765546;0.5279772, -0.827094, 3.020809;0.7074683, -0.7871907, 2.704212;
0.6350783, 0.7907307, 3.056187;0.6660086, 0.6073488, 3.01125;0.6173937, 0.2135624, 2.964853;0.4908731, 0.4531675, 3.056813;0.7208681, 0.4667414, 2.861303;0.3751086, -0.172142, 2.969355;0.6822497, -0.1068156, 2.662192;0.5723735, 0.151668, 2.919162;0.5058729, 0.0794166, 2.951882;0.6094483, 0.08796929, 2.853696;0.5386832, -0.3953369, 2.983884;0.6950989, -0.3826591, 2.7948;0.5655966, -0.7467213, 3.029581;0.759752, -0.7547008, 2.765893;0.5278615, -0.8271638, 3.020869;0.7073811, -0.78716, 2.704539;
0.6334749, 0.7894426, 3.054734;0.6660555, 0.6061382, 3.010447;0.6173239, 0.2133405, 2.965108;0.4918438, 0.4528771, 3.056706;0.7210179, 0.4665005, 2.861767;0.3821434, -0.1319282, 2.969824;0.6823503, -0.105988, 2.662153;0.5718784, 0.151724, 2.919088;0.5055518, 0.07945371, 2.951989;0.6086336, 0.0881584, 2.853583;0.5385507, -0.3953235, 2.983813;0.6930393, -0.3818892, 2.794581;0.5653099, -0.7464228, 3.029152;0.7596616, -0.7547005, 2.766058;0.527772, -0.8274076, 3.02116;0.7379274, -0.8409649, 2.750963;
0.6327197, 0.7888884, 3.052979;0.6665821, 0.6055995, 3.010739;0.6172862, 0.2130782, 2.965705;0.4920639, 0.4529268, 3.058647;0.7222221, 0.4660951, 2.862479;0.3812656, -0.1316559, 2.969283;0.6810625, -0.1101146, 2.663444;0.5712969, 0.1517439, 2.919421;0.5040015, 0.07937806, 2.953052;0.6080796, 0.08775774, 2.853605;0.5385298, -0.3953044, 2.983977;0.6913539, -0.3813745, 2.794976;0.5652569, -0.7465108, 3.029245;0.7597036, -0.7547213, 2.766304;0.5276349, -0.8278853, 3.022014;0.7376964, -0.8409361, 2.750447;
0.6326174, 0.7888392, 3.05268;0.6669122, 0.6054305, 3.01121;0.6174491, 0.212952, 2.966066;0.4922236, 0.4525277, 3.060179;0.7219954, 0.4661081, 2.863735;0.3802826, -0.1308485, 2.968518;0.6809702, -0.1096455, 2.664057;0.5710265, 0.1518703, 2.91949;0.5036914, 0.07929784, 2.953331;0.6075862, 0.08794166, 2.853284;0.5385671, -0.3956693, 2.98407;0.6903656, -0.3805831, 2.794736;0.5648695, -0.7482679, 3.029476;0.759417, -0.75488, 2.766765;0.5276312, -0.8290926, 3.021708;0.7376626, -0.8410059, 2.750083;
0.6321998, 0.7888156, 3.05296;0.6668385, 0.6052713, 3.011412;0.6176165, 0.212792, 2.966619;0.4931479, 0.4525324, 3.060847;0.7219808, 0.4659786, 2.864053;0.3718645, -0.1710547, 2.96807;0.6807068, -0.108975, 2.664671;0.5708457, 0.1518498, 2.919851;0.5038106, 0.07929867, 2.953582;0.6070073, 0.08808061, 2.854105;0.5386944, -0.396327, 2.984526;0.6891346, -0.3781053, 2.794118;0.5649265, -0.7491651, 3.029278;0.7594494, -0.7544465, 2.766417;0.527365, -0.8300325, 3.021845;0.7374219, -0.8394218, 2.746235;
0.6318052, 0.7883239, 3.052809;0.6675637, 0.6048039, 3.012819;0.617865, 0.2126867, 2.967281;0.4933252, 0.4526553, 3.064184;0.7222853, 0.4658142, 2.864674;0.3717176, -0.1713369, 2.968235;0.680362, -0.1074418, 2.665682;0.5705903, 0.1520613, 2.920414;0.5031589, 0.07917535, 2.955052;0.6068907, 0.08803685, 2.854094;0.5387609, -0.3964173, 2.984926;0.6889236, -0.3779297, 2.794648;0.565204, -0.7485445, 3.029547;0.7592961, -0.7539244, 2.766286;0.5273761, -0.8299906, 3.021878;0.7373833, -0.8393191, 2.746216;
0.6291473, 0.7880264, 3.052068;0.6678085, 0.6049195, 3.013619;0.6180154, 0.2122753, 2.967802;0.4943708, 0.453062, 3.064902;0.7224265, 0.4657539, 2.865094;0.3704109, -0.1722856, 2.972372;0.6792928, -0.1090409, 2.666168;0.570406, 0.1516897, 2.920735;0.5031524, 0.07913192, 2.955158;0.6067209, 0.08776829, 2.854487;0.5387281, -0.3962919, 2.984972;0.6888591, -0.3779432, 2.794713;0.5650432, -0.7484313, 3.029808;0.7591835, -0.7539939, 2.766577;0.5274713, -0.8300973, 3.022061;0.7373385, -0.8396897, 2.746753;
0.6294842, 0.7877011, 3.052534;0.667229, 0.604223, 3.014754;0.6182549, 0.2120291, 2.968253;0.4950655, 0.4527313